678 -33.0531 -71.6246
930 -33.0536 -71.6245
253 -33.0536 -71.6245
327 -33.053 -71.6247
315 -33.0529 -71.6246
38 -33.0528 -71.6246
226 -33.0527 -71.6245
266 -33.0536 -71.6245
880 -33.0541 -71.6242
177 -33.0538 -71.6241
487 -33.0535 -71.6239
260 -33.0533 -71.6239
796 -33.0526 -71.6245
5 -33.0526 -71.6245
647 -33.0526 -71.6245
115 -33.0525 -71.6245
217 -33.0519 -71.6247
479 -33.0519 -71.6247
497 -33.0525 -71.6245
109 -33.0518 -71.6249
101 -33.0514 -71.6253
829 -33.0514 -71.6252
883 -33.0518 -71.6251
142 -33.0525 -71.6245
85 -33.0524 -71.6245
66 -33.0523 -71.6244
550 -33.0523 -71.6244
176 -33.0522 -71.6244
961 -33.052 -71.6244
940 -33.0521 -71.6243
697 -33.0517 -71.6243
500 -33.053 -71.6237
377 -33.0539 -71.6225
210 -33.0539 -71.6225
179 -33.0534 -71.6223
703 -33.0528 -71.6237
890 -33.0527 -71.6236
355 -33.0522 -71.62
456 -33.0522 -71.6199
919 -33.0521 -71.6198
646 -33.0532 -71.6188
57 -33.053 -71.6187
869 -33.0535 -71.6187
668 -33.053 -71.6187
413 -33.0526 -71.6187
765 -33.0525 -71.6186
189 -33.0523 -71.6186
313 -33.0521 -71.6234
53 -33.052 -71.6234
341 -33.0521 -71.62
761 -33.052 -71.6199
838 -33.0519 -71.6199
399 -33.0515 -71.6212
116 -33.0514 -71.6212
547 -33.0515 -71.6201
973 -33.0519 -71.6199
216 -33.0519 -71.6196
587 -33.0518 -71.6195
373 -33.0518 -71.6194
775 -33.0517 -71.6199
713 -33.0517 -71.6199
69 -33.0515 -71.6192
542 -33.0514 -71.619
598 -33.0511 -71.6254
786 -33.0513 -71.6251
979 -33.0509 -71.6243
589 -33.0507 -71.6243
92 -33.0507 -71.6251
987 -33.0507 -71.6251
633 -33.0504 -71.6243
34 -33.0505 -71.624
493 -33.0506 -71.6238
732 -33.0509 -71.6235
716 -33.0507 -71.6226
694 -33.0506 -71.6225
935 -33.0506 -71.6239
799 -33.0505 -71.6223
440 -33.0504 -71.6219
283 -33.0504 -71.622
25 -33.0503 -71.6242
447 -33.0503 -71.6242
901 -33.0504 -71.6222
710 -33.0501 -71.6242
849 -33.0493 -71.6253
629 -33.0495 -71.6253
409 -33.0501 -71.6252
999 -33.0493 -71.6221
597 -33.0493 -71.6213
144 -33.0493 -71.6212
111 -33.0493 -71.6212
852 -33.0493 -71.6211
859 -33.0493 -71.622
412 -33.0493 -71.6216
163 -33.0493 -71.6211
17 -33.0494 -71.6208
432 -33.0501 -71.6204
302 -33.0501 -71.6204
637 -33.0498 -71.6201
687 -33.0496 -71.62
831 -33.0496 -71.62
448 -33.0496 -71.62
680 -33.0496 -71.6198
234 -33.0496 -71.6198
301 -33.0513 -71.619
881 -33.0511 -71.6186
376 -33.0512 -71.6186
816 -33.0511 -71.6186
844 -33.0496 -71.6187
760 -33.05 -71.6187
134 -33.051 -71.6186
434 -33.0496 -71.6187
340 -33.0495 -71.6201
323 -33.0495 -71.6196
956 -33.0495 -71.6196
262 -33.0495 -71.6201
250 -33.0494 -71.6208
632 -33.0494 -71.6207
77 -33.0493 -71.6203
166 -33.0495 -71.6195
401 -33.0494 -71.6194
425 -33.0494 -71.6191
198 -33.0495 -71.6188
74 -33.0494 -71.6189
891 -33.0494 -71.6188
76 -33.0494 -71.6187
963 -33.0523 -71.6186
367 -33.0523 -71.6186
774 -33.0538 -71.6184
560 -33.0539 -71.6184
582 -33.0522 -71.6185
978 -33.0521 -71.6185
407 -33.0519 -71.6185
537 -33.0518 -71.6184
408 -33.0516 -71.6184
475 -33.054 -71.6173
842 -33.0529 -71.6159
464 -33.0524 -71.6157
640 -33.0524 -71.6157
60 -33.0521 -71.6157
879 -33.0521 -71.6157
818 -33.0521 -71.6156
370 -33.0515 -71.6184
255 -33.0514 -71.6184
743 -33.0515 -71.6165
389 -33.0515 -71.6164
549 -33.0512 -71.6184
42 -33.0505 -71.6184
361 -33.0504 -71.6184
279 -33.0504 -71.6158
602 -33.0503 -71.6158
955 -33.0504 -71.6158
726 -33.0505 -71.6157
18 -33.0514 -71.6157
123 -33.0504 -71.6158
107 -33.0502 -71.6158
520 -33.0502 -71.6158
693 -33.0502 -71.6158
950 -33.0524 -71.6156
118 -33.054 -71.6156
945 -33.0539 -71.6156
872 -33.0539 -71.6156
976 -33.0538 -71.6156
608 -33.0524 -71.6156
482 -33.0538 -71.6156
991 -33.0537 -71.6156
297 -33.0531 -71.6155
561 -33.0529 -71.6154
948 -33.054 -71.6145
994 -33.053 -71.6139
483 -33.0527 -71.6152
531 -33.0526 -71.6152
501 -33.0526 -71.6151
124 -33.0525 -71.6151
20 -33.0523 -71.6156
286 -33.052 -71.6156
356 -33.0518 -71.6153
931 -33.0519 -71.6151
822 -33.051 -71.6156
450 -33.0509 -71.6156
476 -33.0506 -71.6155
251 -33.0505 -71.6155
943 -33.0519 -71.615
936 -33.0519 -71.615
578 -33.0519 -71.6136
507 -33.0519 -71.6135
299 -33.0516 -71.6139
268 -33.0513 -71.6144
792 -33.0516 -71.614
269 -33.0501 -71.6157
698 -33.05 -71.6178
754 -33.05 -71.6178
455 -33.0499 -71.6178
809 -33.0495 -71.6177
804 -33.0494 -71.6185
86 -33.0494 -71.6185
656 -33.049 -71.618
803 -33.0493 -71.6176
290 -33.0493 -71.6165
819 -33.0494 -71.6165
488 -33.0494 -71.6165
352 -33.0491 -71.6163
841 -33.049 -71.6167
95 -33.0491 -71.6165
684 -33.0491 -71.6164
246 -33.049 -71.6168
992 -33.0487 -71.6177
428 -33.0487 -71.6177
539 -33.0487 -71.6176
767 -33.0487 -71.6177
864 -33.0486 -71.618
180 -33.0486 -71.6179
812 -33.0487 -71.6178
164 -33.0487 -71.6176
379 -33.0488 -71.6174
524 -33.0489 -71.6171
730 -33.0489 -71.617
750 -33.0488 -71.6174
254 -33.0488 -71.6175
292 -33.0488 -71.6175
641 -33.0495 -71.6162
580 -33.0498 -71.6158
146 -33.0498 -71.6157
442 -33.0498 -71.6157
271 -33.0497 -71.6158
150 -33.0495 -71.6162
6 -33.0493 -71.6149
871 -33.0494 -71.6148
184 -33.0494 -71.6148
887 -33.0495 -71.6143
415 -33.0495 -71.6138
257 -33.0496 -71.6134
554 -33.0494 -71.6144
921 -33.0494 -71.6148
141 -33.0494 -71.6147
682 -33.0494 -71.6145
433 -33.0493 -71.6151
426 -33.0492 -71.616
570 -33.0492 -71.6159
953 -33.0492 -71.6157
443 -33.0492 -71.616
396 -33.0491 -71.6162
543 -33.0491 -71.6162
699 -33.0491 -71.6161
609 -33.0492 -71.6155
893 -33.0493 -71.6152
959 -33.0493 -71.6152
41 -33.0493 -71.6151
391 -33.0493 -71.6152
689 -33.0493 -71.6155
67 -33.0486 -71.6134
721 -33.0486 -71.618
889 -33.0474 -71.6225
983 -33.0474 -71.6222
453 -33.0474 -71.6221
318 -33.0474 -71.6221
263 -33.0473 -71.6219
130 -33.0473 -71.6219
897 -33.0473 -71.6219
529 -33.0473 -71.6218
206 -33.0486 -71.6217
213 -33.0482 -71.6214
612 -33.0473 -71.6209
900 -33.0473 -71.6217
36 -33.0472 -71.6217
586 -33.0472 -71.6213
191 -33.0472 -71.6213
394 -33.0472 -71.6216
383 -33.047 -71.6228
605 -33.0472 -71.6228
868 -33.0472 -71.6216
708 -33.0465 -71.6229
139 -33.0463 -71.6248
820 -33.0463 -71.6248
511 -33.0463 -71.6229
692 -33.0472 -71.6216
660 -33.0472 -71.6216
854 -33.0472 -71.6214
834 -33.0472 -71.6214
631 -33.0472 -71.6215
573 -33.0463 -71.6211
862 -33.0464 -71.621
941 -33.0464 -71.621
435 -33.0464 -71.6209
374 -33.0482 -71.6204
195 -33.0475 -71.6203
780 -33.0481 -71.6202
462 -33.0474 -71.6207
884 -33.0474 -71.6209
688 -33.0474 -71.6207
106 -33.0472 -71.6202
574 -33.0472 -71.6202
830 -33.0476 -71.62
337 -33.0478 -71.6199
701 -33.0478 -71.6198
496 -33.0476 -71.6201
850 -33.0471 -71.6202
0 -33.0476 -71.6201
13 -33.0469 -71.6201
572 -33.0469 -71.6201
314 -33.0465 -71.6206
855 -33.0465 -71.6206
541 -33.0465 -71.6204
778 -33.0465 -71.6204
436 -33.0465 -71.6204
712 -33.0465 -71.6203
84 -33.0464 -71.6203
519 -33.0466 -71.6203
273 -33.0468 -71.62
851 -33.0468 -71.6198
515 -33.0468 -71.6198
174 -33.0467 -71.62
218 -33.0466 -71.6203
904 -33.0467 -71.62
205 -33.0463 -71.6248
938 -33.0463 -71.6247
802 -33.0462 -71.6247
735 -33.0463 -71.6245
322 -33.0462 -71.6247
277 -33.0462 -71.6247
696 -33.0462 -71.6246
516 -33.0461 -71.6245
222 -33.046 -71.6244
360 -33.0459 -71.6242
755 -33.0459 -71.6232
55 -33.0459 -71.6232
718 -33.0459 -71.6243
484 -33.0458 -71.6236
939 -33.0458 -71.6235
9 -33.0459 -71.6234
911 -33.0458 -71.6237
80 -33.0457 -71.624
485 -33.0456 -71.624
764 -33.0457 -71.6238
982 -33.0443 -71.624
220 -33.044 -71.6242
784 -33.044 -71.6242
988 -33.0442 -71.6241
509 -33.0457 -71.6238
583 -33.0457 -71.6238
427 -33.0451 -71.6233
644 -33.0451 -71.6231
827 -33.045 -71.6233
88 -33.0447 -71.6238
643 -33.0449 -71.6236
722 -33.0461 -71.623
152 -33.0461 -71.623
530 -33.0462 -71.623
81 -33.046 -71.6218
348 -33.046 -71.6218
48 -33.0459 -71.6219
794 -33.0459 -71.6219
933 -33.046 -71.6218
639 -33.0461 -71.6216
170 -33.0462 -71.6214
165 -33.0463 -71.6203
50 -33.0462 -71.6203
239 -33.0462 -71.6202
113 -33.0462 -71.6215
10 -33.0461 -71.6202
949 -33.046 -71.6202
853 -33.0459 -71.6202
972 -33.0456 -71.6224
635 -33.0456 -71.6224
157 -33.0459 -71.622
793 -33.0455 -71.6225
724 -33.0452 -71.6229
968 -33.0454 -71.6227
610 -33.0454 -71.6227
553 -33.0459 -71.622
333 -33.0457 -71.6202
416 -33.0459 -71.6202
140 -33.0459 -71.6202
155 -33.0457 -71.6205
604 -33.0456 -71.6205
763 -33.0455 -71.6204
504 -33.0475 -71.6197
522 -33.0482 -71.6189
207 -33.0483 -71.6189
665 -33.0483 -71.6189
709 -33.0482 -71.6189
27 -33.0482 -71.6191
278 -33.0482 -71.619
548 -33.0482 -71.619
431 -33.0483 -71.6189
787 -33.0486 -71.6181
258 -33.0486 -71.618
466 -33.0486 -71.6176
329 -33.0485 -71.6184
518 -33.0483 -71.6187
565 -33.0483 -71.6187
495 -33.0485 -71.6184
654 -33.0481 -71.6191
481 -33.0479 -71.6195
783 -33.0479 -71.6195
430 -33.048 -71.6194
828 -33.0479 -71.6195
457 -33.0478 -71.6196
614 -33.0479 -71.6196
727 -33.0479 -71.6196
363 -33.048 -71.6193
240 -33.0481 -71.6192
64 -33.0481 -71.6192
93 -33.0481 -71.6191
320 -33.0476 -71.6173
685 -33.0475 -71.6176
947 -33.0475 -71.6174
920 -33.0476 -71.6173
779 -33.0476 -71.6173
439 -33.0478 -71.6165
546 -33.0484 -71.6164
817 -33.0479 -71.6163
932 -33.0478 -71.6166
860 -33.0477 -71.6173
805 -33.0477 -71.6167
465 -33.0478 -71.6167
117 -33.0482 -71.6163
777 -33.0482 -71.615
801 -33.0482 -71.6149
445 -33.0484 -71.6143
974 -33.048 -71.6159
892 -33.0479 -71.6163
908 -33.0477 -71.6162
336 -33.048 -71.616
58 -33.0477 -71.617
894 -33.0476 -71.6171
638 -33.0476 -71.6171
651 -33.0477 -71.617
342 -33.0476 -71.6172
719 -33.0476 -71.6172
596 -33.0474 -71.6172
795 -33.0474 -71.6172
545 -33.0477 -71.6162
946 -33.0475 -71.6162
104 -33.0476 -71.6133
334 -33.0476 -71.6133
837 -33.0475 -71.6134
661 -33.0474 -71.6137
594 -33.0475 -71.6136
114 -33.0474 -71.6138
418 -33.0471 -71.6188
971 -33.0471 -71.6188
231 -33.0471 -71.6188
44 -33.047 -71.619
538 -33.0469 -71.6193
728 -33.047 -71.6191
304 -33.047 -71.6191
807 -33.0471 -71.6187
345 -33.0473 -71.6182
847 -33.0473 -71.6182
444 -33.0474 -71.6179
683 -33.0473 -71.6182
178 -33.0472 -71.6184
153 -33.0472 -71.6183
666 -33.0471 -71.6161
648 -33.0469 -71.6194
31 -33.0468 -71.6196
756 -33.0469 -71.6171
899 -33.0468 -71.6171
393 -33.0468 -71.6171
364 -33.0464 -71.6193
652 -33.0464 -71.6193
960 -33.0462 -71.6193
128 -33.0466 -71.617
119 -33.0462 -71.617
823 -33.0462 -71.617
96 -33.0469 -71.6161
758 -33.0461 -71.6169
590 -33.0461 -71.6169
248 -33.0461 -71.6169
148 -33.0465 -71.616
835 -33.0471 -71.6144
655 -33.0472 -71.6142
729 -33.0472 -71.6141
942 -33.0471 -71.6145
338 -33.0471 -71.6147
392 -33.0471 -71.6146
201 -33.0471 -71.6146
451 -33.0473 -71.6141
131 -33.0473 -71.614
926 -33.0473 -71.6139
372 -33.0474 -71.6138
599 -33.0473 -71.6141
630 -33.0472 -71.6134
725 -33.0472 -71.6134
584 -33.0472 -71.6134
877 -33.0471 -71.6133
317 -33.047 -71.6155
766 -33.0468 -71.6147
526 -33.0466 -71.6147
385 -33.0463 -71.616
133 -33.0462 -71.616
75 -33.0457 -71.616
634 -33.0456 -71.616
588 -33.0462 -71.6147
330 -33.0469 -71.6133
517 -33.0467 -71.6133
744 -33.0467 -71.6132
969 -33.0466 -71.6132
312 -33.046 -71.6146
241 -33.0459 -71.6146
910 -33.0519 -71.6132
19 -33.0528 -71.6121
790 -33.0526 -71.6121
326 -33.0526 -71.6121
420 -33.0523 -71.612
686 -33.0518 -71.6131
414 -33.0523 -71.6121
576 -33.0522 -71.612
521 -33.0522 -71.612
772 -33.053 -71.6116
810 -33.053 -71.6116
132 -33.0531 -71.6115
43 -33.0522 -71.612
747 -33.0521 -71.612
463 -33.0519 -71.6118
72 -33.0521 -71.6118
242 -33.0517 -71.6131
2 -33.0515 -71.6131
737 -33.0516 -71.6131
276 -33.0514 -71.6131
127 -33.0514 -71.6131
120 -33.0513 -71.6131
675 -33.0512 -71.6131
390 -33.0513 -71.6131
811 -33.0512 -71.6131
917 -33.0517 -71.612
523 -33.0513 -71.6119
569 -33.0514 -71.6117
866 -33.0512 -71.612
556 -33.0512 -71.6131
874 -33.0512 -71.6121
298 -33.0512 -71.6121
592 -33.0532 -71.6115
873 -33.0537 -71.6113
970 -33.0539 -71.6112
98 -33.0538 -71.6111
83 -33.0536 -71.6114
922 -33.0534 -71.6114
354 -33.0534 -71.611
579 -33.053 -71.6108
368 -33.0528 -71.6106
467 -33.0526 -71.6103
619 -33.0525 -71.6101
259 -33.0524 -71.61
237 -33.0524 -71.6099
154 -33.0523 -71.6098
967 -33.0523 -71.6098
384 -33.0521 -71.6094
591 -33.0521 -71.6094
305 -33.0515 -71.6114
962 -33.0513 -71.6114
46 -33.0512 -71.6099
857 -33.0512 -71.6099
422 -33.0512 -71.6099
773 -33.0512 -71.6099
35 -33.0512 -71.6099
225 -33.0515 -71.6096
563 -33.052 -71.6093
307 -33.0519 -71.6092
513 -33.0519 -71.6092
400 -33.0518 -71.6093
402 -33.0518 -71.6094
52 -33.0518 -71.6093
472 -33.0511 -71.61
782 -33.0511 -71.6131
51 -33.051 -71.6131
642 -33.051 -71.6131
958 -33.0508 -71.6131
187 -33.0507 -71.6131
480 -33.0502 -71.613
762 -33.0501 -71.613
505 -33.0511 -71.6127
192 -33.0511 -71.6127
26 -33.0511 -71.6127
238 -33.0511 -71.6124
733 -33.0506 -71.6113
671 -33.05 -71.6115
173 -33.0505 -71.6113
145 -33.05 -71.6113
14 -33.0499 -71.613
351 -33.0499 -71.613
97 -33.0498 -71.6129
199 -33.0498 -71.6125
229 -33.0498 -71.6125
295 -33.0497 -71.6129
375 -33.0497 -71.6127
319 -33.0498 -71.6125
321 -33.0498 -71.6124
669 -33.0499 -71.612
856 -33.0499 -71.6119
704 -33.0499 -71.6116
349 -33.0499 -71.6121
284 -33.0498 -71.6122
882 -33.0498 -71.6122
571 -33.0502 -71.6113
662 -33.0509 -71.6102
769 -33.0508 -71.6102
954 -33.0508 -71.6102
825 -33.0506 -71.6102
214 -33.0501 -71.6113
746 -33.0502 -71.6103
110 -33.0502 -71.6102
378 -33.0507 -71.6102
219 -33.051 -71.6101
944 -33.0511 -71.61
555 -33.0511 -71.61
674 -33.0506 -71.6102
470 -33.0505 -71.6102
94 -33.0502 -71.6102
622 -33.0502 -71.6102
32 -33.0501 -71.6106
29 -33.0499 -71.6113
167 -33.05 -71.6112
316 -33.0501 -71.611
981 -33.0499 -71.6113
398 -33.0498 -71.6113
15 -33.0498 -71.6113
741 -33.0496 -71.6112
158 -33.0501 -71.611
840 -33.0501 -71.6108
626 -33.0501 -71.6107
923 -33.0501 -71.6106
137 -33.0501 -71.6109
846 -33.0501 -71.611
603 -33.0497 -71.61
209 -33.0519 -71.6092
528 -33.0537 -71.6085
300 -33.0534 -71.6085
748 -33.0533 -71.6084
474 -33.0532 -71.6084
291 -33.0531 -71.6084
677 -33.0531 -71.6084
808 -33.053 -71.6084
281 -33.0528 -71.6083
331 -33.0527 -71.6082
419 -33.0525 -71.6082
491 -33.0526 -71.6082
63 -33.0525 -71.6082
280 -33.0525 -71.6081
925 -33.0524 -71.6081
886 -33.0524 -71.6081
159 -33.0524 -71.6081
469 -33.052 -71.609
175 -33.0521 -71.6087
525 -33.0522 -71.6082
636 -33.0519 -71.6092
366 -33.0519 -71.6092
751 -33.0519 -71.6091
627 -33.0519 -71.6091
362 -33.0518 -71.6081
112 -33.0524 -71.6081
606 -33.0523 -71.6081
876 -33.0523 -71.608
679 -33.0522 -71.6081
454 -33.0518 -71.6081
977 -33.0518 -71.6081
672 -33.052 -71.608
196 -33.052 -71.608
903 -33.0522 -71.6079
581 -33.0522 -71.6077
303 -33.0522 -71.6076
311 -33.0522 -71.6076
332 -33.0522 -71.6073
558 -33.0521 -71.6072
499 -33.0521 -71.6072
79 -33.0521 -71.6072
768 -33.0528 -71.6066
147 -33.0525 -71.6048
441 -33.0535 -71.6047
870 -33.0524 -71.6048
40 -33.0521 -71.6071
506 -33.0521 -71.6071
129 -33.0521 -71.6071
461 -33.052 -71.6069
527 -33.052 -71.6069
335 -33.052 -71.6068
929 -33.052 -71.6068
657 -33.0519 -71.6068
934 -33.0519 -71.6076
700 -33.0518 -71.6068
285 -33.0518 -71.6068
411 -33.0519 -71.6067
223 -33.0519 -71.6066
473 -33.0519 -71.6066
212 -33.0518 -71.6064
705 -33.0518 -71.6064
858 -33.0517 -71.6062
90 -33.0517 -71.6048
645 -33.0517 -71.6061
452 -33.0517 -71.609
61 -33.0514 -71.6088
12 -33.0513 -71.6087
927 -33.0512 -71.6086
190 -33.0511 -71.609
274 -33.0512 -71.6087
676 -33.0508 -71.6085
535 -33.051 -71.6085
848 -33.0514 -71.6076
510 -33.0517 -71.6076
11 -33.0517 -71.6075
797 -33.0514 -71.6078
912 -33.0511 -71.6085
613 -33.0511 -71.6085
512 -33.0513 -71.6079
424 -33.0508 -71.6085
723 -33.0504 -71.6089
937 -33.0504 -71.6089
282 -33.0505 -71.6085
984 -33.0502 -71.6092
843 -33.0501 -71.6091
503 -33.05 -71.6091
261 -33.0499 -71.6091
888 -33.0507 -71.6085
740 -33.0506 -71.6085
7 -33.0505 -71.6085
833 -33.0504 -71.6085
478 -33.0503 -71.6085
49 -33.0499 -71.6084
715 -33.0499 -71.6084
296 -33.0516 -71.6075
477 -33.0516 -71.6068
168 -33.0517 -71.6061
551 -33.0517 -71.6061
918 -33.0513 -71.6059
878 -33.0512 -71.6059
458 -33.051 -71.6058
664 -33.051 -71.6058
980 -33.0515 -71.6056
489 -33.0514 -71.6055
221 -33.0513 -71.6053
924 -33.0516 -71.6052
540 -33.0513 -71.6053
156 -33.0512 -71.6053
73 -33.0511 -71.6051
557 -33.051 -71.6051
438 -33.0509 -71.6074
138 -33.0505 -71.6073
593 -33.0508 -71.6057
78 -33.0508 -71.6057
228 -33.0501 -71.6072
753 -33.0501 -71.6072
62 -33.0499 -71.6072
350 -33.0498 -71.6072
421 -33.0506 -71.6057
227 -33.0506 -71.6057
532 -33.0505 -71.6057
381 -33.0505 -71.6057
706 -33.0505 -71.6049
169 -33.0496 -71.6043
620 -33.0495 -71.6042
236 -33.0495 -71.6112
197 -33.0495 -71.6129
405 -33.0495 -71.6129
105 -33.0494 -71.6129
907 -33.0494 -71.6129
160 -33.0487 -71.6131
267 -33.0487 -71.613
916 -33.0493 -71.6129
577 -33.0491 -71.6129
252 -33.0491 -71.6129
387 -33.0491 -71.6129
23 -33.049 -71.6129
745 -33.049 -71.6129
731 -33.0487 -71.6129
446 -33.0489 -71.6129
272 -33.0488 -71.6129
998 -33.0487 -71.6131
649 -33.0487 -71.6132
423 -33.0487 -71.6129
403 -33.0487 -71.6129
310 -33.0486 -71.6129
759 -33.0478 -71.6129
143 -33.0484 -71.6129
386 -33.0484 -71.6129
986 -33.0482 -71.6128
309 -33.048 -71.6128
171 -33.0479 -71.6128
151 -33.0479 -71.6128
359 -33.0479 -71.6124
616 -33.0477 -71.6128
102 -33.0478 -71.6128
567 -33.0478 -71.6127
410 -33.0479 -71.6123
182 -33.0495 -71.6112
832 -33.0495 -71.6112
909 -33.0495 -71.6112
404 -33.0495 -71.6112
789 -33.0491 -71.6112
294 -33.0491 -71.6112
736 -33.0491 -71.6112
22 -33.0494 -71.6099
681 -33.0494 -71.6099
575 -33.0494 -71.6099
126 -33.0495 -71.6099
757 -33.0492 -71.6099
653 -33.0491 -71.6099
990 -33.049 -71.6099
885 -33.0489 -71.6099
357 -33.0489 -71.6112
776 -33.0481 -71.6118
813 -33.0482 -71.6114
371 -33.0482 -71.6112
245 -33.048 -71.612
806 -33.048 -71.612
247 -33.048 -71.612
691 -33.048 -71.612
997 -33.0487 -71.6112
230 -33.0486 -71.6112
347 -33.0485 -71.6111
861 -33.0486 -71.6098
670 -33.0483 -71.6111
742 -33.0483 -71.6111
905 -33.0479 -71.6111
781 -33.0477 -71.6129
965 -33.0477 -71.613
108 -33.0477 -71.6128
711 -33.0477 -71.6128
552 -33.0477 -71.613
615 -33.0476 -71.6132
202 -33.0476 -71.6132
208 -33.0477 -71.613
611 -33.0476 -71.6127
200 -33.0476 -71.6127
490 -33.0472 -71.6127
70 -33.0473 -71.6127
37 -33.0471 -71.6127
135 -33.047 -71.6127
87 -33.047 -71.6127
45 -33.0469 -71.6126
265 -33.0468 -71.6126
898 -33.0464 -71.6132
739 -33.0464 -71.6132
585 -33.0466 -71.6125
902 -33.0463 -71.6132
915 -33.0462 -71.6132
996 -33.0459 -71.6131
749 -33.0459 -71.6131
100 -33.046 -71.6124
621 -33.0457 -71.6123
186 -33.0454 -71.6122
659 -33.0454 -71.6122
964 -33.045 -71.6121
24 -33.0449 -71.612
494 -33.0448 -71.6117
985 -33.0446 -71.6112
397 -33.0476 -71.611
720 -33.0475 -71.611
875 -33.0472 -71.611
264 -33.0471 -71.611
667 -33.047 -71.611
289 -33.0469 -71.6109
275 -33.0458 -71.6108
449 -33.0458 -71.6108
28 -33.0457 -71.6098
650 -33.0459 -71.6098
121 -33.0459 -71.6098
47 -33.0456 -71.6098
995 -33.0455 -71.6098
39 -33.0454 -71.6098
344 -33.0452 -71.6098
33 -33.0449 -71.6108
4 -33.0447 -71.6103
865 -33.0447 -71.6103
798 -33.0447 -71.6102
288 -33.0447 -71.6102
695 -33.0446 -71.6104
353 -33.0446 -71.6103
54 -33.0444 -71.6101
486 -33.0447 -71.6101
249 -33.0447 -71.6101
459 -33.0448 -71.6098
824 -33.0449 -71.6098
702 -33.0447 -71.6099
814 -33.0447 -71.6099
3 -33.0447 -71.6099
845 -33.0486 -71.6098
468 -33.0495 -71.6098
952 -33.0495 -71.6097
256 -33.0495 -71.6084
183 -33.0493 -71.6091
211 -33.049 -71.6091
324 -33.0488 -71.6091
785 -33.0487 -71.6091
601 -33.0495 -71.6084
224 -33.0495 -71.6084
595 -33.0494 -71.6084
89 -33.0493 -71.6083
600 -33.0488 -71.6083
204 -33.0486 -71.6083
343 -33.0486 -71.6083
328 -33.0486 -71.6083
821 -33.0486 -71.6091
243 -33.0485 -71.6098
16 -33.0485 -71.6098
836 -33.0486 -71.6082
172 -33.0484 -71.6098
395 -33.048 -71.6098
8 -33.0478 -71.6098
406 -33.0481 -71.6091
136 -33.0485 -71.6082
714 -33.0485 -71.6082
863 -33.0486 -71.6082
951 -33.0484 -71.6082
734 -33.0484 -71.6082
771 -33.048 -71.6082
607 -33.048 -71.6082
235 -33.0479 -71.6082
68 -33.0478 -71.6082
502 -33.0495 -71.6053
752 -33.0494 -71.6053
181 -33.0494 -71.6053
690 -33.0489 -71.607
471 -33.0488 -71.6066
460 -33.0487 -71.6065
369 -33.0487 -71.6065
966 -33.0493 -71.6053
815 -33.0491 -71.6052
293 -33.0493 -71.6035
99 -33.0491 -71.6035
673 -33.049 -71.605
770 -33.049 -71.6049
382 -33.049 -71.6049
788 -33.0488 -71.6047
56 -33.0487 -71.6065
325 -33.0482 -71.6066
365 -33.0484 -71.6066
624 -33.0484 -71.6066
498 -33.048 -71.6078
417 -33.0478 -71.6082
233 -33.0479 -71.6076
437 -33.0478 -71.6075
957 -33.0484 -71.6066
244 -33.0485 -71.6041
564 -33.048 -71.6039
122 -33.048 -71.6036
358 -33.0479 -71.604
1 -33.0477 -71.604
65 -33.0479 -71.604
125 -33.0477 -71.6082
707 -33.0477 -71.609
82 -33.0476 -71.6082
71 -33.0476 -71.6082
306 -33.0476 -71.6082
193 -33.0469 -71.6098
215 -33.0474 -71.6098
623 -33.047 -71.609
738 -33.0476 -71.6082
185 -33.0476 -71.6075
91 -33.0474 -71.6072
658 -33.0474 -71.6071
534 -33.0474 -71.6071
544 -33.0471 -71.6082
562 -33.0469 -71.6081
625 -33.0468 -71.6081
867 -33.0465 -71.6081
566 -33.0461 -71.6081
429 -33.0458 -71.608
270 -33.0458 -71.608
161 -33.0458 -71.608
663 -33.045 -71.6098
928 -33.0449 -71.6098
914 -33.0455 -71.608
59 -33.0448 -71.608
617 -33.0456 -71.6078
717 -33.0456 -71.6075
21 -33.0464 -71.607
380 -33.0447 -71.608
618 -33.0446 -71.6079
162 -33.0441 -71.6074
194 -33.0464 -71.607
203 -33.0474 -71.6068
993 -33.0476 -71.6067
103 -33.0476 -71.6067
975 -33.0473 -71.6068
791 -33.047 -71.6069
339 -33.0471 -71.6068
232 -33.0471 -71.6068
287 -33.0476 -71.6067
913 -33.0474 -71.6042
628 -33.0475 -71.6041
388 -33.0476 -71.6041
30 -33.0473 -71.6038
536 -33.0472 -71.606
826 -33.0471 -71.6043
492 -33.0472 -71.6039
839 -33.0469 -71.6069
989 -33.0465 -71.607
308 -33.0466 -71.607
895 -33.0466 -71.6069
906 -33.0465 -71.607
508 -33.0464 -71.607
188 -33.0456 -71.607
568 -33.0456 -71.6069
149 -33.0466 -71.6069
896 -33.0469 -71.6043
514 -33.0466 -71.6041
800 -33.0469 -71.604
346 -33.0455 -71.6065
559 -33.0455 -71.6059
533 -33.0435 -71.6057
