145 -33.0625 -71.6157
179 -33.0627 -71.6157
290 -33.0634 -71.6154
495 -33.0624 -71.6155
171 -33.0622 -71.6158
908 -33.0619 -71.6158
448 -33.0623 -71.6158
166 -33.0621 -71.6153
619 -33.0642 -71.6152
271 -33.0642 -71.6152
754 -33.0641 -71.6152
466 -33.0629 -71.6152
838 -33.062 -71.6152
907 -33.0621 -71.6151
760 -33.0621 -71.6151
930 -33.0618 -71.6158
393 -33.0613 -71.6159
506 -33.0614 -71.6159
727 -33.0615 -71.6158
327 -33.0612 -71.616
585 -33.0608 -71.6161
597 -33.0609 -71.6161
128 -33.0611 -71.616
946 -33.0617 -71.6158
487 -33.0615 -71.6158
614 -33.0611 -71.6155
423 -33.061 -71.6154
803 -33.061 -71.6154
154 -33.0607 -71.6155
446 -33.0608 -71.6155
456 -33.0609 -71.6154
403 -33.0622 -71.6151
455 -33.0633 -71.6149
286 -33.0627 -71.6136
582 -33.0627 -71.6136
14 -33.0627 -71.6136
978 -33.0627 -71.6151
301 -33.0626 -71.615
475 -33.0626 -71.615
958 -33.0627 -71.6136
531 -33.0639 -71.6133
238 -33.0639 -71.6133
118 -33.0639 -71.6133
52 -33.0629 -71.6132
917 -33.0623 -71.6135
51 -33.0623 -71.6135
255 -33.0627 -71.613
501 -33.0622 -71.6135
127 -33.0608 -71.6136
351 -33.0622 -71.6134
819 -33.061 -71.6134
483 -33.0607 -71.6139
123 -33.0606 -71.6141
686 -33.0607 -71.614
424 -33.0607 -71.6139
994 -33.061 -71.6134
274 -33.061 -71.6134
762 -33.061 -71.6134
579 -33.0621 -71.6131
198 -33.061 -71.6134
809 -33.061 -71.6134
189 -33.061 -71.6134
600 -33.0606 -71.614
100 -33.0601 -71.6158
611 -33.0604 -71.6156
431 -33.0602 -71.6144
262 -33.0601 -71.6144
367 -33.06 -71.6144
117 -33.0601 -71.6144
546 -33.0601 -71.6144
279 -33.0602 -71.6143
767 -33.0605 -71.6142
61 -33.0606 -71.6141
467 -33.0606 -71.6141
7 -33.0604 -71.6142
711 -33.0603 -71.6143
945 -33.0603 -71.6143
49 -33.0603 -71.6142
228 -33.06 -71.6144
904 -33.06 -71.6165
773 -33.0596 -71.6148
698 -33.0597 -71.6147
593 -33.0596 -71.6166
130 -33.0595 -71.6167
109 -33.0596 -71.6166
962 -33.0596 -71.6148
549 -33.0597 -71.6146
739 -33.0599 -71.6146
148 -33.0599 -71.6146
89 -33.06 -71.6144
204 -33.0598 -71.6145
726 -33.0597 -71.6145
734 -33.0595 -71.6141
185 -33.0595 -71.6141
250 -33.0594 -71.614
580 -33.0601 -71.6134
751 -33.0601 -71.6134
615 -33.0602 -71.6134
116 -33.06 -71.6134
93 -33.0599 -71.6135
795 -33.06 -71.6134
340 -33.06 -71.6134
320 -33.0601 -71.6132
880 -33.0602 -71.6131
134 -33.0604 -71.613
150 -33.0605 -71.6129
565 -33.0602 -71.6131
860 -33.0602 -71.6132
666 -33.0599 -71.6128
791 -33.0599 -71.6128
70 -33.0599 -71.6128
385 -33.0597 -71.6139
967 -33.0598 -71.6138
756 -33.0597 -71.6137
355 -33.0597 -71.6139
405 -33.0595 -71.614
632 -33.0596 -71.614
783 -33.0597 -71.6138
927 -33.0598 -71.6137
354 -33.0598 -71.6137
177 -33.0598 -71.6136
295 -33.0598 -71.6128
430 -33.0597 -71.6137
33 -33.0595 -71.6128
566 -33.0597 -71.6128
414 -33.06 -71.6128
224 -33.0627 -71.6126
57 -33.0633 -71.6126
285 -33.0634 -71.6124
489 -33.0627 -71.6127
878 -33.0626 -71.6127
269 -33.0627 -71.6124
22 -33.0627 -71.6122
816 -33.0631 -71.6122
705 -33.064 -71.6121
700 -33.0642 -71.6121
976 -33.0646 -71.6121
251 -33.064 -71.6121
309 -33.0627 -71.6122
62 -33.0626 -71.6121
986 -33.0629 -71.612
160 -33.0626 -71.6127
366 -33.0622 -71.6126
641 -33.0625 -71.6121
69 -33.0624 -71.6121
87 -33.0617 -71.6121
498 -33.0616 -71.6121
661 -33.0616 -71.6121
607 -33.0617 -71.6121
200 -33.0623 -71.612
208 -33.0622 -71.612
373 -33.0622 -71.612
202 -33.0622 -71.612
324 -33.062 -71.612
577 -33.0617 -71.612
837 -33.0619 -71.612
759 -33.0619 -71.612
733 -33.0623 -71.612
408 -33.0639 -71.6116
480 -33.0648 -71.6113
413 -33.0649 -71.6112
370 -33.0638 -71.6117
674 -33.0633 -71.6119
561 -33.0631 -71.6112
209 -33.0631 -71.6112
387 -33.0632 -71.6112
790 -33.064 -71.6108
473 -33.0648 -71.6105
482 -33.0648 -71.6105
499 -33.064 -71.6107
407 -33.0637 -71.6112
523 -33.0639 -71.6112
11 -33.064 -71.6111
642 -33.063 -71.6113
452 -33.0619 -71.6118
347 -33.063 -71.6118
789 -33.0629 -71.6117
934 -33.0619 -71.6112
752 -33.0619 -71.6111
918 -33.0618 -71.611
297 -33.0618 -71.6108
146 -33.0618 -71.6108
474 -33.0618 -71.6108
43 -33.0618 -71.6106
818 -33.0618 -71.6105
740 -33.0617 -71.6107
458 -33.0615 -71.6107
537 -33.0617 -71.6105
903 -33.0614 -71.6107
201 -33.0609 -71.6125
942 -33.0609 -71.6124
575 -33.0609 -71.6124
392 -33.0609 -71.6125
864 -33.0607 -71.6126
892 -33.0608 -71.6125
992 -33.0608 -71.6125
707 -33.061 -71.6124
863 -33.0611 -71.6123
254 -33.0611 -71.6123
761 -33.0612 -71.6122
973 -33.0611 -71.6123
292 -33.061 -71.6123
679 -33.061 -71.6123
844 -33.0611 -71.6123
275 -33.0607 -71.6126
996 -33.0604 -71.6128
787 -33.0605 -71.6128
449 -33.0605 -71.6128
203 -33.0604 -71.6128
235 -33.06 -71.6128
623 -33.0603 -71.6128
562 -33.0604 -71.6128
831 -33.0595 -71.6127
534 -33.0605 -71.6127
265 -33.0606 -71.6127
658 -33.0603 -71.6124
237 -33.0603 -71.6124
270 -33.0595 -71.6127
991 -33.0595 -71.6125
434 -33.0612 -71.6122
599 -33.0613 -71.6122
738 -33.0613 -71.6122
341 -33.0613 -71.6122
693 -33.0613 -71.6122
233 -33.0612 -71.6122
655 -33.0612 -71.6122
437 -33.0612 -71.6122
747 -33.0613 -71.6122
272 -33.0608 -71.612
627 -33.0609 -71.6115
12 -33.0612 -71.6115
307 -33.0607 -71.6116
603 -33.0605 -71.612
252 -33.0605 -71.6116
771 -33.0607 -71.6116
306 -33.0603 -71.6121
334 -33.0603 -71.6119
601 -33.0603 -71.6118
82 -33.0603 -71.6115
815 -33.0603 -71.6116
955 -33.0595 -71.612
368 -33.0598 -71.6116
919 -33.06 -71.6116
902 -33.0595 -71.6111
876 -33.0603 -71.611
998 -33.0602 -71.6106
909 -33.0598 -71.6106
770 -33.0597 -71.6106
743 -33.0595 -71.6109
877 -33.0597 -71.6106
19 -33.0594 -71.6129
494 -33.0587 -71.6169
949 -33.0591 -71.6168
964 -33.0592 -71.6168
786 -33.0587 -71.6168
983 -33.0586 -71.6167
10 -33.0585 -71.6167
979 -33.0585 -71.6167
66 -33.0586 -71.6155
659 -33.0592 -71.6151
830 -33.0593 -71.615
749 -33.0594 -71.6149
504 -33.0591 -71.615
703 -33.059 -71.6152
636 -33.0586 -71.6149
488 -33.0588 -71.6148
313 -33.0584 -71.6148
165 -33.0584 -71.6164
91 -33.0584 -71.6163
364 -33.0583 -71.6159
867 -33.0583 -71.6159
382 -33.0583 -71.6159
961 -33.0583 -71.6157
343 -33.0583 -71.6151
692 -33.0582 -71.615
174 -33.0584 -71.6148
273 -33.0584 -71.6148
191 -33.0584 -71.6148
721 -33.0583 -71.6148
652 -33.0583 -71.6149
323 -33.0582 -71.6148
105 -33.0583 -71.6148
106 -33.0588 -71.6148
75 -33.0591 -71.6144
144 -33.0591 -71.6144
315 -33.0591 -71.6144
195 -33.0591 -71.6144
450 -33.0591 -71.6145
497 -33.059 -71.6145
304 -33.0591 -71.6145
111 -33.0592 -71.6144
107 -33.0594 -71.6142
163 -33.0594 -71.6141
678 -33.0594 -71.6141
421 -33.0593 -71.6143
38 -33.0592 -71.6143
500 -33.0593 -71.6142
852 -33.0593 -71.6142
226 -33.059 -71.6145
574 -33.0588 -71.6148
884 -33.0588 -71.6148
142 -33.0588 -71.6148
176 -33.0587 -71.6147
13 -33.0585 -71.6147
859 -33.0585 -71.6147
572 -33.0586 -71.6147
24 -33.059 -71.6146
115 -33.059 -71.6146
890 -33.059 -71.6146
512 -33.0586 -71.6144
797 -33.0586 -71.6146
948 -33.0582 -71.6142
551 -33.0582 -71.6142
697 -33.0582 -71.615
409 -33.0579 -71.6177
708 -33.0581 -71.6175
900 -33.0581 -71.615
511 -33.0579 -71.6178
353 -33.0576 -71.617
536 -33.0579 -71.6158
161 -33.0578 -71.6157
712 -33.0581 -71.615
529 -33.058 -71.615
835 -33.0579 -71.6149
625 -33.0579 -71.6149
361 -33.0578 -71.6149
263 -33.0578 -71.6149
883 -33.0578 -71.6149
239 -33.0576 -71.6149
427 -33.0572 -71.6183
509 -33.057 -71.6183
516 -33.0563 -71.6181
849 -33.0562 -71.6159
911 -33.0562 -71.6159
764 -33.0561 -71.616
988 -33.0552 -71.6158
205 -33.0551 -71.6158
277 -33.055 -71.6158
644 -33.0561 -71.6158
629 -33.0561 -71.6156
635 -33.0562 -71.6151
610 -33.056 -71.6153
820 -33.055 -71.6158
938 -33.055 -71.6158
416 -33.0576 -71.6149
812 -33.0576 -71.6149
181 -33.0576 -71.6149
850 -33.0575 -71.6149
829 -33.0574 -71.6149
573 -33.0574 -71.6149
889 -33.0573 -71.6148
59 -33.0573 -71.6147
380 -33.0574 -71.6146
476 -33.0581 -71.6144
68 -33.0581 -71.6144
713 -33.0581 -71.6144
377 -33.0577 -71.6145
618 -33.0574 -71.6145
885 -33.0577 -71.6144
453 -33.0574 -71.6143
170 -33.0572 -71.6148
54 -33.0572 -71.6148
333 -33.0572 -71.6148
598 -33.0571 -71.6148
92 -33.0567 -71.6148
794 -33.0566 -71.6148
710 -33.0566 -71.6148
157 -33.0567 -71.6148
113 -33.0571 -71.6148
605 -33.057 -71.6148
639 -33.057 -71.6148
155 -33.057 -71.6148
25 -33.0569 -71.6147
763 -33.0567 -71.6148
987 -33.0567 -71.6148
496 -33.0589 -71.6141
916 -33.0591 -71.6135
399 -33.0591 -71.6135
102 -33.0591 -71.6135
402 -33.0591 -71.6136
545 -33.0589 -71.6139
464 -33.0591 -71.6136
950 -33.0591 -71.6134
687 -33.059 -71.6134
730 -33.0593 -71.6129
617 -33.0593 -71.6129
906 -33.0593 -71.6129
914 -33.0593 -71.6129
822 -33.0589 -71.6133
266 -33.0592 -71.6129
801 -33.0592 -71.6128
717 -33.0589 -71.613
211 -33.0585 -71.6137
891 -33.0588 -71.6135
668 -33.0586 -71.6133
571 -33.0584 -71.6138
175 -33.0584 -71.6139
521 -33.0583 -71.6134
881 -33.0583 -71.6134
18 -33.0584 -71.613
188 -33.0586 -71.613
124 -33.0588 -71.6129
742 -33.0589 -71.6128
42 -33.0585 -71.613
758 -33.0584 -71.613
260 -33.0585 -71.613
872 -33.0583 -71.6127
386 -33.0589 -71.6127
23 -33.0592 -71.6126
303 -33.0591 -71.6125
676 -33.0591 -71.6122
20 -33.0589 -71.6127
29 -33.0588 -71.6126
905 -33.0588 -71.6121
560 -33.0588 -71.6117
298 -33.0593 -71.6116
563 -33.0593 -71.6116
216 -33.0594 -71.6116
706 -33.0594 -71.6105
187 -33.0592 -71.6112
259 -33.0589 -71.6112
748 -33.0589 -71.6112
765 -33.0592 -71.6104
547 -33.0587 -71.6113
197 -33.0585 -71.6124
805 -33.0584 -71.6117
151 -33.0584 -71.6117
588 -33.0583 -71.6124
645 -33.0583 -71.6127
214 -33.0583 -71.6127
842 -33.0583 -71.6126
388 -33.0583 -71.6113
558 -33.0584 -71.6106
775 -33.0586 -71.6106
210 -33.0583 -71.6105
920 -33.0583 -71.6105
606 -33.0583 -71.6113
372 -33.0583 -71.6113
568 -33.0583 -71.6127
412 -33.0582 -71.6137
85 -33.0581 -71.6134
647 -33.0581 -71.6133
550 -33.0581 -71.6136
940 -33.058 -71.6139
688 -33.0581 -71.6137
212 -33.0581 -71.6136
848 -33.0581 -71.6133
963 -33.0582 -71.6131
227 -33.0582 -71.6131
44 -33.0582 -71.613
796 -33.0581 -71.6133
508 -33.0581 -71.613
346 -33.0581 -71.613
725 -33.058 -71.613
389 -33.0579 -71.6139
429 -33.0578 -71.6139
5 -33.0578 -71.6139
999 -33.0578 -71.6139
17 -33.0578 -71.6139
217 -33.0575 -71.6139
479 -33.0576 -71.6139
53 -33.0577 -71.6139
589 -33.0554 -71.6138
35 -33.0577 -71.6131
186 -33.0578 -71.6129
649 -33.0578 -71.6129
520 -33.0577 -71.6131
40 -33.0574 -71.6135
591 -33.0576 -71.6134
559 -33.0577 -71.6129
108 -33.0582 -71.6123
683 -33.0581 -71.6121
253 -33.0581 -71.612
638 -33.0581 -71.6121
173 -33.0576 -71.6129
442 -33.058 -71.6119
861 -33.0575 -71.6119
358 -33.0583 -71.6117
621 -33.0582 -71.6113
915 -33.058 -71.611
821 -33.0581 -71.6108
15 -33.058 -71.6113
681 -33.0575 -71.6116
569 -33.0579 -71.6113
510 -33.0577 -71.6107
851 -33.0575 -71.6128
862 -33.0565 -71.6124
972 -33.055 -71.6124
553 -33.0555 -71.6124
793 -33.055 -71.6124
447 -33.0531 -71.6115
9 -33.0538 -71.6111
827 -33.0538 -71.611
673 -33.0574 -71.6106
855 -33.0556 -71.6105
394 -33.0556 -71.6105
604 -33.0547 -71.6104
81 -33.0546 -71.6104
901 -33.0545 -71.6105
348 -33.0545 -71.6105
190 -33.0602 -71.6104
869 -33.0647 -71.6103
640 -33.0647 -71.6103
470 -33.0634 -71.6101
63 -33.0632 -71.61
774 -33.0631 -71.61
282 -33.0632 -71.61
715 -33.0631 -71.6099
326 -33.0645 -71.6099
469 -33.0648 -71.6098
677 -33.0644 -71.6095
532 -33.0635 -71.6092
858 -33.063 -71.6099
757 -33.0629 -71.6098
183 -33.063 -71.6093
328 -33.0629 -71.6093
690 -33.0629 -71.6092
581 -33.0617 -71.6103
646 -33.0624 -71.6096
879 -33.0623 -71.6096
310 -33.0617 -71.6104
26 -33.061 -71.6103
576 -33.0617 -71.6103
94 -33.0612 -71.6098
471 -33.0626 -71.6096
882 -33.0622 -71.6096
294 -33.0621 -71.6095
624 -33.062 -71.6092
422 -33.062 -71.6095
788 -33.062 -71.6095
813 -33.0611 -71.6093
339 -33.0612 -71.6093
375 -33.0617 -71.6092
723 -33.0644 -71.6091
79 -33.0646 -71.609
438 -33.0642 -71.609
420 -33.064 -71.6089
664 -33.064 -71.6092
952 -33.0623 -71.6091
944 -33.0637 -71.6088
219 -33.0635 -71.6087
335 -33.064 -71.6083
350 -33.0625 -71.6082
225 -33.0632 -71.6077
463 -33.0625 -71.608
736 -33.0623 -71.6083
156 -33.0623 -71.6083
832 -33.0625 -71.6078
741 -33.0623 -71.6091
653 -33.0617 -71.609
103 -33.0619 -71.6087
60 -33.062 -71.6086
232 -33.0615 -71.6089
215 -33.0614 -71.6089
71 -33.0614 -71.6089
731 -33.0611 -71.6089
72 -33.0622 -71.6085
608 -33.0622 -71.6085
714 -33.0619 -71.6084
199 -33.062 -71.6082
419 -33.0617 -71.608
981 -33.0617 -71.6077
398 -33.0613 -71.6077
415 -33.061 -71.6103
970 -33.0608 -71.6096
839 -33.061 -71.6094
245 -33.061 -71.6089
138 -33.0605 -71.6096
542 -33.0603 -71.6104
97 -33.0603 -71.6101
73 -33.0605 -71.6093
806 -33.061 -71.6089
691 -33.0609 -71.6089
21 -33.0608 -71.6088
192 -33.061 -71.6086
194 -33.0607 -71.6088
682 -33.0607 -71.6087
871 -33.0607 -71.6086
913 -33.0607 -71.6086
886 -33.0602 -71.6103
305 -33.0601 -71.6101
602 -33.0598 -71.61
376 -33.0598 -71.61
587 -33.0594 -71.6099
336 -33.0592 -71.6102
895 -33.0592 -71.61
517 -33.0594 -71.6099
391 -33.0595 -71.6098
866 -33.0596 -71.6098
626 -33.06 -71.6088
132 -33.06 -71.6088
141 -33.0595 -71.6098
143 -33.0595 -71.6098
2 -33.0592 -71.6088
461 -33.061 -71.6086
921 -33.0607 -71.6085
667 -33.0607 -71.6085
289 -33.0606 -71.6085
746 -33.0606 -71.6085
410 -33.0604 -71.6084
616 -33.0604 -71.6083
959 -33.0604 -71.6083
332 -33.0602 -71.6083
359 -33.0607 -71.608
753 -33.0607 -71.6079
264 -33.0605 -71.6078
965 -33.0605 -71.6077
896 -33.0603 -71.6083
609 -33.0601 -71.6082
468 -33.0601 -71.6079
888 -33.0601 -71.6078
242 -33.0601 -71.6083
490 -33.06 -71.6083
28 -33.0601 -71.6081
37 -33.0599 -71.608
308 -33.0593 -71.6083
810 -33.0598 -71.6082
167 -33.0598 -71.6082
330 -33.0593 -71.608
39 -33.0599 -71.608
229 -33.0599 -71.6078
594 -33.06 -71.6077
45 -33.0598 -71.6079
584 -33.0596 -71.6078
114 -33.0596 -71.6078
570 -33.0599 -71.6077
296 -33.0643 -71.6071
769 -33.0642 -71.6068
331 -33.0642 -71.6068
922 -33.0642 -71.6067
825 -33.0641 -71.6066
620 -33.064 -71.6066
441 -33.0634 -71.6065
147 -33.0633 -71.6065
622 -33.0637 -71.6064
291 -33.0637 -71.6064
261 -33.0639 -71.6064
32 -33.0634 -71.6064
293 -33.0632 -71.6064
158 -33.0633 -71.6063
112 -33.0632 -71.6062
400 -33.0631 -71.6075
369 -33.0625 -71.6077
478 -33.0622 -71.6074
997 -33.0619 -71.6069
977 -33.0617 -71.6073
737 -33.0617 -71.6073
122 -33.0614 -71.6072
720 -33.0612 -71.607
833 -33.0619 -71.6069
672 -33.0625 -71.6068
592 -33.0623 -71.6062
287 -33.062 -71.6062
662 -33.0619 -71.6068
808 -33.0612 -71.6068
381 -33.0611 -71.6066
785 -33.0613 -71.6064
99 -33.0631 -71.6062
924 -33.064 -71.6061
870 -33.0648 -71.606
90 -33.0645 -71.6059
78 -33.0638 -71.6059
325 -33.0622 -71.6062
951 -33.0629 -71.606
843 -33.0638 -71.6059
169 -33.0637 -71.6059
349 -33.0626 -71.6057
669 -33.0625 -71.6057
417 -33.0625 -71.6056
284 -33.0624 -71.6056
505 -33.0623 -71.6055
845 -33.0623 -71.6055
857 -33.0624 -71.6055
16 -33.0622 -71.6054
557 -33.0619 -71.6058
966 -33.0619 -71.6057
172 -33.0622 -71.6054
923 -33.0619 -71.6057
56 -33.0611 -71.6061
544 -33.0619 -71.6052
276 -33.0618 -71.6051
230 -33.0617 -71.6051
8 -33.0616 -71.605
30 -33.0616 -71.605
826 -33.0615 -71.6049
910 -33.0613 -71.6048
267 -33.0611 -71.6051
578 -33.0611 -71.605
836 -33.061 -71.606
556 -33.0607 -71.6075
502 -33.0607 -71.6074
365 -33.0607 -71.6071
300 -33.0606 -71.6068
912 -33.0602 -71.6072
281 -33.0602 -71.607
397 -33.0602 -71.6069
299 -33.0601 -71.6068
395 -33.0609 -71.6065
159 -33.0609 -71.6065
137 -33.0609 -71.6065
925 -33.0607 -71.6064
989 -33.0607 -71.6067
321 -33.0601 -71.6067
772 -33.0601 -71.6065
243 -33.0601 -71.6065
663 -33.0595 -71.6077
630 -33.0599 -71.6077
46 -33.0601 -71.6072
824 -33.0593 -71.6076
3 -33.0592 -71.6076
371 -33.0593 -71.6076
378 -33.0592 -71.6068
404 -33.0595 -71.6065
954 -33.0594 -71.6064
125 -33.0594 -71.6064
352 -33.0595 -71.6064
873 -33.0593 -71.6064
459 -33.0592 -71.6064
356 -33.0593 -71.6064
344 -33.0595 -71.6064
83 -33.0601 -71.6063
670 -33.0602 -71.6061
104 -33.0602 -71.606
247 -33.0601 -71.6063
129 -33.0601 -71.6063
135 -33.06 -71.6062
689 -33.0601 -71.606
41 -33.0603 -71.6059
491 -33.061 -71.6055
67 -33.0607 -71.6054
120 -33.0609 -71.6048
184 -33.0605 -71.6056
552 -33.0603 -71.6059
567 -33.0605 -71.6057
6 -33.0605 -71.6056
311 -33.06 -71.6062
926 -33.0597 -71.6063
543 -33.0597 -71.6063
777 -33.0597 -71.6063
936 -33.0596 -71.6063
396 -33.0595 -71.6064
443 -33.0596 -71.6063
527 -33.0592 -71.6063
953 -33.0599 -71.6062
47 -33.0599 -71.6062
411 -33.0599 -71.6062
406 -33.0597 -71.6054
149 -33.0596 -71.6055
256 -33.0594 -71.6055
1 -33.0595 -71.6051
95 -33.0592 -71.6064
657 -33.0586 -71.6101
800 -33.0586 -71.6101
995 -33.0586 -71.6101
894 -33.0584 -71.6099
975 -33.0584 -71.6101
180 -33.0583 -71.6101
433 -33.0583 -71.6099
362 -33.0589 -71.6095
856 -33.0587 -71.6093
131 -33.0587 -71.6092
931 -33.0587 -71.6089
684 -33.0583 -71.609
875 -33.0583 -71.6092
338 -33.0583 -71.609
524 -33.0583 -71.6089
745 -33.0582 -71.6101
27 -33.058 -71.6104
65 -33.058 -71.6099
268 -33.058 -71.6099
278 -33.0579 -71.6103
540 -33.0575 -71.6103
384 -33.0577 -71.6102
345 -33.0576 -71.6102
337 -33.057 -71.6099
744 -33.0578 -71.6096
74 -33.0575 -71.6095
454 -33.0582 -71.609
133 -33.0573 -71.6095
780 -33.0564 -71.6096
162 -33.0572 -71.6095
401 -33.0571 -71.6095
236 -33.0588 -71.6088
451 -33.0588 -71.6088
699 -33.0589 -71.6088
554 -33.0587 -71.6083
650 -33.0584 -71.6086
257 -33.0583 -71.6087
426 -33.0582 -71.6084
244 -33.058 -71.6083
656 -33.058 -71.6082
675 -33.0584 -71.608
465 -33.0583 -71.608
932 -33.0583 -71.608
695 -33.0582 -71.608
985 -33.0581 -71.6081
58 -33.0581 -71.6081
258 -33.0582 -71.6081
811 -33.0579 -71.6083
719 -33.0578 -71.6082
779 -33.0578 -71.6082
96 -33.0577 -71.6081
947 -33.0577 -71.6081
874 -33.0576 -71.6088
535 -33.0575 -71.6088
893 -33.0575 -71.6081
709 -33.0573 -71.608
522 -33.0573 -71.608
548 -33.0573 -71.608
665 -33.0572 -71.608
444 -33.0572 -71.608
76 -33.0571 -71.608
207 -33.0571 -71.608
77 -33.0562 -71.6095
834 -33.0558 -71.6104
660 -33.0554 -71.6095
31 -33.0561 -71.609
314 -33.0553 -71.6096
80 -33.0521 -71.6087
88 -33.0521 -71.6087
935 -33.0521 -71.6086
493 -33.0521 -71.6086
140 -33.0545 -71.6085
318 -33.0545 -71.6085
897 -33.0546 -71.6085
853 -33.0544 -71.6085
206 -33.0542 -71.6085
440 -33.0541 -71.6085
283 -33.0538 -71.6085
485 -33.0521 -71.6087
802 -33.0517 -71.6095
784 -33.0517 -71.6094
735 -33.0518 -71.6094
696 -33.0516 -71.6095
101 -33.0502 -71.6099
139 -33.0516 -71.6095
322 -33.0516 -71.6095
220 -33.0518 -71.6093
718 -33.052 -71.6091
360 -33.052 -71.609
34 -33.0521 -71.6088
982 -33.0519 -71.6092
222 -33.0518 -71.6093
633 -33.0518 -71.6093
48 -33.0538 -71.6085
50 -33.0548 -71.6083
36 -33.0549 -71.6083
436 -33.055 -71.6082
868 -33.0548 -71.6083
933 -33.0538 -71.6085
213 -33.0546 -71.6085
941 -33.0547 -71.6085
84 -33.055 -71.6082
586 -33.0552 -71.6081
519 -33.0552 -71.6081
218 -33.0552 -71.6081
778 -33.0551 -71.6082
631 -33.055 -71.6082
854 -33.0551 -71.6082
541 -33.0551 -71.6082
383 -33.0535 -71.6085
694 -33.0535 -71.6085
716 -33.0534 -71.6085
968 -33.0531 -71.6084
530 -33.0527 -71.6082
583 -33.0521 -71.6085
484 -33.0522 -71.6083
724 -33.0527 -71.6082
152 -33.0526 -71.6082
722 -33.0526 -71.6082
55 -33.0526 -71.6082
755 -33.0523 -71.6081
939 -33.0522 -71.6081
643 -33.0522 -71.6082
732 -33.0522 -71.6082
847 -33.057 -71.608
846 -33.059 -71.6079
528 -33.059 -71.6079
249 -33.059 -71.6077
288 -33.059 -71.6077
4 -33.0587 -71.6079
929 -33.0589 -71.6078
974 -33.0589 -71.6078
798 -33.059 -71.6077
814 -33.0591 -71.6076
671 -33.0591 -71.6067
445 -33.0591 -71.6067
486 -33.0591 -71.6077
280 -33.0591 -71.6075
555 -33.0587 -71.6066
126 -33.0588 -71.6066
817 -33.0586 -71.6079
526 -33.0585 -71.608
439 -33.0585 -71.6079
110 -33.0584 -71.6073
514 -33.0584 -71.6073
317 -33.0584 -71.608
750 -33.0579 -71.608
993 -33.0581 -71.6078
182 -33.0583 -71.6071
168 -33.0584 -71.6067
980 -33.0584 -71.6067
887 -33.0586 -71.6067
164 -33.0583 -71.6067
865 -33.0583 -71.6069
651 -33.058 -71.6068
428 -33.058 -71.6067
704 -33.0588 -71.6066
246 -33.0591 -71.6065
969 -33.0591 -71.6065
513 -33.0591 -71.6063
841 -33.059 -71.6065
898 -33.0589 -71.6065
702 -33.0589 -71.6065
525 -33.059 -71.6063
628 -33.0588 -71.6062
221 -33.0591 -71.6054
196 -33.0587 -71.6051
957 -33.0587 -71.6051
781 -33.0587 -71.6051
928 -33.0587 -71.6062
776 -33.0586 -71.6051
937 -33.0586 -71.6051
766 -33.0586 -71.6066
840 -33.0584 -71.6062
782 -33.0583 -71.6062
223 -33.0585 -71.6062
136 -33.0582 -71.6059
990 -33.058 -71.6062
943 -33.058 -71.6062
492 -33.0582 -71.6062
477 -33.058 -71.6059
984 -33.0583 -71.6058
564 -33.0583 -71.6057
595 -33.0583 -71.6051
533 -33.058 -71.6045
729 -33.0579 -71.6045
792 -33.0579 -71.6045
379 -33.0578 -71.6073
654 -33.057 -71.608
153 -33.0569 -71.608
363 -33.0569 -71.608
64 -33.0569 -71.608
240 -33.0569 -71.608
425 -33.0568 -71.608
828 -33.0568 -71.608
481 -33.0568 -71.608
457 -33.0565 -71.608
807 -33.0565 -71.608
634 -33.0565 -71.608
956 -33.0565 -71.608
231 -33.0564 -71.608
823 -33.0564 -71.608
418 -33.0564 -71.608
590 -33.0563 -71.608
680 -33.0563 -71.608
701 -33.0563 -71.608
728 -33.0561 -71.6079
0 -33.0561 -71.6079
960 -33.0553 -71.608
612 -33.0554 -71.608
637 -33.056 -71.6079
538 -33.0559 -71.6079
648 -33.0559 -71.6079
374 -33.0556 -71.6078
462 -33.0556 -71.6078
515 -33.0556 -71.6078
432 -33.0555 -71.6078
302 -33.0556 -71.6078
539 -33.0575 -71.6076
193 -33.0577 -71.6076
613 -33.0577 -71.6073
503 -33.0578 -71.6066
319 -33.0577 -71.6076
518 -33.0575 -71.6075
390 -33.0577 -71.6072
329 -33.0577 -71.6068
241 -33.0575 -71.6066
357 -33.0578 -71.6062
316 -33.0577 -71.6058
460 -33.0578 -71.6058
768 -33.0576 -71.6049
98 -33.0575 -71.6051
507 -33.0575 -71.6051
121 -33.0575 -71.6051
472 -33.0575 -71.6061
804 -33.0574 -71.6069
685 -33.0574 -71.6069
596 -33.0575 -71.6069
86 -33.0572 -71.6069
234 -33.0563 -71.6074
119 -33.0563 -71.6074
178 -33.0567 -71.6072
799 -33.0526 -71.6068
342 -33.0568 -71.6063
312 -33.0568 -71.6062
899 -33.0557 -71.6046
248 -33.0551 -71.6049
435 -33.0537 -71.6061
971 -33.055 -71.605
