5 -33.0549 -71.6219
115 -33.0549 -71.6219
796 -33.0549 -71.6219
647 -33.0549 -71.622
85 -33.0548 -71.6221
142 -33.0548 -71.6221
497 -33.0549 -71.622
890 -33.0549 -71.6219
500 -33.0551 -71.6217
327 -33.0552 -71.6216
678 -33.0551 -71.6214
315 -33.0551 -71.6217
226 -33.055 -71.6219
703 -33.055 -71.6219
38 -33.055 -71.6218
66 -33.0547 -71.6222
598 -33.0543 -71.6242
109 -33.0543 -71.6231
217 -33.0544 -71.6229
589 -33.0543 -71.6241
786 -33.0543 -71.6239
829 -33.0543 -71.6238
883 -33.0543 -71.6233
697 -33.0544 -71.6229
940 -33.0546 -71.6224
176 -33.0547 -71.6224
550 -33.0547 -71.6222
313 -33.0545 -71.6226
479 -33.0544 -71.6229
53 -33.0545 -71.6227
961 -33.0545 -71.6226
260 -33.0551 -71.6213
475 -33.0574 -71.6181
189 -33.0558 -71.618
367 -33.0558 -71.618
978 -33.0555 -71.6179
537 -33.0552 -71.6178
407 -33.0553 -71.6177
582 -33.0554 -71.6174
963 -33.0555 -71.6173
646 -33.0557 -71.6165
869 -33.056 -71.6162
464 -33.056 -71.616
57 -33.0557 -71.6166
765 -33.0556 -71.6172
413 -33.0556 -71.6171
668 -33.0557 -71.6167
487 -33.0551 -71.6211
266 -33.0551 -71.6209
253 -33.0551 -71.6209
930 -33.055 -71.6208
177 -33.055 -71.6208
880 -33.0547 -71.6203
179 -33.0543 -71.6201
134 -33.0545 -71.6184
816 -33.0546 -71.6184
255 -33.055 -71.6181
370 -33.055 -71.618
408 -33.055 -71.6179
549 -33.0549 -71.6183
881 -33.0546 -71.6184
376 -33.0547 -71.6184
979 -33.0543 -71.6237
92 -33.054 -71.6244
987 -33.0541 -71.6244
25 -33.0542 -71.6244
710 -33.054 -71.6244
409 -33.0534 -71.6246
210 -33.0539 -71.6198
377 -33.0538 -71.6197
760 -33.0534 -71.6188
809 -33.0534 -71.6188
216 -33.0534 -71.6187
587 -33.0535 -71.6186
919 -33.0532 -71.6188
456 -33.0531 -71.6188
803 -33.0531 -71.6187
355 -33.053 -71.6187
341 -33.0529 -71.6187
629 -33.0528 -71.6246
434 -33.0527 -71.6187
761 -33.0527 -71.6187
844 -33.0527 -71.6187
849 -33.0526 -71.6245
101 -33.0507 -71.6226
633 -33.0504 -71.621
838 -33.0527 -71.6187
198 -33.0526 -71.6187
973 -33.0526 -71.6187
713 -33.0525 -71.6186
775 -33.0525 -71.6186
891 -33.0524 -71.6186
767 -33.0524 -71.6186
466 -33.0523 -71.6186
547 -33.0523 -71.6186
698 -33.0536 -71.6185
754 -33.0536 -71.6185
69 -33.0538 -71.6184
373 -33.0535 -71.6185
455 -33.0535 -71.6185
166 -33.0519 -71.6184
495 -33.0519 -71.6184
361 -33.054 -71.6184
542 -33.054 -71.6184
42 -33.054 -71.6184
301 -33.054 -71.6184
271 -33.0532 -71.6162
323 -33.0518 -71.6184
687 -33.0515 -71.6184
448 -33.0514 -71.6184
831 -33.0514 -71.6184
632 -33.0509 -71.6185
340 -33.0513 -71.6184
431 -33.0513 -71.6184
250 -33.0507 -71.6185
17 -33.0507 -71.6184
163 -33.0505 -71.6184
852 -33.0505 -71.6184
116 -33.0512 -71.6183
262 -33.0512 -71.6183
399 -33.0512 -71.6183
727 -33.0507 -71.6181
614 -33.0507 -71.618
393 -33.0505 -71.618
128 -33.0503 -71.6179
640 -33.056 -71.616
124 -33.0561 -71.6158
774 -33.0561 -71.6158
994 -33.0561 -71.6158
950 -33.056 -71.616
608 -33.056 -71.6159
20 -33.056 -71.6159
60 -33.0558 -71.6159
501 -33.0561 -71.6157
531 -33.0561 -71.6157
297 -33.0561 -71.6152
991 -33.0566 -71.6148
560 -33.0561 -71.6156
483 -33.056 -71.6156
842 -33.056 -71.6156
561 -33.0559 -71.6153
879 -33.0557 -71.6159
818 -33.0557 -71.6159
286 -33.0557 -71.6159
18 -33.0549 -71.6158
822 -33.0546 -71.6157
450 -33.0546 -71.6157
389 -33.0544 -71.6157
743 -33.0543 -71.6157
476 -33.0541 -71.6156
251 -33.0541 -71.6156
686 -33.0553 -71.6154
127 -33.0549 -71.6152
955 -33.054 -71.6156
726 -33.0539 -71.6156
279 -33.0538 -71.6156
123 -33.0538 -71.6156
482 -33.0566 -71.6148
976 -33.0568 -71.6147
118 -33.0569 -71.6147
19 -33.0568 -71.6126
872 -33.0568 -71.6147
948 -33.0566 -71.6148
945 -33.0567 -71.6148
790 -33.0566 -71.6125
326 -33.0565 -71.6124
420 -33.0563 -71.6124
414 -33.0563 -71.6124
576 -33.0562 -71.6123
354 -33.0561 -71.6123
521 -33.0561 -71.6123
43 -33.0561 -71.6123
747 -33.0561 -71.6123
917 -33.0557 -71.6123
467 -33.055 -71.613
523 -33.0552 -71.6124
298 -33.055 -71.6124
619 -33.0548 -71.6129
762 -33.0539 -71.6144
154 -33.0545 -71.6126
238 -33.0547 -71.6124
237 -33.0547 -71.6124
967 -33.0546 -71.6124
368 -33.0555 -71.6124
579 -33.0557 -71.6123
305 -33.0545 -71.6123
962 -33.0542 -71.6124
591 -33.0542 -71.6123
602 -33.0537 -71.6156
641 -33.0529 -71.6159
819 -33.0526 -71.6158
150 -33.0529 -71.6157
488 -33.0526 -71.6158
290 -33.0526 -71.6158
730 -33.052 -71.6156
546 -33.0517 -71.6156
693 -33.0536 -71.6156
107 -33.0536 -71.6156
520 -33.0536 -71.6156
269 -33.0535 -71.6155
105 -33.0532 -71.614
146 -33.0532 -71.6155
442 -33.0532 -71.6155
580 -33.0531 -71.6155
254 -33.0515 -71.6156
117 -33.0515 -71.6156
292 -33.0514 -71.6156
992 -33.0513 -71.6156
812 -33.0512 -71.6156
320 -33.0505 -71.6157
565 -33.0505 -71.6157
860 -33.0505 -71.6156
892 -33.0511 -71.6156
721 -33.051 -71.6156
864 -33.051 -71.6156
908 -33.051 -71.6156
545 -33.051 -71.6156
787 -33.0509 -71.6156
946 -33.0508 -71.6155
405 -33.0532 -71.614
907 -33.0532 -71.614
446 -33.0528 -71.6137
403 -33.0525 -71.6136
423 -33.0525 -71.6136
145 -33.0523 -71.6134
171 -33.0519 -71.6132
611 -33.0517 -71.6131
711 -33.0516 -71.6131
356 -33.0511 -71.6124
102 -33.0511 -71.6123
433 -33.0511 -71.6123
391 -33.0511 -71.6124
208 -33.0511 -71.6126
200 -33.0511 -71.6126
108 -33.0511 -71.6124
202 -33.0511 -71.6126
801 -33.0509 -71.6131
87 -33.0509 -71.6131
661 -33.0509 -71.6131
725 -33.0508 -71.6131
372 -33.0508 -71.6131
877 -33.0508 -71.6131
265 -33.0507 -71.6131
837 -33.0511 -71.6131
70 -33.0511 -71.6129
334 -33.0511 -71.6129
615 -33.0511 -71.6127
599 -33.0505 -71.613
655 -33.0505 -71.613
585 -33.0505 -71.613
517 -33.0503 -71.613
447 -33.0502 -71.6209
34 -33.0502 -71.6206
935 -33.0502 -71.6205
493 -33.0501 -71.6204
732 -33.0498 -71.6202
716 -33.0494 -71.6189
859 -33.0499 -71.6188
999 -33.0498 -71.6187
111 -33.0503 -71.6183
144 -33.0503 -71.6183
504 -33.0503 -71.6179
830 -33.0503 -71.6179
799 -33.0494 -71.6185
412 -33.0501 -71.6184
597 -33.0502 -71.6183
694 -33.0494 -71.6188
901 -33.0493 -71.6184
283 -33.0492 -71.6183
206 -33.0485 -71.6182
573 -33.0485 -71.6182
333 -33.0484 -71.6184
170 -33.0484 -71.6184
889 -33.0485 -71.6182
440 -33.0491 -71.6182
239 -33.0487 -71.6178
318 -33.0487 -71.6178
453 -33.0487 -71.6178
983 -33.0486 -71.618
416 -33.0485 -71.6181
949 -33.0486 -71.6181
10 -33.0486 -71.618
263 -33.0487 -71.6177
904 -33.0492 -71.6176
364 -33.0492 -71.6176
273 -33.0489 -71.6169
191 -33.0489 -71.617
834 -33.0489 -71.6172
174 -33.0489 -71.6171
586 -33.0489 -71.617
13 -33.049 -71.6168
304 -33.0493 -71.6165
688 -33.049 -71.6165
106 -33.0491 -71.6165
850 -33.049 -71.6166
572 -33.049 -71.6168
612 -33.049 -71.6167
884 -33.049 -71.6166
854 -33.0489 -71.6172
529 -33.0487 -71.6176
712 -33.0487 -71.6175
900 -33.0488 -71.6174
130 -33.0487 -71.6176
165 -33.0487 -71.6177
213 -33.0487 -71.6176
897 -33.0487 -71.6176
36 -33.0488 -71.6174
692 -33.0488 -71.6173
660 -33.0488 -71.6173
631 -33.0489 -71.6172
394 -33.0488 -71.6174
868 -33.0488 -71.6174
652 -33.0486 -71.6165
113 -33.0484 -71.6185
764 -33.0474 -71.6207
509 -33.0474 -71.6207
583 -33.0475 -71.6206
485 -33.0474 -71.6209
205 -33.0474 -71.622
820 -33.0473 -71.6219
80 -33.0474 -71.6209
911 -33.0475 -71.6205
939 -33.0476 -71.6203
755 -33.0476 -71.6201
55 -33.0476 -71.6201
9 -33.0476 -71.6203
484 -33.0475 -71.6204
644 -33.0476 -71.6203
427 -33.0474 -71.6203
938 -33.0473 -71.6219
139 -33.0473 -71.6219
277 -33.0473 -71.6218
322 -33.0473 -71.6218
802 -33.0473 -71.6218
735 -33.0473 -71.6217
696 -33.0472 -71.6216
222 -33.0472 -71.6215
516 -33.0472 -71.6215
360 -33.0473 -71.6212
718 -33.0473 -71.6212
982 -33.0466 -71.6203
988 -33.0466 -71.6204
784 -33.0465 -71.6207
220 -33.0465 -71.6207
88 -33.0467 -71.6199
708 -33.048 -71.6194
157 -33.0482 -71.6191
763 -33.0482 -71.619
635 -33.0479 -71.6195
530 -33.0478 -71.6198
152 -33.0478 -71.6198
511 -33.0479 -71.6195
794 -33.0482 -71.619
639 -33.0483 -71.6187
155 -33.0483 -71.6187
605 -33.0483 -71.6187
383 -33.0483 -71.6189
853 -33.0478 -71.6167
941 -33.0478 -71.6166
862 -33.0478 -71.6166
610 -33.0478 -71.6198
722 -33.0477 -71.6198
793 -33.0473 -71.6183
972 -33.0473 -71.6183
968 -33.0472 -71.6185
643 -33.0469 -71.6194
827 -33.0469 -71.6192
724 -33.0471 -71.6188
553 -33.0475 -71.6176
81 -33.0475 -71.6174
604 -33.0476 -71.6173
140 -33.0477 -71.6168
348 -33.0475 -71.6174
933 -33.0475 -71.6175
48 -33.0475 -71.6175
574 -33.0491 -71.6165
795 -33.0503 -71.6158
93 -33.0501 -71.6157
148 -33.05 -71.6157
430 -33.0499 -71.6157
195 -33.0494 -71.6164
75 -33.0495 -71.6163
496 -33.0495 -71.6163
385 -33.0499 -71.6157
756 -33.0498 -71.6157
783 -33.0498 -71.6157
665 -33.0494 -71.6145
207 -33.0494 -71.6145
278 -33.0494 -71.6145
548 -33.0494 -71.6145
76 -33.0494 -71.6145
74 -33.0494 -71.6146
956 -33.0493 -71.6153
457 -33.0493 -71.6153
401 -33.0493 -71.6151
234 -33.0492 -71.6156
337 -33.0492 -71.6157
701 -33.0492 -71.6156
680 -33.0492 -71.6156
481 -33.0493 -71.6151
64 -33.0494 -71.6148
654 -33.0494 -71.6147
27 -33.0494 -71.6146
240 -33.0493 -71.6149
828 -33.0493 -71.6151
425 -33.0493 -71.615
363 -33.0493 -71.6149
709 -33.0494 -71.6145
744 -33.0503 -71.613
835 -33.0503 -71.613
942 -33.0501 -71.613
201 -33.0501 -71.613
539 -33.0497 -71.6131
164 -33.0497 -71.613
739 -33.0501 -71.613
392 -33.0501 -71.613
100 -33.05 -71.613
336 -33.05 -71.613
902 -33.05 -71.613
915 -33.0499 -71.6129
750 -33.0497 -71.6128
379 -33.0497 -71.6128
524 -33.0498 -71.6125
428 -33.0496 -71.6133
329 -33.0495 -71.6138
656 -33.0496 -71.6136
258 -33.0496 -71.6134
804 -33.0495 -71.6142
522 -33.0494 -71.6145
518 -33.0495 -71.6142
86 -33.0495 -71.6142
180 -33.0496 -71.6133
621 -33.0496 -71.6129
749 -33.0495 -71.6129
996 -33.0495 -71.6129
805 -33.0493 -71.6129
659 -33.0493 -71.6129
186 -33.0493 -71.6129
0 -33.0492 -71.6158
77 -33.0491 -71.6162
780 -33.0491 -71.6161
637 -33.0492 -71.616
374 -33.0491 -71.6164
432 -33.0491 -71.6165
302 -33.0491 -71.6165
462 -33.0491 -71.6164
538 -33.0482 -71.6149
758 -33.0484 -71.6144
418 -33.0484 -71.6144
971 -33.0484 -71.6144
590 -33.0484 -71.6144
728 -33.0483 -71.6147
44 -33.0483 -71.6146
248 -33.0484 -71.6145
648 -33.0482 -71.615
84 -33.0479 -71.6161
778 -33.0479 -71.6161
541 -33.0479 -71.616
855 -33.0479 -71.6162
435 -33.0478 -71.6164
50 -33.0478 -71.6164
314 -33.0479 -71.6162
436 -33.0479 -71.616
851 -33.0481 -71.6153
515 -33.0481 -71.6153
31 -33.0482 -71.6151
960 -33.048 -71.6157
519 -33.048 -71.6159
218 -33.048 -71.6159
823 -33.0484 -71.6144
588 -33.0491 -71.6129
894 -33.049 -71.6129
638 -33.049 -71.6129
666 -33.049 -71.6129
685 -33.0487 -71.6131
947 -33.0487 -71.6129
596 -33.0487 -71.6129
920 -33.0488 -71.6129
24 -33.0488 -71.6129
651 -33.0488 -71.6125
58 -33.0489 -71.6125
964 -33.0488 -71.6129
719 -33.0488 -71.6128
779 -33.0488 -71.6128
342 -33.0488 -71.6127
444 -33.0486 -71.6134
153 -33.0485 -71.6138
345 -33.0485 -71.6137
683 -33.0485 -71.6137
178 -33.0485 -71.6139
119 -33.0484 -71.6143
231 -33.0484 -71.6143
807 -33.0484 -71.6142
133 -33.0485 -71.6137
847 -33.0486 -71.6136
899 -33.0486 -71.6135
494 -33.0484 -71.6129
634 -33.0476 -71.6132
353 -33.0473 -71.6127
54 -33.0469 -71.6126
759 -33.0511 -71.6123
366 -33.0543 -71.6122
307 -33.0543 -71.6122
751 -33.0543 -71.6122
627 -33.0543 -71.6122
563 -33.0541 -71.6123
209 -33.0542 -71.6122
636 -33.0542 -71.6122
52 -33.0544 -71.6122
402 -33.0545 -71.6122
452 -33.0544 -71.6121
175 -33.0544 -71.6121
61 -33.0543 -71.6118
12 -33.0542 -71.6117
927 -33.0541 -71.6116
773 -33.0541 -71.6116
35 -33.0541 -71.6115
51 -33.0541 -71.6123
679 -33.0541 -71.6115
274 -33.0541 -71.6115
642 -33.054 -71.6122
958 -33.0539 -71.6122
390 -33.0538 -71.6113
120 -33.0539 -71.6113
676 -33.0539 -71.6112
556 -33.0539 -71.6112
424 -33.0539 -71.6112
675 -33.0539 -71.6112
190 -33.0539 -71.6112
303 -33.0538 -71.6112
811 -33.0539 -71.6112
782 -33.0539 -71.6112
874 -33.0538 -71.6105
970 -33.0567 -71.6099
132 -33.0554 -71.6094
748 -33.0558 -71.6092
259 -33.0549 -71.6104
384 -33.0543 -71.6105
463 -33.0548 -71.6104
72 -33.0549 -71.6104
83 -33.0546 -71.6085
225 -33.0546 -71.6085
438 -33.0545 -71.6085
858 -33.0545 -71.6085
168 -33.0544 -71.6085
888 -33.0544 -71.6085
922 -33.0543 -71.6085
740 -33.0543 -71.6085
857 -33.0543 -71.6085
282 -33.0542 -71.6085
46 -33.0543 -71.6085
833 -33.0542 -71.6085
422 -33.0542 -71.6085
866 -33.0539 -71.6105
555 -33.0541 -71.6085
472 -33.0542 -71.6085
478 -33.0541 -71.6085
592 -33.0541 -71.6085
138 -33.0541 -71.6085
944 -33.0541 -71.6085
219 -33.054 -71.6085
918 -33.0539 -71.6085
980 -33.0539 -71.6085
276 -33.0538 -71.6113
733 -33.0536 -71.6122
2 -33.0535 -71.6114
187 -33.0537 -71.6113
737 -33.0535 -71.6114
173 -33.0535 -71.6122
480 -33.0532 -71.6121
242 -33.0535 -71.6114
512 -33.0537 -71.6111
674 -33.0536 -71.6111
7 -33.0536 -71.6111
505 -33.0536 -71.6108
797 -33.0536 -71.6111
848 -33.0535 -71.6111
506 -33.0534 -71.611
40 -33.0533 -71.611
910 -33.0532 -71.6115
571 -33.0531 -71.6121
214 -33.0531 -71.6121
14 -33.053 -71.6121
351 -33.053 -71.6121
29 -33.0529 -71.6121
15 -33.0528 -71.6121
295 -33.0527 -71.6121
197 -33.0525 -71.6121
97 -33.0528 -71.6116
578 -33.0529 -71.6116
49 -33.053 -71.6108
299 -33.0526 -71.6117
909 -33.0525 -71.6121
916 -33.0524 -71.6121
26 -33.0536 -71.6107
192 -33.0536 -71.6107
569 -33.0536 -71.6105
825 -33.0536 -71.6085
753 -33.0536 -71.6085
212 -33.0529 -71.6106
603 -33.0528 -71.6106
601 -33.0528 -71.6105
715 -33.0536 -71.6085
664 -33.0536 -71.6085
378 -33.0537 -71.6085
458 -33.0537 -71.6085
984 -33.0535 -71.6085
470 -33.0535 -71.6085
156 -33.0535 -71.6085
540 -33.0535 -71.6085
224 -33.0527 -71.6104
645 -33.0527 -71.6103
89 -33.0527 -71.6103
551 -33.0526 -71.6103
681 -33.0526 -71.6102
22 -33.0526 -71.6102
575 -33.0526 -71.6102
228 -33.0524 -71.61
600 -33.0523 -71.6098
885 -33.0523 -71.6098
204 -33.0523 -71.6097
211 -33.0522 -71.6097
343 -33.0522 -71.6097
863 -33.0522 -71.6096
861 -33.0522 -71.6096
810 -33.054 -71.6085
886 -33.0559 -71.6083
606 -33.0558 -71.6082
876 -33.0558 -71.6082
510 -33.0552 -71.6081
513 -33.0551 -71.6082
527 -33.0551 -71.6082
296 -33.0551 -71.6082
129 -33.0552 -71.6081
528 -33.0574 -71.6081
300 -33.0572 -71.608
474 -33.057 -71.608
934 -33.0553 -71.608
11 -33.0552 -71.6081
469 -33.0552 -71.6081
558 -33.0553 -71.608
461 -33.0551 -71.6082
285 -33.0548 -71.6084
535 -33.0548 -71.6084
473 -33.0548 -71.6084
912 -33.0548 -71.6084
873 -33.0546 -71.6085
477 -33.0546 -71.6085
705 -33.0547 -71.6084
613 -33.0548 -71.6084
929 -33.055 -71.6083
335 -33.055 -71.6082
400 -33.055 -71.6082
411 -33.0549 -71.6083
223 -33.0549 -71.6083
700 -33.0549 -71.6083
657 -33.0549 -71.6083
677 -33.0568 -71.608
808 -33.0568 -71.608
281 -33.0566 -71.608
419 -33.0562 -71.608
63 -33.0562 -71.608
925 -33.0562 -71.608
280 -33.0562 -71.6079
159 -33.0561 -71.6079
112 -33.056 -71.6075
291 -33.0568 -71.6072
441 -33.0574 -71.6048
147 -33.0564 -71.6045
331 -33.0564 -71.6074
491 -33.0563 -71.6074
870 -33.0563 -71.6044
768 -33.0561 -71.6043
903 -33.0558 -71.6079
362 -33.0555 -71.6079
977 -33.0555 -71.6078
672 -33.0557 -71.6078
454 -33.0554 -71.6079
499 -33.0553 -71.608
79 -33.0553 -71.608
332 -33.0554 -71.608
581 -33.0556 -71.6078
311 -33.0556 -71.6078
525 -33.0558 -71.6076
90 -33.0555 -71.6044
924 -33.0552 -71.6044
196 -33.0546 -71.6052
221 -33.0549 -71.6045
98 -33.0541 -71.6069
723 -33.0539 -71.6085
772 -33.0539 -71.6085
878 -33.0538 -71.6085
662 -33.0538 -71.6085
489 -33.0538 -71.6085
769 -33.0538 -71.6085
954 -33.0538 -71.6085
62 -33.0534 -71.6085
503 -33.0534 -71.6085
73 -33.0534 -71.6085
350 -33.0534 -71.6085
843 -33.0534 -71.6085
261 -33.0533 -71.6084
622 -33.0532 -71.6084
557 -33.0532 -71.6084
381 -33.0532 -71.6084
532 -33.0531 -71.6084
110 -33.0531 -71.6084
94 -33.0531 -71.6084
746 -33.0531 -71.6084
741 -33.0521 -71.6085
704 -33.0522 -71.6084
671 -33.0522 -71.6083
398 -33.0522 -71.6083
923 -33.0527 -71.6083
32 -33.0527 -71.6082
626 -33.0527 -71.6082
706 -33.0527 -71.6082
840 -33.0527 -71.6082
183 -33.0526 -71.6082
981 -33.0522 -71.6082
158 -33.0526 -71.6082
952 -33.0526 -71.6082
690 -33.0525 -71.6082
316 -33.0525 -71.6082
137 -33.0525 -71.6082
846 -33.0525 -71.6082
328 -33.0524 -71.6081
468 -33.0524 -71.6081
937 -33.0531 -71.6066
78 -33.054 -71.6047
620 -33.053 -71.6047
169 -33.053 -71.6047
126 -33.0524 -71.6081
595 -33.0525 -71.6069
256 -33.0526 -71.6068
836 -33.0524 -71.6081
167 -33.0523 -71.6081
714 -33.0523 -71.6081
136 -33.0523 -71.6081
502 -33.0522 -71.6079
951 -33.0522 -71.6081
471 -33.0522 -71.608
966 -33.0522 -71.6078
181 -33.0522 -71.6078
752 -33.0522 -71.6078
369 -33.0522 -71.6077
460 -33.0522 -71.6077
56 -33.0522 -71.6077
815 -33.0522 -71.6075
293 -33.0522 -71.6048
382 -33.0521 -71.6072
252 -33.0521 -71.612
577 -33.0521 -71.612
789 -33.0521 -71.612
387 -33.0521 -71.612
23 -33.0521 -71.612
272 -33.0518 -71.612
310 -33.0517 -71.612
160 -33.0516 -71.612
415 -33.0519 -71.6118
745 -33.052 -71.6118
268 -33.052 -71.6118
998 -33.0515 -71.612
649 -33.0515 -71.612
347 -33.0515 -71.6119
143 -33.0515 -71.6119
386 -33.0514 -71.6119
936 -33.0512 -71.612
986 -33.0513 -71.6119
742 -33.0513 -71.6119
309 -33.0512 -71.612
931 -33.0511 -71.6122
151 -33.0511 -71.6122
943 -33.0512 -71.6121
141 -33.0512 -71.6119
905 -33.0513 -71.6117
445 -33.0501 -71.6108
965 -33.0501 -71.6107
689 -33.0501 -71.6108
609 -33.0501 -71.6109
490 -33.0501 -71.6109
104 -33.0501 -71.6109
893 -33.0501 -71.6106
731 -33.0509 -71.6102
397 -33.0508 -71.6102
267 -33.0508 -71.6102
245 -33.0507 -71.6102
806 -33.0506 -71.6102
720 -33.0507 -71.6102
691 -33.0506 -71.6102
887 -33.0506 -71.6102
813 -33.0512 -71.6099
257 -33.0513 -71.6098
371 -33.0513 -71.6098
247 -33.0506 -71.6102
875 -33.0504 -71.6102
554 -33.0505 -71.6102
682 -33.0504 -71.6101
67 -33.0504 -71.6101
6 -33.0502 -71.6103
289 -33.0502 -71.6103
184 -33.0502 -71.6102
616 -33.0501 -71.6104
959 -33.0501 -71.6106
41 -33.0501 -71.6105
552 -33.0501 -71.6105
567 -33.0502 -71.6102
410 -33.0504 -71.6102
264 -33.0504 -71.6101
871 -33.0503 -71.6101
667 -33.0503 -71.6101
921 -33.0502 -71.6102
359 -33.0502 -71.6101
507 -33.05 -71.6111
792 -33.0499 -71.6117
352 -33.0499 -71.6116
543 -33.0499 -71.6116
684 -33.0499 -71.6118
246 -33.0498 -71.6122
841 -33.0498 -71.6121
95 -33.0499 -71.6118
396 -33.05 -71.6115
426 -33.05 -71.6114
443 -33.05 -71.6114
570 -33.05 -71.6113
699 -33.05 -71.6114
777 -33.0499 -71.6113
630 -33.0499 -71.6113
45 -33.0499 -71.6113
584 -33.0498 -71.6113
932 -33.0489 -71.6121
439 -33.049 -71.612
817 -33.049 -71.6118
465 -33.0489 -71.6122
96 -33.0481 -71.6118
241 -33.0481 -71.6117
312 -33.0481 -71.6116
974 -33.0491 -71.6114
114 -33.0498 -71.6113
275 -33.0498 -71.6113
926 -33.0497 -71.6112
449 -33.0497 -71.6112
131 -33.0496 -71.6112
330 -33.0496 -71.6112
451 -33.0495 -71.6112
135 -33.05 -71.6112
37 -33.05 -71.6111
953 -33.05 -71.6111
594 -33.05 -71.6112
969 -33.0493 -71.6112
898 -33.0491 -71.6112
338 -33.049 -71.6112
729 -33.0493 -71.6108
995 -33.0495 -71.6099
39 -33.0493 -71.6099
344 -33.0491 -71.6099
663 -33.049 -71.6099
928 -33.0489 -71.6099
824 -33.0488 -71.6099
459 -33.0488 -71.6098
3 -33.0488 -71.6098
766 -33.0486 -71.6112
33 -33.0486 -71.6112
814 -33.0486 -71.6098
702 -33.0486 -71.6098
526 -33.0484 -71.6111
317 -33.0483 -71.6111
486 -33.0485 -71.6098
249 -33.0484 -71.6098
798 -33.0484 -71.6098
288 -33.0484 -71.6098
865 -33.0483 -71.6098
4 -33.0482 -71.6098
695 -33.0477 -71.6098
985 -33.0476 -71.6098
47 -33.0495 -71.6098
324 -33.0521 -71.6094
593 -33.0521 -71.6094
734 -33.0521 -71.6094
421 -33.052 -71.6093
821 -33.052 -71.6093
319 -33.0519 -71.6092
199 -33.0519 -71.6092
321 -33.0519 -71.6092
284 -33.052 -71.609
349 -33.052 -71.6089
669 -33.052 -71.6088
882 -33.052 -71.609
294 -33.0519 -71.6091
227 -33.0519 -71.6091
736 -33.052 -71.6091
771 -33.0519 -71.6091
357 -33.0518 -71.6093
229 -33.0518 -71.6093
607 -33.0519 -71.6091
997 -33.0517 -71.6094
670 -33.0515 -71.6096
230 -33.0516 -71.6095
375 -33.0517 -71.6094
498 -33.0517 -71.609
68 -33.0517 -71.609
235 -33.0517 -71.609
233 -33.0515 -71.6089
437 -33.0515 -71.6089
738 -33.0515 -71.6088
82 -33.0515 -71.6088
306 -33.0515 -71.6088
856 -33.0521 -71.6087
236 -33.0521 -71.6086
757 -33.0521 -71.6081
785 -33.0521 -71.6081
182 -33.0521 -71.6086
404 -33.0521 -71.6087
832 -33.0521 -71.6087
653 -33.0519 -71.608
990 -33.052 -71.608
770 -33.0521 -71.6072
673 -33.0521 -71.6072
788 -33.052 -71.6069
99 -33.052 -71.6048
365 -33.052 -71.6076
624 -33.0519 -71.6076
244 -33.0517 -71.6063
325 -33.0517 -71.6076
71 -33.0515 -71.6083
243 -33.0515 -71.6083
845 -33.0515 -71.6083
16 -33.0514 -71.6083
185 -33.0513 -71.6087
707 -33.0512 -71.6086
172 -33.0514 -71.6083
406 -33.0516 -71.6082
125 -33.0516 -71.6082
417 -33.0517 -71.6082
957 -33.0514 -71.6053
564 -33.0513 -71.6059
103 -33.0512 -71.6074
358 -33.0512 -71.6059
287 -33.0512 -71.6074
623 -33.0509 -71.6092
395 -33.051 -71.6085
562 -33.0509 -71.6085
91 -33.0509 -71.6085
193 -33.0504 -71.6092
776 -33.0503 -71.6092
215 -33.0505 -71.6086
625 -33.0508 -71.6085
8 -33.0508 -71.6085
534 -33.0508 -71.6085
544 -33.051 -71.6085
658 -33.0508 -71.6085
203 -33.0505 -71.6085
867 -33.0505 -71.6085
791 -33.0501 -71.6084
566 -33.05 -71.6084
536 -33.0499 -71.6084
429 -33.0498 -71.6084
270 -33.0498 -71.6084
650 -33.0496 -71.6094
28 -33.0495 -71.6097
781 -33.0496 -71.6096
121 -33.0496 -71.6094
161 -33.0498 -71.6084
906 -33.0496 -71.6084
508 -33.0496 -71.6084
914 -33.0495 -71.6084
617 -33.0494 -71.6083
717 -33.0491 -71.6083
188 -33.0488 -71.6083
380 -33.0488 -71.6083
993 -33.0511 -71.6074
975 -33.0509 -71.6074
65 -33.0512 -71.6058
232 -33.0507 -71.6073
339 -33.0506 -71.6073
839 -33.0505 -71.6073
149 -33.0506 -71.6066
122 -33.0511 -71.6058
388 -33.0509 -71.6058
628 -33.0508 -71.6057
1 -33.0511 -71.6051
913 -33.0506 -71.6057
492 -33.0502 -71.6056
30 -33.0505 -71.6049
826 -33.0504 -71.6049
989 -33.0501 -71.6072
59 -33.0488 -71.6083
568 -33.0487 -71.6083
895 -33.0501 -71.6072
618 -33.0485 -71.6082
346 -33.0483 -71.6082
559 -33.0478 -71.6082
162 -33.0476 -71.6082
308 -33.0501 -71.6072
21 -33.05 -71.6072
896 -33.0501 -71.6055
800 -33.05 -71.6055
194 -33.0499 -71.6072
514 -33.0496 -71.6053
533 -33.0472 -71.6042
