38 -33.0518 -71.6252
315 -33.0518 -71.6251
327 -33.0518 -71.6249
497 -33.0515 -71.6252
142 -33.0514 -71.6252
115 -33.0515 -71.6252
85 -33.0514 -71.6252
253 -33.0521 -71.6243
930 -33.052 -71.6243
880 -33.0526 -71.6238
177 -33.0522 -71.6238
266 -33.052 -71.6243
678 -33.0515 -71.6243
487 -33.0519 -71.6234
260 -33.0517 -71.6233
66 -33.0513 -71.6253
961 -33.0512 -71.6257
940 -33.0512 -71.6255
176 -33.0512 -71.6254
935 -33.0511 -71.6251
217 -33.0507 -71.6256
479 -33.0507 -71.6251
732 -33.0507 -71.6249
226 -33.0511 -71.6243
5 -33.051 -71.6243
647 -33.051 -71.6243
796 -33.051 -71.6243
799 -33.0509 -71.6236
550 -33.0507 -71.6243
716 -33.0506 -71.6239
694 -33.0507 -71.6237
440 -33.0511 -71.6233
377 -33.0524 -71.6223
210 -33.0524 -71.6223
179 -33.0519 -71.6222
500 -33.0514 -71.6232
703 -33.0512 -71.6231
775 -33.0512 -71.6212
587 -33.0513 -71.6203
216 -33.0512 -71.6203
816 -33.0521 -71.6199
881 -33.0521 -71.6198
376 -33.052 -71.6198
301 -33.0519 -71.6199
373 -33.0514 -71.6202
69 -33.0516 -71.62
542 -33.0518 -71.6199
713 -33.0512 -71.6212
890 -33.0511 -71.6232
283 -33.051 -71.6231
919 -33.051 -71.6202
547 -33.0509 -71.6212
313 -33.0505 -71.6231
901 -33.0508 -71.6231
637 -33.0506 -71.6214
456 -33.0508 -71.6201
355 -33.0508 -71.6201
680 -33.0507 -71.6201
341 -33.0506 -71.6201
761 -33.0505 -71.6201
973 -33.0504 -71.6201
838 -33.0505 -71.6201
302 -33.0504 -71.6218
633 -33.05 -71.6252
883 -33.0503 -71.6252
34 -33.0504 -71.6252
101 -33.0499 -71.6259
598 -33.0496 -71.6259
786 -33.0497 -71.6252
829 -33.0499 -71.6252
109 -33.0504 -71.6252
697 -33.0501 -71.6242
53 -33.0504 -71.6232
399 -33.0504 -71.6221
979 -33.0493 -71.6243
493 -33.0491 -71.6243
589 -33.0491 -71.6243
250 -33.0493 -71.6223
987 -33.0491 -71.6253
92 -33.0491 -71.6253
447 -33.0487 -71.6243
25 -33.0487 -71.6243
859 -33.0486 -71.6232
409 -33.0485 -71.6252
710 -33.0485 -71.6243
999 -33.0484 -71.6233
206 -33.0487 -71.6232
597 -33.0488 -71.6226
144 -33.0489 -71.6225
852 -33.0489 -71.6224
213 -33.0488 -71.6227
412 -33.0488 -71.6228
111 -33.0487 -71.6224
163 -33.0487 -71.6223
116 -33.0504 -71.6221
432 -33.0504 -71.6218
956 -33.0503 -71.621
425 -33.0502 -71.6207
234 -33.0493 -71.6213
687 -33.0493 -71.6215
166 -33.0493 -71.6211
401 -33.0493 -71.6209
74 -33.0501 -71.6205
76 -33.05 -71.6203
434 -33.0494 -71.6201
844 -33.0495 -71.6201
86 -33.0494 -71.6202
891 -33.0493 -71.6204
198 -33.0494 -71.6202
804 -33.0494 -71.6202
448 -33.0493 -71.6216
77 -33.0492 -71.622
340 -33.0492 -71.6217
831 -33.0493 -71.6216
262 -33.0492 -71.6218
17 -33.0487 -71.6219
632 -33.0487 -71.6218
374 -33.0486 -71.6217
780 -33.0484 -71.6216
430 -33.0484 -71.6209
323 -33.0491 -71.6208
654 -33.0483 -71.6206
363 -33.0483 -71.6209
481 -33.0482 -71.6209
548 -33.0483 -71.6205
656 -33.0495 -71.6197
370 -33.0515 -71.6192
869 -33.0519 -71.6185
646 -33.0516 -71.6184
537 -33.0515 -71.6191
765 -33.0511 -71.6186
413 -33.0512 -71.6186
668 -33.0514 -71.6184
57 -33.0514 -71.6184
560 -33.0524 -71.618
774 -33.0523 -71.618
475 -33.0525 -71.6172
936 -33.0519 -71.6168
931 -33.0519 -71.6169
818 -33.0515 -71.6166
943 -33.0515 -71.6166
189 -33.051 -71.6186
134 -33.0507 -71.6192
963 -33.051 -71.6186
367 -33.0509 -71.6185
255 -33.0501 -71.6183
428 -33.0498 -71.619
379 -33.0495 -71.6189
549 -33.05 -71.6185
582 -33.0507 -71.618
978 -33.0506 -71.618
407 -33.0504 -71.6179
389 -33.0503 -71.6166
426 -33.0502 -71.6166
408 -33.0501 -71.6178
689 -33.0498 -71.6167
743 -33.0502 -71.6166
286 -33.0514 -71.6166
118 -33.0526 -71.6158
945 -33.0525 -71.6157
991 -33.0524 -71.6157
872 -33.0524 -71.615
297 -33.0518 -71.6156
792 -33.0518 -71.6152
299 -33.0519 -71.6152
976 -33.0523 -71.615
482 -33.0522 -71.6149
578 -33.052 -71.6147
507 -33.052 -71.6147
910 -33.0518 -71.6148
561 -33.0517 -71.6147
242 -33.0517 -71.6146
737 -33.0515 -71.6145
483 -33.0515 -71.6144
20 -33.0515 -71.6165
356 -33.0514 -71.6165
640 -33.0515 -71.6163
18 -33.0509 -71.6164
450 -33.0497 -71.6159
822 -33.0497 -71.6158
268 -33.0507 -71.6158
842 -33.0514 -71.6156
464 -33.0508 -71.6156
950 -33.0508 -71.6155
2 -33.0515 -71.6144
608 -33.0508 -71.6155
879 -33.0505 -71.6155
60 -33.0505 -71.6155
433 -33.0495 -71.6166
760 -33.0495 -71.6195
42 -33.0494 -71.6188
361 -33.0494 -71.6188
539 -33.0494 -71.6192
524 -33.0494 -71.6187
841 -33.0492 -71.6183
95 -33.049 -71.6181
352 -33.0489 -71.618
959 -33.0489 -71.617
146 -33.0489 -71.617
41 -33.0489 -71.6169
391 -33.0489 -71.6171
443 -33.0488 -71.6178
150 -33.0487 -71.6176
609 -33.0488 -71.6174
641 -33.0487 -71.6176
684 -33.0485 -71.6181
455 -33.0486 -71.6181
396 -33.0486 -71.618
809 -33.0484 -71.6183
803 -33.0483 -71.6187
730 -33.0483 -71.6187
246 -33.0484 -71.6186
543 -33.0486 -71.618
698 -33.0486 -71.6179
699 -33.0486 -71.6179
570 -33.0487 -71.6177
754 -33.0486 -71.618
488 -33.0483 -71.6173
953 -33.0484 -71.617
871 -33.049 -71.6166
6 -33.0493 -71.6165
893 -33.0495 -71.6163
251 -33.0495 -71.6163
955 -33.0493 -71.6165
726 -33.0493 -71.6165
123 -33.0492 -71.6165
279 -33.0492 -71.6165
476 -33.0495 -71.6163
375 -33.0494 -71.6146
319 -33.0494 -71.6144
229 -33.0494 -71.6144
295 -33.0494 -71.6148
887 -33.0491 -71.6162
415 -33.0492 -71.6157
257 -33.0493 -71.6152
602 -33.0491 -71.6165
921 -33.049 -71.6166
107 -33.0491 -71.6165
141 -33.049 -71.6165
269 -33.049 -71.6166
693 -33.049 -71.6165
520 -33.049 -71.6165
184 -33.0489 -71.6165
442 -33.0486 -71.6164
682 -33.0491 -71.6164
580 -33.0485 -71.6164
554 -33.0491 -71.6162
271 -33.0485 -71.6164
731 -33.0483 -71.6147
745 -33.0484 -71.6144
267 -33.0482 -71.6149
849 -33.0477 -71.6253
735 -33.0477 -71.6253
629 -33.0478 -71.6253
36 -33.0475 -71.6233
360 -33.0474 -71.6253
484 -33.0468 -71.6242
453 -33.0468 -71.6233
868 -33.0475 -71.6233
854 -33.0473 -71.6232
586 -33.0473 -71.623
631 -33.0469 -71.6228
130 -33.0468 -71.6232
900 -33.0468 -71.6229
529 -33.0466 -71.6229
394 -33.0467 -71.6229
80 -33.0466 -71.6256
485 -33.0466 -71.6255
764 -33.0465 -71.6252
583 -33.0465 -71.6252
509 -33.0465 -71.6252
718 -33.0465 -71.6257
222 -33.0463 -71.6256
911 -33.0465 -71.6251
939 -33.0464 -71.6249
755 -33.0464 -71.6245
263 -33.0465 -71.6229
897 -33.0465 -71.6229
9 -33.0464 -71.6249
55 -33.0463 -71.6247
722 -33.0462 -71.6243
318 -33.0463 -71.6229
660 -33.0468 -71.6228
337 -33.048 -71.6214
701 -33.048 -71.6213
457 -33.0481 -71.6211
612 -33.0474 -71.6227
884 -33.0474 -71.6227
462 -33.0474 -71.6225
688 -33.0474 -71.6225
783 -33.0482 -71.621
431 -33.0475 -71.6205
709 -33.0482 -71.6204
522 -33.0482 -71.6204
665 -33.0475 -71.6206
93 -33.0474 -71.6208
27 -33.0474 -71.6208
278 -33.0474 -71.6208
64 -33.0474 -71.6209
195 -33.0474 -71.6221
0 -33.0473 -71.6219
828 -33.0472 -71.6212
191 -33.0471 -71.6228
692 -33.0468 -71.6228
834 -33.047 -71.6228
574 -33.0463 -71.6213
648 -33.0463 -71.6212
240 -33.0473 -71.621
496 -33.0465 -71.6206
231 -33.0465 -71.6205
418 -33.0465 -71.6206
538 -33.0463 -71.6211
728 -33.0464 -71.6209
983 -33.0462 -71.623
516 -33.0462 -71.6258
696 -33.046 -71.6256
322 -33.046 -71.6254
802 -33.046 -71.6255
277 -33.046 -71.6257
938 -33.0459 -71.6255
139 -33.0458 -71.6255
205 -33.0459 -71.6254
530 -33.046 -71.6244
511 -33.046 -71.6242
152 -33.0462 -71.6241
820 -33.0459 -71.6253
708 -33.0457 -71.6241
383 -33.0458 -71.6237
605 -33.0459 -71.6234
348 -33.045 -71.6233
220 -33.0437 -71.6256
784 -33.0436 -71.6256
827 -33.0437 -71.6244
643 -33.0435 -71.6245
988 -33.0435 -71.6254
982 -33.0434 -71.6253
88 -33.0434 -71.6248
427 -33.0437 -71.6244
972 -33.0446 -71.6239
635 -33.0446 -71.6239
933 -33.045 -71.6234
793 -33.0445 -71.6239
644 -33.0439 -71.6243
724 -33.0441 -71.6241
639 -33.0451 -71.6232
889 -33.046 -71.6231
314 -33.0457 -71.6222
519 -33.0459 -71.622
855 -33.0457 -71.6223
862 -33.0455 -71.6225
941 -33.0455 -71.6225
435 -33.0455 -71.6225
904 -33.046 -71.6218
572 -33.0461 -71.6216
13 -33.0461 -71.6216
31 -33.0462 -71.6214
273 -33.0456 -71.6205
84 -33.0454 -71.6212
778 -33.0455 -71.621
174 -33.0456 -71.6206
573 -33.0454 -71.6227
113 -33.0452 -71.623
170 -33.0452 -71.6227
81 -33.0449 -71.6225
48 -33.0448 -71.6224
794 -33.0447 -71.6225
553 -33.0447 -71.6224
157 -33.0447 -71.6224
968 -33.044 -71.6223
333 -33.0447 -71.6208
604 -33.0445 -71.6208
10 -33.0449 -71.6207
155 -33.0444 -71.6207
610 -33.044 -71.622
763 -33.0443 -71.6207
207 -33.0482 -71.6204
565 -33.0481 -71.6202
721 -33.0478 -71.6197
864 -33.0478 -71.6196
258 -33.0478 -71.6197
329 -33.0476 -71.6201
495 -33.0476 -71.62
787 -33.0477 -71.6198
180 -33.0479 -71.6196
254 -33.0481 -71.6193
292 -33.0481 -71.6192
750 -33.0481 -71.6191
164 -33.048 -71.6193
812 -33.0479 -71.6195
767 -33.0479 -71.6194
992 -33.048 -71.6194
518 -33.0475 -71.6204
727 -33.0467 -71.62
614 -33.0467 -71.62
345 -33.0467 -71.62
178 -33.0466 -71.6202
807 -33.0465 -71.6204
830 -33.0464 -71.6203
971 -33.0464 -71.6203
683 -33.0467 -71.62
947 -33.0469 -71.6192
920 -33.047 -71.6191
779 -33.047 -71.6191
685 -33.0469 -71.6194
444 -33.0468 -71.6197
847 -33.0464 -71.6193
153 -33.0463 -71.6193
860 -33.047 -71.6189
932 -33.0472 -71.6183
817 -33.0473 -71.6181
777 -33.0477 -71.6168
439 -33.0472 -71.6183
465 -33.0471 -71.6184
974 -33.0471 -71.6172
336 -33.0471 -71.6172
819 -33.0478 -71.6162
649 -33.0482 -71.615
998 -33.0482 -71.6149
160 -33.0482 -71.6149
67 -33.0481 -71.6153
801 -33.0474 -71.6162
290 -33.0479 -71.6161
445 -33.0479 -71.6161
965 -33.0471 -71.6147
651 -33.0471 -71.6189
805 -33.047 -71.6184
466 -33.047 -71.6171
546 -33.0468 -71.6161
342 -33.0467 -71.6183
320 -33.0466 -71.6182
117 -33.0466 -71.6161
892 -33.0463 -71.616
131 -33.047 -71.6158
594 -33.047 -71.6154
334 -33.0468 -71.6147
661 -33.0464 -71.6147
114 -33.0463 -71.6147
372 -33.0463 -71.6147
926 -33.0463 -71.6147
106 -33.0458 -71.6201
850 -33.0458 -71.6201
504 -33.0459 -71.6192
515 -33.0456 -71.62
712 -33.0451 -71.6203
851 -33.0455 -71.62
218 -33.0452 -71.6199
44 -33.0457 -71.6191
58 -33.0462 -71.617
638 -33.0461 -71.617
894 -33.0461 -71.617
719 -33.046 -71.6169
304 -33.0455 -71.6191
596 -33.0459 -71.6169
795 -33.0458 -71.6169
248 -33.0451 -71.6179
165 -33.0449 -71.62
50 -33.0448 -71.6199
239 -33.0447 -71.6199
949 -33.0446 -71.6199
853 -33.0445 -71.6199
416 -33.0445 -71.6199
140 -33.0445 -71.6198
541 -33.045 -71.6198
436 -33.045 -71.6198
652 -33.0449 -71.6189
364 -33.0449 -71.6189
960 -33.0447 -71.6189
590 -33.0445 -71.6169
823 -33.0445 -71.6169
119 -33.0446 -71.6169
545 -33.046 -71.616
908 -33.0462 -71.616
729 -33.0461 -71.6148
946 -33.0459 -71.616
317 -33.0459 -71.616
666 -33.0455 -71.616
96 -33.0453 -71.616
451 -33.0461 -71.6147
599 -33.0461 -71.6147
655 -33.046 -71.6146
835 -33.0458 -71.6146
942 -33.0457 -71.6146
201 -33.0456 -71.6146
392 -33.0456 -71.6145
338 -33.0455 -71.6145
756 -33.0452 -71.6169
128 -33.045 -71.6169
899 -33.0452 -71.6169
393 -33.0452 -71.6168
148 -33.0449 -71.6159
758 -33.0445 -71.6169
133 -33.0445 -71.6159
385 -33.0447 -71.6159
634 -33.044 -71.6159
588 -33.0448 -71.6147
766 -33.0451 -71.6145
526 -33.045 -71.6145
312 -33.0443 -71.6145
75 -33.044 -71.6159
241 -33.0443 -71.6145
252 -33.0484 -71.6144
505 -33.0517 -71.6136
192 -33.0518 -71.6136
948 -33.0526 -71.6136
782 -33.0516 -71.6141
531 -33.0514 -71.6143
556 -33.0514 -71.6138
675 -33.0513 -71.6138
298 -33.0518 -71.6132
874 -33.0518 -71.6131
866 -33.0517 -71.6131
592 -33.0516 -71.6118
994 -33.0516 -71.6131
810 -33.0514 -71.6119
772 -33.0514 -71.6119
132 -33.0515 -71.6119
501 -33.0513 -71.6143
124 -33.0513 -71.6143
390 -33.0512 -71.6139
811 -33.0513 -71.6138
120 -33.0512 -71.6139
276 -33.0512 -71.614
686 -33.0502 -71.613
238 -33.0501 -71.613
463 -33.0511 -71.6129
420 -33.0511 -71.6125
414 -33.0511 -71.6124
19 -33.0512 -71.6119
747 -33.0511 -71.6127
72 -33.0511 -71.6127
521 -33.0511 -71.6126
576 -33.0511 -71.6126
922 -33.0518 -71.6118
873 -33.0521 -71.6117
970 -33.0524 -71.6117
98 -33.0525 -71.6117
83 -33.052 -71.6118
790 -33.0513 -71.6118
326 -33.0513 -71.6117
43 -33.0515 -71.6114
917 -33.0511 -71.6114
354 -33.0523 -71.6097
368 -33.0519 -71.6093
579 -33.052 -71.6093
925 -33.0516 -71.6095
591 -33.0508 -71.6102
469 -33.0507 -71.6102
525 -33.0514 -71.6097
523 -33.0506 -71.6113
569 -33.0502 -71.6113
46 -33.0501 -71.6107
857 -33.0501 -71.6107
937 -33.0501 -71.6107
954 -33.0501 -71.6113
472 -33.0501 -71.6108
422 -33.0501 -71.6108
225 -33.0502 -71.6103
307 -33.0505 -71.6102
513 -33.0506 -71.6102
636 -33.0506 -71.6102
400 -33.0504 -71.6102
402 -33.0504 -71.6101
52 -33.0504 -71.6101
555 -33.0501 -71.6109
704 -33.0496 -71.6135
671 -33.0496 -71.6134
127 -33.0498 -71.6129
958 -33.0496 -71.6135
349 -33.0495 -71.614
669 -33.0495 -71.6139
856 -33.0496 -71.6137
26 -33.0498 -71.6129
923 -33.0498 -71.6125
32 -33.0498 -71.6125
746 -33.0498 -71.6122
626 -33.0498 -71.6126
158 -33.0497 -71.6129
316 -33.0497 -71.6128
137 -33.0497 -71.6128
882 -33.0495 -71.6141
321 -33.0494 -71.6143
480 -33.0495 -71.6142
284 -33.0495 -71.6141
762 -33.0494 -71.6144
199 -33.0494 -71.6143
577 -33.0484 -71.6143
97 -33.0486 -71.6135
51 -33.0494 -71.6129
642 -33.0493 -71.6129
187 -33.0491 -71.6129
398 -33.0489 -71.6123
182 -33.0488 -71.6127
351 -33.0483 -71.6129
404 -33.0488 -71.6127
622 -33.0499 -71.6119
378 -33.05 -71.6114
769 -33.05 -71.6113
662 -33.05 -71.6113
470 -33.0499 -71.6117
305 -33.0499 -71.6113
825 -33.0497 -71.6113
962 -33.0497 -71.6112
94 -33.0493 -71.6112
219 -33.05 -71.6111
944 -33.05 -71.611
613 -33.0499 -71.6091
35 -33.0497 -71.61
773 -33.0496 -71.61
282 -33.0496 -71.6095
740 -33.0496 -71.6095
110 -33.0493 -71.6112
840 -33.0491 -71.6116
733 -33.0491 -71.6114
173 -33.0489 -71.6112
846 -33.0486 -71.6112
571 -33.0485 -71.6111
214 -33.0485 -71.6111
981 -33.0483 -71.6111
167 -33.0484 -71.6111
984 -33.0491 -71.6099
674 -33.049 -71.6099
843 -33.049 -71.6099
261 -33.0488 -71.6099
29 -33.0483 -71.6111
145 -33.0484 -71.6111
274 -33.0499 -71.6091
677 -33.052 -71.609
467 -33.0516 -71.6089
291 -33.052 -71.6089
619 -33.0514 -71.6087
259 -33.0513 -71.6086
331 -33.0513 -71.6084
281 -33.0513 -71.6084
808 -33.0516 -71.6082
528 -33.0521 -71.6081
300 -33.0521 -71.6076
748 -33.052 -71.6076
768 -33.0519 -71.6076
474 -33.0517 -71.6082
751 -33.0514 -71.6076
491 -33.0513 -71.6075
967 -33.0512 -71.6085
154 -33.0512 -71.6088
237 -33.0512 -71.6086
419 -33.0511 -71.6085
384 -33.0507 -71.6085
563 -33.0506 -71.6085
196 -33.0505 -71.6085
672 -33.0505 -71.6085
366 -33.0505 -71.6085
63 -33.0512 -71.6075
886 -33.0511 -71.6074
112 -33.0511 -71.6074
876 -33.0509 -71.6074
209 -33.0505 -71.6085
627 -33.0504 -71.6085
927 -33.0508 -71.6074
175 -33.052 -71.6069
280 -33.0518 -71.6065
679 -33.0517 -71.6062
903 -33.0517 -71.6061
159 -33.0516 -71.6068
606 -33.0515 -71.6067
311 -33.0516 -71.6059
581 -33.0516 -71.6059
303 -33.0516 -71.6059
441 -33.0525 -71.6056
332 -33.0515 -71.6056
40 -33.0513 -71.6054
461 -33.0512 -71.6052
79 -33.0511 -71.6058
527 -33.0512 -71.6052
147 -33.0512 -71.6052
499 -33.0511 -71.6058
506 -33.051 -71.6058
929 -33.0508 -71.6057
411 -33.0507 -71.6057
558 -33.0507 -71.6066
221 -33.0507 -71.6066
129 -33.0506 -71.6066
212 -33.0505 -71.6057
705 -33.0504 -71.6056
870 -33.0511 -71.6052
223 -33.051 -71.6051
473 -33.051 -71.6051
551 -33.0507 -71.6048
858 -33.0506 -71.605
90 -33.0505 -71.6049
335 -33.0503 -71.6066
977 -33.0503 -71.6085
362 -33.0503 -71.6085
454 -33.0502 -71.6085
452 -33.0502 -71.6085
535 -33.0499 -71.6091
61 -33.0498 -71.6084
12 -33.0498 -71.6084
934 -33.0503 -71.6073
512 -33.0502 -71.6072
848 -33.0501 -71.607
657 -33.0503 -71.6066
11 -33.0501 -71.6072
510 -33.0501 -71.6072
296 -33.05 -71.6072
797 -33.0501 -71.6072
190 -33.0497 -71.6091
912 -33.0494 -71.6084
676 -33.0493 -71.6083
424 -33.0492 -71.6083
888 -33.0491 -71.6083
723 -33.0489 -71.6091
503 -33.0485 -71.6091
7 -33.0489 -71.6083
833 -33.0487 -71.6083
438 -33.0493 -71.607
138 -33.0489 -71.607
228 -33.0488 -71.6066
753 -33.0488 -71.6066
478 -33.0487 -71.6083
49 -33.0483 -71.6082
285 -33.0502 -71.6066
700 -33.0502 -71.6066
645 -33.0502 -71.6056
168 -33.0502 -71.6056
477 -33.0499 -71.6065
918 -33.0498 -71.6054
878 -33.0496 -71.6054
458 -33.0495 -71.6053
664 -33.0493 -71.6053
980 -33.0501 -71.6047
924 -33.0501 -71.6047
489 -33.05 -71.6046
540 -33.0498 -71.6045
156 -33.0498 -71.6045
73 -33.0496 -71.6044
557 -33.0497 -71.6043
706 -33.0493 -71.6037
78 -33.0492 -71.6052
593 -33.0492 -71.6052
421 -33.0491 -71.6052
227 -33.0491 -71.6051
350 -33.0486 -71.6065
62 -33.0486 -71.6065
381 -33.049 -71.605
532 -33.049 -71.605
502 -33.0484 -71.604
620 -33.0484 -71.6038
169 -33.0484 -71.6038
752 -33.0484 -71.6039
966 -33.0483 -71.6038
181 -33.0483 -71.6038
14 -33.0483 -71.6129
272 -33.0475 -71.6134
446 -33.0476 -71.6133
23 -33.0476 -71.6132
776 -33.0474 -71.6134
143 -33.0473 -71.6139
310 -33.0473 -71.6134
806 -33.0472 -71.6134
813 -33.0476 -71.6132
405 -33.0478 -71.6129
105 -33.0478 -71.6129
197 -33.0479 -71.6128
907 -33.0478 -71.6128
371 -33.0477 -71.6131
916 -33.0476 -71.6127
387 -33.0475 -71.6127
309 -33.0472 -71.6143
386 -33.0471 -71.6133
986 -33.0469 -71.6133
410 -33.0469 -71.6133
567 -33.0466 -71.6132
552 -33.0464 -71.6134
759 -33.0465 -71.6132
616 -33.0465 -71.6132
781 -33.0464 -71.6132
423 -33.0471 -71.6127
245 -33.0468 -71.6126
691 -33.0468 -71.6126
247 -33.0468 -71.6126
208 -33.0463 -71.6132
202 -33.0461 -71.6131
615 -33.0461 -71.6131
359 -33.0465 -71.6125
832 -33.0481 -71.6115
741 -33.0482 -71.6114
15 -33.0482 -71.6112
294 -33.048 -71.612
997 -33.0479 -71.6124
611 -33.0473 -71.6113
357 -33.0473 -71.6112
236 -33.048 -71.6111
468 -33.0479 -71.6098
952 -33.048 -71.6098
603 -33.0481 -71.6098
909 -33.0479 -71.6111
789 -33.0475 -71.611
736 -33.0474 -71.611
757 -33.0476 -71.6098
230 -33.0473 -71.6114
403 -33.0473 -71.6124
347 -33.0468 -71.6109
670 -33.0467 -71.6109
171 -33.0463 -71.6125
151 -33.0463 -71.6125
102 -33.0462 -71.6124
397 -33.0462 -71.6111
742 -33.0467 -71.6109
172 -33.0468 -71.6098
16 -33.0469 -71.6098
861 -33.047 -71.6098
395 -33.0464 -71.6098
905 -33.0463 -71.6109
8 -33.0461 -71.6098
108 -33.0461 -71.6124
104 -33.0461 -71.6131
837 -33.0459 -71.6131
630 -33.0456 -71.613
584 -33.0456 -71.613
725 -33.0456 -71.613
877 -33.0455 -71.613
330 -33.0453 -71.613
711 -33.0461 -71.6124
200 -33.046 -71.6124
70 -33.0456 -71.6123
490 -33.0456 -71.6123
37 -33.0456 -71.6122
135 -33.0455 -71.6122
87 -33.0454 -71.6122
45 -33.0453 -71.6122
265 -33.0453 -71.6121
739 -33.0448 -71.613
915 -33.0446 -71.6129
517 -33.0451 -71.6129
749 -33.0443 -71.6129
996 -33.0442 -71.6129
964 -33.044 -71.6129
985 -33.044 -71.6129
898 -33.0449 -71.6129
902 -33.0448 -71.6129
744 -33.0451 -71.6129
969 -33.045 -71.6129
798 -33.0443 -71.6121
186 -33.0441 -71.6125
621 -33.0441 -71.6122
585 -33.045 -71.6121
264 -33.0456 -71.6109
720 -33.0459 -71.6108
875 -33.0457 -71.6108
667 -33.0454 -71.6108
289 -33.0453 -71.6107
449 -33.0447 -71.6107
275 -33.0447 -71.6107
47 -33.0447 -71.6107
121 -33.0447 -71.6103
215 -33.0459 -71.6098
193 -33.0453 -71.6098
650 -33.0447 -71.6104
28 -33.0447 -71.6107
995 -33.0446 -71.6106
39 -33.0446 -71.6105
344 -33.0446 -71.6102
100 -33.0444 -71.612
814 -33.0444 -71.6118
824 -33.0445 -71.6115
486 -33.0444 -71.6119
659 -33.0442 -71.612
24 -33.0442 -71.6113
4 -33.0443 -71.6106
288 -33.0443 -71.6104
928 -33.0443 -71.61
663 -33.0445 -71.61
494 -33.0443 -71.61
249 -33.0443 -71.6103
459 -33.0443 -71.61
3 -33.0443 -71.6099
243 -33.0469 -71.6098
126 -33.0479 -71.6098
22 -33.0478 -71.6098
681 -33.0477 -71.6098
575 -33.0477 -71.6098
885 -33.0473 -71.6098
653 -33.0474 -71.6098
990 -33.0474 -71.6098
183 -33.0477 -71.6091
715 -33.0483 -71.6082
601 -33.0479 -71.6082
256 -33.0479 -71.6082
595 -33.0479 -71.6082
211 -33.0474 -71.609
324 -33.0472 -71.609
224 -33.0478 -71.6082
600 -33.0472 -71.6082
785 -33.0471 -71.609
343 -33.047 -71.6081
204 -33.047 -71.6081
328 -33.047 -71.6081
845 -33.047 -71.6098
821 -33.047 -71.609
406 -33.0465 -71.609
836 -33.0469 -71.6081
714 -33.0469 -71.6081
136 -33.0469 -71.6081
734 -33.0468 -71.6081
951 -33.0468 -71.6081
771 -33.0464 -71.6081
607 -33.0464 -71.6081
235 -33.0463 -71.6081
89 -33.0479 -71.6077
863 -33.0474 -71.6072
690 -33.0477 -71.6067
471 -33.0473 -71.6067
369 -33.0473 -71.6065
460 -33.0473 -71.6064
56 -33.0473 -71.6064
233 -33.0473 -71.6062
99 -33.0476 -71.6041
673 -33.048 -71.6036
382 -33.048 -71.6036
815 -33.0482 -71.6035
770 -33.0479 -71.604
788 -33.0476 -71.6041
293 -33.0478 -71.604
244 -33.0474 -71.6033
365 -33.0473 -71.6061
624 -33.0473 -71.6061
325 -33.0472 -71.6058
91 -33.0471 -71.6053
498 -33.0471 -71.6068
185 -33.0466 -71.6069
437 -33.0468 -71.6069
957 -33.0468 -71.6069
287 -33.0471 -71.6052
1 -33.0467 -71.605
564 -33.0465 -71.6045
536 -33.0469 -71.6041
122 -33.0465 -71.6042
65 -33.0463 -71.6046
358 -33.0464 -71.6046
534 -33.0463 -71.6067
68 -33.0462 -71.6081
417 -33.0461 -71.6081
125 -33.046 -71.6081
707 -33.046 -71.6089
623 -33.0454 -71.6089
82 -33.046 -71.6081
738 -33.046 -71.6081
306 -33.046 -71.6081
71 -33.046 -71.6081
975 -33.0457 -71.6071
103 -33.046 -71.6071
625 -33.0456 -71.6076
544 -33.0455 -71.608
839 -33.0454 -71.6071
339 -33.0455 -71.6071
562 -33.0453 -71.608
702 -33.0442 -71.6098
865 -33.0444 -71.6092
867 -33.0449 -71.608
33 -33.0442 -71.6096
695 -33.0441 -71.6087
353 -33.0441 -71.6086
54 -33.044 -71.6082
566 -33.0446 -71.6078
270 -33.0448 -71.6072
149 -33.045 -71.6071
194 -33.0448 -71.6071
21 -33.0448 -71.6072
429 -33.0446 -71.6075
914 -33.0445 -71.6072
533 -33.0433 -71.6067
658 -33.0463 -71.6067
993 -33.0463 -71.6066
203 -33.0462 -71.6063
232 -33.0462 -71.606
895 -33.0455 -71.6064
308 -33.0455 -71.6064
791 -33.0462 -71.6059
906 -33.0461 -71.6053
508 -33.0461 -71.6052
628 -33.0459 -71.6048
388 -33.0461 -71.6047
913 -33.0458 -71.6048
826 -33.0456 -71.6049
492 -33.0457 -71.6045
30 -33.0458 -71.6045
161 -33.0455 -71.6063
989 -33.0455 -71.6063
617 -33.0455 -71.6059
717 -33.0454 -71.6056
59 -33.0442 -71.6064
380 -33.0442 -71.6063
618 -33.0442 -71.606
162 -33.0434 -71.6057
188 -33.0452 -71.6051
568 -33.0452 -71.6051
896 -33.0454 -71.605
800 -33.0453 -71.6046
514 -33.0451 -71.6048
346 -33.045 -71.6048
559 -33.0449 -71.6042
