38 -33.0514 -71.6253
327 -33.0516 -71.6252
935 -33.0515 -71.6252
940 -33.0513 -71.626
176 -33.0512 -71.626
142 -33.0512 -71.6256
497 -33.0512 -71.6255
315 -33.0514 -71.6252
266 -33.0519 -71.6248
930 -33.0519 -71.6248
880 -33.0521 -71.6238
177 -33.0517 -71.6238
115 -33.0511 -71.6251
253 -33.0516 -71.6243
678 -33.0511 -71.6243
961 -33.0511 -71.6259
66 -33.0508 -71.6255
85 -33.051 -71.6251
732 -33.051 -71.6251
226 -33.0507 -71.6243
217 -33.0503 -71.6258
5 -33.0505 -71.6242
796 -33.0505 -71.6242
647 -33.0505 -71.6242
799 -33.0508 -71.6241
890 -33.0507 -71.6235
703 -33.0508 -71.6234
440 -33.0507 -71.6236
550 -33.0502 -71.6242
716 -33.0503 -71.6242
694 -33.0504 -71.6241
500 -33.051 -71.6232
487 -33.0515 -71.6232
377 -33.052 -71.6222
210 -33.0519 -71.6222
179 -33.0514 -71.6222
260 -33.0513 -71.6232
956 -33.0506 -71.6213
713 -33.0507 -71.6212
775 -33.0507 -71.6212
373 -33.0514 -71.6208
542 -33.0515 -71.6202
301 -33.0515 -71.6201
69 -33.0513 -71.6203
680 -33.0511 -71.6202
587 -33.0509 -71.6202
216 -33.0507 -71.6201
547 -33.0506 -71.6214
283 -33.0505 -71.6231
637 -33.0504 -71.6219
425 -33.0504 -71.621
901 -33.0503 -71.6231
432 -33.0503 -71.6223
302 -33.0503 -71.6223
973 -33.0503 -71.6206
838 -33.0504 -71.6205
355 -33.0504 -71.6202
919 -33.0505 -71.6201
456 -33.0504 -71.62
76 -33.0504 -71.6205
761 -33.0503 -71.6205
341 -33.0504 -71.6204
479 -33.0502 -71.6252
633 -33.0496 -71.6252
883 -33.0498 -71.6252
34 -33.0499 -71.6252
101 -33.0494 -71.626
598 -33.0491 -71.626
786 -33.0492 -71.6253
829 -33.0494 -71.6253
109 -33.05 -71.6252
697 -33.0497 -71.6243
53 -33.0499 -71.6232
313 -33.05 -71.6231
206 -33.0491 -71.6232
447 -33.0489 -71.6246
979 -33.0489 -71.6243
250 -33.0489 -71.6224
852 -33.0488 -71.6229
987 -33.0486 -71.6252
493 -33.0487 -71.6243
589 -33.0487 -71.6243
92 -33.0486 -71.6252
735 -33.0481 -71.6253
25 -33.0483 -71.6244
859 -33.0481 -71.6233
412 -33.0485 -71.6232
597 -33.0487 -71.6231
144 -33.0487 -71.623
632 -33.0487 -71.6224
213 -33.0486 -71.6232
111 -33.0482 -71.6226
163 -33.0483 -71.6225
17 -33.0486 -71.6224
77 -33.0494 -71.6223
399 -33.05 -71.6223
116 -33.05 -71.6223
234 -33.0495 -71.6217
166 -33.0494 -71.6215
340 -33.0493 -71.6221
448 -33.0493 -71.622
401 -33.0493 -71.6214
74 -33.0502 -71.6209
804 -33.0494 -71.6207
198 -33.0494 -71.6207
656 -33.0495 -71.6201
86 -33.0494 -71.6206
891 -33.0493 -71.6208
844 -33.0494 -71.6205
434 -33.0492 -71.6205
687 -33.049 -71.6219
374 -33.0487 -71.6222
831 -33.049 -71.6219
262 -33.0488 -71.6218
780 -33.0487 -71.6219
337 -33.0481 -71.6219
701 -33.0484 -71.6215
457 -33.0482 -71.6214
654 -33.0482 -71.621
522 -33.0484 -71.6209
323 -33.0486 -71.6207
565 -33.0484 -71.6206
207 -33.0484 -71.6209
548 -33.0483 -71.6209
709 -33.0483 -71.6209
760 -33.0497 -71.62
376 -33.052 -71.62
881 -33.052 -71.62
816 -33.0519 -71.6199
765 -33.0512 -71.6189
537 -33.0512 -71.6192
370 -33.051 -71.6192
413 -33.0512 -71.6188
869 -33.0515 -71.6184
560 -33.0519 -71.6179
774 -33.0519 -71.6179
475 -33.052 -71.617
936 -33.0517 -71.6169
646 -33.0512 -71.6183
931 -33.0516 -71.617
356 -33.0511 -71.6169
668 -33.051 -71.6182
134 -33.0503 -71.6192
963 -33.0505 -71.6184
189 -33.0505 -71.6184
428 -33.0502 -71.6192
379 -33.0499 -71.6191
255 -33.0499 -71.6188
549 -33.0498 -71.6187
367 -33.0505 -71.6184
57 -33.051 -71.6182
582 -33.0502 -71.6179
978 -33.0502 -71.6178
407 -33.05 -71.6178
689 -33.0497 -71.6169
743 -33.0498 -71.6168
389 -33.0499 -71.6168
433 -33.0499 -71.6167
945 -33.0521 -71.6158
118 -33.0522 -71.6157
991 -33.052 -71.6156
578 -33.0518 -71.6152
842 -33.0515 -71.6162
792 -33.0515 -71.6155
299 -33.0516 -71.6155
507 -33.0519 -71.6151
872 -33.052 -71.6148
482 -33.0519 -71.6147
976 -33.052 -71.6147
2 -33.0518 -71.6148
910 -33.0515 -71.615
242 -33.0517 -71.6148
737 -33.0518 -71.6148
297 -33.0514 -71.6156
640 -33.0514 -71.6165
20 -33.0513 -71.6164
818 -33.0512 -71.6163
943 -33.0512 -71.6166
286 -33.0511 -71.6167
18 -33.0504 -71.6165
426 -33.0507 -71.6164
268 -33.0511 -71.6161
608 -33.0505 -71.6157
464 -33.0505 -71.6156
950 -33.0505 -71.6154
879 -33.0503 -71.6158
893 -33.0497 -71.6159
60 -33.0503 -71.6158
524 -33.0497 -71.619
539 -33.0496 -71.6197
361 -33.0494 -71.6192
42 -33.0494 -71.6192
95 -33.0494 -71.6185
841 -33.0493 -71.6188
352 -33.0493 -71.6184
443 -33.0491 -71.6182
408 -33.0496 -71.6177
921 -33.0489 -71.6171
107 -33.0489 -71.617
955 -33.049 -71.6167
269 -33.0489 -71.6171
391 -33.0488 -71.6175
41 -33.0488 -71.6174
871 -33.0489 -71.6171
146 -33.0487 -71.6175
396 -33.0484 -71.6185
754 -33.0484 -71.6185
543 -33.0486 -71.6184
698 -33.0484 -71.6183
684 -33.0484 -71.6186
455 -33.0484 -71.6186
699 -33.0484 -71.6183
570 -33.0485 -71.6182
150 -33.0486 -71.6181
609 -33.0486 -71.6179
959 -33.0487 -71.6176
641 -33.0486 -71.6181
953 -33.0482 -71.6175
442 -33.0484 -71.6169
184 -33.0486 -71.6166
450 -33.0495 -71.6164
822 -33.0495 -71.6163
6 -33.0496 -71.6161
554 -33.0493 -71.6165
887 -33.0493 -71.6165
251 -33.0491 -71.6165
257 -33.0492 -71.6158
295 -33.0493 -71.6154
321 -33.0493 -71.6149
284 -33.0494 -71.6146
882 -33.0494 -71.6146
762 -33.0493 -71.6149
375 -33.0493 -71.6152
229 -33.0493 -71.6149
319 -33.0493 -71.6149
476 -33.0491 -71.6165
726 -33.0488 -71.6164
123 -33.0488 -71.6164
279 -33.0487 -71.6164
602 -33.0486 -71.6164
141 -33.0486 -71.6165
682 -33.0486 -71.6164
693 -33.0485 -71.6164
520 -33.0485 -71.6164
415 -33.0491 -71.6162
252 -33.0482 -71.6149
577 -33.0483 -71.6148
745 -33.0482 -71.615
267 -33.0481 -71.6154
731 -33.0482 -71.6152
246 -33.0481 -71.6188
360 -33.0478 -71.6253
409 -33.0481 -71.6252
710 -33.0481 -71.6243
849 -33.0474 -71.6255
629 -33.0474 -71.6253
755 -33.0468 -71.6248
484 -33.0473 -71.6243
36 -33.0476 -71.6235
868 -33.0477 -71.6235
999 -33.048 -71.6234
854 -33.0477 -71.6234
586 -33.0476 -71.6233
900 -33.0467 -71.6234
660 -33.0467 -71.6233
692 -33.0468 -71.6233
722 -33.0467 -71.6246
583 -33.0466 -71.6257
509 -33.0466 -71.6257
911 -33.0466 -71.6257
764 -33.0466 -71.6257
485 -33.0463 -71.6256
80 -33.0463 -71.6256
939 -33.0465 -71.6254
9 -33.0465 -71.6254
55 -33.0465 -71.6252
152 -33.0466 -71.6241
130 -33.0465 -71.6235
453 -33.0465 -71.6236
530 -33.0464 -71.6248
708 -33.0461 -71.6245
511 -33.0463 -71.6245
897 -33.0461 -71.623
0 -33.0476 -71.6223
783 -33.048 -71.6214
481 -33.048 -71.6213
195 -33.0474 -71.6227
688 -33.0473 -71.623
462 -33.0473 -71.623
64 -33.0472 -71.6214
93 -33.0472 -71.6213
363 -33.048 -71.6212
430 -33.048 -71.6212
518 -33.0474 -71.6209
431 -33.0473 -71.621
27 -33.0472 -71.6213
278 -33.0472 -71.6213
665 -33.0473 -71.6211
240 -33.0472 -71.6214
191 -33.0468 -71.623
612 -33.0469 -71.6228
884 -33.047 -71.6228
834 -33.0466 -71.6229
529 -33.0462 -71.623
394 -33.0463 -71.6229
631 -33.0464 -71.6229
648 -33.0461 -71.6217
828 -33.047 -71.6213
231 -33.0463 -71.6208
496 -33.0463 -71.6208
418 -33.0462 -71.6208
538 -33.0461 -71.6216
728 -33.0462 -71.6214
263 -33.046 -71.623
516 -33.0458 -71.6258
718 -33.046 -71.6258
696 -33.0456 -71.6256
802 -33.0455 -71.6254
277 -33.0455 -71.6257
938 -33.0455 -71.6254
139 -33.0454 -71.6254
222 -33.0459 -71.6253
383 -33.0458 -71.6241
605 -33.0457 -71.6239
889 -33.0458 -71.6236
322 -33.0456 -71.6252
205 -33.0455 -71.6251
820 -33.0455 -71.6251
639 -33.0449 -71.6237
348 -33.0448 -71.6237
220 -33.044 -71.6259
784 -33.044 -71.6259
988 -33.0438 -71.6257
982 -33.0437 -71.6257
88 -33.0434 -71.6253
643 -33.0433 -71.625
827 -33.0437 -71.6247
427 -33.0437 -71.6246
635 -33.0448 -71.624
972 -33.0448 -71.624
933 -33.0447 -71.6238
793 -33.0441 -71.6242
644 -33.0435 -71.6245
724 -33.0437 -71.6244
113 -33.0449 -71.6235
983 -33.0459 -71.6233
318 -33.046 -71.6231
519 -33.0456 -71.6224
314 -33.0454 -71.6227
862 -33.0452 -71.623
435 -33.0452 -71.6229
855 -33.0454 -71.6227
904 -33.0457 -71.6222
13 -33.0459 -71.622
31 -33.0459 -71.6219
574 -33.046 -71.6217
572 -33.0458 -71.622
84 -33.0452 -71.6216
778 -33.0452 -71.6215
174 -33.0454 -71.6211
941 -33.0451 -71.6227
794 -33.0445 -71.623
573 -33.045 -71.6226
170 -33.0448 -71.6225
81 -33.0445 -71.6222
968 -33.0438 -71.6228
553 -33.0443 -71.6222
157 -33.0443 -71.6222
48 -33.0444 -71.6222
10 -33.0448 -71.6212
333 -33.0444 -71.621
712 -33.0449 -71.6207
604 -33.0443 -71.6212
610 -33.0436 -71.6219
763 -33.0439 -71.6207
155 -33.044 -71.6206
721 -33.0479 -71.6201
180 -33.0476 -71.62
767 -33.0478 -71.6199
864 -33.0476 -71.6201
329 -33.0475 -71.6205
787 -33.0476 -71.6203
258 -33.0476 -71.6201
812 -33.0478 -71.6199
750 -33.0478 -71.6196
730 -33.048 -71.6188
803 -33.048 -71.6188
292 -33.0478 -71.6196
992 -33.0477 -71.6198
164 -33.0477 -71.6198
254 -33.0478 -71.6197
495 -33.0473 -71.6203
683 -33.0466 -71.6205
444 -33.0466 -71.6202
685 -33.0467 -71.6199
727 -33.0465 -71.6205
614 -33.0465 -71.6205
345 -33.0465 -71.6204
178 -33.0462 -71.6203
779 -33.0468 -71.6196
651 -33.0469 -71.6194
439 -33.0471 -71.6188
817 -33.047 -71.6184
860 -33.0469 -71.6194
920 -33.0467 -71.6194
947 -33.0466 -71.6194
932 -33.0469 -71.6183
465 -33.0467 -71.6183
809 -33.048 -71.6181
580 -33.048 -71.6163
271 -33.048 -71.6163
488 -33.0479 -71.6174
777 -33.0476 -71.6172
445 -33.0478 -71.6166
819 -33.0473 -71.6162
594 -33.047 -71.6159
67 -33.048 -71.6158
290 -33.0481 -71.6156
649 -33.0481 -71.6156
160 -33.0478 -71.6149
965 -33.0471 -71.6153
998 -33.0478 -71.6149
309 -33.0471 -71.6149
801 -33.047 -71.6161
466 -33.0468 -71.6174
336 -33.0468 -71.6173
131 -33.0468 -71.6161
974 -33.0467 -71.6171
805 -33.0466 -71.6182
342 -33.0463 -71.6181
320 -33.0462 -71.6181
546 -33.0463 -71.616
117 -33.0461 -71.616
114 -33.0461 -71.615
334 -33.0463 -71.6147
729 -33.0461 -71.6153
599 -33.0461 -71.6152
926 -33.0461 -71.6151
908 -33.0461 -71.6155
807 -33.0461 -71.6202
830 -33.046 -71.6202
971 -33.0459 -71.6202
106 -33.0456 -71.6205
850 -33.0456 -71.6206
273 -33.0452 -71.6204
218 -33.0448 -71.6199
515 -33.0451 -71.6199
153 -33.0459 -71.6193
847 -33.046 -71.6192
504 -33.0455 -71.6191
795 -33.0455 -71.6171
851 -33.045 -71.6199
44 -33.0452 -71.619
304 -33.0451 -71.6189
248 -33.0447 -71.618
541 -33.0447 -71.6199
436 -33.0446 -71.6199
165 -33.0445 -71.6198
50 -33.0444 -71.6198
140 -33.044 -71.6198
239 -33.0443 -71.6198
416 -33.044 -71.6198
949 -33.0441 -71.6198
364 -33.0444 -71.6188
652 -33.0444 -71.6188
960 -33.0442 -71.6188
590 -33.0442 -71.6171
853 -33.0441 -71.6198
758 -33.0442 -71.6171
823 -33.0442 -71.617
58 -33.0457 -71.6169
894 -33.0457 -71.6169
892 -33.0458 -71.616
638 -33.0457 -71.6169
596 -33.0455 -71.617
719 -33.0455 -71.6169
545 -33.0456 -71.616
317 -33.0454 -71.616
451 -33.0461 -71.6152
661 -33.046 -71.6146
372 -33.0459 -71.6146
655 -33.0456 -71.6146
946 -33.0455 -71.6159
942 -33.0455 -71.615
835 -33.0454 -71.6145
338 -33.0451 -71.6145
393 -33.0448 -71.617
899 -33.0448 -71.6169
756 -33.0448 -71.6169
128 -33.0445 -71.6169
119 -33.0442 -71.617
634 -33.0437 -71.6161
133 -33.0442 -71.6161
75 -33.0437 -71.616
666 -33.045 -71.6159
96 -33.0448 -71.6159
766 -33.045 -71.6149
588 -33.0448 -71.6152
385 -33.0443 -71.6159
148 -33.0448 -71.6155
201 -33.0452 -71.6145
782 -33.0516 -71.6145
874 -33.0518 -71.6136
298 -33.0518 -71.6136
192 -33.0514 -71.6139
483 -33.0511 -71.6144
561 -33.0514 -71.6143
505 -33.0513 -71.614
866 -33.0519 -71.6135
948 -33.0522 -71.6133
463 -33.0513 -71.6131
747 -33.0512 -71.6131
810 -33.0511 -71.6121
72 -33.0511 -71.6131
994 -33.0511 -71.6131
592 -33.0511 -71.6119
132 -33.0511 -71.6119
531 -33.051 -71.6144
501 -33.0509 -71.6142
556 -33.051 -71.6141
120 -33.0509 -71.6141
276 -33.0508 -71.6143
124 -33.0508 -71.6143
390 -33.0508 -71.6141
811 -33.0509 -71.6141
576 -33.0511 -71.6131
414 -33.0511 -71.613
420 -33.0511 -71.613
521 -33.051 -71.6131
675 -33.0509 -71.6141
316 -33.0501 -71.613
772 -33.051 -71.6119
922 -33.0513 -71.6119
970 -33.0519 -71.6118
98 -33.052 -71.6118
873 -33.0517 -71.6118
83 -33.0516 -71.6118
19 -33.0514 -71.6116
790 -33.0515 -71.6114
326 -33.0515 -71.6114
43 -33.051 -71.6113
579 -33.0517 -71.6095
677 -33.0518 -71.6094
291 -33.0518 -71.6093
368 -33.0516 -71.6098
917 -33.0506 -71.6113
525 -33.051 -71.6101
925 -33.0512 -71.6099
954 -33.0505 -71.6113
523 -33.0502 -71.6113
769 -33.0505 -71.6113
219 -33.0503 -71.6113
402 -33.0501 -71.6105
857 -33.05 -71.6113
937 -33.05 -71.6112
225 -33.0501 -71.6109
52 -33.0502 -71.6104
591 -33.0504 -71.6101
469 -33.0503 -71.6101
636 -33.0502 -71.6101
307 -33.0502 -71.6103
400 -33.0502 -71.6104
513 -33.0501 -71.6101
46 -33.05 -71.6113
158 -33.0496 -71.6134
127 -33.0496 -71.6134
923 -33.0497 -71.613
671 -33.0495 -71.6139
669 -33.0494 -71.6144
704 -33.0495 -71.614
958 -33.0494 -71.6139
238 -33.0497 -71.613
626 -33.0499 -71.613
622 -33.0498 -71.6125
470 -33.0498 -71.6123
32 -33.0498 -71.6129
686 -33.0497 -71.6129
746 -33.0498 -71.6127
26 -33.0498 -71.6125
349 -33.0494 -71.6145
480 -33.0492 -71.6145
856 -33.0493 -71.6139
137 -33.0494 -71.6129
199 -33.0491 -71.6145
97 -33.0484 -71.6141
642 -33.0489 -71.6129
51 -33.049 -71.6129
187 -33.0486 -71.6129
182 -33.0485 -71.6129
398 -33.0488 -71.6128
840 -33.0489 -71.6122
404 -33.0484 -71.6129
907 -33.0479 -71.6123
832 -33.048 -71.612
741 -33.048 -71.6119
662 -33.0499 -71.6118
472 -33.05 -71.6114
422 -33.05 -71.6113
378 -33.0499 -71.6119
94 -33.0491 -71.6115
555 -33.0498 -71.6113
569 -33.0498 -71.6113
944 -33.0498 -71.6113
305 -33.0495 -71.6112
35 -33.0494 -71.6102
740 -33.0494 -71.6099
282 -33.0493 -71.6099
825 -33.0493 -71.6112
962 -33.0492 -71.6112
773 -33.0492 -71.6099
110 -33.0491 -71.6116
733 -33.049 -71.6119
846 -33.0482 -71.6112
173 -33.0484 -71.6111
571 -33.0482 -71.6113
15 -33.0481 -71.6117
981 -33.0481 -71.6116
29 -33.0481 -71.6116
214 -33.0481 -71.6111
984 -33.0486 -71.6098
674 -33.0485 -71.6098
843 -33.0485 -71.6098
261 -33.0485 -71.61
167 -33.048 -71.6111
145 -33.0483 -71.6108
354 -33.052 -71.6093
808 -33.0512 -71.6085
474 -33.0513 -71.6084
528 -33.0517 -71.6081
467 -33.0512 -71.6086
154 -33.051 -71.6092
619 -33.0512 -71.6089
281 -33.0512 -71.6088
237 -33.0513 -71.6081
300 -33.0517 -71.6075
748 -33.0516 -71.6075
751 -33.0515 -71.6071
768 -33.0514 -71.6075
967 -33.0513 -71.6079
491 -33.0509 -71.6074
606 -33.0511 -71.6067
331 -33.0508 -71.6085
196 -33.0504 -71.609
259 -33.0508 -71.6085
419 -33.0506 -71.6085
384 -33.0502 -71.6085
209 -33.05 -71.6084
366 -33.05 -71.6084
672 -33.05 -71.6084
563 -33.0506 -71.6081
112 -33.0507 -71.6075
886 -33.0507 -71.6074
63 -33.0508 -71.6074
876 -33.0505 -71.6073
927 -33.0503 -71.6073
797 -33.0502 -71.6067
221 -33.0503 -71.6066
848 -33.0502 -71.6066
175 -33.0518 -71.6064
280 -33.0516 -71.606
441 -33.0521 -71.6057
903 -33.0515 -71.6057
159 -33.0514 -71.6064
679 -33.0514 -71.6059
147 -33.0511 -71.6057
581 -33.0514 -71.6054
303 -33.0514 -71.6054
311 -33.0513 -71.6054
332 -33.0516 -71.6052
40 -33.051 -71.6051
461 -33.0508 -71.6051
527 -33.0508 -71.6051
551 -33.0508 -71.6043
858 -33.0508 -71.6045
499 -33.0507 -71.6057
79 -33.0507 -71.6057
506 -33.0506 -71.6057
929 -33.0503 -71.6056
558 -33.0503 -71.6066
129 -33.0503 -71.6065
411 -33.0503 -71.6056
212 -33.05 -71.6055
870 -33.0507 -71.605
223 -33.0506 -71.605
473 -33.0507 -71.6049
90 -33.05 -71.6046
705 -33.05 -71.6055
557 -33.05 -71.6039
627 -33.0499 -71.6084
977 -33.0499 -71.6084
362 -33.0498 -71.6084
454 -33.0498 -71.6084
613 -33.0495 -71.6091
535 -33.0494 -71.6091
274 -33.0494 -71.6091
190 -33.0492 -71.6091
61 -33.0493 -71.6083
452 -33.0498 -71.6083
934 -33.0498 -71.6072
512 -33.0497 -71.6071
11 -33.0497 -71.6071
12 -33.0493 -71.6083
510 -33.0496 -71.6071
296 -33.0495 -71.6071
912 -33.049 -71.6083
888 -33.0487 -71.6083
424 -33.0488 -71.6083
676 -33.0488 -71.6083
723 -33.0485 -71.6091
503 -33.048 -71.6091
478 -33.0482 -71.6082
833 -33.0483 -71.6082
7 -33.0486 -71.608
438 -33.0489 -71.6069
753 -33.0484 -71.6066
138 -33.0488 -71.6066
350 -33.0482 -71.6066
49 -33.048 -71.6078
62 -33.0482 -71.6066
285 -33.0497 -71.6065
657 -33.0499 -71.6065
335 -33.0499 -71.6065
645 -33.0498 -71.6054
168 -33.0498 -71.6054
700 -33.0497 -71.6065
477 -33.0495 -71.6065
918 -33.0494 -71.6053
878 -33.0492 -71.6052
980 -33.0497 -71.6045
156 -33.0498 -71.6042
73 -33.0499 -71.604
924 -33.0497 -71.6044
458 -33.049 -71.6051
489 -33.0496 -71.6044
540 -33.0495 -71.6041
664 -33.049 -71.6054
228 -33.0489 -71.606
78 -33.049 -71.6056
593 -33.0489 -71.6049
421 -33.0488 -71.6047
227 -33.0487 -71.6047
381 -33.0487 -71.6046
532 -33.0487 -71.6046
181 -33.0479 -71.604
169 -33.048 -71.6039
706 -33.049 -71.6035
502 -33.0482 -71.6035
752 -33.048 -71.6039
966 -33.0479 -71.604
620 -33.048 -71.604
351 -33.0479 -71.6128
371 -33.0474 -71.6134
813 -33.0473 -71.6134
23 -33.0472 -71.6134
446 -33.0472 -71.6134
143 -33.0472 -71.6143
776 -33.0472 -71.6136
272 -33.0471 -71.6133
405 -33.0476 -71.6133
14 -33.0478 -71.6129
997 -33.0476 -71.6127
294 -33.0478 -71.6126
197 -33.0476 -71.6132
105 -33.0476 -71.6132
387 -33.047 -71.6127
916 -33.0473 -71.6126
310 -33.0469 -71.6133
986 -33.0465 -71.6133
806 -33.0467 -71.6133
386 -33.0467 -71.6133
410 -33.0465 -71.6133
552 -33.0461 -71.6138
567 -33.0462 -71.6135
759 -33.0461 -71.6131
616 -33.046 -71.6131
423 -33.0466 -71.6126
245 -33.0464 -71.6125
247 -33.0464 -71.6125
691 -33.0464 -71.6125
781 -33.046 -71.6131
208 -33.0458 -71.6131
359 -33.046 -71.6124
151 -33.0458 -71.6123
357 -33.0473 -71.6117
236 -33.0475 -71.611
909 -33.0474 -71.611
403 -33.0473 -71.6119
230 -33.0473 -71.6119
611 -33.0471 -71.611
789 -33.047 -71.611
736 -33.0469 -71.6109
468 -33.0475 -71.6098
952 -33.0476 -71.6098
603 -33.0476 -71.6098
757 -33.0474 -71.6101
653 -33.047 -71.6098
990 -33.047 -71.6098
681 -33.0473 -71.6098
885 -33.0468 -71.6098
347 -33.0464 -71.6109
742 -33.0463 -71.6109
670 -33.0463 -71.6109
397 -33.0462 -71.6116
171 -33.0462 -71.6121
102 -33.0462 -71.6118
905 -33.0459 -71.6108
8 -33.0457 -71.6099
861 -33.0466 -71.6098
845 -33.0465 -71.6098
243 -33.0465 -71.6098
16 -33.0465 -71.6098
395 -33.0459 -71.6098
172 -33.0463 -71.6098
615 -33.0457 -71.613
202 -33.0457 -71.613
104 -33.0456 -71.613
837 -33.0455 -71.613
392 -33.0451 -71.6145
739 -33.0448 -71.6135
898 -33.0448 -71.6134
517 -33.0451 -71.6134
630 -33.0452 -71.6129
108 -33.0457 -71.6123
711 -33.0457 -71.6123
200 -33.0456 -71.6122
725 -33.0451 -71.6129
330 -33.0448 -71.6129
584 -33.0451 -71.6129
877 -33.0451 -71.6129
744 -33.0446 -71.6129
526 -33.0445 -71.6145
996 -33.0441 -71.6132
749 -33.0441 -71.6132
985 -33.0439 -71.6135
241 -33.0438 -71.6145
312 -33.0439 -71.6145
964 -33.0439 -71.6135
186 -33.044 -71.613
902 -33.0443 -71.6129
969 -33.0446 -71.6129
798 -33.0442 -71.6126
915 -33.0442 -71.6129
100 -33.0441 -71.6123
486 -33.0441 -71.6122
490 -33.0452 -71.6121
70 -33.0452 -71.6121
37 -33.0451 -71.6121
264 -33.0456 -71.6114
135 -33.0451 -71.6121
87 -33.045 -71.6121
45 -33.0449 -71.612
265 -33.0448 -71.612
720 -33.0456 -71.611
289 -33.045 -71.6109
875 -33.0452 -71.6107
215 -33.0456 -71.6101
667 -33.045 -71.6107
650 -33.0447 -71.6109
121 -33.0446 -71.6105
193 -33.0448 -71.6098
28 -33.0446 -71.6103
824 -33.0444 -71.612
585 -33.0445 -71.612
288 -33.0443 -71.6109
4 -33.0443 -71.6112
814 -33.0442 -71.6121
621 -33.0442 -71.6117
659 -33.0442 -71.6114
24 -33.0442 -71.6109
275 -33.0445 -71.6103
449 -33.0445 -71.6102
47 -33.0445 -71.6102
995 -33.0444 -71.6101
249 -33.0442 -71.6108
39 -33.0444 -71.6101
575 -33.0473 -71.6098
126 -33.0474 -71.6098
22 -33.0473 -71.6098
715 -33.0478 -71.6082
183 -33.0473 -71.609
211 -33.0469 -71.609
324 -33.0467 -71.609
785 -33.0466 -71.609
601 -33.0475 -71.6082
256 -33.0475 -71.6082
595 -33.0474 -71.6082
89 -33.0475 -71.6075
224 -33.0474 -71.6082
600 -33.0467 -71.6081
690 -33.0472 -71.6068
863 -33.0474 -71.6067
498 -33.0466 -71.6069
204 -33.0466 -71.6081
343 -33.0466 -71.6081
328 -33.0466 -71.6081
821 -33.0465 -71.609
406 -33.046 -71.6089
714 -33.0464 -71.6081
836 -33.0465 -71.6081
136 -33.0464 -71.6081
734 -33.0463 -71.6081
951 -33.0463 -71.6081
957 -33.0464 -71.607
437 -33.0463 -71.607
771 -33.0459 -71.6081
607 -33.0463 -71.6077
185 -33.0463 -71.6068
471 -33.0473 -71.6062
369 -33.0473 -71.606
460 -33.0472 -71.6059
365 -33.0475 -71.6058
56 -33.0472 -71.6059
233 -33.0472 -71.6056
624 -33.0472 -71.6056
325 -33.0471 -71.6052
91 -33.047 -71.6048
382 -33.0476 -71.6037
673 -33.0476 -71.6037
815 -33.0478 -71.6037
770 -33.0474 -71.6041
99 -33.0471 -71.6043
788 -33.0472 -71.6042
293 -33.0473 -71.6042
244 -33.047 -71.6035
534 -33.0462 -71.6061
993 -33.0462 -71.6061
1 -33.0463 -71.6053
658 -33.0462 -71.6061
203 -33.0462 -71.6058
232 -33.0461 -71.6055
791 -33.0461 -71.6054
287 -33.047 -71.6048
564 -33.0461 -71.6047
122 -33.046 -71.6044
536 -33.0466 -71.6041
906 -33.046 -71.6047
65 -33.0459 -71.6048
508 -33.046 -71.6047
358 -33.0459 -71.6048
235 -33.0459 -71.608
417 -33.0457 -71.608
68 -33.0458 -71.608
125 -33.0456 -71.6081
707 -33.0456 -71.6089
623 -33.045 -71.6089
82 -33.0456 -71.6082
738 -33.0455 -71.608
71 -33.0456 -71.6079
306 -33.0456 -71.6079
339 -33.045 -71.6071
544 -33.045 -71.608
562 -33.0448 -71.608
867 -33.0448 -71.6075
839 -33.0449 -71.6071
149 -33.0445 -71.6072
344 -33.0445 -71.6097
928 -33.0442 -71.6096
663 -33.0445 -71.6095
494 -33.0442 -71.6095
459 -33.0442 -71.6095
3 -33.0442 -71.6093
702 -33.0442 -71.6092
33 -33.0442 -71.609
865 -33.0443 -71.6087
695 -33.044 -71.6081
566 -33.0443 -71.6078
353 -33.044 -71.6081
54 -33.0439 -71.6077
533 -33.0436 -71.6072
103 -33.0456 -71.6071
625 -33.0456 -71.607
975 -33.0456 -71.6067
308 -33.0455 -71.6058
895 -33.0454 -71.6059
989 -33.0454 -71.6059
161 -33.0454 -71.6057
617 -33.0453 -71.6054
826 -33.0452 -71.6052
913 -33.0454 -71.605
628 -33.0455 -71.6049
388 -33.0457 -71.6049
30 -33.0454 -71.6046
717 -33.0452 -71.6051
492 -33.0452 -71.6047
568 -33.0451 -71.6046
188 -33.045 -71.6048
429 -33.0445 -71.607
270 -33.0447 -71.6067
194 -33.0446 -71.6066
21 -33.0445 -71.6069
914 -33.0443 -71.6067
162 -33.0434 -71.606
59 -33.0441 -71.6059
380 -33.044 -71.6058
896 -33.045 -71.6052
800 -33.0449 -71.6048
559 -33.0447 -71.6037
514 -33.0446 -71.6049
618 -33.044 -71.6055
346 -33.0446 -71.6049
