142 -33.0552 -71.6216
85 -33.0552 -71.6216
647 -33.0552 -71.6214
497 -33.0552 -71.6215
66 -33.0551 -71.6217
115 -33.0551 -71.6214
5 -33.0551 -71.6214
796 -33.0551 -71.6214
890 -33.0551 -71.6214
226 -33.0551 -71.6213
703 -33.0551 -71.6213
38 -33.0551 -71.6212
315 -33.0551 -71.6211
500 -33.0551 -71.621
327 -33.0551 -71.621
550 -33.0551 -71.6217
53 -33.0548 -71.6222
961 -33.0548 -71.6221
313 -33.0548 -71.622
479 -33.0547 -71.6223
109 -33.0546 -71.6225
697 -33.0547 -71.6223
217 -33.0547 -71.6223
940 -33.055 -71.6219
176 -33.055 -71.6218
678 -33.055 -71.6208
260 -33.055 -71.6207
487 -33.0549 -71.6205
266 -33.0548 -71.6204
253 -33.0548 -71.6203
930 -33.0547 -71.6203
177 -33.0546 -71.6203
189 -33.0564 -71.6181
367 -33.0563 -71.6181
475 -33.0579 -71.6178
978 -33.056 -71.618
582 -33.0556 -71.6169
963 -33.0557 -71.6168
765 -33.0557 -71.6165
413 -33.0557 -71.6165
818 -33.0562 -71.616
286 -33.0562 -71.616
879 -33.0562 -71.6159
646 -33.0562 -71.616
668 -33.056 -71.6162
57 -33.056 -71.6162
60 -33.0562 -71.6158
407 -33.0556 -71.6172
134 -33.0549 -71.6182
816 -33.055 -71.6181
881 -33.055 -71.6181
301 -33.0546 -71.6184
361 -33.0545 -71.6184
542 -33.0545 -71.6184
42 -33.0546 -71.6184
376 -33.055 -71.6179
408 -33.0554 -71.6175
537 -33.0555 -71.6173
18 -33.0555 -71.6159
370 -33.0554 -71.6175
549 -33.0552 -71.6178
255 -33.0553 -71.6177
883 -33.0545 -71.6227
710 -33.0543 -71.6241
92 -33.0543 -71.6241
987 -33.0543 -71.624
25 -33.0543 -71.6239
409 -33.054 -71.6244
598 -33.0543 -71.6236
589 -33.0543 -71.6234
786 -33.0543 -71.6233
829 -33.0543 -71.6232
979 -33.0544 -71.623
880 -33.0543 -71.62
179 -33.0539 -71.6198
210 -33.0535 -71.6194
377 -33.0535 -71.6192
355 -33.0535 -71.6186
341 -33.0534 -71.6188
629 -33.0534 -71.6246
434 -33.0533 -71.6188
761 -33.0533 -71.6188
844 -33.0533 -71.6188
849 -33.0531 -71.6246
838 -33.0533 -71.6188
198 -33.0532 -71.6188
973 -33.0531 -71.6188
713 -33.0531 -71.6188
775 -33.0531 -71.6187
767 -33.053 -71.6187
891 -33.053 -71.6187
466 -33.0528 -71.6187
547 -33.0528 -71.6187
163 -33.051 -71.6186
166 -33.0524 -71.6186
809 -33.0538 -71.6184
760 -33.0538 -71.6184
216 -33.0538 -71.6184
919 -33.0536 -71.6185
495 -33.0524 -71.6186
803 -33.0535 -71.6186
456 -33.0535 -71.6185
587 -33.0539 -71.6184
698 -33.0541 -71.6184
754 -33.0541 -71.6184
69 -33.0543 -71.6184
373 -33.054 -71.6184
455 -33.054 -71.6184
271 -33.0537 -71.6165
290 -33.0531 -71.6161
323 -33.0523 -71.6186
687 -33.052 -71.6185
448 -33.052 -71.6185
831 -33.0519 -71.6185
431 -33.0519 -71.6184
17 -33.0512 -71.6186
250 -33.0512 -71.6185
340 -33.0518 -71.6184
262 -33.0518 -71.6184
116 -33.0518 -71.6184
399 -33.0518 -71.6184
727 -33.0512 -71.6183
614 -33.0512 -71.6183
632 -33.0512 -71.6184
393 -33.0511 -71.6182
822 -33.0552 -71.6158
483 -33.0562 -71.6151
842 -33.0562 -71.6151
561 -33.0564 -71.615
560 -33.0561 -71.6152
869 -33.0561 -71.6157
501 -33.0561 -71.6152
531 -33.0561 -71.6152
297 -33.0566 -71.6149
118 -33.0574 -71.6149
872 -33.0573 -71.6149
976 -33.0573 -71.6149
945 -33.0572 -71.6148
948 -33.0572 -71.6148
482 -33.0571 -71.6148
991 -33.0571 -71.6148
20 -33.0561 -71.6157
450 -33.0551 -71.6158
389 -33.0549 -71.6158
686 -33.0558 -71.6157
743 -33.0548 -71.6158
476 -33.0547 -71.6157
251 -33.0547 -71.6157
955 -33.0545 -71.6157
950 -33.0561 -71.6157
608 -33.0561 -71.6156
640 -33.0561 -71.6156
994 -33.056 -71.6152
774 -33.056 -71.6152
464 -33.056 -71.6156
127 -33.0554 -71.6155
124 -33.056 -71.6153
467 -33.0555 -71.6131
19 -33.0573 -71.6128
790 -33.0571 -71.6127
326 -33.057 -71.6127
420 -33.0568 -71.6126
414 -33.0568 -71.6126
576 -33.0567 -71.6125
521 -33.0567 -71.6125
43 -33.0567 -71.6125
747 -33.0566 -71.6125
354 -33.0566 -71.6125
917 -33.0563 -71.6124
579 -33.0562 -71.6124
298 -33.0555 -71.6124
368 -33.0561 -71.6123
523 -33.0558 -71.6123
238 -33.0553 -71.6124
619 -33.0553 -71.6131
237 -33.0552 -71.6124
967 -33.0552 -71.6124
154 -33.0549 -71.613
962 -33.0547 -71.6128
591 -33.0546 -71.6127
636 -33.0545 -71.6126
305 -33.055 -71.6124
563 -33.0547 -71.6124
51 -33.0546 -71.6124
209 -33.0546 -71.6124
642 -33.0546 -71.6124
366 -33.0545 -71.6123
627 -33.0545 -71.6123
958 -33.0545 -71.6123
726 -33.0544 -71.6157
279 -33.0544 -71.6157
123 -33.0543 -71.6157
602 -33.0542 -71.6157
107 -33.0542 -71.6156
693 -33.0541 -71.6156
520 -33.0541 -71.6156
269 -33.054 -71.6156
146 -33.0537 -71.6156
442 -33.0537 -71.6156
762 -33.0543 -71.6148
580 -33.0537 -71.6156
488 -33.053 -71.6155
150 -33.0533 -71.6155
641 -33.0532 -71.6155
819 -33.053 -71.6155
730 -33.0525 -71.6157
254 -33.052 -71.6156
546 -33.0523 -71.6156
117 -33.052 -71.6156
292 -33.052 -71.6156
992 -33.0518 -71.6156
812 -33.0518 -71.6156
892 -33.0517 -71.6156
721 -33.0516 -71.6156
864 -33.0516 -71.6156
545 -33.0516 -71.6156
908 -33.0516 -71.6156
787 -33.0515 -71.6156
946 -33.0513 -71.6156
105 -33.0537 -71.6144
405 -33.0537 -71.6143
907 -33.0537 -71.6143
751 -33.0545 -71.6123
446 -33.0533 -71.6141
423 -33.053 -71.6139
403 -33.053 -71.6139
145 -33.0527 -71.6137
307 -33.0544 -71.6123
52 -33.0544 -71.6123
402 -33.0543 -71.6123
61 -33.0543 -71.6122
452 -33.0542 -71.6123
175 -33.0542 -71.6123
733 -33.0541 -71.6123
173 -33.054 -71.6122
171 -33.0524 -71.6135
611 -33.0522 -71.6133
711 -33.0521 -71.6133
877 -33.0511 -71.6128
265 -33.0511 -71.6129
585 -33.0511 -71.6131
655 -33.0511 -71.6131
599 -33.0511 -71.6131
372 -33.0511 -71.6128
801 -33.0511 -71.6126
837 -33.0511 -71.6124
70 -33.0511 -71.6123
661 -33.0511 -71.6127
725 -33.0511 -71.6128
87 -33.0511 -71.6127
852 -33.051 -71.6186
101 -33.0504 -71.622
111 -33.0509 -71.6185
144 -33.0508 -71.6185
633 -33.0502 -71.6205
447 -33.0501 -71.6204
34 -33.0499 -71.6202
935 -33.0497 -71.6201
597 -33.0507 -71.6185
128 -33.0509 -71.6181
504 -33.0508 -71.6181
830 -33.0508 -71.6181
412 -33.0505 -71.6184
999 -33.0501 -71.6184
859 -33.0501 -71.6183
904 -33.0497 -71.6177
364 -33.0497 -71.6177
493 -33.0497 -71.62
732 -33.0495 -71.6197
716 -33.0492 -71.6183
694 -33.0492 -71.6183
799 -33.049 -71.618
901 -33.0489 -71.6179
283 -33.0488 -71.6178
440 -33.0487 -71.6177
130 -33.0492 -71.6176
165 -33.0491 -71.6176
983 -33.0489 -71.6176
10 -33.0488 -71.6176
889 -33.0487 -71.6176
573 -33.0487 -71.6176
206 -33.0487 -71.6176
949 -33.0488 -71.6176
572 -33.0493 -71.6165
13 -33.0493 -71.6165
273 -33.0492 -71.6165
191 -33.0492 -71.6165
631 -33.049 -71.6165
834 -33.049 -71.6165
854 -33.0491 -71.6165
174 -33.0491 -71.6165
688 -33.0495 -71.6163
574 -33.0495 -71.6163
106 -33.0495 -71.6163
850 -33.0495 -71.6163
652 -33.0491 -71.6165
884 -33.0494 -71.6164
586 -33.0491 -71.6164
660 -33.049 -71.6167
263 -33.0489 -71.6171
213 -33.0489 -71.617
897 -33.0489 -71.617
453 -33.0489 -71.6172
416 -33.0487 -71.6175
318 -33.0488 -71.6172
239 -33.0488 -71.6172
529 -33.0489 -71.6169
394 -33.049 -71.6168
868 -33.049 -71.6167
692 -33.049 -71.6167
36 -33.049 -71.6168
712 -33.0489 -71.6169
900 -33.049 -71.6168
170 -33.0487 -71.6178
764 -33.0476 -71.6201
509 -33.0476 -71.6201
583 -33.0477 -71.62
485 -33.0476 -71.6202
360 -33.0475 -71.6206
718 -33.0475 -71.6206
80 -33.0476 -71.6202
911 -33.0477 -71.6198
939 -33.0478 -71.6197
755 -33.0479 -71.6195
55 -33.0479 -71.6195
9 -33.0478 -71.6197
427 -33.0477 -71.6198
484 -33.0477 -71.6198
644 -33.0478 -71.6197
516 -33.0474 -71.6209
277 -33.0473 -71.6212
322 -33.0473 -71.6212
802 -33.0473 -71.6212
139 -33.0472 -71.6213
205 -33.0472 -71.6214
820 -33.0472 -71.6213
938 -33.0472 -71.6213
735 -33.0473 -71.6211
696 -33.0473 -71.621
222 -33.0474 -71.6209
988 -33.0469 -71.6201
982 -33.0468 -71.6197
220 -33.0467 -71.6201
784 -33.0467 -71.6201
88 -33.0469 -71.6193
635 -33.0482 -71.619
708 -33.0483 -71.6188
157 -33.0484 -71.6185
511 -33.0482 -71.619
722 -33.0481 -71.6192
610 -33.0481 -71.6192
530 -33.0481 -71.6192
794 -33.0485 -71.6184
155 -33.0486 -71.6181
113 -33.0486 -71.6179
333 -33.0486 -71.6178
639 -33.0486 -71.6181
763 -33.0485 -71.6184
383 -33.0485 -71.6183
605 -33.0486 -71.6181
152 -33.0481 -71.6192
793 -33.0475 -71.6177
972 -33.0475 -71.6176
553 -33.0477 -71.617
968 -33.0474 -71.6179
643 -33.0471 -71.6188
827 -33.0471 -71.6186
724 -33.0473 -71.6182
48 -33.0477 -71.6169
604 -33.0478 -71.6167
853 -33.0479 -71.6161
140 -33.0479 -71.6161
81 -33.0477 -71.6167
933 -33.0477 -71.6169
348 -33.0477 -71.6168
612 -33.0491 -71.6161
385 -33.0504 -71.6158
783 -33.0503 -71.6158
756 -33.0504 -71.6158
496 -33.0498 -71.6157
304 -33.0496 -71.616
195 -33.0497 -71.6159
75 -33.0498 -71.6158
430 -33.0505 -71.6157
860 -33.0509 -71.6156
565 -33.0509 -71.6156
320 -33.0508 -71.6155
795 -33.0506 -71.6155
148 -33.0505 -71.6157
93 -33.0505 -71.6156
518 -33.0496 -71.6136
86 -33.0496 -71.6136
64 -33.0495 -71.6141
654 -33.0495 -71.614
27 -33.0495 -71.614
240 -33.0495 -71.6142
828 -33.0494 -71.6144
425 -33.0494 -71.6143
363 -33.0495 -71.6143
74 -33.0495 -71.614
709 -33.0495 -71.6138
522 -33.0495 -71.6138
665 -33.0495 -71.6138
207 -33.0495 -71.6139
548 -33.0495 -71.6139
76 -33.0495 -71.6139
278 -33.0495 -71.6139
804 -33.0496 -71.6135
517 -33.0509 -71.6131
744 -33.0509 -71.6131
835 -33.0509 -71.6131
201 -33.0507 -71.6131
942 -33.0507 -71.6131
739 -33.0506 -71.6131
392 -33.0506 -71.6131
100 -33.0506 -71.613
336 -33.0505 -71.613
902 -33.0505 -71.613
915 -33.0504 -71.613
621 -33.0501 -71.613
749 -33.0501 -71.613
996 -33.0501 -71.613
180 -33.0499 -71.613
805 -33.0499 -71.6129
656 -33.0497 -71.613
186 -33.0498 -71.6129
659 -33.0498 -71.6129
588 -33.0497 -71.6129
329 -33.0497 -71.6132
894 -33.0496 -71.6129
638 -33.0496 -71.6129
666 -33.0495 -71.6129
539 -33.0498 -71.6124
164 -33.0498 -71.6124
750 -33.0498 -71.6122
428 -33.0498 -71.6126
24 -33.0494 -71.6129
258 -33.0497 -71.6127
481 -33.0494 -71.6145
77 -33.0492 -71.6156
780 -33.0493 -71.6154
637 -33.0493 -71.6153
374 -33.0492 -71.6158
432 -33.0492 -71.6158
302 -33.0492 -71.6158
462 -33.0492 -71.6158
0 -33.0493 -71.6152
234 -33.0493 -71.6149
956 -33.0494 -71.6146
457 -33.0494 -71.6146
680 -33.0493 -71.6149
337 -33.0493 -71.615
701 -33.0493 -71.615
31 -33.0483 -71.6145
515 -33.0483 -71.6147
314 -33.0481 -71.6156
855 -33.0481 -71.6155
84 -33.0481 -71.6155
50 -33.048 -71.6158
941 -33.048 -71.616
862 -33.048 -71.6159
435 -33.048 -71.6158
541 -33.0481 -71.6154
519 -33.0482 -71.6152
960 -33.0482 -71.6151
851 -33.0483 -71.6147
218 -33.0482 -71.6152
778 -33.0481 -71.6154
436 -33.0481 -71.6154
401 -33.0494 -71.6145
133 -33.0487 -71.6131
683 -33.0487 -71.613
847 -33.0487 -71.613
345 -33.0487 -71.6131
807 -33.0486 -71.6136
178 -33.0486 -71.6133
153 -33.0487 -71.6132
899 -33.0487 -71.6129
920 -33.0494 -71.6129
964 -33.0494 -71.6129
494 -33.049 -71.6129
596 -33.0489 -71.6123
444 -33.0488 -71.6128
685 -33.0488 -71.6125
947 -33.0489 -71.6123
231 -33.0485 -71.6137
248 -33.0485 -71.6138
590 -33.0485 -71.6138
758 -33.0485 -71.6138
44 -33.0485 -71.614
648 -33.0484 -71.6144
538 -33.0484 -71.6143
728 -33.0484 -71.6141
418 -33.0485 -71.6138
971 -33.0485 -71.6137
119 -33.0485 -71.6137
823 -33.0485 -71.6137
353 -33.0478 -71.6128
54 -33.0475 -71.6127
634 -33.0478 -71.6126
12 -33.0544 -71.6122
927 -33.0545 -71.6122
773 -33.0544 -71.6121
35 -33.0544 -71.6121
679 -33.0544 -71.6121
274 -33.0544 -71.612
424 -33.0542 -71.6118
874 -33.0543 -71.6105
866 -33.0544 -71.6105
970 -33.0572 -71.61
132 -33.056 -71.6095
748 -33.0556 -71.6094
259 -33.0554 -71.6104
72 -33.0554 -71.6104
384 -33.0549 -71.6104
463 -33.0553 -71.6104
676 -33.0542 -71.6118
303 -33.0542 -71.6117
512 -33.0541 -71.6116
7 -33.054 -71.6114
674 -33.054 -71.6114
480 -33.0538 -71.6122
848 -33.054 -71.6114
797 -33.054 -71.6114
506 -33.0539 -71.6112
40 -33.0538 -71.6112
242 -33.0539 -71.6111
569 -33.0542 -71.6105
26 -33.0538 -71.6105
2 -33.0538 -71.6111
737 -33.0538 -71.611
187 -33.0537 -71.6109
886 -33.0561 -71.6089
606 -33.0561 -71.6088
876 -33.0561 -71.6087
810 -33.0545 -71.6085
918 -33.0545 -71.6085
219 -33.0545 -71.6085
772 -33.0545 -71.6085
980 -33.0545 -71.6085
723 -33.0544 -71.6085
662 -33.0544 -71.6085
878 -33.0544 -71.6085
944 -33.0546 -71.6085
489 -33.0543 -71.6085
769 -33.0543 -71.6085
954 -33.0543 -71.6085
458 -33.0542 -71.6085
378 -33.0542 -71.6085
715 -33.0542 -71.6085
825 -33.0541 -71.6085
753 -33.0541 -71.6085
664 -33.0541 -71.6085
470 -33.0541 -71.6085
156 -33.054 -71.6085
540 -33.054 -71.6085
73 -33.054 -71.6085
984 -33.0541 -71.6085
503 -33.0539 -71.6085
62 -33.054 -71.6085
350 -33.0539 -71.6085
843 -33.0539 -71.6085
261 -33.0538 -71.6085
910 -33.0537 -71.6113
571 -33.0537 -71.6122
214 -33.0536 -71.6122
14 -33.0535 -71.6122
351 -33.0535 -71.6122
29 -33.0534 -71.6122
15 -33.0534 -71.6122
295 -33.0533 -71.6122
97 -33.0533 -71.6115
578 -33.0534 -71.6114
49 -33.0535 -71.6111
276 -33.0537 -71.6109
212 -33.0533 -71.611
603 -33.0532 -71.6109
601 -33.0532 -71.6109
224 -33.0531 -71.6109
299 -33.0531 -71.6115
197 -33.053 -71.6121
909 -33.053 -71.6121
916 -33.0529 -71.6121
252 -33.0526 -71.6121
577 -33.0526 -71.6121
387 -33.0526 -71.6121
789 -33.0526 -71.6121
23 -33.0526 -71.6121
268 -33.0526 -71.6117
645 -33.053 -71.6108
89 -33.053 -71.6108
745 -33.0526 -71.6117
272 -33.0524 -71.6121
415 -33.0525 -71.6117
551 -33.053 -71.6108
120 -33.0536 -71.6107
390 -33.0536 -71.6107
556 -33.0536 -71.6107
782 -33.0536 -71.6107
575 -33.0529 -71.6107
675 -33.0536 -71.6107
190 -33.0536 -71.6106
811 -33.0536 -71.6106
110 -33.0536 -71.6085
381 -33.0537 -71.6085
532 -33.0537 -71.6085
94 -33.0536 -71.6085
505 -33.0534 -71.6102
192 -33.0534 -71.6101
746 -33.0536 -71.6085
681 -33.0529 -71.6107
22 -33.0529 -71.6107
228 -33.0528 -71.6105
600 -33.0527 -71.6104
885 -33.0526 -71.6103
204 -33.0526 -71.6102
211 -33.0526 -71.6102
343 -33.0526 -71.6102
863 -33.0525 -71.6101
861 -33.0525 -71.6101
593 -33.0524 -71.61
324 -33.0524 -71.61
734 -33.0524 -71.6099
821 -33.0524 -71.6098
421 -33.0523 -71.6098
622 -33.0538 -71.6085
300 -33.0578 -71.6082
528 -33.0579 -71.6082
474 -33.0575 -71.6081
808 -33.0574 -71.6081
677 -33.0574 -71.6081
281 -33.0571 -71.608
419 -33.0568 -71.608
159 -33.0567 -71.608
63 -33.0568 -71.608
925 -33.0568 -71.608
280 -33.0567 -71.608
903 -33.0564 -71.608
672 -33.0563 -71.608
581 -33.0562 -71.6079
977 -33.0561 -71.6079
558 -33.0557 -71.608
477 -33.0551 -71.6081
705 -33.0552 -71.6081
912 -33.0552 -71.6081
873 -33.0551 -71.6082
438 -33.055 -71.6083
83 -33.055 -71.6082
225 -33.055 -71.6082
285 -33.0553 -71.608
700 -33.0554 -71.608
657 -33.0554 -71.6079
411 -33.0554 -71.6079
223 -33.0553 -71.608
535 -33.0553 -71.608
473 -33.0553 -71.608
613 -33.0553 -71.608
929 -33.0554 -71.6079
311 -33.0561 -71.6075
525 -33.0563 -71.6074
112 -33.0565 -71.6073
362 -33.056 -71.6079
454 -33.056 -71.6079
332 -33.0559 -71.6079
499 -33.0558 -71.6079
491 -33.0568 -71.6071
291 -33.0573 -71.6069
147 -33.057 -71.6046
441 -33.0579 -71.6045
331 -33.0569 -71.6071
870 -33.0568 -71.6046
768 -33.0566 -71.6045
90 -33.0561 -71.6044
79 -33.0558 -71.6079
934 -33.0558 -71.6078
527 -33.0555 -71.6078
469 -33.0557 -71.6078
513 -33.0555 -71.6078
335 -33.0555 -71.6079
400 -33.0555 -71.6079
461 -33.0555 -71.6078
11 -33.0557 -71.6078
296 -33.0556 -71.6078
129 -33.0556 -71.6077
924 -33.0557 -71.6043
510 -33.0556 -71.6078
196 -33.0551 -71.6049
221 -33.0554 -71.6044
858 -33.055 -71.6083
555 -33.0547 -71.6085
138 -33.0547 -71.6085
472 -33.0547 -71.6084
478 -33.0546 -71.6085
557 -33.0538 -71.6085
592 -33.0546 -71.6085
32 -33.0533 -71.6084
923 -33.0533 -71.6084
46 -33.0548 -71.6084
740 -33.0549 -71.6083
922 -33.0549 -71.6083
857 -33.0548 -71.6084
833 -33.0547 -71.6084
422 -33.0547 -71.6084
282 -33.0548 -71.6084
626 -33.0532 -71.6084
706 -33.0532 -71.6084
183 -33.0532 -71.6084
840 -33.0532 -71.6084
158 -33.0531 -71.6084
952 -33.0531 -71.6084
316 -33.053 -71.6083
137 -33.053 -71.6083
690 -33.053 -71.6083
846 -33.053 -71.6083
328 -33.053 -71.6083
468 -33.0529 -71.6083
126 -33.0529 -71.6083
836 -33.0529 -71.6083
714 -33.0528 -71.6083
168 -33.0549 -71.6083
167 -33.0528 -71.6083
888 -33.0549 -71.6083
136 -33.0528 -71.6083
951 -33.0527 -71.6082
471 -33.0527 -71.6082
502 -33.0527 -71.6082
981 -33.0527 -71.6082
256 -33.053 -71.6065
98 -33.0544 -71.6065
937 -33.0536 -71.6062
78 -33.0545 -71.6046
620 -33.0535 -71.6047
595 -33.053 -71.6065
293 -33.0527 -71.6047
169 -33.0535 -71.6047
757 -33.0526 -71.6082
785 -33.0526 -71.6082
398 -33.0526 -71.6082
671 -33.0526 -71.6082
966 -33.0526 -71.6082
752 -33.0526 -71.6082
460 -33.0525 -71.6082
369 -33.0525 -71.6082
704 -33.0525 -71.6082
56 -33.0525 -71.6081
653 -33.0524 -71.6081
99 -33.0526 -71.6048
990 -33.0524 -71.6081
741 -33.0524 -71.6081
236 -33.0523 -71.6081
815 -33.0523 -71.6081
310 -33.0522 -71.612
160 -33.0522 -71.612
998 -33.0521 -71.612
649 -33.0521 -71.612
386 -33.0519 -71.612
347 -33.052 -71.612
986 -33.0518 -71.612
742 -33.0518 -71.612
936 -33.0516 -71.6118
141 -33.0518 -71.6118
143 -33.052 -71.6118
309 -33.0516 -71.612
151 -33.0514 -71.612
931 -33.0515 -71.6119
943 -33.0516 -71.6118
905 -33.0514 -71.6119
759 -33.0514 -71.612
102 -33.0513 -71.6119
108 -33.0512 -71.6119
200 -33.0512 -71.6119
334 -33.0511 -71.6122
615 -33.0512 -71.6121
202 -33.0512 -71.612
208 -33.0512 -71.6119
356 -33.0513 -71.6119
391 -33.0513 -71.6119
433 -33.0514 -71.6119
275 -33.0503 -71.6113
449 -33.0502 -71.6113
490 -33.0502 -71.6103
609 -33.0502 -71.6103
104 -33.0502 -71.6102
875 -33.051 -71.6101
682 -33.051 -71.6101
554 -33.051 -71.61
67 -33.0509 -71.6102
410 -33.0509 -71.6102
264 -33.0509 -71.6102
871 -33.0508 -71.6102
247 -33.0511 -71.61
245 -33.0512 -71.6099
267 -33.0512 -71.6099
397 -33.0512 -71.6099
720 -33.0512 -71.6099
887 -33.0511 -71.61
806 -33.0511 -71.61
691 -33.0511 -71.61
667 -33.0508 -71.6102
921 -33.0508 -71.6102
359 -33.0508 -71.6102
184 -33.0507 -71.6102
567 -33.0507 -71.6102
6 -33.0506 -71.6102
289 -33.0507 -71.6102
41 -33.0504 -71.6102
552 -33.0504 -71.6102
893 -33.0504 -71.6102
616 -33.0505 -71.6102
959 -33.0504 -71.6101
965 -33.0503 -71.6101
445 -33.0502 -71.6102
689 -33.0502 -71.6101
507 -33.0501 -71.6105
524 -33.0499 -71.6119
246 -33.05 -71.6115
841 -33.05 -71.6115
379 -33.0498 -71.6122
969 -33.0498 -71.6113
898 -33.0496 -71.6112
974 -33.0496 -71.6112
338 -33.0496 -71.6112
684 -33.05 -71.6111
792 -33.05 -71.6111
131 -33.05 -71.6111
330 -33.05 -71.6111
451 -33.05 -71.6112
817 -33.0492 -71.6112
95 -33.05 -71.6112
33 -33.0492 -71.6112
651 -33.049 -71.6118
465 -33.0491 -71.6116
932 -33.0491 -71.6115
58 -33.049 -71.6118
779 -33.0489 -71.6122
719 -33.0489 -71.6121
342 -33.0489 -71.6121
439 -33.0491 -71.6114
766 -33.0492 -71.6112
526 -33.049 -71.6112
317 -33.0489 -71.6112
312 -33.0484 -71.6111
96 -33.0483 -71.6112
241 -33.0483 -71.6111
352 -33.05 -71.611
443 -33.0501 -71.6108
630 -33.0501 -71.6107
426 -33.0501 -71.6107
699 -33.0501 -71.6108
396 -33.0501 -71.6109
114 -33.0501 -71.6109
584 -33.0501 -71.6108
45 -33.0501 -71.6107
135 -33.0501 -71.6105
37 -33.0501 -71.6105
953 -33.0501 -71.6105
594 -33.0501 -71.6106
777 -33.0501 -71.6107
570 -33.0501 -71.6107
995 -33.0501 -71.6101
543 -33.0501 -71.611
926 -33.05 -71.611
729 -33.0494 -71.6102
928 -33.0495 -71.6099
824 -33.0494 -71.6099
459 -33.0494 -71.6099
3 -33.0493 -71.6099
814 -33.0492 -71.6099
702 -33.0491 -71.6099
486 -33.0491 -71.6099
249 -33.049 -71.6099
663 -33.0495 -71.6099
798 -33.049 -71.6099
288 -33.0489 -71.6099
865 -33.0489 -71.6099
4 -33.0487 -71.6098
227 -33.0522 -71.6097
771 -33.0522 -71.6096
607 -33.0522 -71.6096
498 -33.0521 -71.6095
68 -33.0521 -71.6094
235 -33.0521 -71.6094
321 -33.0521 -71.6086
319 -33.0521 -71.6086
181 -33.0522 -71.6084
284 -33.0522 -71.6084
349 -33.0522 -71.6082
882 -33.0522 -71.6084
199 -33.0521 -71.6086
294 -33.0521 -71.6085
736 -33.0521 -71.6085
229 -33.0521 -71.6087
233 -33.052 -71.6092
437 -33.052 -71.6092
738 -33.052 -71.6092
670 -33.0519 -71.6092
813 -33.0516 -71.6095
257 -33.0517 -71.6094
371 -33.0517 -71.6094
82 -33.052 -71.6092
375 -33.052 -71.609
997 -33.052 -71.6088
357 -33.0521 -71.6087
230 -33.0519 -71.6091
306 -33.0519 -71.6092
185 -33.0518 -71.609
707 -33.0517 -71.609
544 -33.0516 -71.6082
182 -33.0523 -71.6081
404 -33.0523 -71.6081
832 -33.0523 -71.6081
856 -33.0523 -71.6081
669 -33.0522 -71.6082
417 -33.0522 -71.6081
125 -33.0521 -71.6081
365 -33.0523 -71.608
624 -33.0523 -71.608
770 -33.0522 -71.6078
382 -33.0522 -71.6078
673 -33.0522 -71.6078
406 -33.0521 -71.6079
325 -33.0522 -71.6077
788 -33.0522 -71.6075
243 -33.052 -71.608
845 -33.052 -71.608
71 -33.052 -71.608
16 -33.0519 -71.608
172 -33.0519 -71.608
287 -33.0517 -71.6076
103 -33.0517 -71.6076
993 -33.0517 -71.6075
244 -33.052 -71.6068
564 -33.0517 -71.6062
358 -33.0517 -71.6061
957 -33.0517 -71.6048
65 -33.0517 -71.606
122 -33.0516 -71.606
1 -33.0516 -71.6052
395 -33.0515 -71.6083
731 -33.0514 -71.6097
562 -33.0514 -71.6087
91 -33.0514 -71.6087
625 -33.0513 -71.6087
623 -33.0512 -71.6088
534 -33.0513 -71.6087
658 -33.0513 -71.6087
203 -33.0511 -71.6086
867 -33.051 -71.6086
215 -33.051 -71.6086
791 -33.0506 -71.6085
566 -33.0505 -71.6085
776 -33.0505 -71.6086
193 -33.0505 -71.6085
536 -33.0504 -71.6085
429 -33.0504 -71.6085
47 -33.0496 -71.6092
650 -33.0499 -71.6091
121 -33.0499 -71.6091
39 -33.0496 -71.6094
695 -33.0482 -71.6098
985 -33.0481 -71.6098
344 -33.0495 -71.6097
28 -33.0497 -71.6091
270 -33.0504 -71.6085
161 -33.0503 -71.6085
906 -33.0502 -71.6085
508 -33.0501 -71.6084
781 -33.0498 -71.6091
914 -33.05 -71.6084
617 -33.05 -71.6084
8 -33.0513 -71.6084
975 -33.0514 -71.6075
232 -33.0512 -71.6075
339 -33.0512 -71.6074
839 -33.051 -71.6074
895 -33.0507 -71.6073
989 -33.0506 -71.6073
149 -33.051 -71.6064
388 -33.0514 -71.6059
628 -33.0513 -71.6059
913 -33.0511 -71.6058
30 -33.051 -71.6051
492 -33.0508 -71.6057
896 -33.0506 -71.6057
826 -33.0509 -71.6051
308 -33.0506 -71.6073
717 -33.0497 -71.6084
188 -33.0493 -71.6083
59 -33.0493 -71.6083
380 -33.0493 -71.6083
568 -33.0492 -71.6083
618 -33.049 -71.6083
346 -33.0488 -71.6083
559 -33.0483 -71.6082
21 -33.0505 -71.6073
194 -33.0505 -71.6073
800 -33.0505 -71.6057
514 -33.0501 -71.6055
162 -33.0481 -71.6082
533 -33.0477 -71.604
