271 -33.0612 -71.6159
619 -33.0612 -71.6159
760 -33.0613 -71.6159
838 -33.0607 -71.6162
466 -33.0602 -71.6164
290 -33.0605 -71.6162
907 -33.0607 -71.6162
301 -33.0621 -71.6158
754 -33.0617 -71.6158
978 -33.0627 -71.6151
475 -33.0626 -71.615
455 -33.0615 -71.6158
154 -33.0606 -71.6156
803 -33.0608 -71.6156
456 -33.0609 -71.6154
446 -33.0602 -71.6159
166 -33.0598 -71.6165
179 -33.0599 -71.6165
403 -33.06 -71.6165
495 -33.0598 -71.6166
171 -33.0593 -71.6167
448 -33.0594 -71.6167
145 -33.0597 -71.6166
423 -33.0599 -71.6162
698 -33.0597 -71.6147
549 -33.0597 -71.6146
424 -33.0598 -71.6146
773 -33.0596 -71.6148
962 -33.0596 -71.6148
7 -33.0595 -71.6148
809 -33.0595 -71.6147
726 -33.0597 -71.6145
686 -33.0607 -71.614
483 -33.0607 -71.6139
127 -33.0608 -71.6136
123 -33.0606 -71.6141
945 -33.0603 -71.6143
61 -33.0604 -71.6142
467 -33.0606 -71.6141
762 -33.0607 -71.6136
917 -33.0623 -71.6135
118 -33.0638 -71.6132
579 -33.0621 -71.6131
189 -33.061 -71.6134
994 -33.061 -71.6134
146 -33.0603 -71.6131
134 -33.0604 -71.613
279 -33.0602 -71.6143
367 -33.06 -71.6144
274 -33.06 -71.6143
967 -33.0598 -71.6138
819 -33.0597 -71.6145
107 -33.0594 -71.6142
405 -33.0595 -71.614
373 -33.0597 -71.6137
927 -33.0598 -71.6137
580 -33.0601 -71.6134
751 -33.0601 -71.6134
150 -33.06 -71.6134
641 -33.0599 -71.6134
354 -33.0598 -71.6137
69 -33.0599 -71.6135
355 -33.0593 -71.6143
930 -33.0589 -71.6169
908 -33.059 -71.6169
611 -33.059 -71.6168
946 -33.0589 -71.6169
727 -33.0587 -71.6171
614 -33.0587 -71.617
487 -33.0587 -71.617
767 -33.0586 -71.6155
546 -33.059 -71.6152
49 -33.059 -71.6152
292 -33.0588 -71.6147
198 -33.0588 -71.6153
711 -33.0587 -71.6154
117 -33.0587 -71.6154
488 -33.0588 -71.6148
506 -33.0586 -71.6167
393 -33.0585 -71.6172
262 -33.0585 -71.6167
431 -33.0584 -71.6165
327 -33.0584 -71.6173
504 -33.0583 -71.6174
128 -33.0584 -71.6174
830 -33.0584 -71.6173
89 -33.0586 -71.6155
228 -33.0584 -71.6151
636 -33.0586 -71.6149
864 -33.0585 -71.6147
545 -33.0584 -71.6148
787 -33.0583 -71.6149
105 -33.0583 -71.6148
721 -33.0583 -71.6148
992 -33.0586 -71.6147
434 -33.059 -71.6146
450 -33.0591 -71.6145
341 -33.0591 -71.6145
761 -33.059 -71.6146
973 -33.0589 -71.6147
254 -33.0589 -71.6147
844 -33.0589 -71.6147
464 -33.0591 -71.6136
402 -33.0591 -71.6136
916 -33.0591 -71.6135
102 -33.0591 -71.6135
950 -33.0591 -71.6134
822 -33.0589 -71.6133
919 -33.0588 -71.6133
216 -33.0589 -71.613
730 -33.0587 -71.6134
892 -33.0585 -71.6147
797 -33.0586 -71.6146
512 -33.0586 -71.6144
571 -33.0584 -71.6138
948 -33.0582 -71.6142
551 -33.0582 -71.6142
175 -33.0584 -71.6139
211 -33.0585 -71.6137
668 -33.0586 -71.6133
18 -33.0584 -71.613
233 -33.0584 -71.613
306 -33.0584 -71.613
521 -33.0583 -71.6134
881 -33.0583 -71.6134
655 -33.0584 -71.613
531 -33.0626 -71.6129
238 -33.0626 -71.6129
501 -33.0626 -71.6128
251 -33.0611 -71.6123
679 -33.061 -71.6123
408 -33.0611 -71.6123
537 -33.0611 -71.6123
674 -33.0611 -71.6123
51 -33.0627 -71.6122
366 -33.0626 -71.6121
958 -33.0626 -71.6121
286 -33.0625 -71.6121
407 -33.0613 -71.6122
747 -33.0613 -71.6122
52 -33.0625 -71.6121
370 -33.061 -71.6124
160 -33.0605 -71.6128
310 -33.0605 -71.6128
269 -33.0605 -71.6127
816 -33.0604 -71.6129
603 -33.0602 -71.6128
347 -33.0602 -71.6128
224 -33.0603 -71.6128
601 -33.0603 -71.6127
577 -33.0609 -71.6125
789 -33.0609 -71.6124
387 -33.0609 -71.6124
255 -33.0607 -71.6126
272 -33.0607 -71.6126
693 -33.0607 -71.6126
237 -33.0603 -71.6124
976 -33.0646 -71.6121
209 -33.0629 -71.6121
869 -33.0629 -71.612
640 -33.063 -71.612
642 -33.0627 -71.612
57 -33.0623 -71.612
413 -33.0621 -71.612
480 -33.0619 -71.612
733 -33.0623 -71.612
482 -33.0646 -71.6114
420 -33.0649 -71.6112
326 -33.065 -71.611
523 -33.0637 -71.6113
452 -33.0619 -71.6118
774 -33.063 -71.6114
561 -33.0631 -71.6112
934 -33.0619 -71.6112
14 -33.0617 -71.612
351 -33.0617 -71.612
646 -33.0619 -71.6112
582 -33.0616 -71.6121
307 -33.0607 -71.6116
627 -33.0609 -71.6115
12 -33.0612 -71.6115
700 -33.0619 -71.6112
818 -33.0619 -71.6111
879 -33.0618 -71.611
285 -33.0618 -71.611
60 -33.0618 -71.611
876 -33.0603 -71.611
705 -33.0618 -71.6109
986 -33.0602 -71.6128
615 -33.0593 -71.6129
863 -33.0594 -71.6129
19 -33.0594 -71.6129
324 -33.0592 -71.6129
837 -33.059 -71.6129
334 -33.0591 -71.6129
70 -33.0592 -71.6129
202 -33.0594 -71.6129
309 -33.0599 -71.6128
22 -33.0599 -71.6128
414 -33.06 -71.6128
759 -33.0598 -71.6128
208 -33.0594 -71.6129
200 -33.0595 -71.6128
295 -33.0598 -71.6128
801 -33.0589 -71.6129
42 -33.0585 -71.613
265 -33.0587 -71.613
235 -33.0587 -71.613
82 -33.0584 -71.613
599 -33.0584 -71.613
437 -33.0584 -71.613
738 -33.0584 -71.613
498 -33.0587 -71.613
124 -33.0588 -71.6129
607 -33.0588 -71.6129
87 -33.0589 -71.6129
661 -33.0588 -71.6129
771 -33.0587 -71.613
877 -33.0588 -71.6129
575 -33.06 -71.6128
991 -33.0595 -71.6125
955 -33.0595 -71.612
376 -33.0595 -71.612
602 -33.0595 -71.6118
23 -33.0592 -71.6126
303 -33.0591 -71.6125
676 -33.0591 -71.6122
998 -33.0595 -71.6117
368 -33.0598 -71.6116
252 -33.06 -71.6116
743 -33.0595 -71.611
563 -33.0593 -71.6116
298 -33.0593 -71.6116
748 -33.0589 -71.6112
187 -33.0592 -71.6112
259 -33.0589 -71.6112
742 -33.0589 -71.6128
386 -33.0589 -71.6127
20 -33.0589 -71.6127
842 -33.0583 -71.6126
872 -33.0583 -71.6127
645 -33.0583 -71.6127
214 -33.0583 -71.6127
29 -33.0588 -71.6126
905 -33.0588 -71.6121
560 -33.0588 -71.6117
706 -33.0585 -71.6113
197 -33.0585 -71.6124
151 -33.0584 -71.6117
606 -33.0583 -71.6113
108 -33.0582 -71.6123
109 -33.057 -71.6183
364 -33.0573 -71.6182
904 -33.0574 -71.6182
130 -33.057 -71.6183
165 -33.0569 -71.6183
979 -33.0566 -71.6182
10 -33.0566 -71.6182
961 -33.0574 -71.6181
597 -33.0582 -71.6175
703 -33.0582 -71.6175
585 -33.058 -71.617
66 -33.0577 -71.6179
100 -33.0575 -71.6171
964 -33.0567 -71.6168
593 -33.0576 -71.6154
983 -33.0565 -71.6182
949 -33.0565 -71.6182
786 -33.0564 -71.6181
494 -33.0563 -71.6166
217 -33.0562 -71.616
900 -33.0562 -71.616
712 -33.0562 -71.616
479 -33.0562 -71.6159
697 -33.0562 -71.6159
115 -33.0562 -71.6151
796 -33.0563 -71.6151
24 -33.0563 -71.6151
85 -33.0562 -71.6151
692 -33.0562 -71.6159
142 -33.0561 -71.6152
412 -33.0561 -71.6152
890 -33.0563 -71.6151
600 -33.0582 -71.615
204 -33.0581 -71.615
343 -33.058 -71.615
323 -33.0579 -71.615
565 -33.0579 -71.615
880 -33.0579 -71.615
320 -33.0578 -71.615
860 -33.0578 -71.615
734 -33.0577 -71.6149
361 -33.0578 -71.6149
835 -33.0576 -71.6149
421 -33.0576 -71.6149
340 -33.0576 -71.6149
795 -33.0576 -71.6149
812 -33.0576 -71.6149
116 -33.0576 -71.6149
5 -33.0563 -71.615
496 -33.0564 -71.615
195 -33.0564 -71.615
304 -33.0563 -71.615
647 -33.0563 -71.6151
226 -33.0563 -71.6151
497 -33.0563 -71.615
144 -33.0564 -71.615
399 -33.0575 -71.6149
38 -33.0565 -71.6149
93 -33.0574 -71.6149
75 -33.0565 -71.6149
315 -33.0564 -71.615
111 -33.0565 -71.6149
652 -33.0561 -71.6157
598 -33.0556 -71.6169
589 -33.0557 -71.6167
829 -33.0557 -71.6165
25 -33.0556 -71.6172
710 -33.0554 -71.6174
92 -33.0555 -71.6173
987 -33.0555 -71.6172
883 -33.056 -71.6162
529 -33.0561 -71.616
263 -33.0559 -71.6159
453 -33.0558 -71.6159
239 -33.0557 -71.6159
416 -33.0556 -71.6159
573 -33.0555 -71.6159
889 -33.0554 -71.6159
708 -33.0554 -71.6179
629 -33.0549 -71.6184
409 -33.0551 -71.6178
511 -33.0551 -71.6178
849 -33.0548 -71.6187
516 -33.0537 -71.6184
509 -33.0544 -71.6184
427 -33.0546 -71.6184
170 -33.0554 -71.6158
333 -33.0552 -71.6158
113 -33.0552 -71.6158
639 -33.0551 -71.6158
605 -33.0551 -71.6158
155 -33.055 -71.6158
763 -33.0548 -71.6157
794 -33.0547 -71.6157
53 -33.0561 -71.6157
174 -33.0561 -71.6157
191 -33.0561 -71.6156
273 -33.0561 -71.6156
999 -33.0561 -71.6156
313 -33.056 -71.6156
859 -33.056 -71.6155
13 -33.056 -71.6155
688 -33.056 -71.6153
106 -33.056 -71.6152
574 -33.0561 -71.6152
850 -33.056 -71.6153
572 -33.056 -71.6154
884 -33.056 -71.6153
550 -33.056 -71.6153
940 -33.0559 -71.6154
157 -33.0547 -71.6157
635 -33.0542 -71.6157
353 -33.0557 -71.6156
988 -33.0525 -71.6157
277 -33.0524 -71.6156
820 -33.0524 -71.6156
205 -33.0524 -71.6156
938 -33.0523 -71.6156
610 -33.054 -71.6156
54 -33.0554 -71.6154
176 -33.0559 -71.6153
644 -33.0535 -71.6155
911 -33.0533 -71.6155
764 -33.0532 -71.6155
739 -33.0574 -71.6149
476 -33.0581 -71.6144
713 -33.0581 -71.6144
547 -33.0579 -71.6139
389 -33.0579 -71.6139
377 -33.0577 -71.6145
885 -33.0577 -71.6144
68 -33.0578 -71.6144
181 -33.0575 -71.6138
891 -33.0581 -71.6138
848 -33.0581 -71.6133
963 -33.0582 -71.6131
775 -33.0581 -71.6135
210 -33.058 -71.6138
212 -33.0581 -71.6136
591 -33.0576 -71.6134
687 -33.0574 -71.6142
177 -33.0574 -71.6149
148 -33.0573 -71.6149
253 -33.0573 -71.6149
430 -33.0572 -71.6148
266 -33.0572 -71.6148
756 -33.0571 -71.6148
385 -33.0571 -71.6148
783 -33.0571 -71.6148
185 -33.0574 -71.6143
625 -33.0574 -71.6138
40 -33.0574 -71.6135
831 -33.0574 -71.6144
91 -33.0573 -71.6137
382 -33.057 -71.6135
867 -33.057 -71.6135
520 -33.0577 -71.6131
227 -33.0582 -71.6131
707 -33.0581 -71.613
725 -33.058 -71.613
942 -33.058 -71.613
201 -33.058 -71.613
392 -33.058 -71.613
902 -33.0579 -71.613
649 -33.0578 -71.6129
587 -33.0581 -71.6125
442 -33.058 -71.6119
542 -33.058 -71.6116
15 -33.058 -71.6113
275 -33.0577 -71.6129
562 -33.0577 -71.6129
569 -33.0579 -71.6113
35 -33.0577 -71.6131
658 -33.0576 -71.6129
173 -33.0576 -71.6129
534 -33.0576 -71.6129
449 -33.0575 -71.6129
996 -33.0575 -71.6128
203 -33.0574 -71.6128
805 -33.0573 -71.6128
623 -33.0573 -71.6128
186 -33.0572 -71.6128
861 -33.0575 -71.6119
681 -33.0575 -71.6116
588 -33.0571 -71.6127
791 -33.057 -71.6127
666 -33.057 -71.6127
632 -33.057 -71.6148
678 -33.0567 -71.6147
17 -33.0569 -71.6147
749 -33.0568 -71.6147
163 -33.0567 -71.6148
659 -33.0566 -71.6149
500 -33.0566 -71.6148
852 -33.0566 -71.6148
260 -33.0568 -71.6147
250 -33.0568 -71.6147
638 -33.0569 -71.6126
566 -33.0568 -71.6126
270 -33.0567 -71.6125
429 -33.0565 -71.6132
536 -33.0565 -71.6132
33 -33.0566 -71.6125
508 -33.0564 -71.6124
161 -33.0564 -71.6132
59 -33.0554 -71.6131
617 -33.0564 -71.6124
380 -33.0553 -71.6131
101 -33.0496 -71.6133
618 -33.0552 -71.6131
447 -33.0511 -71.6131
906 -33.0564 -71.6124
914 -33.0564 -71.6124
44 -33.0553 -71.6124
758 -33.0554 -71.6124
346 -33.0552 -71.6124
559 -33.0547 -71.6124
851 -33.0546 -71.6124
683 -33.0561 -71.6123
717 -33.0561 -71.6123
568 -33.0556 -71.6123
188 -33.0557 -71.6123
862 -33.0535 -71.6122
553 -33.0525 -71.6121
972 -33.0521 -71.612
901 -33.0527 -71.6116
348 -33.0527 -71.6116
394 -33.0539 -71.6113
660 -33.0539 -71.6112
834 -33.0538 -71.6111
314 -33.0538 -71.6113
81 -33.0528 -71.6116
604 -33.0529 -71.6116
855 -33.0538 -71.6113
793 -33.052 -71.612
9 -33.0512 -71.612
827 -33.0512 -71.6119
735 -33.0499 -71.6116
696 -33.0499 -71.6117
322 -33.0499 -71.6117
139 -33.0499 -71.6117
802 -33.0499 -71.6117
222 -33.05 -71.6115
633 -33.05 -71.6114
718 -33.05 -71.6112
360 -33.05 -71.611
982 -33.0499 -71.6113
220 -33.0497 -71.6113
784 -33.0497 -71.6112
34 -33.0501 -71.6109
790 -33.064 -71.6108
11 -33.063 -71.6103
499 -33.0632 -71.6102
297 -33.0618 -71.6108
474 -33.0618 -71.6108
608 -33.0618 -71.6107
43 -33.0618 -71.6106
63 -33.0632 -71.61
677 -33.0643 -71.6097
858 -33.0623 -71.6096
282 -33.0622 -71.6095
422 -33.062 -71.6095
944 -33.062 -71.6095
219 -33.0618 -71.6094
723 -33.0618 -71.6094
581 -33.0617 -71.6103
903 -33.0614 -71.6107
740 -33.0617 -71.6106
576 -33.0617 -71.6103
918 -33.0614 -71.6102
190 -33.0603 -71.6106
26 -33.061 -71.6103
878 -33.0613 -71.6101
97 -33.0603 -71.6101
489 -33.0613 -71.61
715 -33.0616 -71.6094
664 -33.0614 -71.6094
458 -33.0611 -71.6099
62 -33.061 -71.6097
138 -33.0605 -71.6096
970 -33.0608 -71.6096
470 -33.0615 -71.6094
79 -33.0629 -71.6093
469 -33.0628 -71.6092
335 -33.0626 -71.6092
473 -33.0623 -71.6091
94 -33.061 -71.6093
532 -33.061 -71.6093
438 -33.062 -71.6092
350 -33.0617 -71.6089
72 -33.0621 -71.6085
478 -33.062 -71.6082
225 -33.0624 -71.608
463 -33.0619 -71.6086
156 -33.0617 -71.6089
461 -33.061 -71.6086
419 -33.0617 -71.608
952 -33.0608 -71.6088
183 -33.0608 -71.6088
328 -33.0607 -71.6088
690 -33.0607 -71.6088
714 -33.0607 -71.6086
73 -33.0605 -71.6093
757 -33.0606 -71.6085
746 -33.0606 -71.6085
471 -33.0605 -71.6085
981 -33.0605 -71.6085
752 -33.0604 -71.6084
753 -33.0607 -71.6079
369 -33.0604 -71.6083
653 -33.0604 -71.6083
741 -33.0604 -71.6083
832 -33.0602 -71.6082
886 -33.0602 -71.6103
305 -33.0601 -71.6101
866 -33.0596 -71.6098
909 -33.0595 -71.6107
415 -33.0595 -71.6104
765 -33.0592 -71.6104
143 -33.0589 -71.6102
362 -33.0589 -71.6095
626 -33.06 -71.6088
132 -33.06 -71.6088
332 -33.0602 -71.6083
810 -33.0598 -71.6082
236 -33.0588 -71.6088
2 -33.0592 -71.6088
167 -33.0598 -71.6082
856 -33.0587 -71.6093
558 -33.0584 -71.6106
141 -33.0587 -71.6103
657 -33.0586 -71.6101
391 -33.0583 -71.6105
821 -33.0581 -71.6108
815 -33.0581 -71.6108
770 -33.0581 -71.6105
745 -33.0582 -71.6101
454 -33.0582 -71.609
257 -33.0583 -71.6087
554 -33.0582 -71.6084
875 -33.0582 -71.6084
433 -33.0581 -71.6098
931 -33.0581 -71.609
192 -33.0601 -71.6081
624 -33.06 -71.6081
71 -33.06 -71.6081
882 -33.06 -71.6081
736 -33.0599 -71.608
294 -33.0599 -71.608
846 -33.059 -71.6079
528 -33.059 -71.6079
788 -33.0598 -71.6079
199 -33.0598 -71.6079
468 -33.0601 -71.6079
888 -33.0601 -71.6078
929 -33.0589 -71.6078
122 -33.0585 -71.6079
397 -33.0585 -71.6079
731 -33.0586 -71.6079
989 -33.0585 -71.6079
299 -33.0582 -71.6081
682 -33.0582 -71.6081
675 -33.0584 -71.608
264 -33.0581 -71.6081
871 -33.0581 -71.6081
913 -33.0581 -71.6081
410 -33.0581 -71.6081
194 -33.0583 -71.608
720 -33.0585 -71.608
245 -33.0585 -71.608
806 -33.0585 -71.6079
691 -33.0585 -71.608
21 -33.0584 -71.608
308 -33.0584 -71.608
993 -33.0581 -71.6078
400 -33.0627 -71.6076
833 -33.0619 -71.6069
331 -33.0642 -71.6068
662 -33.0619 -71.6068
977 -33.0617 -71.6073
923 -33.0611 -71.6071
808 -33.0612 -71.6068
672 -33.0624 -71.6067
441 -33.0634 -71.6065
90 -33.0636 -71.6064
291 -33.0637 -71.6064
147 -33.0633 -71.6065
381 -33.0611 -71.6066
557 -33.0616 -71.6066
159 -33.0609 -71.6065
836 -33.0609 -71.6075
785 -33.0607 -71.6077
966 -33.0606 -71.6076
398 -33.0606 -71.6076
56 -33.0606 -71.6077
229 -33.0599 -71.6078
365 -33.0603 -71.6077
325 -33.0599 -71.6077
502 -33.0606 -71.6076
137 -33.0607 -71.6069
300 -33.0606 -71.6068
925 -33.0607 -71.6064
281 -33.0602 -71.607
46 -33.0601 -71.6072
912 -33.0602 -71.6072
772 -33.0601 -71.6065
924 -33.0634 -71.6064
112 -33.0632 -71.6062
296 -33.063 -71.6061
870 -33.0643 -71.606
78 -33.0624 -71.6056
592 -33.0623 -71.6063
922 -33.0622 -71.6055
491 -33.061 -71.6055
857 -33.0623 -71.6054
769 -33.0618 -71.6052
825 -33.0616 -71.605
169 -33.0615 -71.6049
620 -33.0615 -71.6049
843 -33.0615 -71.6049
622 -33.0614 -71.6049
261 -33.0613 -71.6048
32 -33.061 -71.6052
83 -33.0601 -71.6063
129 -33.0601 -71.6063
284 -33.06 -71.6061
505 -33.06 -71.6062
311 -33.06 -71.6062
845 -33.0599 -71.6062
411 -33.0599 -71.6062
417 -33.0601 -71.6061
158 -33.0608 -71.6053
293 -33.0607 -71.6046
99 -33.0606 -71.6046
951 -33.0605 -71.6056
669 -33.0601 -71.606
349 -33.0601 -71.606
16 -33.0598 -71.6063
375 -33.0596 -71.6078
103 -33.0594 -71.6077
997 -33.0596 -71.6076
737 -33.0592 -71.6076
339 -33.059 -71.6077
242 -33.0591 -71.6077
371 -33.0591 -71.6076
556 -33.0596 -71.6076
395 -33.0595 -71.6076
321 -33.0596 -71.6069
243 -33.0597 -71.6068
287 -33.0594 -71.6076
280 -33.0591 -71.6075
378 -33.0592 -71.6068
671 -33.0591 -71.6067
215 -33.059 -71.6077
839 -33.0589 -71.6078
813 -33.059 -71.6077
232 -33.059 -71.6077
110 -33.0584 -71.6073
887 -33.0581 -71.6076
182 -33.0583 -71.6071
168 -33.0584 -71.6067
980 -33.0584 -71.6067
555 -33.0587 -71.6066
126 -33.0588 -71.6066
704 -33.0588 -71.6066
578 -33.0585 -71.6066
247 -33.0583 -71.6067
267 -33.0585 -71.6066
910 -33.0588 -71.6065
404 -33.0595 -71.6065
954 -33.0594 -71.6064
125 -33.0594 -71.6064
276 -33.0593 -71.6064
8 -33.0592 -71.6064
670 -33.0592 -71.6064
230 -33.0593 -71.6064
873 -33.0593 -71.6064
544 -33.0594 -71.6064
172 -33.0598 -71.6063
256 -33.0594 -71.6055
120 -33.0594 -71.6064
527 -33.0592 -71.6063
221 -33.0591 -71.6054
1 -33.0593 -71.6045
513 -33.0591 -71.6063
525 -33.059 -71.6063
840 -33.0584 -71.6062
223 -33.0585 -71.6062
782 -33.0583 -71.6062
136 -33.0582 -71.6059
564 -33.0582 -71.6058
984 -33.0583 -71.6058
196 -33.0587 -71.6051
957 -33.0587 -71.6051
826 -33.0586 -71.6041
30 -33.0587 -71.6041
937 -33.0586 -71.6051
595 -33.0583 -71.6051
406 -33.0586 -71.6049
628 -33.058 -71.6065
510 -33.0577 -71.6107
540 -33.0575 -71.6103
384 -33.0577 -71.6102
372 -33.0574 -71.6101
673 -33.0574 -71.6106
915 -33.0567 -71.61
336 -33.0568 -71.6099
268 -33.058 -71.6099
975 -33.0572 -71.6095
874 -33.0576 -71.6088
535 -33.0575 -71.6088
517 -33.057 -71.6098
358 -33.0567 -71.6096
65 -33.0566 -71.6096
744 -33.0567 -71.6096
895 -33.0565 -71.6096
920 -33.0556 -71.6105
27 -33.0552 -71.6104
278 -33.0551 -71.6104
133 -33.0549 -71.6104
337 -33.0542 -71.6105
401 -33.0546 -71.6104
345 -33.0548 -71.6104
74 -33.055 -71.6103
621 -33.0564 -71.6101
388 -33.0564 -71.6096
180 -33.0558 -71.6095
995 -33.0558 -71.6095
894 -33.0555 -71.6094
86 -33.0546 -71.6085
548 -33.0545 -71.6085
522 -33.0545 -71.6085
162 -33.056 -71.6084
596 -33.0548 -71.6084
96 -33.0548 -71.6083
947 -33.0548 -71.6084
685 -33.0547 -71.6085
518 -33.0547 -71.6084
804 -33.0547 -71.6084
244 -33.058 -71.6083
811 -33.0579 -71.6083
342 -33.0549 -71.6083
312 -33.055 -71.6082
329 -33.0549 -71.6083
241 -33.0549 -71.6083
719 -33.0549 -71.6083
779 -33.0549 -71.6083
709 -33.0544 -71.6085
665 -33.0544 -71.6085
444 -33.0544 -71.6085
207 -33.0544 -71.6085
76 -33.0543 -71.6085
847 -33.0542 -71.6085
654 -33.0542 -71.6085
153 -33.0541 -71.6085
240 -33.0541 -71.6085
363 -33.054 -71.6085
64 -33.0541 -71.6085
178 -33.054 -71.6085
425 -33.054 -71.6085
828 -33.054 -71.6085
481 -33.054 -71.6085
780 -33.0539 -71.6105
31 -33.0536 -71.6105
77 -33.0537 -71.6105
694 -33.0514 -71.6097
383 -33.0513 -71.6098
530 -33.0507 -71.6102
968 -33.051 -71.6101
716 -33.0513 -71.6098
48 -33.0515 -71.6096
853 -33.052 -71.6089
140 -33.052 -71.6089
318 -33.052 -71.6089
206 -33.0519 -71.6091
933 -33.0516 -71.6095
283 -33.0517 -71.6094
440 -33.0518 -71.6093
724 -33.0506 -71.6102
493 -33.0501 -71.6107
583 -33.0501 -71.6105
484 -33.0502 -71.6103
935 -33.0501 -71.6107
80 -33.0501 -71.6108
485 -33.0501 -71.6107
88 -33.0501 -71.6107
732 -33.0502 -71.6103
152 -33.0506 -71.6102
55 -33.0505 -71.6102
722 -33.0506 -71.6102
755 -33.0503 -71.6102
643 -33.0502 -71.6103
939 -33.0502 -71.6102
213 -33.0521 -71.6087
823 -33.0536 -71.6085
418 -33.0536 -71.6085
231 -33.0536 -71.6085
119 -33.0536 -71.6085
234 -33.0536 -71.6085
701 -33.0535 -71.6085
590 -33.0535 -71.6085
634 -33.0537 -71.6085
956 -33.0537 -71.6085
457 -33.0537 -71.6085
807 -33.0537 -71.6085
680 -33.0535 -71.6085
728 -33.0533 -71.6085
0 -33.0533 -71.6084
637 -33.0533 -71.6084
538 -33.0531 -71.6084
868 -33.0522 -71.6084
648 -33.0531 -71.6084
36 -33.0522 -71.6083
50 -33.0521 -71.6085
897 -33.0521 -71.6087
941 -33.0521 -71.6087
799 -33.0505 -71.6085
462 -33.0529 -71.6083
374 -33.0528 -71.6083
515 -33.0528 -71.6083
302 -33.0528 -71.6083
432 -33.0527 -71.6082
436 -33.0522 -71.6082
631 -33.0522 -71.6082
612 -33.0526 -71.6082
921 -33.058 -71.6081
359 -33.058 -71.6081
667 -33.058 -71.6081
289 -33.0579 -71.6082
616 -33.0577 -71.6081
959 -33.0576 -71.6081
896 -33.0575 -71.6081
965 -33.0575 -71.6081
193 -33.0577 -71.6076
319 -33.0577 -71.6076
613 -33.0577 -71.6073
893 -33.0575 -71.6081
445 -33.0574 -71.6081
650 -33.0574 -71.6081
609 -33.0574 -71.6081
800 -33.0573 -71.6081
490 -33.0573 -71.6081
28 -33.0572 -71.608
37 -33.0571 -71.608
594 -33.0571 -71.608
570 -33.057 -71.608
39 -33.057 -71.608
630 -33.057 -71.608
45 -33.057 -71.608
699 -33.0569 -71.608
514 -33.0569 -71.608
426 -33.0569 -71.608
584 -33.0568 -71.608
114 -33.0568 -71.608
131 -33.0567 -71.608
684 -33.0566 -71.608
344 -33.0566 -71.6072
184 -33.0578 -71.6068
67 -33.058 -71.6067
357 -33.0578 -71.6062
503 -33.0578 -71.6066
390 -33.0577 -71.6072
567 -33.0577 -71.6068
6 -33.0578 -71.6068
990 -33.058 -71.6062
477 -33.058 -71.6059
460 -33.0578 -71.6058
149 -33.058 -71.6046
316 -33.0577 -71.6058
472 -33.0575 -71.6061
98 -33.0575 -71.6051
768 -33.0576 -71.6049
552 -33.0575 -71.6069
443 -33.0568 -71.6072
777 -33.0568 -71.6071
953 -33.057 -71.607
926 -33.0567 -71.6072
396 -33.0566 -71.6072
936 -33.0567 -71.6072
543 -33.0567 -71.6072
47 -33.0571 -71.607
689 -33.0573 -71.6069
41 -33.0574 -71.6069
492 -33.0574 -71.6068
104 -33.0573 -71.6069
135 -33.0571 -71.607
776 -33.0571 -71.6047
352 -33.0566 -71.6072
330 -33.0565 -71.608
663 -33.0565 -71.608
451 -33.0564 -71.608
824 -33.0564 -71.608
814 -33.0563 -71.608
3 -33.0563 -71.608
695 -33.0554 -71.608
486 -33.0562 -71.608
798 -33.0561 -71.6079
249 -33.0561 -71.6079
288 -33.056 -71.6079
524 -33.056 -71.6079
465 -33.0554 -71.6079
317 -33.0554 -71.6079
932 -33.0554 -71.6079
258 -33.0553 -71.608
656 -33.0551 -71.6082
960 -33.0525 -71.6082
218 -33.0524 -71.6081
541 -33.0522 -71.6081
84 -33.0522 -71.6082
854 -33.0522 -71.6082
435 -33.0518 -71.6081
519 -33.0523 -71.6081
985 -33.0552 -71.6081
651 -33.0552 -71.6081
428 -33.0553 -71.608
58 -33.0552 -71.6081
778 -33.0522 -71.6081
586 -33.0523 -71.6081
338 -33.056 -71.6079
702 -33.0561 -71.6075
841 -33.0562 -71.6075
246 -33.0562 -71.6074
898 -33.056 -71.6075
865 -33.056 -71.6079
974 -33.056 -71.6079
4 -33.0558 -71.6079
969 -33.0563 -71.6074
356 -33.0564 -71.6073
928 -33.0564 -71.6073
943 -33.0565 -71.6073
95 -33.0564 -71.6074
459 -33.0563 -71.6074
121 -33.0563 -71.6044
781 -33.0561 -71.6043
766 -33.0557 -71.6077
817 -33.0556 -71.6078
750 -33.0556 -71.6078
379 -33.0556 -71.6077
539 -33.0555 -71.6078
164 -33.0555 -71.6079
526 -33.0555 -71.6079
439 -33.0555 -71.6078
971 -33.0527 -71.6067
792 -33.0552 -71.6049
729 -33.0553 -71.6049
507 -33.0557 -71.6046
533 -33.0551 -71.6045
248 -33.0527 -71.6067
899 -33.0532 -71.6065
