930 -33.0533 -71.6246
266 -33.0533 -71.6246
253 -33.0533 -71.6246
678 -33.0528 -71.6246
327 -33.0527 -71.6245
315 -33.0526 -71.6245
38 -33.0525 -71.6245
226 -33.0524 -71.6244
880 -33.0538 -71.6241
177 -33.0535 -71.6239
487 -33.0531 -71.6238
260 -33.053 -71.6238
796 -33.0523 -71.6244
5 -33.0523 -71.6244
500 -33.0527 -71.6236
115 -33.0522 -71.6244
479 -33.0518 -71.625
961 -33.0519 -71.6247
940 -33.0519 -71.6246
217 -33.0518 -71.6251
109 -33.0517 -71.6252
883 -33.0516 -71.6252
829 -33.0511 -71.6251
176 -33.052 -71.6244
647 -33.0522 -71.6244
497 -33.0522 -71.6244
142 -33.0521 -71.6244
85 -33.0521 -71.6243
66 -33.052 -71.6243
550 -33.052 -71.6243
697 -33.0514 -71.6243
703 -33.0525 -71.6236
377 -33.0536 -71.6224
210 -33.0536 -71.6224
179 -33.0531 -71.6222
890 -33.0524 -71.6235
919 -33.0521 -71.62
456 -33.052 -71.6199
355 -33.0519 -71.6199
216 -33.0521 -71.6199
869 -33.0532 -71.6188
646 -33.0529 -71.6187
57 -33.0527 -71.6187
668 -33.0527 -71.6187
587 -33.0521 -71.6198
373 -33.052 -71.6197
69 -33.0518 -71.6194
313 -33.0518 -71.6233
53 -33.0516 -71.6233
973 -33.0516 -71.62
838 -33.0516 -71.62
775 -33.0515 -71.6201
399 -33.0511 -71.6212
547 -33.0514 -71.6204
713 -33.0515 -71.6201
761 -33.0516 -71.6199
341 -33.0517 -71.6199
542 -33.0516 -71.6193
301 -33.0516 -71.6192
134 -33.0512 -71.6189
816 -33.0512 -71.6188
881 -33.0511 -71.6188
116 -33.0511 -71.6212
598 -33.0508 -71.6255
101 -33.0511 -71.6254
786 -33.051 -71.6251
979 -33.0506 -71.6242
633 -33.0506 -71.6246
589 -33.0504 -71.6242
34 -33.0504 -71.6242
493 -33.0504 -71.6241
716 -33.051 -71.6229
694 -33.0508 -71.6227
799 -33.0507 -71.6226
732 -33.0507 -71.6238
901 -33.0506 -71.6225
283 -33.0505 -71.6223
440 -33.0504 -71.6223
935 -33.0503 -71.6242
92 -33.0503 -71.6252
987 -33.0503 -71.6252
447 -33.05 -71.6243
409 -33.0498 -71.6252
849 -33.0489 -71.6253
629 -33.0491 -71.6253
710 -33.0498 -71.6243
25 -33.05 -71.6243
859 -33.0493 -71.6223
144 -33.0493 -71.6216
111 -33.0493 -71.6216
597 -33.0492 -71.6217
999 -33.0492 -71.6223
206 -33.0487 -71.622
412 -33.0492 -71.622
163 -33.0493 -71.6215
432 -33.0502 -71.6207
302 -33.0502 -71.6207
637 -33.05 -71.6204
680 -33.0498 -71.6201
234 -33.0495 -71.6201
323 -33.0496 -71.6199
956 -33.0496 -71.6199
166 -33.0496 -71.6199
401 -33.0496 -71.6197
376 -33.0511 -71.6187
760 -33.0498 -71.6187
425 -33.0495 -71.6195
74 -33.0494 -71.6193
891 -33.0494 -71.6191
76 -33.0494 -71.6191
198 -33.0494 -71.619
77 -33.0494 -71.6207
262 -33.0493 -71.6204
340 -33.0493 -71.6203
852 -33.0493 -71.6215
17 -33.0493 -71.621
250 -33.0493 -71.621
632 -33.0493 -71.6209
448 -33.0493 -71.6202
687 -33.0494 -71.6202
804 -33.0494 -71.6189
86 -33.0494 -71.6188
434 -33.0494 -71.6188
831 -33.0493 -71.6202
844 -33.0494 -71.6188
549 -33.0511 -71.6186
413 -33.0523 -71.6186
774 -33.0535 -71.6185
560 -33.0536 -71.6184
765 -33.0521 -71.6185
189 -33.052 -71.6185
963 -33.052 -71.6185
367 -33.052 -71.6185
582 -33.0518 -71.6184
475 -33.0537 -71.6174
842 -33.0526 -71.6158
297 -33.0529 -71.6157
464 -33.0521 -71.6157
640 -33.0521 -71.6156
950 -33.0521 -71.6156
608 -33.052 -71.6156
978 -33.0518 -71.6184
407 -33.0516 -71.6184
537 -33.0514 -71.6184
408 -33.0512 -71.6183
370 -33.0512 -71.6183
255 -33.0512 -71.6185
42 -33.0502 -71.6183
361 -33.0501 -71.6183
389 -33.0514 -71.6165
743 -33.0514 -71.6165
18 -33.0515 -71.6161
476 -33.0505 -71.6157
251 -33.0504 -71.6158
726 -33.0502 -71.6158
955 -33.0501 -71.6157
279 -33.0501 -71.6157
20 -33.052 -71.6156
118 -33.0536 -71.6156
872 -33.0536 -71.6155
945 -33.0535 -71.6155
976 -33.0535 -71.6155
482 -33.0534 -71.6155
991 -33.0534 -71.6155
561 -33.0527 -71.6152
483 -33.0525 -71.615
531 -33.0524 -71.615
948 -33.0537 -71.6143
994 -33.0527 -71.6137
501 -33.0523 -71.615
124 -33.0522 -71.6149
910 -33.0518 -71.6136
242 -33.0519 -71.6134
60 -33.0518 -71.6156
818 -33.0518 -71.6156
879 -33.0518 -71.6156
931 -33.0518 -71.6154
286 -33.0517 -71.6156
822 -33.0507 -71.6155
450 -33.0506 -71.6155
356 -33.0516 -71.6155
943 -33.0518 -71.6154
936 -33.0518 -71.6154
578 -33.0517 -71.6139
507 -33.0517 -71.6138
299 -33.0514 -71.6143
268 -33.0511 -71.6147
792 -33.0514 -71.6143
123 -33.0501 -71.6157
698 -33.0497 -71.6177
754 -33.0496 -71.6177
455 -33.0495 -71.6177
656 -33.0492 -71.6183
809 -33.0492 -71.6176
352 -33.049 -71.6167
396 -33.049 -71.6166
543 -33.049 -71.6166
641 -33.0493 -71.6165
150 -33.0494 -71.6165
426 -33.0491 -71.6164
443 -33.0491 -71.6164
699 -33.0491 -71.6165
819 -33.0491 -71.6165
488 -33.0491 -71.6165
290 -33.049 -71.6165
428 -33.0489 -71.618
539 -33.0489 -71.6179
379 -33.0487 -71.6177
750 -33.0487 -71.6178
164 -33.0486 -71.618
254 -33.0486 -71.6179
292 -33.0486 -71.6179
803 -33.049 -71.6176
841 -33.0489 -71.6171
95 -33.049 -71.6168
684 -33.049 -71.6167
246 -33.0489 -71.6172
524 -33.0488 -71.6175
730 -33.0488 -71.6173
570 -33.0491 -71.6163
602 -33.05 -71.6157
269 -33.0498 -71.6157
520 -33.0499 -71.6157
442 -33.0496 -71.616
271 -33.0496 -71.6162
580 -33.0496 -71.6161
146 -33.0496 -71.616
107 -33.0499 -71.6157
693 -33.0499 -71.6157
415 -33.0495 -71.6142
257 -33.0496 -71.6137
887 -33.0494 -71.6146
141 -33.0493 -71.615
682 -33.0493 -71.6149
554 -33.0494 -71.6148
921 -33.0493 -71.6151
893 -33.0492 -71.6156
959 -33.0492 -71.6156
41 -33.0492 -71.6155
391 -33.0492 -71.6156
953 -33.0491 -71.6161
609 -33.0492 -71.6159
689 -33.0492 -71.6158
433 -33.0492 -71.6155
6 -33.0493 -71.6153
184 -33.0493 -71.6152
871 -33.0493 -71.6152
267 -33.0486 -71.6134
998 -33.0486 -71.6135
160 -33.0486 -71.6135
992 -33.0486 -71.6181
983 -33.0474 -71.6226
453 -33.0474 -71.6225
318 -33.0474 -71.6225
897 -33.0474 -71.6223
130 -33.0474 -71.6223
263 -33.0474 -71.6223
529 -33.0474 -71.6221
900 -33.0474 -71.6221
36 -33.0474 -71.622
394 -33.0474 -71.622
868 -33.0474 -71.622
692 -33.0474 -71.622
660 -33.0473 -71.6219
631 -33.0473 -71.6218
854 -33.0473 -71.6218
889 -33.0473 -71.6228
139 -33.0465 -71.6252
820 -33.0465 -71.6251
205 -33.0465 -71.6251
938 -33.0465 -71.625
802 -33.0465 -71.625
322 -33.0465 -71.625
277 -33.0465 -71.625
696 -33.0464 -71.6249
383 -33.0466 -71.6229
605 -33.0469 -71.6228
834 -33.0473 -71.6217
735 -33.0466 -71.6247
516 -33.0463 -71.6247
222 -33.0462 -71.6247
360 -33.0462 -71.6245
586 -33.0472 -71.6216
213 -33.0485 -71.6216
462 -33.0473 -71.6211
374 -33.0484 -71.6208
688 -33.0473 -71.6211
191 -33.0472 -71.6216
612 -33.0472 -71.6213
884 -33.0472 -71.6212
195 -33.0474 -71.6207
780 -33.0483 -71.6205
337 -33.0481 -71.6202
701 -33.048 -71.6201
0 -33.0475 -71.6205
830 -33.0475 -71.6203
496 -33.0474 -71.6203
106 -33.0469 -71.6201
574 -33.0469 -71.6201
904 -33.0466 -71.6204
174 -33.0466 -71.6204
273 -33.0466 -71.6203
519 -33.0465 -71.6206
435 -33.0463 -71.6212
314 -33.0464 -71.621
855 -33.0464 -71.621
218 -33.0464 -71.6203
515 -33.0467 -71.6201
850 -33.0468 -71.6201
31 -33.0467 -71.62
572 -33.0466 -71.6202
851 -33.0466 -71.6202
13 -33.0466 -71.6202
941 -33.0462 -71.6213
718 -33.0461 -71.6245
80 -33.0459 -71.6243
485 -33.0459 -71.6243
764 -33.0457 -71.6241
509 -33.0457 -71.6241
583 -33.0457 -71.6241
939 -33.0457 -71.6238
9 -33.0457 -71.6238
530 -33.0459 -71.6232
511 -33.046 -71.6231
708 -33.0462 -71.623
152 -33.0459 -71.6232
755 -33.0458 -71.6236
55 -33.0458 -71.6236
722 -33.0459 -71.6234
484 -33.0457 -71.6239
911 -33.0456 -71.624
88 -33.0444 -71.624
643 -33.0446 -71.6238
982 -33.044 -71.6242
220 -33.0437 -71.6244
784 -33.0437 -71.6244
988 -33.0439 -71.6243
827 -33.0449 -71.6236
793 -33.0453 -71.6228
972 -33.0454 -71.6227
635 -33.0454 -71.6227
724 -33.0451 -71.6232
427 -33.0449 -71.6236
644 -33.045 -71.6235
610 -33.0451 -71.6227
170 -33.0461 -71.6217
573 -33.0462 -71.6215
862 -33.0462 -71.6213
113 -33.046 -71.6218
348 -33.0458 -71.6221
81 -33.0458 -71.6221
639 -33.0459 -71.6219
541 -33.0462 -71.6203
778 -33.0462 -71.6202
436 -33.0462 -71.6202
712 -33.0462 -71.6202
84 -33.0461 -71.6202
165 -33.046 -71.6202
50 -33.0459 -71.6202
239 -33.0458 -71.6201
933 -33.0457 -71.6222
553 -33.0457 -71.6223
794 -33.0457 -71.6222
48 -33.0457 -71.6222
157 -33.0457 -71.6223
968 -33.0451 -71.6226
333 -33.0456 -71.6205
155 -33.0453 -71.6204
604 -33.0453 -71.6204
10 -33.0457 -71.6201
949 -33.0457 -71.6201
853 -33.0456 -71.6201
416 -33.0456 -71.62
763 -33.0452 -71.6203
140 -33.0456 -71.62
457 -33.0478 -71.6199
518 -33.0482 -71.6191
565 -33.0482 -71.619
329 -33.0483 -71.6187
431 -33.0481 -71.6192
522 -33.0481 -71.6193
207 -33.0481 -71.6192
665 -33.0481 -71.6192
495 -33.0483 -71.6187
180 -33.0485 -71.6183
812 -33.0486 -71.6181
767 -33.0486 -71.6181
864 -33.0485 -71.6184
787 -33.0484 -71.6185
258 -33.0485 -71.6184
721 -33.0485 -71.6184
709 -33.0481 -71.6193
783 -33.0477 -71.6198
363 -33.0478 -71.6197
430 -33.0478 -71.6197
481 -33.0477 -71.6198
614 -33.0477 -71.6199
727 -33.0477 -71.6199
828 -33.0477 -71.6198
240 -33.0479 -71.6196
27 -33.048 -71.6194
278 -33.048 -71.6194
548 -33.048 -71.6193
654 -33.0479 -71.6194
64 -33.0479 -71.6195
93 -33.0479 -71.6195
685 -33.0474 -71.618
947 -33.0474 -71.6178
466 -33.0483 -71.6175
817 -33.0477 -71.6167
336 -33.0479 -71.6164
932 -33.0477 -71.6169
805 -33.0476 -71.6171
465 -33.0477 -71.617
439 -33.0477 -71.6169
974 -33.0479 -71.6163
445 -33.0483 -71.6146
67 -33.0485 -71.6138
649 -33.0486 -71.6136
801 -33.0481 -71.6153
546 -33.0481 -71.6163
117 -33.0479 -71.6162
777 -33.0481 -71.6153
208 -33.0475 -71.6134
342 -33.0475 -71.6176
860 -33.0475 -71.6175
651 -33.0475 -71.6174
58 -33.0475 -71.6172
920 -33.0474 -71.6177
320 -33.0474 -71.6177
779 -33.0474 -71.6177
638 -33.0474 -71.6172
892 -33.0475 -71.6162
908 -33.0474 -71.6162
334 -33.0474 -71.6137
202 -33.0474 -71.6134
894 -33.0474 -71.6172
615 -33.0474 -71.6134
545 -33.0473 -71.6162
504 -33.0472 -71.6196
807 -33.047 -71.6191
178 -33.0471 -71.6188
231 -33.047 -71.6191
44 -33.0469 -71.6194
971 -33.0469 -71.6192
418 -33.0469 -71.6192
153 -33.0471 -71.6187
847 -33.0472 -71.6185
444 -33.0472 -71.6183
719 -33.0472 -71.6172
683 -33.0472 -71.6185
345 -33.0472 -71.6185
596 -33.0471 -71.6171
795 -33.0471 -71.6171
728 -33.0468 -71.6195
648 -33.0468 -71.6198
538 -33.0468 -71.6197
304 -33.0468 -71.6195
756 -33.0465 -71.617
364 -33.0461 -71.6193
652 -33.0461 -71.6192
960 -33.0459 -71.6192
899 -33.0465 -71.617
393 -33.0465 -71.617
128 -33.0462 -71.617
119 -33.0458 -71.6169
823 -33.0458 -71.6169
758 -33.0458 -71.6169
248 -33.0457 -71.6169
590 -33.0458 -71.6169
946 -33.0472 -71.6162
729 -33.0471 -71.6145
451 -33.0471 -71.6144
655 -33.0471 -71.6145
317 -33.047 -71.6159
942 -33.0469 -71.6148
835 -33.0471 -71.6147
599 -33.0471 -71.6144
661 -33.0473 -71.6141
594 -33.0473 -71.614
104 -33.0473 -71.6134
372 -33.0472 -71.6142
131 -33.0472 -71.6144
926 -33.0472 -71.6143
114 -33.0472 -71.6142
201 -33.0469 -71.6148
666 -33.0468 -71.6161
96 -33.0465 -71.6161
148 -33.0462 -71.616
385 -33.046 -71.616
133 -33.0458 -71.616
75 -33.0453 -71.616
634 -33.0453 -71.616
392 -33.0469 -71.6147
338 -33.0468 -71.6147
766 -33.0464 -71.6147
526 -33.0463 -71.6147
588 -33.0459 -71.6146
312 -33.0456 -71.6146
241 -33.0456 -71.6146
552 -33.0475 -71.6134
737 -33.0519 -71.6132
19 -33.0525 -71.6121
790 -33.0523 -71.612
2 -33.0519 -71.6132
276 -33.0517 -71.6131
120 -33.0516 -71.6131
390 -33.0516 -71.6131
326 -33.0522 -71.612
414 -33.052 -71.612
420 -33.052 -71.612
576 -33.0519 -71.612
43 -33.0518 -71.612
521 -33.0518 -71.612
747 -33.0518 -71.612
72 -33.0518 -71.6118
463 -33.0516 -71.6118
675 -33.0515 -71.6131
811 -33.0515 -71.6131
556 -33.0515 -71.6131
782 -33.0515 -71.6131
686 -33.0514 -71.6131
505 -33.0511 -71.6131
127 -33.051 -71.6131
192 -33.0511 -71.6131
866 -33.0511 -71.6124
917 -33.0514 -71.6119
523 -33.0513 -71.6117
874 -33.0511 -71.6125
26 -33.0511 -71.6131
238 -33.0511 -71.6128
298 -33.0511 -71.6125
772 -33.0527 -71.6116
83 -33.0533 -71.6115
873 -33.0534 -71.6114
970 -33.0537 -71.6113
922 -33.0531 -71.6116
810 -33.0527 -71.6116
132 -33.0528 -71.6116
592 -33.0529 -71.6116
98 -33.0537 -71.6113
354 -33.0531 -71.6109
579 -33.0528 -71.6105
368 -33.0526 -71.6103
467 -33.0524 -71.61
619 -33.0523 -71.6097
259 -33.0522 -71.6096
237 -33.0522 -71.6095
154 -33.0521 -71.6094
569 -33.0515 -71.6114
225 -33.0512 -71.6099
402 -33.0515 -71.6096
305 -33.0512 -71.6114
962 -33.051 -71.6114
46 -33.051 -71.6101
857 -33.051 -71.6101
400 -33.0515 -71.6096
967 -33.0521 -71.6094
636 -33.0517 -71.6094
469 -33.0518 -71.6093
307 -33.0516 -71.6095
52 -33.0515 -71.6096
513 -33.0516 -71.6095
35 -33.051 -71.6101
51 -33.0507 -71.6131
642 -33.0506 -71.6131
958 -33.0505 -71.613
187 -33.0504 -71.613
480 -33.0498 -71.6129
856 -33.0498 -71.6122
704 -33.0499 -71.612
671 -33.0499 -71.6119
137 -33.05 -71.6113
733 -33.0503 -71.6113
173 -33.0502 -71.6113
316 -33.05 -71.6114
158 -33.05 -71.6114
846 -33.0499 -71.6113
571 -33.0498 -71.6113
214 -33.0498 -71.6113
375 -33.0497 -71.6131
762 -33.0498 -71.6129
319 -33.0497 -71.6129
295 -33.0496 -71.6133
14 -33.0496 -71.6129
351 -33.0496 -71.6129
97 -33.0494 -71.6129
229 -33.0497 -71.6129
284 -33.0498 -71.6126
349 -33.0498 -71.6125
669 -33.0498 -71.6124
882 -33.0498 -71.6126
199 -33.0497 -71.6129
321 -33.0497 -71.6128
167 -33.0497 -71.6112
773 -33.0509 -71.6102
422 -33.0509 -71.6102
472 -33.0509 -71.6102
555 -33.0508 -71.6102
622 -33.0501 -71.6105
470 -33.0502 -71.6102
944 -33.0508 -71.6102
662 -33.0505 -71.6102
219 -33.0506 -71.6102
769 -33.0505 -71.6102
954 -33.0504 -71.6102
378 -33.0504 -71.6101
825 -33.0503 -71.6102
674 -33.0503 -71.6101
937 -33.0504 -71.6093
94 -33.0501 -71.6105
145 -33.0497 -71.6112
29 -33.0496 -71.6112
840 -33.05 -71.6112
981 -33.0496 -71.6112
398 -33.0495 -71.6112
15 -33.0495 -71.6112
741 -33.0493 -71.6112
626 -33.05 -71.6111
32 -33.05 -71.611
746 -33.0501 -71.6107
110 -33.0501 -71.6106
923 -33.05 -71.611
603 -33.0494 -71.6099
952 -33.0493 -71.6099
591 -33.0518 -71.6093
528 -33.0533 -71.6085
300 -33.0531 -71.6084
748 -33.053 -71.6083
474 -33.0529 -71.6083
291 -33.0528 -71.6083
677 -33.0527 -71.6083
808 -33.0527 -71.6082
281 -33.0525 -71.6082
331 -33.0524 -71.6081
491 -33.0523 -71.6081
63 -33.0522 -71.608
886 -33.0522 -71.6079
280 -33.0522 -71.6079
112 -33.0522 -71.6078
159 -33.0522 -71.6078
606 -33.0522 -71.6077
384 -33.0519 -71.6091
563 -33.0518 -71.6091
525 -33.0521 -71.6086
209 -33.0516 -71.6089
366 -33.0516 -71.6089
751 -33.0516 -71.6089
627 -33.0516 -71.6089
175 -33.0522 -71.6084
925 -33.0522 -71.6082
419 -33.0522 -71.6081
679 -33.0522 -71.6077
196 -33.0517 -71.6081
362 -33.0515 -71.6083
977 -33.0515 -71.6083
672 -33.0517 -71.6082
876 -33.0522 -71.6076
903 -33.0522 -71.6075
581 -33.0522 -71.6073
303 -33.0521 -71.6073
311 -33.0521 -71.6073
332 -33.052 -71.607
558 -33.052 -71.6069
499 -33.052 -71.6068
768 -33.0526 -71.6068
870 -33.052 -71.6048
147 -33.0521 -71.6048
441 -33.0532 -71.6047
79 -33.052 -71.6068
129 -33.0519 -71.6068
40 -33.052 -71.6067
506 -33.0519 -71.6067
461 -33.0519 -71.6066
527 -33.0519 -71.6065
929 -33.0518 -71.6064
411 -33.0518 -71.6063
223 -33.0518 -71.6063
934 -33.0515 -71.6075
335 -33.0516 -71.6068
657 -33.0516 -71.6068
473 -33.0517 -71.6062
212 -33.0517 -71.6061
705 -33.0516 -71.606
90 -33.0516 -71.6051
858 -33.0516 -71.6059
645 -33.0515 -71.6059
551 -33.0515 -71.6057
454 -33.0515 -71.6083
274 -33.0511 -71.6091
452 -33.0514 -71.6088
61 -33.0511 -71.6086
12 -33.051 -71.6086
190 -33.051 -71.6092
613 -33.0508 -71.6085
535 -33.0507 -71.6085
912 -33.0507 -71.6085
512 -33.0514 -71.6076
11 -33.0514 -71.6075
510 -33.0514 -71.6075
797 -33.0513 -71.6075
927 -33.0513 -71.6082
296 -33.0513 -71.6075
848 -33.0512 -71.6074
676 -33.0505 -71.6085
723 -33.0503 -71.6092
282 -33.0504 -71.6089
740 -33.0504 -71.6088
984 -33.0499 -71.6091
261 -33.0496 -71.6092
843 -33.0497 -71.6091
503 -33.0497 -71.6091
424 -33.0505 -71.6085
888 -33.0504 -71.6085
7 -33.0501 -71.6085
833 -33.05 -71.6084
478 -33.05 -71.6084
49 -33.0496 -71.6084
715 -33.0495 -71.6084
438 -33.0506 -71.6073
700 -33.0515 -71.6067
285 -33.0514 -71.6067
168 -33.0515 -71.6059
477 -33.0512 -71.6067
918 -33.051 -71.6058
878 -33.0509 -71.6058
458 -33.0507 -71.6057
221 -33.0512 -71.6054
980 -33.0513 -71.6053
924 -33.0513 -71.6052
489 -33.0512 -71.6052
156 -33.051 -71.6051
540 -33.051 -71.6051
73 -33.0508 -71.605
557 -33.0507 -71.605
664 -33.0506 -71.6057
138 -33.0502 -71.6072
593 -33.0505 -71.6056
78 -33.0504 -71.6056
228 -33.0498 -71.6071
753 -33.0498 -71.6071
62 -33.0496 -71.6071
350 -33.0495 -71.6071
421 -33.0503 -71.6056
227 -33.0503 -71.6056
532 -33.0502 -71.6056
381 -33.0502 -71.6056
706 -33.0501 -71.6047
169 -33.0494 -71.604
620 -33.0494 -71.6039
236 -33.0492 -71.6112
197 -33.0492 -71.6129
405 -33.0491 -71.6129
105 -33.0491 -71.6129
907 -33.0491 -71.6129
731 -33.0486 -71.6133
745 -33.0487 -71.613
252 -33.0487 -71.6129
916 -33.0489 -71.6129
577 -33.0488 -71.6129
387 -33.0487 -71.6129
23 -33.0487 -71.6129
446 -33.0486 -71.6129
272 -33.0485 -71.6129
423 -33.0484 -71.6129
403 -33.0483 -71.6129
310 -33.0483 -71.6129
567 -33.0477 -71.613
309 -33.0477 -71.613
143 -33.0481 -71.6128
759 -33.0476 -71.6131
965 -33.0476 -71.6133
781 -33.0476 -71.6132
616 -33.0476 -71.6131
386 -33.0481 -71.6128
986 -33.0479 -71.6128
359 -33.0477 -71.6128
171 -33.0476 -71.6127
151 -33.0475 -71.6127
102 -33.0474 -71.6127
711 -33.0474 -71.6127
108 -33.0474 -71.6127
410 -33.0478 -71.6127
182 -33.0492 -71.6112
832 -33.0492 -71.6112
909 -33.0492 -71.6112
404 -33.0492 -71.6113
294 -33.0488 -71.6112
789 -33.0488 -71.6112
736 -33.0487 -71.6112
468 -33.0492 -71.6099
126 -33.0492 -71.6099
22 -33.0491 -71.6099
681 -33.0491 -71.6099
575 -33.049 -71.6099
757 -33.0489 -71.6099
653 -33.0487 -71.6098
990 -33.0487 -71.6098
885 -33.0486 -71.6098
776 -33.0479 -71.6122
813 -33.0481 -71.6118
371 -33.0481 -71.6116
245 -33.0479 -71.6123
806 -33.0479 -71.6124
247 -33.0479 -71.6124
691 -33.0479 -71.6124
357 -33.0485 -71.6111
997 -33.0484 -71.6111
230 -33.0483 -71.6111
347 -33.0481 -71.6111
670 -33.048 -71.6111
742 -33.048 -71.6111
905 -33.0476 -71.611
397 -33.0473 -71.611
837 -33.0472 -71.6134
630 -33.0469 -71.6133
611 -33.0473 -71.6127
584 -33.0469 -71.6133
725 -33.0469 -71.6133
877 -33.0468 -71.6133
330 -33.0466 -71.6132
200 -33.0473 -71.6127
70 -33.0469 -71.6126
490 -33.0469 -71.6126
37 -33.0468 -71.6126
135 -33.0467 -71.6126
87 -33.0467 -71.6126
45 -33.0465 -71.6125
265 -33.0465 -71.6125
517 -33.0464 -71.6132
744 -33.0464 -71.6132
969 -33.0463 -71.6132
898 -33.0461 -71.6131
739 -33.0461 -71.6131
902 -33.046 -71.6131
915 -33.0459 -71.6131
996 -33.0455 -71.613
749 -33.0455 -71.613
585 -33.0463 -71.6124
100 -33.0457 -71.6123
621 -33.0453 -71.6122
186 -33.0451 -71.6121
659 -33.0451 -71.6121
24 -33.0446 -71.612
964 -33.0447 -71.612
720 -33.0472 -71.611
875 -33.0469 -71.6109
264 -33.0468 -71.6109
667 -33.0467 -71.6109
494 -33.0447 -71.6113
289 -33.0466 -71.6109
275 -33.0455 -71.6108
449 -33.0454 -71.6108
121 -33.0456 -71.6098
650 -33.0456 -71.6098
28 -33.0453 -71.6098
47 -33.0453 -71.6098
249 -33.0447 -71.6105
702 -33.0447 -71.6104
344 -33.0448 -71.6098
486 -33.0447 -71.6105
798 -33.0447 -71.6106
33 -33.0447 -71.6105
814 -33.0447 -71.6103
288 -33.0447 -71.6106
985 -33.0445 -71.6116
865 -33.0447 -71.6107
4 -33.0447 -71.6107
3 -33.0447 -71.6102
459 -33.0447 -71.6101
824 -33.0447 -71.61
928 -33.0447 -71.61
663 -33.0447 -71.6099
695 -33.0444 -71.6101
353 -33.0444 -71.6101
995 -33.0452 -71.6098
183 -33.049 -71.6091
211 -33.0487 -71.6091
601 -33.0492 -71.6083
324 -33.0485 -71.6091
861 -33.0483 -71.6098
785 -33.0484 -71.6091
821 -33.0482 -71.6091
256 -33.0492 -71.6083
224 -33.0491 -71.6083
595 -33.0491 -71.6083
89 -33.049 -71.6083
600 -33.0485 -71.6082
204 -33.0483 -71.6082
343 -33.0483 -71.6082
328 -33.0483 -71.6082
836 -33.0482 -71.6082
845 -33.0482 -71.6098
243 -33.0482 -71.6098
16 -33.0482 -71.6098
172 -33.0481 -71.6098
395 -33.0477 -71.6098
8 -33.0475 -71.6098
406 -33.0478 -71.6091
136 -33.0482 -71.6082
714 -33.0481 -71.6082
951 -33.0481 -71.6082
734 -33.0481 -71.6082
771 -33.0477 -71.6082
607 -33.0477 -71.6082
235 -33.0476 -71.6082
68 -33.0475 -71.6082
417 -33.0474 -71.6082
502 -33.0492 -71.6052
752 -33.0491 -71.6052
181 -33.0491 -71.6051
690 -33.0488 -71.6067
460 -33.0484 -71.6066
369 -33.0484 -71.6066
471 -33.0485 -71.6066
966 -33.0491 -71.6051
815 -33.0489 -71.6048
673 -33.0488 -71.6046
293 -33.049 -71.6035
382 -33.0488 -71.6046
770 -33.0488 -71.6046
788 -33.0486 -71.6044
99 -33.0488 -71.6036
56 -33.0483 -71.6066
863 -33.0483 -71.6081
365 -33.0481 -71.6066
624 -33.0481 -71.6066
325 -33.0478 -71.6067
498 -33.0478 -71.6075
233 -33.0476 -71.6075
437 -33.0475 -71.6075
957 -33.0481 -71.6066
564 -33.0477 -71.604
244 -33.0483 -71.6037
122 -33.0477 -71.6037
358 -33.0476 -71.6041
1 -33.0474 -71.6041
65 -33.0475 -71.6041
185 -33.0474 -71.6073
707 -33.0473 -71.609
125 -33.0473 -71.6082
82 -33.0473 -71.6082
738 -33.0473 -71.6082
193 -33.0466 -71.6098
215 -33.0471 -71.6098
623 -33.0467 -71.609
71 -33.0473 -71.6082
306 -33.0473 -71.6082
544 -33.0467 -71.6081
562 -33.0466 -71.6081
625 -33.0465 -71.6081
867 -33.0462 -71.6081
989 -33.0462 -71.607
308 -33.0462 -71.607
194 -33.0461 -71.607
566 -33.0457 -71.608
429 -33.0455 -71.608
270 -33.0455 -71.608
914 -33.0452 -71.608
39 -33.0451 -71.6098
54 -33.0442 -71.6098
59 -33.0446 -71.6078
161 -33.0456 -71.6078
617 -33.0456 -71.6074
717 -33.0456 -71.6071
21 -33.0461 -71.607
380 -33.0446 -71.6077
618 -33.0446 -71.6075
162 -33.0439 -71.607
895 -33.0463 -71.607
91 -33.0474 -71.6068
658 -33.0473 -71.6068
103 -33.0473 -71.6068
534 -33.0473 -71.6068
975 -33.047 -71.6069
203 -33.047 -71.6068
993 -33.0472 -71.6068
287 -33.0474 -71.6067
536 -33.0472 -71.6057
628 -33.0472 -71.6043
388 -33.0473 -71.6042
913 -33.0471 -71.6043
826 -33.0468 -71.6044
492 -33.0469 -71.604
30 -33.047 -71.604
232 -33.0468 -71.6069
839 -33.0466 -71.6069
791 -33.0467 -71.6069
339 -33.0467 -71.6069
149 -33.0463 -71.607
906 -33.0463 -71.6068
508 -33.0463 -71.6067
568 -33.0456 -71.6066
188 -33.0456 -71.6066
896 -33.0466 -71.6045
514 -33.0462 -71.6043
800 -33.0466 -71.6041
346 -33.0455 -71.6061
533 -33.0433 -71.6058
559 -33.0454 -71.6056
