315 -33.053 -71.6246
327 -33.0531 -71.6246
678 -33.0532 -71.6246
38 -33.0529 -71.6246
226 -33.0528 -71.6246
796 -33.0527 -71.6246
5 -33.0527 -71.6245
930 -33.0537 -71.6245
266 -33.0537 -71.6245
880 -33.0542 -71.6243
177 -33.0539 -71.6241
253 -33.0537 -71.6245
487 -33.0536 -71.624
260 -33.0534 -71.6239
500 -33.0531 -71.6238
647 -33.0527 -71.6245
115 -33.0527 -71.6245
497 -33.0527 -71.6245
479 -33.0519 -71.6245
217 -33.0519 -71.6246
829 -33.0516 -71.6252
883 -33.0518 -71.6249
109 -33.0519 -71.6248
142 -33.0526 -71.6245
85 -33.0526 -71.6245
66 -33.0525 -71.6245
550 -33.0524 -71.6245
176 -33.0523 -71.6244
940 -33.0522 -71.6244
961 -33.0521 -71.6243
697 -33.0519 -71.6243
703 -33.0529 -71.6237
377 -33.0541 -71.6226
210 -33.054 -71.6226
179 -33.0535 -71.6224
646 -33.0534 -71.6188
890 -33.0528 -71.6237
313 -33.0522 -71.6235
57 -33.0531 -71.6188
668 -33.0531 -71.6188
413 -33.0527 -71.6187
765 -33.0526 -71.6187
189 -33.0525 -71.6186
963 -33.0524 -71.6186
367 -33.0524 -71.6186
582 -33.0523 -71.6186
978 -33.0522 -71.6185
341 -33.0522 -71.62
53 -33.0521 -71.6234
761 -33.0521 -71.62
838 -33.052 -71.62
973 -33.052 -71.62
116 -33.0515 -71.6211
547 -33.0516 -71.62
775 -33.0519 -71.6199
713 -33.0519 -71.6199
355 -33.0521 -71.6198
456 -33.0521 -71.6198
919 -33.052 -71.6197
216 -33.0518 -71.6195
587 -33.0517 -71.6194
373 -33.0517 -71.6193
101 -33.0515 -71.6252
598 -33.0513 -71.6253
786 -33.0515 -71.6252
979 -33.0511 -71.6243
589 -33.0508 -71.6243
92 -33.0508 -71.6251
987 -33.0508 -71.6251
25 -33.0505 -71.6242
34 -33.0506 -71.6239
493 -33.0507 -71.6237
732 -33.051 -71.6234
399 -33.0515 -71.6211
935 -33.0507 -71.6238
716 -33.0506 -71.6225
694 -33.0505 -71.6224
440 -33.0505 -71.6217
283 -33.0504 -71.6218
633 -33.0503 -71.6242
447 -33.0504 -71.6241
799 -33.0504 -71.6222
710 -33.0502 -71.6242
849 -33.0494 -71.6253
629 -33.0496 -71.6252
409 -33.0502 -71.6252
901 -33.0504 -71.6221
999 -33.0493 -71.622
412 -33.0493 -71.6215
597 -33.0493 -71.6212
144 -33.0493 -71.6211
859 -33.0492 -71.6219
111 -33.0493 -71.621
163 -33.0493 -71.6209
852 -33.0493 -71.6209
432 -33.05 -71.6203
302 -33.05 -71.6203
637 -33.0497 -71.62
340 -33.0496 -71.62
262 -33.0496 -71.62
831 -33.0496 -71.6199
448 -33.0496 -71.6199
687 -33.0496 -71.6198
69 -33.0515 -71.6191
542 -33.0513 -71.6189
301 -33.0512 -71.6189
816 -33.0512 -71.6186
134 -33.0511 -71.6186
844 -33.0496 -71.6186
434 -33.0496 -71.6186
198 -33.0496 -71.6187
680 -33.0495 -71.6197
234 -33.0495 -71.6196
323 -33.0494 -71.6194
77 -33.0494 -71.6202
17 -33.0494 -71.6206
250 -33.0494 -71.6206
632 -33.0493 -71.6205
956 -33.0494 -71.6194
166 -33.0494 -71.6194
401 -33.0494 -71.6192
891 -33.0495 -71.6188
425 -33.0494 -71.619
74 -33.0494 -71.6187
76 -33.0494 -71.6185
881 -33.0512 -71.6185
774 -33.054 -71.6184
560 -33.054 -71.6184
475 -33.0541 -71.6171
869 -33.0535 -71.6185
407 -33.0521 -71.6185
537 -33.0519 -71.6185
408 -33.0517 -71.6184
464 -33.0526 -71.6158
640 -33.0525 -71.6157
950 -33.0525 -71.6157
842 -33.0529 -71.6157
608 -33.0525 -71.6157
20 -33.0524 -71.6157
286 -33.0522 -71.6157
818 -33.0523 -71.6156
370 -33.0517 -71.6184
255 -33.0515 -71.6184
743 -33.0515 -71.6163
389 -33.0515 -71.6163
549 -33.0514 -71.6184
376 -33.0512 -71.6185
42 -33.0506 -71.6184
361 -33.0506 -71.6184
107 -33.0503 -71.6158
279 -33.0505 -71.6157
123 -33.0505 -71.6157
955 -33.0505 -71.6157
602 -33.0504 -71.6158
693 -33.0503 -71.6158
520 -33.0503 -71.6158
269 -33.0502 -71.6158
879 -33.0523 -71.6156
118 -33.0541 -71.6156
945 -33.054 -71.6156
872 -33.054 -71.6156
976 -33.054 -71.6156
60 -33.0523 -71.6156
482 -33.0539 -71.6156
991 -33.0538 -71.6156
297 -33.0532 -71.6155
561 -33.0531 -71.6155
948 -33.0541 -71.6146
994 -33.0531 -71.614
483 -33.0528 -71.6153
531 -33.0528 -71.6153
501 -33.0527 -71.6152
124 -33.0526 -71.6152
936 -33.052 -71.6148
18 -33.0514 -71.6156
822 -33.0512 -71.6156
356 -33.0519 -71.6151
450 -33.0511 -71.6156
726 -33.0505 -71.6156
476 -33.0507 -71.6155
251 -33.0506 -71.6155
931 -33.0519 -71.615
943 -33.052 -71.6149
578 -33.0519 -71.6134
507 -33.0519 -71.6133
299 -33.0517 -71.6138
268 -33.0513 -71.6143
792 -33.0517 -71.6139
698 -33.0501 -71.6178
760 -33.05 -71.6185
754 -33.0501 -71.6178
455 -33.05 -71.6178
809 -33.0497 -71.6177
804 -33.0493 -71.6184
86 -33.0493 -71.6184
803 -33.0494 -71.6177
524 -33.0489 -71.617
290 -33.0494 -71.6164
819 -33.0494 -71.6164
488 -33.0494 -71.6164
95 -33.0491 -71.6163
730 -33.049 -71.6168
246 -33.049 -71.6167
841 -33.049 -71.6166
656 -33.0489 -71.6179
812 -33.0487 -71.6176
767 -33.0487 -71.6176
428 -33.0487 -71.6176
466 -33.0487 -71.6177
258 -33.0486 -71.6178
864 -33.0486 -71.6178
180 -33.0487 -71.6177
992 -33.0487 -71.6176
292 -33.0488 -71.6173
750 -33.0488 -71.6173
379 -33.0488 -71.6172
254 -33.0488 -71.6174
539 -33.0488 -71.6175
164 -33.0488 -71.6175
684 -33.0491 -71.6162
442 -33.0499 -71.6157
146 -33.0499 -71.6157
580 -33.0498 -71.6157
271 -33.0498 -71.6157
641 -33.0496 -71.6161
150 -33.0496 -71.616
6 -33.0494 -71.6148
184 -33.0494 -71.6146
554 -33.0495 -71.6142
887 -33.0495 -71.6141
415 -33.0496 -71.6137
682 -33.0494 -71.6144
871 -33.0494 -71.6146
921 -33.0494 -71.6146
141 -33.0494 -71.6145
433 -33.0493 -71.6149
443 -33.0492 -71.6158
426 -33.0492 -71.6158
570 -33.0492 -71.6157
699 -33.0492 -71.6159
352 -33.0491 -71.6161
396 -33.0491 -71.616
543 -33.0491 -71.616
953 -33.0492 -71.6156
893 -33.0493 -71.615
959 -33.0493 -71.615
41 -33.0493 -71.615
391 -33.0493 -71.6151
609 -33.0493 -71.6154
689 -33.0493 -71.6153
721 -33.0486 -71.6178
889 -33.0474 -71.6223
983 -33.0474 -71.6221
453 -33.0473 -71.622
318 -33.0473 -71.6219
605 -33.0473 -71.6228
263 -33.0473 -71.6218
130 -33.0473 -71.6218
897 -33.0473 -71.6217
206 -33.0485 -71.6216
213 -33.0481 -71.6213
884 -33.0474 -71.6207
612 -33.0474 -71.6208
834 -33.0473 -71.6212
586 -33.0473 -71.6211
191 -33.0473 -71.6211
854 -33.0472 -71.6213
529 -33.0472 -71.6216
900 -33.0472 -71.6216
36 -33.0472 -71.6215
394 -33.0472 -71.6215
511 -33.0465 -71.6229
708 -33.0466 -71.6229
383 -33.0471 -71.6228
868 -33.0472 -71.6215
692 -33.0472 -71.6214
660 -33.0472 -71.6214
631 -33.0472 -71.6213
435 -33.0465 -71.6208
573 -33.0464 -71.621
862 -33.0464 -71.6208
941 -33.0464 -71.6208
688 -33.0475 -71.6206
374 -33.0481 -71.6203
195 -33.0476 -71.6202
780 -33.048 -71.6201
462 -33.0475 -71.6205
106 -33.0473 -71.6202
574 -33.0473 -71.6202
850 -33.0472 -71.6202
572 -33.047 -71.6201
830 -33.0477 -71.6199
337 -33.0477 -71.6198
701 -33.0478 -71.6197
496 -33.0477 -71.6199
13 -33.047 -71.6201
0 -33.0477 -71.62
504 -33.0476 -71.6198
273 -33.0469 -71.6201
712 -33.0466 -71.6204
436 -33.0466 -71.6203
778 -33.0466 -71.6203
855 -33.0466 -71.6205
314 -33.0466 -71.6205
84 -33.0465 -71.6204
165 -33.0464 -71.6203
50 -33.0464 -71.6203
174 -33.0468 -71.6201
904 -33.0468 -71.6201
851 -33.0468 -71.6197
519 -33.0467 -71.6201
541 -33.0466 -71.6203
218 -33.0467 -71.6201
239 -33.0463 -71.6203
820 -33.0462 -71.6247
139 -33.0462 -71.6247
205 -33.0462 -71.6247
938 -33.0462 -71.6246
802 -33.0461 -71.6246
322 -33.0461 -71.6246
277 -33.0461 -71.6246
696 -33.0461 -71.6245
735 -33.0461 -71.6244
516 -33.046 -71.6244
9 -33.0459 -71.6233
222 -33.0459 -71.6243
360 -33.0458 -71.6242
484 -33.0459 -71.6234
939 -33.0459 -71.6233
911 -33.0458 -71.6235
718 -33.0458 -71.6242
80 -33.0457 -71.6239
485 -33.0457 -71.6239
982 -33.0444 -71.624
220 -33.0441 -71.6242
784 -33.0441 -71.6241
988 -33.0443 -71.624
88 -33.0448 -71.6237
764 -33.0458 -71.6237
509 -33.0458 -71.6236
583 -33.0458 -71.6236
427 -33.0451 -71.6231
643 -33.045 -71.6234
827 -33.0451 -71.6232
755 -33.046 -71.6231
722 -33.0462 -71.623
152 -33.0463 -71.6229
530 -33.0463 -71.6229
81 -33.0461 -71.6216
794 -33.046 -71.6218
933 -33.0461 -71.6217
348 -33.0461 -71.6216
639 -33.0462 -71.6215
113 -33.0462 -71.6214
170 -33.0463 -71.6212
10 -33.0462 -71.6203
949 -33.0461 -71.6202
853 -33.0461 -71.6202
416 -33.0461 -71.6202
140 -33.046 -71.6202
48 -33.046 -71.6218
55 -33.046 -71.6231
793 -33.0456 -71.6223
972 -33.0457 -71.6223
610 -33.0455 -71.6225
644 -33.0452 -71.623
724 -33.0453 -71.6228
968 -33.0454 -71.6226
635 -33.0457 -71.6222
157 -33.046 -71.6219
553 -33.046 -71.6219
333 -33.0458 -71.6201
155 -33.0457 -71.6203
763 -33.0456 -71.6205
604 -33.0457 -71.6204
515 -33.0468 -71.6196
548 -33.0483 -71.6189
709 -33.0483 -71.6188
522 -33.0483 -71.6188
278 -33.0483 -71.6189
93 -33.0482 -71.619
654 -33.0482 -71.619
27 -33.0482 -71.619
207 -33.0483 -71.6188
329 -33.0485 -71.6182
495 -33.0485 -71.6182
787 -33.0486 -71.618
565 -33.0484 -71.6186
665 -33.0483 -71.6188
431 -33.0483 -71.6188
518 -33.0484 -71.6186
64 -33.0482 -71.6191
828 -33.048 -71.6194
783 -33.048 -71.6194
430 -33.0481 -71.6192
481 -33.048 -71.6194
457 -33.0479 -71.6195
614 -33.0479 -71.6195
727 -33.0479 -71.6194
363 -33.0481 -71.6192
240 -33.0481 -71.6191
860 -33.0478 -71.6173
320 -33.0477 -71.6173
947 -33.0476 -71.6173
444 -33.0474 -71.6178
685 -33.0475 -71.6175
596 -33.0475 -71.6172
795 -33.0475 -71.6172
546 -33.0485 -71.6164
117 -33.0483 -71.6163
892 -33.048 -71.6163
908 -33.0479 -71.6163
465 -33.0478 -71.6165
932 -33.0478 -71.6164
439 -33.0478 -71.6164
545 -33.0478 -71.6162
801 -33.0483 -71.6148
445 -33.0484 -71.6141
67 -33.0486 -71.6133
777 -33.0483 -71.6148
817 -33.0479 -71.6162
336 -33.048 -71.6158
974 -33.048 -71.6158
805 -33.0478 -71.6166
894 -33.0477 -71.617
638 -33.0477 -71.617
651 -33.0477 -71.6169
342 -33.0476 -71.6171
920 -33.0476 -71.6172
779 -33.0476 -71.6172
719 -33.0476 -71.6172
58 -33.0477 -71.6168
946 -33.0476 -71.6162
594 -33.0475 -71.6135
837 -33.0476 -71.6133
661 -33.0475 -71.6136
372 -33.0474 -71.6137
114 -33.0474 -71.6136
926 -33.0474 -71.6138
418 -33.0471 -71.6187
231 -33.0471 -71.6186
807 -33.0472 -71.6185
971 -33.0471 -71.6187
728 -33.047 -71.619
304 -33.047 -71.619
44 -33.047 -71.6189
178 -33.0472 -71.6183
345 -33.0473 -71.618
683 -33.0473 -71.618
847 -33.0473 -71.618
153 -33.0473 -71.6182
756 -33.047 -71.6171
666 -33.0472 -71.6162
96 -33.047 -71.6161
899 -33.047 -71.6171
648 -33.0469 -71.6192
538 -33.047 -71.6192
393 -33.0469 -71.6171
31 -33.0469 -71.6195
364 -33.0466 -71.6194
652 -33.0465 -71.6194
960 -33.0464 -71.6193
128 -33.0467 -71.6171
119 -33.0463 -71.617
823 -33.0463 -71.617
148 -33.0466 -71.6161
758 -33.0462 -71.617
590 -33.0462 -71.617
248 -33.0462 -71.617
385 -33.0465 -71.616
942 -33.0471 -71.6144
835 -33.0472 -71.6142
655 -33.0473 -71.614
201 -33.0471 -71.6144
317 -33.047 -71.6153
338 -33.0471 -71.6146
392 -33.0471 -71.6145
729 -33.0473 -71.614
131 -33.0474 -71.6139
630 -33.0474 -71.6134
725 -33.0473 -71.6134
599 -33.0473 -71.6139
451 -33.0473 -71.614
584 -33.0473 -71.6134
877 -33.0472 -71.6134
330 -33.047 -71.6133
766 -33.0469 -71.6148
526 -33.0467 -71.6147
588 -33.0464 -71.6147
133 -33.0463 -71.616
75 -33.0458 -71.616
634 -33.0458 -71.616
312 -33.0461 -71.6147
241 -33.046 -71.6146
517 -33.0469 -71.6133
744 -33.0468 -71.6133
969 -33.0468 -71.6133
898 -33.0466 -71.6132
739 -33.0465 -71.6132
902 -33.0465 -71.6132
257 -33.0497 -71.6132
19 -33.053 -71.6121
790 -33.0527 -71.6121
326 -33.0527 -71.6121
420 -33.0525 -71.6121
686 -33.0519 -71.6132
414 -33.0524 -71.6121
576 -33.0523 -71.6121
521 -33.0523 -71.612
772 -33.0531 -71.6115
810 -33.0532 -71.6115
132 -33.0533 -71.6115
43 -33.0523 -71.612
747 -33.0522 -71.612
463 -33.0521 -71.6118
72 -33.0522 -71.6117
917 -33.0518 -71.612
910 -33.0518 -71.6131
242 -33.0516 -71.6131
127 -33.0515 -71.6131
737 -33.0515 -71.6131
2 -33.0514 -71.6131
276 -33.0513 -71.6131
120 -33.0511 -71.6131
390 -33.0511 -71.6131
523 -33.0514 -71.6119
569 -33.0513 -71.6118
305 -33.0515 -71.6115
866 -33.0512 -71.6119
238 -33.0511 -71.6122
874 -33.0512 -71.6119
298 -33.0511 -71.6119
592 -33.0533 -71.6115
873 -33.0538 -71.6113
970 -33.0538 -71.611
98 -33.0537 -71.6109
83 -33.0537 -71.6113
922 -33.0535 -71.6114
354 -33.0535 -71.6111
579 -33.0531 -71.6109
368 -33.0529 -71.6107
467 -33.0527 -71.6104
619 -33.0526 -71.6102
259 -33.0525 -71.6101
237 -33.0524 -71.61
154 -33.0524 -71.6099
967 -33.0524 -71.6099
384 -33.0522 -71.6095
591 -33.0521 -71.6095
962 -33.0514 -71.6114
773 -33.0513 -71.6098
35 -33.0513 -71.6098
422 -33.0513 -71.6098
944 -33.0512 -71.6099
555 -33.0512 -71.6099
472 -33.0512 -71.6099
857 -33.0513 -71.6098
563 -33.0521 -71.6095
209 -33.052 -71.6093
636 -33.052 -71.6093
366 -33.052 -71.6093
46 -33.0513 -71.6098
225 -33.0516 -71.6095
192 -33.0511 -71.6125
675 -33.0511 -71.6131
556 -33.0511 -71.6131
51 -33.0511 -71.613
811 -33.0511 -71.6131
958 -33.051 -71.6131
642 -33.0511 -71.6131
187 -33.0508 -71.6131
782 -33.0511 -71.613
505 -33.0511 -71.6126
26 -33.0511 -71.6125
733 -33.0507 -71.6113
480 -33.0503 -71.613
762 -33.0502 -71.613
14 -33.0501 -71.613
351 -33.05 -71.613
671 -33.05 -71.6114
97 -33.0499 -71.6129
295 -33.0498 -71.6129
321 -33.0498 -71.6123
199 -33.0498 -71.6123
375 -33.0498 -71.6126
319 -33.0498 -71.6124
229 -33.0498 -71.6124
284 -33.0499 -71.612
856 -33.0499 -71.6117
704 -33.05 -71.6115
145 -33.05 -71.6114
669 -33.0499 -71.6118
882 -33.0499 -71.612
349 -33.0499 -71.6119
173 -33.0506 -71.6113
954 -33.0509 -71.6102
378 -33.0508 -71.6102
825 -33.0508 -71.6102
674 -33.0507 -71.6102
571 -33.0503 -71.6113
214 -33.0503 -71.6113
32 -33.0501 -71.6105
470 -33.0506 -71.6102
769 -33.0509 -71.6102
662 -33.051 -71.6101
219 -33.0511 -71.61
622 -33.0504 -71.6102
746 -33.0502 -71.6102
94 -33.0503 -71.6101
110 -33.0503 -71.6101
923 -33.0501 -71.6105
29 -33.05 -71.6113
981 -33.05 -71.6112
167 -33.05 -71.6111
15 -33.05 -71.6113
398 -33.05 -71.6113
741 -33.0497 -71.6113
236 -33.0497 -71.6112
316 -33.0501 -71.6108
137 -33.0501 -71.6108
840 -33.0501 -71.6106
626 -33.0501 -71.6106
158 -33.0501 -71.6108
846 -33.0501 -71.6108
603 -33.0498 -71.61
402 -33.0519 -71.6093
300 -33.0535 -71.6085
528 -33.0538 -71.6085
748 -33.0534 -71.6085
474 -33.0533 -71.6084
291 -33.0533 -71.6084
677 -33.0532 -71.6084
808 -33.0532 -71.6084
281 -33.0529 -71.6083
331 -33.0528 -71.6083
491 -33.0527 -71.6082
419 -33.0526 -71.6082
63 -33.0526 -71.6082
280 -33.0526 -71.6082
925 -33.0525 -71.6082
886 -33.0526 -71.6082
159 -33.0525 -71.6082
307 -33.052 -71.6092
751 -33.052 -71.6092
469 -33.052 -71.6089
627 -33.052 -71.6092
52 -33.0519 -71.6092
400 -33.0519 -71.6092
513 -33.052 -71.6091
175 -33.052 -71.6089
112 -33.0525 -71.6082
606 -33.0524 -71.6081
876 -33.0523 -71.6081
525 -33.0523 -71.6081
679 -33.0522 -71.6082
903 -33.0523 -71.6081
672 -33.0521 -71.6081
454 -33.0519 -71.6081
581 -33.0522 -71.6078
303 -33.0522 -71.6078
311 -33.0522 -71.6078
332 -33.0522 -71.6075
196 -33.0521 -71.6079
558 -33.0522 -71.6074
79 -33.0522 -71.6073
499 -33.0522 -71.6073
768 -33.0529 -71.6065
147 -33.0526 -71.6048
441 -33.0536 -71.6048
870 -33.0525 -71.6048
40 -33.0521 -71.6072
506 -33.0521 -71.6072
129 -33.0521 -71.6072
461 -33.0521 -71.6071
527 -33.0521 -71.607
335 -33.052 -71.6069
929 -33.052 -71.6069
934 -33.052 -71.6076
362 -33.0519 -71.608
977 -33.052 -71.608
657 -33.052 -71.6069
411 -33.052 -71.6068
700 -33.0519 -71.6068
223 -33.052 -71.6068
473 -33.0519 -71.6067
212 -33.0519 -71.6066
285 -33.0519 -71.6068
705 -33.0519 -71.6065
510 -33.0518 -71.6076
452 -33.0518 -71.609
61 -33.0515 -71.6088
12 -33.0514 -71.6088
927 -33.0513 -71.6087
190 -33.0512 -71.6088
274 -33.0512 -71.6086
676 -33.051 -71.6086
535 -33.0512 -71.6085
848 -33.0514 -71.6078
11 -33.0518 -71.6076
296 -33.0517 -71.6076
797 -33.0513 -71.6079
912 -33.0512 -71.6084
613 -33.0512 -71.6084
512 -33.0513 -71.6081
424 -33.051 -71.6086
723 -33.0504 -71.6088
937 -33.0505 -71.6087
888 -33.0508 -71.6085
984 -33.0503 -71.6092
843 -33.0502 -71.6092
503 -33.0502 -71.6091
261 -33.0501 -71.6091
740 -33.0507 -71.6085
282 -33.0506 -71.6085
7 -33.0506 -71.6085
833 -33.0505 -71.6085
478 -33.0505 -71.6085
49 -33.05 -71.6084
715 -33.05 -71.6084
438 -33.051 -71.6074
858 -33.0518 -71.6064
645 -33.0518 -71.6063
168 -33.0518 -71.6063
551 -33.0517 -71.6062
477 -33.0517 -71.6068
918 -33.0515 -71.6059
878 -33.0514 -71.6059
980 -33.0515 -71.6058
489 -33.0515 -71.6057
924 -33.0517 -71.6051
90 -33.0518 -71.6047
221 -33.0514 -71.6053
540 -33.0513 -71.6054
156 -33.0513 -71.6054
73 -33.0512 -71.6052
458 -33.0511 -71.6058
138 -33.0507 -71.6073
664 -33.0511 -71.6058
593 -33.0509 -71.6058
228 -33.0502 -71.6072
753 -33.0502 -71.6072
62 -33.05 -71.6072
350 -33.05 -71.6072
78 -33.0509 -71.6058
421 -33.0508 -71.6057
227 -33.0507 -71.6057
557 -33.0511 -71.6051
532 -33.0507 -71.6057
381 -33.0506 -71.6057
706 -33.0506 -71.605
169 -33.0497 -71.6044
197 -33.0496 -71.6129
405 -33.0496 -71.6129
105 -33.0496 -71.6129
907 -33.0496 -71.6129
916 -33.0494 -71.6129
577 -33.0492 -71.6129
387 -33.0492 -71.6129
252 -33.0492 -71.6129
745 -33.0491 -71.6129
23 -33.0491 -71.6129
446 -33.049 -71.6129
272 -33.049 -71.6129
403 -33.0488 -71.6129
423 -33.0488 -71.6129
731 -33.0488 -71.6127
310 -33.0488 -71.6129
998 -33.0487 -71.6129
160 -33.0487 -71.6129
267 -33.0487 -71.6129
649 -33.0487 -71.613
143 -33.0485 -71.6129
386 -33.0485 -71.6129
986 -33.0483 -71.6129
309 -33.0481 -71.6128
171 -33.048 -71.6128
151 -33.048 -71.6128
806 -33.048 -71.6119
410 -33.0479 -71.6122
759 -33.0479 -71.6128
102 -33.0479 -71.6128
359 -33.0479 -71.6123
247 -33.048 -71.6119
832 -33.0497 -71.6112
182 -33.0496 -71.6112
909 -33.0496 -71.6112
404 -33.0496 -71.6112
789 -33.0492 -71.6112
294 -33.0492 -71.6112
736 -33.0492 -71.6112
357 -33.049 -71.6112
22 -33.0496 -71.6099
681 -33.0495 -71.6099
575 -33.0495 -71.6099
757 -33.0493 -71.6099
653 -33.0492 -71.6099
990 -33.0492 -71.6099
885 -33.0491 -71.6099
997 -33.0488 -71.6112
230 -33.0487 -71.6112
347 -33.0486 -71.6112
670 -33.0485 -71.6111
813 -33.0482 -71.6113
691 -33.048 -71.6119
245 -33.048 -71.6118
776 -33.0481 -71.6117
742 -33.0484 -71.6111
861 -33.0488 -71.6098
845 -33.0487 -71.6098
243 -33.0487 -71.6098
16 -33.0486 -71.6098
371 -33.0483 -71.6111
905 -33.0481 -71.6111
567 -33.0478 -71.6125
208 -33.0477 -71.6129
552 -33.0477 -71.6128
965 -33.0477 -71.6128
202 -33.0477 -71.613
334 -33.0476 -71.6132
104 -33.0476 -71.6132
615 -33.0477 -71.613
711 -33.0478 -71.6128
108 -33.0478 -71.6128
611 -33.0478 -71.6128
616 -33.0478 -71.6126
781 -33.0478 -71.6127
200 -33.0477 -71.6128
70 -33.0474 -71.6127
490 -33.0474 -71.6127
37 -33.0472 -71.6127
87 -33.0471 -71.6127
135 -33.0472 -71.6127
45 -33.047 -71.6127
265 -33.0469 -71.6126
915 -33.0464 -71.6132
996 -33.046 -71.6131
749 -33.046 -71.6131
585 -33.0467 -71.6126
100 -33.0462 -71.6124
621 -33.0458 -71.6123
186 -33.0455 -71.6122
659 -33.0455 -71.6122
964 -33.0451 -71.6121
24 -33.045 -71.6121
494 -33.0448 -71.6119
397 -33.0478 -71.6111
720 -33.0476 -71.611
875 -33.0474 -71.611
264 -33.0473 -71.611
667 -33.0471 -71.611
289 -33.047 -71.611
275 -33.0459 -71.6108
449 -33.0459 -71.6108
28 -33.0458 -71.6098
650 -33.046 -71.6098
121 -33.046 -71.6098
47 -33.0457 -71.6098
995 -33.0456 -71.6098
39 -33.0455 -71.6098
344 -33.0453 -71.6098
663 -33.0452 -71.6098
33 -33.045 -71.6109
4 -33.0447 -71.6102
865 -33.0447 -71.6101
985 -33.0446 -71.6111
695 -33.0446 -71.6105
353 -33.0446 -71.6105
54 -33.0445 -71.6102
798 -33.0447 -71.61
702 -33.0448 -71.6098
814 -33.0448 -71.6098
3 -33.0448 -71.6098
288 -33.0447 -71.61
486 -33.0447 -71.6099
249 -33.0447 -71.6099
172 -33.0486 -71.6098
126 -33.0495 -71.6097
468 -33.0495 -71.6097
952 -33.0496 -71.6096
183 -33.0494 -71.6091
211 -33.0491 -71.6091
324 -33.0489 -71.6091
785 -33.0489 -71.6091
256 -33.0497 -71.6084
601 -33.0496 -71.6084
224 -33.0496 -71.6084
595 -33.0496 -71.6084
89 -33.0494 -71.6084
600 -33.0489 -71.6083
204 -33.0488 -71.6083
328 -33.0488 -71.6083
343 -33.0488 -71.6083
821 -33.0487 -71.6091
836 -33.0487 -71.6083
863 -33.0487 -71.6083
136 -33.0486 -71.6083
395 -33.0481 -71.6098
8 -33.0479 -71.6098
406 -33.0482 -71.6091
714 -33.0486 -71.6083
951 -33.0485 -71.6082
734 -33.0485 -71.6082
771 -33.0482 -71.6082
607 -33.0481 -71.6082
235 -33.048 -71.6082
68 -33.048 -71.6082
417 -33.0479 -71.6082
125 -33.0478 -71.6082
502 -33.0497 -71.6054
752 -33.0495 -71.6053
181 -33.0495 -71.6053
966 -33.0495 -71.6053
690 -33.0491 -71.607
460 -33.0488 -71.6066
56 -33.0488 -71.6066
815 -33.0492 -71.6052
620 -33.0496 -71.6044
293 -33.0493 -71.6037
99 -33.0492 -71.6034
673 -33.0491 -71.6051
382 -33.049 -71.6051
770 -33.049 -71.6051
788 -33.0489 -71.6048
369 -33.0488 -71.6066
471 -33.0488 -71.6068
365 -33.0485 -71.6066
624 -33.0485 -71.6066
325 -33.0483 -71.6066
498 -33.0481 -71.6079
233 -33.048 -71.6077
437 -33.0479 -71.6077
957 -33.0486 -71.6066
244 -33.0485 -71.6042
564 -33.0482 -71.6039
122 -33.0481 -71.6035
358 -33.0481 -71.6039
1 -33.0479 -71.604
65 -33.048 -71.6039
707 -33.0478 -71.6091
82 -33.0477 -71.6082
71 -33.0477 -71.6082
306 -33.0477 -71.6082
738 -33.0477 -71.6082
193 -33.0471 -71.6098
215 -33.0476 -71.6098
623 -33.0472 -71.609
544 -33.0472 -71.6082
185 -33.0477 -71.6075
91 -33.0474 -71.6073
658 -33.0474 -71.6073
534 -33.0474 -71.6073
562 -33.047 -71.6081
625 -33.047 -71.6081
867 -33.0467 -71.6081
566 -33.0462 -71.6081
429 -33.046 -71.6081
270 -33.046 -71.6081
161 -33.0459 -71.6081
914 -33.0457 -71.608
928 -33.0451 -71.6098
824 -33.045 -71.6098
459 -33.045 -71.6098
617 -33.0456 -71.608
59 -33.0449 -71.608
717 -33.0456 -71.6077
188 -33.0456 -71.6071
380 -33.0448 -71.608
618 -33.0447 -71.608
162 -33.0441 -71.6075
568 -33.0456 -71.6071
975 -33.0474 -71.6068
993 -33.0477 -71.6067
103 -33.0478 -71.6067
203 -33.0474 -71.6069
791 -33.0472 -71.6068
339 -33.0472 -71.6068
232 -33.0472 -71.6068
287 -33.0478 -71.6067
913 -33.0475 -71.6041
628 -33.0476 -71.6041
388 -33.0477 -71.604
30 -33.0475 -71.6038
536 -33.0473 -71.6062
826 -33.0472 -71.6042
492 -33.0473 -71.6039
839 -33.0471 -71.6068
989 -33.0466 -71.6069
308 -33.0467 -71.6069
895 -33.0467 -71.6069
906 -33.0466 -71.6069
21 -33.0465 -71.607
194 -33.0466 -71.607
508 -33.0466 -71.6069
149 -33.0468 -71.6069
896 -33.047 -71.6043
514 -33.0467 -71.6041
800 -33.047 -71.604
346 -33.0456 -71.6066
559 -33.0455 -71.6061
533 -33.0436 -71.6057
