619 -33.0605 -71.6162
760 -33.0606 -71.6162
455 -33.0608 -71.6161
271 -33.0605 -71.6163
290 -33.0598 -71.6165
838 -33.0599 -71.6165
907 -33.0599 -71.6165
154 -33.0599 -71.6161
301 -33.0613 -71.6159
978 -33.0627 -71.6151
475 -33.0626 -71.615
754 -33.0609 -71.6161
803 -33.0601 -71.6161
456 -33.0602 -71.616
726 -33.0597 -71.6145
61 -33.0597 -71.6147
466 -33.0594 -71.6167
423 -33.0592 -71.6167
446 -33.0595 -71.6164
403 -33.0592 -71.6168
166 -33.0591 -71.6168
179 -33.0591 -71.6168
698 -33.0591 -71.6151
424 -33.0591 -71.6151
773 -33.0596 -71.6148
962 -33.0596 -71.6148
549 -33.0597 -71.6146
274 -33.0593 -71.6148
819 -33.0591 -71.6151
450 -33.0591 -71.6145
373 -33.0591 -71.6144
367 -33.06 -71.6144
467 -33.0606 -71.6141
686 -33.0607 -71.614
483 -33.0607 -71.6139
123 -33.0604 -71.6142
279 -33.0602 -71.6143
945 -33.0603 -71.6143
762 -33.0601 -71.6142
127 -33.0608 -71.6136
751 -33.0601 -71.6134
994 -33.061 -71.6134
189 -33.061 -71.6134
255 -33.0601 -71.6132
927 -33.06 -71.6135
269 -33.06 -71.6134
693 -33.0601 -71.6133
354 -33.0598 -71.6137
405 -33.0595 -71.614
967 -33.0598 -71.6138
580 -33.0598 -71.6138
150 -33.0595 -71.614
107 -33.0594 -71.6142
69 -33.0593 -71.6141
641 -33.0594 -71.6141
146 -33.0597 -71.6137
134 -33.0598 -71.6136
816 -33.0598 -71.6136
916 -33.0591 -71.6135
402 -33.0591 -71.6136
464 -33.0591 -71.6136
950 -33.0591 -71.6134
495 -33.0591 -71.6169
431 -33.0586 -71.6171
448 -33.0587 -71.6171
145 -33.0589 -71.6169
171 -33.0586 -71.6169
930 -33.0583 -71.6174
908 -33.0583 -71.6174
262 -33.0585 -71.6172
767 -33.0584 -71.6162
809 -33.0588 -71.6153
7 -33.0588 -71.6153
49 -33.0585 -71.6152
546 -33.0584 -71.6151
198 -33.0583 -71.616
506 -33.0583 -71.6159
973 -33.0582 -71.615
611 -33.0582 -71.617
614 -33.0581 -71.6176
487 -33.0581 -71.6176
946 -33.0582 -71.6175
727 -33.058 -71.6176
128 -33.0577 -71.6179
327 -33.0577 -71.6179
393 -33.0578 -71.6178
117 -33.0582 -71.615
711 -33.0581 -71.615
292 -33.0581 -71.615
844 -33.0582 -71.615
992 -33.058 -71.615
89 -33.058 -71.615
721 -33.0578 -71.615
892 -33.0578 -71.615
864 -33.0578 -71.6149
488 -33.0588 -71.6148
355 -33.0586 -71.6147
512 -33.0586 -71.6144
797 -33.0586 -71.6146
636 -33.0586 -71.6149
105 -33.0583 -71.6148
341 -33.0584 -71.6148
175 -33.0584 -71.6139
571 -33.0584 -71.6138
668 -33.0586 -71.6133
822 -33.0589 -71.6133
216 -33.0584 -71.6136
211 -33.0583 -71.6137
521 -33.0583 -71.6134
881 -33.0583 -71.6134
761 -33.0582 -71.6149
254 -33.0582 -71.6149
434 -33.0582 -71.6149
948 -33.0582 -71.6142
476 -33.0581 -71.6144
361 -33.0578 -71.6149
377 -33.0577 -71.6144
713 -33.0578 -71.6144
551 -33.0582 -71.6142
919 -33.0581 -71.6138
587 -33.0581 -71.6134
848 -33.0581 -71.6133
212 -33.0581 -71.6136
389 -33.0579 -71.6139
730 -33.058 -71.6138
963 -33.0582 -71.6131
917 -33.0625 -71.613
579 -33.0625 -71.6129
118 -33.0631 -71.6129
407 -33.0607 -71.6126
537 -33.0604 -71.6128
251 -33.0604 -71.6128
674 -33.0604 -71.6128
582 -33.0609 -71.6125
480 -33.0612 -71.6122
413 -33.0613 -71.6122
747 -33.0613 -71.6122
12 -33.0612 -71.6121
14 -33.061 -71.6124
679 -33.061 -71.6124
351 -33.061 -71.6124
408 -33.0604 -71.6129
370 -33.0603 -71.613
272 -33.0599 -71.6128
414 -33.06 -71.6128
295 -33.0598 -71.6128
601 -33.0596 -71.6128
160 -33.0597 -71.6128
310 -33.0597 -71.6128
577 -33.0601 -71.6128
789 -33.0602 -71.6128
387 -33.0602 -71.6128
237 -33.0603 -71.6124
991 -33.0595 -71.6125
602 -33.0595 -71.6128
998 -33.0595 -71.6127
955 -33.0595 -71.6123
531 -33.0627 -71.6121
976 -33.0638 -71.6121
238 -33.0627 -71.6121
501 -33.0626 -71.6121
774 -33.0626 -71.612
640 -33.0622 -71.612
869 -33.0621 -71.612
209 -33.0621 -71.612
51 -33.0619 -71.612
482 -33.0638 -71.6117
420 -33.0641 -71.6116
326 -33.0644 -71.6115
523 -33.0631 -71.6118
879 -33.0619 -71.6119
60 -33.0619 -71.6119
561 -33.0629 -71.6119
642 -33.0619 -71.612
52 -33.0617 -71.612
286 -33.0617 -71.612
646 -33.0618 -71.612
452 -33.0616 -71.6121
733 -33.0615 -71.6121
57 -33.0615 -71.6121
252 -33.0595 -71.6121
958 -33.0618 -71.612
366 -33.0619 -71.612
818 -33.0619 -71.612
608 -33.0619 -71.6117
627 -33.0609 -71.6115
368 -33.0598 -71.6116
307 -33.0607 -71.6116
743 -33.0595 -71.6119
102 -33.0589 -71.613
863 -33.0586 -71.613
202 -33.0586 -71.613
42 -33.0585 -71.613
18 -33.0584 -71.613
324 -33.0584 -71.613
615 -33.0585 -71.613
208 -33.0587 -71.613
22 -33.0591 -71.6129
575 -33.0592 -71.6129
986 -33.0594 -71.6129
309 -33.0591 -71.6129
200 -33.0587 -71.613
124 -33.0588 -71.6129
759 -33.059 -71.6129
70 -33.0584 -71.613
837 -33.0582 -71.613
801 -33.0582 -71.613
334 -33.0583 -71.613
227 -33.0581 -71.613
87 -33.0581 -71.613
607 -33.0581 -71.613
661 -33.058 -71.613
725 -33.058 -71.613
877 -33.058 -71.613
771 -33.058 -71.613
498 -33.058 -71.613
235 -33.0579 -71.6129
265 -33.0579 -71.6129
649 -33.0578 -71.6129
19 -33.0594 -71.6129
376 -33.0595 -71.6128
347 -33.0595 -71.6128
224 -33.0595 -71.6128
603 -33.0594 -71.6129
742 -33.0589 -71.6128
386 -33.0589 -71.6127
20 -33.0589 -71.6127
23 -33.0592 -71.6126
298 -33.0593 -71.6116
563 -33.0593 -71.6116
909 -33.0595 -71.6116
303 -33.0591 -71.6125
676 -33.0591 -71.6122
259 -33.0589 -71.6112
748 -33.0589 -71.6112
29 -33.0588 -71.6126
842 -33.0583 -71.6126
905 -33.0585 -71.6124
197 -33.0585 -71.6124
214 -33.0583 -71.6127
872 -33.0583 -71.6127
645 -33.0583 -71.6127
542 -33.0582 -71.6126
108 -33.0582 -71.6123
151 -33.0581 -71.612
560 -33.0588 -71.6117
606 -33.0583 -71.6113
442 -33.058 -71.612
15 -33.058 -71.6113
569 -33.0579 -71.6113
885 -33.0577 -71.6144
66 -33.0571 -71.6184
597 -33.0575 -71.6181
703 -33.0575 -71.618
961 -33.0567 -71.6182
904 -33.0566 -71.6182
364 -33.0565 -71.6182
109 -33.0563 -71.6181
504 -33.0576 -71.6179
830 -33.0577 -71.6179
100 -33.0569 -71.6171
585 -33.0572 -71.6171
964 -33.0562 -71.6162
106 -33.0562 -71.616
574 -33.0562 -71.616
142 -33.0562 -71.6159
130 -33.0562 -71.6181
550 -33.0562 -71.616
850 -33.0562 -71.616
688 -33.0562 -71.616
165 -33.0561 -71.6181
859 -33.056 -71.6162
940 -33.056 -71.6162
176 -33.0561 -71.6161
884 -33.0561 -71.616
412 -33.0562 -71.6159
85 -33.0562 -71.6158
796 -33.0561 -71.6158
115 -33.0561 -71.6158
572 -33.056 -71.6159
13 -33.0559 -71.6159
494 -33.056 -71.6158
890 -33.0561 -71.6157
250 -33.0561 -71.6152
260 -33.0561 -71.6152
17 -33.0562 -71.6152
647 -33.0561 -71.6157
24 -33.0561 -71.6157
226 -33.0561 -71.6157
749 -33.0561 -71.6152
632 -33.0563 -71.6151
430 -33.0565 -71.6149
545 -33.0577 -71.6149
228 -33.0577 -71.6149
266 -33.0564 -71.615
783 -33.0564 -71.615
756 -33.0564 -71.615
385 -33.0564 -71.615
497 -33.0561 -71.6157
304 -33.0561 -71.6157
5 -33.0561 -71.6156
195 -33.0561 -71.6156
144 -33.056 -71.6156
496 -33.056 -71.6156
315 -33.056 -71.6156
111 -33.056 -71.6155
75 -33.056 -71.6155
38 -33.056 -71.6154
163 -33.056 -71.6153
678 -33.0561 -71.6152
659 -33.0559 -71.6154
852 -33.0559 -71.6153
500 -33.0559 -71.6153
313 -33.0559 -71.6163
979 -33.0558 -71.618
10 -33.0558 -71.618
983 -33.0557 -71.618
949 -33.0557 -71.618
786 -33.0556 -71.6179
883 -33.0556 -71.617
217 -33.0557 -71.6166
479 -33.0557 -71.6165
53 -33.0558 -71.6164
999 -33.0559 -71.6163
191 -33.0558 -71.6159
273 -33.0557 -71.6159
697 -33.0557 -71.6165
174 -33.0557 -71.6159
652 -33.0557 -71.6159
829 -33.0555 -71.6173
629 -33.0544 -71.6189
409 -33.0548 -71.6187
511 -33.0546 -71.6184
849 -33.0542 -71.6189
516 -33.0531 -71.6187
509 -33.0536 -71.6185
427 -33.0538 -71.6184
708 -33.0549 -71.6184
25 -33.0552 -71.6178
598 -33.0553 -71.6177
589 -33.0554 -71.6174
987 -33.055 -71.6179
710 -33.055 -71.618
92 -33.055 -71.618
911 -33.0528 -71.6159
692 -33.0555 -71.6159
900 -33.0554 -71.6159
712 -33.0554 -71.6158
529 -33.0553 -71.6158
263 -33.0551 -71.6158
453 -33.055 -71.6158
239 -33.055 -71.6158
416 -33.0548 -71.6158
573 -33.0547 -71.6157
353 -33.055 -71.6152
54 -33.0547 -71.615
889 -33.0546 -71.6157
170 -33.0546 -71.6157
333 -33.0544 -71.6157
113 -33.0544 -71.6157
639 -33.0543 -71.6157
605 -33.0543 -71.6157
155 -33.0543 -71.6157
763 -33.054 -71.6156
794 -33.0539 -71.6156
644 -33.0529 -71.6158
764 -33.0527 -71.6158
988 -33.0518 -71.6156
157 -33.0539 -71.6156
277 -33.0516 -71.6156
635 -33.0534 -71.6155
610 -33.0532 -71.6155
205 -33.0516 -71.6156
820 -33.0516 -71.6156
938 -33.0515 -71.6156
253 -33.0565 -71.6149
812 -33.0576 -71.6149
787 -33.0575 -71.6149
600 -33.0574 -71.6149
593 -33.0574 -71.6146
204 -33.0573 -71.6149
323 -33.0572 -71.6148
343 -33.0573 -71.6147
734 -33.0574 -71.6144
210 -33.0575 -71.6141
775 -33.0575 -71.6139
68 -33.0575 -71.6139
891 -33.0575 -71.6141
421 -33.0574 -71.6143
547 -33.0574 -71.6143
40 -33.0574 -71.6135
185 -33.0572 -71.6136
565 -33.0571 -71.6148
880 -33.0571 -71.6148
687 -33.0571 -71.6148
93 -33.0567 -71.6148
148 -33.0566 -71.6149
177 -33.0566 -71.6149
739 -33.0566 -71.6148
860 -33.057 -71.6148
320 -33.057 -71.6148
831 -33.0569 -71.6147
835 -33.0569 -71.6147
795 -33.0568 -71.6147
399 -33.0568 -71.6147
340 -33.0568 -71.6147
116 -33.0568 -71.6147
591 -33.0576 -71.6134
520 -33.0577 -71.6131
35 -33.0577 -71.6131
82 -33.0576 -71.6129
738 -33.0576 -71.6129
599 -33.0576 -71.6129
173 -33.0576 -71.6129
437 -33.0576 -71.6129
306 -33.0576 -71.6129
655 -33.0576 -71.6129
233 -33.0576 -71.6129
681 -33.0575 -71.6116
707 -33.0573 -71.6128
201 -33.0572 -71.6128
942 -33.0572 -71.6128
392 -33.0572 -71.6128
902 -33.0572 -71.6127
275 -33.0569 -71.6126
562 -33.0569 -71.6126
658 -33.0569 -71.6126
181 -33.0568 -71.6133
625 -33.0567 -71.6133
91 -33.0567 -71.6133
382 -33.0563 -71.6131
534 -33.0568 -71.6126
449 -33.0568 -71.6126
996 -33.0567 -71.6126
203 -33.0567 -71.6125
623 -33.0565 -71.6125
805 -33.0565 -71.6125
186 -33.0565 -71.6124
588 -33.0563 -71.6124
429 -33.0557 -71.6131
536 -33.0557 -71.6131
867 -33.0563 -71.6131
161 -33.0556 -71.6131
59 -33.0547 -71.6128
683 -33.0553 -71.6124
717 -33.0553 -71.6124
188 -33.0549 -71.6124
666 -33.0562 -71.6124
791 -33.0562 -71.6124
638 -33.0561 -71.6123
566 -33.056 -71.6123
568 -33.0548 -71.6124
914 -33.0556 -71.6123
617 -33.0557 -71.6123
758 -33.0546 -71.6124
9 -33.0511 -71.6129
827 -33.0511 -71.6128
380 -33.0546 -71.6127
447 -33.0503 -71.613
101 -33.0495 -71.6143
139 -33.0498 -71.6127
322 -33.0498 -71.6127
802 -33.0498 -71.6127
618 -33.0545 -71.6126
44 -33.0545 -71.6124
633 -33.0498 -71.6124
222 -33.0498 -71.6125
696 -33.0498 -71.6126
735 -33.0498 -71.6125
508 -33.0557 -71.6123
270 -33.0559 -71.6123
906 -33.0557 -71.6123
33 -33.0558 -71.6123
346 -33.0544 -71.6123
559 -33.0543 -71.6122
851 -33.0538 -71.6122
862 -33.0527 -71.6121
348 -33.0519 -71.6118
394 -33.0531 -71.6115
660 -33.0531 -71.6115
834 -33.0533 -71.6115
855 -33.0531 -71.6116
81 -33.052 -71.6118
604 -33.0521 -71.6117
314 -33.053 -71.6116
901 -33.0519 -71.6118
553 -33.0518 -71.612
972 -33.0513 -71.6119
793 -33.0512 -71.6119
80 -33.0499 -71.6117
718 -33.0498 -71.6121
360 -33.0499 -71.6119
34 -33.0499 -71.6118
935 -33.0499 -71.6116
485 -33.0499 -71.6116
493 -33.0499 -71.6116
583 -33.05 -71.6114
88 -33.0497 -71.6112
784 -33.0491 -71.6115
220 -33.0491 -71.6115
187 -33.0592 -71.6112
297 -33.0618 -71.6108
934 -33.0618 -71.6108
790 -33.064 -71.6108
474 -33.0618 -71.6108
43 -33.0618 -71.6106
581 -33.0617 -71.6103
576 -33.0617 -71.6103
63 -33.0632 -71.61
499 -33.0625 -71.6098
11 -33.0623 -71.6097
677 -33.0636 -71.6094
335 -33.062 -71.6093
473 -33.0619 -71.6094
858 -33.0616 -71.6094
438 -33.0616 -71.6094
700 -33.0615 -71.6104
903 -33.0614 -71.6107
285 -33.0614 -71.6103
705 -33.0614 -71.6102
26 -33.061 -71.6103
876 -33.0603 -71.611
886 -33.0602 -71.6103
305 -33.0601 -71.6101
740 -33.0611 -71.6099
422 -33.0614 -71.6094
282 -33.0614 -71.6094
944 -33.0612 -71.6093
219 -33.0611 -71.6093
138 -33.0605 -71.6096
970 -33.0608 -71.6096
918 -33.061 -71.6094
723 -33.061 -71.6093
878 -33.061 -71.6093
79 -33.0621 -71.609
469 -33.062 -71.609
489 -33.061 -71.6092
715 -33.061 -71.6091
458 -33.061 -71.609
470 -33.0609 -71.609
664 -33.0609 -71.6089
225 -33.0619 -71.6087
400 -33.0623 -71.6082
419 -33.0617 -71.608
478 -33.0616 -71.6089
72 -33.0614 -71.6089
463 -33.0612 -71.6089
461 -33.061 -71.6086
156 -33.0609 -71.6089
350 -33.0609 -71.6089
62 -33.0608 -71.6088
94 -33.0607 -71.6086
532 -33.0607 -71.6086
73 -33.0605 -71.6093
746 -33.0606 -71.6085
332 -33.0602 -71.6083
952 -33.0603 -71.6083
183 -33.0603 -71.6083
690 -33.0602 -71.6082
753 -33.0607 -71.6079
328 -33.0602 -71.6082
468 -33.0601 -71.6079
888 -33.0601 -71.6078
714 -33.06 -71.6081
190 -33.0594 -71.6107
97 -33.0595 -71.6103
866 -33.0596 -71.6098
765 -33.0587 -71.6105
558 -33.0584 -71.6106
415 -33.0586 -71.6105
657 -33.0586 -71.6101
362 -33.0589 -71.6095
626 -33.06 -71.6088
132 -33.06 -71.6088
810 -33.0598 -71.6082
2 -33.0592 -71.6088
856 -33.0587 -71.6093
236 -33.0588 -71.6088
257 -33.0582 -71.6084
745 -33.0582 -71.6101
706 -33.0581 -71.6109
821 -33.0582 -71.6107
143 -33.0582 -71.6105
141 -33.058 -71.6104
510 -33.0577 -71.6107
815 -33.0577 -71.6102
384 -33.0577 -71.6102
268 -33.058 -71.6099
454 -33.0582 -71.609
244 -33.058 -71.6083
811 -33.0579 -71.6083
731 -33.0578 -71.6082
397 -33.0578 -71.6082
122 -33.0578 -71.6082
167 -33.0598 -71.6082
757 -33.0599 -71.608
471 -33.0599 -71.608
981 -33.0599 -71.608
752 -33.0597 -71.6079
846 -33.059 -71.6079
528 -33.059 -71.6079
287 -33.0587 -71.6079
103 -33.0587 -71.6079
369 -33.0597 -71.6078
653 -33.0597 -71.6078
741 -33.0597 -71.6078
997 -33.0589 -71.6078
395 -33.0587 -71.6078
556 -33.0588 -71.6078
929 -33.0589 -71.6078
737 -33.0585 -71.608
989 -33.0577 -71.6082
839 -33.0581 -71.6081
813 -33.0582 -71.608
806 -33.0577 -71.6082
245 -33.0577 -71.6082
720 -33.0577 -71.6081
691 -33.0577 -71.6081
232 -33.0582 -71.608
675 -33.0584 -71.608
242 -33.0583 -71.608
371 -33.0584 -71.608
339 -33.0583 -71.608
215 -33.0582 -71.608
993 -33.0581 -71.6078
375 -33.0589 -71.6078
672 -33.0624 -71.6073
977 -33.0617 -71.6073
662 -33.0616 -71.607
557 -33.061 -71.6073
923 -33.0605 -71.6077
137 -33.0604 -71.6077
381 -33.0608 -71.6073
833 -33.0619 -71.6069
441 -33.0634 -71.6065
147 -33.0633 -71.6065
331 -33.0635 -71.6065
592 -33.0616 -71.6066
300 -33.0606 -71.6068
808 -33.0612 -71.6068
159 -33.0609 -71.6065
281 -33.0602 -71.607
836 -33.0602 -71.6077
502 -33.0599 -71.6077
966 -33.0599 -71.6077
398 -33.0599 -71.6077
832 -33.0596 -71.6078
785 -33.0599 -71.6077
56 -33.0598 -71.6077
365 -33.0595 -71.6076
46 -33.0601 -71.6072
912 -33.0602 -71.6072
772 -33.0601 -71.6065
404 -33.0595 -71.6065
71 -33.0593 -71.6076
192 -33.0594 -71.6076
624 -33.0594 -71.6076
925 -33.0607 -71.6064
870 -33.0637 -71.6064
291 -33.0637 -71.6064
112 -33.0632 -71.6062
90 -33.063 -71.6061
924 -33.0627 -71.6059
296 -33.0624 -71.6056
491 -33.061 -71.6055
622 -33.0608 -71.6054
78 -33.0617 -71.6051
922 -33.0616 -71.605
857 -33.0616 -71.6049
769 -33.0612 -71.6049
843 -33.0609 -71.6053
825 -33.061 -71.6051
169 -33.0608 -71.6047
620 -33.0608 -71.6047
83 -33.0601 -71.6063
129 -33.0601 -71.6063
311 -33.06 -71.6062
951 -33.0599 -71.6062
954 -33.0594 -71.6064
669 -33.0594 -71.6064
349 -33.0594 -71.6064
411 -33.0599 -71.6062
158 -33.0602 -71.6059
32 -33.0603 -71.6058
261 -33.0607 -71.6054
293 -33.0599 -71.6045
256 -33.0594 -71.6055
99 -33.0598 -71.6045
873 -33.0593 -71.6064
229 -33.0592 -71.6076
294 -33.0592 -71.6076
736 -33.0592 -71.6076
325 -33.0591 -71.6076
199 -33.0591 -71.6077
788 -33.0591 -71.6077
321 -33.0591 -71.6076
882 -33.0593 -71.6076
243 -33.0592 -71.6074
378 -33.0592 -71.6068
671 -33.0591 -71.6067
280 -33.0591 -71.6075
555 -33.0587 -71.6066
126 -33.0588 -71.6066
704 -33.0588 -71.6066
276 -33.0585 -71.6066
110 -33.0584 -71.6073
182 -33.0583 -71.6071
578 -33.0577 -71.6068
613 -33.0577 -71.6073
319 -33.0577 -71.6076
193 -33.0577 -71.6076
267 -33.0577 -71.6068
910 -33.058 -71.6067
980 -33.0584 -71.6067
670 -33.0585 -71.6066
230 -33.0585 -71.6066
8 -33.0584 -71.6066
168 -33.0584 -71.6067
503 -33.0578 -71.6066
120 -33.0586 -71.6066
125 -33.0592 -71.6065
845 -33.0592 -71.6064
284 -33.0592 -71.6064
505 -33.0592 -71.6064
544 -33.0586 -71.6066
172 -33.059 -71.6065
16 -33.059 -71.6065
417 -33.0593 -71.6064
527 -33.0592 -71.6063
513 -33.0591 -71.6063
221 -33.0591 -71.6054
525 -33.059 -71.6063
196 -33.0587 -71.6051
957 -33.0587 -71.6051
1 -33.0586 -71.6041
937 -33.0586 -71.6051
840 -33.0584 -71.6062
782 -33.0583 -71.6062
223 -33.0585 -71.6062
136 -33.0582 -71.6059
357 -33.0578 -71.6062
990 -33.058 -71.6062
477 -33.058 -71.6059
316 -33.0577 -71.6058
984 -33.0583 -71.6058
595 -33.0583 -71.6051
30 -33.058 -71.6044
406 -33.0579 -71.6045
460 -33.0578 -71.6058
826 -33.0579 -71.6045
390 -33.0577 -71.6072
861 -33.0577 -71.6109
540 -33.0575 -71.6103
391 -33.0576 -71.6101
770 -33.0574 -71.61
915 -33.0559 -71.6103
336 -33.056 -71.6103
517 -33.0563 -71.6101
673 -33.0574 -71.61
372 -33.0567 -71.6099
433 -33.0574 -71.6096
931 -33.0574 -71.6093
975 -33.0564 -71.6096
744 -33.0559 -71.6095
358 -33.0559 -71.6095
65 -33.0559 -71.6095
895 -33.0557 -71.6094
345 -33.054 -71.6105
133 -33.0541 -71.6105
74 -33.0543 -71.6105
31 -33.0539 -71.6112
77 -33.0538 -71.6111
780 -33.0537 -71.6109
401 -33.0538 -71.6105
278 -33.0544 -71.6105
621 -33.0556 -71.6105
995 -33.0552 -71.6098
388 -33.0556 -71.6094
180 -33.0552 -71.6098
27 -33.0544 -71.6105
920 -33.0549 -71.6104
894 -33.055 -71.6102
874 -33.0576 -71.6088
535 -33.0575 -71.6088
428 -33.0546 -71.6085
258 -33.0546 -71.6085
651 -33.0545 -71.6085
985 -33.0545 -71.6085
58 -33.0545 -71.6085
656 -33.0544 -71.6085
695 -33.0547 -71.6085
526 -33.0548 -71.6084
439 -33.0548 -71.6083
539 -33.0549 -71.6083
164 -33.0548 -71.6084
465 -33.0547 -71.6084
932 -33.0547 -71.6084
317 -33.0547 -71.6084
312 -33.0543 -71.6085
329 -33.0542 -71.6085
342 -33.0542 -71.6085
779 -33.0542 -71.6085
719 -33.0542 -71.6085
522 -33.0537 -71.6085
548 -33.0537 -71.6085
241 -33.0542 -71.6085
96 -33.0541 -71.6085
947 -33.054 -71.6085
596 -33.0541 -71.6085
804 -33.0539 -71.6085
685 -33.0539 -71.6085
518 -33.0539 -71.6085
86 -33.0538 -71.6085
709 -33.0536 -71.6085
337 -33.0536 -71.6106
440 -33.0512 -71.6099
206 -33.0513 -71.6098
283 -33.051 -71.61
48 -33.0509 -71.6102
694 -33.0507 -71.6102
933 -33.051 -71.6101
853 -33.0515 -71.6096
941 -33.0517 -71.6094
50 -33.0518 -71.6093
868 -33.0518 -71.6093
897 -33.0516 -71.6095
140 -33.0515 -71.6096
318 -33.0515 -71.6096
213 -33.0516 -71.6095
383 -33.0507 -71.6102
939 -33.05 -71.6111
755 -33.0501 -71.6109
55 -33.0501 -71.6108
484 -33.05 -71.6112
643 -33.05 -71.6112
982 -33.0492 -71.6112
732 -33.05 -71.6112
152 -33.0501 -71.6106
716 -33.0506 -71.6102
968 -33.0503 -71.6101
799 -33.0503 -71.6094
530 -33.0501 -71.6104
722 -33.0501 -71.6106
724 -33.0501 -71.6106
36 -33.0519 -71.6092
207 -33.0536 -71.6085
444 -33.0536 -71.6085
665 -33.0536 -71.6085
76 -33.0535 -71.6085
847 -33.0535 -71.6085
654 -33.0534 -71.6085
64 -33.0533 -71.6084
240 -33.0533 -71.6084
153 -33.0533 -71.6084
363 -33.0533 -71.6084
178 -33.0532 -71.6084
425 -33.0532 -71.6084
481 -33.0532 -71.6084
828 -33.0532 -71.6084
956 -33.053 -71.6083
515 -33.0522 -71.6083
541 -33.052 -71.609
778 -33.052 -71.609
586 -33.052 -71.609
854 -33.052 -71.6091
436 -33.052 -71.6091
631 -33.052 -71.6091
84 -33.052 -71.6091
519 -33.052 -71.6089
612 -33.0521 -71.6086
302 -33.0522 -71.6084
432 -33.0522 -71.6084
960 -33.0521 -71.6087
218 -33.052 -71.6088
435 -33.051 -71.6085
457 -33.053 -71.6083
308 -33.0576 -71.6081
21 -33.0576 -71.6081
887 -33.0576 -71.6081
194 -33.0575 -71.6081
554 -33.0574 -71.6081
875 -33.0574 -71.6081
299 -33.0574 -71.6081
682 -33.0574 -71.6081
410 -33.0574 -71.6081
264 -33.0574 -71.6081
871 -33.0573 -71.6081
913 -33.0573 -71.6081
359 -33.0573 -71.608
667 -33.0572 -71.608
921 -33.0572 -71.608
289 -33.0572 -71.608
616 -33.0569 -71.608
893 -33.0568 -71.608
959 -33.0568 -71.608
965 -33.0567 -71.608
650 -33.0567 -71.608
896 -33.0567 -71.608
445 -33.0567 -71.608
609 -33.0566 -71.608
800 -33.0566 -71.608
490 -33.0565 -71.608
28 -33.0564 -71.608
37 -33.0563 -71.608
594 -33.0563 -71.608
570 -33.0562 -71.608
39 -33.0562 -71.608
630 -33.0562 -71.608
567 -33.057 -71.6071
6 -33.057 -71.6071
184 -33.057 -71.607
552 -33.0567 -71.6072
689 -33.0565 -71.6073
41 -33.0567 -71.6072
492 -33.0567 -71.6072
67 -33.0572 -71.6069
564 -33.0576 -71.6064
98 -33.0575 -71.6051
768 -33.0576 -71.6049
472 -33.0575 -71.6061
628 -33.0573 -71.6069
247 -33.0575 -71.6069
149 -33.0573 -71.6047
104 -33.0565 -71.6073
45 -33.0562 -71.6079
514 -33.0561 -71.6079
699 -33.0561 -71.6079
426 -33.0561 -71.6079
584 -33.056 -71.6079
114 -33.056 -71.6079
543 -33.056 -71.6075
926 -33.056 -71.6075
135 -33.0563 -71.6074
47 -33.0563 -71.6074
776 -33.0563 -71.6044
953 -33.0563 -71.6074
443 -33.056 -71.6075
777 -33.0561 -71.6075
131 -33.0559 -71.6079
379 -33.055 -71.6082
766 -33.055 -71.6082
4 -33.0551 -71.6082
817 -33.055 -71.6082
807 -33.0529 -71.6083
634 -33.0529 -71.6083
750 -33.0549 -71.6083
974 -33.0552 -71.6081
898 -33.0553 -71.608
249 -33.0554 -71.608
798 -33.0554 -71.608
288 -33.0553 -71.608
865 -33.0553 -71.608
338 -33.0553 -71.608
524 -33.0553 -71.608
231 -33.0529 -71.6083
418 -33.0528 -71.6083
119 -33.0528 -71.6083
823 -33.0528 -71.6083
234 -33.0528 -71.6083
374 -33.0522 -71.6083
701 -33.0528 -71.6083
590 -33.0528 -71.6083
680 -33.0527 -71.6082
728 -33.0526 -71.6082
0 -33.0525 -71.6082
637 -33.0525 -71.6082
538 -33.0524 -71.6081
462 -33.0522 -71.6082
648 -33.0523 -71.6081
702 -33.0554 -71.608
684 -33.0558 -71.6079
663 -33.0558 -71.6079
330 -33.0558 -71.6078
824 -33.0557 -71.6078
451 -33.0556 -71.6078
459 -33.0556 -71.6078
95 -33.0556 -71.6077
928 -33.0557 -71.6077
344 -33.0559 -71.6076
396 -33.0559 -71.6076
936 -33.0559 -71.6076
352 -33.0559 -71.6076
356 -33.0557 -71.6077
943 -33.0558 -71.6076
121 -33.0557 -71.6046
969 -33.0556 -71.6078
814 -33.0555 -71.6079
246 -33.0555 -71.6079
3 -33.0555 -71.6078
841 -33.0555 -71.6079
162 -33.0554 -71.6079
486 -33.0555 -71.6079
971 -33.0522 -71.6073
248 -33.0522 -71.6073
729 -33.0545 -71.6053
507 -33.0549 -71.605
781 -33.0555 -71.6048
792 -33.0545 -71.6053
899 -33.0526 -71.6068
533 -33.0543 -71.6046
