930 -33.0526 -71.6245
253 -33.0526 -71.6245
266 -33.0526 -71.6245
38 -33.0519 -71.6245
142 -33.0518 -71.625
115 -33.0519 -71.6249
497 -33.0519 -71.6248
315 -33.052 -71.6245
880 -33.0532 -71.6238
177 -33.0527 -71.6238
487 -33.0525 -71.6236
260 -33.0523 -71.6235
678 -33.0521 -71.6243
327 -33.052 -71.6243
500 -33.052 -71.6234
85 -33.0518 -71.625
176 -33.0517 -71.6252
940 -33.0516 -71.6252
66 -33.0518 -71.6252
961 -33.0515 -71.6252
217 -33.0512 -71.6254
479 -33.0513 -71.6251
109 -33.051 -71.6251
226 -33.0517 -71.6243
5 -33.0516 -71.6243
703 -33.0518 -71.6233
890 -33.0517 -71.6233
796 -33.0516 -71.6243
647 -33.0516 -71.6243
550 -33.0513 -71.6243
716 -33.051 -71.6234
694 -33.0511 -71.6233
179 -33.0524 -71.6223
210 -33.0529 -71.6223
377 -33.0529 -71.6222
69 -33.0522 -71.62
547 -33.0515 -71.6212
713 -33.0514 -71.6209
919 -33.0515 -71.6202
216 -33.0517 -71.6199
373 -33.0519 -71.6199
542 -33.0521 -71.6199
301 -33.0521 -71.6198
816 -33.0517 -71.6194
587 -33.0517 -71.6199
881 -33.0517 -71.6193
376 -33.0516 -71.6193
775 -33.0514 -71.6209
799 -33.0512 -71.6232
901 -33.0512 -71.6231
355 -33.0514 -71.6203
313 -33.0511 -71.6231
53 -33.051 -71.6231
283 -33.051 -71.6229
440 -33.051 -71.6229
456 -33.0514 -71.6202
341 -33.0511 -71.6202
134 -33.0513 -71.6192
370 -33.0512 -71.6188
761 -33.0511 -71.6202
838 -33.051 -71.6202
973 -33.051 -71.6202
883 -33.0509 -71.6251
101 -33.0504 -71.6258
829 -33.0504 -71.6252
633 -33.0506 -71.6251
786 -33.0503 -71.6252
598 -33.0502 -71.6259
92 -33.0496 -71.6252
987 -33.0496 -71.6252
34 -33.0507 -71.625
935 -33.0507 -71.6248
732 -33.0504 -71.6243
697 -33.0507 -71.6243
979 -33.0499 -71.6243
493 -33.0497 -71.6243
589 -33.0496 -71.6243
852 -33.0493 -71.6221
144 -33.0493 -71.6223
710 -33.0491 -71.6243
447 -33.0492 -71.6243
25 -33.0493 -71.6243
409 -33.0491 -71.6253
629 -33.0484 -71.6253
999 -33.0488 -71.6229
859 -33.0488 -71.6227
206 -33.0489 -71.6226
597 -33.0493 -71.6223
250 -33.0492 -71.6219
632 -33.0492 -71.6218
17 -33.0492 -71.6219
412 -33.049 -71.6223
213 -33.0488 -71.6223
163 -33.0489 -71.6218
111 -33.0488 -71.6218
399 -33.0506 -71.6215
432 -33.0507 -71.6212
302 -33.0507 -71.6212
116 -33.0505 -71.6215
637 -33.0504 -71.621
956 -33.0502 -71.6205
680 -33.0503 -71.6205
425 -33.0499 -71.6202
74 -33.0497 -71.62
361 -33.0498 -71.6187
42 -33.0498 -71.6187
891 -33.0496 -71.6199
76 -33.0496 -71.6199
198 -33.0496 -71.6197
804 -33.0495 -71.6197
86 -33.0495 -71.6196
77 -33.0493 -71.6214
262 -33.0493 -71.6211
234 -33.0494 -71.6207
448 -33.0493 -71.6209
340 -33.0493 -71.621
831 -33.0493 -71.6209
687 -33.0493 -71.6209
323 -33.0494 -71.6205
434 -33.0495 -71.6196
844 -33.0495 -71.6196
656 -33.0494 -71.6191
760 -33.0494 -71.6188
166 -33.0493 -71.6205
401 -33.0493 -71.6204
537 -33.051 -71.6187
869 -33.0525 -71.6186
560 -33.0529 -71.6182
774 -33.0528 -71.6182
646 -33.0522 -71.6185
57 -33.052 -71.6185
668 -33.052 -71.6185
413 -33.0515 -71.6184
475 -33.053 -71.6173
931 -33.052 -71.6162
936 -33.052 -71.6161
991 -33.0529 -71.6158
356 -33.0515 -71.6162
286 -33.0515 -71.6161
818 -33.0514 -71.616
943 -33.0514 -71.6159
765 -33.0514 -71.6184
963 -33.0513 -71.6184
189 -33.0513 -71.6184
367 -33.0513 -71.6184
582 -33.0512 -71.6183
255 -33.0506 -71.6184
549 -33.0504 -71.6184
978 -33.0511 -71.6182
407 -33.051 -71.6182
18 -33.0513 -71.6164
389 -33.0508 -71.6164
20 -33.0514 -71.6158
743 -33.0508 -71.6164
408 -33.0506 -71.618
426 -33.0497 -71.6166
726 -33.0496 -71.616
822 -33.0502 -71.6158
945 -33.0529 -71.6157
118 -33.053 -71.6156
872 -33.0529 -71.6154
976 -33.0528 -71.6153
297 -33.0524 -71.6156
842 -33.0519 -71.6156
482 -33.0527 -71.6152
561 -33.0521 -71.6149
483 -33.0519 -71.6147
792 -33.0519 -71.6147
948 -33.0531 -71.6139
299 -33.0519 -71.6148
531 -33.0518 -71.6148
501 -33.0518 -71.6147
124 -33.0517 -71.6147
578 -33.0516 -71.6146
640 -33.0514 -71.6156
464 -33.0514 -71.6156
950 -33.0514 -71.6156
608 -33.0514 -71.6156
251 -33.0498 -71.6157
450 -33.0501 -71.6157
476 -33.0498 -71.6157
60 -33.0511 -71.6156
507 -33.0516 -71.6145
242 -33.0515 -71.6141
737 -33.0516 -71.6139
910 -33.0514 -71.6143
879 -33.0511 -71.6156
268 -33.0506 -71.6153
955 -33.0496 -71.616
428 -33.0494 -71.6186
539 -33.0494 -71.6186
379 -33.0493 -71.6183
524 -33.0491 -71.6181
698 -33.0489 -71.6176
754 -33.0489 -71.6176
443 -33.0489 -71.6171
570 -33.0489 -71.617
689 -33.0492 -71.6165
442 -33.0492 -71.6165
146 -33.0491 -71.6165
580 -33.0491 -71.6165
641 -33.0489 -71.6169
150 -33.0489 -71.6169
609 -33.049 -71.6168
699 -33.0488 -71.6173
246 -33.0486 -71.618
841 -33.0488 -71.6178
809 -33.0487 -71.6178
730 -33.0486 -71.6181
292 -33.0484 -71.6186
750 -33.0484 -71.6185
803 -33.0486 -71.6181
95 -33.0487 -71.6176
455 -33.0488 -71.6176
396 -33.0488 -71.6174
543 -33.0488 -71.6174
352 -33.0488 -71.6174
684 -33.0487 -71.6175
488 -33.0485 -71.6167
271 -33.049 -71.6165
602 -33.0495 -71.6162
279 -33.0496 -71.6161
123 -33.0496 -71.6161
107 -33.0495 -71.6163
269 -33.0494 -71.6164
693 -33.0495 -71.6163
520 -33.0495 -71.6163
141 -33.0492 -71.6159
257 -33.0494 -71.6145
295 -33.0495 -71.6142
375 -33.0495 -71.614
415 -33.0493 -71.615
682 -33.0492 -71.6158
554 -33.0492 -71.6156
887 -33.0492 -71.6155
921 -33.0492 -71.6159
433 -33.0491 -71.6163
41 -33.0491 -71.6163
6 -33.0491 -71.6162
893 -33.0491 -71.6164
953 -33.0487 -71.6164
391 -33.0491 -71.6164
959 -33.0491 -71.6164
184 -33.0492 -71.616
871 -33.0492 -71.616
267 -33.0484 -71.6143
731 -33.0484 -71.6141
160 -33.0484 -71.6143
649 -33.0484 -71.6144
998 -33.0484 -71.6143
819 -33.0484 -71.6164
849 -33.0482 -71.6253
735 -33.0471 -71.6251
36 -33.0473 -71.6228
897 -33.0471 -71.6228
318 -33.0469 -71.6228
263 -33.047 -71.6228
453 -33.0469 -71.6228
529 -33.0472 -71.6228
660 -33.0473 -71.6227
692 -33.0473 -71.6227
631 -33.0474 -71.6227
868 -33.0473 -71.6228
130 -33.047 -71.6228
394 -33.0473 -71.6228
900 -33.0472 -71.6228
360 -33.0469 -71.6249
802 -33.0465 -71.6257
322 -33.0465 -71.6257
696 -33.0466 -71.6257
277 -33.0465 -71.6257
938 -33.0465 -71.6257
139 -33.0464 -71.6257
205 -33.0464 -71.6256
820 -33.0464 -71.6256
516 -33.0465 -71.6255
889 -33.0465 -71.6229
983 -33.0468 -71.6228
222 -33.0465 -71.6254
718 -33.0465 -71.6252
80 -33.0464 -71.6249
485 -33.0464 -71.6249
854 -33.0474 -71.6226
374 -33.0481 -71.6214
337 -33.0483 -71.6209
701 -33.0484 -71.6208
780 -33.0481 -71.6212
834 -33.0474 -71.6225
586 -33.0474 -71.6225
191 -33.0474 -71.6224
828 -33.0475 -71.6206
457 -33.0483 -71.6206
783 -33.0482 -71.6204
481 -33.0482 -71.6204
363 -33.0481 -71.6203
240 -33.0475 -71.6203
430 -33.0481 -71.6203
64 -33.0476 -71.6203
612 -33.0474 -71.6221
884 -33.0474 -71.622
688 -33.0473 -71.6218
462 -33.0473 -71.6218
0 -33.0472 -71.6213
195 -33.0472 -71.6215
13 -33.0464 -71.621
572 -33.0464 -71.621
31 -33.0464 -71.6208
728 -33.0466 -71.6203
727 -33.0473 -71.6202
614 -33.0472 -71.6202
538 -33.0465 -71.6205
574 -33.0465 -71.6206
648 -33.0465 -71.6206
106 -33.0464 -71.6203
764 -33.0462 -71.6247
509 -33.0462 -71.6247
583 -33.0462 -71.6247
911 -33.0462 -71.6246
939 -33.046 -71.6244
9 -33.046 -71.6244
55 -33.0458 -71.6242
755 -33.0459 -71.6242
484 -33.0462 -71.6241
383 -33.046 -71.6231
605 -33.0462 -71.623
708 -33.0458 -71.6236
722 -33.0457 -71.624
152 -33.0456 -71.624
511 -33.0457 -71.6238
530 -33.0456 -71.624
88 -33.0437 -71.6244
643 -33.044 -71.6242
827 -33.0442 -71.6241
982 -33.0434 -71.6247
220 -33.0433 -71.6251
784 -33.0433 -71.6251
988 -33.0434 -71.6248
427 -33.0443 -71.624
972 -33.045 -71.6234
635 -33.045 -71.6234
933 -33.0453 -71.6228
793 -33.045 -71.6235
644 -33.0444 -71.6239
724 -33.0446 -71.6238
48 -33.0453 -71.6227
855 -33.046 -71.6218
314 -33.0461 -71.6217
519 -33.0462 -71.6214
435 -33.0459 -71.622
573 -33.0457 -71.6222
862 -33.0458 -71.622
941 -33.0458 -71.622
904 -33.0463 -71.6212
850 -33.0463 -71.6203
515 -33.0461 -71.6202
851 -33.046 -71.6202
273 -33.0459 -71.6202
84 -33.0456 -71.6206
712 -33.0457 -71.6204
778 -33.0457 -71.6204
170 -33.0456 -71.6223
81 -33.0454 -71.6227
639 -33.0454 -71.6226
113 -33.0455 -71.6225
348 -33.0454 -71.6227
794 -33.0452 -71.6227
553 -33.0452 -71.6227
157 -33.0452 -71.6227
610 -33.0445 -71.6222
604 -33.0449 -71.6207
333 -33.045 -71.6205
10 -33.0453 -71.6204
155 -33.0449 -71.6208
968 -33.0445 -71.6222
763 -33.0448 -71.6209
93 -33.0476 -71.6202
495 -33.0479 -71.6194
787 -33.0481 -71.6192
258 -33.0481 -71.6191
654 -33.0479 -71.6201
548 -33.0479 -71.62
709 -33.0478 -71.6199
329 -33.0479 -71.6195
721 -33.0481 -71.6191
992 -33.0483 -71.6188
164 -33.0483 -71.6187
254 -33.0484 -71.6187
767 -33.0483 -71.6189
864 -33.0482 -71.6191
180 -33.0482 -71.619
812 -33.0483 -71.6189
522 -33.0478 -71.6199
207 -33.0478 -71.6199
431 -33.0477 -71.6199
518 -33.0478 -71.6198
665 -33.0477 -71.6199
27 -33.0476 -71.6201
278 -33.0476 -71.6201
830 -33.0468 -71.6201
565 -33.0478 -71.6197
847 -33.0469 -71.6193
444 -33.047 -71.619
685 -33.0471 -71.6187
683 -33.0469 -71.6193
178 -33.0468 -71.6196
153 -33.0469 -71.6195
345 -33.0469 -71.6193
947 -33.0471 -71.6186
439 -33.0474 -71.6177
817 -33.0475 -71.6175
466 -33.0476 -71.6172
932 -33.0474 -71.6177
651 -33.0473 -71.6182
805 -33.0474 -71.6179
465 -33.0474 -71.6178
336 -33.0476 -71.6171
290 -33.0484 -71.6164
445 -33.0481 -71.6155
67 -33.0483 -71.6146
777 -33.0479 -71.6161
974 -33.0476 -71.6171
546 -33.0474 -71.6162
801 -33.0479 -71.6161
965 -33.0473 -71.6141
779 -33.0472 -71.6185
342 -33.0472 -71.6184
860 -33.0472 -71.6183
920 -33.0472 -71.6185
320 -33.0472 -71.6185
117 -33.0471 -71.6161
892 -33.0468 -71.6161
131 -33.0471 -71.6152
661 -33.047 -71.6148
594 -33.0471 -71.6147
334 -33.0471 -71.6144
372 -33.0469 -71.6148
114 -33.0469 -71.6148
926 -33.0468 -71.6147
58 -33.0468 -71.6171
496 -33.0467 -71.62
231 -33.0467 -71.6199
807 -33.0467 -71.6199
418 -33.0467 -71.62
174 -33.0459 -71.6202
971 -33.0467 -71.62
504 -33.0465 -71.6194
44 -33.0462 -71.6193
638 -33.0467 -71.6171
894 -33.0467 -71.6171
719 -33.0465 -71.617
596 -33.0464 -71.617
304 -33.0461 -71.6192
795 -33.0463 -71.617
756 -33.0458 -71.6169
899 -33.0458 -71.6169
218 -33.0457 -71.6201
541 -33.0455 -71.62
436 -33.0455 -71.62
165 -33.0453 -71.6199
50 -33.0452 -71.6199
239 -33.0452 -71.6199
949 -33.045 -71.6199
853 -33.0449 -71.6198
364 -33.0454 -71.619
652 -33.0454 -71.619
248 -33.0454 -71.6174
960 -33.0452 -71.619
416 -33.0449 -71.6198
140 -33.0449 -71.6198
393 -33.0457 -71.6169
908 -33.0467 -71.6161
545 -33.0466 -71.6161
451 -33.0467 -71.6147
946 -33.0465 -71.616
317 -33.0465 -71.616
666 -33.046 -71.616
96 -33.0458 -71.616
599 -33.0467 -71.6147
729 -33.0466 -71.6147
655 -33.0466 -71.6147
835 -33.0464 -71.6147
942 -33.0462 -71.6147
201 -33.0462 -71.6147
392 -33.0461 -71.6147
338 -33.0461 -71.6146
766 -33.0457 -71.6146
128 -33.0455 -71.6169
148 -33.0454 -71.616
385 -33.0453 -71.616
119 -33.0452 -71.6168
823 -33.0451 -71.6168
590 -33.0451 -71.6168
758 -33.045 -71.6168
133 -33.0451 -71.616
526 -33.0456 -71.6145
588 -33.0452 -71.6145
312 -33.0449 -71.6145
241 -33.0449 -71.6145
75 -33.0446 -71.6159
634 -33.0446 -71.6159
2 -33.0517 -71.6139
675 -33.0518 -71.6135
556 -33.0519 -71.6135
782 -33.0519 -71.6135
811 -33.0518 -71.6135
276 -33.0517 -71.6137
120 -33.0518 -71.6136
390 -33.0518 -71.6136
994 -33.0521 -71.6133
810 -33.052 -71.6118
772 -33.052 -71.6118
132 -33.0521 -71.6117
19 -33.0518 -71.612
505 -33.0518 -71.6132
192 -33.0518 -71.6131
790 -33.0516 -71.612
326 -33.0515 -71.612
298 -33.0512 -71.6131
874 -33.0512 -71.6131
866 -33.0512 -71.6131
686 -33.0507 -71.6131
238 -33.0507 -71.6131
26 -33.0504 -71.613
127 -33.0503 -71.613
463 -33.0511 -71.6122
521 -33.0512 -71.612
414 -33.0513 -71.6119
420 -33.0513 -71.6119
747 -33.0512 -71.612
72 -33.0512 -71.612
576 -33.0512 -71.6119
43 -33.0512 -71.6119
592 -33.0522 -71.6117
873 -33.0527 -71.6116
970 -33.053 -71.6116
98 -33.0531 -71.6116
83 -33.0526 -71.6117
922 -33.0523 -71.6117
917 -33.0515 -71.6115
523 -33.0512 -71.6114
354 -33.0526 -71.6103
579 -33.0523 -71.6098
368 -33.0522 -71.6096
467 -33.052 -71.6093
525 -33.0518 -71.6093
636 -33.0511 -71.61
469 -33.0512 -71.6099
591 -33.0513 -71.6098
513 -33.0511 -71.61
569 -33.0508 -71.6113
225 -33.0506 -71.6102
402 -33.0509 -71.6102
305 -33.0505 -71.6113
962 -33.0502 -71.6113
46 -33.0503 -71.6102
857 -33.0503 -71.6101
35 -33.0502 -71.6101
52 -33.051 -71.6101
400 -33.051 -71.6101
307 -33.0511 -71.61
274 -33.0505 -71.6092
773 -33.0502 -71.6101
190 -33.0502 -71.6092
937 -33.0502 -71.6101
51 -33.05 -71.613
642 -33.0499 -71.613
958 -33.0498 -71.6129
704 -33.0497 -71.6128
669 -33.0497 -71.6132
856 -33.0497 -71.6131
187 -33.0496 -71.6129
671 -33.0497 -71.6127
923 -33.0499 -71.6119
32 -33.0499 -71.6118
746 -33.05 -71.6115
626 -33.0499 -71.6119
316 -33.0498 -71.6122
158 -33.0498 -71.6122
137 -33.0498 -71.6121
349 -33.0496 -71.6133
321 -33.0496 -71.6136
480 -33.0496 -71.6136
882 -33.0496 -71.6134
762 -33.0496 -71.6137
319 -33.0496 -71.6137
229 -33.0496 -71.6137
199 -33.0496 -71.6137
284 -33.0496 -71.6134
404 -33.0489 -71.6121
182 -33.049 -71.612
398 -33.0491 -71.6116
351 -33.0489 -71.6129
97 -33.0487 -71.6129
14 -33.0489 -71.6129
622 -33.05 -71.6113
378 -33.0501 -71.6107
954 -33.0501 -71.6107
769 -33.0501 -71.6106
825 -33.0501 -71.6108
94 -33.0499 -71.6113
110 -33.0498 -71.6113
470 -33.05 -71.6111
662 -33.0501 -71.6106
555 -33.0502 -71.6103
472 -33.0502 -71.6102
422 -33.0502 -71.6101
944 -33.0502 -71.6103
219 -33.0501 -71.6105
674 -33.0496 -71.6099
740 -33.0499 -71.6091
733 -33.0496 -71.6112
173 -33.0494 -71.6112
840 -33.0494 -71.6112
846 -33.0492 -71.6112
214 -33.0491 -71.6112
571 -33.0491 -71.6112
167 -33.049 -71.6112
145 -33.049 -71.6112
29 -33.0489 -71.6112
261 -33.0494 -71.6099
843 -33.0495 -71.6098
984 -33.0495 -71.6097
981 -33.0489 -71.6112
15 -33.0488 -71.6112
603 -33.0487 -71.6098
282 -33.0499 -71.6091
528 -33.0526 -71.6082
291 -33.0522 -71.6082
474 -33.0522 -71.6081
677 -33.0522 -71.6083
619 -33.0518 -71.6091
925 -33.052 -71.6091
259 -33.0517 -71.609
300 -33.0524 -71.6081
808 -33.0521 -71.6081
748 -33.0523 -71.6081
175 -33.0522 -71.6075
491 -33.0519 -71.6076
331 -33.0518 -71.6081
281 -33.0519 -71.6081
63 -33.0518 -71.6076
886 -33.0517 -71.6076
237 -33.0517 -71.609
967 -33.0516 -71.6089
154 -33.0515 -71.6089
384 -33.0513 -71.6086
563 -33.0512 -71.6086
209 -33.051 -71.6086
366 -33.051 -71.6086
627 -33.0509 -71.6085
419 -33.0516 -71.6082
112 -33.0517 -71.6075
876 -33.0515 -71.6075
927 -33.0513 -71.6075
672 -33.051 -71.6085
196 -33.0511 -71.6085
751 -33.0513 -71.6083
768 -33.0522 -71.6074
280 -33.0521 -71.6071
159 -33.0521 -71.607
606 -33.052 -71.6069
679 -33.052 -71.6068
903 -33.0519 -71.6067
311 -33.0519 -71.6065
303 -33.0518 -71.6065
581 -33.0518 -71.6065
332 -33.0517 -71.6062
147 -33.0517 -71.605
441 -33.0526 -71.6049
499 -33.0517 -71.6061
79 -33.0517 -71.606
40 -33.0516 -71.606
870 -33.0516 -71.6052
506 -33.0516 -71.606
558 -33.0513 -71.6067
929 -33.0513 -71.6059
461 -33.0516 -71.6058
411 -33.0513 -71.6059
129 -33.0512 -71.6067
221 -33.051 -71.6062
212 -33.051 -71.6058
705 -33.051 -71.6058
527 -33.0515 -71.6058
223 -33.0514 -71.6056
473 -33.0514 -71.6055
858 -33.0512 -71.6052
551 -33.051 -71.6051
90 -33.051 -71.6051
335 -33.0509 -71.6067
977 -33.0509 -71.6085
362 -33.0508 -71.6085
454 -33.0508 -71.6085
452 -33.0508 -71.6085
535 -33.0504 -71.6091
613 -33.0504 -71.609
61 -33.0504 -71.6085
12 -33.0503 -71.6085
934 -33.0508 -71.6074
512 -33.0507 -71.6073
11 -33.0507 -71.6073
510 -33.0506 -71.6073
797 -33.0506 -71.6073
296 -33.0506 -71.6073
848 -33.0505 -71.6073
912 -33.05 -71.6084
676 -33.0498 -71.6084
424 -33.0498 -71.6084
888 -33.0497 -71.6084
723 -33.0496 -71.6091
503 -33.049 -71.6091
7 -33.0494 -71.6084
833 -33.0493 -71.6083
478 -33.0493 -71.6083
438 -33.0499 -71.6072
138 -33.0495 -71.6071
228 -33.0491 -71.607
753 -33.049 -71.607
49 -33.0489 -71.6083
715 -33.0489 -71.6083
62 -33.0489 -71.6069
657 -33.0509 -71.6067
645 -33.0508 -71.6057
168 -33.0508 -71.6057
700 -33.0508 -71.6066
285 -33.0507 -71.6066
477 -33.0505 -71.6066
918 -33.0503 -71.6056
878 -33.0502 -71.6056
980 -33.0506 -71.605
924 -33.0506 -71.605
489 -33.0505 -71.6049
156 -33.0503 -71.6048
540 -33.0503 -71.6048
73 -33.0501 -71.6047
557 -33.05 -71.6046
458 -33.05 -71.6055
664 -33.0499 -71.6055
593 -33.0498 -71.6054
78 -33.0498 -71.6054
421 -33.0497 -71.6054
350 -33.0488 -71.6069
227 -33.0496 -71.6053
381 -33.0495 -71.6053
532 -33.0495 -71.6053
706 -33.0496 -71.6043
620 -33.0489 -71.6035
169 -33.049 -71.6035
502 -33.0488 -71.6046
752 -33.0487 -71.6045
966 -33.0487 -71.6044
181 -33.0487 -71.6044
745 -33.0485 -71.6138
252 -33.0485 -71.6137
577 -33.0485 -71.6136
197 -33.0484 -71.6129
310 -33.0477 -71.613
776 -33.0477 -71.6129
272 -33.0478 -71.6129
405 -33.0484 -71.6129
105 -33.0484 -71.6129
907 -33.0484 -71.6129
916 -33.0482 -71.6128
387 -33.048 -71.6128
446 -33.0479 -71.6128
23 -33.048 -71.6128
423 -33.0477 -71.6128
403 -33.0476 -71.6127
309 -33.0474 -71.6137
986 -33.0475 -71.6134
410 -33.0475 -71.6134
567 -33.0472 -71.6134
759 -33.0471 -71.6133
616 -33.0471 -71.6133
781 -33.047 -71.6133
552 -33.0469 -71.6133
386 -33.0476 -71.6133
143 -33.0476 -71.6133
806 -33.0476 -71.6132
208 -33.0469 -71.6133
202 -33.0467 -71.6133
615 -33.0467 -71.6133
104 -33.0466 -71.6132
245 -33.0474 -71.6127
741 -33.0486 -71.6112
236 -33.0485 -71.6111
832 -33.0485 -71.6111
294 -33.0482 -71.6114
813 -33.0478 -71.6126
371 -33.0479 -71.6124
997 -33.0481 -71.6118
909 -33.0484 -71.6111
952 -33.0486 -71.6098
468 -33.0485 -71.6098
126 -33.0485 -71.6098
757 -33.0482 -71.6098
789 -33.0481 -71.6111
736 -33.048 -71.6111
357 -33.0478 -71.6111
230 -33.0476 -71.611
247 -33.0474 -71.6127
691 -33.0474 -71.6127
359 -33.047 -71.6127
171 -33.0469 -71.6126
151 -33.0468 -71.6126
102 -33.0467 -71.6126
108 -33.0467 -71.6126
711 -33.0466 -71.6126
611 -33.0473 -71.6119
347 -33.0474 -71.611
670 -33.0473 -71.611
742 -33.0473 -71.611
905 -33.0469 -71.6109
397 -33.0466 -71.6109
200 -33.0466 -71.6125
837 -33.0465 -71.6132
630 -33.0462 -71.6131
725 -33.0462 -71.6131
584 -33.0462 -71.6131
877 -33.0461 -71.6131
330 -33.0459 -71.6131
517 -33.0457 -71.613
744 -33.0457 -71.613
70 -33.0462 -71.6124
490 -33.0462 -71.6124
37 -33.0461 -71.6124
135 -33.046 -71.6124
87 -33.046 -71.6124
45 -33.0459 -71.6123
265 -33.0458 -71.6123
969 -33.0456 -71.613
898 -33.0454 -71.613
739 -33.0453 -71.613
902 -33.0453 -71.613
915 -33.0452 -71.6129
749 -33.0448 -71.6129
996 -33.0448 -71.6129
964 -33.0441 -71.6123
985 -33.0442 -71.6123
585 -33.0456 -71.6122
100 -33.045 -71.6121
621 -33.0447 -71.612
659 -33.0444 -71.612
24 -33.0442 -71.612
186 -33.0444 -71.612
798 -33.0445 -71.6114
720 -33.0465 -71.6109
875 -33.0462 -71.6108
264 -33.0461 -71.6108
667 -33.046 -71.6108
275 -33.045 -71.6109
449 -33.045 -71.6108
289 -33.0459 -71.6108
344 -33.0447 -71.6105
193 -33.0459 -71.6098
121 -33.0449 -71.6098
215 -33.0464 -71.6098
650 -33.0448 -71.6098
39 -33.0447 -71.6103
995 -33.0447 -71.6102
47 -33.0447 -71.61
28 -33.0447 -71.61
824 -33.0447 -71.6109
663 -33.0447 -71.6107
928 -33.0446 -71.6106
494 -33.0446 -71.6105
486 -33.0446 -71.6113
814 -33.0446 -71.6111
459 -33.0446 -71.6105
3 -33.0446 -71.6104
702 -33.0446 -71.6103
249 -33.0445 -71.6102
865 -33.0445 -71.6099
33 -33.0445 -71.6102
288 -33.0444 -71.6101
4 -33.0443 -71.61
22 -33.0484 -71.6098
681 -33.0483 -71.6098
575 -33.0483 -71.6098
183 -33.0483 -71.6091
653 -33.048 -71.6098
990 -33.048 -71.6098
885 -33.0479 -71.6098
211 -33.048 -71.6091
324 -33.0478 -71.6091
601 -33.0485 -71.6082
256 -33.0485 -71.6082
595 -33.0484 -71.6082
224 -33.0484 -71.6082
785 -33.0477 -71.609
600 -33.0477 -71.6082
89 -33.0483 -71.6081
343 -33.0476 -71.6082
861 -33.0476 -71.6098
845 -33.0475 -71.6098
243 -33.0475 -71.6098
821 -33.0475 -71.609
395 -33.0469 -71.6098
16 -33.0475 -71.6098
172 -33.0474 -71.6098
406 -33.047 -71.609
204 -33.0476 -71.6082
328 -33.0476 -71.6082
836 -33.0475 -71.6082
714 -33.0474 -71.6082
136 -33.0474 -71.6082
734 -33.0473 -71.6082
951 -33.0473 -71.6082
771 -33.047 -71.6081
863 -33.0478 -71.6075
471 -33.0478 -71.6067
690 -33.0482 -71.6066
369 -33.0477 -71.6067
957 -33.0474 -71.6068
56 -33.0476 -71.6067
460 -33.0477 -71.6067
815 -33.0485 -71.6041
673 -33.0484 -71.6039
382 -33.0484 -71.6039
770 -33.0484 -71.6039
293 -33.0483 -71.6038
99 -33.0481 -71.6039
788 -33.0482 -71.6039
244 -33.048 -71.6031
624 -33.0474 -71.6068
498 -33.0474 -71.6071
233 -33.0474 -71.6068
365 -33.0474 -71.6068
325 -33.0473 -71.6065
607 -33.047 -71.6081
185 -33.0471 -71.6068
437 -33.0473 -71.6068
91 -33.0472 -71.606
287 -33.0472 -71.6059
536 -33.047 -71.6048
564 -33.047 -71.6043
122 -33.047 -71.604
1 -33.047 -71.6046
358 -33.0469 -71.6044
235 -33.0469 -71.6081
8 -33.0467 -71.6098
68 -33.0468 -71.6081
417 -33.0467 -71.6081
125 -33.0466 -71.6081
707 -33.0466 -71.609
623 -33.046 -71.6089
306 -33.0466 -71.6081
71 -33.0466 -71.6081
82 -33.0466 -71.6081
738 -33.0466 -71.6081
203 -33.0463 -71.607
975 -33.0463 -71.607
544 -33.046 -71.6081
839 -33.0459 -71.6071
339 -33.046 -71.6071
562 -33.0459 -71.608
625 -33.0458 -71.608
867 -33.0455 -71.608
566 -33.045 -71.608
429 -33.0448 -71.608
695 -33.0442 -71.6093
353 -33.0442 -71.6093
54 -33.0442 -71.6089
270 -33.0449 -71.6079
149 -33.0456 -71.6071
895 -33.0456 -71.6071
308 -33.0456 -71.607
194 -33.0454 -71.6071
914 -33.0446 -71.6078
21 -33.0453 -71.6071
59 -33.0445 -71.607
658 -33.0466 -71.6069
103 -33.0466 -71.6069
534 -33.0466 -71.6069
993 -33.0465 -71.607
232 -33.0463 -71.6067
791 -33.0463 -71.6066
906 -33.0462 -71.606
508 -33.0462 -71.6059
628 -33.0465 -71.6045
388 -33.0466 -71.6045
65 -33.0469 -71.6044
913 -33.0464 -71.6046
826 -33.0461 -71.6047
492 -33.0462 -71.6043
30 -33.0464 -71.6042
896 -33.0459 -71.6048
161 -33.0456 -71.607
989 -33.0456 -71.6069
617 -33.0456 -71.6066
717 -33.0455 -71.6063
380 -33.0444 -71.6069
618 -33.0444 -71.6067
162 -33.0437 -71.6062
533 -33.043 -71.6061
568 -33.0454 -71.6058
514 -33.0456 -71.6045
800 -33.0459 -71.6044
188 -33.0454 -71.6058
346 -33.0453 -71.6053
559 -33.0451 -71.6048
