978 -33.0577 -71.6179
367 -33.058 -71.6177
189 -33.058 -71.6177
549 -33.057 -71.6183
301 -33.0561 -71.618
754 -33.0556 -71.6179
698 -33.0556 -71.6179
42 -33.0556 -71.617
475 -33.0594 -71.6167
255 -33.0562 -71.616
279 -33.0562 -71.616
376 -33.0559 -71.6163
134 -33.0557 -71.6165
816 -33.0558 -71.6164
881 -33.0558 -71.6164
542 -33.0556 -71.6171
589 -33.0552 -71.6216
455 -33.0555 -71.6179
809 -33.0553 -71.6179
786 -33.0552 -71.6214
598 -33.0551 -71.6217
829 -33.0551 -71.6213
979 -33.0551 -71.6211
760 -33.0553 -71.6179
373 -33.0554 -71.6175
69 -33.0556 -71.6172
361 -33.0556 -71.6171
587 -33.0553 -71.6177
919 -33.0551 -71.6178
216 -33.0553 -71.6177
271 -33.0553 -71.6176
123 -33.0562 -71.616
726 -33.0562 -71.6159
370 -33.0562 -71.6159
955 -33.0562 -71.6159
408 -33.0562 -71.6159
107 -33.056 -71.616
602 -33.056 -71.616
251 -33.0561 -71.6157
537 -33.0561 -71.6157
945 -33.0588 -71.6153
127 -33.0562 -71.6151
18 -33.0563 -71.6151
963 -33.0562 -71.6152
476 -33.0561 -71.6157
822 -33.0561 -71.6152
582 -33.0561 -71.6152
743 -33.056 -71.6155
693 -33.056 -71.6159
520 -33.0559 -71.6159
762 -33.056 -71.6158
269 -33.0558 -71.6159
146 -33.0556 -71.6159
442 -33.0555 -71.6159
580 -33.0555 -71.6159
150 -33.0551 -71.6158
389 -33.056 -71.6155
407 -33.056 -71.6154
450 -33.056 -71.6153
105 -33.0553 -71.6154
405 -33.0553 -71.6154
907 -33.0553 -71.6154
456 -33.055 -71.6179
25 -33.0549 -71.6219
883 -33.055 -71.6208
109 -33.0549 -71.6207
987 -33.0549 -71.622
409 -33.0545 -71.6227
92 -33.0548 -71.6221
710 -33.0548 -71.6221
217 -33.0548 -71.6205
697 -33.0548 -71.6205
479 -33.0548 -71.6204
53 -33.0547 -71.6203
961 -33.0547 -71.6203
313 -33.0546 -71.6202
940 -33.0544 -71.6201
176 -33.0544 -71.6201
66 -33.0543 -71.62
849 -33.0543 -71.6236
629 -33.0543 -71.6233
550 -33.0543 -71.62
142 -33.0542 -71.62
85 -33.0542 -71.62
647 -33.0541 -71.6199
115 -33.054 -71.6199
5 -33.054 -71.6199
796 -33.054 -71.6199
497 -33.054 -71.6199
890 -33.054 -71.6199
226 -33.0539 -71.6198
703 -33.0539 -71.6198
38 -33.0538 -71.6197
315 -33.0538 -71.6197
500 -33.0537 -71.6197
844 -33.0549 -71.6184
838 -33.0549 -71.6184
761 -33.0549 -71.6183
377 -33.0548 -71.6186
210 -33.0548 -71.6187
973 -33.0548 -71.6184
198 -33.0548 -71.6184
434 -33.0549 -71.6183
803 -33.055 -71.618
355 -33.055 -71.618
641 -33.055 -71.6158
341 -33.055 -71.6182
488 -33.0548 -71.6157
819 -33.0548 -71.6157
446 -33.0549 -71.6151
713 -33.0548 -71.6184
179 -33.0544 -71.6189
495 -33.054 -71.6184
547 -33.0544 -71.6184
166 -33.054 -71.6184
327 -33.0537 -71.6197
880 -33.054 -71.6189
323 -33.0539 -71.6184
466 -33.0544 -71.6184
891 -33.0546 -71.6184
775 -33.0547 -71.6184
290 -33.0546 -71.6172
767 -33.0546 -71.6184
730 -33.054 -71.6156
546 -33.0538 -71.6156
765 -33.0564 -71.615
561 -33.0582 -71.615
483 -33.0579 -71.615
297 -33.0583 -71.6149
531 -33.0578 -71.615
501 -33.0578 -71.615
774 -33.0577 -71.6149
994 -33.0577 -71.6149
482 -33.0589 -71.6147
976 -33.0589 -71.6146
118 -33.0591 -71.6145
948 -33.0582 -71.6142
991 -33.0582 -71.6137
124 -33.0574 -71.6144
560 -33.0574 -71.6142
842 -33.0574 -71.6142
464 -33.0574 -71.6149
608 -33.0573 -71.6149
950 -33.0573 -71.6149
640 -33.0573 -71.6149
20 -33.0573 -71.6148
413 -33.0564 -71.615
686 -33.0565 -71.6149
869 -33.0572 -71.6148
60 -33.0571 -71.6148
879 -33.0571 -71.6148
818 -33.0571 -71.6148
467 -33.0572 -71.6136
286 -33.057 -71.6148
668 -33.0567 -71.6148
646 -33.0569 -71.6147
57 -33.0568 -71.6147
619 -33.0571 -71.6135
354 -33.0584 -71.613
43 -33.0584 -71.613
576 -33.0585 -71.613
747 -33.0584 -71.613
872 -33.0581 -71.6134
521 -33.0581 -71.6133
917 -33.058 -71.613
414 -33.0586 -71.613
326 -33.0588 -71.6129
790 -33.0589 -71.6129
19 -33.0591 -71.6129
420 -33.0586 -71.613
579 -33.058 -71.613
368 -33.0578 -71.6129
523 -33.0576 -71.6129
298 -33.0573 -71.6128
238 -33.0571 -71.6127
967 -33.057 -71.6127
237 -33.057 -71.6127
305 -33.0568 -71.6126
154 -33.0567 -71.6133
962 -33.0565 -71.6132
591 -33.0563 -71.6131
209 -33.0565 -71.6124
563 -33.0565 -71.6124
642 -33.0564 -71.6124
51 -33.0564 -71.6124
366 -33.0563 -71.6124
307 -33.0563 -71.6124
751 -33.0563 -71.6124
627 -33.0563 -71.6124
61 -33.0555 -71.6131
175 -33.0558 -71.6131
636 -33.0562 -71.6131
571 -33.0553 -71.6131
773 -33.0552 -71.6131
274 -33.0552 -71.6131
424 -33.0549 -71.613
14 -33.0553 -71.6124
29 -33.0553 -71.6124
15 -33.0552 -71.6124
351 -33.0554 -71.6124
676 -33.0551 -71.6124
295 -33.0551 -71.6124
303 -33.0551 -71.6124
197 -33.0549 -71.6124
909 -33.0549 -71.6124
403 -33.0546 -71.6149
423 -33.0546 -71.6149
512 -33.0547 -71.6128
145 -33.0544 -71.6148
171 -33.054 -71.6145
611 -33.0538 -71.6144
711 -33.0537 -71.6144
7 -33.0547 -71.6128
674 -33.0548 -71.6124
848 -33.0547 -71.6124
916 -33.0547 -71.6124
797 -33.0546 -71.6127
506 -33.0545 -71.6126
40 -33.0545 -71.6126
214 -33.0554 -71.6124
958 -33.0563 -71.6124
52 -33.0562 -71.6124
402 -33.0561 -71.6123
927 -33.0555 -71.6124
679 -33.0555 -71.6124
35 -33.0555 -71.6124
789 -33.0545 -71.6123
577 -33.0545 -71.6123
452 -33.056 -71.6123
733 -33.0559 -71.6123
173 -33.0558 -71.6123
12 -33.0557 -71.6123
387 -33.0545 -71.6123
480 -33.0556 -71.6123
224 -33.0545 -71.6122
23 -33.0545 -71.6123
252 -33.0544 -71.6123
272 -33.0542 -71.6123
212 -33.0543 -71.6122
49 -33.0542 -71.6123
310 -33.054 -71.6122
160 -33.054 -71.6122
998 -33.0539 -71.6122
649 -33.0539 -71.6122
603 -33.0544 -71.6122
347 -33.0538 -71.6122
601 -33.0544 -71.6122
386 -33.0537 -71.6122
986 -33.0537 -71.6122
742 -33.0537 -71.6122
687 -33.0536 -71.6185
678 -33.0536 -71.6196
930 -33.0535 -71.619
177 -33.0535 -71.6189
253 -33.0535 -71.619
260 -33.0535 -71.6195
487 -33.0535 -71.6192
266 -33.0535 -71.6191
632 -33.053 -71.6187
431 -33.0535 -71.6185
831 -33.0536 -71.6185
448 -33.0536 -71.6185
340 -33.0535 -71.6186
399 -33.0535 -71.6187
262 -33.0535 -71.6187
116 -33.0535 -71.6186
727 -33.053 -71.6187
614 -33.053 -71.6187
250 -33.0529 -71.6187
17 -33.0528 -71.6187
393 -33.0528 -71.6187
101 -33.0501 -71.6204
163 -33.0526 -71.6187
852 -33.0526 -71.6187
830 -33.0526 -71.6187
504 -33.0526 -71.6187
128 -33.0526 -71.6186
111 -33.0525 -71.6186
144 -33.0524 -71.6186
597 -33.0523 -71.6186
412 -33.0521 -71.6185
859 -33.0517 -71.6184
999 -33.0516 -71.6184
904 -33.0514 -71.6184
364 -33.0514 -71.6184
908 -33.0533 -71.6162
130 -33.051 -71.6182
165 -33.051 -71.6182
983 -33.0506 -71.618
10 -33.0506 -71.618
946 -33.0531 -71.6161
860 -33.0527 -71.6159
565 -33.0527 -71.6159
320 -33.0526 -71.6158
795 -33.0524 -71.6156
148 -33.0522 -71.6157
430 -33.0521 -71.6156
385 -33.052 -71.6156
949 -33.0506 -71.618
692 -33.0503 -71.6158
900 -33.0502 -71.6158
712 -33.0501 -71.6157
416 -33.0497 -71.6159
170 -33.0495 -71.6162
889 -33.0496 -71.616
573 -33.0496 -71.616
529 -33.0501 -71.6157
652 -33.0505 -71.6157
174 -33.0505 -71.6157
273 -33.0505 -71.6157
453 -33.0499 -71.6157
263 -33.0499 -71.6157
239 -33.0498 -71.6157
333 -33.0495 -71.6162
633 -33.0494 -71.6187
447 -33.0494 -71.6185
34 -33.0492 -71.6183
764 -33.0485 -71.6182
360 -33.0484 -71.6187
80 -33.0485 -71.6184
485 -33.0485 -71.6183
935 -33.0491 -71.6182
493 -33.049 -71.6181
484 -33.0486 -71.6179
732 -33.0488 -71.6178
427 -33.0486 -71.6179
509 -33.0485 -71.6181
583 -33.0486 -71.6181
911 -33.0486 -71.618
718 -33.0483 -71.6187
802 -33.0481 -71.6193
277 -33.0481 -71.6193
322 -33.0481 -71.6192
139 -33.048 -71.6193
205 -33.048 -71.6194
820 -33.048 -71.6193
938 -33.048 -71.6193
735 -33.0481 -71.6192
988 -33.0482 -71.6191
222 -33.0482 -71.619
516 -33.0482 -71.619
696 -33.0482 -71.6191
220 -33.0473 -71.6181
784 -33.0473 -71.6181
644 -33.0487 -71.6178
708 -33.0495 -71.6177
605 -33.0494 -71.6165
155 -33.0494 -71.6164
511 -33.0492 -71.6176
763 -33.0492 -71.6165
794 -33.0492 -71.6165
157 -33.0491 -71.6165
639 -33.0494 -71.6164
113 -33.0495 -71.6163
901 -33.0492 -71.616
283 -33.0492 -71.6158
799 -33.0491 -71.6161
716 -33.0491 -71.6164
694 -33.0491 -71.6164
383 -33.0491 -71.6163
635 -33.0489 -71.6169
55 -33.0487 -71.6175
530 -33.0488 -71.6172
152 -33.0488 -71.6172
755 -33.0487 -71.6176
9 -33.0487 -71.6178
982 -33.0474 -71.6178
939 -33.0487 -71.6178
722 -33.0488 -71.6172
610 -33.0488 -71.6172
724 -33.0479 -71.6162
968 -33.048 -71.6158
827 -33.0478 -71.6165
88 -33.0476 -71.6172
643 -33.0477 -71.6168
93 -33.0523 -71.6156
254 -33.0536 -71.6155
292 -33.0535 -71.6155
117 -33.0535 -71.6155
992 -33.0533 -71.6155
756 -33.052 -71.6156
812 -33.0533 -71.6155
787 -33.053 -71.6155
892 -33.0532 -71.6155
721 -33.0531 -71.6155
864 -33.053 -71.6155
545 -33.053 -71.6155
585 -33.0528 -71.6137
835 -33.0526 -71.6136
739 -33.0524 -71.6135
100 -33.0523 -71.6134
783 -33.0519 -71.6156
496 -33.0513 -71.6156
75 -33.0513 -71.6156
195 -33.0512 -71.6156
304 -33.051 -71.6156
191 -33.0505 -71.6156
106 -33.0508 -71.6156
574 -33.0508 -71.6155
688 -33.0508 -71.6155
749 -33.0519 -71.6132
659 -33.0517 -71.6131
24 -33.0512 -71.6131
850 -33.0507 -71.6155
884 -33.0506 -71.6155
13 -33.0505 -71.6155
572 -33.0505 -71.6155
964 -33.0512 -71.6131
309 -33.0535 -71.6122
996 -33.0511 -71.6122
151 -33.0533 -71.6122
180 -33.0511 -71.6123
588 -33.0511 -71.6126
186 -33.0511 -71.6124
805 -33.0511 -71.6124
759 -33.0533 -71.6121
905 -33.0532 -71.6121
102 -33.0532 -71.6121
108 -33.0531 -71.6121
208 -33.053 -71.6121
200 -33.053 -71.6121
202 -33.0529 -71.6121
615 -33.0528 -71.6121
894 -33.0511 -71.6127
494 -33.0508 -71.6131
278 -33.0507 -71.6131
27 -33.0507 -71.6131
74 -33.0506 -71.6131
683 -33.0505 -71.613
133 -33.0504 -71.613
345 -33.0504 -71.613
401 -33.0502 -71.613
920 -33.0511 -71.6129
666 -33.0511 -71.6128
638 -33.0511 -71.6127
240 -33.0498 -71.6121
425 -33.0498 -71.6122
363 -33.0498 -71.6122
828 -33.0498 -71.6123
868 -33.0494 -71.6146
36 -33.0494 -71.6146
394 -33.0494 -71.6146
897 -33.0493 -71.6149
206 -33.0493 -71.6154
318 -33.0493 -71.615
213 -33.0493 -71.6149
660 -33.0494 -71.6146
612 -33.0495 -71.614
432 -33.0496 -71.6137
302 -33.0496 -71.6137
586 -33.0495 -71.6143
631 -33.0494 -71.6145
834 -33.0494 -71.6144
854 -33.0494 -71.6144
440 -33.0492 -71.6156
933 -33.0483 -71.6148
348 -33.0483 -71.6147
81 -33.0483 -71.6147
48 -33.0483 -71.6149
793 -33.0481 -71.6156
972 -33.0481 -71.6156
553 -33.0482 -71.6149
604 -33.0483 -71.6146
862 -33.0485 -71.6139
50 -33.0485 -71.6137
435 -33.0485 -71.6137
941 -33.0485 -71.6139
853 -33.0484 -71.614
140 -33.0485 -71.614
374 -33.0496 -71.6137
0 -33.0497 -71.613
758 -33.0498 -71.6129
337 -33.0497 -71.6129
637 -33.0497 -71.6132
462 -33.0496 -71.6136
77 -33.0496 -71.6135
780 -33.0496 -71.6133
353 -33.0496 -71.6129
457 -33.0498 -71.6125
956 -33.0498 -71.6125
481 -33.0498 -71.6123
234 -33.0497 -71.6128
44 -33.0496 -71.6129
701 -33.0497 -71.6128
680 -33.0497 -71.6128
54 -33.0493 -71.6129
541 -33.0486 -71.6134
436 -33.0486 -71.6133
519 -33.0487 -71.6131
778 -33.0486 -71.6134
314 -33.0486 -71.6135
84 -33.0486 -71.6134
855 -33.0486 -71.6134
218 -33.0487 -71.6131
31 -33.0492 -71.6129
851 -33.049 -71.6129
538 -33.0489 -71.6122
648 -33.0489 -71.6123
960 -33.0487 -71.613
515 -33.0488 -71.6126
645 -33.0544 -71.6121
970 -33.059 -71.6105
748 -33.0574 -71.61
259 -33.0571 -71.6099
384 -33.0566 -71.61
26 -33.0557 -71.6104
569 -33.0559 -71.6103
866 -33.0562 -71.6102
72 -33.0571 -71.6099
463 -33.057 -71.6098
132 -33.0577 -71.6092
535 -33.0567 -71.6087
886 -33.0565 -71.6096
606 -33.0564 -71.6096
876 -33.0563 -71.6095
874 -33.0556 -71.6093
558 -33.0556 -71.6094
89 -33.0544 -71.6121
551 -33.0544 -71.612
575 -33.0544 -71.612
22 -33.0543 -71.6119
228 -33.0542 -71.6117
600 -33.0541 -71.6116
885 -33.0541 -71.6115
2 -33.0548 -71.6104
190 -33.0552 -71.6104
187 -33.0549 -71.6104
510 -33.0555 -71.6094
136 -33.0546 -71.6085
951 -33.0545 -71.6085
471 -33.0545 -71.6085
502 -33.0544 -71.6085
981 -33.0544 -71.6085
167 -33.0546 -71.6085
836 -33.0547 -71.6085
126 -33.0547 -71.6085
714 -33.0546 -71.6085
757 -33.0544 -71.6085
398 -33.0544 -71.6085
785 -33.0544 -71.6085
468 -33.0547 -71.6084
137 -33.0548 -71.6084
158 -33.0548 -71.6084
952 -33.0549 -71.6083
690 -33.0548 -71.6084
328 -33.0548 -71.6084
846 -33.0548 -71.6084
316 -33.0548 -71.6084
671 -33.0544 -71.6085
966 -33.0544 -71.6085
460 -33.0543 -71.6085
752 -33.0543 -71.6085
704 -33.0543 -71.6085
56 -33.0543 -71.6085
741 -33.0542 -71.6085
369 -33.0543 -71.6085
653 -33.0542 -71.6085
236 -33.0542 -71.6085
990 -33.0542 -71.6085
815 -33.0541 -71.6085
182 -33.0541 -71.6085
856 -33.0541 -71.6085
404 -33.0541 -71.6085
832 -33.054 -71.6085
204 -33.054 -71.6114
211 -33.054 -71.6114
343 -33.054 -71.6114
863 -33.054 -71.6113
143 -33.0538 -71.6113
324 -33.0539 -71.6112
593 -33.0538 -71.6112
734 -33.0538 -71.6112
821 -33.0538 -71.6112
861 -33.0539 -71.6111
97 -33.054 -71.6105
415 -33.0537 -71.6109
421 -33.0537 -71.6111
268 -33.0537 -71.6108
745 -33.0537 -71.6108
681 -33.0536 -71.6105
141 -33.0536 -71.6114
227 -33.0535 -71.6111
607 -33.0535 -71.6111
771 -33.0535 -71.6111
931 -33.0533 -71.6115
943 -33.0533 -71.6114
936 -33.0534 -71.6114
498 -33.0534 -71.611
235 -33.0534 -71.611
299 -33.0534 -71.6103
390 -33.0533 -71.6088
68 -33.0533 -71.611
578 -33.0533 -71.6098
120 -33.0533 -71.6089
782 -33.0533 -71.6088
365 -33.054 -71.6085
669 -33.0539 -71.6085
624 -33.0539 -71.6085
349 -33.0539 -71.6085
71 -33.0537 -71.6085
192 -33.0538 -71.6085
673 -33.0539 -71.6085
770 -33.0538 -71.6085
125 -33.0538 -71.6085
417 -33.0539 -71.6085
284 -33.0538 -71.6085
505 -33.0538 -71.6085
882 -33.0537 -71.6085
845 -33.0537 -71.6085
243 -33.0537 -71.6085
325 -33.0537 -71.6085
172 -33.0536 -71.6085
199 -33.0536 -71.6085
294 -33.0536 -71.6085
321 -33.0536 -71.6085
556 -33.0534 -71.6088
811 -33.0534 -71.6088
675 -33.0534 -71.6088
319 -33.0536 -71.6085
229 -33.0536 -71.6085
16 -33.0536 -71.6085
736 -33.0536 -71.6085
788 -33.0536 -71.6085
357 -33.0534 -71.6085
997 -33.0534 -71.6085
840 -33.0549 -71.6083
977 -33.0579 -71.6082
362 -33.0578 -71.6082
581 -33.058 -71.6081
454 -33.0578 -71.6082
332 -33.0577 -71.6082
499 -33.0577 -71.6081
79 -33.0576 -71.6081
934 -33.0576 -71.6081
528 -33.059 -71.6079
925 -33.0585 -71.6079
280 -33.0586 -71.6079
159 -33.0585 -71.6079
672 -33.0581 -71.6081
469 -33.0575 -71.6081
903 -33.0582 -71.6081
11 -33.0575 -71.6081
461 -33.0573 -71.6081
400 -33.0573 -71.6081
335 -33.0573 -71.608
929 -33.0572 -71.608
657 -33.0572 -71.608
700 -33.0571 -71.608
473 -33.0571 -71.608
285 -33.057 -71.608
912 -33.057 -71.608
705 -33.057 -71.608
225 -33.0567 -71.608
858 -33.0567 -71.608
438 -33.0567 -71.608
168 -33.0566 -71.608
888 -33.0566 -71.608
419 -33.0586 -71.6079
808 -33.0591 -71.6076
474 -33.0592 -71.6076
300 -33.0595 -71.6076
677 -33.0591 -71.6077
63 -33.0586 -71.6079
281 -33.0589 -71.6078
112 -33.0584 -71.6067
525 -33.0581 -71.6066
331 -33.0587 -71.6066
291 -33.0591 -71.6065
441 -33.0595 -71.6045
147 -33.0586 -71.6041
491 -33.0586 -71.6066
90 -33.0578 -71.6045
870 -33.0585 -71.6042
311 -33.0578 -71.6068
223 -33.057 -71.607
411 -33.0571 -71.607
513 -33.0572 -71.6069
613 -33.057 -71.6074
83 -33.0566 -71.6072
873 -33.0567 -71.6072
477 -33.0568 -71.6072
527 -33.0572 -71.6069
129 -33.0573 -71.6069
768 -33.0576 -71.6049
924 -33.0575 -71.6048
296 -33.0573 -71.6069
221 -33.0572 -71.6047
196 -33.0567 -71.6046
740 -33.0566 -71.608
46 -33.0565 -71.608
282 -33.0565 -71.608
422 -33.0564 -71.608
555 -33.0564 -71.608
833 -33.0564 -71.608
138 -33.0564 -71.608
944 -33.0563 -71.608
478 -33.0563 -71.608
592 -33.0563 -71.608
810 -33.0562 -71.608
918 -33.0562 -71.608
219 -33.0562 -71.6079
980 -33.0561 -71.6079
772 -33.0561 -71.6079
878 -33.0561 -71.6079
723 -33.0561 -71.6079
32 -33.055 -71.6082
746 -33.0553 -71.608
110 -33.0554 -71.608
706 -33.055 -71.6082
183 -33.055 -71.6083
923 -33.055 -71.6083
626 -33.055 -71.6082
94 -33.0554 -71.608
540 -33.0557 -71.6079
662 -33.0561 -71.6079
489 -33.056 -71.6079
557 -33.0555 -71.6079
532 -33.0554 -71.608
381 -33.0554 -71.6079
715 -33.0559 -71.6079
458 -33.0559 -71.6079
378 -33.0558 -71.6079
753 -33.0558 -71.6079
664 -33.0558 -71.6079
470 -33.0558 -71.6079
156 -33.0557 -71.6078
73 -33.0556 -71.6078
984 -33.0557 -71.6077
472 -33.0563 -71.6074
857 -33.0563 -71.6074
922 -33.0565 -71.6073
78 -33.0563 -71.6044
825 -33.0558 -71.6077
954 -33.0559 -71.6076
769 -33.056 -71.6076
62 -33.0556 -71.6078
350 -33.0556 -71.6078
503 -33.0556 -71.6078
843 -33.0556 -71.6078
261 -33.0555 -71.6079
622 -33.0555 -71.6079
595 -33.0543 -71.6054
98 -33.0544 -71.6053
256 -33.0545 -71.6053
937 -33.0551 -71.605
169 -33.0553 -71.6044
620 -33.0553 -71.6044
293 -33.0545 -71.6046
957 -33.0534 -71.6047
99 -33.0544 -71.6046
375 -33.0533 -71.6084
334 -33.0527 -71.6121
70 -33.0527 -71.6121
837 -33.0526 -71.6121
801 -33.0524 -71.6121
661 -33.0524 -71.6121
87 -33.0524 -71.6121
725 -33.0523 -71.612
356 -33.0531 -71.6115
391 -33.0531 -71.6115
433 -33.0532 -71.6115
437 -33.0531 -71.6109
738 -33.0531 -71.6109
233 -33.0531 -71.6109
82 -33.0531 -71.6109
306 -33.0531 -71.6109
877 -33.0522 -71.612
265 -33.0522 -71.612
599 -33.052 -71.612
655 -33.0519 -71.612
201 -33.0516 -71.612
621 -33.0512 -71.6121
942 -33.0515 -71.612
392 -33.0515 -71.612
902 -33.0514 -71.612
517 -33.0518 -71.6118
744 -33.0518 -71.6118
372 -33.0522 -71.6117
336 -33.0515 -71.6119
275 -33.0512 -71.6119
915 -33.0513 -71.6119
449 -33.0512 -71.6119
185 -33.0529 -71.6107
707 -33.0529 -71.6107
562 -33.0527 -71.6103
181 -33.0526 -71.6103
625 -33.0526 -71.6103
91 -33.0526 -71.6103
658 -33.0526 -71.6103
534 -33.0526 -71.6102
203 -33.0524 -71.61
623 -33.0524 -71.6099
867 -33.0524 -71.6099
382 -33.0524 -71.6098
953 -33.0515 -71.6096
570 -33.0514 -71.6097
594 -33.0515 -71.6096
135 -33.0515 -71.6096
45 -33.0514 -71.6097
926 -33.0512 -71.6099
352 -33.0512 -71.6099
396 -33.0513 -71.6098
543 -33.0512 -71.6099
330 -33.0511 -71.61
684 -33.0511 -71.61
131 -33.0512 -71.6099
114 -33.0513 -71.6098
443 -33.0514 -71.6097
426 -33.0514 -71.6097
777 -33.0514 -71.6097
630 -33.0514 -71.6097
584 -33.0513 -71.6098
699 -33.0513 -71.6098
95 -33.0511 -71.61
548 -33.0499 -71.6117
522 -33.0499 -71.6117
709 -33.0499 -71.6117
76 -33.0499 -71.6118
64 -33.0499 -71.612
654 -33.0499 -71.6119
207 -33.0499 -71.6118
665 -33.0499 -71.6117
33 -33.051 -71.6114
947 -33.05 -71.6112
96 -33.05 -71.6112
596 -33.05 -71.6112
86 -33.05 -71.6115
518 -33.05 -71.6114
804 -33.05 -71.6114
685 -33.0499 -71.6113
971 -33.0491 -71.6117
119 -33.0491 -71.6116
823 -33.0491 -71.6116
418 -33.0491 -71.6117
728 -33.049 -71.6121
590 -33.049 -71.6117
248 -33.049 -71.6117
231 -33.0491 -71.6116
444 -33.0496 -71.6112
847 -33.0495 -71.6112
153 -33.0492 -71.6112
178 -33.0492 -71.6112
807 -33.0491 -71.6115
634 -33.0488 -71.6112
779 -33.05 -71.6111
969 -33.0509 -71.6102
246 -33.0509 -71.6102
841 -33.0509 -71.6102
338 -33.0506 -71.6102
439 -33.0502 -71.6103
539 -33.0502 -71.6103
164 -33.0502 -71.6102
898 -33.0507 -71.6102
974 -33.0506 -71.6102
524 -33.0506 -71.6102
451 -33.0511 -71.61
379 -33.0503 -71.6102
766 -33.0503 -71.6101
817 -33.0503 -71.6101
750 -33.0502 -71.6101
526 -33.0502 -71.6103
719 -33.05 -71.611
342 -33.05 -71.611
656 -33.0501 -71.6109
329 -33.05 -71.611
241 -33.05 -71.6111
312 -33.05 -71.611
899 -33.0493 -71.6108
58 -33.0501 -71.6107
465 -33.0501 -71.6105
932 -33.0501 -71.6104
317 -33.0501 -71.6104
428 -33.0501 -71.6105
651 -33.0501 -71.6107
258 -33.0501 -71.6106
791 -33.0522 -71.6095
276 -33.0532 -71.609
395 -33.0532 -71.6084
544 -33.0532 -71.6084
287 -33.0532 -71.6084
910 -33.0531 -71.6095
242 -33.053 -71.6092
737 -33.0531 -71.6091
993 -33.0532 -71.6084
103 -33.0532 -71.6084
230 -33.0531 -71.6084
670 -33.053 -71.6083
244 -33.053 -71.6083
8 -33.053 -71.6083
975 -33.0529 -71.6083
371 -33.0528 -71.6083
257 -33.0528 -71.6083
566 -33.0521 -71.6094
359 -33.0521 -71.6087
667 -33.0521 -71.6087
871 -33.0521 -71.6087
536 -33.052 -71.6094
184 -33.052 -71.6088
921 -33.052 -71.6088
264 -33.0521 -71.6086
554 -33.0522 -71.6084
887 -33.0522 -71.6083
247 -33.0522 -71.6083
682 -33.0521 -71.6085
410 -33.0521 -71.6086
67 -33.0521 -71.6085
875 -33.0521 -71.6085
806 -33.0522 -71.6083
232 -33.0527 -71.6082
339 -33.0527 -71.6082
215 -33.0527 -71.6082
813 -33.0526 -71.6082
839 -33.0525 -71.6082
564 -33.0524 -71.6081
731 -33.0524 -71.6081
65 -33.0523 -71.6081
406 -33.053 -71.6065
30 -33.0524 -71.6048
1 -33.0531 -71.6047
826 -33.0523 -71.6048
358 -33.0523 -71.6081
895 -33.0523 -71.608
989 -33.0523 -71.608
122 -33.0523 -71.608
397 -33.0522 -71.6081
267 -33.0522 -71.6081
308 -33.0522 -71.6079
245 -33.0522 -71.6082
691 -33.0522 -71.6082
720 -33.0522 -71.6082
193 -33.0522 -71.6081
776 -33.0522 -71.6079
388 -33.0522 -71.6078
21 -33.0522 -71.6078
194 -33.0522 -71.6077
628 -33.0522 -71.6076
913 -33.0522 -71.6074
492 -33.0521 -71.607
429 -33.052 -71.6093
161 -33.052 -71.6093
965 -33.0519 -71.6093
270 -33.052 -71.6093
445 -33.0518 -71.6093
609 -33.0517 -71.6094
104 -33.0518 -71.6093
689 -33.0518 -71.6093
893 -33.0519 -71.6092
41 -33.0519 -71.6091
552 -33.0519 -71.6091
616 -33.052 -71.6091
959 -33.0519 -71.6092
906 -33.0519 -71.6091
508 -33.0518 -71.6091
617 -33.0517 -71.609
914 -33.0517 -71.609
37 -33.0516 -71.6095
995 -33.0517 -71.6094
490 -33.0517 -71.6094
249 -33.0504 -71.6092
985 -33.0496 -71.6094
695 -33.0496 -71.6092
798 -33.0503 -71.6092
288 -33.0503 -71.6092
702 -33.0504 -71.6091
814 -33.0504 -71.609
792 -33.0504 -71.609
486 -33.0504 -71.6091
865 -33.0502 -71.6092
4 -33.0501 -71.6091
289 -33.052 -71.6089
567 -33.052 -71.6089
6 -33.052 -71.6089
717 -33.0515 -71.6088
188 -33.0511 -71.6086
59 -33.0511 -71.6086
380 -33.0511 -71.6086
568 -33.0511 -71.6086
28 -33.0511 -71.6085
896 -33.052 -71.6069
800 -33.0519 -71.6067
514 -33.0517 -71.6062
149 -33.0517 -71.6048
781 -33.0512 -71.6085
650 -33.0513 -71.6084
121 -33.0513 -71.6084
47 -33.051 -71.6085
928 -33.0505 -71.6087
663 -33.0505 -71.6086
618 -33.0509 -71.6085
824 -33.0504 -71.6088
3 -33.0504 -71.6089
729 -33.0504 -71.6089
459 -33.0504 -71.6088
39 -33.0508 -71.6085
507 -33.0506 -71.6085
346 -33.0507 -71.6085
344 -33.0506 -71.6085
559 -33.0502 -71.6085
162 -33.0499 -71.6084
533 -33.0493 -71.6038
