497 -33.0552 -71.6216
647 -33.0552 -71.6216
115 -33.0552 -71.6215
5 -33.0552 -71.6215
85 -33.0551 -71.6217
142 -33.0551 -71.6217
796 -33.0552 -71.6215
890 -33.0552 -71.6215
226 -33.0552 -71.6215
703 -33.0552 -71.6214
38 -33.0551 -71.6213
315 -33.0551 -71.6212
500 -33.0551 -71.6211
327 -33.0551 -71.6211
678 -33.0551 -71.6209
66 -33.055 -71.6218
479 -33.0546 -71.6224
53 -33.0547 -71.6223
961 -33.0547 -71.6222
217 -33.0546 -71.6224
883 -33.0544 -71.6228
109 -33.0545 -71.6226
697 -33.0546 -71.6224
313 -33.0548 -71.6221
550 -33.055 -71.6218
260 -33.055 -71.6208
487 -33.0549 -71.6206
176 -33.0549 -71.6219
940 -33.0549 -71.622
266 -33.0548 -71.6205
253 -33.0548 -71.6204
930 -33.0548 -71.6204
189 -33.0563 -71.6181
367 -33.0562 -71.6181
475 -33.0578 -71.6178
978 -33.0559 -71.618
582 -33.0556 -71.617
963 -33.0556 -71.6169
765 -33.0557 -71.6167
413 -33.0557 -71.6166
879 -33.0562 -71.616
286 -33.0561 -71.616
60 -33.0562 -71.616
818 -33.0561 -71.616
668 -33.0559 -71.6163
57 -33.056 -71.6162
646 -33.0561 -71.6161
407 -33.0555 -71.6172
177 -33.0547 -71.6203
134 -33.0549 -71.6183
816 -33.0549 -71.6182
301 -33.0545 -71.6184
361 -33.0544 -71.6184
542 -33.0544 -71.6184
42 -33.0545 -71.6184
881 -33.0549 -71.6182
370 -33.0553 -71.6177
408 -33.0553 -71.6176
537 -33.0554 -71.6174
255 -33.0552 -71.6178
376 -33.055 -71.618
549 -33.0551 -71.6179
880 -33.0543 -71.6201
710 -33.0543 -71.6243
92 -33.0543 -71.6242
987 -33.0543 -71.6242
25 -33.0543 -71.624
409 -33.0538 -71.6245
598 -33.0543 -71.6237
589 -33.0543 -71.6236
786 -33.0543 -71.6234
829 -33.0543 -71.6233
979 -33.0543 -71.6231
179 -33.0539 -71.6198
377 -33.0535 -71.6194
210 -33.0535 -71.6195
355 -33.0534 -71.6187
803 -33.0535 -71.6187
341 -33.0534 -71.6188
629 -33.0533 -71.6246
434 -33.0532 -71.6188
761 -33.0532 -71.6188
844 -33.0532 -71.6188
849 -33.053 -71.6246
838 -33.0531 -71.6188
198 -33.0531 -71.6187
973 -33.053 -71.6187
713 -33.053 -71.6187
775 -33.053 -71.6187
767 -33.0529 -71.6187
891 -33.0529 -71.6187
466 -33.0527 -71.6187
547 -33.0527 -71.6187
250 -33.0511 -71.6186
456 -33.0535 -71.6186
809 -33.0537 -71.6184
760 -33.0537 -71.6184
216 -33.0537 -71.6184
919 -33.0535 -71.6185
166 -33.0523 -71.6186
495 -33.0523 -71.6186
323 -33.0522 -71.6185
587 -33.0538 -71.6184
698 -33.054 -71.6184
754 -33.054 -71.6184
69 -33.0542 -71.6184
373 -33.0539 -71.6184
455 -33.0539 -71.6184
271 -33.0536 -71.6164
290 -33.053 -71.616
687 -33.0519 -71.6185
448 -33.0519 -71.6184
831 -33.0518 -71.6184
431 -33.0518 -71.6184
632 -33.0512 -71.6185
17 -33.0511 -71.6186
163 -33.0509 -71.6186
852 -33.0509 -71.6185
340 -33.0517 -71.6184
399 -33.0517 -71.6184
262 -33.0517 -71.6184
116 -33.0516 -71.6184
727 -33.0512 -71.6182
614 -33.0511 -71.6182
393 -33.051 -71.6182
18 -33.0554 -71.6158
869 -33.0562 -71.6158
20 -33.0561 -71.6158
608 -33.0561 -71.6158
950 -33.0561 -71.6158
640 -33.0561 -71.6157
464 -33.0561 -71.6157
842 -33.0561 -71.6152
561 -33.0563 -71.6151
118 -33.0573 -71.6148
872 -33.0572 -71.6148
976 -33.0572 -71.6148
945 -33.0571 -71.6148
297 -33.0565 -71.615
948 -33.0571 -71.6148
482 -33.057 -71.6148
483 -33.0561 -71.6152
822 -33.0551 -71.6158
450 -33.055 -71.6158
389 -33.0548 -71.6158
743 -33.0547 -71.6157
476 -33.0546 -71.6157
251 -33.0546 -71.6157
955 -33.0544 -71.6157
686 -33.0557 -71.6156
501 -33.056 -71.6153
531 -33.056 -71.6153
560 -33.0561 -71.6152
994 -33.056 -71.6153
127 -33.0553 -71.6154
124 -33.0559 -71.6153
774 -33.0559 -71.6153
991 -33.057 -71.6148
19 -33.0572 -71.6128
790 -33.057 -71.6127
326 -33.0569 -71.6126
420 -33.0567 -71.6125
414 -33.0567 -71.6125
576 -33.0566 -71.6125
521 -33.0566 -71.6125
43 -33.0566 -71.6125
747 -33.0565 -71.6125
354 -33.0565 -71.6125
917 -33.0561 -71.6123
579 -33.0561 -71.6123
298 -33.0554 -71.6124
368 -33.056 -71.6123
523 -33.0557 -71.6123
467 -33.0554 -71.6131
619 -33.0552 -71.6131
238 -33.0552 -71.6124
237 -33.0551 -71.6124
154 -33.0549 -71.6129
962 -33.0546 -71.6127
591 -33.0545 -71.6126
636 -33.0544 -71.6125
967 -33.0551 -71.6124
305 -33.0549 -71.6124
563 -33.0546 -71.6124
209 -33.0545 -71.6123
51 -33.0545 -71.6123
642 -33.0544 -71.6123
366 -33.0544 -71.6123
627 -33.0544 -71.6123
726 -33.0543 -71.6157
279 -33.0543 -71.6157
123 -33.0542 -71.6157
602 -33.0541 -71.6156
819 -33.0529 -71.6157
488 -33.0529 -71.6156
107 -33.0541 -71.6156
693 -33.054 -71.6156
520 -33.054 -71.6156
269 -33.0539 -71.6156
146 -33.0536 -71.6156
442 -33.0536 -71.6156
580 -33.0535 -71.6155
150 -33.0532 -71.6155
641 -33.0531 -71.6155
730 -33.0524 -71.6156
546 -33.0522 -71.6157
254 -33.0519 -71.6156
117 -33.0519 -71.6156
292 -33.0519 -71.6156
992 -33.0517 -71.6156
812 -33.0517 -71.6156
892 -33.0516 -71.6156
721 -33.0515 -71.6156
864 -33.0515 -71.6156
908 -33.0515 -71.6156
545 -33.0514 -71.6156
787 -33.0514 -71.6156
946 -33.0512 -71.6156
860 -33.0508 -71.6155
762 -33.0542 -71.6147
105 -33.0536 -71.6143
907 -33.0536 -71.6143
405 -33.0536 -71.6143
446 -33.0532 -71.614
403 -33.0529 -71.6139
423 -33.0529 -71.6138
145 -33.0527 -71.6137
171 -33.0523 -71.6134
958 -33.0544 -71.6123
751 -33.0544 -71.6123
307 -33.0543 -71.6123
52 -33.0543 -71.6123
611 -33.0521 -71.6133
402 -33.0542 -71.6123
452 -33.0541 -71.6123
711 -33.052 -71.6133
265 -33.0511 -71.613
877 -33.0511 -71.613
372 -33.0511 -71.6129
655 -33.051 -71.6131
599 -33.051 -71.6131
585 -33.051 -71.6131
517 -33.0508 -71.6131
725 -33.0511 -71.6129
837 -33.0511 -71.6125
70 -33.0511 -71.6124
334 -33.0511 -71.6123
801 -33.0511 -71.6128
661 -33.0511 -71.6128
87 -33.0511 -71.6128
565 -33.0508 -71.6155
101 -33.0504 -71.6222
633 -33.0502 -71.6206
447 -33.0501 -71.6205
999 -33.05 -71.6185
34 -33.0499 -71.6203
935 -33.0498 -71.6201
493 -33.0498 -71.6201
111 -33.0508 -71.6185
144 -33.0507 -71.6185
128 -33.0508 -71.6181
504 -33.0507 -71.6181
830 -33.0507 -71.618
597 -33.0506 -71.6184
412 -33.0504 -71.6184
859 -33.0501 -71.6184
904 -33.0496 -71.6177
732 -33.0496 -71.6198
716 -33.0493 -71.6184
694 -33.0493 -71.6184
799 -33.0491 -71.6181
901 -33.049 -71.618
283 -33.0489 -71.6179
440 -33.0488 -71.6178
889 -33.0487 -71.6177
364 -33.0496 -71.6177
130 -33.0491 -71.6176
165 -33.049 -71.6176
949 -33.0487 -71.6176
573 -33.0487 -71.6177
206 -33.0487 -71.6177
416 -33.0487 -71.6177
983 -33.0488 -71.6176
572 -33.0492 -71.6165
13 -33.0492 -71.6165
884 -33.0494 -71.6165
174 -33.049 -71.6165
631 -33.049 -71.6167
834 -33.049 -71.6167
854 -33.049 -71.6166
586 -33.0491 -71.6165
688 -33.0494 -71.6164
574 -33.0494 -71.6164
106 -33.0494 -71.6164
850 -33.0494 -71.6165
273 -33.0491 -71.6165
191 -33.0491 -71.6165
652 -33.049 -71.6165
660 -33.049 -71.6168
263 -33.0488 -71.6172
213 -33.0489 -71.6172
897 -33.0489 -71.6171
453 -33.0488 -71.6173
10 -33.0487 -71.6175
239 -33.0488 -71.6173
318 -33.0488 -71.6173
529 -33.0489 -71.6171
394 -33.0489 -71.6169
868 -33.049 -71.6168
692 -33.049 -71.6168
900 -33.0489 -71.6169
712 -33.0489 -71.617
36 -33.0489 -71.6169
170 -33.0486 -71.6179
764 -33.0476 -71.6202
509 -33.0476 -71.6202
583 -33.0476 -71.6201
485 -33.0475 -71.6203
360 -33.0474 -71.6207
718 -33.0474 -71.6207
80 -33.0475 -71.6204
911 -33.0477 -71.62
939 -33.0477 -71.6198
755 -33.0478 -71.6196
55 -33.0479 -71.6196
9 -33.0477 -71.6198
427 -33.0477 -71.6199
484 -33.0477 -71.6199
644 -33.0477 -71.6198
516 -33.0473 -71.621
277 -33.0472 -71.6213
322 -33.0472 -71.6213
802 -33.0472 -71.6213
139 -33.0472 -71.6214
205 -33.0472 -71.6215
820 -33.0472 -71.6214
938 -33.0472 -71.6214
735 -33.0472 -71.6212
696 -33.0473 -71.6211
222 -33.0473 -71.621
988 -33.0468 -71.6201
982 -33.0467 -71.6199
220 -33.0466 -71.6202
784 -33.0466 -71.6202
88 -33.0469 -71.6194
635 -33.0482 -71.6191
708 -33.0483 -71.6189
157 -33.0484 -71.6186
511 -33.0482 -71.6191
152 -33.048 -71.6193
530 -33.048 -71.6193
610 -33.048 -71.6193
794 -33.0484 -71.6185
605 -33.0485 -71.6182
113 -33.0486 -71.6181
333 -33.0486 -71.618
155 -33.0485 -71.6182
763 -33.0484 -71.6185
383 -33.0485 -71.6184
639 -33.0485 -71.6182
722 -33.048 -71.6193
793 -33.0474 -71.6178
972 -33.0474 -71.6177
553 -33.0476 -71.6171
968 -33.0473 -71.618
643 -33.047 -71.619
827 -33.0471 -71.6187
724 -33.0472 -71.6183
48 -33.0477 -71.617
604 -33.0477 -71.6168
140 -33.0479 -71.6162
853 -33.0479 -71.6162
81 -33.0477 -71.6169
933 -33.0477 -71.617
348 -33.0477 -71.6169
612 -33.0491 -71.6162
430 -33.0504 -71.6158
756 -33.0503 -71.6158
385 -33.0503 -71.6158
496 -33.0497 -71.6158
304 -33.0496 -71.6161
195 -33.0496 -71.616
75 -33.0497 -71.6159
783 -33.0502 -71.6158
93 -33.0505 -71.6157
320 -33.0507 -71.6155
795 -33.0505 -71.6155
148 -33.0505 -71.6157
709 -33.0495 -71.6139
665 -33.0495 -71.6139
86 -33.0496 -71.6137
522 -33.0495 -71.6139
425 -33.0494 -71.6145
363 -33.0494 -71.6144
240 -33.0494 -71.6143
828 -33.0494 -71.6145
457 -33.0494 -71.6148
401 -33.0494 -71.6146
481 -33.0494 -71.6146
64 -33.0495 -71.6143
278 -33.0495 -71.614
76 -33.0495 -71.614
207 -33.0495 -71.614
548 -33.0495 -71.614
654 -33.0495 -71.6141
27 -33.0495 -71.6141
74 -33.0495 -71.6141
518 -33.0496 -71.6137
744 -33.0508 -71.6131
835 -33.0508 -71.6131
201 -33.0506 -71.613
942 -33.0506 -71.613
739 -33.0505 -71.613
392 -33.0505 -71.613
336 -33.0504 -71.613
100 -33.0504 -71.613
902 -33.0504 -71.613
915 -33.0503 -71.613
621 -33.05 -71.613
749 -33.05 -71.613
996 -33.05 -71.613
750 -33.0498 -71.6123
379 -33.0498 -71.6123
180 -33.0498 -71.6129
805 -33.0498 -71.6129
186 -33.0497 -71.6129
659 -33.0497 -71.6129
656 -33.0497 -71.6131
804 -33.0496 -71.6137
329 -33.0496 -71.6133
588 -33.0496 -71.6129
894 -33.0495 -71.6129
428 -33.0497 -71.6127
539 -33.0498 -71.6126
164 -33.0498 -71.6125
258 -33.0497 -71.6129
638 -33.0494 -71.6129
666 -33.0494 -71.6129
956 -33.0494 -71.6148
77 -33.0492 -71.6157
780 -33.0492 -71.6155
637 -33.0493 -71.6154
374 -33.0492 -71.6159
432 -33.0492 -71.616
302 -33.0492 -71.6159
462 -33.0492 -71.6159
0 -33.0493 -71.6153
701 -33.0493 -71.6151
680 -33.0493 -71.6151
234 -33.0493 -71.615
337 -33.0493 -71.6151
31 -33.0483 -71.6146
648 -33.0483 -71.6145
538 -33.0484 -71.6144
515 -33.0483 -71.6148
314 -33.048 -71.6157
855 -33.048 -71.6157
84 -33.048 -71.6156
50 -33.048 -71.6159
941 -33.0479 -71.6161
862 -33.0479 -71.616
435 -33.048 -71.6159
778 -33.0481 -71.6155
218 -33.0481 -71.6153
960 -33.0482 -71.6152
851 -33.0483 -71.6148
519 -33.0481 -71.6154
541 -33.0481 -71.6155
436 -33.0481 -71.6155
728 -33.0484 -71.6142
899 -33.0487 -71.613
444 -33.0487 -71.613
24 -33.0493 -71.6129
847 -33.0487 -71.6131
345 -33.0487 -71.6132
133 -33.0487 -71.6132
683 -33.0487 -71.6132
920 -33.0493 -71.6129
964 -33.0493 -71.6129
779 -33.0489 -71.6123
719 -33.0489 -71.6123
494 -33.0489 -71.6129
685 -33.0488 -71.6126
947 -33.0489 -71.6124
596 -33.0489 -71.6124
153 -33.0486 -71.6133
418 -33.0485 -71.6139
971 -33.0485 -71.6139
823 -33.0485 -71.6138
758 -33.0485 -71.6139
44 -33.0484 -71.6141
248 -33.0485 -71.6139
590 -33.0485 -71.6139
119 -33.0485 -71.6138
231 -33.0485 -71.6138
807 -33.0485 -71.6137
178 -33.0486 -71.6134
634 -33.0478 -71.6127
353 -33.0477 -71.6128
54 -33.0474 -71.6127
175 -33.0541 -71.6123
61 -33.0544 -71.6122
12 -33.0545 -71.6122
927 -33.0544 -71.6121
773 -33.0544 -71.612
35 -33.0544 -71.612
679 -33.0543 -71.612
274 -33.0543 -71.6119
676 -33.0542 -71.6117
384 -33.0548 -71.6104
259 -33.0553 -71.6104
72 -33.0553 -71.6104
866 -33.0543 -71.6105
424 -33.0542 -71.6117
303 -33.0541 -71.6116
874 -33.0542 -71.6105
569 -33.0541 -71.6105
733 -33.054 -71.6122
512 -33.054 -71.6115
7 -33.054 -71.6113
674 -33.054 -71.6113
173 -33.0539 -71.6122
848 -33.0539 -71.6113
797 -33.0539 -71.6113
242 -33.0539 -71.6112
506 -33.0538 -71.6112
2 -33.0539 -71.6112
737 -33.0539 -71.6112
187 -33.0538 -71.611
40 -33.0537 -71.6112
276 -33.0537 -71.611
26 -33.0537 -71.6105
463 -33.0552 -71.6104
970 -33.0571 -71.6099
886 -33.0561 -71.6088
606 -33.056 -71.6087
876 -33.056 -71.6086
132 -33.0559 -71.6095
748 -33.0555 -71.6094
138 -33.0546 -71.6085
555 -33.0546 -71.6085
478 -33.0545 -71.6085
592 -33.0545 -71.6085
472 -33.0546 -71.6085
944 -33.0545 -71.6085
918 -33.0544 -71.6085
810 -33.0544 -71.6085
772 -33.0544 -71.6085
219 -33.0544 -71.6085
980 -33.0544 -71.6085
723 -33.0543 -71.6085
878 -33.0543 -71.6085
662 -33.0543 -71.6085
489 -33.0542 -71.6085
769 -33.0542 -71.6085
954 -33.0542 -71.6085
458 -33.0541 -71.6085
378 -33.0541 -71.6085
715 -33.0541 -71.6085
753 -33.054 -71.6085
825 -33.054 -71.6085
664 -33.054 -71.6085
470 -33.054 -71.6085
261 -33.0537 -71.6085
480 -33.0537 -71.6122
571 -33.0536 -71.6122
214 -33.0535 -71.6122
14 -33.0534 -71.6122
351 -33.0534 -71.6122
29 -33.0533 -71.6122
15 -33.0533 -71.6122
295 -33.0532 -71.6121
910 -33.0536 -71.6113
390 -33.0537 -71.6108
120 -33.0537 -71.6108
49 -33.0534 -71.611
97 -33.0532 -71.6115
578 -33.0533 -71.6115
212 -33.0532 -71.6109
603 -33.0531 -71.6109
197 -33.0529 -71.6121
909 -33.0529 -71.6121
916 -33.0528 -71.6121
252 -33.0525 -71.6121
387 -33.0525 -71.6121
577 -33.0525 -71.6121
23 -33.0525 -71.6121
789 -33.0525 -71.6121
299 -33.053 -71.6116
601 -33.0531 -71.6109
224 -33.053 -71.6108
268 -33.0525 -71.6117
415 -33.0524 -71.6117
745 -33.0525 -71.6117
556 -33.0537 -71.6108
782 -33.0537 -71.6108
675 -33.0536 -71.6108
190 -33.0536 -71.6107
811 -33.0536 -71.6107
645 -33.0529 -71.6108
89 -33.0529 -71.6107
505 -33.0534 -71.6103
192 -33.0534 -71.6103
532 -33.0536 -71.6085
557 -33.0537 -71.6085
622 -33.0537 -71.6085
381 -33.0536 -71.6085
110 -33.0535 -71.6085
94 -33.0535 -71.6085
746 -33.0535 -71.6085
551 -33.0529 -71.6107
681 -33.0528 -71.6106
22 -33.0528 -71.6106
575 -33.0528 -71.6106
228 -33.0527 -71.6104
600 -33.0526 -71.6103
885 -33.0526 -71.6102
204 -33.0525 -71.6101
211 -33.0525 -71.6101
343 -33.0525 -71.6101
863 -33.0525 -71.61
861 -33.0524 -71.61
593 -33.0524 -71.6099
324 -33.0524 -71.6099
734 -33.0523 -71.6098
156 -33.0539 -71.6085
528 -33.0578 -71.6082
300 -33.0576 -71.6081
474 -33.0574 -71.6081
808 -33.0573 -71.6081
677 -33.0573 -71.608
281 -33.057 -71.608
419 -33.0567 -71.608
159 -33.0566 -71.608
63 -33.0567 -71.608
925 -33.0567 -71.608
280 -33.0566 -71.608
903 -33.0563 -71.608
335 -33.0554 -71.608
672 -33.0561 -71.6079
400 -33.0554 -71.6079
929 -33.0554 -71.608
477 -33.055 -71.6082
705 -33.0551 -71.6082
912 -33.0551 -71.6081
873 -33.055 -71.6082
438 -33.0549 -71.6083
83 -33.0549 -71.6083
225 -33.0549 -71.6083
285 -33.0552 -71.6081
700 -33.0553 -71.608
411 -33.0553 -71.608
657 -33.0553 -71.608
223 -33.0552 -71.6081
535 -33.0552 -71.6081
613 -33.0552 -71.6081
473 -33.0552 -71.6081
581 -33.0561 -71.6079
311 -33.056 -71.6076
525 -33.0562 -71.6074
112 -33.0564 -71.6073
977 -33.056 -71.6079
362 -33.0559 -71.6079
454 -33.0558 -71.6079
332 -33.0558 -71.6078
491 -33.0567 -71.6072
291 -33.0572 -71.607
147 -33.0569 -71.6046
441 -33.0578 -71.6045
331 -33.0568 -71.6071
870 -33.0567 -71.6046
768 -33.0565 -71.6045
90 -33.056 -71.6043
499 -33.0557 -71.6078
558 -33.0556 -71.6079
510 -33.0555 -71.6079
129 -33.0555 -71.6078
296 -33.0555 -71.6079
513 -33.0555 -71.6079
461 -33.0555 -71.6079
527 -33.0555 -71.6079
79 -33.0557 -71.6078
934 -33.0557 -71.6078
469 -33.0556 -71.6078
924 -33.0556 -71.6044
11 -33.0556 -71.6078
196 -33.055 -71.605
221 -33.0553 -71.6044
858 -33.0549 -71.6083
540 -33.0539 -71.6085
984 -33.054 -71.6085
422 -33.0546 -71.6085
73 -33.0539 -71.6085
503 -33.0538 -71.6085
62 -33.0539 -71.6085
350 -33.0538 -71.6085
833 -33.0546 -71.6085
922 -33.0548 -71.6084
168 -33.0548 -71.6083
888 -33.0549 -71.6083
740 -33.0548 -71.6084
282 -33.0547 -71.6085
46 -33.0547 -71.6085
857 -33.0547 -71.6085
843 -33.0538 -71.6085
32 -33.0532 -71.6084
923 -33.0532 -71.6084
626 -33.0531 -71.6084
706 -33.0531 -71.6084
183 -33.0531 -71.6084
840 -33.0531 -71.6084
158 -33.053 -71.6083
952 -33.053 -71.6083
316 -33.0529 -71.6083
137 -33.0529 -71.6083
690 -33.0529 -71.6083
846 -33.0529 -71.6083
328 -33.0528 -71.6083
468 -33.0528 -71.6083
126 -33.0528 -71.6083
836 -33.0528 -71.6083
714 -33.0527 -71.6082
167 -33.0527 -71.6082
136 -33.0527 -71.6082
951 -33.0526 -71.6082
471 -33.0526 -71.6082
502 -33.0526 -71.6082
98 -33.0544 -71.6066
937 -33.0535 -71.6063
620 -33.0535 -71.6047
78 -33.0544 -71.6046
169 -33.0534 -71.6047
595 -33.0529 -71.6065
256 -33.053 -71.6064
293 -33.0526 -71.6048
981 -33.0526 -71.6082
757 -33.0525 -71.6082
785 -33.0525 -71.6082
671 -33.0525 -71.6082
398 -33.0525 -71.6082
752 -33.0525 -71.6081
966 -33.0525 -71.6081
460 -33.0524 -71.6081
704 -33.0524 -71.6081
369 -33.0524 -71.6081
56 -33.0524 -71.6081
99 -33.0525 -71.6048
653 -33.0523 -71.6081
990 -33.0523 -71.6081
741 -33.0523 -71.6081
272 -33.0523 -71.612
310 -33.0521 -71.612
160 -33.0521 -71.612
998 -33.052 -71.612
649 -33.052 -71.612
386 -33.0518 -71.612
347 -33.0519 -71.612
986 -33.0517 -71.612
742 -33.0517 -71.612
936 -33.0515 -71.6119
141 -33.0516 -71.6118
143 -33.0519 -71.6118
309 -33.0515 -71.612
151 -33.0514 -71.6119
931 -33.0513 -71.6119
943 -33.0515 -71.6119
905 -33.0513 -71.6119
208 -33.0512 -71.612
759 -33.0513 -71.6119
102 -33.0512 -71.6119
200 -33.0512 -71.612
615 -33.0511 -71.6122
202 -33.0511 -71.6121
108 -33.0511 -71.6119
391 -33.0512 -71.6119
356 -33.0512 -71.6119
433 -33.0513 -71.6119
275 -33.0502 -71.6113
104 -33.0502 -71.6103
507 -33.0501 -71.6106
490 -33.0501 -71.6104
609 -33.0501 -71.6104
689 -33.0502 -71.6103
682 -33.0509 -71.6102
554 -33.051 -71.6101
247 -33.051 -71.6101
875 -33.0509 -71.6102
410 -33.0508 -71.6102
67 -33.0508 -71.6102
264 -33.0508 -71.6102
806 -33.051 -71.6101
267 -33.0511 -71.61
397 -33.0512 -71.6099
731 -33.0513 -71.6098
245 -33.0511 -71.61
887 -33.051 -71.6101
691 -33.0511 -71.61
720 -33.0511 -71.61
359 -33.0507 -71.6102
667 -33.0507 -71.6102
921 -33.0506 -71.6102
871 -33.0507 -71.6102
184 -33.0506 -71.6102
445 -33.0502 -71.6103
6 -33.0505 -71.6102
567 -33.0506 -71.6102
289 -33.0506 -71.6102
41 -33.0503 -71.6102
552 -33.0503 -71.6102
616 -33.0504 -71.6101
893 -33.0503 -71.6102
965 -33.0502 -71.6101
959 -33.0502 -71.6101
953 -33.0501 -71.6106
95 -33.05 -71.6113
449 -33.0501 -71.6113
330 -33.05 -71.6113
451 -33.0499 -71.6113
524 -33.0499 -71.612
246 -33.0499 -71.6116
841 -33.0499 -71.6116
684 -33.05 -71.6113
131 -33.05 -71.6112
352 -33.05 -71.6111
926 -33.05 -71.6111
792 -33.05 -71.6112
969 -33.0497 -71.6113
898 -33.0495 -71.6112
338 -33.0495 -71.6112
974 -33.0495 -71.6112
932 -33.0491 -71.6116
439 -33.0491 -71.6115
817 -33.0491 -71.6113
465 -33.049 -71.6117
342 -33.0489 -71.6122
651 -33.049 -71.612
58 -33.049 -71.6119
96 -33.0482 -71.6113
766 -33.0491 -71.6112
33 -33.0491 -71.6112
526 -33.0489 -71.6112
317 -33.0488 -71.6112
241 -33.0483 -71.6112
312 -33.0483 -71.6111
543 -33.05 -71.6111
443 -33.0501 -71.6109
630 -33.0501 -71.6109
426 -33.0501 -71.6109
699 -33.0501 -71.6109
396 -33.05 -71.611
114 -33.05 -71.611
584 -33.0501 -71.6109
45 -33.0501 -71.6109
594 -33.0501 -71.6107
135 -33.0501 -71.6107
37 -33.0501 -71.6106
570 -33.0501 -71.6108
777 -33.0501 -71.6108
995 -33.05 -71.6101
344 -33.0495 -71.6098
663 -33.0494 -71.6099
729 -33.0494 -71.6103
928 -33.0494 -71.6099
824 -33.0493 -71.6099
459 -33.0493 -71.6099
3 -33.0492 -71.6099
814 -33.0491 -71.6099
702 -33.049 -71.6099
486 -33.049 -71.6099
249 -33.0489 -71.6099
798 -33.0489 -71.6099
288 -33.0488 -71.6099
865 -33.0488 -71.6098
4 -33.0486 -71.6098
695 -33.0481 -71.6098
985 -33.048 -71.6098
821 -33.0523 -71.6097
421 -33.0523 -71.6097
227 -33.0522 -71.6096
771 -33.0522 -71.6095
607 -33.0522 -71.6095
498 -33.052 -71.6094
229 -33.052 -71.6088
321 -33.0521 -71.6087
882 -33.0521 -71.6085
284 -33.0521 -71.6085
349 -33.0522 -71.6084
736 -33.0521 -71.6086
319 -33.0521 -71.6087
199 -33.0521 -71.6087
294 -33.0521 -71.6086
68 -33.052 -71.6093
235 -33.052 -71.6093
233 -33.0519 -71.6092
437 -33.0519 -71.6091
230 -33.0519 -71.6092
257 -33.0516 -71.6095
371 -33.0516 -71.6095
670 -33.0518 -71.6093
738 -33.0519 -71.6091
375 -33.052 -71.6091
997 -33.052 -71.609
357 -33.052 -71.6089
82 -33.0519 -71.6091
306 -33.0518 -71.6091
185 -33.0517 -71.609
707 -33.0516 -71.6089
669 -33.0522 -71.6083
832 -33.0522 -71.6082
182 -33.0522 -71.6081
236 -33.0522 -71.6081
404 -33.0522 -71.6082
181 -33.0522 -71.6083
856 -33.0522 -71.6082
417 -33.0521 -71.6081
815 -33.0523 -71.608
365 -33.0522 -71.6079
624 -33.0522 -71.6078
382 -33.0522 -71.6077
770 -33.0522 -71.6077
673 -33.0522 -71.6077
325 -33.0521 -71.6076
788 -33.0522 -71.6074
125 -33.052 -71.608
845 -33.0519 -71.608
243 -33.0519 -71.608
406 -33.052 -71.608
71 -33.0519 -71.608
172 -33.0518 -71.6081
16 -33.0518 -71.6081
287 -33.0516 -71.6075
103 -33.0516 -71.6075
244 -33.0519 -71.6067
564 -33.0517 -71.6061
957 -33.0517 -71.605
358 -33.0517 -71.606
993 -33.0516 -71.6075
65 -33.0516 -71.606
122 -33.0515 -71.606
813 -33.0515 -71.6096
562 -33.0513 -71.6087
91 -33.0513 -71.6087
625 -33.0512 -71.6086
623 -33.0512 -71.6089
776 -33.0505 -71.6087
193 -33.0505 -71.6086
534 -33.0512 -71.6086
658 -33.0512 -71.6086
203 -33.051 -71.6086
8 -33.0512 -71.6084
867 -33.0509 -71.6085
215 -33.0509 -71.6085
791 -33.0505 -71.6085
566 -33.0504 -71.6085
536 -33.0503 -71.6085
650 -33.0498 -71.6091
121 -33.0498 -71.6091
429 -33.0503 -71.6085
781 -33.0497 -71.6091
39 -33.0496 -71.6096
47 -33.0496 -71.6093
28 -33.0496 -71.6092
270 -33.0503 -71.6085
161 -33.0502 -71.6085
906 -33.0501 -71.6084
508 -33.05 -71.6084
914 -33.0499 -71.6084
617 -33.0499 -71.6084
717 -33.0496 -71.6084
395 -33.0514 -71.6083
544 -33.0515 -71.6083
975 -33.0513 -71.6075
232 -33.0511 -71.6074
339 -33.0511 -71.6074
839 -33.0509 -71.6074
895 -33.0506 -71.6073
989 -33.0505 -71.6073
149 -33.0509 -71.6065
388 -33.0513 -71.6059
628 -33.0512 -71.6059
1 -33.0515 -71.6053
913 -33.051 -71.6058
492 -33.0507 -71.6057
30 -33.0509 -71.6051
826 -33.0508 -71.605
896 -33.0505 -71.6057
188 -33.0492 -71.6083
59 -33.0492 -71.6083
380 -33.0492 -71.6083
568 -33.0491 -71.6083
618 -33.0489 -71.6083
346 -33.0487 -71.6083
559 -33.0482 -71.6082
162 -33.048 -71.6082
308 -33.0505 -71.6073
21 -33.0504 -71.6073
800 -33.0505 -71.6056
194 -33.0504 -71.6073
514 -33.05 -71.6055
533 -33.0476 -71.6041
