760 -33.0622 -71.6158
271 -33.0621 -71.6158
619 -33.0621 -71.6158
907 -33.0615 -71.6158
403 -33.0608 -71.6161
466 -33.0611 -71.616
290 -33.0614 -71.6159
838 -33.0615 -71.6158
301 -33.0626 -71.6151
978 -33.0627 -71.6151
475 -33.0626 -71.615
754 -33.0626 -71.6157
455 -33.0624 -71.6157
456 -33.0609 -71.6154
803 -33.061 -71.6154
446 -33.0608 -71.6155
145 -33.0605 -71.6162
495 -33.0606 -71.6162
166 -33.0607 -71.6162
448 -33.0603 -71.6163
930 -33.0598 -71.6165
908 -33.0599 -71.6165
171 -33.0602 -71.6164
179 -33.0607 -71.6162
423 -33.0607 -71.6156
154 -33.0607 -71.6155
279 -33.0602 -71.6143
367 -33.06 -71.6144
49 -33.0598 -71.6146
546 -33.0598 -71.6146
726 -33.0597 -71.6145
945 -33.0603 -71.6143
917 -33.0623 -71.6135
501 -33.0622 -71.6135
994 -33.061 -71.6134
127 -33.0608 -71.6136
686 -33.0607 -71.614
483 -33.0607 -71.6139
274 -33.0608 -71.6136
189 -33.061 -71.6134
118 -33.0639 -71.6133
238 -33.0634 -71.6129
531 -33.0634 -71.6129
958 -33.0626 -71.6129
762 -33.061 -71.6134
579 -33.0621 -71.6131
51 -33.0625 -71.6131
123 -33.0606 -71.6141
61 -33.0606 -71.6141
467 -33.0606 -71.6141
424 -33.0606 -71.614
819 -33.0605 -71.6138
7 -33.0603 -71.6143
809 -33.0602 -71.6141
967 -33.0598 -71.6138
927 -33.0598 -71.6137
751 -33.0601 -71.6134
373 -33.0603 -71.613
134 -33.0604 -71.613
580 -33.0601 -71.6134
354 -33.0598 -71.6137
341 -33.0597 -71.6137
946 -33.0597 -71.6166
727 -33.0595 -71.6167
487 -33.0596 -71.6166
611 -33.0597 -71.6162
614 -33.0595 -71.6165
393 -33.0593 -71.6167
506 -33.0594 -71.6167
89 -33.0593 -71.6149
767 -33.0594 -71.6149
773 -33.0596 -71.6148
698 -33.0597 -71.6147
549 -33.0597 -71.6146
962 -33.0596 -71.6148
711 -33.0594 -71.6149
117 -33.0595 -71.6148
198 -33.0595 -71.6147
327 -33.0592 -71.6168
585 -33.0589 -71.6169
597 -33.0589 -71.6169
128 -33.0591 -71.6168
600 -33.0588 -71.6153
703 -33.0588 -71.6169
504 -33.0587 -71.6168
204 -33.0588 -71.6154
228 -33.0591 -71.6151
488 -33.0588 -71.6148
565 -33.0587 -71.6148
787 -33.059 -71.6145
880 -33.0587 -71.6148
860 -33.0587 -71.6147
320 -33.0586 -71.6147
797 -33.0586 -71.6146
450 -33.0591 -71.6145
405 -33.0595 -71.614
292 -33.0595 -71.614
973 -33.0595 -71.6139
107 -33.0594 -71.6142
864 -33.0592 -71.6143
892 -33.0593 -71.6143
992 -33.0593 -71.6142
844 -33.0595 -71.6139
355 -33.0597 -71.6139
434 -33.0596 -71.6138
761 -33.0596 -71.6138
254 -33.0596 -71.6139
916 -33.0591 -71.6135
102 -33.0591 -71.6135
306 -33.0593 -71.6129
402 -33.0591 -71.6136
545 -33.0589 -71.6139
464 -33.0591 -71.6136
950 -33.0591 -71.6134
822 -33.0589 -71.6133
512 -33.0586 -71.6144
891 -33.0588 -71.6135
668 -33.0586 -71.6133
275 -33.0586 -71.613
201 -33.0589 -71.6129
942 -33.0589 -71.6129
707 -33.0591 -71.6129
902 -33.0589 -71.6129
124 -33.0588 -71.6129
392 -33.0589 -71.6129
150 -33.0605 -71.6129
57 -33.0632 -71.6122
351 -33.0627 -71.6121
14 -33.0626 -71.6121
286 -33.0626 -71.6129
52 -33.0626 -71.6129
366 -33.0623 -71.6126
582 -33.0625 -71.6121
976 -33.0646 -71.6121
480 -33.0629 -71.6121
413 -33.063 -71.612
407 -33.0622 -71.612
700 -33.0622 -71.612
789 -33.0618 -71.612
387 -33.0618 -71.612
370 -33.0618 -71.612
577 -33.0617 -71.612
146 -33.061 -71.6124
679 -33.061 -71.6123
347 -33.061 -71.6123
986 -33.061 -71.6124
309 -33.0608 -71.6125
22 -33.0608 -71.6125
575 -33.0608 -71.6125
224 -33.0611 -71.6123
310 -33.0613 -71.6122
269 -33.0613 -71.6122
255 -33.0616 -71.6121
160 -33.0613 -71.6122
816 -33.0611 -71.6123
693 -33.0613 -71.6122
747 -33.0613 -71.6122
285 -33.062 -71.612
733 -33.0623 -71.612
869 -33.0638 -71.6117
640 -33.0638 -71.6117
674 -33.062 -71.612
251 -33.062 -71.612
705 -33.062 -71.612
408 -33.0619 -71.612
642 -33.063 -71.6113
790 -33.064 -71.6108
499 -33.064 -71.6107
482 -33.0648 -71.6107
523 -33.0639 -71.6112
561 -33.0631 -71.6112
209 -33.0631 -71.6112
11 -33.0637 -71.6109
537 -33.0619 -71.6119
452 -33.0619 -71.6118
934 -33.0619 -71.6112
918 -33.0618 -71.611
878 -33.0618 -71.611
272 -33.0608 -71.612
627 -33.0609 -71.6115
12 -33.0612 -71.6115
489 -33.0618 -71.6109
297 -33.0618 -71.6108
474 -33.0618 -71.6108
43 -33.0618 -71.6106
458 -33.0618 -71.6107
903 -33.0614 -71.6107
740 -33.0617 -71.6107
307 -33.0607 -71.6116
70 -33.0599 -71.6128
837 -33.06 -71.6128
414 -33.06 -71.6128
295 -33.0598 -71.6128
661 -33.0597 -71.6128
607 -33.0597 -71.6128
87 -33.0598 -71.6128
334 -33.0601 -71.6128
208 -33.0603 -71.6128
200 -33.0604 -71.6128
69 -33.0606 -71.6127
202 -33.0603 -71.6128
324 -33.0601 -71.6128
615 -33.0602 -71.6128
863 -33.0603 -71.6128
498 -33.0596 -71.6128
599 -33.0593 -71.6129
82 -33.0593 -71.6129
738 -33.0594 -71.6129
437 -33.0593 -71.6129
730 -33.0593 -71.6129
655 -33.0593 -71.6129
233 -33.0593 -71.6129
19 -33.0594 -71.6129
265 -33.0596 -71.6128
235 -33.0596 -71.6128
771 -33.0595 -71.6127
919 -33.0595 -71.6128
801 -33.0592 -71.6128
742 -33.0589 -71.6128
386 -33.0589 -71.6127
641 -33.0606 -71.6127
759 -33.0607 -71.6126
603 -33.0605 -71.612
237 -33.0603 -71.6124
877 -33.0595 -71.6126
991 -33.0595 -71.6125
955 -33.0595 -71.612
601 -33.0603 -71.6118
252 -33.0605 -71.6116
876 -33.0603 -71.611
909 -33.0598 -71.6106
368 -33.0598 -71.6116
706 -33.0595 -71.6112
743 -33.0595 -71.6109
376 -33.0595 -71.6109
998 -33.0594 -71.6107
23 -33.0592 -71.6126
303 -33.0591 -71.6125
216 -33.0592 -71.6122
676 -33.0591 -71.6122
20 -33.0589 -71.6127
29 -33.0588 -71.6126
905 -33.0588 -71.6121
560 -33.0588 -71.6117
298 -33.0593 -71.6116
563 -33.0593 -71.6116
602 -33.0594 -71.6107
187 -33.0592 -71.6112
259 -33.0589 -71.6112
748 -33.0589 -71.6112
562 -33.0586 -71.613
66 -33.0585 -71.6172
100 -33.0583 -71.6169
830 -33.0585 -71.6167
593 -33.0583 -71.6157
364 -33.058 -71.6176
904 -33.0581 -71.6176
961 -33.0582 -71.6175
262 -33.0583 -71.6157
431 -33.0585 -71.6156
343 -33.0583 -71.6151
739 -33.0583 -71.6151
148 -33.0582 -71.615
430 -33.0581 -71.615
756 -33.058 -71.615
177 -33.0582 -71.6149
385 -33.058 -71.615
979 -33.0575 -71.6181
165 -33.0577 -71.6179
130 -33.0577 -71.6179
10 -33.0574 -71.6181
786 -33.0573 -71.6182
949 -33.0573 -71.6182
983 -33.0574 -71.6181
109 -33.0578 -71.6178
783 -33.058 -71.615
632 -33.0579 -71.615
835 -33.0579 -71.6149
361 -33.0578 -71.6149
964 -33.0572 -71.6171
185 -33.0577 -71.6149
749 -33.0577 -71.6149
250 -33.0577 -71.6149
636 -33.0586 -71.6149
678 -33.0576 -71.6149
812 -33.0576 -71.6149
163 -33.0576 -71.6149
852 -33.0575 -71.6149
500 -33.0575 -71.6149
659 -33.0575 -71.6149
93 -33.0583 -71.6149
399 -33.0584 -71.6148
340 -33.0584 -71.6148
795 -33.0584 -71.6148
105 -33.0583 -71.6148
38 -33.0574 -71.6149
181 -33.0573 -71.6149
323 -33.0582 -71.6148
111 -33.0573 -71.6149
75 -33.0573 -71.6149
315 -33.0573 -71.6148
144 -33.0572 -71.6148
195 -33.0572 -71.6148
5 -33.0572 -71.6148
496 -33.0572 -71.6148
304 -33.0572 -71.6148
497 -33.0571 -71.6148
226 -33.0571 -71.6148
24 -33.0571 -71.6148
625 -33.0573 -71.6148
890 -33.0571 -71.6148
647 -33.0571 -71.6148
796 -33.0571 -71.6148
494 -33.057 -71.6172
708 -33.0563 -71.6181
353 -33.0563 -71.6163
333 -33.0562 -71.616
113 -33.0561 -71.616
409 -33.056 -71.618
511 -33.056 -71.618
598 -33.0561 -71.6161
54 -33.0562 -71.616
170 -33.0562 -71.6159
589 -33.0562 -71.6159
889 -33.0562 -71.6159
573 -33.0561 -71.6158
605 -33.056 -71.616
639 -33.056 -71.6159
829 -33.0561 -71.6158
155 -33.056 -71.6159
629 -33.0554 -71.6175
710 -33.0557 -71.6165
92 -33.0558 -71.6164
427 -33.0553 -71.6179
516 -33.0546 -71.6184
509 -33.055 -71.618
849 -33.0552 -71.6178
987 -33.0558 -71.6164
25 -33.0559 -71.6163
763 -33.0557 -71.6159
794 -33.0556 -71.6159
157 -33.0556 -71.6159
635 -33.0551 -71.6158
610 -33.0549 -71.6158
644 -33.0543 -71.6157
53 -33.0564 -71.615
652 -33.0564 -71.615
999 -33.0565 -71.615
692 -33.0563 -71.6151
712 -33.0561 -71.6152
479 -33.0562 -71.6151
697 -33.0562 -71.6151
174 -33.0565 -71.615
13 -33.0566 -71.6148
572 -33.0566 -71.6148
940 -33.0567 -71.6148
859 -33.0566 -71.6149
273 -33.0565 -71.6149
191 -33.0565 -71.6149
313 -33.0565 -71.6149
217 -33.0561 -71.6152
416 -33.0561 -71.6157
911 -33.0542 -71.6157
239 -33.056 -71.6156
764 -33.0541 -71.6156
938 -33.053 -71.6156
820 -33.053 -71.6155
988 -33.0531 -71.6155
205 -33.053 -71.6155
453 -33.056 -71.6154
529 -33.0561 -71.6152
900 -33.0561 -71.6152
263 -33.0559 -71.6154
277 -33.053 -71.6154
883 -33.0559 -71.6154
116 -33.0584 -71.6148
421 -33.0585 -71.6148
734 -33.0586 -71.6147
571 -33.0584 -71.6138
175 -33.0584 -71.6139
721 -33.0583 -71.6148
948 -33.0582 -71.6142
551 -33.0582 -71.6142
211 -33.0585 -71.6137
996 -33.0584 -71.613
42 -33.0585 -71.613
449 -33.0584 -71.613
18 -33.0584 -71.613
521 -33.0583 -71.6134
881 -33.0583 -71.6134
203 -33.0583 -71.613
227 -33.0582 -71.6131
476 -33.0581 -71.6144
68 -33.0581 -71.6144
713 -33.0581 -71.6144
831 -33.058 -71.6139
377 -33.0577 -71.6145
885 -33.0577 -71.6144
389 -33.0579 -71.6139
687 -33.0581 -71.6138
963 -33.0582 -71.6131
623 -33.0582 -71.613
805 -33.0582 -71.613
848 -33.0581 -71.6133
212 -33.0581 -71.6136
520 -33.0577 -71.6131
35 -33.0577 -71.6131
534 -33.0585 -71.613
658 -33.0585 -71.613
214 -33.0583 -71.6127
842 -33.0583 -71.6126
645 -33.0583 -71.6127
547 -33.0582 -71.6129
210 -33.0582 -71.6128
872 -33.0583 -71.6127
197 -33.0585 -71.6124
151 -33.0584 -71.6117
815 -33.0585 -71.6113
558 -33.0584 -71.6106
606 -33.0583 -71.6113
108 -33.0582 -71.6123
770 -33.0582 -71.6113
542 -33.0582 -71.6106
372 -33.0582 -71.6106
725 -33.058 -71.613
588 -33.058 -71.613
791 -33.0579 -71.6129
666 -33.0578 -71.6129
638 -33.0578 -71.6129
186 -33.0578 -71.6129
649 -33.0578 -71.6129
775 -33.0581 -71.6125
442 -33.058 -71.6119
587 -33.058 -71.6114
821 -33.0581 -71.6108
15 -33.058 -71.6113
569 -33.0579 -71.6113
510 -33.0577 -71.6107
566 -33.0576 -71.6129
867 -33.0574 -71.6143
266 -33.0575 -71.6139
253 -33.0575 -71.6139
17 -33.0574 -71.6143
91 -33.0573 -71.6147
260 -33.0574 -71.6144
382 -33.0574 -71.6143
429 -33.0574 -71.6137
591 -33.0576 -71.6134
173 -33.0576 -71.6129
270 -33.0576 -71.6129
40 -33.0574 -71.6135
536 -33.0573 -71.6137
33 -33.0574 -71.6128
508 -33.0573 -71.6128
161 -33.0572 -71.6136
115 -33.0571 -71.6148
85 -33.057 -71.6148
412 -33.0569 -71.6147
142 -33.0569 -71.6147
176 -33.0567 -71.6148
688 -33.0568 -71.6147
106 -33.0568 -71.6147
884 -33.0568 -71.6147
550 -33.0568 -71.6147
850 -33.0568 -71.6147
574 -33.0568 -71.6147
59 -33.0563 -71.6131
618 -33.0561 -71.6131
380 -33.0562 -71.6131
906 -33.0573 -71.6128
617 -33.0573 -71.6128
914 -33.0572 -71.6128
683 -33.057 -71.6127
717 -33.0569 -71.6126
188 -33.0566 -71.6125
568 -33.0565 -71.6124
758 -33.0564 -71.6124
44 -33.0562 -71.6124
861 -33.0575 -71.6119
681 -33.0575 -71.6116
673 -33.0574 -71.6106
346 -33.0561 -71.6123
851 -33.0555 -71.6124
862 -33.0544 -71.6123
559 -33.0557 -71.6123
604 -33.0538 -71.6113
553 -33.0535 -71.6122
972 -33.053 -71.6121
793 -33.0529 -71.6121
827 -33.0521 -71.6118
101 -33.0498 -71.6123
447 -33.0512 -71.612
9 -33.052 -71.6118
901 -33.0536 -71.6114
348 -33.0536 -71.6113
81 -33.0537 -71.6113
696 -33.0501 -71.6106
802 -33.0501 -71.6106
322 -33.0501 -71.6107
139 -33.0501 -71.6106
818 -33.0618 -71.6105
420 -33.0647 -71.6104
326 -33.0646 -71.6101
63 -33.0632 -71.61
774 -33.0631 -71.6103
858 -33.063 -71.6099
282 -33.063 -71.6099
715 -33.0624 -71.6097
470 -33.0623 -71.6096
677 -33.0644 -71.6095
469 -33.0637 -71.6095
79 -33.0638 -71.6092
335 -33.0635 -71.6092
422 -33.062 -71.6095
473 -33.0632 -71.6093
438 -33.0629 -71.6092
532 -33.0618 -71.6094
62 -33.0616 -71.6105
581 -33.0617 -71.6103
576 -33.0617 -71.6103
646 -33.0615 -71.6103
26 -33.061 -71.6103
879 -33.0613 -71.6102
60 -33.0613 -71.6101
608 -33.0612 -71.61
952 -33.0614 -71.6094
183 -33.0613 -71.6094
328 -33.0612 -71.6094
690 -33.0612 -71.6093
94 -33.0612 -71.6098
970 -33.0608 -71.6096
757 -33.061 -71.6092
471 -33.061 -71.6092
944 -33.0625 -71.6092
723 -33.0623 -71.6091
219 -33.0624 -71.6091
664 -33.062 -71.6091
714 -33.0615 -71.6089
981 -33.0612 -71.6089
369 -33.061 -71.6089
653 -33.061 -71.6089
350 -33.0624 -71.6083
463 -33.0625 -71.608
225 -33.0631 -71.6077
156 -33.0623 -71.6083
72 -33.0622 -71.6085
419 -33.0617 -71.608
398 -33.0613 -71.6077
461 -33.061 -71.6086
752 -33.0609 -71.609
741 -33.0609 -71.6089
192 -33.0609 -71.6086
832 -33.0609 -71.6088
71 -33.0607 -71.6087
624 -33.0607 -71.6087
882 -33.0607 -71.6086
736 -33.0607 -71.6085
294 -33.0607 -71.6085
746 -33.0606 -71.6085
753 -33.0607 -71.6079
788 -33.0606 -71.6085
199 -33.0606 -71.6085
997 -33.0605 -71.6077
556 -33.0605 -71.6077
415 -33.0604 -71.6104
97 -33.0603 -71.6101
138 -33.0605 -71.6096
190 -33.0602 -71.6104
886 -33.0602 -71.6103
305 -33.0601 -71.6101
866 -33.0596 -71.6098
73 -33.0605 -71.6093
375 -33.0604 -71.6084
332 -33.0602 -71.6083
103 -33.0602 -71.6082
626 -33.06 -71.6088
132 -33.06 -71.6088
810 -33.0598 -71.6082
167 -33.0598 -71.6082
141 -33.0595 -71.6098
765 -33.0592 -71.6104
391 -33.0591 -71.61
143 -33.0595 -71.6098
362 -33.0589 -71.6095
657 -33.0586 -71.6101
433 -33.0583 -71.6099
856 -33.0587 -71.6093
931 -33.0587 -71.6089
236 -33.0588 -71.6088
2 -33.0592 -71.6088
308 -33.0592 -71.6081
554 -33.0587 -71.6083
257 -33.0583 -71.6087
650 -33.0583 -71.6085
242 -33.0598 -71.6081
339 -33.0598 -71.6079
215 -33.0598 -71.6079
468 -33.0601 -71.6079
813 -33.0598 -71.6079
846 -33.059 -71.6079
528 -33.059 -71.6079
232 -33.0598 -71.6079
888 -33.0601 -71.6078
395 -33.0604 -71.6077
287 -33.0603 -71.6077
737 -33.0601 -71.6077
229 -33.0599 -71.6078
839 -33.0597 -71.6078
299 -33.059 -71.6077
731 -33.0594 -71.6077
682 -33.059 -71.6077
616 -33.0585 -71.6079
289 -33.0588 -71.6078
929 -33.0589 -71.6078
959 -33.0585 -71.608
675 -33.0584 -71.608
896 -33.0584 -71.608
965 -33.0584 -71.608
667 -33.0589 -71.6078
871 -33.059 -71.6077
410 -33.059 -71.6077
264 -33.059 -71.6077
913 -33.0589 -71.6078
359 -33.0589 -71.6078
921 -33.0589 -71.6078
194 -33.0591 -71.6077
400 -33.0631 -71.6075
478 -33.0622 -71.6074
833 -33.0619 -71.6069
662 -33.0619 -71.6068
977 -33.0617 -71.6073
56 -33.0613 -71.6071
785 -33.0614 -71.607
331 -33.0642 -71.6068
441 -33.0634 -71.6065
291 -33.0637 -71.6064
296 -33.0638 -71.6064
147 -33.0633 -71.6065
672 -33.0625 -71.6068
923 -33.0618 -71.6064
557 -33.0622 -71.6063
836 -33.0613 -71.6067
325 -33.0608 -71.6075
502 -33.0607 -71.6074
966 -33.0613 -71.6069
365 -33.0607 -71.6071
912 -33.0602 -71.6072
281 -33.0602 -71.607
300 -33.0606 -71.6068
808 -33.0612 -71.6068
381 -33.0611 -71.6066
159 -33.0609 -71.6065
137 -33.0609 -71.6065
925 -33.0607 -71.6064
321 -33.0601 -71.6067
772 -33.0601 -71.6065
83 -33.0601 -71.6063
592 -33.0623 -71.6062
924 -33.064 -71.6061
870 -33.0648 -71.606
90 -33.0644 -71.6059
112 -33.0632 -71.6062
78 -33.0632 -71.6062
922 -33.063 -71.6061
769 -33.0626 -71.6058
825 -33.0624 -71.6056
169 -33.0623 -71.6055
620 -33.0623 -71.6055
857 -33.0624 -71.6055
843 -33.0623 -71.6055
622 -33.0622 -71.6055
261 -33.0621 -71.6054
32 -33.0617 -71.605
293 -33.0615 -71.605
845 -33.0606 -71.6055
491 -33.061 -71.6055
505 -33.0607 -71.6055
16 -33.0605 -71.6056
120 -33.0602 -71.606
544 -33.0602 -71.6059
172 -33.0605 -71.6056
284 -33.0607 -71.6054
158 -33.0615 -71.6049
951 -33.0612 -71.6049
99 -33.0614 -71.6049
349 -33.0609 -71.6053
417 -33.0608 -71.6054
669 -33.0608 -71.6053
276 -33.0601 -71.606
806 -33.0593 -71.6076
122 -33.0594 -71.6076
720 -33.0594 -71.6076
245 -33.0593 -71.6076
21 -33.0592 -71.6076
691 -33.0593 -71.6076
371 -33.0593 -71.6076
989 -33.0594 -71.6076
46 -33.0601 -71.6072
243 -33.0601 -71.6065
404 -33.0595 -71.6065
954 -33.0594 -71.6064
397 -33.0592 -71.6073
378 -33.0592 -71.6068
671 -33.0591 -71.6067
280 -33.0591 -71.6075
110 -33.0584 -71.6073
980 -33.0584 -71.6067
887 -33.0586 -71.6067
552 -33.0584 -71.6066
182 -33.0583 -71.6071
168 -33.0584 -71.6067
41 -33.0583 -71.6067
555 -33.0587 -71.6066
126 -33.0588 -71.6066
704 -33.0588 -71.6066
67 -33.0589 -71.6065
184 -33.0587 -71.6066
567 -33.0586 -71.6066
6 -33.0587 -71.6066
125 -33.0594 -71.6064
129 -33.0601 -71.6063
311 -33.06 -71.6062
411 -33.0599 -71.6062
910 -33.0597 -71.6063
873 -33.0593 -71.6064
578 -33.0594 -71.6064
267 -33.0594 -71.6064
8 -33.06 -71.6061
670 -33.0601 -71.6061
230 -33.0601 -71.606
30 -33.0596 -71.6045
1 -33.0595 -71.6051
256 -33.0594 -71.6055
406 -33.0594 -71.6053
826 -33.0594 -71.6044
527 -33.0592 -71.6063
247 -33.0592 -71.6064
513 -33.0591 -71.6063
525 -33.059 -71.6063
628 -33.0588 -71.6062
840 -33.0584 -71.6062
782 -33.0583 -71.6062
223 -33.0585 -71.6062
984 -33.0583 -71.6058
221 -33.0591 -71.6054
196 -33.0587 -71.6051
149 -33.0587 -71.605
957 -33.0587 -71.6051
595 -33.0583 -71.6051
937 -33.0586 -71.6051
875 -33.0583 -71.6092
517 -33.0578 -71.6103
384 -33.0577 -71.6102
745 -33.0582 -71.6101
336 -33.0576 -71.6101
540 -33.0575 -71.6103
358 -33.0575 -71.6101
915 -33.0575 -71.6101
895 -33.0573 -71.61
975 -33.058 -71.6099
268 -33.058 -71.6099
454 -33.0582 -71.609
744 -33.0576 -71.6096
621 -33.0573 -71.61
65 -33.0575 -71.6097
874 -33.0576 -71.6088
388 -33.0572 -71.61
345 -33.0557 -71.6104
278 -33.056 -71.6103
27 -33.056 -71.6103
337 -33.0551 -71.6104
31 -33.0545 -71.6105
77 -33.0546 -71.6104
780 -33.0548 -71.6104
920 -33.0565 -71.61
995 -33.0567 -71.6096
180 -33.0568 -71.6096
894 -33.0564 -71.6096
162 -33.0557 -71.6092
401 -33.0552 -71.6098
133 -33.0554 -71.6095
74 -33.0555 -71.6094
535 -33.0575 -71.6088
800 -33.0582 -71.6084
244 -33.058 -71.6083
828 -33.0549 -71.6083
425 -33.0549 -71.6083
956 -33.0547 -71.6085
481 -33.0549 -71.6083
178 -33.0549 -71.6083
240 -33.0549 -71.6083
811 -33.0579 -71.6083
847 -33.0551 -71.6082
45 -33.0579 -71.6082
654 -33.055 -71.6082
363 -33.0549 -71.6083
153 -33.0549 -71.6083
64 -33.055 -71.6083
457 -33.0546 -71.6085
231 -33.0545 -71.6085
823 -33.0545 -71.6085
119 -33.0545 -71.6085
418 -33.0545 -71.6085
234 -33.0545 -71.6085
701 -33.0544 -71.6085
590 -33.0544 -71.6085
680 -33.0544 -71.6085
728 -33.0543 -71.6085
634 -33.0546 -71.6085
807 -33.0546 -71.6085
0 -33.0542 -71.6085
637 -33.0542 -71.6085
538 -33.054 -71.6085
648 -33.054 -71.6085
660 -33.0537 -71.6105
314 -33.0537 -71.6105
834 -33.0538 -71.6105
394 -33.0536 -71.6105
855 -33.0536 -71.6105
484 -33.0509 -71.6101
732 -33.051 -71.6101
643 -33.051 -71.6101
152 -33.0514 -71.6097
724 -33.0514 -71.6097
530 -33.0515 -71.6096
722 -33.0514 -71.6097
939 -33.0511 -71.61
755 -33.0512 -71.6099
55 -33.0513 -71.6098
583 -33.0508 -71.6102
633 -33.0502 -71.6104
982 -33.0502 -71.6103
493 -33.0507 -71.6102
222 -33.0501 -71.6104
735 -33.0501 -71.6105
784 -33.0501 -71.6105
220 -33.0501 -71.6105
935 -33.0506 -71.6102
80 -33.0506 -71.6102
485 -33.0506 -71.6102
88 -33.0506 -71.6102
34 -33.0505 -71.6102
360 -33.0504 -71.6101
718 -33.0502 -71.6101
968 -33.0517 -71.6094
515 -33.0537 -71.6085
374 -33.0537 -71.6085
462 -33.0538 -71.6085
302 -33.0536 -71.6085
432 -33.0536 -71.6085
612 -33.0534 -71.6085
960 -33.0533 -71.6085
218 -33.0533 -71.6084
519 -33.0532 -71.6084
586 -33.0532 -71.6084
778 -33.0531 -71.6084
541 -33.0531 -71.6084
854 -33.0531 -71.6084
631 -33.053 -71.6083
84 -33.053 -71.6083
436 -33.053 -71.6083
48 -33.0521 -71.6087
933 -33.0521 -71.6086
283 -33.0521 -71.6086
694 -33.052 -71.609
716 -33.052 -71.6091
383 -33.052 -71.609
799 -33.0514 -71.6083
36 -33.0529 -71.6083
868 -33.0528 -71.6083
50 -33.0528 -71.6083
941 -33.0526 -71.6082
897 -33.0526 -71.6082
440 -33.0522 -71.6083
213 -33.0526 -71.6082
630 -33.0579 -71.6082
39 -33.0579 -71.6082
570 -33.0579 -71.6082
594 -33.058 -71.6082
699 -33.0578 -71.6082
514 -33.0578 -71.6082
426 -33.0578 -71.6082
584 -33.0577 -71.6081
37 -33.058 -71.6081
490 -33.0582 -71.6081
609 -33.0582 -71.608
445 -33.0582 -71.6077
28 -33.0581 -71.6081
993 -33.0581 -71.6078
193 -33.0577 -71.6076
613 -33.0577 -71.6073
319 -33.0577 -71.6076
131 -33.0577 -71.6081
114 -33.0576 -71.6081
684 -33.0576 -71.6081
893 -33.0575 -71.6081
663 -33.0574 -71.6081
330 -33.0574 -71.6081
451 -33.0574 -71.6081
824 -33.0573 -71.6081
814 -33.0572 -71.608
3 -33.0572 -71.608
390 -33.0577 -71.6072
486 -33.0572 -71.608
246 -33.0571 -71.607
969 -33.0571 -71.607
459 -33.0572 -71.607
95 -33.0572 -71.607
135 -33.0579 -71.6068
689 -33.0582 -71.6067
104 -33.0582 -71.6067
953 -33.0579 -71.6068
47 -33.0579 -71.6068
503 -33.0578 -71.6066
357 -33.0578 -71.6062
990 -33.058 -71.6062
492 -33.0582 -71.6062
136 -33.0582 -71.6059
564 -33.0583 -71.6057
477 -33.058 -71.6059
316 -33.0577 -71.6058
460 -33.0578 -71.6058
776 -33.0579 -71.6046
777 -33.0577 -71.6068
344 -33.0575 -71.6069
936 -33.0575 -71.6069
926 -33.0576 -71.6068
396 -33.0575 -71.6069
356 -33.0573 -71.6069
928 -33.0572 -71.6069
352 -33.0575 -71.6069
543 -33.0576 -71.6068
443 -33.0576 -71.6068
98 -33.0575 -71.6051
768 -33.0576 -71.6049
472 -33.0575 -71.6061
943 -33.0574 -71.6068
121 -33.0572 -71.6047
841 -33.057 -71.607
249 -33.057 -71.608
288 -33.057 -71.608
798 -33.057 -71.608
338 -33.0569 -71.608
865 -33.0569 -71.608
524 -33.0569 -71.608
974 -33.0569 -71.608
4 -33.0567 -71.608
817 -33.0566 -71.608
750 -33.0565 -71.608
539 -33.0564 -71.608
439 -33.0564 -71.608
526 -33.0564 -71.608
317 -33.0563 -71.608
932 -33.0563 -71.608
465 -33.0563 -71.608
76 -33.0552 -71.6081
207 -33.0552 -71.6081
444 -33.0552 -71.6081
140 -33.0525 -71.6082
318 -33.0524 -71.6081
853 -33.0524 -71.6081
206 -33.0523 -71.6081
665 -33.0553 -71.6081
86 -33.0554 -71.608
695 -33.0562 -71.608
258 -33.0562 -71.6079
522 -33.0553 -71.608
548 -33.0553 -71.608
709 -33.0553 -71.608
985 -33.056 -71.6079
428 -33.056 -71.6075
379 -33.0565 -71.6075
164 -33.0563 -71.6074
58 -33.056 -71.6079
656 -33.0559 -71.6079
779 -33.0557 -71.6078
651 -33.056 -71.6075
766 -33.0565 -71.6073
898 -33.0568 -71.6071
702 -33.0569 -71.6071
781 -33.057 -71.6046
507 -33.0564 -71.6045
792 -33.056 -71.6043
533 -33.056 -71.6043
729 -33.056 -71.6043
312 -33.0557 -71.6077
719 -33.0557 -71.6078
96 -33.0556 -71.6078
947 -33.0556 -71.6078
596 -33.0556 -71.6078
518 -33.0555 -71.6079
804 -33.0555 -71.6079
685 -33.0555 -71.6079
241 -33.0557 -71.6077
342 -33.0557 -71.6077
329 -33.0557 -71.6077
899 -33.054 -71.6059
248 -33.0535 -71.6063
435 -33.0522 -71.6074
971 -33.0534 -71.6063
