619 -33.0607 -71.6162
760 -33.0608 -71.6161
455 -33.061 -71.6161
271 -33.0607 -71.6162
290 -33.06 -71.6165
838 -33.0601 -71.6164
907 -33.0601 -71.6164
754 -33.0611 -71.616
301 -33.0615 -71.6158
978 -33.0627 -71.6151
475 -33.0626 -71.615
456 -33.0604 -71.6158
154 -33.0601 -71.6159
803 -33.0603 -71.6159
61 -33.0599 -71.6146
726 -33.0597 -71.6145
403 -33.0594 -71.6167
466 -33.0596 -71.6166
423 -33.0594 -71.6165
179 -33.0594 -71.6167
145 -33.0591 -71.6168
495 -33.0593 -71.6168
166 -33.0593 -71.6168
446 -33.0597 -71.6163
962 -33.0596 -71.6148
773 -33.0596 -71.6148
549 -33.0597 -71.6146
274 -33.0595 -71.6147
698 -33.0593 -71.615
424 -33.0593 -71.6149
819 -33.0593 -71.6149
450 -33.0591 -71.6145
467 -33.0606 -71.6141
123 -33.0606 -71.6141
686 -33.0607 -71.614
945 -33.0603 -71.6143
367 -33.06 -71.6144
279 -33.0602 -71.6143
762 -33.0603 -71.614
483 -33.0607 -71.6139
994 -33.061 -71.6134
189 -33.061 -71.6134
917 -33.0623 -71.6132
127 -33.0608 -71.6136
134 -33.06 -71.6135
751 -33.0601 -71.6134
269 -33.0601 -71.6132
816 -33.06 -71.6134
641 -33.0595 -71.6139
150 -33.0596 -71.6138
967 -33.0598 -71.6138
405 -33.0595 -71.614
373 -33.0593 -71.6142
107 -33.0594 -71.6142
69 -33.0595 -71.614
927 -33.0598 -71.6137
354 -33.0598 -71.6137
580 -33.06 -71.6136
146 -33.0599 -71.6135
916 -33.0591 -71.6135
464 -33.0591 -71.6136
402 -33.0591 -71.6136
950 -33.0591 -71.6134
262 -33.0587 -71.6171
431 -33.0588 -71.617
171 -33.0588 -71.6169
908 -33.0585 -71.6172
946 -33.0584 -71.6173
930 -33.0585 -71.6173
611 -33.0584 -71.6169
448 -33.0589 -71.6169
49 -33.0586 -71.6154
7 -33.059 -71.6152
809 -33.059 -71.6151
546 -33.0585 -71.6154
506 -33.0584 -71.6162
117 -33.0584 -71.6151
711 -33.0583 -71.6151
767 -33.0583 -71.6159
727 -33.0582 -71.6175
614 -33.0582 -71.6174
487 -33.0583 -71.6174
393 -33.058 -71.6176
830 -33.0579 -71.6178
128 -33.0579 -71.6177
327 -33.0579 -71.6177
198 -33.0583 -71.6157
89 -33.0582 -71.615
721 -33.058 -71.615
992 -33.0582 -71.615
892 -33.058 -71.615
864 -33.058 -71.615
545 -33.0579 -71.615
228 -33.0579 -71.615
636 -33.0586 -71.6149
488 -33.0588 -71.6148
355 -33.0588 -71.6148
341 -33.0586 -71.6147
761 -33.0585 -71.6148
973 -33.0584 -71.6148
254 -33.0584 -71.6148
434 -33.0584 -71.6148
797 -33.0586 -71.6146
512 -33.0586 -71.6144
822 -33.0589 -71.6133
102 -33.0589 -71.6133
668 -33.0586 -71.6133
571 -33.0584 -71.6138
211 -33.0585 -71.6137
216 -33.0586 -71.6135
844 -33.0584 -71.6148
292 -33.0584 -71.6149
105 -33.0583 -71.6148
175 -33.0584 -71.6139
551 -33.0582 -71.6142
476 -33.0581 -71.6144
713 -33.058 -71.6144
948 -33.0582 -71.6142
389 -33.0579 -71.6139
919 -33.0583 -71.6136
521 -33.0583 -71.6134
881 -33.0583 -71.6134
730 -33.0582 -71.6137
212 -33.0581 -71.6136
848 -33.0581 -71.6133
587 -33.0582 -71.6132
579 -33.0623 -71.613
118 -33.0634 -71.6129
674 -33.0606 -71.6127
537 -33.0606 -71.6127
370 -33.0605 -71.6128
408 -33.0606 -71.6127
251 -33.0606 -71.6127
407 -33.0608 -71.6125
531 -33.0627 -71.6124
238 -33.0627 -71.6124
501 -33.0627 -71.6123
351 -33.0612 -71.6122
679 -33.061 -71.6123
582 -33.0611 -71.6123
14 -33.0612 -71.6122
387 -33.0605 -71.6128
693 -33.0602 -71.6131
255 -33.0603 -71.613
601 -33.0598 -71.6128
224 -33.0597 -71.6128
986 -33.0596 -71.6128
603 -33.0597 -71.6128
347 -33.0597 -71.6128
295 -33.0598 -71.6128
577 -33.0604 -71.6128
789 -33.0604 -71.6128
237 -33.0603 -71.6124
272 -33.0602 -71.6128
160 -33.0599 -71.6128
310 -33.06 -71.6128
414 -33.06 -71.6128
747 -33.0613 -71.6122
976 -33.064 -71.6121
774 -33.0629 -71.6121
640 -33.0624 -71.612
869 -33.0623 -71.612
51 -33.0621 -71.612
209 -33.0623 -71.612
366 -33.0621 -71.612
958 -33.0621 -71.612
482 -33.064 -71.6116
420 -33.0643 -71.6115
326 -33.0646 -71.6114
523 -33.0633 -71.6117
642 -33.0621 -71.612
286 -33.062 -71.612
561 -33.063 -71.6116
52 -33.0619 -71.612
57 -33.0617 -71.612
452 -33.0618 -71.612
646 -33.0619 -71.6119
733 -33.0617 -71.6121
480 -33.0614 -71.6121
413 -33.0615 -71.6121
12 -33.0611 -71.6119
818 -33.0619 -71.6118
879 -33.0619 -71.6117
60 -33.0619 -71.6117
608 -33.0619 -71.6114
627 -33.0609 -71.6115
368 -33.0598 -71.6116
307 -33.0607 -71.6116
991 -33.0595 -71.6125
124 -33.0588 -71.6129
863 -33.0588 -71.6129
202 -33.0588 -71.6129
615 -33.0587 -71.613
334 -33.0586 -71.613
70 -33.0586 -71.613
324 -33.0586 -71.613
208 -33.0589 -71.6129
22 -33.0594 -71.6129
19 -33.0594 -71.6129
575 -33.0594 -71.6129
309 -33.0593 -71.6129
200 -33.0589 -71.6129
759 -33.0593 -71.6129
742 -33.0589 -71.6128
42 -33.0585 -71.613
877 -33.0582 -71.613
661 -33.0583 -71.613
607 -33.0583 -71.613
771 -33.0582 -71.613
963 -33.0582 -71.6131
227 -33.0582 -71.6131
498 -33.0582 -71.613
87 -33.0583 -71.613
18 -33.0584 -71.613
801 -33.0584 -71.613
837 -33.0584 -71.613
235 -33.0581 -71.613
265 -33.0581 -71.613
725 -33.058 -71.613
872 -33.0583 -71.6127
376 -33.0595 -71.6126
602 -33.0595 -71.6125
998 -33.0595 -71.6124
955 -33.0595 -71.612
23 -33.0592 -71.6126
303 -33.0591 -71.6125
676 -33.0591 -71.6122
252 -33.0595 -71.6118
743 -33.0595 -71.6117
563 -33.0593 -71.6116
909 -33.0595 -71.6113
298 -33.0593 -71.6116
259 -33.0589 -71.6112
748 -33.0589 -71.6112
187 -33.0592 -71.6112
386 -33.0589 -71.6127
20 -33.0589 -71.6127
29 -33.0588 -71.6126
905 -33.0587 -71.6124
197 -33.0585 -71.6124
645 -33.0583 -71.6127
214 -33.0583 -71.6127
842 -33.0583 -71.6126
542 -33.0581 -71.6123
108 -33.0582 -71.6123
560 -33.0588 -71.6117
606 -33.0583 -71.6113
151 -33.058 -71.6118
442 -33.058 -71.6119
15 -33.058 -71.6113
569 -33.0579 -71.6113
961 -33.0569 -71.6183
904 -33.0568 -71.6183
66 -33.0573 -71.6182
364 -33.0568 -71.6183
109 -33.0565 -71.6182
130 -33.0564 -71.6182
165 -33.0564 -71.6181
703 -33.0577 -71.6179
597 -33.0577 -71.6179
504 -33.0578 -71.6178
585 -33.0574 -71.6171
100 -33.057 -71.6171
964 -33.0563 -71.6165
940 -33.0562 -71.616
494 -33.0562 -71.616
572 -33.0562 -71.616
979 -33.0561 -71.618
313 -33.0561 -71.6161
859 -33.0561 -71.6161
999 -33.056 -71.6162
10 -33.056 -71.618
983 -33.056 -71.618
53 -33.056 -71.6162
13 -33.0562 -71.616
176 -33.0562 -71.6159
884 -33.0562 -71.6159
688 -33.0561 -71.6158
550 -33.0561 -71.6158
191 -33.056 -71.6159
850 -33.0561 -71.6158
106 -33.0561 -71.6158
574 -33.0561 -71.6157
260 -33.0563 -71.615
17 -33.0564 -71.615
787 -33.0577 -71.6149
250 -33.0563 -71.6151
163 -33.0562 -71.6151
678 -33.0563 -71.6151
749 -33.0563 -71.6151
361 -33.0578 -71.6149
600 -33.0576 -71.6149
812 -33.0576 -71.6149
204 -33.0575 -71.6149
343 -33.0574 -71.6149
632 -33.0565 -71.6149
323 -33.0574 -71.6149
783 -33.0566 -71.6149
500 -33.0561 -71.6152
142 -33.0561 -71.6157
412 -33.0561 -71.6157
85 -33.0561 -71.6156
796 -33.056 -71.6155
115 -33.056 -71.6155
890 -33.056 -71.6155
24 -33.056 -71.6155
647 -33.056 -71.6155
38 -33.056 -71.6152
659 -33.0561 -71.6152
852 -33.0561 -71.6152
75 -33.056 -71.6153
497 -33.056 -71.6154
111 -33.056 -71.6153
226 -33.056 -71.6154
949 -33.0559 -71.618
786 -33.0558 -71.618
697 -33.0558 -71.6163
217 -33.0558 -71.6164
589 -33.0555 -71.6172
829 -33.0556 -71.6172
883 -33.0557 -71.6167
479 -33.0558 -71.6163
174 -33.056 -71.6159
273 -33.056 -71.6159
652 -33.0559 -71.6159
692 -33.0558 -71.6159
900 -33.0556 -71.6159
712 -33.0556 -71.6159
529 -33.0555 -71.6159
598 -33.0554 -71.6174
629 -33.0547 -71.6189
409 -33.0549 -71.6184
511 -33.0549 -71.6184
849 -33.0544 -71.6189
516 -33.0533 -71.6188
509 -33.0538 -71.6184
427 -33.0541 -71.6184
708 -33.055 -71.6181
987 -33.0552 -71.6178
25 -33.0553 -71.6177
263 -33.0553 -71.6158
92 -33.0552 -71.6178
710 -33.0551 -71.6178
764 -33.0528 -71.6159
453 -33.0553 -71.6158
239 -33.0552 -71.6158
416 -33.0551 -71.6158
573 -33.0549 -71.6158
889 -33.0548 -71.6158
170 -33.0548 -71.6158
333 -33.0547 -71.6157
113 -33.0546 -71.6157
304 -33.056 -71.6154
5 -33.056 -71.6154
195 -33.0559 -71.6154
496 -33.0559 -71.6154
144 -33.0559 -71.6153
315 -33.0559 -71.6153
353 -33.0552 -71.6153
54 -33.0549 -71.6151
639 -33.0545 -71.6157
605 -33.0545 -71.6157
155 -33.0545 -71.6157
763 -33.0542 -71.6157
794 -33.0541 -71.6156
911 -33.0529 -71.6157
988 -33.052 -71.6156
157 -33.0541 -71.6156
205 -33.0518 -71.6156
644 -33.0529 -71.6156
635 -33.0536 -71.6156
610 -33.0534 -71.6155
277 -33.0518 -71.6156
820 -33.0518 -71.6156
938 -33.0518 -71.6156
565 -33.0574 -71.6149
734 -33.0573 -71.6147
421 -33.0574 -71.6146
377 -33.0577 -71.6145
880 -33.0573 -71.6149
687 -33.0573 -71.6149
860 -33.0573 -71.6148
593 -33.0573 -71.6148
885 -33.0577 -71.6144
891 -33.0575 -71.6139
775 -33.0577 -71.6139
210 -33.0575 -71.6139
547 -33.0575 -71.614
68 -33.0574 -71.6141
185 -33.0573 -71.6137
40 -33.0574 -71.6135
320 -33.0572 -71.6148
831 -33.0571 -71.6148
835 -33.0571 -71.6148
795 -33.057 -71.6148
430 -33.0567 -71.6148
756 -33.0566 -71.6149
385 -33.0566 -71.6149
266 -33.0566 -71.6148
116 -33.057 -71.6148
340 -33.057 -71.6148
399 -33.057 -71.6148
93 -33.0569 -71.6147
739 -33.0568 -71.6147
253 -33.0567 -71.6148
148 -33.0567 -71.6148
177 -33.0568 -71.6147
181 -33.057 -71.6134
82 -33.0579 -71.6129
738 -33.0579 -71.6129
599 -33.0578 -71.6129
437 -33.0578 -71.6129
591 -33.0576 -71.6134
520 -33.0577 -71.6131
35 -33.0577 -71.6131
655 -33.0578 -71.6129
306 -33.0578 -71.6129
233 -33.0578 -71.6129
649 -33.0578 -71.6129
173 -33.0576 -71.6129
707 -33.0576 -71.6129
942 -33.0575 -71.6128
681 -33.0575 -71.6116
201 -33.0575 -71.6128
392 -33.0574 -71.6128
902 -33.0574 -71.6128
275 -33.0571 -71.6127
562 -33.0571 -71.6127
625 -33.0569 -71.6134
91 -33.0569 -71.6134
658 -33.0571 -71.6127
534 -33.057 -71.6127
449 -33.057 -71.6127
996 -33.057 -71.6126
203 -33.0569 -71.6126
805 -33.0567 -71.6126
623 -33.0567 -71.6126
186 -33.0567 -71.6125
382 -33.0565 -71.6132
867 -33.0565 -71.6132
588 -33.0565 -71.6125
666 -33.0564 -71.6124
791 -33.0564 -71.6124
161 -33.0558 -71.6131
536 -33.0559 -71.6131
429 -33.0559 -71.6131
638 -33.0564 -71.6124
566 -33.0562 -71.6124
270 -33.0561 -71.6123
33 -33.056 -71.6123
906 -33.0559 -71.6123
717 -33.0555 -71.6124
683 -33.0555 -71.6123
617 -33.0559 -71.6123
188 -33.0551 -71.6124
59 -33.0549 -71.6129
380 -33.0548 -71.6129
618 -33.0547 -71.6128
827 -33.0511 -71.6126
101 -33.0495 -71.614
447 -33.0505 -71.613
9 -33.0511 -71.6126
139 -33.0498 -71.6124
568 -33.055 -71.6124
758 -33.0549 -71.6124
44 -33.0548 -71.6124
346 -33.0546 -71.6124
322 -33.0498 -71.6124
802 -33.0498 -71.6124
508 -33.0559 -71.6123
914 -33.0558 -71.6123
559 -33.0542 -71.6123
851 -33.054 -71.6122
862 -33.0529 -71.6121
553 -33.052 -71.612
972 -33.0515 -71.612
901 -33.0521 -71.6117
348 -33.0522 -71.6117
394 -33.0533 -71.6115
660 -33.0533 -71.6115
834 -33.0535 -71.6114
314 -33.0533 -71.6115
81 -33.0522 -71.6117
604 -33.0523 -71.6117
855 -33.0533 -71.6115
793 -33.0514 -71.612
718 -33.0499 -71.6119
360 -33.0499 -71.6117
34 -33.0499 -71.6116
633 -33.0499 -71.6121
696 -33.0498 -71.6123
735 -33.0498 -71.6123
222 -33.0498 -71.6122
80 -33.05 -71.6115
935 -33.05 -71.6114
485 -33.05 -71.6114
493 -33.05 -71.6113
88 -33.0499 -71.6113
784 -33.0492 -71.6112
982 -33.0494 -71.6112
220 -33.0492 -71.6112
934 -33.0618 -71.6111
297 -33.0618 -71.6108
790 -33.064 -71.6108
474 -33.0618 -71.6108
43 -33.0618 -71.6106
700 -33.0617 -71.6106
581 -33.0617 -71.6103
576 -33.0617 -71.6103
63 -33.0632 -71.61
499 -33.0627 -71.6099
677 -33.0638 -71.6095
11 -33.0625 -71.6099
858 -33.0618 -71.6094
438 -33.0618 -71.6094
473 -33.062 -71.6094
422 -33.0616 -71.6094
903 -33.0614 -71.6107
285 -33.0616 -71.6105
705 -33.0615 -71.6104
740 -33.0613 -71.6101
876 -33.0603 -71.611
886 -33.0602 -71.6103
26 -33.061 -71.6103
918 -33.061 -71.6097
282 -33.0616 -71.6094
944 -33.0614 -71.6094
219 -33.0613 -71.6094
878 -33.061 -71.6096
138 -33.0605 -71.6096
970 -33.0608 -71.6096
489 -33.061 -71.6095
723 -33.0612 -71.6093
79 -33.0623 -71.6091
469 -33.0623 -71.6091
335 -33.062 -71.6091
715 -33.061 -71.6093
458 -33.061 -71.6093
470 -33.061 -71.6092
664 -33.061 -71.6092
72 -33.0616 -71.6089
478 -33.0618 -71.6088
225 -33.0621 -71.6085
400 -33.0624 -71.608
419 -33.0617 -71.608
463 -33.0615 -71.6089
156 -33.0612 -71.6089
350 -33.0611 -71.6089
461 -33.061 -71.6086
62 -33.061 -71.609
94 -33.0608 -71.6088
532 -33.0607 -71.6088
746 -33.0606 -71.6085
73 -33.0605 -71.6093
952 -33.0605 -71.6084
183 -33.0605 -71.6084
328 -33.0604 -71.6084
690 -33.0604 -71.6084
714 -33.0602 -71.6082
753 -33.0607 -71.6079
332 -33.0602 -71.6083
757 -33.0601 -71.6082
468 -33.0601 -71.6079
888 -33.0601 -71.6078
190 -33.0597 -71.6107
97 -33.0598 -71.6102
305 -33.0601 -71.6101
866 -33.0596 -71.6098
415 -33.0589 -71.6105
765 -33.0589 -71.6105
657 -33.0586 -71.6101
362 -33.0589 -71.6095
626 -33.06 -71.6088
132 -33.06 -71.6088
810 -33.0598 -71.6082
2 -33.0592 -71.6088
856 -33.0587 -71.6093
236 -33.0588 -71.6088
257 -33.0584 -71.6086
143 -33.0584 -71.6104
558 -33.0584 -71.6106
141 -33.0582 -71.6105
745 -33.0582 -71.6101
821 -33.0581 -71.6108
706 -33.058 -71.6112
815 -33.0579 -71.6103
391 -33.0578 -71.6102
268 -33.058 -71.6099
454 -33.0582 -71.609
244 -33.058 -71.6083
811 -33.0579 -71.6083
691 -33.0579 -71.6082
308 -33.0578 -71.6082
21 -33.0578 -71.6082
720 -33.0579 -71.6082
471 -33.0601 -71.6081
981 -33.06 -71.6081
752 -33.0599 -71.608
369 -33.0599 -71.608
167 -33.0598 -71.6082
741 -33.0599 -71.608
653 -33.0599 -71.608
846 -33.059 -71.6079
528 -33.059 -71.6079
832 -33.0598 -71.6079
103 -33.0589 -71.6078
929 -33.0589 -71.6078
242 -33.0585 -71.6079
371 -33.0586 -71.6079
737 -33.0587 -71.6079
339 -33.0585 -71.608
989 -33.058 -71.6082
122 -33.058 -71.6081
397 -33.058 -71.6081
806 -33.058 -71.6082
245 -33.0579 -71.6082
194 -33.0577 -71.6082
887 -33.0578 -71.6082
731 -33.0581 -71.6081
813 -33.0584 -71.608
232 -33.0585 -71.608
215 -33.0585 -71.608
675 -33.0584 -71.608
839 -33.0583 -71.608
993 -33.0581 -71.6078
287 -33.0589 -71.6078
977 -33.0617 -71.6073
672 -33.0623 -71.6071
662 -33.0618 -71.6069
557 -33.0612 -71.6071
137 -33.0606 -71.6076
923 -33.0607 -71.6076
381 -33.0609 -71.607
833 -33.0619 -71.6069
441 -33.0634 -71.6065
147 -33.0633 -71.6065
291 -33.0637 -71.6064
808 -33.0612 -71.6068
300 -33.0606 -71.6068
159 -33.0609 -71.6065
925 -33.0607 -71.6064
836 -33.0604 -71.6077
502 -33.0602 -71.6077
398 -33.0601 -71.6077
966 -33.0601 -71.6077
192 -33.0596 -71.6078
624 -33.0596 -71.6078
71 -33.0595 -71.6077
882 -33.0595 -71.6077
785 -33.0601 -71.6077
912 -33.0602 -71.6072
281 -33.0602 -71.607
772 -33.0601 -71.6065
46 -33.0601 -71.6072
56 -33.06 -71.6077
365 -33.0597 -71.6077
404 -33.0595 -71.6065
331 -33.0637 -71.6064
870 -33.0639 -71.6064
90 -33.0631 -71.6062
112 -33.0632 -71.6062
924 -33.0629 -71.606
592 -33.0618 -71.6064
296 -33.0625 -71.6057
491 -33.061 -71.6055
78 -33.0619 -71.6052
922 -33.0617 -71.6051
857 -33.0618 -71.6051
769 -33.0614 -71.6048
825 -33.0612 -71.605
843 -33.061 -71.6051
169 -33.061 -71.6047
620 -33.061 -71.6047
622 -33.061 -71.6052
83 -33.0601 -71.6063
129 -33.0601 -71.6063
311 -33.06 -71.6062
349 -33.0596 -71.6063
284 -33.0595 -71.6064
417 -33.0596 -71.6063
669 -33.0596 -71.6063
411 -33.0599 -71.6062
158 -33.0604 -71.6058
32 -33.0605 -71.6056
261 -33.0609 -71.6052
293 -33.0601 -71.6046
951 -33.0601 -71.6061
99 -33.06 -71.6045
954 -33.0594 -71.6064
199 -33.0593 -71.6076
788 -33.0593 -71.6076
736 -33.0594 -71.6076
375 -33.0591 -71.6077
395 -33.0589 -71.6078
556 -33.059 -71.6077
997 -33.059 -71.6077
229 -33.0594 -71.6076
294 -33.0594 -71.6076
325 -33.0594 -71.6076
243 -33.0593 -71.6072
321 -33.0592 -71.6074
280 -33.0591 -71.6075
378 -33.0592 -71.6068
671 -33.0591 -71.6067
704 -33.0588 -71.6066
110 -33.0584 -71.6073
168 -33.0584 -71.6067
980 -33.0584 -71.6067
182 -33.0583 -71.6071
267 -33.0579 -71.6068
578 -33.0579 -71.6068
910 -33.0583 -71.6067
503 -33.0578 -71.6066
126 -33.0588 -71.6066
230 -33.0587 -71.6066
276 -33.0587 -71.6066
555 -33.0587 -71.6066
8 -33.0586 -71.6066
670 -33.0587 -71.6066
120 -33.0588 -71.6065
125 -33.0594 -71.6064
845 -33.0594 -71.6064
505 -33.0594 -71.6064
873 -33.0593 -71.6064
544 -33.0589 -71.6065
172 -33.0592 -71.6064
16 -33.0593 -71.6064
527 -33.0592 -71.6063
513 -33.0591 -71.6063
256 -33.0594 -71.6055
221 -33.0591 -71.6054
525 -33.059 -71.6063
196 -33.0587 -71.6051
957 -33.0587 -71.6051
1 -33.0589 -71.604
937 -33.0586 -71.6051
840 -33.0584 -71.6062
782 -33.0583 -71.6062
223 -33.0585 -71.6062
136 -33.0582 -71.6059
564 -33.0578 -71.6062
357 -33.0578 -71.6062
990 -33.058 -71.6062
477 -33.058 -71.6059
984 -33.0583 -71.6058
595 -33.0583 -71.6051
30 -33.0582 -71.6043
826 -33.0581 -71.6044
460 -33.0578 -71.6058
406 -33.0581 -71.6047
247 -33.0577 -71.6068
510 -33.0577 -71.6107
384 -33.0577 -71.6102
770 -33.0576 -71.6101
861 -33.0576 -71.6112
540 -33.0575 -71.6103
915 -33.0561 -71.6102
336 -33.0562 -71.6102
673 -33.0576 -71.6101
372 -33.0569 -71.6098
433 -33.0576 -71.6096
975 -33.0567 -71.6096
517 -33.0565 -71.61
744 -33.0562 -71.6095
358 -33.0561 -71.6095
65 -33.0561 -71.6095
895 -33.056 -71.6095
133 -33.0543 -71.6105
345 -33.0543 -71.6105
74 -33.0545 -71.6105
401 -33.0541 -71.6105
31 -33.0538 -71.611
77 -33.0537 -71.6109
337 -33.0536 -71.6105
278 -33.0546 -71.6105
621 -33.0558 -71.6104
995 -33.0553 -71.6096
388 -33.0559 -71.6095
180 -33.0553 -71.6096
27 -33.0546 -71.6104
920 -33.0551 -71.6104
894 -33.0551 -71.61
931 -33.0576 -71.6092
874 -33.0576 -71.6088
535 -33.0575 -71.6088
656 -33.0546 -71.6085
312 -33.0545 -71.6085
342 -33.0545 -71.6085
329 -33.0544 -71.6085
241 -33.0544 -71.6085
719 -33.0544 -71.6085
651 -33.0548 -71.6084
428 -33.0548 -71.6084
258 -33.0548 -71.6084
985 -33.0547 -71.6084
779 -33.0544 -71.6085
96 -33.0543 -71.6085
58 -33.0547 -71.6084
596 -33.0543 -71.6085
947 -33.0543 -71.6085
518 -33.0541 -71.6085
804 -33.0542 -71.6085
685 -33.0541 -71.6085
654 -33.0536 -71.6085
847 -33.0537 -71.6085
86 -33.054 -71.6085
548 -33.0539 -71.6085
522 -33.0539 -71.6085
709 -33.0539 -71.6085
665 -33.0539 -71.6085
444 -33.0538 -71.6085
207 -33.0538 -71.6085
76 -33.0538 -71.6085
780 -33.0536 -71.6107
440 -33.0514 -71.6097
206 -33.0515 -71.6096
853 -33.0517 -71.6095
283 -33.0512 -71.6099
694 -33.0509 -71.6102
48 -33.0511 -71.61
933 -33.0512 -71.6099
140 -33.0517 -71.6094
50 -33.052 -71.6091
868 -33.052 -71.6091
36 -33.052 -71.609
941 -33.0518 -71.6093
318 -33.0517 -71.6094
213 -33.0518 -71.6093
897 -33.0518 -71.6093
383 -33.0509 -71.6102
939 -33.0501 -71.6108
755 -33.0501 -71.6106
55 -33.0501 -71.6105
732 -33.0501 -71.6109
583 -33.05 -71.6111
643 -33.05 -71.6109
484 -33.0501 -71.6109
152 -33.0502 -71.6103
716 -33.0508 -71.6102
968 -33.0505 -71.6102
799 -33.0504 -71.6091
530 -33.0502 -71.6102
722 -33.0502 -71.6103
724 -33.0502 -71.6103
436 -33.052 -71.6089
64 -33.0535 -71.6085
240 -33.0535 -71.6085
363 -33.0535 -71.6085
153 -33.0535 -71.6085
178 -33.0534 -71.6085
425 -33.0534 -71.6085
828 -33.0534 -71.6085
481 -33.0534 -71.6085
956 -33.0532 -71.6084
457 -33.0532 -71.6084
807 -33.0532 -71.6084
634 -33.0531 -71.6084
231 -33.0531 -71.6084
418 -33.0531 -71.6084
823 -33.0531 -71.6084
119 -33.053 -71.6084
778 -33.0521 -71.6087
586 -33.0521 -71.6087
519 -33.0521 -71.6086
541 -33.052 -71.6088
631 -33.052 -71.6088
84 -33.052 -71.6088
854 -33.052 -71.6088
218 -33.0521 -71.6086
234 -33.053 -71.6083
590 -33.053 -71.6083
701 -33.053 -71.6083
612 -33.0522 -71.6084
960 -33.0521 -71.6085
435 -33.0512 -71.6084
680 -33.0529 -71.6083
554 -33.0577 -71.6081
875 -33.0577 -71.6081
299 -33.0576 -71.6081
682 -33.0576 -71.6081
410 -33.0576 -71.6081
264 -33.0576 -71.6081
913 -33.0575 -71.6081
871 -33.0575 -71.6081
359 -33.0575 -71.6081
667 -33.0574 -71.6081
921 -33.0574 -71.6081
289 -33.0574 -71.6081
616 -33.0571 -71.608
893 -33.057 -71.608
959 -33.057 -71.608
965 -33.057 -71.608
896 -33.057 -71.608
650 -33.0569 -71.608
445 -33.0569 -71.608
800 -33.0568 -71.608
609 -33.0568 -71.608
490 -33.0567 -71.608
28 -33.0566 -71.608
37 -33.0565 -71.608
594 -33.0565 -71.608
39 -33.0564 -71.608
570 -33.0565 -71.608
630 -33.0564 -71.608
45 -33.0564 -71.608
514 -33.0563 -71.608
699 -33.0563 -71.608
426 -33.0563 -71.608
193 -33.0577 -71.6076
319 -33.0577 -71.6076
613 -33.0577 -71.6073
390 -33.0577 -71.6072
552 -33.0569 -71.6071
567 -33.0572 -71.607
6 -33.0572 -71.6069
184 -33.0572 -71.6069
316 -33.0577 -71.6058
98 -33.0575 -71.6051
768 -33.0576 -71.6049
149 -33.0575 -71.6048
67 -33.0574 -71.6069
628 -33.0575 -71.6068
472 -33.0575 -71.6061
492 -33.0569 -71.6071
584 -33.0563 -71.608
443 -33.0562 -71.6074
777 -33.0563 -71.6074
114 -33.0562 -71.608
131 -33.0562 -71.6079
926 -33.0562 -71.6074
543 -33.0562 -71.6074
953 -33.0565 -71.6073
104 -33.0568 -71.6072
689 -33.0568 -71.6072
41 -33.0569 -71.6071
776 -33.0566 -71.6045
47 -33.0565 -71.6073
135 -33.0565 -71.6073
936 -33.0561 -71.6075
817 -33.0552 -71.6081
379 -33.0552 -71.6081
766 -33.0552 -71.6081
750 -33.0551 -71.6082
526 -33.055 -71.6082
439 -33.055 -71.6082
539 -33.0551 -71.6082
4 -33.0553 -71.608
684 -33.0561 -71.6079
663 -33.056 -71.6079
330 -33.056 -71.6079
824 -33.0559 -71.6079
974 -33.0554 -71.6079
865 -33.0554 -71.6079
338 -33.0555 -71.6079
164 -33.055 -71.6082
465 -33.0549 -71.6083
317 -33.0549 -71.6083
932 -33.0549 -71.6083
695 -33.0549 -71.6083
728 -33.0528 -71.6083
0 -33.0527 -71.6083
637 -33.0527 -71.6082
538 -33.0526 -71.6082
648 -33.0525 -71.6082
462 -33.0523 -71.6081
374 -33.0523 -71.6081
515 -33.0522 -71.6081
432 -33.0522 -71.6082
302 -33.0522 -71.6082
524 -33.0555 -71.6079
451 -33.0559 -71.6079
3 -33.0557 -71.6078
459 -33.0558 -71.6076
969 -33.0557 -71.6077
814 -33.0557 -71.6078
486 -33.0557 -71.6078
246 -33.0557 -71.6077
95 -33.0559 -71.6076
352 -33.0561 -71.6075
396 -33.0561 -71.6075
344 -33.0561 -71.6075
943 -33.056 -71.6075
356 -33.0559 -71.6076
928 -33.0559 -71.6076
121 -33.0558 -71.6045
781 -33.0556 -71.6046
162 -33.0556 -71.6079
702 -33.0556 -71.6078
841 -33.0556 -71.6077
798 -33.0556 -71.6078
288 -33.0555 -71.6079
898 -33.0555 -71.6078
249 -33.0555 -71.6078
971 -33.0523 -71.6071
792 -33.0547 -71.6052
729 -33.0547 -71.6051
507 -33.0552 -71.6049
533 -33.0545 -71.6046
248 -33.0523 -71.6071
899 -33.0528 -71.6066
