171 -33.0632 -71.6155
448 -33.0633 -71.6154
271 -33.0646 -71.6154
946 -33.0627 -71.6157
393 -33.0623 -71.6158
506 -33.0624 -71.6157
727 -33.0624 -71.6155
930 -33.0627 -71.6154
619 -33.0644 -71.6153
754 -33.0641 -71.6152
290 -33.0641 -71.6151
179 -33.0637 -71.6153
145 -33.0635 -71.6154
978 -33.0627 -71.6151
495 -33.0626 -71.615
908 -33.0622 -71.6151
327 -33.0622 -71.6158
128 -33.0621 -71.6158
487 -33.0621 -71.6155
597 -33.062 -71.6158
904 -33.061 -71.6161
585 -33.0618 -71.6158
614 -33.0611 -71.6155
423 -33.061 -71.6154
166 -33.0621 -71.6151
760 -33.0621 -71.6151
403 -33.0622 -71.6151
907 -33.0621 -71.6151
456 -33.0609 -71.6154
803 -33.061 -71.6154
838 -33.062 -71.6152
301 -33.0626 -71.615
466 -33.0631 -71.615
455 -33.0633 -71.6149
286 -33.0627 -71.6136
582 -33.0627 -71.6136
475 -33.0626 -71.615
14 -33.0627 -71.6136
958 -33.0627 -71.6136
878 -33.0625 -71.6135
531 -33.0639 -71.6133
238 -33.0639 -71.6133
118 -33.0639 -71.6133
224 -33.0632 -71.6129
52 -33.0629 -71.6132
255 -33.0626 -71.6131
489 -33.0629 -71.6129
62 -33.0624 -71.6131
917 -33.0623 -71.6135
160 -33.0623 -71.6135
51 -33.0623 -71.6135
501 -33.0622 -71.6135
351 -33.0622 -71.6134
819 -33.061 -71.6134
994 -33.061 -71.6134
809 -33.061 -71.6134
762 -33.061 -71.6134
22 -33.0623 -71.6132
579 -33.0621 -71.6131
274 -33.061 -71.6134
189 -33.061 -71.6134
198 -33.061 -71.6134
446 -33.0608 -71.6155
109 -33.0606 -71.6162
593 -33.0606 -71.6162
154 -33.0607 -71.6155
130 -33.0605 -71.6162
611 -33.0604 -71.6156
7 -33.0604 -71.6142
767 -33.0605 -71.6142
431 -33.0605 -71.6141
262 -33.0606 -71.614
148 -33.0607 -71.614
686 -33.0607 -71.614
123 -33.0606 -71.6141
61 -33.0606 -71.6141
467 -33.0606 -71.6141
739 -33.0606 -71.6141
100 -33.0603 -71.6156
949 -33.0601 -71.6164
964 -33.0602 -71.6164
117 -33.0601 -71.6144
367 -33.06 -71.6144
703 -33.0599 -71.6145
89 -33.06 -71.6144
228 -33.06 -71.6144
546 -33.0601 -71.6144
749 -33.0603 -71.6143
945 -33.0603 -71.6143
49 -33.0603 -71.6142
711 -33.0603 -71.6143
279 -33.0602 -71.6143
830 -33.0602 -71.6143
504 -33.06 -71.6143
424 -33.0607 -71.6139
483 -33.0607 -71.6139
600 -33.0607 -71.6139
127 -33.0608 -71.6136
615 -33.0602 -71.6134
632 -33.0601 -71.6134
580 -33.0601 -71.6134
751 -33.0601 -71.6134
852 -33.0601 -71.6133
134 -33.0604 -71.613
150 -33.0605 -71.6129
756 -33.0604 -71.6128
783 -33.0604 -71.6129
163 -33.0601 -71.6132
678 -33.0601 -71.6132
250 -33.0602 -71.6132
500 -33.06 -71.6133
315 -33.0599 -71.6135
75 -33.0599 -71.6135
111 -33.0599 -71.6135
195 -33.0599 -71.6135
927 -33.0598 -71.6137
354 -33.0598 -71.6137
144 -33.0599 -71.6135
38 -33.0599 -71.6134
414 -33.06 -71.6128
235 -33.06 -71.6128
666 -33.06 -71.6128
70 -33.0599 -71.6128
295 -33.0598 -71.6128
906 -33.0599 -71.6128
914 -33.0603 -71.6128
700 -33.0645 -71.6125
251 -33.0645 -71.6125
705 -33.0645 -71.6125
309 -33.0634 -71.6125
57 -33.0633 -71.6126
269 -33.0627 -71.6124
285 -33.0634 -71.6124
324 -33.0631 -71.6122
641 -33.0636 -71.6122
816 -33.0637 -71.6122
976 -33.0646 -71.6121
69 -33.0635 -71.6122
661 -33.0626 -71.6121
607 -33.0628 -71.6121
87 -33.0627 -71.612
498 -33.0626 -71.612
200 -33.0626 -71.6127
208 -33.0626 -71.6127
738 -33.0624 -71.6121
599 -33.0623 -71.612
366 -33.0622 -71.6126
437 -33.0623 -71.612
655 -33.0623 -71.612
752 -33.0623 -71.612
341 -33.0624 -71.612
233 -33.0623 -71.612
434 -33.0622 -71.612
761 -33.0622 -71.612
973 -33.0621 -71.612
254 -33.0621 -71.612
392 -33.0619 -71.612
707 -33.062 -71.612
674 -33.0633 -71.6119
370 -33.0649 -71.6113
408 -33.0649 -71.6112
373 -33.0632 -71.6119
202 -33.0632 -71.6119
209 -33.0631 -71.6112
347 -33.0632 -71.6112
387 -33.0632 -71.6112
790 -33.064 -71.6108
473 -33.0648 -71.6105
482 -33.0648 -71.6105
499 -33.064 -71.6107
407 -33.0637 -71.6112
523 -33.0639 -71.6112
11 -33.064 -71.6111
561 -33.0631 -71.6112
733 -33.0623 -71.612
837 -33.0622 -71.6119
789 -33.0629 -71.6117
292 -33.0621 -71.612
201 -33.0619 -71.612
759 -33.0619 -71.612
452 -33.0619 -71.6118
642 -33.063 -71.6113
986 -33.063 -71.6113
934 -33.0619 -71.6112
918 -33.0618 -71.611
297 -33.0618 -71.6108
146 -33.0618 -71.6108
474 -33.0618 -71.6108
43 -33.0618 -71.6106
880 -33.0611 -71.6123
863 -33.0611 -71.6123
623 -33.0612 -71.6122
679 -33.061 -71.6123
320 -33.061 -71.6124
860 -33.061 -71.6124
565 -33.061 -71.6124
203 -33.0613 -71.6122
449 -33.0614 -71.6122
534 -33.0615 -71.6121
275 -33.0616 -71.6121
996 -33.0613 -71.6122
693 -33.0613 -71.6122
747 -33.0613 -71.6122
992 -33.0611 -71.6121
575 -33.0609 -71.6124
265 -33.0606 -71.6127
177 -33.0606 -71.6127
566 -33.0607 -71.6126
33 -33.0605 -71.6127
562 -33.0604 -71.6128
430 -33.0605 -71.6128
617 -33.0603 -71.6127
93 -33.0607 -71.6126
340 -33.0608 -71.6125
116 -33.0608 -71.6125
791 -33.0609 -71.6124
795 -33.0607 -71.6126
237 -33.0603 -71.6124
306 -33.0603 -71.6121
864 -33.0617 -71.6121
577 -33.0617 -71.612
942 -33.0617 -71.612
892 -33.0618 -71.612
627 -33.0609 -71.6115
272 -33.0608 -71.612
307 -33.0607 -71.6116
771 -33.0608 -71.6116
12 -33.0612 -71.6115
740 -33.0617 -71.6107
818 -33.0618 -71.6105
537 -33.0617 -71.6105
839 -33.0616 -71.6104
844 -33.0613 -71.6115
903 -33.0614 -71.6107
458 -33.0615 -71.6107
658 -33.0607 -71.612
603 -33.0605 -71.612
252 -33.0605 -71.6116
82 -33.0603 -71.6111
334 -33.0603 -71.6119
601 -33.0603 -71.6118
787 -33.0603 -71.6117
919 -33.06 -71.6116
815 -33.0603 -71.611
876 -33.0603 -71.611
998 -33.0602 -71.6106
190 -33.0602 -71.6104
902 -33.0601 -71.6106
909 -33.0598 -71.6106
770 -33.0599 -71.6106
304 -33.0598 -71.6136
494 -33.0597 -71.6166
659 -33.0593 -71.615
962 -33.0596 -71.6148
961 -33.0592 -71.6151
867 -33.0588 -71.6169
91 -33.0592 -71.6168
364 -33.0591 -71.6151
66 -33.0595 -71.6148
698 -33.0597 -71.6147
549 -33.0597 -71.6146
726 -33.0597 -71.6145
773 -33.0596 -71.6148
712 -33.0589 -71.6147
529 -33.059 -71.6146
900 -33.059 -71.6146
488 -33.0588 -71.6148
511 -33.0587 -71.617
409 -33.0587 -71.617
382 -33.0588 -71.6169
353 -33.0587 -71.6169
708 -33.0587 -71.6168
10 -33.0584 -71.6156
979 -33.0584 -71.6156
165 -33.0587 -71.6154
263 -33.0587 -71.6148
883 -33.0587 -71.6148
797 -33.0586 -71.6146
239 -33.0586 -71.6147
636 -33.0586 -71.6149
829 -33.0584 -71.6148
416 -33.0585 -71.6147
204 -33.0598 -71.6145
405 -33.0595 -71.614
884 -33.0596 -71.614
176 -33.0595 -71.6139
734 -33.0595 -71.6141
107 -33.0594 -71.6142
859 -33.0594 -71.6141
572 -33.0594 -71.6141
24 -33.0596 -71.6139
385 -33.0597 -71.6139
185 -33.0597 -71.6139
967 -33.0598 -71.6138
355 -33.0597 -71.6139
142 -33.0596 -71.6139
574 -33.0595 -71.6139
106 -33.0596 -71.6139
13 -33.0593 -71.6142
652 -33.0592 -71.6143
174 -33.0592 -71.6143
273 -33.0592 -71.6143
692 -33.0591 -71.6144
450 -33.0591 -71.6145
697 -33.0591 -71.6145
512 -33.0586 -71.6144
421 -33.0593 -71.6143
313 -33.0593 -71.6142
191 -33.0593 -71.6142
717 -33.0591 -71.6137
496 -33.059 -71.6138
545 -33.0589 -71.6139
571 -33.0584 -71.6138
983 -33.0584 -71.6156
536 -33.0584 -71.6164
161 -33.0584 -71.6163
786 -33.0583 -71.6158
343 -33.0583 -71.6151
427 -33.0581 -71.6176
54 -33.0583 -71.6151
598 -33.0581 -71.615
380 -33.0581 -71.615
113 -33.0581 -71.615
618 -33.058 -71.615
333 -33.0582 -71.615
605 -33.058 -71.615
639 -33.058 -71.615
155 -33.058 -71.615
25 -33.0579 -71.615
509 -33.0579 -71.6177
516 -33.0573 -71.6182
988 -33.0562 -71.616
59 -33.0578 -71.6157
205 -33.0561 -71.616
277 -33.0561 -71.616
820 -33.0561 -71.616
938 -33.056 -71.6159
764 -33.0562 -71.6151
835 -33.0579 -71.6149
763 -33.0577 -71.6149
625 -33.0579 -71.6149
644 -33.0565 -71.6149
911 -33.0563 -71.615
849 -33.0564 -71.615
361 -33.0578 -71.6149
889 -33.0583 -71.6149
573 -33.0584 -71.6148
721 -33.0583 -71.6148
105 -33.0583 -71.6148
170 -33.0583 -71.6149
323 -33.0582 -71.6148
476 -33.0581 -71.6144
68 -33.0581 -71.6144
948 -33.0582 -71.6142
551 -33.0582 -71.6142
175 -33.0584 -71.6139
453 -33.0581 -71.6138
713 -33.0581 -71.6144
5 -33.0578 -71.6139
389 -33.0579 -71.6139
429 -33.0578 -71.6139
157 -33.0577 -71.6149
92 -33.0577 -71.6149
710 -33.0576 -71.6149
794 -33.0576 -71.6149
812 -33.0576 -71.6149
181 -33.0576 -71.6149
850 -33.0575 -71.6149
629 -33.0566 -71.6149
377 -33.0577 -71.6145
885 -33.0577 -71.6144
17 -33.0578 -71.6139
987 -33.0574 -71.6143
635 -33.0571 -71.6148
610 -33.0569 -71.6147
211 -33.0585 -71.6137
115 -33.0598 -71.6137
226 -33.0598 -71.6136
497 -33.0598 -71.6136
890 -33.0598 -71.6137
402 -33.0591 -71.6136
916 -33.0591 -71.6135
399 -33.0591 -71.6135
102 -33.0591 -71.6135
19 -33.0594 -71.6129
758 -33.0595 -71.6128
188 -33.0596 -71.6128
730 -33.0593 -71.6129
346 -33.0591 -71.6129
44 -33.0592 -71.6129
801 -33.0592 -71.6128
464 -33.0591 -71.6136
950 -33.0591 -71.6134
687 -33.059 -71.6134
822 -33.0589 -71.6133
891 -33.0588 -71.6135
53 -33.0585 -71.6136
217 -33.0584 -71.6136
668 -33.0586 -71.6133
42 -33.0585 -71.613
412 -33.059 -71.6129
742 -33.0589 -71.6128
386 -33.0589 -71.6127
124 -33.0588 -71.6129
851 -33.0585 -71.613
260 -33.0586 -71.613
559 -33.0588 -71.613
20 -33.0589 -71.6127
991 -33.0595 -71.6125
266 -33.0595 -71.612
270 -33.0597 -71.6116
955 -33.0595 -71.612
298 -33.0593 -71.6116
563 -33.0593 -71.6116
216 -33.0594 -71.6116
368 -33.0598 -71.6116
831 -33.0595 -71.6115
743 -33.0595 -71.6109
877 -33.0597 -71.6106
388 -33.0594 -71.6112
187 -33.0592 -71.6112
706 -33.0594 -71.6105
920 -33.0594 -71.6105
765 -33.0592 -71.6104
23 -33.0592 -71.6126
303 -33.0591 -71.6125
676 -33.0591 -71.6122
29 -33.0588 -71.6126
197 -33.0585 -71.6124
905 -33.0588 -71.6121
568 -33.0588 -71.612
151 -33.0584 -71.6117
259 -33.0589 -71.6112
748 -33.0589 -71.6112
775 -33.0591 -71.6106
560 -33.0588 -71.6117
547 -33.0588 -71.6113
27 -33.0584 -71.6106
18 -33.0584 -71.613
521 -33.0583 -71.6134
881 -33.0583 -71.6134
227 -33.0582 -71.6131
999 -33.0582 -71.6129
848 -33.0581 -71.6133
963 -33.0582 -71.6131
479 -33.0582 -71.6131
872 -33.0583 -71.6127
214 -33.0583 -71.6127
842 -33.0583 -71.6126
588 -33.0583 -71.6124
645 -33.0583 -71.6127
940 -33.0582 -71.6126
688 -33.0581 -71.6124
550 -33.0581 -71.6124
85 -33.0581 -71.6134
212 -33.0581 -71.6136
35 -33.0577 -71.6131
508 -33.0581 -71.613
520 -33.0577 -71.6131
40 -33.0574 -71.6135
591 -33.0576 -71.6134
589 -33.0563 -71.6132
725 -33.058 -71.613
186 -33.0578 -71.6129
649 -33.0578 -71.6129
173 -33.0576 -71.6129
862 -33.0575 -71.6128
553 -33.0566 -71.6125
972 -33.0561 -71.6123
793 -33.056 -71.6123
108 -33.0582 -71.6123
647 -33.0581 -71.6121
358 -33.0583 -71.6117
796 -33.0581 -71.612
638 -33.0581 -71.6121
442 -33.058 -71.6119
683 -33.058 -71.6118
805 -33.0584 -71.6117
606 -33.0583 -71.6113
372 -33.0583 -71.6113
558 -33.0584 -71.6106
621 -33.0582 -71.6113
821 -33.0581 -71.6108
253 -33.0581 -71.6108
278 -33.0581 -71.6104
915 -33.058 -71.611
15 -33.058 -71.6113
569 -33.0579 -71.6113
510 -33.0577 -71.6107
345 -33.0576 -71.611
861 -33.0575 -71.6119
681 -33.0575 -71.6116
447 -33.0538 -71.611
673 -33.0574 -71.6106
604 -33.0557 -71.6104
337 -33.058 -71.6104
540 -33.0575 -71.6103
348 -33.0555 -71.6105
9 -33.054 -71.6105
827 -33.0541 -71.6105
886 -33.0602 -71.6103
480 -33.0646 -71.6102
413 -33.0646 -71.6101
470 -33.0634 -71.6101
882 -33.0632 -71.61
63 -33.0632 -71.61
757 -33.0632 -71.61
282 -33.0632 -71.61
326 -33.0645 -71.6099
469 -33.0648 -71.6098
869 -33.0645 -71.6091
640 -33.0645 -71.6091
677 -33.0644 -71.6095
741 -33.0633 -71.6094
690 -33.0639 -71.6092
328 -33.064 -71.6092
774 -33.0631 -71.61
715 -33.0631 -71.6099
858 -33.063 -71.6099
646 -33.0624 -71.6096
879 -33.0623 -71.6096
581 -33.0617 -71.6103
576 -33.0617 -71.6103
310 -33.0616 -71.6103
471 -33.0626 -71.6096
294 -33.0626 -71.6096
624 -33.063 -71.6093
788 -33.0627 -71.6092
339 -33.062 -71.6093
422 -33.062 -71.6095
813 -33.062 -71.6093
375 -33.0617 -71.6092
952 -33.0623 -71.6091
79 -33.0646 -71.609
438 -33.0642 -71.609
532 -33.0644 -71.609
420 -33.064 -71.6089
944 -33.0637 -71.6088
183 -33.0637 -71.6088
219 -33.0635 -71.6087
664 -33.0641 -71.6085
335 -33.064 -71.6083
723 -33.0641 -71.6081
225 -33.0632 -71.6077
369 -33.0629 -71.608
156 -33.0623 -71.6083
350 -33.0625 -71.6082
463 -33.0625 -71.608
736 -33.0623 -71.6083
194 -33.0618 -71.6088
806 -33.0619 -71.6086
731 -33.062 -71.6086
653 -33.0617 -71.609
682 -33.0617 -71.6089
21 -33.0617 -71.6088
245 -33.0617 -71.6087
72 -33.0622 -71.6085
103 -33.0622 -71.6084
232 -33.0621 -71.608
199 -33.0622 -71.6078
714 -33.0619 -71.6084
419 -33.0617 -71.608
981 -33.0617 -71.6077
691 -33.0616 -71.6094
94 -33.0612 -71.6098
871 -33.0612 -71.6094
921 -33.0612 -71.6093
667 -33.0611 -71.6093
415 -33.061 -71.6103
26 -33.061 -71.6103
970 -33.0608 -71.6096
289 -33.0611 -71.6093
215 -33.0614 -71.6089
71 -33.0614 -71.6089
913 -33.0616 -71.6089
616 -33.0611 -71.6089
959 -33.061 -71.6091
896 -33.061 -71.609
609 -33.0609 -71.6088
542 -33.0608 -71.6098
305 -33.0601 -71.6101
97 -33.0603 -71.6101
376 -33.0598 -71.61
602 -33.0598 -71.61
143 -33.0595 -71.6098
141 -33.0595 -71.6098
866 -33.0596 -71.6098
895 -33.0597 -71.6098
138 -33.0605 -71.6096
28 -33.0608 -71.6088
37 -33.0607 -71.6087
73 -33.0605 -71.6093
626 -33.06 -71.6088
132 -33.06 -71.6088
39 -33.0607 -71.6087
192 -33.061 -71.6086
461 -33.061 -71.6086
45 -33.0607 -71.6085
746 -33.0606 -71.6085
584 -33.0605 -71.6084
114 -33.0605 -71.6084
410 -33.0604 -71.6084
663 -33.0604 -71.6083
359 -33.0607 -71.608
753 -33.0607 -71.6079
398 -33.0613 -71.6077
264 -33.0605 -71.6078
332 -33.0602 -71.6083
824 -33.0603 -71.6083
3 -33.0603 -71.6077
468 -33.0601 -71.6079
242 -33.0601 -71.6083
490 -33.06 -71.6083
486 -33.0601 -71.6081
288 -33.0599 -71.608
810 -33.0598 -71.6082
167 -33.0598 -71.6082
814 -33.0596 -71.608
249 -33.0599 -71.608
974 -33.0599 -71.608
888 -33.0601 -71.6078
229 -33.0599 -71.6078
4 -33.0597 -71.6077
817 -33.0596 -71.6078
439 -33.0595 -71.6076
60 -33.0626 -71.6076
296 -33.0643 -71.6071
769 -33.0642 -71.6068
331 -33.0642 -71.6068
620 -33.0642 -71.6068
825 -33.0642 -71.6067
922 -33.0642 -71.6067
441 -33.0634 -71.6065
293 -33.0634 -71.6065
622 -33.0637 -71.6064
291 -33.0637 -71.6064
951 -33.0638 -71.6064
669 -33.0634 -71.6064
147 -33.0633 -71.6065
284 -33.0633 -71.6063
845 -33.0632 -71.6063
112 -33.0632 -71.6062
400 -33.0631 -71.6075
832 -33.0629 -71.6074
608 -33.0624 -71.6073
478 -33.0622 -71.6074
977 -33.0617 -71.6073
737 -33.0617 -71.6073
997 -33.0619 -71.6069
122 -33.0619 -71.6069
672 -33.0625 -71.6068
592 -33.0623 -71.6062
505 -33.0632 -71.6062
720 -33.062 -71.6062
833 -33.0619 -71.6069
662 -33.0619 -71.6068
785 -33.0613 -71.6064
99 -33.0641 -71.6062
870 -33.0648 -71.606
261 -33.0647 -71.606
90 -33.0645 -71.6059
924 -33.064 -71.6061
16 -33.0631 -71.6062
172 -33.063 -71.6061
32 -33.0639 -71.6061
544 -33.0627 -71.6059
843 -33.0639 -71.6059
78 -33.0638 -71.6059
158 -33.0635 -71.6058
169 -33.0628 -71.6053
276 -33.0626 -71.6058
349 -33.0627 -71.6058
417 -33.0626 -71.6057
230 -33.0626 -71.6058
287 -33.0622 -71.6061
8 -33.0625 -71.6057
30 -33.0625 -71.6057
557 -33.0619 -71.6058
923 -33.0619 -71.6057
966 -33.0619 -71.6057
325 -33.0619 -71.6057
826 -33.0624 -71.6056
910 -33.0622 -71.6055
857 -33.0624 -71.6055
267 -33.0619 -71.6052
578 -33.0619 -71.6053
67 -33.0615 -71.6049
184 -33.0613 -71.6048
965 -33.0613 -71.6071
630 -33.0608 -71.6075
502 -33.0607 -71.6074
594 -33.0609 -71.6074
365 -33.0607 -71.6071
556 -33.0607 -71.6075
570 -33.0606 -71.6072
281 -33.0602 -71.607
300 -33.0606 -71.6068
808 -33.0612 -71.6068
381 -33.0611 -71.6066
395 -33.0609 -71.6065
159 -33.0609 -71.6065
137 -33.0609 -71.6065
925 -33.0607 -71.6064
989 -33.0607 -71.6064
397 -33.0602 -71.6069
912 -33.0602 -71.6072
299 -33.0601 -71.6068
321 -33.0601 -71.6067
247 -33.0601 -71.6063
46 -33.0601 -71.6072
772 -33.0601 -71.6065
243 -33.0601 -71.6065
766 -33.0596 -71.6063
83 -33.0601 -71.6063
129 -33.0601 -71.6063
311 -33.06 -71.6062
411 -33.0599 -71.6062
898 -33.0599 -71.6063
702 -33.0599 -71.6062
56 -33.0611 -71.6061
836 -33.061 -71.606
777 -33.0607 -71.6057
491 -33.061 -71.6055
543 -33.0606 -71.6057
443 -33.0605 -71.6057
936 -33.0605 -71.6056
926 -33.0605 -71.6056
47 -33.0607 -71.6054
41 -33.0611 -71.6051
552 -33.0611 -71.605
6 -33.0613 -71.6048
104 -33.061 -71.6052
953 -33.0607 -71.6054
135 -33.0608 -71.6053
689 -33.0609 -71.6052
352 -33.0605 -71.6058
670 -33.0602 -71.6061
459 -33.0602 -71.606
356 -33.0603 -71.6059
95 -33.0601 -71.6061
841 -33.06 -71.6061
246 -33.0601 -71.6061
969 -33.0601 -71.6061
344 -33.0604 -71.6058
396 -33.0604 -71.6057
567 -33.0605 -71.6057
120 -33.0603 -71.605
406 -33.0597 -71.6054
149 -33.0596 -71.6055
1 -33.0595 -71.6051
587 -33.0595 -71.6098
336 -33.0592 -71.6102
210 -33.0593 -71.61
517 -33.0594 -71.6099
800 -33.0586 -71.6101
657 -33.0586 -71.6101
995 -33.0586 -71.6101
894 -33.0584 -71.6099
391 -33.0595 -71.6098
362 -33.0589 -71.6095
236 -33.0588 -71.6088
699 -33.0589 -71.6088
856 -33.0587 -71.6093
74 -33.0586 -71.6095
131 -33.0587 -71.6092
931 -33.0587 -71.6089
338 -33.0584 -71.6094
975 -33.0584 -71.6101
180 -33.0583 -71.6101
433 -33.0583 -71.6099
745 -33.0582 -71.6101
384 -33.0577 -71.6102
65 -33.058 -71.6099
268 -33.058 -71.6099
162 -33.0582 -71.6098
133 -33.0584 -71.6096
875 -33.0583 -71.6092
684 -33.0583 -71.609
454 -33.0582 -71.609
401 -33.0582 -71.6097
744 -33.0578 -71.6096
874 -33.0576 -71.6088
524 -33.0593 -71.6088
451 -33.0593 -71.6088
2 -33.0592 -71.6088
650 -33.0584 -71.6086
257 -33.0583 -71.6087
96 -33.0583 -71.6084
426 -33.0582 -71.6084
656 -33.0582 -71.6084
554 -33.0587 -71.6083
308 -33.0593 -71.6083
675 -33.0584 -71.608
665 -33.0583 -71.608
548 -33.0583 -71.608
207 -33.0581 -71.6081
76 -33.0582 -71.6081
444 -33.0582 -71.6081
847 -33.058 -71.6081
244 -33.058 -71.6083
811 -33.0579 -71.6083
363 -33.0579 -71.6082
240 -33.0579 -71.6082
425 -33.0579 -71.6082
828 -33.0579 -71.6082
481 -33.0578 -71.6082
64 -33.0579 -71.6082
153 -33.0579 -71.6082
634 -33.0576 -71.6081
654 -33.058 -71.6081
807 -33.0576 -71.6081
231 -33.0576 -71.6081
893 -33.0575 -71.6081
956 -33.0575 -71.6081
394 -33.0566 -71.61
834 -33.0568 -71.6099
780 -33.0574 -71.6096
855 -33.0566 -71.61
901 -33.0552 -71.6098
81 -33.0553 -71.6097
660 -33.0564 -71.6096
314 -33.0563 -71.6095
77 -33.0573 -71.6095
535 -33.0575 -71.6088
31 -33.0571 -71.6088
383 -33.0545 -71.6085
694 -33.0545 -71.6085
716 -33.0545 -71.6085
968 -33.0541 -71.6085
530 -33.0538 -71.6085
722 -33.0536 -71.6085
152 -33.0536 -71.6085
724 -33.0537 -71.6085
55 -33.0536 -71.6085
101 -33.0505 -71.6087
322 -33.0521 -71.6085
755 -33.0534 -71.6085
139 -33.0521 -71.6084
939 -33.0533 -71.6084
732 -33.0532 -71.6084
643 -33.0532 -71.6084
484 -33.0531 -71.6084
696 -33.0522 -71.6084
802 -33.0522 -71.6084
933 -33.0548 -71.6084
457 -33.0575 -71.6081
823 -33.0575 -71.6081
418 -33.0575 -71.6081
206 -33.0552 -71.6081
48 -33.0548 -71.6084
283 -33.0549 -71.6083
440 -33.0551 -71.6082
590 -33.0574 -71.6081
680 -33.0574 -71.6081
701 -33.0574 -71.6081
728 -33.0572 -71.608
0 -33.0571 -71.608
637 -33.0571 -71.608
538 -33.057 -71.608
648 -33.0569 -71.608
583 -33.0529 -71.6083
493 -33.0528 -71.6083
935 -33.0528 -71.6083
80 -33.0527 -71.6082
485 -33.0527 -71.6083
784 -33.0522 -71.6083
222 -33.0522 -71.6083
735 -33.0522 -71.6082
88 -33.0527 -71.6082
34 -33.0527 -71.6082
360 -33.0525 -71.6082
718 -33.0524 -71.6081
982 -33.0523 -71.6081
220 -33.0522 -71.6082
633 -33.0522 -71.6082
462 -33.0567 -71.608
330 -33.0593 -71.608
526 -33.0595 -71.6077
932 -33.0593 -71.6076
695 -33.0592 -71.6076
985 -33.0591 -71.6077
58 -33.0591 -71.6077
258 -33.0592 -71.6076
371 -33.0593 -71.6076
465 -33.0593 -71.6076
317 -33.0594 -71.6076
798 -33.0592 -71.6068
378 -33.0592 -71.6068
280 -33.0591 -71.6075
671 -33.0591 -71.6067
445 -33.0591 -71.6067
846 -33.059 -71.6079
528 -33.059 -71.6079
779 -33.0588 -71.6078
929 -33.0589 -71.6078
719 -33.0588 -71.6078
522 -33.0583 -71.608
709 -33.0583 -71.608
947 -33.0587 -71.6079
110 -33.0584 -71.6073
980 -33.0584 -71.6067
887 -33.0586 -71.6067
555 -33.0587 -71.6066
804 -33.0584 -71.6066
514 -33.0584 -71.6073
182 -33.0583 -71.6071
168 -33.0584 -71.6067
126 -33.0588 -71.6066
404 -33.0595 -71.6065
954 -33.0594 -71.6064
125 -33.0594 -71.6064
873 -33.0593 -71.6064
651 -33.059 -71.6065
428 -33.059 -71.6065
164 -33.0593 -71.6064
527 -33.0592 -71.6063
256 -33.0594 -71.6055
781 -33.0594 -71.6055
221 -33.0591 -71.6054
513 -33.0591 -71.6063
525 -33.059 -71.6063
533 -33.0589 -71.6041
792 -33.0589 -71.6041
704 -33.0588 -71.6066
329 -33.0587 -71.6066
628 -33.0588 -71.6062
223 -33.0585 -71.6062
596 -33.0585 -71.6066
685 -33.0584 -71.6066
840 -33.0584 -71.6062
782 -33.0583 -71.6062
928 -33.0587 -71.6062
729 -33.0588 -71.6051
196 -33.0587 -71.6051
957 -33.0587 -71.6051
776 -33.0586 -71.6051
595 -33.0583 -71.6051
937 -33.0586 -71.6051
984 -33.0583 -71.6058
374 -33.0567 -71.608
515 -33.0567 -71.608
750 -33.0579 -71.608
302 -33.0566 -71.608
612 -33.0564 -71.608
960 -33.0563 -71.608
218 -33.0562 -71.608
519 -33.0561 -71.6079
993 -33.0581 -71.6078
193 -33.0577 -71.6076
613 -33.0577 -71.6073
319 -33.0577 -71.6076
778 -33.0561 -71.6079
539 -33.0575 -71.6076
432 -33.0565 -71.6073
586 -33.0561 -71.6075
854 -33.056 -71.6079
541 -33.056 -71.6079
631 -33.056 -71.6079
84 -33.056 -71.6079
853 -33.0553 -71.608
318 -33.0554 -71.6079
140 -33.0554 -71.6079
436 -33.056 -71.6079
36 -33.0558 -71.6079
50 -33.0558 -71.6078
868 -33.0557 -71.6077
941 -33.0556 -71.6078
897 -33.0555 -71.6079
213 -33.0555 -71.6078
379 -33.0578 -71.6073
865 -33.0583 -71.6069
86 -33.0582 -71.6066
943 -33.058 -71.6062
990 -33.058 -71.6062
178 -33.0577 -71.6069
503 -33.0578 -71.6066
357 -33.0578 -71.6062
492 -33.0582 -71.6062
241 -33.0582 -71.6059
136 -33.0582 -71.6059
564 -33.0583 -71.6057
477 -33.058 -71.6059
342 -33.0577 -71.6058
316 -33.0577 -71.6058
460 -33.0578 -71.6058
390 -33.0577 -71.6072
518 -33.0576 -71.6071
472 -33.0575 -71.6061
312 -33.0575 -71.6058
119 -33.0573 -71.6069
234 -33.0573 -71.6069
799 -33.0534 -71.6063
435 -33.0544 -71.6053
98 -33.0575 -71.6051
507 -33.0575 -71.6051
121 -33.0575 -71.6051
768 -33.0576 -71.6049
899 -33.0566 -71.6045
971 -33.0559 -71.6043
248 -33.056 -71.6043
