301 -33.0568 -71.6183
754 -33.0565 -71.6182
549 -33.0577 -71.6179
698 -33.0564 -71.6182
455 -33.0563 -71.6181
809 -33.0561 -71.6181
760 -33.0561 -71.6181
978 -33.0584 -71.6173
367 -33.0586 -71.6171
189 -33.0587 -71.6171
475 -33.0602 -71.6164
580 -33.0562 -71.6159
146 -33.0562 -71.6158
442 -33.0561 -71.6158
134 -33.0561 -71.6158
816 -33.0561 -71.6157
271 -33.056 -71.618
542 -33.0559 -71.6163
42 -33.056 -71.6162
361 -33.0559 -71.6163
456 -33.0558 -71.618
69 -33.0559 -71.6163
150 -33.0559 -71.6159
641 -33.0558 -71.6159
105 -33.0561 -71.6159
405 -33.056 -71.6159
881 -33.0561 -71.6157
376 -33.056 -71.6156
907 -33.056 -71.6158
269 -33.056 -71.6155
762 -33.056 -71.6154
483 -33.0586 -71.6154
994 -33.0585 -71.6152
608 -33.0581 -71.615
640 -33.0581 -71.615
950 -33.0581 -71.615
869 -33.0581 -71.615
60 -33.058 -71.615
879 -33.0579 -71.615
818 -33.0579 -71.615
464 -33.0582 -71.615
286 -33.0578 -71.615
646 -33.0578 -71.6149
57 -33.0576 -71.6149
389 -33.0565 -71.6149
407 -33.0566 -71.6149
686 -33.0573 -71.6148
743 -33.0565 -71.6149
255 -33.056 -71.6153
123 -33.056 -71.6153
279 -33.0561 -71.6152
520 -33.0559 -71.6154
693 -33.0559 -71.6154
602 -33.0559 -71.6153
107 -33.0559 -71.6153
726 -33.0562 -71.6152
251 -33.0563 -71.6151
537 -33.0563 -71.615
476 -33.0564 -71.615
408 -33.0562 -71.6151
370 -33.0562 -71.6152
955 -33.0562 -71.6151
803 -33.0557 -71.618
92 -33.0551 -71.6213
710 -33.0551 -71.6213
987 -33.0551 -71.6211
25 -33.0551 -71.621
409 -33.055 -71.6219
598 -33.055 -71.6207
589 -33.0549 -71.6206
786 -33.0549 -71.6205
466 -33.055 -71.618
547 -33.055 -71.6179
838 -33.0554 -71.6179
179 -33.0549 -71.6184
829 -33.0548 -71.6204
495 -33.0548 -71.6184
166 -33.0548 -71.6184
880 -33.0548 -71.6188
849 -33.0545 -71.6227
629 -33.0546 -71.6224
979 -33.0547 -71.6203
883 -33.0545 -71.6201
109 -33.0543 -71.6201
177 -33.0543 -71.6189
930 -33.0542 -71.6189
253 -33.0542 -71.6189
448 -33.0544 -71.6184
687 -33.0545 -71.6184
323 -33.0547 -71.6184
831 -33.0544 -71.6184
116 -33.0542 -71.6184
340 -33.0542 -71.6184
431 -33.0543 -71.6184
198 -33.0554 -71.6179
341 -33.0554 -71.6174
355 -33.0555 -71.6173
919 -33.0556 -71.6172
290 -33.0554 -71.6177
844 -33.0553 -71.6177
434 -33.0553 -71.6176
761 -33.0553 -71.6176
587 -33.0557 -71.6169
216 -33.0556 -71.6169
373 -33.0557 -71.6167
488 -33.0556 -71.6159
819 -33.0556 -71.6159
446 -33.0556 -71.6156
403 -33.0554 -71.6154
423 -33.0554 -71.6154
973 -33.0553 -71.6177
377 -33.0552 -71.6178
775 -33.0553 -71.6178
713 -33.0553 -71.6178
891 -33.0552 -71.6178
767 -33.0551 -71.6179
210 -33.0551 -71.6178
730 -33.0548 -71.6158
546 -33.0546 -71.6157
145 -33.0551 -71.6152
171 -33.0547 -71.615
711 -33.0545 -71.6148
254 -33.0544 -71.6157
117 -33.0543 -71.6157
292 -33.0543 -71.6157
413 -33.0572 -71.6148
945 -33.0595 -71.6148
561 -33.0589 -71.6147
297 -33.059 -71.6146
531 -33.0586 -71.6147
774 -33.0585 -71.6148
501 -33.0586 -71.6147
948 -33.0582 -71.6142
976 -33.0595 -71.614
482 -33.0595 -71.614
118 -33.0597 -71.6138
991 -33.0589 -71.6132
523 -33.0584 -71.613
560 -33.058 -71.6138
842 -33.058 -71.6138
521 -33.0583 -71.6134
124 -33.0579 -71.6139
765 -33.0571 -71.6148
18 -33.057 -71.6148
127 -33.0569 -71.6147
963 -33.0569 -71.6147
450 -33.0567 -71.6148
822 -33.0568 -71.6147
582 -33.0568 -71.6147
668 -33.0573 -71.6147
619 -33.0574 -71.6142
20 -33.0575 -71.6139
154 -33.0574 -71.6138
467 -33.0574 -71.6144
962 -33.0572 -71.6136
636 -33.057 -71.6134
591 -33.0571 -71.6134
298 -33.0581 -71.613
917 -33.0589 -71.6129
747 -33.0592 -71.6129
354 -33.0592 -71.6129
579 -33.0588 -71.6129
368 -33.0587 -71.613
238 -33.0579 -71.6129
967 -33.0578 -71.6129
576 -33.0593 -71.6129
414 -33.0595 -71.6129
326 -33.0596 -71.6128
790 -33.0597 -71.6128
420 -33.0594 -71.6129
43 -33.0593 -71.6129
19 -33.0594 -71.6129
872 -33.0583 -71.6127
237 -33.0578 -71.6129
305 -33.0576 -71.6129
209 -33.0573 -71.6128
563 -33.0572 -71.6128
642 -33.0572 -71.6127
51 -33.0572 -71.6127
366 -33.0571 -71.6127
627 -33.0571 -71.6127
751 -33.0571 -71.6127
307 -33.0571 -71.6127
958 -33.0571 -71.6127
52 -33.057 -71.6127
402 -33.0569 -71.6126
452 -33.0568 -71.6126
733 -33.0567 -71.6125
173 -33.0567 -71.6125
175 -33.0566 -71.6132
61 -33.0564 -71.6131
571 -33.0561 -71.6131
274 -33.056 -71.6131
7 -33.0554 -71.6131
512 -33.0555 -71.6131
424 -33.0558 -71.6131
773 -33.0561 -71.6131
12 -33.0565 -71.6124
480 -33.0564 -71.6124
927 -33.0564 -71.6124
789 -33.0553 -71.6124
387 -33.0553 -71.6124
577 -33.0553 -71.6124
23 -33.0553 -71.6124
797 -33.0553 -71.6131
40 -33.0552 -71.6131
506 -33.0552 -71.6131
49 -33.0549 -71.6129
212 -33.0546 -71.6127
611 -33.0544 -71.6148
89 -33.0544 -71.6125
551 -33.0543 -71.6125
252 -33.0553 -71.6124
272 -33.055 -71.6124
160 -33.0548 -71.6124
310 -33.0548 -71.6124
998 -33.0548 -71.6124
649 -33.0547 -71.6124
347 -33.0546 -71.6124
603 -33.0546 -71.6124
35 -33.0563 -71.6124
679 -33.0563 -71.6124
214 -33.0563 -71.6124
351 -33.0562 -71.6124
916 -33.0555 -71.6124
14 -33.0562 -71.6124
848 -33.0556 -71.6123
29 -33.0561 -71.6123
15 -33.0561 -71.6123
676 -33.0559 -71.6123
295 -33.0559 -71.6123
303 -33.0559 -71.6123
674 -33.0556 -71.6123
909 -33.0557 -71.6123
197 -33.0558 -71.6123
601 -33.0547 -71.6124
386 -33.0546 -71.6124
224 -33.0545 -71.6124
986 -33.0545 -71.6124
645 -33.0545 -71.6123
742 -33.0545 -71.6123
575 -33.0544 -71.6123
309 -33.0543 -71.6123
22 -33.0542 -71.6123
211 -33.0545 -71.6122
343 -33.0545 -71.6122
863 -33.0544 -71.6121
204 -33.0544 -71.6122
600 -33.0543 -71.6122
885 -33.0543 -71.6122
266 -33.0542 -71.6189
217 -33.0541 -71.6199
697 -33.0541 -71.6199
479 -33.0541 -71.6199
961 -33.054 -71.6198
53 -33.054 -71.6198
313 -33.0538 -71.6197
940 -33.0537 -71.6197
176 -33.0537 -71.6196
487 -33.054 -71.6189
260 -33.0538 -71.6188
678 -33.0537 -71.6188
66 -33.0536 -71.6196
550 -33.0535 -71.6196
500 -33.0536 -71.6188
327 -33.0535 -71.6188
315 -33.0535 -71.619
647 -33.0535 -71.6193
497 -33.0535 -71.6192
5 -33.0535 -71.6192
796 -33.0535 -71.6193
85 -33.0535 -71.6194
142 -33.0535 -71.6194
115 -33.0535 -71.6193
890 -33.0535 -71.6192
226 -33.0535 -71.6192
703 -33.0535 -71.6191
38 -33.0535 -71.619
128 -33.0534 -71.6188
830 -33.0534 -71.6188
504 -33.0534 -71.6188
111 -33.0533 -71.6188
144 -33.0533 -71.6188
17 -33.0535 -71.6185
250 -33.0535 -71.6185
632 -33.0536 -71.6185
393 -33.0535 -71.6185
597 -33.0531 -71.6188
852 -33.0534 -71.6188
163 -33.0534 -71.6187
727 -33.0536 -71.6185
262 -33.0542 -71.6184
399 -33.0542 -71.6184
992 -33.0542 -71.6156
812 -33.0541 -71.6156
614 -33.0536 -71.6185
908 -33.054 -71.6167
946 -33.0538 -71.6166
412 -33.0529 -71.6187
859 -33.0525 -71.6186
756 -33.0528 -71.6159
430 -33.0528 -71.6159
999 -33.0524 -71.6186
364 -33.0522 -71.6185
904 -33.0522 -71.6185
130 -33.0518 -71.6184
385 -33.0528 -71.6159
783 -33.0527 -71.6158
148 -33.0529 -71.6158
93 -33.0529 -71.6157
75 -33.0521 -71.6157
496 -33.0521 -71.6156
195 -33.052 -71.6156
165 -33.0517 -71.6184
983 -33.0514 -71.6184
10 -33.0514 -71.6184
949 -33.0513 -71.6184
708 -33.0503 -71.6179
101 -33.0495 -71.6197
633 -33.0489 -71.618
447 -33.0488 -71.6178
511 -33.0501 -71.6178
427 -33.0492 -71.6176
509 -33.049 -71.6176
764 -33.0488 -71.6172
493 -33.0488 -71.6173
80 -33.0488 -71.6174
485 -33.0488 -71.6174
935 -33.0488 -71.6174
34 -33.0487 -71.6176
802 -33.0485 -71.6184
277 -33.0485 -71.6184
322 -33.0485 -71.6184
139 -33.0484 -71.6185
205 -33.0484 -71.6185
820 -33.0484 -71.6185
938 -33.0484 -71.6185
735 -33.0485 -71.6183
516 -33.0486 -71.6181
718 -33.0487 -71.6178
360 -33.0487 -71.6178
222 -33.0485 -71.6181
696 -33.0485 -71.6182
988 -33.0485 -71.6182
583 -33.0489 -71.6171
794 -33.0497 -71.6159
763 -33.0497 -71.6158
416 -33.0504 -71.6158
157 -33.0497 -71.616
610 -33.0493 -71.6165
635 -33.0494 -71.6164
530 -33.0491 -71.6163
573 -33.0503 -71.6158
889 -33.0503 -71.6158
170 -33.0501 -71.6157
333 -33.0501 -71.6157
113 -33.05 -71.6157
639 -33.0499 -71.6157
155 -33.0499 -71.6157
605 -33.0499 -71.6157
152 -33.0491 -71.6163
484 -33.0489 -71.617
732 -33.0489 -71.6169
644 -33.0489 -71.6169
911 -33.0489 -71.6171
220 -33.0476 -71.6171
784 -33.0476 -71.6171
982 -33.0477 -71.6169
9 -33.0489 -71.6169
755 -33.049 -71.6166
55 -33.049 -71.6166
722 -33.0491 -71.6163
939 -33.049 -71.6168
88 -33.0479 -71.6163
643 -33.048 -71.6158
304 -33.0519 -71.6156
892 -33.054 -71.6156
721 -33.0539 -71.6156
864 -33.0539 -71.6156
545 -33.0539 -71.6156
787 -33.0538 -71.6156
795 -33.053 -71.6155
565 -33.0533 -71.6155
860 -33.0533 -71.6155
320 -33.0531 -71.6155
585 -33.0535 -71.6142
835 -33.0533 -71.6141
739 -33.0531 -71.614
100 -33.053 -71.6139
749 -33.0526 -71.6137
659 -33.0524 -71.6135
24 -33.0521 -71.6133
106 -33.0517 -71.6156
574 -33.0516 -71.6156
688 -33.0516 -71.6156
850 -33.0516 -71.6156
884 -33.0515 -71.6156
572 -33.0514 -71.6156
13 -33.0513 -71.6156
191 -33.0512 -71.6156
174 -33.0511 -71.6156
652 -33.0511 -71.6156
273 -33.0511 -71.6156
692 -33.0509 -71.6156
900 -33.0508 -71.6155
712 -33.0507 -71.6155
529 -33.0507 -71.6155
964 -33.052 -71.6133
151 -33.0541 -71.6123
759 -33.0541 -71.6123
228 -33.0541 -71.6123
905 -33.054 -71.6122
102 -33.054 -71.6122
108 -33.0539 -71.6122
208 -33.0538 -71.6122
200 -33.0538 -71.6122
202 -33.0537 -71.6122
615 -33.0536 -71.6122
70 -33.0535 -71.6122
334 -33.0535 -71.6122
837 -33.0534 -71.6122
801 -33.0533 -71.6122
87 -33.0532 -71.6121
661 -33.0532 -71.6121
494 -33.0517 -71.6131
683 -33.0511 -71.6129
74 -33.0511 -71.6126
133 -33.0511 -71.6129
401 -33.051 -71.6131
758 -33.0506 -71.6131
345 -33.0511 -71.613
27 -33.0511 -71.6126
725 -33.0531 -71.6121
877 -33.0531 -71.6121
265 -33.053 -71.6121
599 -33.0528 -71.6121
278 -33.0511 -71.6126
655 -33.0528 -71.6121
337 -33.0506 -71.613
239 -33.0505 -71.6156
453 -33.0505 -71.6155
263 -33.0505 -71.6155
206 -33.0494 -71.6144
901 -33.0493 -71.615
283 -33.0494 -71.6148
440 -33.0494 -71.6146
318 -33.0495 -71.6141
660 -33.0496 -71.6136
36 -33.0496 -71.6136
631 -33.0496 -71.6135
394 -33.0496 -71.6136
897 -33.0495 -71.614
213 -33.0495 -71.614
868 -33.0496 -71.6136
799 -33.0493 -71.6151
716 -33.0493 -71.6154
694 -33.0493 -71.6154
383 -33.0493 -71.6153
793 -33.0483 -71.6147
827 -33.0481 -71.6156
724 -33.0481 -71.6153
968 -33.0483 -71.6148
972 -33.0483 -71.6146
81 -33.0485 -71.6138
348 -33.0485 -71.6138
604 -33.0485 -71.6136
933 -33.0485 -71.6139
553 -33.0485 -71.614
48 -33.0485 -71.6139
834 -33.0496 -71.6134
353 -33.0505 -71.613
44 -33.0504 -71.613
780 -33.0502 -71.613
54 -33.0501 -71.613
586 -33.0496 -71.6133
77 -33.0501 -71.613
612 -33.0497 -71.613
31 -33.05 -71.613
851 -33.0498 -71.6129
637 -33.0498 -71.6122
0 -33.0499 -71.6121
462 -33.0498 -71.6126
432 -33.0497 -71.6128
302 -33.0498 -71.6127
374 -33.0498 -71.6127
854 -33.0496 -71.6134
855 -33.0491 -71.6129
314 -33.049 -71.6129
435 -33.0488 -71.6128
862 -33.0487 -71.6129
853 -33.0487 -71.6131
140 -33.0487 -71.6131
941 -33.0487 -71.6129
50 -33.0488 -71.6128
436 -33.0489 -71.6124
519 -33.0489 -71.6122
218 -33.0489 -71.6122
541 -33.0489 -71.6124
84 -33.0488 -71.6125
778 -33.0489 -71.6124
201 -33.0524 -71.6121
748 -33.0581 -71.6105
970 -33.0598 -71.6104
259 -33.0579 -71.6103
72 -33.0578 -71.6103
463 -33.0577 -71.6102
384 -33.0573 -71.61
886 -33.0573 -71.61
606 -33.0572 -71.6099
132 -33.0585 -71.6089
362 -33.0584 -71.6087
454 -33.0584 -71.6086
535 -33.0575 -71.6088
569 -33.0567 -71.6099
876 -33.0571 -71.6099
866 -33.0569 -71.6098
26 -33.0565 -71.6101
558 -33.0564 -71.6096
510 -33.0563 -71.6095
874 -33.0564 -71.6088
190 -33.056 -71.6103
97 -33.0549 -71.6104
187 -33.0557 -71.6104
2 -33.0553 -71.6096
540 -33.0561 -71.6088
832 -33.0548 -71.6083
856 -33.0549 -71.6083
404 -33.0549 -71.6083
365 -33.0548 -71.6084
624 -33.0547 -71.6084
349 -33.0547 -71.6084
669 -33.0548 -71.6084
182 -33.0549 -71.6083
657 -33.058 -71.6083
700 -33.0579 -71.6082
929 -33.058 -71.6081
473 -33.0579 -71.6082
285 -33.0579 -71.6082
912 -33.0578 -71.6082
705 -33.0577 -71.6082
225 -33.0576 -71.6081
168 -33.0575 -71.6081
335 -33.0581 -71.6081
461 -33.0581 -71.6081
438 -33.0575 -71.6081
757 -33.0552 -71.6081
858 -33.0575 -71.6081
981 -33.0552 -71.6081
502 -33.0552 -71.6081
653 -33.055 -71.6082
56 -33.055 -71.6082
369 -33.055 -71.6082
741 -33.055 -71.6082
815 -33.0549 -71.6083
236 -33.0549 -71.6083
990 -33.055 -71.6083
704 -33.0551 -71.6082
785 -33.0551 -71.6081
671 -33.0551 -71.6081
398 -33.0552 -71.6081
966 -33.0551 -71.6081
460 -33.0551 -71.6082
752 -33.0551 -71.6082
417 -33.0547 -71.6084
324 -33.0544 -71.612
593 -33.0543 -71.612
734 -33.0543 -71.6119
421 -33.0543 -71.6118
607 -33.0542 -71.6117
227 -33.0542 -71.6116
771 -33.0541 -71.6116
681 -33.0544 -71.6105
243 -33.0546 -71.6085
71 -33.0546 -71.6085
845 -33.0546 -71.6085
505 -33.0546 -71.6085
882 -33.0546 -71.6085
325 -33.0545 -71.6085
736 -33.0545 -71.6085
498 -33.0541 -71.6116
235 -33.0541 -71.6115
68 -33.054 -71.6114
437 -33.0539 -71.6113
738 -33.0539 -71.6112
356 -33.0539 -71.6112
82 -33.0539 -71.6112
233 -33.0539 -71.6112
306 -33.0539 -71.6112
415 -33.0539 -71.6105
268 -33.0541 -71.6105
745 -33.0541 -71.6105
391 -33.0539 -71.6112
433 -33.0539 -71.6112
931 -33.0538 -71.6111
16 -33.0545 -71.6085
294 -33.0545 -71.6085
172 -33.0544 -71.6085
199 -33.0544 -71.6085
321 -33.0544 -71.6085
319 -33.0544 -71.6085
229 -33.0544 -71.6085
788 -33.0544 -71.6085
357 -33.0543 -71.6085
125 -33.0547 -71.6085
284 -33.0547 -71.6085
673 -33.0547 -71.6085
770 -33.0546 -71.6085
675 -33.0541 -71.6085
997 -33.0542 -71.6085
192 -33.0546 -71.6085
811 -33.0541 -71.6085
556 -33.0541 -71.6085
375 -33.0541 -71.6085
782 -33.0541 -71.6085
120 -33.0541 -71.6085
287 -33.054 -71.6085
390 -33.054 -71.6085
544 -33.054 -71.6085
395 -33.054 -71.6085
103 -33.054 -71.6085
993 -33.054 -71.6085
230 -33.054 -71.6085
276 -33.0539 -71.6085
670 -33.0538 -71.6085
8 -33.0538 -71.6085
888 -33.0575 -71.6081
474 -33.0599 -71.608
528 -33.059 -71.6079
677 -33.0598 -71.6079
977 -33.0587 -71.6079
79 -33.0584 -71.608
499 -33.0585 -71.608
332 -33.0585 -71.6079
581 -33.0588 -71.6078
300 -33.0603 -71.6077
808 -33.06 -71.6077
63 -33.0594 -71.6076
159 -33.0593 -71.6076
672 -33.0589 -71.6078
903 -33.0589 -71.6078
925 -33.0593 -71.6076
934 -33.0584 -71.608
400 -33.0581 -71.6081
740 -33.0574 -71.6081
11 -33.0583 -71.608
282 -33.0573 -71.6081
46 -33.0573 -71.6081
422 -33.0572 -71.608
833 -33.0572 -71.608
138 -33.0572 -71.608
555 -33.0572 -71.608
944 -33.0572 -71.608
469 -33.0583 -71.608
478 -33.0572 -71.608
592 -33.0571 -71.608
810 -33.057 -71.608
918 -33.057 -71.608
419 -33.0594 -71.6076
281 -33.0594 -71.607
112 -33.0592 -71.6064
491 -33.0594 -71.6064
280 -33.0591 -71.6075
296 -33.0581 -71.6067
129 -33.0581 -71.6067
311 -33.0586 -71.6066
331 -33.0595 -71.6064
291 -33.0599 -71.6063
441 -33.0604 -71.6046
147 -33.0593 -71.6044
870 -33.0592 -71.6044
525 -33.0589 -71.6063
924 -33.0582 -71.6043
90 -33.0586 -71.6042
527 -33.0581 -71.6067
613 -33.0577 -71.6073
873 -33.0575 -71.6069
411 -33.0579 -71.6068
83 -33.0574 -71.6069
472 -33.057 -71.607
857 -33.0571 -71.607
922 -33.0572 -71.6069
513 -33.058 -71.6067
223 -33.0578 -71.6066
768 -33.0576 -71.6049
221 -33.058 -71.6046
196 -33.0575 -71.6048
477 -33.0574 -71.6067
78 -33.0571 -71.6047
219 -33.057 -71.608
772 -33.0569 -71.608
980 -33.0569 -71.608
662 -33.0569 -71.608
878 -33.0569 -71.608
723 -33.0569 -71.608
489 -33.0568 -71.608
458 -33.0567 -71.608
715 -33.0567 -71.608
664 -33.0566 -71.608
753 -33.0567 -71.608
470 -33.0567 -71.608
378 -33.0566 -71.608
73 -33.0565 -71.608
62 -33.0565 -71.608
156 -33.0565 -71.608
350 -33.0564 -71.608
167 -33.0554 -71.608
557 -33.0562 -71.608
836 -33.0554 -71.6079
714 -33.0553 -71.608
471 -33.0552 -71.6081
951 -33.0552 -71.6081
136 -33.0553 -71.608
706 -33.0557 -71.6079
381 -33.0562 -71.6079
110 -33.0562 -71.6079
532 -33.0561 -71.6079
94 -33.0561 -71.6079
746 -33.0561 -71.6079
126 -33.0554 -71.6079
468 -33.0554 -71.6079
503 -33.0564 -71.6075
622 -33.0562 -71.6074
261 -33.0562 -71.6074
626 -33.0557 -71.6078
923 -33.0557 -71.6078
183 -33.0557 -71.6078
32 -33.0557 -71.6077
843 -33.0563 -71.6074
825 -33.0565 -71.6073
954 -33.0567 -71.6072
769 -33.0568 -71.6072
984 -33.0565 -71.6073
937 -33.0558 -71.6045
620 -33.0562 -71.6044
169 -33.0561 -71.6044
840 -33.0556 -71.6077
137 -33.0555 -71.6078
158 -33.0556 -71.6078
952 -33.0556 -71.6078
690 -33.0555 -71.6079
328 -33.0555 -71.6079
846 -33.0555 -71.6079
316 -33.0555 -71.6079
595 -33.0551 -71.605
256 -33.0552 -71.6049
99 -33.0552 -71.6045
293 -33.0553 -71.6044
98 -33.0551 -71.6049
1 -33.0539 -71.6047
957 -33.0543 -71.6046
244 -33.0538 -71.6085
372 -33.053 -71.6116
185 -33.0536 -71.6111
707 -33.0536 -71.6111
744 -33.0526 -71.6116
942 -33.0524 -71.6121
392 -33.0523 -71.612
517 -33.0526 -71.6117
943 -33.0538 -71.611
181 -33.0533 -71.6109
562 -33.0533 -71.6109
936 -33.0537 -71.6109
625 -33.0532 -71.6109
91 -33.0532 -71.6109
658 -33.0532 -71.6109
534 -33.0531 -71.6109
336 -33.0523 -71.6117
902 -33.0523 -71.612
275 -33.052 -71.612
449 -33.0519 -71.612
996 -33.0518 -71.612
920 -33.0512 -71.612
805 -33.0516 -71.612
186 -33.0515 -71.612
588 -33.0514 -71.612
180 -33.0516 -71.6118
621 -33.0519 -71.6118
915 -33.0521 -71.6117
33 -33.0514 -71.6116
638 -33.0513 -71.6119
666 -33.0512 -71.6119
894 -33.0513 -71.6119
203 -33.0529 -71.6108
141 -33.0537 -71.6108
143 -33.0535 -71.6105
861 -33.0537 -71.6105
821 -33.0535 -71.6105
623 -33.0529 -71.6107
867 -33.0529 -71.6107
382 -33.0529 -71.6106
791 -33.0527 -71.6104
566 -33.0526 -71.6102
536 -33.0525 -71.6101
429 -33.0525 -71.6101
161 -33.0525 -71.6101
270 -33.0525 -71.61
906 -33.0524 -71.6099
508 -33.0524 -71.6099
914 -33.0523 -71.6097
974 -33.0513 -71.6098
524 -33.0513 -71.6098
338 -33.0513 -71.6098
379 -33.0511 -71.61
817 -33.051 -71.6101
750 -33.051 -71.6101
766 -33.051 -71.6101
617 -33.0523 -71.6097
995 -33.0522 -71.6097
969 -33.0516 -71.6096
717 -33.0521 -71.6095
246 -33.0515 -71.6096
898 -33.0514 -71.6097
841 -33.0515 -71.6096
539 -33.0509 -71.6102
178 -33.05 -71.6112
425 -33.05 -71.6112
153 -33.05 -71.6112
828 -33.05 -71.6113
457 -33.05 -71.6115
956 -33.05 -71.6115
481 -33.05 -71.6113
363 -33.05 -71.6112
207 -33.0501 -71.6108
76 -33.0501 -71.6108
444 -33.0501 -71.6108
847 -33.0501 -71.6109
240 -33.05 -71.6111
64 -33.05 -71.611
654 -33.0501 -71.611
234 -33.0499 -71.6118
701 -33.0499 -71.6119
680 -33.0499 -71.6118
807 -33.0497 -71.6113
648 -33.0491 -71.6113
960 -33.049 -71.612
515 -33.049 -71.6117
538 -33.0491 -71.6113
119 -33.0497 -71.6112
823 -33.0496 -71.6112
231 -33.0497 -71.6112
634 -33.0497 -71.6112
418 -33.0496 -71.6112
590 -33.0496 -71.6112
728 -33.0493 -71.6112
248 -33.0493 -71.6107
164 -33.0509 -71.6102
439 -33.0509 -71.6102
526 -33.0509 -71.6102
932 -33.0508 -71.6102
317 -33.0508 -71.6102
465 -33.0508 -71.6102
258 -33.0507 -71.6102
58 -33.0505 -71.6102
651 -33.0506 -71.6102
428 -33.0507 -71.6102
656 -33.0504 -71.6102
342 -33.0503 -71.6102
719 -33.0503 -71.6102
312 -33.0503 -71.6101
329 -33.0503 -71.6101
241 -33.0502 -71.6101
709 -33.0501 -71.6107
86 -33.0501 -71.6105
518 -33.0501 -71.6104
665 -33.0501 -71.6107
548 -33.0501 -71.6107
522 -33.0501 -71.6107
971 -33.0493 -71.6107
685 -33.0501 -71.6104
596 -33.0502 -71.6102
96 -33.0502 -71.6102
779 -33.0502 -71.6101
947 -33.0502 -71.6102
804 -33.0501 -71.6104
899 -33.0495 -71.6098
451 -33.0517 -71.6094
242 -33.0536 -71.6085
371 -33.0536 -71.6085
975 -33.0536 -71.6085
257 -33.0536 -71.6085
578 -33.0532 -71.609
910 -33.0535 -71.6087
232 -33.0535 -71.6085
339 -33.0535 -71.6085
215 -33.0535 -71.6085
737 -33.0538 -71.6085
813 -33.0534 -71.6085
839 -33.0534 -71.6085
564 -33.0532 -71.6084
731 -33.0531 -71.6084
358 -33.0531 -71.6084
65 -33.0531 -71.6084
299 -33.0531 -71.6094
193 -33.053 -71.6083
122 -33.053 -71.6083
267 -33.053 -71.6083
245 -33.053 -71.6083
397 -33.053 -71.6083
895 -33.053 -71.6083
989 -33.053 -71.6083
720 -33.0529 -71.6083
691 -33.0529 -71.6083
806 -33.0529 -71.6083
308 -33.0529 -71.6083
959 -33.0522 -71.6083
247 -33.0529 -71.6083
887 -33.0529 -71.6083
388 -33.0529 -71.6083
21 -33.0528 -71.6083
194 -33.0528 -71.6082
554 -33.0527 -71.6082
682 -33.0527 -71.6082
67 -33.0527 -71.6082
628 -33.0527 -71.6082
410 -33.0526 -71.6082
875 -33.0526 -71.6082
406 -33.0537 -71.6061
826 -33.0532 -71.6047
30 -33.0532 -71.6047
264 -33.0526 -71.6082
359 -33.0525 -71.6082
871 -33.0525 -71.6082
913 -33.0525 -71.6082
667 -33.0525 -71.6082
921 -33.0525 -71.6082
184 -33.0524 -71.6081
289 -33.0524 -71.6081
616 -33.0522 -71.6081
893 -33.0522 -71.6083
41 -33.0522 -71.6082
552 -33.0522 -71.6082
567 -33.0524 -71.6081
6 -33.0524 -71.6081
776 -33.0524 -71.607
149 -33.0524 -71.6048
492 -33.0523 -71.608
896 -33.0522 -71.6078
800 -33.0522 -71.6076
965 -33.0522 -71.6083
630 -33.052 -71.609
443 -33.052 -71.609
426 -33.052 -71.609
699 -33.052 -71.6091
396 -33.0519 -71.6092
114 -33.0519 -71.6092
584 -33.0519 -71.6091
45 -33.052 -71.609
135 -33.052 -71.6088
37 -33.052 -71.6088
490 -33.0521 -71.6086
953 -33.052 -71.6088
777 -33.052 -71.609
570 -33.052 -71.6089
594 -33.052 -71.6089
926 -33.0519 -71.6092
131 -33.0518 -71.6093
352 -33.0519 -71.6092
543 -33.0519 -71.6092
684 -33.0518 -71.6093
95 -33.0517 -71.6094
330 -33.0517 -71.6094
985 -33.0503 -71.6092
695 -33.0504 -71.6091
188 -33.0518 -71.6091
59 -33.0518 -71.6091
568 -33.0518 -71.6091
380 -33.0518 -71.6091
618 -33.0516 -71.6089
346 -33.0514 -71.6088
559 -33.051 -71.6086
104 -33.0521 -71.6085
689 -33.0521 -71.6085
445 -33.0522 -71.6084
609 -33.0521 -71.6085
928 -33.0512 -71.6085
663 -33.0512 -71.6084
344 -33.0514 -71.6083
507 -33.0514 -71.6083
650 -33.0521 -71.6081
121 -33.0521 -71.6079
514 -33.0521 -71.6071
781 -33.0519 -71.608
39 -33.0516 -71.6082
47 -33.0517 -71.6081
28 -33.0518 -71.6081
824 -33.0511 -71.6085
792 -33.051 -71.6086
3 -33.051 -71.6086
729 -33.051 -71.6085
814 -33.0509 -71.6085
702 -33.0508 -71.6085
486 -33.0509 -71.6085
798 -33.0507 -71.6085
162 -33.0508 -71.6085
249 -33.0507 -71.6085
288 -33.0507 -71.6085
459 -33.0511 -71.6085
865 -33.0506 -71.6085
4 -33.0505 -71.6085
533 -33.0498 -71.6045
