760 -33.0589 -71.6169
455 -33.059 -71.6169
754 -33.0592 -71.6168
619 -33.0588 -71.6169
456 -33.0586 -71.6171
271 -33.0588 -71.617
809 -33.0588 -71.6169
301 -33.0595 -71.6167
978 -33.0613 -71.6159
962 -33.059 -71.6152
475 -33.0626 -71.615
726 -33.0589 -71.6152
549 -33.0587 -71.6154
279 -33.0588 -71.6153
123 -33.0589 -71.6153
762 -33.0586 -71.6155
838 -33.0583 -71.6174
803 -33.0586 -71.6172
698 -33.0585 -71.6167
198 -33.0582 -71.6175
767 -33.058 -71.6176
290 -33.0582 -71.6175
907 -33.0582 -71.617
154 -33.0584 -71.6166
636 -33.0586 -71.6149
146 -33.0584 -71.6149
580 -33.0584 -71.6148
61 -33.0583 -71.6151
105 -33.0581 -71.615
773 -33.0581 -71.615
405 -33.0581 -71.615
134 -33.0585 -71.6148
467 -33.0597 -71.6147
189 -33.0597 -71.6146
686 -33.0599 -71.6145
367 -33.0596 -71.6147
127 -33.0596 -71.6146
408 -33.0591 -71.6144
251 -33.0592 -71.6144
537 -33.0592 -71.6143
945 -33.0603 -71.6143
483 -33.0607 -71.6139
413 -33.0599 -71.6135
354 -33.0598 -71.6137
407 -33.0594 -71.6141
582 -33.0596 -71.6139
402 -33.0591 -71.6136
450 -33.0591 -71.6145
107 -33.0588 -71.6148
255 -33.0589 -71.6147
370 -33.0591 -71.6145
693 -33.0588 -71.6148
816 -33.0585 -71.6148
269 -33.0587 -71.6147
476 -33.0581 -71.6144
948 -33.0582 -71.6142
571 -33.0584 -71.6138
464 -33.0591 -71.6136
955 -33.0585 -71.6135
175 -33.0584 -71.6139
376 -33.0581 -71.6138
602 -33.0582 -71.6137
150 -33.058 -71.615
166 -33.0576 -71.618
179 -33.0576 -71.6179
466 -33.0579 -71.6178
495 -33.0576 -71.618
431 -33.0572 -71.6183
262 -33.057 -71.6183
448 -33.0572 -71.6183
171 -33.057 -71.6172
274 -33.0579 -71.615
641 -33.0579 -71.615
69 -33.0578 -71.615
446 -33.0578 -71.617
145 -33.0572 -71.617
403 -33.0575 -71.617
423 -33.0575 -71.617
908 -33.0568 -71.6183
930 -33.0568 -71.6183
946 -33.0566 -71.6182
611 -33.0568 -71.6169
487 -33.0565 -71.6182
614 -33.0565 -71.6182
727 -33.0565 -71.6182
992 -33.0563 -71.6151
812 -33.0563 -71.615
292 -33.0564 -71.615
117 -33.0564 -71.615
973 -33.0565 -71.6149
775 -33.0564 -71.615
377 -33.0564 -71.615
711 -33.0564 -71.615
713 -33.0564 -71.615
361 -33.0578 -71.6149
424 -33.0577 -71.6149
488 -33.0577 -71.6149
819 -33.0576 -71.6149
373 -33.0575 -71.6149
512 -33.0574 -71.6149
7 -33.0573 -71.6149
506 -33.0573 -71.6147
49 -33.0574 -71.6142
389 -33.0579 -71.6139
442 -33.0578 -71.6139
881 -33.0579 -71.6139
212 -33.0576 -71.6135
42 -33.0575 -71.6141
542 -33.0575 -71.6141
40 -33.0574 -71.6135
797 -33.0573 -71.6148
587 -33.0573 -71.6149
216 -33.0573 -71.6148
546 -33.0567 -71.6148
761 -33.0566 -71.6149
254 -33.0565 -71.6149
844 -33.0565 -71.6149
434 -33.0565 -71.6149
341 -33.0567 -71.6148
919 -33.057 -71.6148
551 -33.0573 -71.6137
89 -33.0573 -71.6137
228 -33.057 -71.6134
730 -33.0569 -71.6147
355 -33.0568 -71.6147
994 -33.0609 -71.6134
879 -33.0603 -71.613
818 -33.0603 -71.613
60 -33.0604 -71.6129
646 -33.0602 -71.6131
57 -33.0601 -71.6133
967 -33.0602 -71.6132
286 -33.0602 -71.6131
927 -33.0594 -71.6129
414 -33.06 -71.6128
52 -33.0601 -71.6128
958 -33.0602 -71.6128
452 -33.0599 -71.6128
480 -33.0595 -71.6128
12 -33.0596 -71.6128
733 -33.0598 -71.6128
19 -33.0594 -71.6129
950 -33.0591 -71.6134
743 -33.0588 -71.6133
822 -33.0589 -71.6133
674 -33.0586 -71.613
668 -33.0586 -71.6133
789 -33.0584 -71.613
916 -33.0586 -71.613
124 -33.0588 -71.6129
14 -33.0592 -71.6129
351 -33.0593 -71.6129
679 -33.0593 -71.6129
676 -33.059 -71.6129
909 -33.0588 -71.6129
303 -33.0589 -71.6129
295 -33.059 -71.6129
751 -33.0603 -71.6128
561 -33.0613 -71.6122
297 -33.0613 -71.6122
523 -33.0614 -71.6121
747 -33.0613 -71.6122
531 -33.0609 -71.6124
501 -33.0609 -71.6124
238 -33.0609 -71.6124
790 -33.0628 -71.6121
118 -33.0623 -71.612
326 -33.0626 -71.612
420 -33.0624 -71.612
482 -33.0621 -71.612
579 -33.0617 -71.612
917 -33.0618 -71.612
976 -33.062 -71.612
774 -33.0609 -71.6124
869 -33.0605 -71.6128
608 -33.0605 -71.6128
640 -33.0605 -71.6128
209 -33.0604 -71.6128
642 -33.0603 -71.6128
51 -33.0603 -71.6128
366 -33.0603 -71.6128
20 -33.0589 -71.6127
991 -33.0595 -71.6125
237 -33.0603 -71.6124
307 -33.0595 -71.612
627 -33.0595 -71.6121
29 -33.0589 -71.6126
197 -33.0585 -71.6124
387 -33.0584 -71.613
521 -33.0583 -71.6134
18 -33.0584 -71.613
577 -33.0584 -71.613
963 -33.0582 -71.6131
848 -33.0581 -71.6133
35 -33.0577 -71.6131
272 -33.0582 -71.613
252 -33.0584 -71.613
23 -33.0584 -71.613
310 -33.0579 -71.6129
160 -33.0579 -71.6129
998 -33.0578 -71.6129
649 -33.0578 -71.6129
601 -33.0578 -71.6129
347 -33.0577 -71.6129
224 -33.0577 -71.6129
591 -33.0576 -71.6134
885 -33.0569 -71.6134
600 -33.0568 -71.6133
204 -33.0567 -71.6133
211 -33.0567 -71.6133
343 -33.0566 -71.6132
593 -33.0565 -71.6132
520 -33.0577 -71.6131
603 -33.0576 -71.6129
386 -33.0576 -71.6129
986 -33.0576 -71.6129
173 -33.0576 -71.6129
421 -33.0563 -71.6131
734 -33.0563 -71.6131
742 -33.0576 -71.6129
645 -33.0575 -71.6129
575 -33.0574 -71.6128
22 -33.0574 -71.6128
309 -33.0574 -71.6128
151 -33.0573 -71.6128
759 -33.0572 -71.6128
102 -33.0571 -71.6127
905 -33.0571 -71.6127
872 -33.0583 -71.6127
214 -33.0583 -71.6127
842 -33.0583 -71.6126
765 -33.0581 -71.6121
108 -33.057 -71.6127
208 -33.0569 -71.6126
15 -33.0581 -71.6119
200 -33.0569 -71.6126
202 -33.0568 -71.6126
863 -33.0568 -71.6126
615 -33.0568 -71.6126
324 -33.0567 -71.6125
70 -33.0566 -71.6125
334 -33.0566 -71.6125
837 -33.0565 -71.6124
801 -33.0564 -71.6124
607 -33.0563 -71.6124
227 -33.0563 -71.6124
661 -33.0563 -71.6124
87 -33.0563 -71.6124
771 -33.0563 -71.6124
498 -33.0563 -71.6124
891 -33.0563 -71.6151
393 -33.0562 -71.6181
128 -33.0561 -71.6181
327 -33.0561 -71.618
830 -33.056 -71.618
504 -33.056 -71.618
703 -33.0558 -71.618
597 -33.0558 -71.618
890 -33.0555 -71.6173
111 -33.0556 -71.6172
38 -33.0556 -71.6172
500 -33.0556 -71.6171
315 -33.0556 -71.6172
226 -33.0555 -71.6173
5 -33.0555 -71.6172
144 -33.0555 -71.6172
497 -33.0555 -71.6173
66 -33.0554 -71.6179
859 -33.0552 -71.6178
940 -33.0552 -71.6178
313 -33.0551 -71.6178
53 -33.055 -71.618
961 -33.055 -71.618
999 -33.055 -71.6179
176 -33.0553 -71.6177
796 -33.0554 -71.6174
115 -33.0554 -71.6174
647 -33.0555 -71.6174
85 -33.0554 -71.6175
550 -33.0553 -71.6177
142 -33.0554 -71.6175
412 -33.0554 -71.6175
852 -33.0556 -71.6171
585 -33.0562 -71.6161
116 -33.0561 -71.6161
831 -33.0562 -71.616
795 -33.0561 -71.616
177 -33.0559 -71.6163
340 -33.0561 -71.6161
399 -33.0561 -71.6161
835 -33.0562 -71.6159
320 -33.0562 -71.6159
687 -33.0562 -71.6159
860 -33.0562 -71.6159
880 -33.0562 -71.6158
93 -33.0559 -71.6159
565 -33.0561 -71.6158
323 -33.0561 -71.6157
739 -33.0559 -71.6158
250 -33.0557 -71.6167
632 -33.0557 -71.6166
266 -33.0558 -71.6164
17 -33.0557 -71.6168
163 -33.0556 -71.617
678 -33.0556 -71.6169
260 -33.0557 -71.6168
253 -33.0558 -71.6164
148 -33.0558 -71.6159
430 -33.0557 -71.6159
100 -33.0558 -71.6157
385 -33.0557 -71.6159
756 -33.0556 -71.6159
783 -33.0556 -71.6159
904 -33.055 -71.6181
979 -33.0547 -71.6189
883 -33.0548 -71.6186
109 -33.0549 -71.6185
829 -33.0546 -71.6189
786 -33.0545 -71.6189
589 -33.0544 -71.6189
598 -33.0542 -71.6189
10 -33.0543 -71.6184
479 -33.0549 -71.6182
697 -33.0549 -71.6182
364 -33.055 -71.6182
217 -33.0549 -71.6182
983 -33.0543 -71.6184
165 -33.0546 -71.6184
130 -33.0547 -71.6184
949 -33.0542 -71.6184
849 -33.054 -71.6198
25 -33.054 -71.6189
987 -33.0539 -71.6188
92 -33.0538 -71.6188
629 -33.0538 -71.6197
409 -33.0535 -71.6192
710 -33.0537 -71.6188
708 -33.0533 -71.6188
511 -33.0531 -71.6187
427 -33.0523 -71.6186
113 -33.0528 -71.6159
509 -33.052 -71.6185
516 -33.0513 -71.6183
101 -33.0491 -71.6164
639 -33.0528 -71.6159
75 -33.0549 -71.6158
496 -33.0549 -71.6158
195 -33.0548 -71.6157
304 -33.0548 -71.6157
106 -33.0544 -71.6157
574 -33.0545 -71.6157
850 -33.0544 -71.6157
688 -33.0544 -71.6157
884 -33.0543 -71.6157
13 -33.0542 -71.6156
572 -33.0542 -71.6156
191 -33.054 -71.6156
174 -33.054 -71.6156
273 -33.0539 -71.6156
573 -33.0529 -71.6156
889 -33.0529 -71.6156
155 -33.0527 -71.6159
605 -33.0527 -71.6158
333 -33.0529 -71.6158
763 -33.0525 -71.6157
988 -33.0502 -71.6158
277 -33.0501 -71.6157
205 -33.05 -71.6157
938 -33.05 -71.6157
794 -33.0525 -71.6157
170 -33.0529 -71.6157
157 -33.0524 -71.6157
635 -33.052 -71.6156
820 -33.05 -71.6157
610 -33.0517 -71.6156
652 -33.0539 -71.6156
864 -33.0561 -71.6152
721 -33.0561 -71.6152
892 -33.0561 -71.6152
545 -33.056 -71.6153
749 -33.0554 -71.6154
787 -33.0559 -71.6153
659 -33.0552 -71.6153
547 -33.0561 -71.6152
210 -33.0562 -71.6151
185 -33.0554 -71.6131
68 -33.0558 -71.6131
902 -33.0554 -71.6124
275 -33.0552 -71.6124
562 -33.0552 -71.6124
658 -33.0551 -71.6124
534 -33.0551 -71.6124
24 -33.0549 -71.6151
181 -33.055 -71.6131
625 -33.055 -71.613
964 -33.0548 -71.6151
692 -33.0537 -71.6156
900 -33.0536 -71.6156
494 -33.0544 -71.6148
91 -33.0549 -71.613
449 -33.055 -71.6124
996 -33.055 -71.6124
203 -33.0549 -71.6124
623 -33.0548 -71.6124
382 -33.0546 -71.6127
867 -33.0546 -71.6127
805 -33.0548 -71.6124
186 -33.0547 -71.6124
877 -33.0562 -71.6124
725 -33.0562 -71.6124
235 -33.0562 -71.6124
265 -33.0561 -71.6123
392 -33.0555 -71.6124
942 -33.0555 -71.6124
201 -33.0555 -71.6124
707 -33.0556 -71.6123
599 -33.0559 -71.6123
655 -33.0559 -71.6123
82 -33.0559 -71.6123
738 -33.0559 -71.6123
437 -33.0559 -71.6123
306 -33.0559 -71.6123
233 -33.0559 -71.6123
588 -33.0545 -71.6124
791 -33.0544 -71.6123
666 -33.0544 -71.6123
638 -33.0544 -71.6123
566 -33.0543 -71.6123
429 -33.0541 -71.6123
536 -33.0541 -71.6123
270 -33.0541 -71.6123
161 -33.0542 -71.6123
617 -33.0544 -71.6122
914 -33.0544 -71.6122
717 -33.0543 -71.612
508 -33.0543 -71.6122
33 -33.054 -71.6122
906 -33.0543 -71.6122
712 -33.0536 -71.6155
529 -33.0535 -71.6155
263 -33.0533 -71.6155
453 -33.0533 -71.6155
239 -33.0532 -71.6155
644 -33.0512 -71.6156
911 -33.051 -71.6156
764 -33.0509 -71.6156
416 -33.053 -71.6155
353 -33.0534 -71.6142
54 -33.0531 -71.614
484 -33.0496 -71.6133
732 -33.0496 -71.6133
935 -33.0496 -71.6137
493 -33.0496 -71.6137
583 -33.0496 -71.6135
485 -33.0496 -71.6137
735 -33.0494 -71.6146
222 -33.0494 -71.6145
633 -33.0494 -71.6144
696 -33.0494 -71.6146
139 -33.0494 -71.6148
322 -33.0494 -71.6148
802 -33.0494 -71.6148
447 -33.0495 -71.6143
360 -33.0495 -71.614
34 -33.0495 -71.6139
80 -33.0495 -71.6138
718 -33.0495 -71.6142
784 -33.0486 -71.6136
220 -33.0486 -71.6135
982 -33.0486 -71.6133
683 -33.0535 -71.6122
758 -33.0528 -71.6121
44 -33.0527 -71.6121
862 -33.0511 -71.6122
901 -33.0511 -71.6131
81 -33.0511 -71.613
604 -33.0511 -71.6129
851 -33.052 -71.612
834 -33.0516 -71.6119
31 -33.0522 -71.6117
77 -33.0523 -71.6117
394 -33.0514 -71.6119
314 -33.0513 -71.6119
855 -33.0513 -71.6119
660 -33.0513 -71.6119
348 -33.0511 -71.6131
553 -33.0509 -71.6131
972 -33.0504 -71.613
793 -33.0503 -71.613
755 -33.0497 -71.6129
9 -33.0497 -71.6132
939 -33.0497 -71.6131
827 -33.0495 -71.6129
55 -33.0497 -71.6128
152 -33.0498 -71.6127
530 -33.0498 -71.6126
716 -33.0499 -71.6118
722 -33.0497 -71.6127
88 -33.0488 -71.6127
643 -33.0489 -71.6122
694 -33.0499 -71.6117
576 -33.0619 -71.6116
43 -33.0619 -71.6115
474 -33.0617 -71.6106
903 -33.061 -71.6097
368 -33.0598 -71.6116
463 -33.0608 -71.6103
72 -33.0608 -71.6102
970 -33.0608 -71.6096
581 -33.061 -71.6094
63 -33.0618 -71.6094
677 -33.062 -71.6093
499 -33.061 -71.6091
934 -33.061 -71.609
79 -33.061 -71.609
469 -33.0609 -71.6089
866 -33.0596 -71.6098
298 -33.0593 -71.6116
563 -33.0593 -71.6116
305 -33.0595 -71.6114
748 -33.0589 -71.6112
560 -33.0588 -71.6117
606 -33.0583 -71.6113
259 -33.0589 -71.6112
876 -33.0593 -71.6112
886 -33.0595 -71.6112
26 -33.0594 -71.6105
362 -33.0589 -71.6095
657 -33.0586 -71.6101
558 -33.0584 -71.6106
454 -33.0582 -71.609
626 -33.0583 -71.6089
2 -33.0583 -71.6089
672 -33.0616 -71.6089
11 -33.0609 -71.6089
461 -33.061 -71.6086
400 -33.0608 -71.6088
335 -33.0607 -71.6088
700 -33.0607 -71.6087
285 -33.0607 -71.6086
473 -33.0607 -71.6086
419 -33.0619 -71.6085
705 -33.0606 -71.6085
225 -33.0605 -71.6084
858 -33.0604 -71.6084
438 -33.0604 -71.6083
740 -33.0603 -71.6083
422 -33.0602 -71.6082
332 -33.0602 -71.6083
282 -33.0602 -71.6082
944 -33.0601 -71.6082
478 -33.0601 -71.6081
132 -33.06 -71.6088
73 -33.059 -71.6088
138 -33.0597 -71.6088
810 -33.0598 -71.6082
502 -33.0582 -71.6081
918 -33.06 -71.608
219 -33.0599 -71.608
878 -33.0599 -71.608
723 -33.0599 -71.608
471 -33.0582 -71.608
757 -33.0582 -71.608
981 -33.0582 -71.6081
190 -33.0582 -71.6113
187 -33.0581 -71.611
236 -33.058 -71.6082
569 -33.0579 -71.6113
510 -33.0577 -71.6107
97 -33.0578 -71.6103
384 -33.0577 -71.6102
856 -33.0579 -71.6082
653 -33.058 -71.6081
741 -33.058 -71.6081
369 -33.058 -71.6081
832 -33.0579 -71.6082
365 -33.0578 -71.6082
624 -33.0577 -71.6082
192 -33.0576 -71.6081
874 -33.0576 -71.6088
540 -33.0576 -71.6101
681 -33.0574 -71.61
415 -33.057 -71.6098
861 -33.0568 -71.6099
141 -33.0563 -71.6101
143 -33.0565 -71.61
821 -33.0566 -71.61
706 -33.0569 -71.6098
243 -33.0576 -71.6081
71 -33.0576 -71.6081
882 -33.0576 -71.6081
535 -33.0575 -71.6088
268 -33.0567 -71.6096
745 -33.0568 -71.6096
56 -33.0581 -71.6081
752 -33.0581 -71.6081
182 -33.0578 -71.6081
785 -33.0581 -71.6081
736 -33.0575 -71.6081
325 -33.0575 -71.6081
294 -33.0574 -71.6081
229 -33.0574 -71.6081
199 -33.0574 -71.6081
321 -33.0574 -71.6081
966 -33.0582 -71.6081
398 -33.0582 -71.6081
788 -33.0574 -71.6081
997 -33.0571 -71.608
675 -33.0571 -71.608
556 -33.0571 -71.608
811 -33.0571 -71.608
375 -33.0571 -71.608
395 -33.057 -71.608
287 -33.057 -71.608
103 -33.0569 -71.608
993 -33.0569 -71.608
244 -33.0568 -71.608
737 -33.0567 -71.608
371 -33.0566 -71.608
242 -33.0566 -71.608
257 -33.0565 -71.608
232 -33.0565 -71.608
339 -33.0565 -71.608
215 -33.0565 -71.608
813 -33.0565 -71.608
167 -33.0584 -71.608
888 -33.0601 -71.6078
833 -33.0603 -71.6077
592 -33.0602 -71.6077
662 -33.06 -71.6077
489 -33.0598 -71.6079
715 -33.0597 -71.6079
470 -33.0597 -71.6078
753 -33.0598 -71.6077
977 -33.0617 -71.6073
808 -33.0612 -71.6068
159 -33.0609 -71.6065
300 -33.0606 -71.6068
46 -33.06 -71.6072
912 -33.0602 -71.6072
281 -33.0602 -71.607
458 -33.0597 -71.6078
664 -33.0596 -71.6078
156 -33.0595 -71.6077
350 -33.0595 -71.6077
62 -33.0595 -71.6077
528 -33.059 -71.6079
923 -33.0588 -71.6078
929 -33.0589 -71.6078
746 -33.0591 -71.6077
381 -33.0592 -71.6076
557 -33.0593 -71.6076
772 -33.0597 -71.6068
94 -33.0592 -71.6076
532 -33.0592 -71.6076
280 -33.0591 -71.6075
378 -33.0592 -71.6069
925 -33.0607 -71.6064
441 -33.0631 -71.6062
291 -33.0624 -71.6056
147 -33.0622 -71.6055
922 -33.0602 -71.606
83 -33.0601 -71.6063
129 -33.0601 -71.6063
857 -33.0602 -71.606
491 -33.061 -71.6055
870 -33.0622 -71.6055
331 -33.062 -71.6053
112 -33.0617 -71.6051
90 -33.0615 -71.6049
296 -33.0609 -71.6052
924 -33.0612 -71.6047
78 -33.06 -71.6045
311 -33.06 -71.6062
954 -33.0594 -71.6064
843 -33.0594 -71.6064
825 -33.0596 -71.6063
873 -33.0593 -71.6064
261 -33.0593 -71.6064
622 -33.0593 -71.6064
527 -33.0592 -71.6063
513 -33.0591 -71.6063
769 -33.0598 -71.6063
411 -33.0599 -71.6062
221 -33.0591 -71.6054
620 -33.059 -71.6042
525 -33.059 -71.6063
169 -33.059 -71.6042
196 -33.0587 -71.6051
846 -33.0586 -71.6079
328 -33.0586 -71.6079
690 -33.0586 -71.6079
468 -33.0585 -71.6079
714 -33.0584 -71.608
836 -33.0584 -71.608
704 -33.058 -71.6079
137 -33.0587 -71.6079
952 -33.0587 -71.6079
183 -33.0587 -71.6079
110 -33.0584 -71.6073
126 -33.0582 -71.6075
671 -33.0581 -71.6079
613 -33.0577 -71.6073
125 -33.0575 -71.6069
845 -33.0574 -71.6069
319 -33.0573 -71.6075
390 -33.057 -71.6074
230 -33.0568 -71.6071
276 -33.0568 -71.6071
839 -33.0563 -71.608
8 -33.0567 -71.6072
670 -33.0567 -71.6072
120 -33.0569 -71.6071
172 -33.0572 -71.6069
16 -33.0573 -71.6069
505 -33.0574 -71.6069
357 -33.0571 -71.607
544 -33.0569 -71.6071
782 -33.0569 -71.6071
284 -33.0575 -71.6069
555 -33.0587 -71.6066
158 -33.0585 -71.6066
32 -33.0587 -71.6066
980 -33.0584 -71.6067
168 -33.0584 -71.6067
951 -33.0582 -71.6067
840 -33.0584 -71.6062
223 -33.0585 -71.6062
984 -33.0583 -71.6058
937 -33.0585 -71.6051
293 -33.0583 -71.6043
99 -33.0582 -71.6044
136 -33.058 -71.6061
477 -33.058 -71.6059
256 -33.058 -71.6046
595 -33.0579 -71.6045
404 -33.0578 -71.6068
503 -33.0578 -71.6066
990 -33.0577 -71.6065
349 -33.0576 -71.6068
417 -33.0576 -71.6069
669 -33.0576 -71.6068
460 -33.0571 -71.6061
472 -33.0575 -71.6061
316 -33.0576 -71.6058
98 -33.0575 -71.6051
768 -33.0576 -71.6049
957 -33.0574 -71.6048
1 -33.057 -71.6047
30 -33.0563 -71.6044
910 -33.0563 -71.6074
915 -33.0542 -71.6105
336 -33.0543 -71.6105
517 -33.0546 -71.6105
188 -33.0541 -71.6116
59 -33.0541 -71.6115
568 -33.0541 -71.6115
380 -33.054 -71.6114
744 -33.0546 -71.6104
391 -33.0559 -71.6103
815 -33.056 -71.6095
770 -33.0557 -71.6094
673 -33.0557 -71.6094
372 -33.055 -71.6104
931 -33.0556 -71.6094
433 -33.0556 -71.6094
618 -33.054 -71.6113
133 -33.0535 -71.6114
74 -33.0536 -71.6113
27 -33.0537 -71.6113
345 -33.0534 -71.6114
780 -33.0525 -71.6117
337 -33.0528 -71.6116
401 -33.0532 -71.6115
278 -33.0537 -71.6113
346 -33.0538 -71.6112
995 -33.0537 -71.6105
621 -33.0539 -71.6105
920 -33.0537 -71.6109
559 -33.0533 -71.611
894 -33.0536 -71.6107
180 -33.0537 -71.6105
975 -33.0561 -71.6089
570 -33.0546 -71.6085
777 -33.0546 -71.6085
630 -33.0546 -71.6085
45 -33.0545 -71.6085
514 -33.0545 -71.6085
443 -33.0545 -71.6085
426 -33.0545 -71.6085
699 -33.0544 -71.6085
543 -33.0544 -71.6085
926 -33.0544 -71.6085
114 -33.0544 -71.6085
584 -33.0544 -71.6085
344 -33.0543 -71.6085
936 -33.0543 -71.6085
396 -33.0543 -71.6085
352 -33.0543 -71.6085
524 -33.0536 -71.6085
338 -33.0536 -71.6085
288 -33.0536 -71.6085
207 -33.0521 -71.6085
654 -33.0521 -71.6088
847 -33.0521 -71.6087
76 -33.0521 -71.6086
865 -33.0536 -71.6085
249 -33.0537 -71.6085
131 -33.0543 -71.6085
943 -33.0543 -71.6085
898 -33.0536 -71.6085
444 -33.0521 -71.6085
974 -33.0535 -71.6085
64 -33.052 -71.6089
960 -33.0509 -71.6102
612 -33.0509 -71.6102
218 -33.0507 -71.6102
519 -33.0507 -71.6102
586 -33.0507 -71.6102
541 -33.0505 -71.6102
778 -33.0505 -71.6102
631 -33.0505 -71.6102
854 -33.0506 -71.6102
436 -33.0505 -71.6102
432 -33.0511 -71.61
84 -33.0505 -71.6102
36 -33.0504 -71.6102
50 -33.0502 -71.6102
868 -33.0503 -71.6102
941 -33.0502 -71.6103
799 -33.05 -71.6115
933 -33.05 -71.6113
283 -33.05 -71.6112
383 -33.0499 -71.6116
724 -33.049 -71.6117
48 -33.0499 -71.6113
968 -33.0492 -71.6112
440 -33.0501 -71.611
318 -33.0501 -71.6104
213 -33.0502 -71.6103
897 -33.0502 -71.6103
140 -33.0501 -71.6105
206 -33.0501 -71.6107
853 -33.0501 -71.6105
302 -33.0511 -71.61
634 -33.0518 -71.6093
807 -33.0518 -71.6093
457 -33.0519 -71.6093
119 -33.0518 -71.6093
823 -33.0518 -71.6094
418 -33.0518 -71.6093
231 -33.0518 -71.6093
956 -33.0519 -71.6092
153 -33.052 -71.6089
363 -33.052 -71.6089
240 -33.052 -71.6089
178 -33.052 -71.6089
828 -33.052 -71.609
481 -33.052 -71.609
425 -33.052 -71.609
590 -33.0517 -71.6094
538 -33.0514 -71.6097
637 -33.0515 -71.6096
0 -33.0515 -71.6096
648 -33.0513 -71.6098
515 -33.0511 -71.61
374 -33.0511 -71.61
462 -33.0512 -71.6099
728 -33.0515 -71.6096
680 -33.0517 -71.6094
234 -33.0517 -71.6094
701 -33.0517 -71.6094
971 -33.051 -71.6085
435 -33.0497 -71.6091
248 -33.051 -71.6086
684 -33.0542 -71.6085
358 -33.0559 -71.6083
65 -33.0559 -71.6083
895 -33.0558 -71.6081
616 -33.0552 -71.6081
41 -33.0551 -71.6081
552 -33.0552 -71.6081
492 -33.0552 -71.6081
388 -33.0557 -71.608
731 -33.0561 -71.6079
989 -33.056 -71.6079
397 -33.056 -71.6079
184 -33.0554 -71.6079
567 -33.0554 -71.608
289 -33.0554 -71.608
6 -33.0554 -71.608
893 -33.0551 -71.6082
28 -33.0548 -71.6084
490 -33.0548 -71.6084
609 -33.0549 -71.6083
47 -33.0548 -71.6084
37 -33.0546 -71.6085
953 -33.0547 -71.6085
135 -33.0547 -71.6084
800 -33.0549 -71.6083
896 -33.055 -71.6082
965 -33.055 -71.6082
959 -33.055 -71.6082
650 -33.055 -71.6082
104 -33.055 -71.6083
689 -33.055 -71.6083
445 -33.055 -71.6082
921 -33.0555 -71.6079
122 -33.056 -71.6079
245 -33.0559 -71.6079
806 -33.0559 -71.6079
720 -33.0559 -71.6079
691 -33.0559 -71.6079
308 -33.0559 -71.6079
21 -33.0558 -71.6079
887 -33.0558 -71.6079
564 -33.0561 -71.6075
406 -33.0563 -71.6044
826 -33.0563 -71.6044
578 -33.056 -71.6075
247 -33.0558 -71.6076
193 -33.0559 -71.6076
267 -33.056 -71.6075
194 -33.0557 -71.6078
682 -33.0556 -71.6078
554 -33.0556 -71.6078
299 -33.0556 -71.6078
871 -33.0555 -71.6078
667 -33.0555 -71.6079
359 -33.0555 -71.6079
913 -33.0555 -71.6078
875 -33.0556 -71.6078
264 -33.0556 -71.6078
67 -33.0556 -71.6078
628 -33.0556 -71.6077
410 -33.0556 -71.6078
776 -33.0548 -71.6051
149 -33.0555 -71.6044
594 -33.0546 -71.6085
928 -33.0541 -71.6085
39 -33.0546 -71.6085
663 -33.0541 -71.6085
330 -33.0541 -71.6085
824 -33.0541 -71.6085
356 -33.0541 -71.6085
451 -33.0541 -71.6085
95 -33.0541 -71.6085
459 -33.054 -71.6085
3 -33.0539 -71.6085
969 -33.0539 -71.6085
814 -33.0539 -71.6085
841 -33.0538 -71.6085
246 -33.0538 -71.6085
486 -33.0538 -71.6085
162 -33.0538 -71.6085
798 -33.0537 -71.6085
702 -33.0537 -71.6085
4 -33.0534 -71.6085
665 -33.0521 -71.6084
709 -33.0521 -71.6085
522 -33.0521 -71.6085
548 -33.0521 -71.6085
379 -33.0533 -71.6084
817 -33.0533 -71.6084
766 -33.0533 -71.6084
750 -33.0532 -71.6084
539 -33.0531 -71.6084
439 -33.0531 -71.6084
164 -33.0531 -71.6084
526 -33.0531 -71.6084
317 -33.053 -71.6083
932 -33.053 -71.6083
465 -33.053 -71.6083
695 -33.0529 -71.6083
258 -33.0529 -71.6083
985 -33.0528 -71.6083
428 -33.0528 -71.6083
651 -33.0528 -71.6083
507 -33.0535 -71.6063
781 -33.054 -71.6059
121 -33.0541 -71.6057
729 -33.0531 -71.6065
58 -33.0528 -71.6083
656 -33.0526 -71.6082
792 -33.0531 -71.6066
342 -33.0525 -71.6082
329 -33.0525 -71.6082
312 -33.0525 -71.6082
719 -33.0524 -71.6082
518 -33.0522 -71.6082
86 -33.0522 -71.6083
685 -33.0522 -71.6082
899 -33.0516 -71.6082
804 -33.0522 -71.6081
779 -33.0524 -71.6081
241 -33.0524 -71.6081
533 -33.0525 -71.6048
96 -33.0524 -71.6081
596 -33.0523 -71.6081
947 -33.0523 -71.6081
