940 -33.0516 -71.626
497 -33.0512 -71.6259
327 -33.0512 -71.6254
935 -33.0512 -71.6253
142 -33.0512 -71.626
176 -33.0509 -71.6259
38 -33.0511 -71.6254
266 -33.0518 -71.6252
930 -33.0518 -71.6251
880 -33.0518 -71.6238
177 -33.0514 -71.6238
253 -33.0513 -71.6243
315 -33.0512 -71.625
732 -33.0513 -71.625
799 -33.051 -71.6243
678 -33.0507 -71.6243
961 -33.0507 -71.6259
85 -33.0507 -71.6251
115 -33.0507 -71.625
66 -33.0505 -71.6256
217 -33.05 -71.6259
479 -33.0499 -71.6253
716 -33.0504 -71.6245
694 -33.0501 -71.6243
440 -33.0504 -71.6239
890 -33.0505 -71.6237
703 -33.0505 -71.6236
226 -33.0504 -71.6242
647 -33.0502 -71.6242
796 -33.0502 -71.6242
5 -33.0502 -71.6242
500 -33.0507 -71.6234
487 -33.0512 -71.6231
210 -33.0517 -71.6223
377 -33.0516 -71.6222
179 -33.0511 -71.6222
260 -33.051 -71.6233
775 -33.0506 -71.6214
425 -33.0507 -71.6212
373 -33.0515 -71.6212
542 -33.0515 -71.6204
301 -33.0515 -71.6203
69 -33.051 -71.6202
838 -33.0507 -71.6207
76 -33.0507 -71.6207
761 -33.0506 -71.6207
341 -33.0506 -71.6206
587 -33.0505 -71.6201
637 -33.0504 -71.6223
956 -33.0505 -71.6216
713 -33.0505 -71.6215
283 -33.0502 -71.6231
901 -33.05 -71.6231
432 -33.0499 -71.6223
302 -33.05 -71.6223
547 -33.0504 -71.6214
74 -33.0505 -71.6211
355 -33.0504 -71.6205
216 -33.0504 -71.6201
973 -33.0503 -71.6209
760 -33.0499 -71.6202
456 -33.0501 -71.6201
550 -33.0499 -71.6243
883 -33.0495 -71.6252
34 -33.0496 -71.6252
109 -33.0498 -71.6251
633 -33.0492 -71.6253
101 -33.0491 -71.626
786 -33.0489 -71.6253
829 -33.0492 -71.625
447 -33.0491 -71.6249
206 -33.0494 -71.6234
313 -33.0499 -71.6233
53 -33.0496 -71.6232
697 -33.0493 -71.6243
213 -33.049 -71.6233
374 -33.0489 -71.6223
340 -33.0493 -71.6223
597 -33.0489 -71.6233
598 -33.0488 -71.626
493 -33.0487 -71.6246
979 -33.0486 -71.6242
735 -33.0485 -71.6253
360 -33.0482 -71.6252
92 -33.0483 -71.6252
987 -33.0483 -71.6252
589 -33.0486 -71.6239
144 -33.0488 -71.6232
852 -33.0487 -71.6232
250 -33.0488 -71.6228
632 -33.0484 -71.6225
412 -33.0482 -71.6233
163 -33.048 -71.6227
17 -33.0483 -71.6225
448 -33.0493 -71.6223
77 -33.0498 -71.6223
234 -33.0498 -71.622
166 -33.0497 -71.6216
116 -33.0497 -71.6223
399 -33.0497 -71.6223
780 -33.0487 -71.6223
401 -33.0492 -71.6218
804 -33.0493 -71.621
86 -33.0495 -71.6209
656 -33.0495 -71.6203
539 -33.0495 -71.6201
844 -33.0495 -71.6209
198 -33.0492 -71.6208
891 -33.049 -71.6208
434 -33.0489 -71.6203
687 -33.0487 -71.6218
262 -33.0487 -71.622
831 -33.0487 -71.6217
701 -33.0486 -71.6217
457 -33.0485 -71.6216
337 -33.0483 -71.6223
363 -33.0482 -71.6215
548 -33.0481 -71.6212
709 -33.0481 -71.6211
522 -33.0487 -71.6211
323 -33.0485 -71.6211
565 -33.0482 -71.6209
721 -33.0481 -71.6203
207 -33.0481 -71.6211
767 -33.048 -71.6201
812 -33.0481 -71.62
376 -33.0517 -71.6199
881 -33.0517 -71.6199
816 -33.0517 -71.6198
765 -33.0515 -71.6191
680 -33.0512 -71.6199
537 -33.0509 -71.6193
413 -33.0515 -71.619
869 -33.0512 -71.6183
560 -33.0516 -71.6178
774 -33.0515 -71.6178
936 -33.0515 -71.6173
931 -33.0515 -71.6174
646 -33.0509 -71.6181
356 -33.051 -71.6172
286 -33.0508 -71.6169
57 -33.0507 -71.6181
919 -33.0502 -71.6199
428 -33.0506 -71.6193
370 -33.0507 -71.6191
379 -33.0502 -71.6193
524 -33.05 -71.6192
134 -33.05 -71.6191
95 -33.0497 -71.6186
963 -33.0502 -71.6183
189 -33.0502 -71.6183
367 -33.0502 -71.6183
668 -33.0507 -71.6181
389 -33.05 -71.6172
582 -33.0499 -71.6178
978 -33.0499 -71.6176
433 -33.0499 -71.617
475 -33.0517 -71.6168
945 -33.052 -71.6161
118 -33.0519 -71.6156
991 -33.0517 -71.6156
578 -33.0516 -71.6155
842 -33.0515 -71.6166
792 -33.0514 -71.6158
299 -33.0514 -71.6158
507 -33.0517 -71.6154
872 -33.0518 -71.6148
976 -33.0518 -71.6148
482 -33.0516 -71.6148
2 -33.0516 -71.6149
910 -33.0512 -71.6151
242 -33.0513 -71.6149
737 -33.0515 -71.6148
640 -33.0511 -71.6166
426 -33.051 -71.6164
268 -33.0511 -71.6163
20 -33.051 -71.6162
943 -33.0509 -71.6167
18 -33.0501 -71.6166
818 -33.0509 -71.6163
608 -33.0502 -71.6159
464 -33.0503 -71.6159
879 -33.05 -71.6156
297 -33.0511 -71.6156
950 -33.0507 -71.615
60 -33.0499 -71.6158
893 -33.0499 -71.6158
6 -33.0498 -71.6158
407 -33.0497 -71.6177
42 -33.0496 -71.6195
255 -33.0497 -71.6186
549 -33.0495 -71.6185
841 -33.0494 -71.6192
361 -33.0491 -71.6192
352 -33.0494 -71.6187
543 -33.0489 -71.6186
443 -33.0493 -71.6184
408 -33.0493 -71.6176
391 -33.0491 -71.6173
689 -33.0495 -71.6171
41 -33.0489 -71.6174
146 -33.0488 -71.6178
107 -33.0488 -71.6174
955 -33.0489 -71.6171
921 -33.0488 -71.6175
641 -33.0484 -71.6184
570 -33.0487 -71.6184
150 -33.0485 -71.6184
754 -33.0483 -71.6188
396 -33.0483 -71.6189
455 -33.0482 -71.6189
684 -33.0482 -71.6189
609 -33.0485 -71.6182
959 -33.0486 -71.6179
871 -33.0488 -71.6175
269 -33.0488 -71.6175
442 -33.0483 -71.6172
698 -33.0481 -71.6181
699 -33.0481 -71.6181
743 -33.0495 -71.617
554 -33.0496 -71.6166
887 -33.0496 -71.6166
450 -33.0495 -71.6166
822 -33.0494 -71.6166
415 -33.049 -71.6166
257 -33.049 -71.616
295 -33.0492 -71.6158
375 -33.0492 -71.6156
321 -33.0493 -71.6152
882 -33.0493 -71.615
349 -33.0494 -71.6148
284 -33.0493 -71.615
762 -33.0491 -71.6151
229 -33.0491 -71.6151
319 -33.0491 -71.6151
476 -33.049 -71.6168
123 -33.0485 -71.6166
726 -33.0486 -71.6165
251 -33.0488 -71.6164
602 -33.0485 -71.6167
184 -33.0484 -71.617
141 -33.0485 -71.6168
682 -33.0483 -71.6163
693 -33.0482 -71.6163
520 -33.0482 -71.6163
279 -33.0485 -71.6163
290 -33.0482 -71.6154
252 -33.0482 -71.6153
731 -33.0481 -71.6156
745 -33.0481 -71.6153
783 -33.048 -71.6218
849 -33.0475 -71.6258
409 -33.0477 -71.6252
25 -33.0479 -71.6244
629 -33.0472 -71.625
583 -33.0469 -71.6259
755 -33.0471 -71.6249
722 -33.047 -71.6247
484 -33.0476 -71.6243
710 -33.0477 -71.6243
854 -33.0479 -71.6235
859 -33.0479 -71.6235
999 -33.0476 -71.6235
152 -33.047 -71.6242
36 -33.0473 -71.6236
868 -33.0473 -71.6236
509 -33.0469 -71.6258
911 -33.0469 -71.6259
9 -33.0465 -71.6257
55 -33.0467 -71.6254
939 -33.0465 -71.6257
764 -33.0462 -71.6257
485 -33.046 -71.6255
80 -33.046 -71.6255
530 -33.0465 -71.6252
511 -33.0466 -71.6247
453 -33.0467 -71.6237
130 -33.0466 -71.6237
692 -33.0465 -71.6235
708 -33.0464 -71.6247
383 -33.0461 -71.6242
900 -33.0464 -71.6236
586 -33.0479 -71.6234
111 -33.048 -71.6227
0 -33.0477 -71.6226
481 -33.048 -71.6218
688 -33.0474 -71.6232
462 -33.0471 -71.6232
195 -33.0473 -71.6229
64 -33.0471 -71.6217
27 -33.0473 -71.6216
430 -33.0479 -71.6215
654 -33.048 -71.6213
518 -33.0473 -71.6213
431 -33.0472 -71.6214
665 -33.0472 -71.6214
278 -33.047 -71.6213
93 -33.047 -71.6213
240 -33.0469 -71.6212
660 -33.0464 -71.6234
191 -33.0467 -71.6233
884 -33.0468 -71.623
834 -33.0463 -71.6229
529 -33.0459 -71.6232
394 -33.046 -71.6231
631 -33.0461 -71.623
612 -33.0466 -71.6228
538 -33.0463 -71.6219
828 -33.0467 -71.6211
614 -33.0464 -71.6209
728 -33.0461 -71.6217
13 -33.046 -71.6224
31 -33.0459 -71.6222
648 -33.0459 -71.622
718 -33.0457 -71.6258
516 -33.0454 -71.6258
696 -33.0453 -71.6255
802 -33.0452 -71.6253
277 -33.0452 -71.6257
938 -33.0451 -71.6253
139 -33.045 -71.6253
222 -33.0456 -71.6251
605 -33.0456 -71.6242
889 -33.0457 -71.6239
983 -33.0458 -71.6237
322 -33.0453 -71.625
205 -33.0452 -71.625
820 -33.0453 -71.6249
639 -33.0451 -71.6238
635 -33.0449 -71.6243
220 -33.0443 -71.6257
784 -33.0442 -71.6256
988 -33.044 -71.6255
982 -33.044 -71.6256
88 -33.0436 -71.6256
643 -33.0434 -71.6253
644 -33.0435 -71.6249
827 -33.044 -71.6249
972 -33.0448 -71.6243
933 -33.0445 -71.624
348 -33.0445 -71.624
793 -33.0442 -71.6245
427 -33.044 -71.6248
724 -33.0436 -71.6246
113 -33.0447 -71.6236
318 -33.0458 -71.6235
263 -33.0458 -71.6234
897 -33.0459 -71.6233
519 -33.0453 -71.6227
862 -33.045 -71.6233
435 -33.0451 -71.6232
314 -33.0452 -71.623
855 -33.0451 -71.6226
904 -33.0455 -71.6224
572 -33.0456 -71.6221
574 -33.0457 -71.6214
850 -33.0455 -71.6209
84 -33.0451 -71.622
778 -33.0451 -71.6218
174 -33.0453 -71.6214
941 -33.0448 -71.6225
794 -33.0443 -71.6233
170 -33.0447 -71.6227
573 -33.0447 -71.6226
48 -33.044 -71.6223
968 -33.0436 -71.6232
553 -33.044 -71.6224
157 -33.044 -71.6223
81 -33.0441 -71.6222
604 -33.0442 -71.6216
10 -33.0446 -71.6216
333 -33.0443 -71.6214
155 -33.0439 -71.6209
610 -33.0435 -71.6222
763 -33.0438 -71.6211
106 -33.0456 -71.6209
864 -33.0475 -71.6205
180 -33.0475 -71.6204
164 -33.0476 -71.6201
258 -33.0475 -71.6205
329 -33.0472 -71.6206
787 -33.0475 -71.6206
495 -33.047 -71.6201
992 -33.048 -71.62
803 -33.0477 -71.6188
246 -33.0478 -71.6187
730 -33.0477 -71.6187
254 -33.0476 -71.62
750 -33.0476 -71.6198
292 -33.0476 -71.6197
439 -33.0469 -71.6192
651 -33.0468 -71.6197
444 -33.0465 -71.6206
685 -33.0466 -71.6203
779 -33.0467 -71.62
683 -33.0464 -71.6209
727 -33.0464 -71.6209
231 -33.046 -71.6207
345 -33.0462 -71.6203
860 -33.0468 -71.6198
465 -33.0466 -71.6186
817 -33.0467 -71.6183
932 -33.0465 -71.6182
920 -33.0464 -71.6193
947 -33.0463 -71.6193
320 -33.046 -71.6182
805 -33.0463 -71.6181
809 -33.0477 -71.6179
953 -33.0479 -71.6173
580 -33.0477 -71.6162
67 -33.0479 -71.6162
445 -33.0476 -71.6169
488 -33.0476 -71.6172
777 -33.0472 -71.6172
819 -33.047 -71.6161
271 -33.0479 -71.6161
649 -33.048 -71.6159
267 -33.0479 -71.6155
577 -33.048 -71.6149
160 -33.0475 -71.6148
965 -33.047 -71.6156
309 -33.047 -71.6152
998 -33.0475 -71.6148
594 -33.0469 -71.6163
466 -33.0467 -71.6178
336 -33.0467 -71.6177
801 -33.0467 -71.6161
131 -33.0464 -71.616
974 -33.0464 -71.617
117 -33.0461 -71.6163
546 -33.046 -71.616
729 -33.0461 -71.6157
114 -33.0461 -71.6154
908 -33.0462 -71.6152
334 -33.0461 -71.6148
599 -33.0461 -71.6156
451 -33.0461 -71.6156
926 -33.0461 -71.6154
496 -33.046 -71.6207
418 -33.0459 -71.6206
178 -33.0459 -71.6202
807 -33.0457 -71.6201
830 -33.0457 -71.6201
712 -33.0447 -71.6208
273 -33.045 -71.6204
971 -33.0456 -71.6201
851 -33.0449 -71.6199
153 -33.0459 -71.6197
847 -33.0457 -71.6191
342 -33.046 -71.618
504 -33.0452 -71.619
515 -33.0449 -71.6199
44 -33.0452 -71.6194
304 -33.0448 -71.6189
248 -33.0447 -71.6184
218 -33.0447 -71.6201
541 -33.0443 -71.6198
436 -33.0443 -71.6198
949 -33.044 -71.6201
140 -33.044 -71.6202
416 -33.044 -71.6202
853 -33.044 -71.6201
50 -33.044 -71.6198
165 -33.0441 -71.6198
364 -33.0441 -71.6189
758 -33.0442 -71.6175
652 -33.0441 -71.6188
239 -33.044 -71.6198
960 -33.0439 -71.6188
795 -33.0454 -71.6175
596 -33.0454 -71.6174
545 -33.0455 -71.6163
892 -33.0455 -71.616
58 -33.0454 -71.6169
894 -33.0453 -71.6169
638 -33.0453 -71.6169
719 -33.0452 -71.6169
317 -33.0451 -71.616
946 -33.0455 -71.6155
942 -33.0455 -71.6154
655 -33.0455 -71.615
338 -33.045 -71.6149
588 -33.0448 -71.6156
766 -33.045 -71.6153
148 -33.0448 -71.6151
666 -33.0448 -71.6161
393 -33.0447 -71.6174
899 -33.0448 -71.6173
756 -33.0447 -71.6173
119 -33.0442 -71.6174
590 -33.0442 -71.6175
823 -33.0442 -71.6175
128 -33.0441 -71.6169
634 -33.0437 -71.6165
133 -33.0442 -71.6165
385 -33.0442 -71.6163
96 -33.0445 -71.616
312 -33.0438 -71.6148
75 -33.0437 -71.6164
241 -33.0438 -71.6148
782 -33.0518 -71.6147
874 -33.0516 -71.6139
298 -33.0516 -71.6139
866 -33.0517 -71.6138
192 -33.0511 -71.6142
561 -33.051 -71.6142
505 -33.0511 -71.6142
556 -33.0508 -71.614
414 -33.0512 -71.6133
463 -33.0516 -71.6132
948 -33.0519 -71.6132
747 -33.0515 -71.6131
72 -33.0514 -71.6132
420 -33.0508 -71.6131
810 -33.0511 -71.6125
922 -33.0512 -71.6121
483 -33.0508 -71.6145
531 -33.0506 -71.6145
811 -33.0506 -71.6142
675 -33.0507 -71.614
390 -33.0506 -71.6142
276 -33.0505 -71.6145
120 -33.0506 -71.6142
124 -33.0505 -71.6142
501 -33.0508 -71.6139
994 -33.0508 -71.6131
576 -33.0507 -71.6131
132 -33.0508 -71.6119
521 -33.0507 -71.6131
626 -33.0502 -71.613
32 -33.0501 -71.613
316 -33.0504 -71.6129
970 -33.0516 -71.6119
98 -33.0517 -71.6119
83 -33.0513 -71.6119
873 -33.0513 -71.6119
790 -33.0512 -71.6113
592 -33.0508 -71.6119
326 -33.0511 -71.6113
954 -33.0509 -71.6113
19 -33.0515 -71.6113
579 -33.0516 -71.6099
677 -33.0516 -71.6098
291 -33.0517 -71.6097
368 -33.0514 -71.6101
769 -33.0508 -71.6113
525 -33.0507 -71.6102
925 -33.0509 -71.6101
43 -33.0507 -71.6113
772 -33.0506 -71.6119
219 -33.0507 -71.6113
857 -33.0503 -71.6113
917 -33.0503 -71.6113
937 -33.0499 -71.6116
523 -33.05 -71.6114
225 -33.05 -71.6112
52 -33.0502 -71.6107
400 -33.0502 -71.6107
307 -33.0502 -71.6106
636 -33.0503 -71.6098
591 -33.0501 -71.6101
402 -33.05 -71.6107
469 -33.05 -71.61
46 -33.0499 -71.6117
127 -33.0495 -71.6137
158 -33.0496 -71.6137
238 -33.0496 -71.6134
704 -33.0494 -71.6144
669 -33.0492 -71.6145
671 -33.0492 -71.6138
958 -33.0492 -71.6138
923 -33.0497 -71.6134
746 -33.0499 -71.6129
470 -33.0497 -71.6127
378 -33.0498 -71.6123
622 -33.0497 -71.6129
137 -33.0491 -71.6129
686 -33.0494 -71.6129
26 -33.0497 -71.6122
856 -33.0491 -71.6137
480 -33.0489 -71.6144
199 -33.0488 -71.6144
642 -33.0487 -71.6131
51 -33.0486 -71.6129
97 -33.0483 -71.6143
294 -33.0477 -71.6129
187 -33.0483 -71.6129
398 -33.0485 -71.6129
404 -33.0481 -71.6128
182 -33.0483 -71.6127
840 -33.0488 -71.6125
741 -33.0479 -71.6123
351 -33.0478 -71.6125
832 -33.0479 -71.6124
662 -33.0498 -71.6122
472 -33.0499 -71.6118
422 -33.0499 -71.6117
555 -33.0495 -71.6112
569 -33.0494 -71.6112
110 -33.0489 -71.6119
94 -33.0492 -71.6118
825 -33.0491 -71.6115
944 -33.0495 -71.6112
305 -33.0491 -71.6112
35 -33.0494 -71.6105
513 -33.0498 -71.61
740 -33.049 -71.6098
962 -33.0489 -71.6112
773 -33.049 -71.61
282 -33.049 -71.6099
733 -33.0488 -71.6121
15 -33.0482 -71.612
571 -33.0481 -71.6117
846 -33.0481 -71.6116
173 -33.0481 -71.6111
907 -33.048 -71.612
29 -33.048 -71.6119
981 -33.048 -71.6117
214 -33.0478 -71.6111
145 -33.0484 -71.6104
674 -33.0485 -71.6102
984 -33.0485 -71.6101
261 -33.0484 -71.6104
167 -33.0479 -71.6108
843 -33.0482 -71.6098
354 -33.0518 -71.6094
474 -33.0512 -71.6087
528 -33.0514 -71.6083
467 -33.0513 -71.6082
808 -33.0512 -71.6089
619 -33.0511 -71.6093
281 -33.0511 -71.6092
154 -33.0507 -71.6092
768 -33.0513 -71.6079
237 -33.0514 -71.6077
967 -33.0514 -71.6075
751 -33.0515 -71.6067
748 -33.0514 -71.6077
63 -33.0507 -71.6077
300 -33.0514 -71.6075
606 -33.0507 -71.6066
886 -33.0506 -71.6078
259 -33.0505 -71.6085
331 -33.0505 -71.6085
419 -33.0505 -71.6083
196 -33.0502 -71.6092
209 -33.0498 -71.6086
384 -33.0499 -71.6084
672 -33.0499 -71.6083
452 -33.0499 -71.6079
112 -33.0506 -71.6078
563 -33.0506 -71.6078
491 -33.0505 -71.6073
876 -33.0501 -71.6072
927 -33.0501 -71.6071
848 -33.0499 -71.6065
221 -33.0499 -71.6065
159 -33.0511 -71.6063
175 -33.0517 -71.6061
280 -33.0515 -71.6056
441 -33.0518 -71.6056
903 -33.0513 -71.6053
147 -33.051 -71.6061
679 -33.0511 -71.6058
311 -33.0511 -71.6052
581 -33.0511 -71.6051
303 -33.0512 -71.6051
332 -33.0517 -71.6049
858 -33.0509 -71.6041
551 -33.0508 -71.604
527 -33.0507 -71.6048
870 -33.0507 -71.6047
473 -33.0508 -71.6045
40 -33.0506 -71.605
129 -33.0504 -71.6061
499 -33.0504 -71.6056
79 -33.0505 -71.6055
558 -33.0504 -71.6062
797 -33.0503 -71.6063
506 -33.0503 -71.6056
929 -33.05 -71.6055
411 -33.05 -71.6055
461 -33.0505 -71.605
223 -33.0503 -71.6049
557 -33.0502 -71.6037
73 -33.0501 -71.6039
489 -33.0498 -71.6041
156 -33.05 -71.6039
924 -33.0498 -71.6042
627 -33.0498 -71.6087
366 -33.0497 -71.6084
977 -33.0496 -71.6084
454 -33.0495 -71.6084
613 -33.0492 -71.6092
535 -33.0491 -71.6091
274 -33.0491 -71.6091
362 -33.0495 -71.6084
934 -33.0495 -71.6071
512 -33.0494 -71.6071
11 -33.0493 -71.6071
510 -33.0493 -71.607
61 -33.049 -71.6083
12 -33.049 -71.6083
296 -33.0492 -71.607
190 -33.0489 -71.6091
888 -33.0486 -71.6087
424 -33.0486 -71.6085
912 -33.0487 -71.6083
723 -33.0482 -71.6091
503 -33.0477 -71.6091
478 -33.0479 -71.6082
833 -33.048 -71.6082
676 -33.0486 -71.608
7 -33.0485 -71.6076
138 -33.0486 -71.6067
438 -33.0488 -71.6067
350 -33.0478 -71.6067
49 -33.0478 -71.6075
62 -33.0478 -71.6067
285 -33.0494 -71.6065
657 -33.0495 -71.6065
335 -33.0497 -71.6064
212 -33.0497 -71.6055
700 -33.0494 -71.6065
477 -33.0492 -71.6065
78 -33.0489 -71.6059
228 -33.0489 -71.6057
705 -33.0497 -71.6054
645 -33.0495 -71.6054
90 -33.0497 -71.6045
980 -33.0497 -71.6042
168 -33.0495 -71.6053
918 -33.0491 -71.6051
878 -33.0489 -71.605
540 -33.0493 -71.6039
706 -33.0488 -71.6038
664 -33.0488 -71.6054
458 -33.0488 -71.6048
593 -33.0487 -71.6046
421 -33.0486 -71.6044
753 -33.0482 -71.6064
365 -33.0478 -71.6057
227 -33.0485 -71.6048
181 -33.0479 -71.6043
532 -33.0485 -71.6043
381 -33.0485 -71.6043
169 -33.0479 -71.6042
502 -33.0479 -71.6036
620 -33.0476 -71.6041
752 -33.0477 -71.6041
14 -33.0476 -71.6131
23 -33.0472 -71.6137
197 -33.0475 -71.6136
371 -33.0472 -71.6135
446 -33.0472 -71.6138
143 -33.0471 -71.6147
776 -33.0472 -71.614
272 -33.0468 -71.6134
105 -33.0474 -71.6134
405 -33.0473 -71.6134
997 -33.0473 -71.6127
916 -33.0473 -71.6122
230 -33.0473 -71.6123
813 -33.0469 -71.6133
310 -33.0465 -71.6132
387 -33.0467 -71.6126
806 -33.0464 -71.6133
410 -33.0462 -71.6135
986 -33.0462 -71.6135
386 -33.0464 -71.6134
567 -33.0461 -71.6138
661 -33.0456 -71.6146
552 -33.0461 -71.6142
759 -33.0458 -71.613
616 -33.0457 -71.613
423 -33.0463 -71.6125
245 -33.0461 -71.6124
247 -33.0461 -71.6124
691 -33.046 -71.6124
781 -33.0457 -71.613
359 -33.0457 -71.6123
151 -33.0456 -71.6121
397 -33.0462 -71.612
403 -33.0473 -71.6115
236 -33.0472 -71.611
909 -33.0471 -71.611
357 -33.0471 -71.6118
736 -33.0467 -71.611
611 -33.0468 -71.6109
789 -33.0469 -71.6107
757 -33.0474 -71.6105
468 -33.0474 -71.6101
952 -33.0474 -71.61
126 -33.0471 -71.6098
681 -33.047 -71.6098
885 -33.0467 -71.6101
653 -33.0467 -71.6098
575 -33.0469 -71.6098
102 -33.0465 -71.6117
171 -33.0462 -71.6116
742 -33.0462 -71.6112
670 -33.0459 -71.6108
200 -33.0456 -71.6118
711 -33.0456 -71.6119
264 -33.0456 -71.6118
720 -33.0456 -71.6114
347 -33.0462 -71.6106
861 -33.0463 -71.6099
16 -33.0462 -71.6098
845 -33.0462 -71.6098
243 -33.0461 -71.6098
215 -33.0456 -71.6105
172 -33.046 -71.6098
8 -33.0456 -71.6102
372 -33.0455 -71.6145
835 -33.0451 -71.6145
202 -33.0456 -71.6134
517 -33.0451 -71.6137
201 -33.0448 -71.6145
739 -33.0448 -71.6139
898 -33.0448 -71.6138
330 -33.0448 -71.6133
208 -33.0455 -71.613
615 -33.0453 -71.613
104 -33.0453 -71.613
837 -33.0451 -71.6129
877 -33.0448 -71.613
725 -33.0448 -71.613
630 -33.0448 -71.6129
584 -33.0448 -71.6129
392 -33.0448 -71.6145
526 -33.0442 -71.6145
749 -33.044 -71.6135
996 -33.044 -71.6136
985 -33.0438 -71.6139
964 -33.0438 -71.6138
186 -33.0439 -71.6134
902 -33.0442 -71.6133
969 -33.0442 -71.613
744 -33.0443 -71.6129
824 -33.0443 -71.6124
798 -33.0441 -71.613
915 -33.0441 -71.6132
100 -33.044 -71.6125
37 -33.0451 -71.6124
490 -33.0451 -71.6123
108 -33.0453 -71.6122
70 -33.045 -71.6119
45 -33.0448 -71.6123
87 -33.0448 -71.6122
135 -33.0448 -71.612
265 -33.0448 -71.6117
650 -33.0447 -71.6113
289 -33.045 -71.6113
905 -33.0456 -71.6108
395 -33.0456 -71.6098
667 -33.045 -71.6111
875 -33.045 -71.6108
121 -33.0446 -71.6102
193 -33.0447 -71.6101
28 -33.0446 -71.6099
585 -33.0443 -71.6119
621 -33.0443 -71.6113
659 -33.0443 -71.611
486 -33.0442 -71.6118
814 -33.0441 -71.612
4 -33.0441 -71.6114
288 -33.044 -71.611
24 -33.0439 -71.6108
275 -33.0443 -71.61
449 -33.0443 -71.61
47 -33.0443 -71.61
995 -33.0442 -71.61
249 -33.0439 -71.6107
39 -33.0441 -71.61
22 -33.047 -71.6098
603 -33.0473 -71.6098
601 -33.0474 -71.6085
715 -33.0475 -71.6082
183 -33.047 -71.6091
990 -33.0467 -71.6098
211 -33.0466 -71.609
324 -33.0464 -71.609
256 -33.0472 -71.6082
224 -33.047 -71.6081
595 -33.0471 -71.6081
89 -33.0474 -71.6072
690 -33.0469 -71.6068
600 -33.0464 -71.6081
607 -33.0463 -71.6073
185 -33.0464 -71.6064
498 -33.0463 -71.607
785 -33.0463 -71.609
714 -33.0463 -71.6084
836 -33.0463 -71.6083
821 -33.0462 -71.609
406 -33.0457 -71.6089
125 -33.0456 -71.6085
417 -33.0456 -71.6084
204 -33.0462 -71.6081
343 -33.0463 -71.608
951 -33.0463 -71.6077
957 -33.0463 -71.6073
136 -33.0463 -71.6078
328 -33.0462 -71.6081
734 -33.046 -71.6081
437 -33.0463 -71.6066
863 -33.0473 -71.6063
369 -33.0476 -71.6059
471 -33.0472 -71.6058
233 -33.0474 -71.6055
460 -33.0472 -71.6055
56 -33.0471 -71.6057
624 -33.0471 -71.6052
325 -33.0471 -71.6049
99 -33.047 -71.6045
966 -33.0476 -71.6041
382 -33.0473 -71.6039
815 -33.0475 -71.6038
673 -33.0473 -71.6039
788 -33.0469 -71.6044
293 -33.047 -71.6043
770 -33.0471 -71.6043
91 -33.0468 -71.6049
993 -33.0463 -71.6058
534 -33.0462 -71.6058
658 -33.0462 -71.6058
203 -33.0461 -71.6054
791 -33.0458 -71.6056
232 -33.0459 -71.6055
1 -33.046 -71.6055
287 -33.0467 -71.605
508 -33.0458 -71.6045
536 -33.0463 -71.6042
244 -33.0467 -71.6036
564 -33.0458 -71.6048
906 -33.0457 -71.6049
122 -33.0457 -71.6045
306 -33.0456 -71.6075
707 -33.0452 -71.6089
82 -33.0456 -71.6085
771 -33.0456 -71.608
738 -33.0452 -71.608
344 -33.0445 -71.6093
623 -33.0447 -71.6089
562 -33.0446 -71.6081
235 -33.0455 -71.608
68 -33.0454 -71.608
71 -33.0456 -71.6075
103 -33.0456 -71.6067
867 -33.0448 -71.6071
544 -33.0447 -71.608
839 -33.0446 -71.6072
339 -33.0448 -71.607
663 -33.0444 -71.6091
459 -33.0442 -71.6091
3 -33.0442 -71.609
865 -33.0442 -71.6083
702 -33.0441 -71.6088
928 -33.0441 -71.6094
494 -33.0441 -71.6093
33 -33.044 -71.6088
566 -33.0443 -71.6081
695 -33.0439 -71.6078
149 -33.0442 -71.6073
429 -33.0443 -71.6068
353 -33.0439 -71.6077
533 -33.0438 -71.6075
54 -33.0437 -71.6073
625 -33.0456 -71.6066
975 -33.0455 -71.6063
826 -33.0454 -71.6055
308 -33.0453 -71.6055
161 -33.0453 -71.6054
989 -33.0451 -71.606
895 -33.0452 -71.606
913 -33.0451 -71.6051
617 -33.0452 -71.6051
388 -33.0453 -71.605
358 -33.0456 -71.6049
65 -33.0456 -71.6049
628 -33.0452 -71.605
717 -33.0451 -71.6047
30 -33.0451 -71.6047
568 -33.0449 -71.6042
492 -33.0449 -71.6048
21 -33.0443 -71.6066
270 -33.0445 -71.6063
194 -33.0445 -71.6062
914 -33.0442 -71.6063
162 -33.0436 -71.6064
380 -33.0438 -71.6056
59 -33.0439 -71.6056
896 -33.0446 -71.6053
800 -33.0446 -71.6049
188 -33.0447 -71.6049
559 -33.0444 -71.6037
346 -33.0444 -71.6049
618 -33.0439 -71.6052
514 -33.0443 -71.605
