455 -33.0588 -71.617
754 -33.0589 -71.6169
301 -33.0593 -71.6168
698 -33.0588 -71.6169
271 -33.0585 -71.6172
760 -33.0586 -71.6171
809 -33.0586 -71.6171
619 -33.0586 -71.6167
978 -33.061 -71.616
962 -33.0587 -71.6154
475 -33.0626 -71.615
726 -33.0587 -71.6154
549 -33.0585 -71.6156
123 -33.0586 -71.6155
279 -33.0586 -71.6155
762 -33.0585 -71.6152
838 -33.0581 -71.6176
803 -33.0583 -71.6174
456 -33.0584 -71.6173
198 -33.058 -71.6176
767 -33.0578 -71.6178
290 -33.058 -71.6177
907 -33.0579 -71.617
154 -33.0584 -71.6163
146 -33.0581 -71.615
580 -33.0581 -71.615
134 -33.0582 -71.615
61 -33.058 -71.615
405 -33.0578 -71.615
105 -33.0578 -71.615
773 -33.0578 -71.615
816 -33.0582 -71.615
467 -33.0595 -71.6148
189 -33.0594 -71.6148
686 -33.0597 -71.6147
367 -33.0594 -71.6149
127 -33.0594 -71.6148
251 -33.059 -71.6146
537 -33.059 -71.6146
450 -33.0591 -71.6145
945 -33.0603 -71.6143
483 -33.0607 -71.6139
354 -33.0598 -71.6137
413 -33.0597 -71.6137
407 -33.0592 -71.6144
582 -33.0594 -71.6141
464 -33.0591 -71.6136
408 -33.0589 -71.6147
636 -33.0586 -71.6149
255 -33.0586 -71.6147
370 -33.0589 -71.6147
107 -33.0586 -71.6147
269 -33.0584 -71.6148
693 -33.0585 -71.6147
476 -33.0581 -71.6144
948 -33.0582 -71.6142
175 -33.0584 -71.6139
571 -33.0584 -71.6138
955 -33.0582 -71.6137
602 -33.0579 -71.6139
389 -33.0579 -71.6139
376 -33.0578 -71.6139
150 -33.0577 -71.6149
448 -33.057 -71.6183
495 -33.0573 -71.6182
166 -33.0573 -71.6182
431 -33.0569 -71.6183
262 -33.0567 -71.6183
908 -33.0566 -71.6182
930 -33.0565 -71.6182
179 -33.0574 -71.6181
466 -33.0576 -71.6179
423 -33.0573 -71.6171
446 -33.0575 -71.617
403 -33.0572 -71.6171
145 -33.057 -71.617
171 -33.0568 -71.617
611 -33.0566 -71.6167
946 -33.0563 -71.6181
487 -33.0562 -71.6181
727 -33.0562 -71.6181
323 -33.0562 -71.616
614 -33.0562 -71.6181
687 -33.0561 -71.6161
880 -33.0561 -71.6161
565 -33.0561 -71.616
860 -33.0561 -71.616
775 -33.0562 -71.6152
713 -33.0562 -71.6152
377 -33.0562 -71.6152
711 -33.0561 -71.6152
585 -33.0561 -71.6159
787 -33.0561 -71.6156
812 -33.0561 -71.6152
292 -33.0562 -71.6151
641 -33.0576 -71.6149
274 -33.0577 -71.6149
361 -33.0576 -71.6149
69 -33.0576 -71.6149
488 -33.0574 -71.6149
424 -33.0574 -71.6149
512 -33.0574 -71.6146
7 -33.0574 -71.6145
442 -33.0575 -71.6139
881 -33.0576 -71.6139
49 -33.0575 -71.6138
506 -33.0574 -71.6143
797 -33.0574 -71.6145
42 -33.0574 -71.6145
542 -33.0574 -71.6144
819 -33.0573 -71.6149
434 -33.0563 -71.6151
761 -33.0563 -71.615
341 -33.0564 -71.615
254 -33.0563 -71.6151
117 -33.0562 -71.6151
973 -33.0562 -71.6151
844 -33.0563 -71.6151
546 -33.0564 -71.615
373 -33.0572 -71.6148
587 -33.057 -71.6148
216 -33.057 -71.6148
919 -33.0568 -71.6147
355 -33.0566 -71.6149
730 -33.0566 -71.6148
994 -33.0607 -71.6136
879 -33.0601 -71.6132
60 -33.0602 -71.6131
869 -33.0603 -71.613
818 -33.0601 -71.6132
57 -33.0599 -71.6135
286 -33.06 -71.6133
646 -33.06 -71.6133
640 -33.0603 -71.613
608 -33.0603 -71.613
967 -33.0604 -71.613
733 -33.0595 -71.6128
19 -33.0594 -71.6129
927 -33.0592 -71.6129
480 -33.0593 -71.6129
12 -33.0593 -71.6129
402 -33.0591 -71.6136
950 -33.0591 -71.6134
668 -33.0586 -71.6133
822 -33.0589 -71.6133
743 -33.0585 -71.6135
18 -33.0584 -71.613
674 -33.0584 -71.613
909 -33.0585 -71.613
303 -33.0586 -71.613
14 -33.059 -71.6129
351 -33.059 -71.6129
679 -33.059 -71.6129
29 -33.0589 -71.6129
295 -33.0587 -71.613
676 -33.0587 -71.613
124 -33.0588 -71.6129
452 -33.0597 -71.6128
523 -33.0611 -71.6122
747 -33.0613 -71.6122
579 -33.0615 -71.6121
297 -33.0611 -71.6123
501 -33.0607 -71.6126
238 -33.0607 -71.6126
561 -33.061 -71.6123
917 -33.0616 -71.6121
790 -33.0625 -71.612
326 -33.0623 -71.612
420 -33.0622 -71.612
118 -33.062 -71.612
976 -33.0618 -71.612
482 -33.0618 -71.612
576 -33.0619 -71.6119
531 -33.0607 -71.6126
51 -33.06 -71.6128
642 -33.06 -71.6128
366 -33.06 -71.6128
751 -33.06 -71.6128
52 -33.0598 -71.6128
958 -33.0599 -71.6128
414 -33.06 -71.6128
209 -33.0601 -71.6128
774 -33.0607 -71.6126
991 -33.0595 -71.6125
237 -33.0603 -71.6124
307 -33.0595 -71.6123
20 -33.0589 -71.6127
627 -33.0595 -71.6124
521 -33.0583 -71.6134
848 -33.0582 -71.6132
963 -33.0582 -71.6131
916 -33.0583 -71.613
789 -33.0582 -71.613
520 -33.0576 -71.6134
591 -33.0576 -71.6134
35 -33.0577 -71.6131
23 -33.0581 -71.613
387 -33.0581 -71.613
252 -33.0581 -71.613
577 -33.0581 -71.613
272 -33.0579 -71.6129
310 -33.0577 -71.6129
160 -33.0576 -71.6129
998 -33.0576 -71.6129
173 -33.0576 -71.6129
551 -33.057 -71.6135
40 -33.0574 -71.6135
212 -33.0573 -71.6134
89 -33.057 -71.6135
228 -33.0568 -71.6133
885 -33.0566 -71.6132
600 -33.0566 -71.6132
204 -33.0564 -71.6132
649 -33.0576 -71.6129
601 -33.0575 -71.6128
347 -33.0574 -71.6128
211 -33.0564 -71.6131
343 -33.0564 -71.6131
593 -33.0562 -71.6131
224 -33.0574 -71.6128
603 -33.0574 -71.6128
386 -33.0574 -71.6128
872 -33.0583 -71.6127
986 -33.0573 -71.6128
742 -33.0573 -71.6128
645 -33.0573 -71.6128
575 -33.0572 -71.6127
309 -33.0571 -71.6127
214 -33.0583 -71.6127
842 -33.0583 -71.6126
197 -33.0583 -71.6125
765 -33.0581 -71.6124
22 -33.0571 -71.6127
151 -33.057 -71.6127
15 -33.0581 -71.6123
759 -33.057 -71.6127
102 -33.0569 -71.6126
905 -33.0568 -71.6126
108 -33.0568 -71.6126
208 -33.0567 -71.6125
200 -33.0567 -71.6125
202 -33.0566 -71.6125
863 -33.0566 -71.6125
615 -33.0565 -71.6124
324 -33.0564 -71.6124
70 -33.0564 -71.6124
334 -33.0563 -71.6124
837 -33.0562 -71.6124
801 -33.0561 -71.6123
607 -33.0561 -71.6123
227 -33.0561 -71.6123
393 -33.056 -71.618
128 -33.0558 -71.618
327 -33.0558 -71.618
830 -33.0558 -71.618
504 -33.0557 -71.618
703 -33.0556 -71.6179
597 -33.0555 -71.6179
412 -33.0552 -71.6178
226 -33.0553 -71.6176
497 -33.0553 -71.6176
890 -33.0553 -71.6176
647 -33.0553 -71.6176
85 -33.0553 -71.6178
796 -33.0553 -71.6177
115 -33.0553 -71.6177
142 -33.0552 -71.6178
697 -33.0549 -71.6185
904 -33.0549 -71.6184
53 -33.0549 -71.6183
479 -33.0548 -71.6185
109 -33.0548 -71.6188
217 -33.0548 -71.6186
364 -33.0548 -71.6184
961 -33.0549 -71.6183
176 -33.0551 -71.6179
66 -33.0551 -71.6179
550 -33.0551 -71.6178
940 -33.055 -71.618
999 -33.0549 -71.6182
313 -33.055 -71.6181
859 -33.055 -71.6181
5 -33.0554 -71.6175
253 -33.0557 -71.6166
177 -33.0557 -71.6165
340 -33.0559 -71.6163
266 -33.0557 -71.6167
260 -33.0556 -71.6171
250 -33.0556 -71.6171
632 -33.0556 -71.6169
399 -33.0559 -71.6163
831 -33.056 -71.6162
320 -33.056 -71.6159
835 -33.0559 -71.6158
116 -33.0559 -71.6163
795 -33.0558 -71.6159
93 -33.0556 -71.6159
739 -33.0557 -71.6156
17 -33.0556 -71.6171
500 -33.0555 -71.6172
852 -33.0555 -71.6172
678 -33.0556 -71.6172
38 -33.0554 -71.6174
144 -33.0554 -71.6175
315 -33.0554 -71.6174
111 -33.0554 -71.6174
163 -33.0555 -71.6172
148 -33.0555 -71.6159
430 -33.0555 -71.6159
100 -33.0556 -71.6156
385 -33.0554 -71.6158
756 -33.0554 -71.6158
783 -33.0553 -71.6158
883 -33.0547 -71.6189
849 -33.0542 -71.62
979 -33.0544 -71.6189
829 -33.0543 -71.6189
786 -33.0542 -71.6189
629 -33.054 -71.6199
409 -33.0536 -71.6196
589 -33.0541 -71.6189
598 -33.054 -71.6189
10 -33.054 -71.6184
165 -33.0544 -71.6184
130 -33.0544 -71.6184
983 -33.054 -71.6184
25 -33.0537 -71.6188
987 -33.0536 -71.6188
949 -33.0539 -71.6184
92 -33.0535 -71.6188
710 -33.0535 -71.6189
708 -33.053 -71.6187
511 -33.0528 -71.6187
427 -33.052 -71.6185
509 -33.0517 -71.6184
516 -33.0511 -71.6182
101 -33.049 -71.6167
573 -33.0528 -71.6159
889 -33.0528 -71.6159
170 -33.0528 -71.6159
416 -33.0529 -71.6158
333 -33.0527 -71.6158
113 -33.0526 -71.6158
938 -33.0498 -71.6158
820 -33.0498 -71.6157
75 -33.0546 -71.6157
496 -33.0546 -71.6157
195 -33.0545 -71.6157
304 -33.0545 -71.6157
106 -33.0542 -71.6156
574 -33.0542 -71.6156
850 -33.0541 -71.6156
688 -33.0541 -71.6156
884 -33.054 -71.6156
13 -33.0539 -71.6156
572 -33.0539 -71.6156
191 -33.0538 -71.6156
174 -33.0537 -71.6156
273 -33.0536 -71.6156
652 -33.0536 -71.6156
239 -33.053 -71.6155
639 -33.0525 -71.6157
155 -33.0525 -71.6157
605 -33.0525 -71.6157
794 -33.0522 -71.6157
205 -33.0498 -71.6157
277 -33.0498 -71.6157
988 -33.05 -71.6157
157 -33.0522 -71.6157
763 -33.0523 -71.6156
635 -33.0517 -71.6156
610 -33.0514 -71.6156
644 -33.0509 -71.6156
911 -33.0508 -71.6155
764 -33.0506 -71.6155
692 -33.0534 -71.6155
545 -33.056 -71.6155
210 -33.056 -71.6153
891 -33.056 -71.6153
864 -33.056 -71.6154
721 -33.0559 -71.6154
892 -33.0559 -71.6154
547 -33.0559 -71.6154
992 -33.0561 -71.6152
68 -33.0555 -71.6131
421 -33.056 -71.6131
734 -33.056 -71.6131
707 -33.0553 -71.6124
942 -33.0552 -71.6124
201 -33.0552 -71.6124
392 -33.0552 -71.6124
749 -33.0551 -71.6153
659 -33.0549 -71.6151
185 -33.0551 -71.6131
181 -33.0548 -71.6129
625 -33.0548 -71.6128
24 -33.0546 -71.6149
964 -33.0546 -71.6149
494 -33.0542 -71.6147
91 -33.0547 -71.6128
902 -33.0551 -71.6124
275 -33.0549 -71.6124
562 -33.0549 -71.6124
658 -33.0549 -71.6124
382 -33.0544 -71.6125
867 -33.0544 -71.6125
449 -33.0548 -71.6124
534 -33.0548 -71.6124
87 -33.056 -71.6123
661 -33.056 -71.6123
82 -33.0556 -71.6123
738 -33.0556 -71.6123
306 -33.0556 -71.6123
233 -33.0556 -71.6123
437 -33.0556 -71.6123
771 -33.056 -71.6123
498 -33.056 -71.6123
877 -33.056 -71.6123
725 -33.0559 -71.6123
235 -33.0559 -71.6123
655 -33.0556 -71.6123
599 -33.0556 -71.6123
265 -33.0559 -71.6123
996 -33.0547 -71.6124
203 -33.0546 -71.6124
623 -33.0545 -71.6123
805 -33.0545 -71.6123
186 -33.0544 -71.6123
588 -33.0543 -71.6123
566 -33.0542 -71.6122
429 -33.0544 -71.6122
536 -33.0544 -71.6122
270 -33.0544 -71.6122
161 -33.0544 -71.6122
906 -33.0544 -71.6121
508 -33.0544 -71.6121
617 -33.0544 -71.612
914 -33.0544 -71.612
791 -33.0542 -71.6123
900 -33.0533 -71.6155
712 -33.0533 -71.6155
529 -33.0532 -71.6155
263 -33.053 -71.6155
453 -33.053 -71.6155
485 -33.0495 -71.6141
935 -33.0495 -71.6141
493 -33.0495 -71.614
353 -33.0532 -71.614
54 -33.0529 -71.6138
939 -33.0496 -71.6134
9 -33.0496 -71.6135
583 -33.0495 -71.6138
732 -33.0496 -71.6136
484 -33.0496 -71.6136
80 -33.0495 -71.6141
735 -33.0493 -71.615
222 -33.0494 -71.6149
633 -33.0494 -71.6148
696 -33.0493 -71.615
139 -33.0493 -71.6151
322 -33.0493 -71.6151
802 -33.0493 -71.6151
447 -33.0494 -71.6146
718 -33.0494 -71.6145
360 -33.0494 -71.6144
34 -33.0495 -71.6142
982 -33.0486 -71.6136
784 -33.0485 -71.6139
220 -33.0485 -71.6138
755 -33.0496 -71.6133
666 -33.0541 -71.6123
638 -33.0541 -71.6123
33 -33.0537 -71.6122
862 -33.0511 -71.6125
604 -33.0509 -71.6131
81 -33.0508 -71.6131
348 -33.0508 -71.6131
683 -33.0532 -71.6121
758 -33.0525 -71.6121
44 -33.0524 -71.6121
851 -33.0517 -71.612
394 -33.0512 -71.612
314 -33.0512 -71.6121
855 -33.0512 -71.6121
660 -33.0512 -71.612
901 -33.0508 -71.6131
553 -33.0507 -71.6131
972 -33.0501 -71.613
793 -33.0501 -71.613
152 -33.0497 -71.613
55 -33.0497 -71.6132
722 -33.0497 -71.613
88 -33.0487 -71.613
530 -33.0497 -71.6129
716 -33.0499 -71.6121
694 -33.0499 -71.6121
383 -33.0499 -71.612
827 -33.0492 -71.6129
643 -33.0488 -71.6126
724 -33.049 -71.612
834 -33.0513 -71.6119
43 -33.0619 -71.6118
474 -33.0615 -71.6104
970 -33.0608 -71.6096
72 -33.0606 -71.6104
305 -33.0595 -71.6117
368 -33.0598 -71.6116
463 -33.0605 -71.6104
677 -33.0619 -71.6094
63 -33.0615 -71.6094
903 -33.061 -71.6094
672 -33.0613 -71.6089
581 -33.061 -71.6091
499 -33.0609 -71.6088
79 -33.0608 -71.6088
934 -33.0608 -71.6088
866 -33.0595 -71.6099
563 -33.0591 -71.6116
298 -33.0593 -71.6116
876 -33.059 -71.6112
748 -33.0589 -71.6112
560 -33.0588 -71.6117
606 -33.0583 -71.6113
259 -33.0589 -71.6112
886 -33.0593 -71.6112
26 -33.0591 -71.6105
657 -33.0586 -71.6101
362 -33.0589 -71.6095
558 -33.0584 -71.6106
190 -33.0581 -71.6111
187 -33.0582 -71.6107
454 -33.0582 -71.609
73 -33.0588 -71.6088
419 -33.0618 -71.6088
469 -33.0607 -71.6088
11 -33.0607 -71.6088
400 -33.0607 -71.6086
461 -33.0607 -71.6085
335 -33.0607 -71.6085
700 -33.0606 -71.6085
473 -33.0605 -71.6084
285 -33.0605 -71.6084
705 -33.0604 -71.6083
225 -33.0602 -71.6082
332 -33.0602 -71.6083
858 -33.0601 -71.6082
438 -33.0601 -71.6082
740 -33.0601 -71.6081
132 -33.06 -71.6088
138 -33.0594 -71.6088
422 -33.06 -71.6081
282 -33.06 -71.608
626 -33.0584 -71.6087
167 -33.0581 -71.6081
714 -33.0582 -71.6081
836 -33.0582 -71.6081
468 -33.0583 -71.608
137 -33.0584 -71.608
810 -33.0597 -71.608
944 -33.0599 -71.608
690 -33.0583 -71.608
328 -33.0583 -71.608
846 -33.0583 -71.608
2 -33.058 -71.609
785 -33.0579 -71.6082
966 -33.0579 -71.6082
398 -33.0579 -71.6082
569 -33.0579 -71.6113
384 -33.0577 -71.6102
752 -33.0578 -71.6082
56 -33.0578 -71.6082
369 -33.0578 -71.6082
502 -33.0579 -71.6082
981 -33.0579 -71.6082
757 -33.058 -71.6081
704 -33.0578 -71.6082
653 -33.0578 -71.6082
741 -33.0577 -71.6082
236 -33.0577 -71.6081
510 -33.0577 -71.6107
97 -33.0576 -71.6101
540 -33.0573 -71.61
415 -33.0567 -71.6099
861 -33.0565 -71.61
141 -33.0561 -71.6102
143 -33.0563 -71.6101
821 -33.0564 -71.6101
681 -33.0571 -71.6099
706 -33.0566 -71.6096
874 -33.0576 -71.6088
535 -33.0575 -71.6088
745 -33.0565 -71.6096
268 -33.0564 -71.6096
975 -33.056 -71.6086
471 -33.058 -71.6081
856 -33.0576 -71.6081
832 -33.0576 -71.6081
671 -33.0578 -71.6081
182 -33.0576 -71.6081
365 -33.0575 -71.6081
624 -33.0574 -71.6081
192 -33.0573 -71.6081
243 -33.0573 -71.6081
882 -33.0573 -71.6081
71 -33.0573 -71.6081
736 -33.0572 -71.608
325 -33.0572 -71.608
294 -33.0572 -71.608
229 -33.0571 -71.608
199 -33.0571 -71.608
321 -33.0571 -71.608
788 -33.0571 -71.608
675 -33.0568 -71.608
997 -33.0569 -71.608
811 -33.0568 -71.608
375 -33.0568 -71.608
556 -33.0568 -71.608
395 -33.0567 -71.608
103 -33.0567 -71.608
287 -33.0567 -71.608
993 -33.0566 -71.608
244 -33.0565 -71.608
737 -33.0564 -71.608
371 -33.0563 -71.608
242 -33.0563 -71.608
478 -33.0599 -71.608
918 -33.0597 -71.6079
888 -33.0601 -71.6078
219 -33.0597 -71.6078
878 -33.0597 -71.6078
723 -33.0596 -71.6078
489 -33.0596 -71.6078
715 -33.0595 -71.6077
833 -33.06 -71.6077
977 -33.0615 -71.6074
281 -33.0602 -71.607
300 -33.0606 -71.6068
912 -33.0602 -71.6072
592 -33.0599 -71.6077
662 -33.0597 -71.6077
46 -33.0597 -71.6071
753 -33.0595 -71.6076
528 -33.059 -71.6079
557 -33.0591 -71.6077
458 -33.0594 -71.6077
381 -33.059 -71.6077
929 -33.0589 -71.6078
94 -33.0589 -71.6078
532 -33.0589 -71.6078
470 -33.0594 -71.6077
156 -33.0593 -71.6076
664 -33.0594 -71.6076
772 -33.0594 -71.607
350 -33.0593 -71.6076
62 -33.0592 -71.6076
280 -33.0591 -71.6075
378 -33.0591 -71.6072
808 -33.0612 -71.6068
159 -33.0609 -71.6065
441 -33.0628 -71.606
491 -33.061 -71.6055
925 -33.0607 -71.6064
83 -33.0601 -71.6063
129 -33.0601 -71.6063
922 -33.06 -71.6062
296 -33.0607 -71.6054
291 -33.0621 -71.6054
147 -33.062 -71.6053
870 -33.0619 -71.6053
331 -33.0618 -71.6051
112 -33.0615 -71.6049
90 -33.0613 -71.6047
924 -33.0609 -71.6047
311 -33.06 -71.6062
954 -33.0594 -71.6064
873 -33.0593 -71.6064
769 -33.0596 -71.6063
825 -33.0593 -71.6064
261 -33.059 -71.6065
622 -33.059 -71.6065
843 -33.0591 -71.6065
527 -33.0592 -71.6063
857 -33.0599 -71.6062
411 -33.0599 -71.6062
78 -33.0597 -71.6045
221 -33.0591 -71.6054
513 -33.0591 -71.6063
525 -33.059 -71.6063
746 -33.0588 -71.6078
952 -33.0584 -71.608
183 -33.0585 -71.608
923 -33.0585 -71.6079
110 -33.0584 -71.6073
126 -33.0581 -71.6077
319 -33.057 -71.6074
613 -33.0577 -71.6073
172 -33.057 -71.6071
125 -33.0572 -71.6069
417 -33.0573 -71.6069
669 -33.0573 -71.6069
284 -33.0572 -71.6069
16 -33.057 -71.607
505 -33.0571 -71.607
845 -33.0571 -71.607
357 -33.0568 -71.6071
257 -33.0562 -71.608
232 -33.0562 -71.608
390 -33.0567 -71.6074
215 -33.0562 -71.6079
339 -33.0562 -71.6079
813 -33.0562 -71.6079
839 -33.056 -71.6079
8 -33.0564 -71.6073
120 -33.0566 -71.6072
544 -33.0566 -71.6072
782 -33.0566 -71.6072
230 -33.0565 -71.6073
670 -33.0565 -71.6073
276 -33.0565 -71.6073
349 -33.0573 -71.6069
980 -33.0584 -71.6067
555 -33.0587 -71.6066
32 -33.0584 -71.6066
168 -33.0584 -71.6067
951 -33.0579 -71.6068
158 -33.0583 -71.6067
840 -33.0582 -71.6063
223 -33.0585 -71.6062
196 -33.0587 -71.6051
169 -33.0588 -71.6041
620 -33.0588 -71.6041
984 -33.0583 -71.6058
477 -33.058 -71.6059
937 -33.0583 -71.6049
293 -33.058 -71.6044
99 -33.0579 -71.6045
503 -33.0578 -71.6066
136 -33.0578 -71.6064
472 -33.0575 -71.6061
990 -33.0575 -71.6067
404 -33.0575 -71.6069
460 -33.0568 -71.6062
316 -33.0573 -71.606
98 -33.0576 -71.605
768 -33.0576 -71.6049
595 -33.0576 -71.6047
256 -33.0578 -71.6045
957 -33.0571 -71.6047
1 -33.0568 -71.6046
30 -33.056 -71.6043
910 -33.056 -71.6075
717 -33.0542 -71.6117
188 -33.054 -71.6113
59 -33.0539 -71.6112
920 -33.0539 -71.6112
568 -33.0539 -71.6112
380 -33.0538 -71.6112
915 -33.0539 -71.6105
336 -33.054 -71.6105
391 -33.0556 -71.6105
931 -33.0554 -71.6095
815 -33.0557 -71.6094
433 -33.0554 -71.6095
517 -33.0543 -71.6105
744 -33.0543 -71.6105
372 -33.0547 -71.6104
894 -33.0538 -71.611
345 -33.0531 -71.6115
133 -33.0532 -71.6115
74 -33.0533 -71.6114
401 -33.0529 -71.6116
77 -33.052 -71.6118
780 -33.0523 -71.6117
337 -33.0525 -71.6117
27 -33.0534 -71.6114
618 -33.0537 -71.6112
180 -33.0536 -71.6107
621 -33.0536 -71.6105
995 -33.0535 -71.6106
278 -33.0534 -71.6114
346 -33.0535 -71.611
559 -33.0531 -71.6109
770 -33.0555 -71.6093
673 -33.0555 -71.6093
490 -33.0546 -71.6085
28 -33.0545 -71.6085
47 -33.0545 -71.6085
3 -33.0536 -71.6085
969 -33.0536 -71.6085
459 -33.0537 -71.6085
135 -33.0545 -71.6085
953 -33.0544 -71.6085
37 -33.0544 -71.6085
594 -33.0544 -71.6085
39 -33.0543 -71.6085
570 -33.0543 -71.6085
45 -33.0542 -71.6085
630 -33.0542 -71.6085
814 -33.0536 -71.6085
709 -33.052 -71.6088
665 -33.0521 -71.6088
522 -33.0521 -71.6088
444 -33.052 -71.6089
847 -33.052 -71.609
76 -33.052 -71.6089
207 -33.052 -71.6089
548 -33.0521 -71.6088
246 -33.0536 -71.6085
841 -33.0536 -71.6085
486 -33.0535 -71.6085
518 -33.0521 -71.6085
86 -33.0521 -71.6086
685 -33.0521 -71.6085
31 -33.052 -71.6118
374 -33.0509 -71.6102
515 -33.0509 -71.6102
302 -33.0509 -71.6102
432 -33.0509 -71.6102
36 -33.0502 -71.6102
84 -33.0502 -71.6102
612 -33.0506 -71.6102
960 -33.0506 -71.6102
519 -33.0504 -71.6102
218 -33.0504 -71.6102
586 -33.0504 -71.6101
854 -33.0503 -71.6101
541 -33.0502 -71.6101
778 -33.0502 -71.6101
631 -33.0502 -71.6101
868 -33.0502 -71.6103
283 -33.05 -71.6115
440 -33.05 -71.6113
206 -33.05 -71.6111
799 -33.0499 -71.6118
968 -33.0491 -71.6115
933 -33.0497 -71.6113
48 -33.0496 -71.6112
853 -33.0501 -71.6108
897 -33.0501 -71.6107
941 -33.0501 -71.6106
50 -33.0501 -71.6104
213 -33.0501 -71.6107
140 -33.0501 -71.6108
318 -33.0501 -71.6107
436 -33.0502 -71.6101
457 -33.0516 -71.6095
956 -33.0517 -71.6094
828 -33.0518 -71.6093
634 -33.0516 -71.6095
231 -33.0516 -71.6096
119 -33.0516 -71.6095
807 -33.0516 -71.6095
481 -33.0518 -71.6093
240 -33.0519 -71.6092
64 -33.0519 -71.6092
654 -33.052 -71.6091
363 -33.0519 -71.6092
425 -33.0518 -71.6093
178 -33.0519 -71.6092
153 -33.0519 -71.6092
418 -33.0516 -71.6096
0 -33.0513 -71.6098
728 -33.0513 -71.6098
234 -33.0515 -71.6096
637 -33.0513 -71.6098
462 -33.051 -71.6101
648 -33.0511 -71.61
538 -33.0511 -71.61
680 -33.0515 -71.6096
701 -33.0515 -71.6096
590 -33.0515 -71.6096
823 -33.0515 -71.6096
971 -33.0507 -71.6085
435 -33.0496 -71.6094
248 -33.0507 -71.6085
777 -33.0543 -71.6085
567 -33.0551 -71.6081
289 -33.0551 -71.6081
184 -33.0551 -71.6081
492 -33.0549 -71.6083
41 -33.0549 -71.6083
552 -33.0549 -71.6083
616 -33.0549 -71.6083
6 -33.0551 -71.6081
871 -33.0553 -71.608
358 -33.0557 -71.608
410 -33.0553 -71.608
913 -33.0553 -71.608
921 -33.0552 -71.6081
667 -33.0552 -71.6081
359 -33.0552 -71.6081
893 -33.0549 -71.6083
443 -33.0542 -71.6085
426 -33.0542 -71.6085
609 -33.0547 -71.6085
514 -33.0542 -71.6085
699 -33.0541 -71.6085
926 -33.0541 -71.6085
543 -33.0541 -71.6085
800 -33.0547 -71.6085
896 -33.0548 -71.6084
965 -33.0548 -71.6084
959 -33.0548 -71.6084
650 -33.0548 -71.6084
104 -33.0547 -71.6084
689 -33.0547 -71.6084
445 -33.0547 -71.6084
264 -33.0553 -71.608
731 -33.0558 -71.6079
989 -33.0557 -71.6078
122 -33.0557 -71.6078
65 -33.0557 -71.608
895 -33.0556 -71.6079
397 -33.0557 -71.6078
245 -33.0557 -71.6078
720 -33.0556 -71.6078
564 -33.0558 -71.6076
406 -33.056 -71.6043
826 -33.056 -71.6043
578 -33.0557 -71.6077
806 -33.0556 -71.6078
193 -33.0557 -71.6077
267 -33.0557 -71.6077
691 -33.0556 -71.6078
682 -33.0554 -71.6079
628 -33.0554 -71.6079
194 -33.0555 -71.6079
299 -33.0554 -71.6079
875 -33.0554 -71.608
67 -33.0554 -71.608
554 -33.0554 -71.6079
21 -33.0555 -71.6078
887 -33.0555 -71.6078
308 -33.0556 -71.6078
247 -33.0556 -71.6078
388 -33.0555 -71.6078
776 -33.0545 -71.6053
149 -33.0553 -71.6044
584 -33.0541 -71.6085
344 -33.0541 -71.6085
114 -33.0541 -71.6085
936 -33.0541 -71.6085
396 -33.054 -71.6085
352 -33.054 -71.6085
131 -33.054 -71.6085
943 -33.054 -71.6085
684 -33.0539 -71.6085
928 -33.0538 -71.6085
330 -33.0538 -71.6085
663 -33.0539 -71.6085
95 -33.0538 -71.6085
824 -33.0538 -71.6085
356 -33.0538 -71.6085
451 -33.0538 -71.6085
162 -33.0535 -71.6085
702 -33.0535 -71.6085
249 -33.0534 -71.6085
798 -33.0534 -71.6085
898 -33.0534 -71.6085
804 -33.0521 -71.6085
288 -33.0534 -71.6085
524 -33.0533 -71.6085
338 -33.0533 -71.6084
865 -33.0533 -71.6084
974 -33.0533 -71.6084
4 -33.0531 -71.6084
379 -33.053 -71.6083
947 -33.0522 -71.6083
899 -33.0514 -71.6083
766 -33.053 -71.6083
817 -33.053 -71.6083
750 -33.053 -71.6083
539 -33.0528 -71.6083
439 -33.0528 -71.6083
164 -33.0528 -71.6083
526 -33.0528 -71.6083
317 -33.0527 -71.6082
932 -33.0527 -71.6082
507 -33.0533 -71.6064
781 -33.0537 -71.6061
121 -33.0539 -71.6059
729 -33.053 -71.6065
465 -33.0527 -71.6082
695 -33.0526 -71.6082
792 -33.0529 -71.6065
258 -33.0526 -71.6082
985 -33.0525 -71.6082
719 -33.0522 -71.6082
428 -33.0525 -71.6082
779 -33.0522 -71.6082
596 -33.0522 -71.6083
96 -33.0522 -71.6083
241 -33.0522 -71.6082
651 -33.0525 -71.6082
58 -33.0525 -71.6082
656 -33.0523 -71.6081
342 -33.0522 -71.6081
312 -33.0522 -71.6081
329 -33.0522 -71.6081
533 -33.0522 -71.6048
