142 -33.0545 -71.6227
497 -33.0545 -71.6226
647 -33.0546 -71.6226
85 -33.0545 -71.6227
176 -33.0544 -71.623
550 -33.0544 -71.6229
66 -33.0544 -71.6228
5 -33.0546 -71.6225
703 -33.0546 -71.6224
38 -33.0547 -71.6223
315 -33.0547 -71.6223
226 -33.0546 -71.6225
115 -33.0546 -71.6225
890 -33.0546 -71.6225
796 -33.0546 -71.6225
940 -33.0544 -71.623
786 -33.0541 -71.6244
829 -33.0542 -71.6244
979 -33.0543 -71.6244
589 -33.054 -71.6244
987 -33.0535 -71.6245
25 -33.0536 -71.6245
598 -33.0538 -71.6245
883 -33.0543 -71.624
109 -33.0543 -71.6238
961 -33.0543 -71.6233
313 -33.0543 -71.6232
697 -33.0543 -71.6236
217 -33.0543 -71.6236
479 -33.0543 -71.6235
53 -33.0543 -71.6234
500 -33.0547 -71.6222
266 -33.0552 -71.6216
253 -33.0552 -71.6216
930 -33.0552 -71.6215
177 -33.0551 -71.6214
678 -33.0549 -71.622
260 -33.0549 -71.6219
487 -33.055 -71.6218
880 -33.0551 -71.6209
475 -33.0569 -71.6183
189 -33.0552 -71.6178
367 -33.0552 -71.6178
963 -33.0552 -71.6178
407 -33.0549 -71.6182
978 -33.055 -71.618
582 -33.0551 -71.6179
537 -33.0549 -71.6184
327 -33.0548 -71.6221
179 -33.0548 -71.6204
210 -33.0544 -71.6201
377 -33.0543 -71.62
301 -33.0535 -71.6186
42 -33.0535 -71.6185
134 -33.0539 -71.6184
816 -33.054 -71.6184
255 -33.0545 -71.6184
370 -33.0547 -71.6184
408 -33.0547 -71.6184
549 -33.0544 -71.6184
881 -33.054 -71.6184
376 -33.0541 -71.6184
542 -33.0535 -71.6186
92 -33.0534 -71.6246
710 -33.0534 -71.6246
69 -33.0534 -71.6188
698 -33.0532 -71.6188
409 -33.0528 -71.6246
754 -33.0532 -71.6188
373 -33.0531 -71.6187
455 -33.0531 -71.6187
587 -33.053 -71.6187
216 -33.0529 -71.6187
760 -33.0528 -71.6187
809 -33.0528 -71.6187
919 -33.0526 -71.6187
456 -33.0526 -71.6187
803 -33.0525 -71.6186
355 -33.0525 -71.6186
629 -33.0523 -71.6244
849 -33.052 -71.6243
101 -33.0511 -71.623
447 -33.0506 -71.6213
633 -33.0506 -71.6214
34 -33.0505 -71.6211
935 -33.0504 -71.621
493 -33.0503 -71.6209
732 -33.0502 -71.6207
116 -33.0511 -71.6187
399 -33.0511 -71.6187
111 -33.05 -71.6186
597 -33.05 -71.6188
412 -33.0498 -71.6187
144 -33.05 -71.6187
361 -33.0535 -71.6186
341 -33.0524 -71.6186
434 -33.0522 -71.6185
844 -33.0522 -71.6185
761 -33.0522 -71.6185
838 -33.0521 -71.6185
198 -33.052 -71.6185
973 -33.052 -71.6185
713 -33.052 -71.6185
775 -33.0519 -71.6185
891 -33.0519 -71.6184
767 -33.0518 -71.6184
466 -33.0517 -71.6184
547 -33.0517 -71.6184
166 -33.0513 -71.6183
495 -33.0512 -71.6183
323 -33.0512 -71.6184
687 -33.0511 -71.6186
448 -33.051 -71.6186
831 -33.051 -71.6186
340 -33.0509 -71.6186
262 -33.0509 -71.6185
852 -33.05 -71.6185
163 -33.05 -71.6185
632 -33.0503 -71.6183
250 -33.0501 -71.6183
431 -33.0508 -71.6181
727 -33.0502 -71.6178
614 -33.0501 -71.6178
17 -33.0501 -71.6183
393 -33.05 -71.6178
765 -33.0553 -71.6177
774 -33.0559 -71.6163
560 -33.056 -71.6162
842 -33.056 -71.616
869 -33.0557 -71.6167
668 -33.0555 -71.6173
57 -33.0555 -71.6172
646 -33.0556 -71.6171
483 -33.056 -71.6159
531 -33.0559 -71.6159
561 -33.0562 -71.6159
297 -33.0561 -71.6158
501 -33.0559 -71.6159
124 -33.0558 -71.6159
640 -33.0555 -71.6159
994 -33.0559 -71.6158
464 -33.0555 -71.6159
413 -33.0553 -71.6176
950 -33.0554 -71.6159
608 -33.0554 -71.6159
146 -33.0528 -71.6159
442 -33.0528 -71.6159
580 -33.0528 -71.6159
271 -33.0527 -71.6159
20 -33.0554 -71.6158
60 -33.0552 -71.6158
879 -33.0551 -71.6158
818 -33.0551 -71.6158
286 -33.0551 -71.6158
18 -33.0543 -71.6157
822 -33.0541 -71.6156
450 -33.054 -71.6156
389 -33.0538 -71.6156
872 -33.0562 -71.6151
976 -33.0563 -71.6151
118 -33.0563 -71.615
945 -33.0562 -71.6151
991 -33.0561 -71.6152
482 -33.0561 -71.6152
948 -33.0561 -71.6152
686 -33.0548 -71.615
917 -33.0551 -71.6124
579 -33.0551 -71.6124
368 -33.0549 -71.6124
523 -33.0547 -71.6124
127 -33.0544 -71.6148
467 -33.0545 -71.6126
619 -33.0543 -71.6124
743 -33.0537 -71.6156
476 -33.0536 -71.6155
251 -33.0535 -71.6155
955 -33.0534 -71.6155
726 -33.0533 -71.6155
269 -33.053 -71.6156
279 -33.0533 -71.6155
123 -33.0532 -71.6155
602 -33.0531 -71.6155
693 -33.053 -71.6155
107 -33.053 -71.6155
762 -33.0533 -71.6141
520 -33.053 -71.6155
105 -33.0527 -71.6137
405 -33.0527 -71.6137
907 -33.0527 -71.6137
150 -33.0525 -71.6157
819 -33.0521 -71.6156
641 -33.0523 -71.6156
488 -33.0521 -71.6156
290 -33.052 -71.6156
730 -33.0514 -71.6156
546 -33.0512 -71.6156
446 -33.0522 -71.6134
403 -33.052 -71.6132
423 -33.052 -71.6132
145 -33.0517 -71.6131
171 -33.0513 -71.6131
611 -33.0511 -71.6131
711 -33.051 -71.6131
108 -33.0511 -71.6131
117 -33.0509 -71.6156
787 -33.0505 -71.6157
545 -33.0505 -71.6156
908 -33.0505 -71.6156
946 -33.0504 -71.6158
860 -33.05 -71.6157
565 -33.05 -71.6157
320 -33.0499 -71.6157
721 -33.0505 -71.6156
254 -33.0509 -71.6156
292 -33.0509 -71.6156
992 -33.0507 -71.6155
812 -33.0506 -71.6155
864 -33.0505 -71.6155
892 -33.0505 -71.6155
200 -33.0509 -71.6131
356 -33.0511 -71.6131
102 -33.0511 -71.6131
759 -33.0511 -71.613
391 -33.0511 -71.6131
208 -33.0509 -71.6131
202 -33.0509 -71.6131
615 -33.0508 -71.6131
433 -33.0511 -71.613
936 -33.0511 -71.6127
986 -33.0511 -71.6125
141 -33.0511 -71.6125
943 -33.0511 -71.6128
931 -33.0511 -71.6129
151 -33.0511 -71.6129
309 -33.0511 -71.6128
334 -33.0507 -71.6131
70 -33.0506 -71.6131
837 -33.0505 -71.613
801 -33.0503 -71.613
87 -33.0503 -71.613
661 -33.0503 -71.613
725 -33.0503 -71.613
372 -33.0502 -71.613
877 -33.0502 -71.613
265 -33.0501 -71.613
599 -33.05 -71.613
585 -33.05 -71.613
655 -33.0499 -71.613
684 -33.0498 -71.6125
792 -33.0498 -71.6124
95 -33.0498 -71.6125
716 -33.0495 -71.6196
694 -33.0495 -71.6195
859 -33.0495 -71.6188
799 -33.0494 -71.6192
901 -33.0494 -71.6191
283 -33.0494 -71.6189
999 -33.0494 -71.6188
440 -33.0494 -71.6187
529 -33.0485 -71.6183
712 -33.0485 -71.6182
900 -33.0486 -71.6181
897 -33.0485 -71.6183
263 -33.0485 -71.6184
213 -33.0485 -71.6183
130 -33.0485 -71.6183
165 -33.0485 -71.6184
170 -33.0482 -71.6191
889 -33.0483 -71.6189
573 -33.0483 -71.6188
333 -33.0482 -71.6191
639 -33.048 -71.6193
605 -33.048 -71.6193
113 -33.0481 -71.6192
206 -33.0483 -71.6188
239 -33.0484 -71.6185
318 -33.0484 -71.6185
453 -33.0484 -71.6184
983 -33.0484 -71.6187
416 -33.0483 -71.6188
10 -33.0483 -71.6187
949 -33.0483 -71.6187
36 -33.0486 -71.6181
128 -33.0498 -71.6177
830 -33.0497 -71.6177
504 -33.0497 -71.6177
850 -33.0488 -71.6172
572 -33.0488 -71.6174
612 -33.0488 -71.6173
884 -33.0488 -71.6173
688 -33.0489 -71.6172
462 -33.0489 -71.6171
374 -33.0489 -71.617
77 -33.0489 -71.6169
106 -33.0489 -71.6171
432 -33.0489 -71.6172
302 -33.0489 -71.6171
574 -33.0489 -71.6171
13 -33.0487 -71.6175
631 -33.0486 -71.6179
854 -33.0486 -71.6178
834 -33.0487 -71.6178
692 -33.0486 -71.618
868 -33.0486 -71.618
394 -33.0486 -71.618
660 -33.0486 -71.618
174 -33.0487 -71.6177
586 -33.0487 -71.6177
191 -33.0487 -71.6176
273 -33.0487 -71.6176
904 -33.0487 -71.6177
364 -33.0487 -71.6177
652 -33.0483 -71.6171
155 -33.048 -71.6193
205 -33.0474 -71.6227
139 -33.0474 -71.6226
277 -33.0474 -71.6225
820 -33.0474 -71.6226
938 -33.0474 -71.6226
802 -33.0474 -71.6225
322 -33.0474 -71.6225
735 -33.0474 -71.6224
755 -33.0474 -71.6207
55 -33.0474 -71.6207
722 -33.0475 -71.6204
696 -33.0474 -71.6223
516 -33.0474 -71.6221
222 -33.0474 -71.6221
9 -33.0473 -71.6209
939 -33.0473 -71.621
718 -33.0473 -71.6219
360 -33.0473 -71.6218
764 -33.0472 -71.6214
485 -33.0472 -71.6215
80 -33.0472 -71.6215
220 -33.0462 -71.6213
784 -33.0462 -71.6213
509 -33.0472 -71.6213
583 -33.0472 -71.6212
911 -33.0473 -71.6211
484 -33.0473 -71.6211
88 -33.0465 -71.6205
988 -33.0464 -71.6211
982 -33.0464 -71.621
152 -33.0475 -71.6204
157 -33.0478 -71.6196
763 -33.0479 -71.6195
794 -33.0479 -71.6195
708 -33.0477 -71.6199
530 -33.0475 -71.6204
511 -33.0476 -71.6201
635 -33.0476 -71.6201
383 -33.0479 -71.6195
435 -33.0476 -71.6171
50 -33.0476 -71.6171
314 -33.0477 -71.6169
862 -33.0476 -71.6172
140 -33.0475 -71.6174
853 -33.0476 -71.6174
941 -33.0476 -71.6173
610 -33.0475 -71.6203
644 -33.047 -71.6201
968 -33.047 -71.6192
793 -33.047 -71.6189
427 -33.0469 -71.6201
643 -33.0467 -71.6201
827 -33.0467 -71.6199
724 -33.0469 -71.6195
972 -33.0471 -71.6189
348 -33.0473 -71.618
81 -33.0473 -71.618
604 -33.0474 -71.618
933 -33.0473 -71.6182
553 -33.0472 -71.6183
48 -33.0473 -71.6182
855 -33.0477 -71.6168
148 -33.0496 -71.6161
93 -33.0497 -71.6159
795 -33.0498 -71.6158
430 -33.0496 -71.6161
783 -33.0495 -71.6162
756 -33.0495 -71.6162
385 -33.0495 -71.6162
240 -33.0492 -71.6156
278 -33.0493 -71.6152
76 -33.0493 -71.6152
548 -33.0493 -71.6152
74 -33.0493 -71.6153
64 -33.0492 -71.6155
654 -33.0493 -71.6153
27 -33.0493 -71.6153
363 -33.0492 -71.6156
496 -33.0491 -71.6165
337 -33.0491 -71.6163
701 -33.0491 -71.6163
0 -33.0491 -71.6165
195 -33.049 -71.6167
637 -33.049 -71.6167
75 -33.049 -71.6165
234 -33.0491 -71.6162
481 -33.0492 -71.6158
828 -33.0492 -71.6158
425 -33.0492 -71.6156
401 -33.0492 -71.6158
680 -33.0491 -71.6162
956 -33.0492 -71.616
457 -33.0492 -71.616
207 -33.0493 -71.6152
164 -33.0496 -71.6137
750 -33.0496 -71.6135
379 -33.0496 -71.6135
539 -33.0496 -71.6138
258 -33.0495 -71.6141
180 -33.0495 -71.614
428 -33.0495 -71.6139
524 -33.0497 -71.6132
517 -33.0498 -71.6129
246 -33.0497 -71.6128
841 -33.0497 -71.6128
744 -33.0497 -71.6129
835 -33.0497 -71.6129
942 -33.0495 -71.6129
201 -33.0495 -71.6129
392 -33.0495 -71.6129
86 -33.0493 -71.6149
804 -33.0493 -71.6149
329 -33.0494 -71.6145
518 -33.0493 -71.6149
522 -33.0493 -71.6151
709 -33.0493 -71.6151
665 -33.0493 -71.6151
656 -33.0495 -71.6143
739 -33.0494 -71.6129
336 -33.0494 -71.6129
100 -33.0494 -71.6129
902 -33.0493 -71.6129
915 -33.0493 -71.6129
621 -33.049 -71.6129
780 -33.049 -71.6167
304 -33.0487 -71.6164
823 -33.0482 -71.615
119 -33.0482 -71.615
971 -33.0482 -71.6151
590 -33.0482 -71.6151
758 -33.0482 -71.6151
418 -33.0482 -71.6151
231 -33.0482 -71.615
683 -33.0484 -71.6144
133 -33.0484 -71.6143
847 -33.0484 -71.6143
345 -33.0484 -71.6144
807 -33.0482 -71.6149
178 -33.0483 -71.6146
153 -33.0483 -71.6145
248 -33.0482 -71.6151
519 -33.0478 -71.6166
218 -33.0478 -71.6165
960 -33.0479 -71.6163
778 -33.0478 -71.6167
84 -33.0477 -71.6168
541 -33.0477 -71.6167
436 -33.0477 -71.6167
851 -33.048 -71.616
538 -33.0481 -71.6156
728 -33.0481 -71.6154
44 -33.0481 -71.6153
648 -33.0481 -71.6156
515 -33.048 -71.616
31 -33.048 -71.6158
899 -33.0484 -71.6142
651 -33.0487 -71.6131
58 -33.0487 -71.6131
805 -33.0487 -71.6129
894 -33.0487 -71.6132
342 -33.0486 -71.6134
666 -33.0486 -71.6133
638 -33.0486 -71.6133
749 -33.0489 -71.6129
996 -33.0489 -71.6129
439 -33.0488 -71.6127
817 -33.0488 -71.6125
932 -33.0488 -71.6128
186 -33.0487 -71.6129
659 -33.0487 -71.6129
465 -33.0488 -71.6128
779 -33.0486 -71.6135
947 -33.0486 -71.6136
719 -33.0486 -71.6135
920 -33.0486 -71.6135
596 -33.0486 -71.6136
444 -33.0484 -71.6141
634 -33.0474 -71.6138
685 -33.0485 -71.6138
588 -33.0485 -71.6129
964 -33.0482 -71.6128
24 -33.0482 -71.6128
96 -33.0479 -71.6124
494 -33.0478 -71.6128
353 -33.0467 -71.6126
54 -33.0464 -71.6125
19 -33.0562 -71.6124
576 -33.0556 -71.6123
790 -33.056 -71.6123
414 -33.0557 -71.6123
521 -33.0555 -71.6124
747 -33.0555 -71.6124
43 -33.0555 -71.6124
354 -33.0555 -71.6124
326 -33.0559 -71.6123
420 -33.0557 -71.6123
298 -33.0544 -71.6123
591 -33.0544 -71.6121
563 -33.0544 -71.612
209 -33.0543 -71.6119
636 -33.0543 -71.6119
366 -33.0543 -71.6118
307 -33.0542 -71.6118
238 -33.0541 -71.6123
967 -33.0542 -71.6123
154 -33.0542 -71.6122
237 -33.0541 -71.6123
305 -33.0539 -71.6122
962 -33.0537 -71.6122
51 -33.0535 -71.6122
627 -33.0542 -71.6118
751 -33.0542 -71.6118
52 -33.0542 -71.6117
402 -33.0541 -71.6116
452 -33.0541 -71.6115
175 -33.0541 -71.6115
505 -33.0538 -71.6113
26 -33.0538 -71.6113
192 -33.0538 -71.6113
61 -33.0539 -71.6112
463 -33.0542 -71.6105
72 -33.0543 -71.6105
12 -33.0539 -71.6112
927 -33.0537 -71.6112
569 -33.0538 -71.611
384 -33.0537 -71.6105
259 -33.0543 -71.6105
970 -33.0562 -71.6102
132 -33.0551 -71.61
748 -33.0561 -71.6087
513 -33.0546 -71.6085
461 -33.0546 -71.6085
527 -33.0546 -71.6085
400 -33.0545 -71.6085
46 -33.0537 -71.6085
773 -33.0537 -71.6111
35 -33.0537 -71.6111
874 -33.0537 -71.6108
679 -33.0536 -71.6111
274 -33.0536 -71.6111
866 -33.0536 -71.6107
592 -33.0535 -71.6086
833 -33.0536 -71.6085
422 -33.0536 -71.6085
282 -33.0536 -71.6085
472 -33.0536 -71.6085
478 -33.0535 -71.6085
555 -33.0535 -71.6085
138 -33.0535 -71.6085
810 -33.0534 -71.6087
642 -33.0534 -71.6122
958 -33.0533 -71.6122
390 -33.0533 -71.6115
276 -33.0532 -71.6115
733 -33.053 -71.6121
737 -33.053 -71.6116
187 -33.0531 -71.6115
120 -33.0533 -71.6115
675 -33.0534 -71.6114
782 -33.0534 -71.6114
190 -33.0534 -71.611
811 -33.0534 -71.6114
556 -33.0533 -71.6114
424 -33.0534 -71.611
676 -33.0533 -71.611
2 -33.053 -71.6116
173 -33.0529 -71.6121
480 -33.0526 -71.6121
571 -33.0526 -71.6121
214 -33.0525 -71.6121
14 -33.0524 -71.6121
351 -33.0524 -71.6121
29 -33.0523 -71.612
15 -33.0523 -71.612
578 -33.0523 -71.6117
910 -33.0526 -71.6116
242 -33.0529 -71.6116
97 -33.0522 -71.6117
295 -33.0521 -71.612
299 -33.0519 -71.6118
303 -33.0533 -71.6109
512 -33.0531 -71.6109
674 -33.053 -71.6108
797 -33.053 -71.6108
7 -33.053 -71.6108
848 -33.053 -71.6108
506 -33.0529 -71.6107
40 -33.0528 -71.6106
49 -33.0526 -71.6103
212 -33.0525 -71.6101
603 -33.0524 -71.61
772 -33.0534 -71.6088
601 -33.0524 -71.6099
224 -33.0524 -71.6099
645 -33.0523 -71.6098
89 -33.0523 -71.6098
551 -33.0523 -71.6097
681 -33.0522 -71.6097
22 -33.0522 -71.6097
575 -33.0522 -71.6096
228 -33.0521 -71.6094
600 -33.052 -71.6093
885 -33.0519 -71.6092
741 -33.0519 -71.6092
704 -33.0519 -71.6091
593 -33.052 -71.6088
167 -33.0521 -71.6087
421 -33.0521 -71.6087
981 -33.052 -71.6089
671 -33.052 -71.609
398 -33.052 -71.6089
929 -33.0545 -71.6085
129 -33.0547 -71.6085
469 -33.0547 -71.6085
934 -33.0548 -71.6084
11 -33.0547 -71.6085
335 -33.0544 -71.6085
296 -33.0546 -71.6085
510 -33.0546 -71.6085
558 -33.0548 -71.6084
362 -33.055 -71.6082
977 -33.055 -71.6082
311 -33.0551 -71.6082
454 -33.0549 -71.6083
79 -33.0548 -71.6084
499 -33.0548 -71.6084
332 -33.0549 -71.6083
411 -33.0544 -71.6085
657 -33.0544 -71.6085
700 -33.0543 -71.6085
223 -33.0543 -71.6085
613 -33.0543 -71.6085
473 -33.0542 -71.6085
912 -33.0542 -71.6085
535 -33.0542 -71.6085
285 -33.0542 -71.6085
705 -33.0542 -71.6085
477 -33.0541 -71.6085
873 -33.054 -71.6085
83 -33.054 -71.6085
225 -33.054 -71.6085
438 -33.0539 -71.6085
858 -33.0539 -71.6085
581 -33.0551 -71.6081
528 -33.0568 -71.608
300 -33.0566 -71.608
474 -33.0564 -71.608
808 -33.0563 -71.608
677 -33.0563 -71.608
281 -33.056 -71.6079
63 -33.0557 -71.6078
925 -33.0556 -71.6078
291 -33.0562 -71.6074
441 -33.0568 -71.6046
147 -33.0558 -71.6043
331 -33.0558 -71.6076
419 -33.0556 -71.6078
491 -33.0557 -71.6077
870 -33.0557 -71.6043
768 -33.0556 -71.6047
606 -33.0555 -71.6079
112 -33.0555 -71.6078
886 -33.0556 -71.6078
876 -33.0554 -71.6079
672 -33.0552 -71.6081
903 -33.0553 -71.608
525 -33.0553 -71.608
159 -33.0556 -71.6078
280 -33.0556 -71.6078
924 -33.0546 -71.6046
90 -33.055 -71.6045
221 -33.0543 -71.6046
98 -33.0539 -71.6076
196 -33.0541 -71.6056
888 -33.0539 -71.6085
922 -33.0537 -71.6085
168 -33.0539 -71.6085
740 -33.0538 -71.6085
857 -33.0537 -71.6085
944 -33.0535 -71.6085
918 -33.0534 -71.6085
219 -33.0534 -71.6085
980 -33.0534 -71.6085
723 -33.0533 -71.6084
878 -33.0533 -71.6084
662 -33.0532 -71.6084
489 -33.0532 -71.6084
954 -33.0532 -71.6084
769 -33.0532 -71.6084
378 -33.0531 -71.6084
458 -33.0531 -71.6084
158 -33.0522 -71.6084
715 -33.0531 -71.6084
825 -33.053 -71.6084
137 -33.0522 -71.6084
316 -33.0521 -71.6085
846 -33.0521 -71.6085
227 -33.0521 -71.6085
753 -33.053 -71.6083
664 -33.053 -71.6083
984 -33.053 -71.6083
540 -33.053 -71.6083
470 -33.0529 -71.6083
156 -33.0529 -71.6083
62 -33.0529 -71.6083
840 -33.0522 -71.6083
843 -33.0528 -71.6083
73 -33.0528 -71.6083
350 -33.0528 -71.6083
503 -33.0528 -71.6083
261 -33.0527 -71.6082
622 -33.0527 -71.6082
557 -33.0527 -71.6082
381 -33.0526 -71.6082
532 -33.0526 -71.6082
937 -33.0527 -71.6067
78 -33.0534 -71.6047
110 -33.0525 -71.6082
94 -33.0525 -71.6082
746 -33.0525 -71.6082
620 -33.0524 -71.6048
169 -33.0524 -71.6048
923 -33.0522 -71.6082
32 -33.0522 -71.6082
706 -33.0522 -71.6079
690 -33.0522 -71.6077
626 -33.0522 -71.6082
183 -33.0521 -71.6081
952 -33.052 -71.608
595 -33.0522 -71.6074
502 -33.0521 -71.6073
256 -33.0522 -71.6072
752 -33.0521 -71.6071
966 -33.0521 -71.6071
181 -33.0521 -71.6071
815 -33.052 -71.6068
909 -33.0519 -71.612
197 -33.0519 -71.612
916 -33.0518 -71.612
577 -33.0515 -71.612
252 -33.0515 -71.612
310 -33.0512 -71.612
23 -33.0515 -71.612
387 -33.0515 -71.612
789 -33.0515 -71.612
745 -33.0514 -71.6119
268 -33.0514 -71.6119
742 -33.0515 -71.6115
347 -33.0513 -71.6117
272 -33.0513 -71.6119
415 -33.0513 -71.6119
905 -33.0513 -71.6114
160 -33.0512 -71.612
143 -33.0511 -71.6122
649 -33.0511 -71.6121
998 -33.0511 -71.6121
386 -33.0511 -71.6123
689 -33.05 -71.6115
893 -33.05 -71.6113
959 -33.05 -71.6113
41 -33.05 -71.6112
184 -33.0501 -71.6109
567 -33.0501 -71.6109
921 -33.0501 -71.6108
289 -33.05 -71.611
552 -33.05 -71.6112
616 -33.05 -71.6111
6 -33.05 -71.611
667 -33.0501 -71.6108
371 -33.0508 -71.6102
670 -33.051 -71.6101
230 -33.0511 -71.61
257 -33.0508 -71.6102
813 -33.0506 -71.6102
397 -33.0502 -71.6102
731 -33.0504 -71.6101
375 -33.0512 -71.6099
199 -33.0514 -71.6097
321 -33.0515 -71.6096
294 -33.0515 -71.6096
319 -33.0514 -71.6097
997 -33.0513 -71.6098
357 -33.0514 -71.6097
229 -33.0514 -71.6097
267 -33.0502 -71.6101
67 -33.0501 -71.6106
875 -33.0501 -71.6106
682 -33.0501 -71.6106
410 -33.0501 -71.6106
871 -33.0501 -71.6108
359 -33.0501 -71.6107
264 -33.0501 -71.6106
554 -33.0501 -71.6104
806 -33.0502 -71.6103
720 -33.0502 -71.6103
245 -33.0502 -71.6102
691 -33.0502 -71.6103
887 -33.0502 -71.6103
247 -33.0502 -71.6103
609 -33.0499 -71.6116
443 -33.0499 -71.6121
426 -33.0499 -71.6121
570 -33.0499 -71.612
699 -33.0498 -71.6122
352 -33.0498 -71.6123
543 -33.0498 -71.6123
396 -33.0498 -71.6122
953 -33.0499 -71.6118
507 -33.0499 -71.6118
965 -33.0499 -71.6113
445 -33.0498 -71.6113
104 -33.0498 -71.6113
490 -33.0497 -71.6112
37 -33.0495 -71.6112
135 -33.0495 -71.6112
594 -33.0495 -71.6112
974 -33.049 -71.612
766 -33.0482 -71.6114
777 -33.0493 -71.6112
526 -33.0481 -71.6116
241 -33.0479 -71.6124
312 -33.0479 -71.6123
317 -33.0481 -71.6117
630 -33.0493 -71.6112
45 -33.0493 -71.6112
584 -33.0492 -71.6112
114 -33.0492 -71.6112
275 -33.0492 -71.6112
926 -33.0491 -71.6112
449 -33.0491 -71.6112
131 -33.049 -71.6112
729 -33.0489 -71.6112
330 -33.0489 -71.6112
781 -33.0494 -71.6102
451 -33.0489 -71.6112
969 -33.0487 -71.6112
898 -33.0485 -71.6111
338 -33.0484 -71.6111
650 -33.0493 -71.6099
121 -33.0493 -71.6099
28 -33.0491 -71.6099
47 -33.049 -71.6099
995 -33.0489 -71.6099
39 -33.0487 -71.6098
344 -33.0485 -71.6098
663 -33.0484 -71.6098
928 -33.0483 -71.6098
459 -33.0482 -71.6098
824 -33.0482 -71.6098
3 -33.0482 -71.6098
33 -33.048 -71.6111
814 -33.048 -71.6098
702 -33.048 -71.6098
486 -33.0479 -71.6098
985 -33.047 -71.6098
249 -33.0479 -71.6098
798 -33.0478 -71.6098
288 -33.0478 -71.6098
865 -33.0477 -71.6098
695 -33.0471 -71.6098
4 -33.0476 -71.6098
736 -33.0515 -71.6096
404 -33.0518 -71.6093
832 -33.0518 -71.6093
856 -33.0518 -71.6093
861 -33.0518 -71.6093
284 -33.0516 -71.6095
349 -33.0517 -71.6094
669 -33.0517 -71.6094
182 -33.0518 -71.6093
236 -33.0519 -71.6092
204 -33.0519 -71.6092
211 -33.0519 -71.6091
343 -33.0519 -71.6091
863 -33.0518 -71.6091
324 -33.0517 -71.609
734 -33.0516 -71.6089
882 -33.0516 -71.6095
821 -33.0516 -71.6089
771 -33.0514 -71.6087
607 -33.0514 -71.6087
498 -33.0512 -71.6086
707 -33.0511 -71.6092
235 -33.0512 -71.6086
68 -33.0512 -71.6086
233 -33.051 -71.6086
437 -33.051 -71.6086
845 -33.051 -71.6086
82 -33.051 -71.6086
738 -33.051 -71.6086
243 -33.051 -71.6086
306 -33.0509 -71.6085
71 -33.0509 -71.6085
16 -33.0509 -71.6085
126 -33.0519 -71.608
468 -33.0519 -71.608
328 -33.0519 -71.608
836 -33.0519 -71.6081
951 -33.0517 -71.6082
714 -33.0518 -71.6081
136 -33.0518 -71.6081
471 -33.0519 -71.6076
382 -33.0519 -71.6066
770 -33.0519 -71.6066
673 -33.0519 -71.6065
788 -33.0518 -71.6063
369 -33.0517 -71.6076
99 -33.0517 -71.605
293 -33.0517 -71.6048
460 -33.0517 -71.6075
653 -33.0514 -71.6083
990 -33.0514 -71.6083
785 -33.0516 -71.6082
417 -33.0511 -71.6085
172 -33.0509 -71.6085
406 -33.051 -71.6085
125 -33.051 -71.6085
757 -33.0516 -71.6082
56 -33.0517 -71.6075
624 -33.0514 -71.6075
365 -33.0514 -71.6075
244 -33.0513 -71.6059
325 -33.0511 -71.6074
957 -33.0511 -71.6056
185 -33.0507 -71.6085
8 -33.0504 -71.6089
395 -33.0505 -71.6086
544 -33.0504 -71.6085
623 -33.0503 -71.6092
215 -33.0503 -71.6092
776 -33.0497 -71.6091
193 -33.0498 -71.6091
562 -33.0503 -71.6085
91 -33.0503 -71.6085
625 -33.0503 -71.6085
534 -33.0502 -71.6085
658 -33.0502 -71.6085
203 -33.05 -71.6084
867 -33.0499 -71.6084
791 -33.0495 -71.6084
566 -33.0494 -71.6084
536 -33.0493 -71.6083
429 -33.0492 -71.6083
270 -33.0492 -71.6083
161 -33.0492 -71.6083
906 -33.049 -71.6083
508 -33.049 -71.6083
914 -33.0489 -71.6083
617 -33.0488 -71.6083
717 -33.0486 -71.6082
188 -33.0482 -71.6082
59 -33.0482 -71.6082
380 -33.0481 -71.6082
568 -33.0481 -71.6082
618 -33.0479 -71.6082
346 -33.0477 -71.6082
287 -33.0506 -71.6073
103 -33.0506 -71.6073
993 -33.0506 -71.6073
975 -33.0503 -71.6073
232 -33.0501 -71.6072
339 -33.05 -71.6072
149 -33.05 -71.6066
564 -33.0507 -71.6057
358 -33.0507 -71.6057
65 -33.0506 -71.6057
122 -33.0505 -71.6057
1 -33.0505 -71.6049
388 -33.0503 -71.6056
628 -33.0502 -71.6056
913 -33.05 -71.6055
30 -33.05 -71.6046
839 -33.0499 -71.6072
895 -33.0495 -71.6071
989 -33.0495 -71.6071
308 -33.0495 -71.6071
559 -33.0472 -71.6082
162 -33.047 -71.6081
21 -33.0494 -71.6071
194 -33.0494 -71.607
492 -33.0497 -71.6054
896 -33.0496 -71.6053
826 -33.0498 -71.6045
800 -33.0494 -71.6053
514 -33.0491 -71.6051
533 -33.0466 -71.6045
