647 -33.0544 -71.6229
497 -33.0544 -71.6229
5 -33.0544 -71.6228
142 -33.0544 -71.623
883 -33.0543 -71.6243
66 -33.0543 -71.6231
85 -33.0544 -71.623
115 -33.0544 -71.6228
38 -33.0545 -71.6226
315 -33.0546 -71.6225
500 -33.0546 -71.6225
703 -33.0545 -71.6227
890 -33.0544 -71.6228
796 -33.0544 -71.6228
226 -33.0545 -71.6227
550 -33.0543 -71.6232
829 -33.0539 -71.6244
979 -33.054 -71.6244
109 -33.0543 -71.6241
786 -33.0539 -71.6245
25 -33.0534 -71.6246
598 -33.0536 -71.6245
589 -33.0537 -71.6245
217 -33.0543 -71.6239
697 -33.0543 -71.6239
479 -33.0543 -71.6238
176 -33.0543 -71.6233
53 -33.0543 -71.6237
961 -33.0543 -71.6236
313 -33.0543 -71.6235
940 -33.0543 -71.6233
327 -33.0546 -71.6224
930 -33.055 -71.6218
177 -33.0551 -71.6217
880 -33.0551 -71.6212
253 -33.055 -71.6218
487 -33.0549 -71.622
266 -33.055 -71.6218
179 -33.055 -71.6207
978 -33.0549 -71.6183
475 -33.0566 -71.6182
765 -33.0551 -71.6179
413 -33.0552 -71.6178
189 -33.055 -71.6179
582 -33.0549 -71.6182
963 -33.055 -71.618
367 -33.055 -71.618
260 -33.0548 -71.6221
678 -33.0547 -71.6222
210 -33.0546 -71.6203
377 -33.0545 -71.6202
881 -33.0538 -71.6184
42 -33.0534 -71.6188
134 -33.0536 -71.6185
816 -33.0537 -71.6184
376 -33.0539 -71.6184
408 -33.0544 -71.6184
537 -33.0546 -71.6184
407 -33.0548 -71.6184
370 -33.0544 -71.6184
549 -33.0541 -71.6184
255 -33.0543 -71.6184
301 -33.0534 -71.6188
987 -33.0532 -71.6246
542 -33.0534 -71.6188
361 -33.0533 -71.6188
69 -33.0532 -71.6188
710 -33.0531 -71.6246
92 -33.0531 -71.6246
409 -33.0526 -71.6245
698 -33.0529 -71.6187
754 -33.0529 -71.6187
373 -33.0528 -71.6187
455 -33.0528 -71.6187
587 -33.0527 -71.6187
216 -33.0526 -71.6187
760 -33.0526 -71.6187
809 -33.0525 -71.6186
629 -33.052 -71.6243
849 -33.0519 -71.6246
101 -33.0512 -71.6232
34 -33.0506 -71.6213
935 -33.0506 -71.6211
633 -33.0505 -71.6217
447 -33.0505 -71.6216
493 -33.0505 -71.6211
732 -33.0502 -71.6209
116 -33.0513 -71.6189
399 -33.0513 -71.6189
163 -33.05 -71.6188
852 -33.05 -71.6188
111 -33.0499 -71.6188
144 -33.0499 -71.6187
597 -33.0498 -71.6187
323 -33.0511 -71.6186
919 -33.0524 -71.6186
456 -33.0523 -71.6186
803 -33.0522 -71.6185
355 -33.0522 -71.6185
341 -33.0521 -71.6185
761 -33.0519 -71.6185
844 -33.0519 -71.6185
434 -33.0519 -71.6185
838 -33.0519 -71.6184
198 -33.0518 -71.6184
973 -33.0518 -71.6184
775 -33.0517 -71.6184
713 -33.0517 -71.6184
891 -33.0516 -71.6184
767 -33.0516 -71.6184
466 -33.0515 -71.6184
166 -33.0512 -71.6186
687 -33.0508 -71.6185
448 -33.0508 -71.6185
831 -33.0507 -71.6185
17 -33.05 -71.6185
250 -33.05 -71.6185
340 -33.0507 -71.6184
262 -33.0506 -71.6184
547 -33.0514 -71.6184
495 -33.051 -71.6182
431 -33.0506 -71.618
632 -33.0501 -71.6183
727 -33.0499 -71.6178
614 -33.0499 -71.6178
393 -33.0497 -71.6177
774 -33.0557 -71.6165
560 -33.0558 -71.6164
297 -33.0562 -71.616
869 -33.0556 -71.617
668 -33.0554 -71.6176
57 -33.0554 -71.6175
646 -33.0555 -71.6173
561 -33.056 -71.616
842 -33.0558 -71.6159
483 -33.0557 -71.6159
531 -33.0557 -71.6159
501 -33.0556 -71.6159
124 -33.0555 -71.6159
640 -33.0552 -71.6158
464 -33.0552 -71.6158
950 -33.0552 -71.6158
608 -33.0552 -71.6158
20 -33.0551 -71.6158
60 -33.0549 -71.6158
879 -33.0549 -71.6158
269 -33.0528 -71.6159
146 -33.0526 -71.6158
442 -33.0526 -71.6158
818 -33.0548 -71.6158
286 -33.0548 -71.6158
520 -33.0529 -71.6157
107 -33.0529 -71.6157
693 -33.0529 -71.6157
580 -33.0526 -71.6158
271 -33.0525 -71.6157
150 -33.0522 -71.6157
641 -33.0521 -71.6156
994 -33.0557 -71.6156
18 -33.054 -71.6156
991 -33.056 -71.6154
822 -33.0538 -71.6156
450 -33.0537 -71.6156
389 -33.0535 -71.6155
743 -33.0534 -71.6155
948 -33.0559 -71.6154
976 -33.056 -71.6153
872 -33.056 -71.6153
118 -33.0561 -71.6152
945 -33.056 -71.6153
482 -33.0559 -71.6154
686 -33.0545 -71.6149
127 -33.0542 -71.6147
476 -33.0533 -71.6155
251 -33.0533 -71.6155
123 -33.053 -71.6155
279 -33.053 -71.6155
602 -33.0529 -71.6156
819 -33.0518 -71.6156
488 -33.0518 -71.6156
290 -33.0518 -71.6156
955 -33.0531 -71.6155
726 -33.053 -71.6155
762 -33.0531 -71.6139
105 -33.0525 -71.6136
405 -33.0525 -71.6135
907 -33.0525 -71.6135
446 -33.052 -71.6132
403 -33.0518 -71.6131
423 -33.0518 -71.6131
145 -33.0515 -71.6131
356 -33.0513 -71.6131
730 -33.0511 -71.6156
546 -33.0509 -71.6156
117 -33.0506 -71.6155
254 -33.0506 -71.6155
931 -33.0511 -71.6131
151 -33.051 -71.6131
171 -33.051 -71.6131
433 -33.0509 -71.6131
759 -33.0509 -71.6131
102 -33.0508 -71.6131
391 -33.0508 -71.6131
108 -33.0508 -71.6131
292 -33.0506 -71.6155
908 -33.0504 -71.6158
721 -33.0504 -71.6158
864 -33.0504 -71.6158
545 -33.0504 -71.6158
320 -33.0497 -71.6158
787 -33.0503 -71.6158
946 -33.0502 -71.6158
565 -33.0498 -71.6157
892 -33.0505 -71.6157
812 -33.0505 -71.6157
992 -33.0505 -71.6156
860 -33.0498 -71.6157
246 -33.0497 -71.6131
841 -33.0497 -71.6131
611 -33.0508 -71.6131
711 -33.0508 -71.6131
309 -33.0511 -71.6131
943 -33.0511 -71.6131
200 -33.0507 -71.6131
208 -33.0507 -71.6131
202 -33.0506 -71.613
615 -33.0505 -71.613
936 -33.0511 -71.613
986 -33.0511 -71.6128
386 -33.0511 -71.6127
143 -33.0511 -71.6125
141 -33.0511 -71.6128
334 -33.0504 -71.613
70 -33.0504 -71.613
837 -33.0503 -71.613
801 -33.0501 -71.613
87 -33.0501 -71.613
661 -33.05 -71.613
725 -33.05 -71.613
372 -33.05 -71.613
877 -33.0499 -71.6129
265 -33.0499 -71.6129
599 -33.0497 -71.6129
585 -33.0497 -71.6129
352 -33.0498 -71.6126
543 -33.0498 -71.6126
396 -33.0498 -71.6125
792 -33.0497 -71.6127
95 -33.0497 -71.6128
684 -33.0497 -71.6128
655 -33.0497 -71.6129
716 -33.0496 -71.6198
694 -33.0496 -71.6198
799 -33.0495 -71.6195
901 -33.0494 -71.6194
283 -33.0494 -71.6192
440 -33.0494 -71.6191
999 -33.0494 -71.619
859 -33.0494 -71.6189
412 -33.0496 -71.6186
712 -33.0484 -71.6185
36 -33.0485 -71.6184
897 -33.0484 -71.6185
213 -33.0484 -71.6186
130 -33.0484 -71.6186
529 -33.0484 -71.6186
263 -33.0484 -71.6186
889 -33.0481 -71.6191
573 -33.0482 -71.6191
206 -33.0482 -71.6191
170 -33.048 -71.6193
605 -33.0479 -71.6195
113 -33.048 -71.6194
333 -33.048 -71.6193
416 -33.0482 -71.6191
318 -33.0483 -71.6187
453 -33.0483 -71.6187
165 -33.0484 -71.6187
239 -33.0483 -71.6188
949 -33.0482 -71.619
10 -33.0482 -71.619
983 -33.0483 -71.6189
900 -33.0485 -71.6184
128 -33.0495 -71.6177
830 -33.0495 -71.6177
504 -33.0494 -71.6177
850 -33.0487 -71.6175
572 -33.0487 -71.6177
612 -33.0487 -71.6176
884 -33.0487 -71.6176
688 -33.0488 -71.6175
462 -33.0488 -71.6174
374 -33.0488 -71.6174
77 -33.0488 -71.6172
106 -33.0488 -71.6174
432 -33.0488 -71.6175
302 -33.0488 -71.6174
574 -33.0488 -71.6174
13 -33.0487 -71.6178
631 -33.0485 -71.6181
854 -33.0485 -71.6181
834 -33.0486 -71.6181
692 -33.0485 -71.6183
394 -33.0485 -71.6183
868 -33.0485 -71.6183
660 -33.0485 -71.6183
174 -33.0486 -71.618
586 -33.0486 -71.618
191 -33.0486 -71.6179
273 -33.0486 -71.6179
904 -33.0486 -71.618
364 -33.0486 -71.618
652 -33.0482 -71.6174
639 -33.0479 -71.6195
735 -33.0474 -71.6227
696 -33.0474 -71.6226
516 -33.0474 -71.6225
322 -33.0474 -71.6227
938 -33.0472 -71.6228
277 -33.0473 -71.6228
802 -33.0473 -71.6228
222 -33.0474 -71.6224
360 -33.0474 -71.6222
718 -33.0474 -71.6222
722 -33.0474 -71.6207
755 -33.0473 -71.621
80 -33.0473 -71.6218
485 -33.0473 -71.6218
55 -33.0473 -71.621
9 -33.0472 -71.6212
820 -33.0472 -71.6228
139 -33.0472 -71.6228
764 -33.0472 -71.6216
509 -33.0472 -71.6216
205 -33.0472 -71.6228
220 -33.0461 -71.6216
784 -33.0461 -71.6216
583 -33.0472 -71.6216
911 -33.0472 -71.6214
484 -33.0472 -71.6214
939 -33.0472 -71.6213
88 -33.0464 -71.6208
988 -33.0462 -71.6214
982 -33.0462 -71.6213
152 -33.0474 -71.6207
157 -33.0477 -71.6199
763 -33.0477 -71.6198
794 -33.0477 -71.6198
708 -33.0476 -71.6202
530 -33.0474 -71.6207
511 -33.0475 -71.6204
635 -33.0475 -71.6203
383 -33.0478 -71.6197
155 -33.0479 -71.6196
435 -33.0475 -71.6174
50 -33.0476 -71.6173
862 -33.0475 -71.6175
140 -33.0474 -71.6177
853 -33.0475 -71.6177
941 -33.0475 -71.6175
604 -33.0473 -71.6182
610 -33.0472 -71.6202
724 -33.0468 -71.6198
968 -33.0469 -71.6194
644 -33.0467 -71.62
643 -33.0466 -71.6204
827 -33.0466 -71.6202
427 -33.0467 -71.6201
793 -33.0469 -71.6192
933 -33.0472 -71.6185
348 -33.0472 -71.6183
81 -33.0472 -71.6183
48 -33.0472 -71.6185
972 -33.047 -71.6192
553 -33.0471 -71.6186
314 -33.0476 -71.6172
148 -33.0495 -71.6163
93 -33.0495 -71.6162
795 -33.0496 -71.616
430 -33.0494 -71.6164
783 -33.0494 -71.6165
756 -33.0494 -71.6165
385 -33.0494 -71.6165
363 -33.0492 -71.6159
74 -33.0492 -71.6156
278 -33.0492 -71.6155
548 -33.0492 -71.6155
27 -33.0492 -71.6156
240 -33.0492 -71.6158
64 -33.0492 -71.6158
654 -33.0492 -71.6156
425 -33.0492 -71.6159
496 -33.049 -71.6168
337 -33.049 -71.6167
701 -33.049 -71.6166
0 -33.049 -71.6168
780 -33.0489 -71.6171
637 -33.0489 -71.617
195 -33.0489 -71.617
234 -33.049 -71.6165
401 -33.0491 -71.6161
481 -33.0491 -71.6161
828 -33.0491 -71.6161
457 -33.0491 -71.6163
680 -33.049 -71.6165
75 -33.0487 -71.6164
956 -33.0491 -71.6163
76 -33.0492 -71.6155
258 -33.0494 -71.6144
180 -33.0494 -71.6143
428 -33.0495 -71.6142
656 -33.0494 -71.6146
86 -33.0493 -71.6152
804 -33.0493 -71.6152
329 -33.0494 -71.6148
539 -33.0495 -71.6141
750 -33.0495 -71.6138
379 -33.0495 -71.6138
524 -33.0496 -71.6135
164 -33.0495 -71.6141
517 -33.0495 -71.6129
835 -33.0494 -71.6129
744 -33.0494 -71.6129
518 -33.0493 -71.6152
665 -33.0493 -71.6154
942 -33.0493 -71.6129
201 -33.0493 -71.6129
522 -33.0493 -71.6154
207 -33.0492 -71.6155
709 -33.0493 -71.6155
392 -33.0492 -71.6129
336 -33.0491 -71.6129
739 -33.0492 -71.6129
100 -33.0491 -71.6129
902 -33.0491 -71.6129
915 -33.049 -71.6129
621 -33.0487 -71.6129
817 -33.0488 -71.6128
439 -33.0487 -71.613
304 -33.0485 -71.6166
971 -33.0481 -71.6153
823 -33.0481 -71.6153
418 -33.0481 -71.6154
248 -33.0481 -71.6154
590 -33.0481 -71.6154
758 -33.0481 -71.6154
119 -33.0481 -71.6153
345 -33.0483 -71.6147
683 -33.0483 -71.6147
133 -33.0483 -71.6147
153 -33.0483 -71.6148
231 -33.0481 -71.6153
807 -33.0482 -71.6152
178 -33.0482 -71.6149
44 -33.0481 -71.6156
541 -33.0477 -71.617
519 -33.0477 -71.6169
218 -33.0477 -71.6168
778 -33.0477 -71.617
855 -33.0476 -71.6172
84 -33.0476 -71.6171
436 -33.0477 -71.617
960 -33.0478 -71.6167
648 -33.048 -71.6159
538 -33.048 -71.6159
728 -33.048 -71.6157
31 -33.0479 -71.6161
851 -33.0479 -71.6163
515 -33.0479 -71.6163
847 -33.0483 -71.6146
342 -33.0485 -71.6137
666 -33.0485 -71.6136
638 -33.0486 -71.6136
920 -33.0485 -71.6138
947 -33.0485 -71.6139
779 -33.0485 -71.6138
719 -33.0485 -71.6138
894 -33.0486 -71.6135
465 -33.0487 -71.6131
932 -33.0487 -71.6131
749 -33.0487 -71.6129
996 -33.0487 -71.6129
651 -33.0486 -71.6134
58 -33.0486 -71.6134
805 -33.0487 -71.6132
596 -33.0485 -71.6139
685 -33.0484 -71.6141
186 -33.0484 -71.6129
659 -33.0484 -71.6129
444 -33.0484 -71.6145
899 -33.0483 -71.6145
634 -33.0473 -71.6141
588 -33.0483 -71.6129
964 -33.048 -71.6128
24 -33.048 -71.6128
241 -33.0478 -71.6126
312 -33.0478 -71.6126
96 -33.0478 -71.6127
494 -33.0476 -71.6127
353 -33.0464 -71.6125
699 -33.0498 -71.6125
576 -33.0553 -71.6124
43 -33.0553 -71.6124
414 -33.0554 -71.6124
354 -33.0553 -71.6124
521 -33.0553 -71.6124
747 -33.0553 -71.6124
917 -33.0548 -71.6124
579 -33.0548 -71.6124
326 -33.0556 -71.6123
19 -33.0559 -71.6123
790 -33.0557 -71.6123
420 -33.0554 -71.6124
368 -33.0546 -71.6124
967 -33.0544 -71.6122
154 -33.0544 -71.6122
237 -33.0544 -71.6122
467 -33.0543 -71.6124
523 -33.0544 -71.6123
619 -33.0541 -71.6123
298 -33.0541 -71.6123
238 -33.0539 -71.6122
305 -33.0536 -71.6122
962 -33.0534 -71.6122
591 -33.0543 -71.6118
563 -33.0542 -71.6118
209 -33.0542 -71.6117
636 -33.0541 -71.6116
366 -33.0541 -71.6116
307 -33.0541 -71.6115
751 -33.0541 -71.6115
627 -33.0541 -71.6115
52 -33.054 -71.6115
402 -33.054 -71.6113
452 -33.0539 -71.6113
175 -33.0539 -71.6112
569 -33.0539 -71.6112
874 -33.0538 -71.6111
866 -33.0538 -71.611
463 -33.0539 -71.6105
72 -33.054 -71.6105
970 -33.0559 -71.6103
132 -33.055 -71.6102
499 -33.0546 -71.6085
79 -33.0545 -71.6085
259 -33.054 -71.6105
558 -33.0545 -71.6085
934 -33.0545 -71.6085
61 -33.0536 -71.6111
505 -33.0535 -71.6114
192 -33.0536 -71.6114
12 -33.0536 -71.6111
26 -33.0535 -71.6114
927 -33.0535 -71.611
35 -33.0534 -71.611
773 -33.0534 -71.611
679 -33.0534 -71.611
888 -33.0536 -71.6085
858 -33.0536 -71.6085
438 -33.0536 -71.6085
168 -33.0536 -71.6085
384 -33.0535 -71.6106
922 -33.0535 -71.6087
274 -33.0534 -71.611
51 -33.0532 -71.6121
642 -33.0532 -71.6121
120 -33.0531 -71.6116
958 -33.053 -71.6121
187 -33.0528 -71.6116
276 -33.0529 -71.6116
390 -33.053 -71.6116
556 -33.0531 -71.6115
811 -33.0531 -71.6115
782 -33.0531 -71.6115
190 -33.0531 -71.6109
424 -33.0531 -71.6109
675 -33.0531 -71.6115
676 -33.0531 -71.6109
303 -33.053 -71.6108
737 -33.0527 -71.6116
733 -33.0527 -71.6121
173 -33.0526 -71.6121
480 -33.0523 -71.6121
571 -33.0523 -71.612
214 -33.0522 -71.612
14 -33.0521 -71.612
351 -33.0521 -71.612
29 -33.052 -71.612
910 -33.0524 -71.6117
242 -33.0526 -71.6116
2 -33.0527 -71.6116
578 -33.0521 -71.6118
15 -33.052 -71.612
97 -33.052 -71.6118
512 -33.0529 -71.6107
674 -33.0528 -71.6106
797 -33.0528 -71.6106
7 -33.0528 -71.6106
848 -33.0528 -71.6106
506 -33.0527 -71.6104
40 -33.0527 -71.6104
49 -33.0525 -71.6101
212 -33.0523 -71.6098
772 -33.0532 -71.609
810 -33.0533 -71.6089
592 -33.0533 -71.6088
603 -33.0523 -71.6097
601 -33.0522 -71.6097
224 -33.0522 -71.6096
645 -33.0522 -71.6095
89 -33.0521 -71.6095
551 -33.0521 -71.6095
681 -33.0521 -71.6094
22 -33.0521 -71.6094
575 -33.0521 -71.6094
671 -33.0519 -71.6093
398 -33.0519 -71.6092
981 -33.0519 -71.6092
228 -33.0519 -71.6092
137 -33.0521 -71.6087
158 -33.0521 -71.6087
840 -33.0521 -71.6086
316 -33.0521 -71.6088
167 -33.052 -71.609
846 -33.052 -71.6088
225 -33.0537 -71.6085
469 -33.0544 -71.6085
129 -33.0544 -71.6085
11 -33.0544 -71.6085
510 -33.0544 -71.6085
513 -33.0543 -71.6085
296 -33.0543 -71.6085
527 -33.0543 -71.6085
461 -33.0543 -71.6085
748 -33.056 -71.6084
977 -33.0548 -71.6084
311 -33.0548 -71.6084
362 -33.0547 -71.6084
929 -33.0542 -71.6085
332 -33.0547 -71.6085
454 -33.0547 -71.6084
400 -33.0542 -71.6085
335 -33.0542 -71.6085
657 -33.0541 -71.6085
411 -33.0542 -71.6085
700 -33.0541 -71.6085
740 -33.0535 -71.6085
83 -33.0537 -71.6085
613 -33.054 -71.6085
223 -33.054 -71.6085
473 -33.054 -71.6085
535 -33.0539 -71.6085
285 -33.054 -71.6085
912 -33.0539 -71.6085
705 -33.0539 -71.6085
477 -33.0538 -71.6085
873 -33.0538 -71.6085
581 -33.0549 -71.6083
528 -33.0566 -71.608
300 -33.0563 -71.608
474 -33.0561 -71.6079
808 -33.056 -71.6079
925 -33.0554 -71.6079
419 -33.0554 -71.6079
63 -33.0554 -71.6079
677 -33.056 -71.6079
281 -33.0557 -71.6078
291 -33.056 -71.6076
441 -33.0566 -71.6045
331 -33.0556 -71.6078
491 -33.0555 -71.6079
870 -33.0555 -71.6044
147 -33.0556 -71.6044
768 -33.0554 -71.6048
606 -33.0552 -71.6081
112 -33.0553 -71.608
159 -33.0553 -71.608
876 -33.0552 -71.6081
672 -33.0549 -71.6083
903 -33.0551 -71.6082
525 -33.0551 -71.6081
886 -33.0554 -71.608
280 -33.0554 -71.608
924 -33.0543 -71.6046
90 -33.0547 -71.6046
221 -33.054 -71.6047
98 -33.0538 -71.6079
196 -33.054 -71.6059
857 -33.0534 -71.6085
46 -33.0534 -71.6085
282 -33.0534 -71.6085
833 -33.0533 -71.6085
422 -33.0533 -71.6085
472 -33.0533 -71.6084
478 -33.0533 -71.6084
138 -33.0533 -71.6084
555 -33.0533 -71.6084
944 -33.0532 -71.6084
219 -33.0531 -71.6084
918 -33.0531 -71.6084
980 -33.0531 -71.6084
723 -33.0531 -71.6084
878 -33.053 -71.6083
662 -33.053 -71.6083
489 -33.053 -71.6083
421 -33.0522 -71.6083
954 -33.0529 -71.6083
769 -33.0529 -71.6083
32 -33.0521 -71.6085
626 -33.0521 -71.6085
593 -33.0521 -71.6085
923 -33.0521 -71.6085
378 -33.0529 -71.6083
458 -33.0528 -71.6083
715 -33.0528 -71.6083
825 -33.0528 -71.6083
753 -33.0528 -71.6083
984 -33.0527 -71.6082
664 -33.0527 -71.6082
470 -33.0527 -71.6082
156 -33.0527 -71.6082
540 -33.0527 -71.6082
62 -33.0526 -71.6082
73 -33.0526 -71.6082
503 -33.0526 -71.6082
843 -33.0526 -71.6082
350 -33.0526 -71.6082
261 -33.0524 -71.6081
622 -33.0524 -71.6081
937 -33.0525 -71.6069
78 -33.0531 -71.6047
557 -33.0524 -71.6081
381 -33.0524 -71.6081
94 -33.0523 -71.6081
532 -33.0523 -71.6081
110 -33.0523 -71.6081
746 -33.0522 -71.6081
595 -33.0522 -71.6077
706 -33.0522 -71.6076
227 -33.0522 -71.6082
183 -33.0519 -71.6081
690 -33.052 -71.6076
256 -33.0522 -71.6075
502 -33.052 -71.607
181 -33.052 -71.6068
169 -33.0521 -71.6048
620 -33.0521 -71.6048
752 -33.052 -71.6068
966 -33.052 -71.6068
815 -33.0519 -71.6065
295 -33.0518 -71.612
197 -33.0516 -71.612
909 -33.0516 -71.612
916 -33.0515 -71.612
577 -33.0512 -71.6119
272 -33.0512 -71.6121
415 -33.0512 -71.612
252 -33.0512 -71.6119
789 -33.0512 -71.6119
299 -33.0517 -71.6118
347 -33.0515 -71.6114
742 -33.0514 -71.6114
387 -33.0512 -71.6119
23 -33.0512 -71.6119
268 -33.0511 -71.6119
745 -33.0512 -71.6119
310 -33.0511 -71.6123
649 -33.0511 -71.6125
998 -33.0511 -71.6124
160 -33.0511 -71.6124
905 -33.051 -71.6114
41 -33.05 -71.6115
6 -33.05 -71.6113
289 -33.05 -71.6113
184 -33.05 -71.6112
359 -33.05 -71.611
264 -33.0501 -71.6109
410 -33.0501 -71.6109
871 -33.05 -71.6111
567 -33.05 -71.6112
921 -33.05 -71.6111
667 -33.05 -71.6111
67 -33.0501 -71.6109
357 -33.0511 -71.61
229 -33.0512 -71.6099
319 -33.0512 -71.6099
997 -33.0511 -71.61
230 -33.0509 -71.6102
670 -33.0507 -71.6102
375 -33.051 -71.6101
199 -33.0512 -71.6099
284 -33.0514 -71.6097
349 -33.0515 -71.6096
669 -33.0515 -71.6096
882 -33.0514 -71.6097
321 -33.0512 -71.6099
294 -33.0513 -71.6098
736 -33.0513 -71.6098
371 -33.0506 -71.6102
247 -33.0501 -71.6106
691 -33.0501 -71.6106
720 -33.0501 -71.6106
887 -33.0501 -71.6107
682 -33.0501 -71.6109
875 -33.0501 -71.6109
554 -33.0501 -71.6107
806 -33.0501 -71.6106
731 -33.0502 -71.6103
813 -33.0504 -71.6102
257 -33.0505 -71.6102
397 -33.0501 -71.6104
245 -33.0501 -71.6105
267 -33.0501 -71.6105
959 -33.0499 -71.6116
507 -33.0499 -71.6121
609 -33.0499 -71.6119
689 -33.0499 -71.6118
953 -33.0498 -71.6121
443 -33.0498 -71.6124
426 -33.0498 -71.6124
570 -33.0498 -71.6123
893 -33.0499 -71.6116
616 -33.0499 -71.6113
552 -33.0498 -71.6113
965 -33.0497 -71.6112
445 -33.0496 -71.6112
104 -33.0495 -71.6112
490 -33.0494 -71.6112
37 -33.0493 -71.6112
135 -33.0492 -71.6112
974 -33.0489 -71.6123
777 -33.0491 -71.6114
338 -33.0482 -71.6113
766 -33.0481 -71.6117
54 -33.0461 -71.6124
317 -33.048 -71.612
526 -33.048 -71.6119
594 -33.0492 -71.6112
45 -33.0491 -71.6112
630 -33.049 -71.6112
584 -33.049 -71.6112
114 -33.0489 -71.6112
898 -33.0482 -71.6112
275 -33.0489 -71.6112
926 -33.0489 -71.6112
131 -33.0488 -71.6112
449 -33.0488 -71.6112
781 -33.0493 -71.6105
729 -33.0487 -71.6112
451 -33.0487 -71.6112
330 -33.0487 -71.6112
969 -33.0484 -71.6111
650 -33.049 -71.6099
121 -33.049 -71.6099
28 -33.0488 -71.6098
47 -33.0487 -71.6098
995 -33.0486 -71.6098
39 -33.0485 -71.6098
344 -33.0483 -71.6098
663 -33.0481 -71.6098
928 -33.048 -71.6098
824 -33.048 -71.6098
459 -33.0479 -71.6098
3 -33.0479 -71.6098
33 -33.0478 -71.6111
985 -33.0467 -71.6098
695 -33.0468 -71.6098
814 -33.0478 -71.6098
702 -33.0478 -71.6098
486 -33.0477 -71.6098
249 -33.0476 -71.6098
798 -33.0476 -71.6098
288 -33.0475 -71.6098
865 -33.0475 -71.6098
4 -33.0474 -71.6098
861 -33.0516 -71.6095
236 -33.0517 -71.6094
741 -33.0517 -71.6094
885 -33.0518 -71.6094
182 -33.0516 -71.6095
404 -33.0516 -71.6095
856 -33.0516 -71.6095
832 -33.0516 -71.6095
704 -33.0518 -71.6093
600 -33.0518 -71.6091
204 -33.0517 -71.609
211 -33.0516 -71.609
343 -33.0516 -71.6089
863 -33.0516 -71.6089
324 -33.0515 -71.6088
734 -33.0514 -71.6087
821 -33.0513 -71.6087
771 -33.0512 -71.6086
607 -33.0511 -71.6086
498 -33.051 -71.6086
235 -33.051 -71.6086
707 -33.0508 -71.6092
68 -33.0509 -71.6085
417 -33.0509 -71.6085
125 -33.0508 -71.6085
406 -33.0508 -71.6085
233 -33.0508 -71.6085
437 -33.0507 -71.6085
738 -33.0507 -71.6085
845 -33.0507 -71.6085
243 -33.0507 -71.6085
82 -33.0507 -71.6085
16 -33.0506 -71.6085
468 -33.0517 -71.6082
328 -33.0517 -71.6082
952 -33.0518 -71.6081
126 -33.0516 -71.6082
714 -33.0515 -71.6083
136 -33.0515 -71.6082
836 -33.0516 -71.6082
471 -33.0516 -71.6075
382 -33.0518 -71.6063
770 -33.0518 -71.6063
673 -33.0518 -71.6063
293 -33.0517 -71.6051
369 -33.0514 -71.6075
788 -33.0516 -71.606
99 -33.0515 -71.6052
951 -33.0514 -71.6083
990 -33.0512 -71.6084
757 -33.0513 -71.6084
785 -33.0513 -71.6084
653 -33.0512 -71.6085
306 -33.0507 -71.6085
71 -33.0507 -71.6085
172 -33.0506 -71.6085
460 -33.0514 -71.6075
56 -33.0514 -71.6075
624 -33.0511 -71.6074
365 -33.0511 -71.6074
957 -33.0511 -71.6059
325 -33.0509 -71.6074
244 -33.0511 -71.6058
564 -33.0505 -71.6056
8 -33.0504 -71.6092
395 -33.0504 -71.6089
185 -33.0505 -71.6085
623 -33.0501 -71.6091
776 -33.0496 -71.6093
193 -33.0496 -71.6092
215 -33.05 -71.6091
544 -33.0502 -71.6085
562 -33.0501 -71.6084
91 -33.05 -71.6084
625 -33.05 -71.6084
534 -33.05 -71.6084
658 -33.0499 -71.6084
203 -33.0497 -71.6084
867 -33.0496 -71.6084
791 -33.0493 -71.6083
566 -33.0492 -71.6083
536 -33.049 -71.6083
429 -33.049 -71.6083
270 -33.049 -71.6083
161 -33.0489 -71.6083
906 -33.0488 -71.6083
508 -33.0487 -71.6083
914 -33.0486 -71.6083
617 -33.0485 -71.6082
717 -33.0483 -71.6082
188 -33.0479 -71.6082
59 -33.0479 -71.6082
380 -33.0479 -71.6082
568 -33.0478 -71.6082
618 -33.0476 -71.6082
287 -33.0504 -71.6073
103 -33.0503 -71.6073
993 -33.0503 -71.6073
975 -33.05 -71.6072
232 -33.0498 -71.6072
339 -33.0498 -71.6071
149 -33.0497 -71.6065
358 -33.0504 -71.6056
65 -33.0503 -71.6056
122 -33.0503 -71.6056
1 -33.0503 -71.6048
388 -33.0501 -71.6055
628 -33.0499 -71.6055
913 -33.0498 -71.6054
30 -33.0497 -71.6045
839 -33.0496 -71.6071
989 -33.0493 -71.607
895 -33.0493 -71.607
308 -33.0493 -71.607
21 -33.0491 -71.607
346 -33.0474 -71.6082
559 -33.0469 -71.6081
162 -33.0467 -71.6081
194 -33.0491 -71.607
492 -33.0494 -71.6053
896 -33.0493 -71.6052
826 -33.0496 -71.6044
800 -33.0492 -71.6052
514 -33.0489 -71.6048
533 -33.0464 -71.6046
