315 -33.0531 -71.6246
327 -33.0532 -71.6246
678 -33.0533 -71.6246
38 -33.053 -71.6246
226 -33.0529 -71.6246
796 -33.0528 -71.6246
5 -33.0528 -71.6246
253 -33.0538 -71.6245
266 -33.0538 -71.6245
880 -33.0543 -71.6243
177 -33.054 -71.6242
930 -33.0538 -71.6245
487 -33.0536 -71.624
260 -33.0535 -71.624
500 -33.0532 -71.6238
647 -33.0528 -71.6246
115 -33.0527 -71.6246
497 -33.0527 -71.6246
142 -33.0526 -71.6245
85 -33.0526 -71.6245
829 -33.0516 -71.6252
883 -33.0519 -71.6248
109 -33.0519 -71.6247
66 -33.0525 -71.6245
550 -33.0525 -71.6245
176 -33.0524 -71.6244
940 -33.0523 -71.6244
961 -33.0521 -71.6244
217 -33.052 -71.6245
479 -33.052 -71.6244
697 -33.0519 -71.6243
703 -33.053 -71.6237
377 -33.0541 -71.6226
210 -33.0541 -71.6226
179 -33.0536 -71.6224
646 -33.0534 -71.6188
890 -33.0529 -71.6237
313 -33.0523 -71.6235
57 -33.0532 -71.6188
668 -33.0532 -71.6188
413 -33.0528 -71.6187
765 -33.0527 -71.6187
189 -33.0525 -71.6186
963 -33.0525 -71.6186
367 -33.0525 -71.6186
582 -33.0524 -71.6186
978 -33.0523 -71.6186
341 -33.0522 -71.62
53 -33.0522 -71.6235
761 -33.0522 -71.62
838 -33.0521 -71.62
973 -33.0521 -71.62
775 -33.0519 -71.6199
713 -33.0519 -71.6199
547 -33.0517 -71.6199
355 -33.052 -71.6198
456 -33.052 -71.6197
919 -33.0519 -71.6196
407 -33.0521 -71.6185
216 -33.0518 -71.6194
587 -33.0517 -71.6193
373 -33.0516 -71.6192
786 -33.0515 -71.6252
598 -33.0513 -71.6253
101 -33.0515 -71.6252
979 -33.0512 -71.6243
589 -33.0509 -71.6243
987 -33.0509 -71.6251
92 -33.0509 -71.6251
25 -33.0505 -71.6242
34 -33.0506 -71.6238
732 -33.051 -71.6233
116 -33.0515 -71.621
399 -33.0515 -71.621
493 -33.0508 -71.6236
935 -33.0507 -71.6237
716 -33.0505 -71.6224
440 -33.0505 -71.6217
283 -33.0505 -71.6217
633 -33.0503 -71.6242
447 -33.0504 -71.6241
694 -33.0505 -71.6223
409 -33.0503 -71.6252
849 -33.0495 -71.6253
629 -33.0497 -71.6252
710 -33.0503 -71.6242
799 -33.0504 -71.6221
901 -33.0504 -71.622
412 -33.0493 -71.6214
597 -33.0493 -71.6211
144 -33.0493 -71.621
999 -33.0492 -71.622
859 -33.0492 -71.6218
111 -33.0493 -71.6209
852 -33.0493 -71.6208
432 -33.05 -71.6203
302 -33.0499 -71.6203
637 -33.0496 -71.62
262 -33.0496 -71.62
340 -33.0496 -71.6199
831 -33.0496 -71.6198
448 -33.0496 -71.6198
69 -33.0514 -71.619
542 -33.0512 -71.6188
301 -33.0512 -71.6188
816 -33.0512 -71.6185
134 -33.0512 -71.6186
844 -33.0497 -71.6186
198 -33.0496 -71.6186
434 -33.0497 -71.6186
687 -33.0496 -71.6197
77 -33.0494 -71.6201
680 -33.0495 -71.6196
234 -33.0495 -71.6195
250 -33.0493 -71.6205
163 -33.0493 -71.6208
17 -33.0493 -71.6205
632 -33.0493 -71.6204
323 -33.0494 -71.6193
956 -33.0494 -71.6193
401 -33.0494 -71.6192
891 -33.0495 -71.6188
166 -33.0494 -71.6193
425 -33.0494 -71.6189
74 -33.0494 -71.6186
76 -33.0494 -71.6185
774 -33.054 -71.6184
560 -33.0541 -71.6184
475 -33.0541 -71.617
869 -33.0535 -71.6185
464 -33.0526 -71.6158
640 -33.0526 -71.6158
950 -33.0526 -71.6158
608 -33.0525 -71.6157
118 -33.0542 -71.6156
872 -33.0541 -71.6156
945 -33.0541 -71.6156
976 -33.0541 -71.6156
20 -33.0525 -71.6157
286 -33.0523 -71.6156
842 -33.0529 -71.6156
537 -33.052 -71.6185
408 -33.0518 -71.6184
370 -33.0517 -71.6184
255 -33.0516 -71.6184
549 -33.0514 -71.6184
42 -33.0507 -71.6184
881 -33.0512 -71.6184
361 -33.0507 -71.6184
376 -33.0512 -71.6184
743 -33.0515 -71.6162
389 -33.0515 -71.6162
279 -33.0505 -71.6156
602 -33.0505 -71.6157
693 -33.0504 -71.6158
520 -33.0504 -71.6158
107 -33.0504 -71.6158
123 -33.0505 -71.6156
482 -33.054 -71.6156
991 -33.0539 -71.6156
297 -33.0533 -71.6155
561 -33.0531 -71.6155
60 -33.0523 -71.6156
879 -33.0523 -71.6156
818 -33.0523 -71.6156
483 -33.0529 -71.6154
531 -33.0528 -71.6153
948 -33.0542 -71.6146
994 -33.0532 -71.614
501 -33.0527 -71.6153
124 -33.0527 -71.6152
943 -33.052 -71.6148
936 -33.052 -71.6148
686 -33.052 -71.6132
18 -33.0515 -71.6156
822 -33.0512 -71.6156
450 -33.0512 -71.6156
476 -33.0508 -71.6155
955 -33.0505 -71.6156
251 -33.0507 -71.6155
726 -33.0505 -71.6155
356 -33.0519 -71.615
931 -33.052 -71.6149
578 -33.0519 -71.6133
507 -33.0519 -71.6132
299 -33.0518 -71.6137
268 -33.0514 -71.6142
792 -33.0517 -71.6138
269 -33.0503 -71.6158
698 -33.0502 -71.6178
754 -33.0502 -71.6178
455 -33.0501 -71.6178
760 -33.0501 -71.6184
804 -33.0492 -71.6183
86 -33.0492 -71.6183
809 -33.0498 -71.6177
803 -33.0495 -71.6177
290 -33.0494 -71.6163
819 -33.0495 -71.6163
488 -33.0495 -71.6163
95 -33.0491 -71.6162
730 -33.049 -71.6167
246 -33.049 -71.6166
841 -33.0491 -71.6165
524 -33.0489 -71.6169
656 -33.0488 -71.6179
767 -33.0488 -71.6175
992 -33.0488 -71.6175
812 -33.0487 -71.6175
258 -33.0487 -71.6177
180 -33.0487 -71.6176
466 -33.0487 -71.6176
428 -33.0488 -71.6175
292 -33.0488 -71.6172
750 -33.0489 -71.6172
379 -33.0489 -71.6171
254 -33.0488 -71.6173
539 -33.0488 -71.6174
164 -33.0488 -71.6174
684 -33.0491 -71.6161
442 -33.05 -71.6157
146 -33.05 -71.6157
580 -33.0499 -71.6157
271 -33.0499 -71.6157
641 -33.0496 -71.616
150 -33.0497 -71.616
6 -33.0494 -71.6147
184 -33.0494 -71.6145
554 -33.0495 -71.6141
887 -33.0495 -71.614
415 -33.0496 -71.6136
682 -33.0495 -71.6143
871 -33.0494 -71.6145
921 -33.0494 -71.6145
141 -33.0494 -71.6144
433 -33.0494 -71.6148
443 -33.0492 -71.6157
426 -33.0492 -71.6157
570 -33.0492 -71.6156
699 -33.0492 -71.6159
352 -33.0492 -71.616
543 -33.0492 -71.6159
396 -33.0492 -71.6159
953 -33.0492 -71.6155
391 -33.0493 -71.615
959 -33.0493 -71.6149
41 -33.0493 -71.6149
893 -33.0493 -71.615
609 -33.0493 -71.6153
689 -33.0493 -71.6152
864 -33.0487 -71.6177
605 -33.0474 -71.6227
889 -33.0474 -71.6223
206 -33.0484 -71.6216
983 -33.0474 -71.622
453 -33.0473 -71.6219
318 -33.0473 -71.6218
263 -33.0473 -71.6217
213 -33.048 -71.6213
191 -33.0473 -71.621
612 -33.0474 -71.6207
884 -33.0474 -71.6206
586 -33.0473 -71.621
631 -33.0472 -71.6212
854 -33.0473 -71.6212
834 -33.0473 -71.6211
130 -33.0472 -71.6217
383 -33.0472 -71.6228
897 -33.0472 -71.6217
529 -33.0472 -71.6215
36 -33.0472 -71.6215
511 -33.0465 -71.6229
708 -33.0467 -71.6229
900 -33.0472 -71.6215
394 -33.0472 -71.6214
868 -33.0472 -71.6214
692 -33.0472 -71.6214
660 -33.0472 -71.6213
435 -33.0465 -71.6207
573 -33.0464 -71.6209
862 -33.0465 -71.6207
941 -33.0465 -71.6207
688 -33.0475 -71.6205
462 -33.0475 -71.6205
106 -33.0474 -71.6203
374 -33.0481 -71.6203
574 -33.0474 -71.6203
850 -33.0473 -71.6202
572 -33.0471 -71.6202
13 -33.0471 -71.6202
780 -33.0479 -71.6201
830 -33.0477 -71.6198
337 -33.0478 -71.6197
701 -33.0478 -71.6197
496 -33.0477 -71.6199
195 -33.0476 -71.6201
0 -33.0477 -71.6199
504 -33.0477 -71.6198
273 -33.047 -71.6201
855 -33.0466 -71.6204
712 -33.0466 -71.6203
778 -33.0466 -71.6202
314 -33.0466 -71.6204
84 -33.0466 -71.6204
165 -33.0465 -71.6203
50 -33.0464 -71.6203
436 -33.0466 -71.6202
174 -33.0469 -71.6201
904 -33.0469 -71.6201
851 -33.0468 -71.6196
218 -33.0467 -71.62
541 -33.0466 -71.6202
519 -33.0467 -71.62
239 -33.0464 -71.6203
820 -33.0462 -71.6246
139 -33.0462 -71.6246
205 -33.0462 -71.6246
938 -33.0461 -71.6246
802 -33.0461 -71.6245
322 -33.0461 -71.6245
277 -33.0461 -71.6245
696 -33.046 -71.6244
735 -33.0461 -71.6243
939 -33.0459 -71.6232
9 -33.046 -71.6232
516 -33.0459 -71.6243
222 -33.0458 -71.6243
911 -33.0459 -71.6234
484 -33.0459 -71.6233
583 -33.0458 -71.6235
360 -33.0458 -71.6241
718 -33.0457 -71.6241
80 -33.0457 -71.6239
982 -33.0445 -71.6239
220 -33.0442 -71.6241
784 -33.0442 -71.6241
988 -33.0444 -71.624
485 -33.0457 -71.6238
764 -33.0458 -71.6236
509 -33.0458 -71.6236
427 -33.0452 -71.6231
827 -33.0452 -71.6231
88 -33.0448 -71.6237
643 -33.045 -71.6234
755 -33.046 -71.623
722 -33.0462 -71.6229
152 -33.0464 -71.6229
530 -33.0464 -71.6229
81 -33.0462 -71.6215
794 -33.0461 -71.6217
933 -33.0461 -71.6216
348 -33.0461 -71.6215
639 -33.0462 -71.6214
113 -33.0463 -71.6213
170 -33.0463 -71.6211
10 -33.0463 -71.6203
949 -33.0462 -71.6203
853 -33.0461 -71.6202
416 -33.0461 -71.6202
140 -33.0461 -71.6202
48 -33.0461 -71.6217
55 -33.0461 -71.623
793 -33.0457 -71.6223
972 -33.0457 -71.6222
610 -33.0455 -71.6225
644 -33.0452 -71.6229
724 -33.0454 -71.6227
968 -33.0455 -71.6225
635 -33.0457 -71.6222
157 -33.046 -71.6218
553 -33.046 -71.6218
333 -33.0459 -71.6201
155 -33.0457 -71.6202
763 -33.0457 -71.6205
604 -33.0457 -71.6203
515 -33.0468 -71.6195
709 -33.0483 -71.6187
522 -33.0483 -71.6187
207 -33.0483 -71.6187
548 -33.0483 -71.6188
654 -33.0483 -71.6189
27 -33.0483 -71.6189
278 -33.0483 -71.6188
665 -33.0483 -71.6187
495 -33.0486 -71.6181
787 -33.0486 -71.6179
721 -33.0487 -71.6178
329 -33.0486 -71.6181
431 -33.0484 -71.6187
518 -33.0484 -71.6185
565 -33.0484 -71.6185
93 -33.0482 -71.6189
783 -33.048 -71.6193
828 -33.048 -71.6193
430 -33.0481 -71.6192
481 -33.048 -71.6193
457 -33.048 -71.6194
614 -33.048 -71.6194
727 -33.048 -71.6194
363 -33.0481 -71.6191
240 -33.0482 -71.619
64 -33.0482 -71.619
860 -33.0479 -71.6174
320 -33.0477 -71.6173
685 -33.0475 -71.6174
795 -33.0476 -71.6172
947 -33.0476 -71.6172
596 -33.0476 -71.6172
546 -33.0486 -71.6164
117 -33.0484 -71.6164
892 -33.0481 -71.6163
439 -33.0479 -71.6163
805 -33.0478 -71.6165
465 -33.0478 -71.6164
932 -33.0479 -71.6163
908 -33.0479 -71.6163
777 -33.0483 -71.6147
801 -33.0483 -71.6147
445 -33.0485 -71.614
974 -33.048 -71.6157
545 -33.0479 -71.6163
817 -33.0479 -71.6161
336 -33.048 -71.6157
58 -33.0477 -71.6168
894 -33.0477 -71.6169
638 -33.0477 -71.6169
651 -33.0477 -71.6168
342 -33.0477 -71.617
920 -33.0476 -71.6171
779 -33.0476 -71.6171
719 -33.0476 -71.6171
946 -33.0477 -71.6162
661 -33.0475 -71.6135
594 -33.0475 -71.6134
837 -33.0476 -71.6132
114 -33.0475 -71.6136
372 -33.0475 -71.6136
630 -33.0474 -71.6134
444 -33.0474 -71.6177
418 -33.0471 -71.6186
231 -33.0472 -71.6186
807 -33.0472 -71.6184
971 -33.0471 -71.6186
728 -33.047 -71.6189
304 -33.047 -71.6189
44 -33.0471 -71.6188
178 -33.0473 -71.6182
345 -33.0474 -71.6179
683 -33.0474 -71.6179
847 -33.0474 -71.6179
153 -33.0473 -71.6181
756 -33.0471 -71.6171
899 -33.0471 -71.6171
666 -33.0473 -71.6162
393 -33.047 -71.6171
31 -33.0469 -71.6194
648 -33.047 -71.6191
538 -33.047 -71.6191
128 -33.0468 -71.6171
364 -33.0466 -71.6194
652 -33.0466 -71.6194
960 -33.0464 -71.6193
119 -33.0464 -71.617
823 -33.0464 -71.617
148 -33.0467 -71.6161
385 -33.0465 -71.6161
758 -33.0463 -71.617
590 -33.0463 -71.617
248 -33.0463 -71.617
133 -33.0464 -71.616
835 -33.0472 -71.6141
655 -33.0473 -71.6139
729 -33.0473 -71.6139
942 -33.0472 -71.6143
338 -33.0471 -71.6145
392 -33.0471 -71.6144
201 -33.0472 -71.6143
451 -33.0473 -71.6139
131 -33.0474 -71.6138
926 -33.0474 -71.6137
725 -33.0474 -71.6134
584 -33.0474 -71.6134
599 -33.0474 -71.6138
877 -33.0473 -71.6134
330 -33.0471 -71.6133
317 -33.0471 -71.6152
96 -33.047 -71.616
766 -33.047 -71.6148
526 -33.0468 -71.6147
588 -33.0464 -71.6147
75 -33.0459 -71.616
634 -33.0458 -71.616
312 -33.0462 -71.6147
241 -33.0461 -71.6147
517 -33.0469 -71.6133
744 -33.0469 -71.6133
969 -33.0468 -71.6133
898 -33.0467 -71.6132
739 -33.0466 -71.6132
902 -33.0465 -71.6132
67 -33.0487 -71.6132
19 -33.053 -71.6121
790 -33.0528 -71.6121
326 -33.0528 -71.6121
420 -33.0525 -71.6121
414 -33.0525 -71.6121
576 -33.0524 -71.6121
521 -33.0524 -71.6121
43 -33.0524 -71.6121
810 -33.0532 -71.6115
132 -33.0533 -71.6115
592 -33.0534 -71.6114
772 -33.0532 -71.6115
747 -33.0523 -71.612
463 -33.0521 -71.6117
72 -33.0523 -71.6117
917 -33.0519 -71.612
910 -33.0517 -71.6131
242 -33.0515 -71.6131
127 -33.0516 -71.6131
737 -33.0514 -71.6131
2 -33.0513 -71.6131
276 -33.0512 -71.6131
192 -33.0511 -71.6124
238 -33.0512 -71.6121
523 -33.0515 -71.612
305 -33.0514 -71.6116
962 -33.0515 -71.6114
866 -33.0513 -71.6119
298 -33.0512 -71.6119
874 -33.0512 -71.6119
569 -33.0512 -71.6119
922 -33.0536 -71.6114
83 -33.0538 -71.6113
873 -33.0539 -71.6112
970 -33.0537 -71.6109
98 -33.0537 -71.6108
354 -33.0536 -71.6111
579 -33.0532 -71.6109
368 -33.053 -71.6108
467 -33.0528 -71.6105
619 -33.0526 -71.6103
259 -33.0526 -71.6102
237 -33.0525 -71.61
154 -33.0524 -71.61
967 -33.0524 -71.61
384 -33.0522 -71.6096
591 -33.0522 -71.6096
563 -33.0522 -71.6095
422 -33.0513 -71.6098
773 -33.0514 -71.6097
35 -33.0514 -71.6097
472 -33.0513 -71.6098
219 -33.0511 -71.61
944 -33.0512 -71.6099
555 -33.0513 -71.6098
857 -33.0514 -71.6097
209 -33.0521 -71.6094
636 -33.0521 -71.6094
366 -33.052 -71.6093
307 -33.052 -71.6093
46 -33.0514 -71.6097
225 -33.0516 -71.6095
505 -33.0511 -71.6125
120 -33.0511 -71.6131
811 -33.0511 -71.613
675 -33.0511 -71.613
390 -33.0511 -71.6131
958 -33.0511 -71.6131
187 -33.0509 -71.6131
480 -33.0504 -71.613
762 -33.0503 -71.613
556 -33.0511 -71.613
782 -33.0511 -71.6129
26 -33.0511 -71.6124
51 -33.0511 -71.6129
642 -33.0511 -71.613
14 -33.0502 -71.613
733 -33.0508 -71.6113
351 -33.0501 -71.613
97 -33.05 -71.613
295 -33.0499 -71.6129
321 -33.0498 -71.6122
199 -33.0498 -71.6122
375 -33.0498 -71.6125
229 -33.0498 -71.6123
319 -33.0498 -71.6123
284 -33.0499 -71.612
856 -33.0499 -71.6116
145 -33.0499 -71.6116
704 -33.05 -71.6114
669 -33.0499 -71.6118
882 -33.0499 -71.6119
349 -33.0499 -71.6119
173 -33.0507 -71.6113
378 -33.0509 -71.6102
825 -33.0508 -71.6102
674 -33.0508 -71.6102
571 -33.0504 -71.6113
214 -33.0503 -71.6113
923 -33.0501 -71.6104
32 -33.0502 -71.6104
470 -33.0507 -71.6102
954 -33.051 -71.6101
769 -33.051 -71.6101
662 -33.051 -71.6101
622 -33.0505 -71.6102
746 -33.0503 -71.6102
94 -33.0504 -71.6102
110 -33.0503 -71.6102
626 -33.0501 -71.6105
29 -33.0501 -71.6113
15 -33.05 -71.6113
981 -33.05 -71.6111
398 -33.05 -71.6112
671 -33.05 -71.6113
741 -33.0498 -71.6113
236 -33.0498 -71.6113
167 -33.05 -71.611
316 -33.0501 -71.6107
137 -33.0501 -71.6107
840 -33.0501 -71.6105
158 -33.0501 -71.6107
846 -33.0501 -71.6107
603 -33.0499 -71.61
751 -33.052 -71.6093
300 -33.0536 -71.6085
748 -33.0535 -71.6085
528 -33.0539 -71.6085
474 -33.0534 -71.6085
291 -33.0533 -71.6085
677 -33.0533 -71.6084
808 -33.0532 -71.6084
281 -33.053 -71.6084
331 -33.0529 -71.6083
419 -33.0527 -71.6082
491 -33.0528 -71.6082
63 -33.0527 -71.6082
280 -33.0527 -71.6082
925 -33.0526 -71.6082
886 -33.0526 -71.6082
159 -33.0526 -71.6082
627 -33.052 -71.6093
175 -33.052 -71.609
469 -33.052 -71.6088
513 -33.052 -71.609
52 -33.0519 -71.6092
402 -33.0519 -71.6092
400 -33.052 -71.6091
679 -33.0522 -71.6083
112 -33.0526 -71.6082
606 -33.0525 -71.6082
876 -33.0524 -71.6081
525 -33.0524 -71.6081
903 -33.0523 -71.6081
672 -33.0521 -71.6081
977 -33.052 -71.608
454 -33.0519 -71.608
581 -33.0522 -71.6079
303 -33.0522 -71.6079
311 -33.0522 -71.6079
196 -33.0522 -71.6079
332 -33.0522 -71.6076
558 -33.0522 -71.6075
79 -33.0522 -71.6074
499 -33.0522 -71.6074
768 -33.053 -71.6065
441 -33.0537 -71.6048
147 -33.0527 -71.6048
870 -33.0526 -71.6048
40 -33.0522 -71.6073
506 -33.0522 -71.6073
129 -33.0522 -71.6073
461 -33.0521 -71.6071
934 -33.0521 -71.6076
527 -33.0521 -71.6071
335 -33.0521 -71.607
929 -33.0521 -71.607
362 -33.052 -71.608
510 -33.0519 -71.6076
11 -33.0519 -71.6076
657 -33.052 -71.6069
411 -33.052 -71.6069
223 -33.052 -71.6069
700 -33.052 -71.6068
473 -33.052 -71.6068
285 -33.052 -71.6068
212 -33.0519 -71.6067
705 -33.0519 -71.6066
452 -33.0518 -71.6091
61 -33.0516 -71.6089
12 -33.0515 -71.6088
927 -33.0514 -71.6087
190 -33.0512 -71.6087
274 -33.0513 -71.6087
676 -33.051 -71.6086
424 -33.051 -71.6086
797 -33.0513 -71.608
848 -33.0513 -71.6079
296 -33.0518 -71.6076
512 -33.0513 -71.6082
535 -33.0512 -71.6084
912 -33.0513 -71.6084
613 -33.0513 -71.6084
888 -33.0509 -71.6085
723 -33.0505 -71.6087
937 -33.0505 -71.6087
740 -33.0508 -71.6085
984 -33.0504 -71.6091
843 -33.0503 -71.6092
503 -33.0503 -71.6092
261 -33.0501 -71.6092
282 -33.0507 -71.6085
7 -33.0507 -71.6085
833 -33.0506 -71.6085
478 -33.0505 -71.6085
49 -33.0501 -71.6084
715 -33.0501 -71.6084
256 -33.0497 -71.6084
438 -33.0511 -71.6074
858 -33.0518 -71.6064
645 -33.0518 -71.6064
168 -33.0518 -71.6064
477 -33.0518 -71.6068
551 -33.0518 -71.6063
918 -33.0515 -71.606
878 -33.0514 -71.6059
980 -33.0516 -71.6058
221 -33.0515 -71.6052
924 -33.0517 -71.605
90 -33.0518 -71.6047
489 -33.0515 -71.6058
540 -33.0514 -71.6055
156 -33.0514 -71.6055
73 -33.0513 -71.6053
458 -33.0512 -71.6059
138 -33.0508 -71.6074
664 -33.0511 -71.6058
593 -33.051 -71.6058
228 -33.0503 -71.6073
753 -33.0503 -71.6073
62 -33.0501 -71.6072
350 -33.0501 -71.6072
78 -33.051 -71.6058
421 -33.0508 -71.6058
227 -33.0508 -71.6057
557 -33.0512 -71.6052
532 -33.0507 -71.6057
381 -33.0507 -71.6057
706 -33.0506 -71.605
169 -33.0497 -71.6045
257 -33.0497 -71.6131
197 -33.0497 -71.6129
405 -33.0497 -71.6129
105 -33.0496 -71.6129
907 -33.0496 -71.6129
916 -33.0495 -71.6129
577 -33.0493 -71.6129
387 -33.0493 -71.6129
252 -33.0493 -71.6129
745 -33.0492 -71.6129
23 -33.0492 -71.6129
446 -33.0491 -71.6129
272 -33.0491 -71.6129
423 -33.0489 -71.6129
403 -33.0489 -71.6129
310 -33.0488 -71.6129
649 -33.0487 -71.6129
160 -33.0488 -71.6129
998 -33.0488 -71.6129
143 -33.0486 -71.6129
386 -33.0486 -71.6129
986 -33.0484 -71.6129
309 -33.0482 -71.6128
171 -33.0481 -71.6128
151 -33.0481 -71.6128
267 -33.0488 -71.6128
731 -33.0488 -71.6126
247 -33.0481 -71.6118
759 -33.048 -71.6128
410 -33.048 -71.6121
806 -33.0481 -71.6118
691 -33.0481 -71.6118
832 -33.0497 -71.6113
182 -33.0497 -71.6113
909 -33.0497 -71.6112
404 -33.0497 -71.6113
789 -33.0493 -71.6112
294 -33.0493 -71.6112
736 -33.0493 -71.6112
357 -33.0491 -71.6112
22 -33.0496 -71.61
681 -33.0496 -71.6099
575 -33.0496 -71.6099
757 -33.0494 -71.6099
653 -33.0493 -71.6099
990 -33.0492 -71.6099
885 -33.0491 -71.6099
997 -33.0489 -71.6112
230 -33.0488 -71.6112
347 -33.0487 -71.6112
670 -33.0486 -71.6111
742 -33.0485 -71.6111
245 -33.0481 -71.6117
776 -33.0481 -71.6116
813 -33.0483 -71.6112
371 -33.0484 -71.6111
861 -33.0488 -71.6099
845 -33.0488 -71.6098
243 -33.0487 -71.6098
16 -33.0487 -71.6098
905 -33.0481 -71.6111
172 -33.0487 -71.6098
102 -33.048 -71.6128
208 -33.0478 -71.6129
711 -33.0479 -71.6128
108 -33.0479 -71.6128
202 -33.0477 -71.613
334 -33.0476 -71.6131
104 -33.0476 -71.6131
615 -33.0477 -71.613
611 -33.0478 -71.6128
616 -33.0478 -71.6126
567 -33.0479 -71.6124
359 -33.0479 -71.6122
781 -33.0478 -71.6127
200 -33.0478 -71.6128
965 -33.0478 -71.6127
552 -33.0478 -71.6127
70 -33.0475 -71.6127
490 -33.0474 -71.6127
87 -33.0472 -71.6127
37 -33.0473 -71.6127
45 -33.0471 -71.6127
915 -33.0464 -71.6132
996 -33.0461 -71.6131
749 -33.0461 -71.6131
135 -33.0472 -71.6127
265 -33.047 -71.6127
585 -33.0468 -71.6126
100 -33.0462 -71.6124
621 -33.0459 -71.6123
186 -33.0456 -71.6122
659 -33.0456 -71.6122
964 -33.0452 -71.6121
397 -33.0479 -71.6111
720 -33.0477 -71.6111
875 -33.0474 -71.611
264 -33.0473 -71.611
667 -33.0472 -71.611
289 -33.0471 -71.611
275 -33.046 -71.6108
449 -33.046 -71.6108
28 -33.0459 -71.6098
650 -33.0461 -71.6098
121 -33.0461 -71.6098
47 -33.0458 -71.6098
39 -33.0456 -71.6098
995 -33.0457 -71.6098
344 -33.0454 -71.6098
663 -33.0452 -71.6098
24 -33.0451 -71.6121
494 -33.0448 -71.612
33 -33.045 -71.6108
695 -33.0447 -71.6106
985 -33.0446 -71.611
353 -33.0446 -71.6106
54 -33.0446 -71.6103
4 -33.0447 -71.6101
486 -33.0447 -71.6098
249 -33.0447 -71.6098
702 -33.0449 -71.6098
865 -33.0447 -71.61
288 -33.0447 -71.61
798 -33.0447 -71.61
814 -33.0449 -71.6098
126 -33.0495 -71.6096
468 -33.0495 -71.6096
952 -33.0496 -71.6095
183 -33.0495 -71.6091
211 -33.0492 -71.6091
324 -33.049 -71.6091
785 -33.0489 -71.6091
601 -33.0497 -71.6084
224 -33.0497 -71.6084
595 -33.0496 -71.6084
89 -33.0495 -71.6084
600 -33.049 -71.6083
204 -33.0489 -71.6083
328 -33.0489 -71.6083
343 -33.0488 -71.6083
821 -33.0488 -71.6091
836 -33.0488 -71.6083
863 -33.0488 -71.6083
136 -33.0487 -71.6083
406 -33.0483 -71.6091
395 -33.0482 -71.6098
8 -33.048 -71.6098
707 -33.0479 -71.6091
714 -33.0487 -71.6083
951 -33.0486 -71.6083
734 -33.0486 -71.6082
607 -33.0482 -71.6082
771 -33.0482 -71.6082
235 -33.0481 -71.6082
68 -33.048 -71.6082
417 -33.048 -71.6082
125 -33.0479 -71.6082
502 -33.0497 -71.6054
752 -33.0496 -71.6054
181 -33.0496 -71.6053
966 -33.0495 -71.6053
690 -33.0492 -71.607
460 -33.0488 -71.6067
56 -33.0488 -71.6067
815 -33.0493 -71.6052
620 -33.0497 -71.6044
293 -33.0493 -71.6038
99 -33.0492 -71.6035
673 -33.0491 -71.6052
382 -33.0491 -71.6052
770 -33.0491 -71.6051
788 -33.0489 -71.6049
369 -33.0488 -71.6067
471 -33.0488 -71.6069
365 -33.0486 -71.6065
624 -33.0486 -71.6065
325 -33.0484 -71.6066
498 -33.0482 -71.608
233 -33.048 -71.6078
437 -33.048 -71.6077
957 -33.0486 -71.6065
244 -33.0486 -71.6043
564 -33.0482 -71.6038
122 -33.0482 -71.6035
358 -33.0481 -71.6039
1 -33.0479 -71.604
65 -33.0481 -71.6039
103 -33.0479 -71.6067
82 -33.0478 -71.6082
71 -33.0478 -71.6082
306 -33.0478 -71.6082
738 -33.0478 -71.6082
215 -33.0477 -71.6098
193 -33.0472 -71.6098
623 -33.0472 -71.609
544 -33.0473 -71.6082
185 -33.0478 -71.6075
91 -33.0474 -71.6074
658 -33.0474 -71.6074
534 -33.0474 -71.6074
562 -33.0471 -71.6082
625 -33.0471 -71.6082
867 -33.0467 -71.6081
566 -33.0463 -71.6081
429 -33.046 -71.6081
270 -33.046 -71.6081
161 -33.046 -71.6081
928 -33.0452 -71.6098
824 -33.0451 -71.6098
459 -33.045 -71.6098
3 -33.0449 -71.6098
914 -33.0458 -71.608
617 -33.0457 -71.608
59 -33.045 -71.608
717 -33.0456 -71.6078
380 -33.0449 -71.608
618 -33.0448 -71.608
162 -33.0442 -71.6076
188 -33.0456 -71.6072
203 -33.0474 -71.607
975 -33.0475 -71.6068
993 -33.0478 -71.6067
232 -33.0473 -71.6068
839 -33.0472 -71.6068
791 -33.0472 -71.6068
339 -33.0473 -71.6068
287 -33.0478 -71.6067
913 -33.0476 -71.6041
628 -33.0477 -71.6041
388 -33.0478 -71.604
30 -33.0475 -71.6038
536 -33.0473 -71.6063
826 -33.0473 -71.6042
492 -33.0474 -71.6038
896 -33.0471 -71.6043
906 -33.0467 -71.6069
989 -33.0467 -71.6069
308 -33.0468 -71.6069
508 -33.0466 -71.6069
568 -33.0456 -71.6072
21 -33.0466 -71.6069
194 -33.0466 -71.6069
895 -33.0468 -71.6069
149 -33.0469 -71.6069
514 -33.0468 -71.6041
800 -33.0471 -71.6039
346 -33.0456 -71.6067
559 -33.0455 -71.6062
533 -33.0437 -71.6056
