109 -33.0552 -71.6216
217 -33.0551 -71.6214
697 -33.0551 -71.6213
479 -33.0551 -71.6213
883 -33.0551 -71.6217
53 -33.0551 -71.6212
961 -33.0551 -71.6211
313 -33.0551 -71.621
978 -33.057 -71.6183
367 -33.0573 -71.6182
189 -33.0573 -71.6182
549 -33.0562 -71.6181
940 -33.055 -71.6208
301 -33.0553 -71.6179
69 -33.0551 -71.6179
176 -33.055 -71.6208
979 -33.0549 -71.622
66 -33.0549 -71.6206
550 -33.0549 -71.6206
142 -33.0548 -71.6205
829 -33.0548 -71.6221
85 -33.0548 -71.6205
497 -33.0548 -71.6204
809 -33.0548 -71.6184
373 -33.0549 -71.6182
754 -33.055 -71.6181
698 -33.055 -71.6181
455 -33.0549 -71.6183
760 -33.0548 -71.6184
216 -33.0549 -71.6184
587 -33.0549 -71.6184
361 -33.0552 -71.6178
475 -33.0587 -71.6171
407 -33.056 -71.6162
582 -33.0562 -71.616
537 -33.0558 -71.6164
255 -33.0557 -71.6167
370 -33.0557 -71.6165
408 -33.0557 -71.6165
822 -33.0562 -71.616
450 -33.0561 -71.616
963 -33.0562 -71.6159
127 -33.0562 -71.6159
389 -33.0559 -71.6159
743 -33.0558 -71.6159
476 -33.0557 -71.6159
251 -33.0556 -71.6159
376 -33.0556 -71.6172
816 -33.0555 -71.6172
881 -33.0556 -71.6172
955 -33.0555 -71.6159
134 -33.0555 -71.6173
542 -33.0552 -71.6178
42 -33.0553 -71.6178
726 -33.0554 -71.6159
279 -33.0554 -71.6158
123 -33.0553 -71.6158
602 -33.0552 -71.6158
107 -33.0552 -71.6158
693 -33.0551 -71.6158
520 -33.0551 -71.6158
269 -33.055 -71.6158
647 -33.0548 -71.6204
786 -33.0547 -71.6222
5 -33.0548 -71.6203
115 -33.0548 -71.6203
589 -33.0547 -71.6223
987 -33.0544 -71.6229
25 -33.0545 -71.6227
598 -33.0546 -71.6225
796 -33.0547 -71.6203
890 -33.0547 -71.6203
226 -33.0547 -71.6203
703 -33.0547 -71.6203
38 -33.0546 -71.6202
315 -33.0546 -71.6202
500 -33.0545 -71.6201
327 -33.0544 -71.6201
92 -33.0544 -71.6229
629 -33.0543 -71.6243
710 -33.0544 -71.623
678 -33.0543 -71.62
409 -33.0543 -71.6236
849 -33.0541 -71.6244
260 -33.0542 -71.62
487 -33.054 -71.6198
266 -33.0539 -71.6198
253 -33.0539 -71.6198
377 -33.0542 -71.6189
210 -33.0541 -71.6189
930 -33.0538 -71.6197
177 -33.0538 -71.6197
880 -33.0535 -71.6193
179 -33.0535 -71.6188
495 -33.0534 -71.6188
844 -33.054 -71.6184
838 -33.054 -71.6184
761 -33.0541 -71.6184
198 -33.054 -71.6184
775 -33.0539 -71.6184
973 -33.0539 -71.6184
713 -33.0539 -71.6184
434 -33.0541 -71.6184
456 -33.0545 -71.6184
919 -33.0546 -71.6184
271 -33.0546 -71.6172
355 -33.0544 -71.6184
341 -33.0543 -71.6184
803 -33.0544 -71.6184
290 -33.054 -71.6167
891 -33.0538 -71.6184
166 -33.0534 -71.6188
323 -33.0533 -71.6188
687 -33.053 -71.6187
448 -33.053 -71.6187
831 -33.0529 -71.6187
431 -33.0529 -71.6187
340 -33.0528 -71.6187
116 -33.0528 -71.6187
547 -33.0536 -71.6185
466 -33.0536 -71.6184
767 -33.0538 -71.6184
117 -33.0529 -71.6158
992 -33.0528 -71.6159
292 -33.0529 -71.6158
254 -33.0529 -71.6158
945 -33.0582 -71.615
976 -33.0582 -71.6149
118 -33.0584 -71.6148
482 -33.0582 -71.615
297 -33.0575 -71.6149
561 -33.0574 -71.6149
464 -33.0566 -71.6149
842 -33.0571 -71.6148
483 -33.0571 -71.6148
560 -33.057 -71.6148
531 -33.057 -71.6148
501 -33.057 -71.6148
774 -33.0569 -71.6147
124 -33.0569 -71.6147
994 -33.0569 -71.6147
640 -33.0566 -71.6149
18 -33.0561 -71.6157
765 -33.0561 -71.6157
646 -33.0562 -71.6151
57 -33.0561 -71.6152
413 -33.056 -71.6156
686 -33.056 -71.6155
668 -33.056 -71.6153
286 -33.0563 -71.6151
20 -33.0565 -71.6149
950 -33.0565 -71.6149
608 -33.0565 -71.6149
869 -33.0565 -71.6149
818 -33.0563 -71.6151
879 -33.0563 -71.615
60 -33.0564 -71.615
948 -33.0578 -71.6143
19 -33.0583 -71.613
790 -33.0581 -71.613
326 -33.058 -71.613
420 -33.0578 -71.6129
991 -33.0575 -71.6139
872 -33.0576 -71.6139
414 -33.0578 -71.6129
576 -33.0576 -71.6129
43 -33.0576 -71.6129
521 -33.0576 -71.6129
747 -33.0576 -71.6129
354 -33.0576 -71.6129
917 -33.0572 -71.6127
579 -33.0572 -71.6127
368 -33.057 -71.6127
523 -33.0568 -71.6126
467 -33.0565 -71.6132
298 -33.0565 -71.6124
238 -33.0563 -71.6124
619 -33.0563 -71.6131
591 -33.0555 -71.6131
962 -33.0556 -71.6131
154 -33.0559 -71.6131
237 -33.0562 -71.6124
967 -33.0562 -71.6124
305 -33.056 -71.6123
563 -33.0557 -71.6123
209 -33.0556 -71.6123
642 -33.0556 -71.6123
51 -33.0556 -71.6123
751 -33.0555 -71.6124
146 -33.0547 -71.6157
442 -33.0547 -71.6157
762 -33.0552 -71.6153
580 -33.0547 -71.6157
105 -33.0546 -71.6149
405 -33.0546 -71.6149
907 -33.0546 -71.6149
636 -33.0554 -71.6131
402 -33.0553 -71.6124
452 -33.0552 -71.6124
733 -33.0551 -71.6124
175 -33.055 -71.613
61 -33.0548 -71.6128
571 -33.0546 -71.6127
773 -33.0545 -71.6126
274 -33.0545 -71.6126
150 -33.0543 -71.6157
641 -33.0542 -71.6157
446 -33.0542 -71.6146
488 -33.0539 -71.6156
819 -33.0539 -71.6156
730 -33.0532 -71.6155
546 -33.053 -71.6155
403 -33.0539 -71.6145
423 -33.0539 -71.6145
145 -33.0536 -71.6143
424 -33.0543 -71.6124
171 -33.0532 -71.614
611 -33.0531 -71.6139
711 -33.053 -71.6139
173 -33.055 -71.6124
52 -33.0554 -71.6124
12 -33.0548 -71.6124
480 -33.0548 -71.6124
927 -33.0547 -71.6124
214 -33.0546 -71.6124
35 -33.0546 -71.6124
679 -33.0546 -71.6124
958 -33.0555 -71.6124
307 -33.0555 -71.6124
627 -33.0555 -71.6124
366 -33.0555 -71.6124
14 -33.0545 -71.6124
351 -33.0545 -71.6124
29 -33.0544 -71.6123
506 -33.0545 -71.6122
15 -33.0544 -71.6123
676 -33.0543 -71.6123
295 -33.0543 -71.6123
7 -33.0542 -71.6122
303 -33.0542 -71.6123
512 -33.0541 -71.6123
909 -33.0541 -71.6123
197 -33.0541 -71.6122
674 -33.0543 -71.6122
848 -33.0543 -71.6122
797 -33.0543 -71.6122
916 -33.0539 -71.6122
252 -33.0537 -71.6122
387 -33.0536 -71.6122
789 -33.0536 -71.6122
262 -33.0527 -71.6187
399 -33.0527 -71.6187
632 -33.0522 -71.6185
727 -33.0522 -71.6185
614 -33.0522 -71.6185
250 -33.0521 -71.6185
393 -33.052 -71.6185
17 -33.052 -71.6185
163 -33.0518 -71.6184
852 -33.0518 -71.6184
504 -33.0518 -71.6184
830 -33.0518 -71.6184
128 -33.0518 -71.6184
111 -33.0517 -71.6184
144 -33.0516 -71.6184
597 -33.0515 -71.6184
412 -33.0513 -71.6184
101 -33.0505 -71.621
633 -33.0495 -71.6197
859 -33.0511 -71.6186
447 -33.0495 -71.6195
34 -33.0494 -71.6192
935 -33.0494 -71.619
493 -33.0494 -71.6189
999 -33.0509 -71.6186
364 -33.0507 -71.618
904 -33.0506 -71.618
130 -33.0502 -71.6179
165 -33.0502 -71.6178
732 -33.0494 -71.6185
983 -33.0499 -71.6178
10 -33.0498 -71.6178
949 -33.0498 -71.6177
812 -33.0527 -71.6159
892 -33.0527 -71.6158
304 -33.0504 -71.6158
106 -33.0502 -71.6158
652 -33.0498 -71.6158
574 -33.0502 -71.6158
688 -33.0501 -71.6157
721 -33.0525 -71.6157
908 -33.0525 -71.6157
545 -33.0525 -71.6157
864 -33.0525 -71.6157
850 -33.0501 -71.6157
174 -33.0498 -71.6157
273 -33.0498 -71.6157
884 -33.0501 -71.6157
692 -33.0496 -71.616
416 -33.0492 -71.6165
239 -33.0494 -71.6165
453 -33.0494 -71.6164
573 -33.0491 -71.6165
440 -33.049 -71.6166
889 -33.0491 -71.6165
206 -33.0491 -71.6164
263 -33.0494 -71.6164
529 -33.0495 -71.6162
712 -33.0495 -71.6162
900 -33.0496 -71.6161
897 -33.0492 -71.6159
318 -33.0491 -71.616
213 -33.0492 -71.6159
170 -33.049 -71.6167
764 -33.0482 -71.6191
509 -33.0482 -71.619
583 -33.0482 -71.619
485 -33.0481 -71.6192
718 -33.0479 -71.6195
360 -33.0479 -71.6195
80 -33.0481 -71.6192
911 -33.0483 -71.6189
939 -33.0484 -71.6187
755 -33.0484 -71.6185
55 -33.0484 -71.6184
644 -33.0483 -71.6187
484 -33.0483 -71.6188
427 -33.0483 -71.6188
9 -33.0483 -71.6187
516 -33.0477 -71.6198
277 -33.0476 -71.6201
322 -33.0476 -71.6201
802 -33.0476 -71.6201
139 -33.0476 -71.6202
205 -33.0476 -71.6202
938 -33.0476 -71.6202
820 -33.0476 -71.6202
735 -33.0477 -71.62
988 -33.0477 -71.6199
696 -33.0477 -71.6199
222 -33.0477 -71.6198
982 -33.0471 -71.6186
220 -33.047 -71.619
784 -33.047 -71.619
152 -33.0485 -71.6182
794 -33.0488 -71.6173
763 -33.0488 -71.6172
383 -33.0489 -71.6172
694 -33.0488 -71.6173
708 -33.0487 -71.6177
716 -33.0488 -71.6174
157 -33.0488 -71.6174
799 -33.0489 -71.617
113 -33.049 -71.6168
283 -33.049 -71.6168
333 -33.049 -71.6167
901 -33.0489 -71.6169
605 -33.0489 -71.617
639 -33.0489 -71.617
155 -33.0489 -71.617
635 -33.0486 -71.6179
530 -33.0485 -71.6182
610 -33.0485 -71.6182
511 -33.0486 -71.6179
722 -33.0485 -71.6182
88 -33.0473 -71.6181
643 -33.0474 -71.6177
827 -33.0475 -71.6175
724 -33.0476 -71.6171
553 -33.048 -71.6158
48 -33.048 -71.6158
933 -33.048 -71.6158
972 -33.0478 -71.6165
968 -33.0477 -71.6167
793 -33.0478 -71.6165
191 -33.0498 -71.6157
787 -33.0524 -71.6157
565 -33.0519 -71.6156
946 -33.0524 -71.6156
860 -33.0519 -71.6156
320 -33.0518 -71.6156
795 -33.0516 -71.6156
93 -33.0514 -71.6156
148 -33.0514 -71.6156
585 -33.0521 -71.6133
835 -33.0519 -71.6132
739 -33.0516 -71.6131
100 -33.0516 -71.6131
430 -33.0513 -71.6156
385 -33.0512 -71.6156
756 -33.0512 -71.6156
783 -33.0511 -71.6156
195 -33.0505 -71.6157
75 -33.0505 -71.6155
496 -33.0505 -71.6155
572 -33.0499 -71.6157
13 -33.0499 -71.6157
401 -33.0496 -71.6133
481 -33.0496 -71.6133
828 -33.0497 -71.6132
749 -33.0511 -71.6131
996 -33.0511 -71.6131
180 -33.0509 -71.6131
805 -33.0509 -71.6131
425 -33.0497 -71.6132
363 -33.0497 -71.6131
240 -33.0497 -71.6131
659 -33.0508 -71.6131
186 -33.0508 -71.6131
588 -33.0507 -71.6131
621 -33.0511 -71.6131
894 -33.0506 -71.6131
666 -33.0506 -71.613
638 -33.0505 -71.613
24 -33.0504 -71.613
920 -33.0504 -71.613
392 -33.0511 -71.6125
942 -33.0511 -71.6124
201 -33.0511 -71.6124
336 -33.0511 -71.6125
964 -33.0504 -71.613
915 -33.0511 -71.6127
902 -33.0511 -71.6126
494 -33.05 -71.613
278 -33.0499 -71.613
27 -33.0498 -71.6129
74 -33.0498 -71.6129
207 -33.0497 -71.6127
64 -33.0497 -71.613
654 -33.0497 -71.6128
76 -33.0497 -71.6127
548 -33.0497 -71.6127
86 -33.0498 -71.6124
518 -33.0498 -71.6124
804 -33.0498 -71.6124
709 -33.0498 -71.6126
522 -33.0498 -71.6127
665 -33.0498 -71.6126
683 -33.0496 -71.6129
631 -33.0493 -71.6154
834 -33.0493 -71.6153
854 -33.0493 -71.6153
660 -33.0492 -71.6155
36 -33.0492 -71.6156
868 -33.0492 -71.6156
394 -33.0492 -71.6156
586 -33.0493 -71.6152
462 -33.0494 -71.6146
77 -33.0494 -71.6144
780 -33.0495 -71.6142
374 -33.0494 -71.6146
612 -33.0493 -71.6149
432 -33.0494 -71.6147
302 -33.0494 -71.6147
436 -33.0484 -71.6143
140 -33.0482 -71.615
941 -33.0483 -71.6148
862 -33.0483 -71.6148
853 -33.0482 -71.615
348 -33.048 -71.6156
81 -33.0481 -71.6156
604 -33.0481 -71.6156
50 -33.0483 -71.6146
855 -33.0484 -71.6144
778 -33.0484 -71.6143
541 -33.0484 -71.6143
84 -33.0484 -71.6144
435 -33.0483 -71.6146
314 -33.0484 -71.6144
637 -33.0495 -71.6141
234 -33.0496 -71.6138
956 -33.0496 -71.6135
457 -33.0496 -71.6135
680 -33.0496 -71.6138
0 -33.0495 -71.614
337 -33.0495 -71.6139
701 -33.0495 -71.6138
133 -33.0496 -71.6129
345 -33.0495 -71.6129
758 -33.049 -71.6129
807 -33.0489 -71.6124
353 -33.0488 -71.6129
119 -33.0488 -71.6126
823 -33.0488 -71.6125
231 -33.0488 -71.6125
418 -33.0488 -71.6126
515 -33.0486 -71.6136
31 -33.0486 -71.6133
648 -33.0487 -71.6132
851 -33.0486 -71.6136
218 -33.0484 -71.6141
519 -33.0484 -71.6141
960 -33.0485 -71.6139
538 -33.0487 -71.6131
248 -33.0488 -71.6126
590 -33.0488 -71.6126
971 -33.0488 -71.6126
44 -33.0488 -71.6129
728 -33.0487 -71.613
54 -33.0485 -71.6129
577 -33.0536 -71.6122
970 -33.0581 -71.6105
384 -33.0559 -71.6104
463 -33.0562 -71.6102
866 -33.0554 -71.6104
40 -33.0545 -71.6122
26 -33.0549 -71.6104
569 -33.0551 -71.6104
72 -33.0563 -71.6101
259 -33.0564 -71.6101
748 -33.0566 -71.6096
132 -33.0569 -71.6095
886 -33.0557 -71.6094
874 -33.0551 -71.61
606 -33.0556 -71.6094
876 -33.0555 -71.6094
190 -33.0544 -71.6105
49 -33.0543 -71.6118
212 -33.0541 -71.6116
603 -33.0541 -71.6115
601 -33.054 -71.6115
224 -33.054 -71.6114
645 -33.0539 -71.6113
89 -33.0539 -71.6113
551 -33.0539 -71.6112
575 -33.0539 -71.6112
2 -33.054 -71.6105
187 -33.0541 -71.6105
681 -33.0539 -71.6112
22 -33.0538 -71.6112
299 -33.0538 -71.6111
97 -33.0537 -71.6108
558 -33.056 -71.609
510 -33.0561 -71.6088
746 -33.0546 -71.6085
32 -33.0543 -71.6085
706 -33.0542 -71.6085
923 -33.0542 -71.6085
183 -33.0542 -71.6085
626 -33.0542 -71.6085
840 -33.0542 -71.6085
535 -33.056 -71.6084
557 -33.0548 -71.6084
622 -33.0548 -71.6084
381 -33.0547 -71.6084
94 -33.0546 -71.6085
110 -33.0546 -71.6085
532 -33.0547 -71.6085
952 -33.0541 -71.6085
158 -33.0541 -71.6085
690 -33.054 -71.6085
316 -33.054 -71.6085
137 -33.054 -71.6085
471 -33.0537 -71.6085
951 -33.0537 -71.6085
846 -33.054 -71.6085
328 -33.0539 -71.6085
836 -33.0539 -71.6085
126 -33.0539 -71.6085
468 -33.0539 -71.6085
714 -33.0538 -71.6085
167 -33.0538 -71.6085
136 -33.0538 -71.6085
502 -33.0536 -71.6085
23 -33.0536 -71.6122
745 -33.0535 -71.6114
228 -33.0536 -71.6111
268 -33.0535 -71.6114
272 -33.0534 -71.6122
415 -33.0534 -71.6114
600 -33.0535 -71.611
885 -33.0534 -71.611
578 -33.0536 -71.6107
910 -33.0535 -71.6104
242 -33.0534 -71.6101
737 -33.0533 -71.61
204 -33.0533 -71.611
343 -33.0533 -71.611
211 -33.0533 -71.611
276 -33.0532 -71.6098
310 -33.0532 -71.6121
160 -33.0532 -71.6121
998 -33.0531 -71.6121
649 -33.0531 -71.6121
347 -33.053 -71.6121
386 -33.0529 -71.6121
143 -33.053 -71.6116
863 -33.0532 -71.6109
861 -33.0532 -71.6109
324 -33.0531 -71.6109
593 -33.0531 -71.6109
734 -33.053 -71.6108
821 -33.053 -71.6108
421 -33.0529 -71.6108
120 -33.0532 -71.6097
398 -33.0536 -71.6085
757 -33.0536 -71.6085
981 -33.0536 -71.6085
785 -33.0536 -71.6085
966 -33.0536 -71.6085
671 -33.0536 -71.6085
752 -33.0535 -71.6085
460 -33.0535 -71.6085
56 -33.0535 -71.6085
704 -33.0534 -71.6085
369 -33.0534 -71.6085
653 -33.0534 -71.6085
741 -33.0534 -71.6085
990 -33.0534 -71.6085
236 -33.0533 -71.6084
815 -33.0533 -71.6084
390 -33.0532 -71.6096
556 -33.0532 -71.6096
782 -33.0532 -71.6096
675 -33.0532 -71.6096
811 -33.0532 -71.6096
505 -33.0531 -71.6091
192 -33.0531 -71.6091
182 -33.0533 -71.6084
404 -33.0533 -71.6084
856 -33.0533 -71.6084
832 -33.0532 -71.6084
365 -33.0532 -71.6084
669 -33.0531 -71.6084
624 -33.0531 -71.6084
417 -33.0531 -71.6084
419 -33.0578 -71.6082
63 -33.0578 -71.6082
281 -33.0581 -71.6081
280 -33.0578 -71.6082
925 -33.0578 -71.6082
159 -33.0577 -71.6082
903 -33.0574 -71.6081
672 -33.0572 -71.608
677 -33.0583 -71.608
808 -33.0584 -71.608
474 -33.0585 -71.608
581 -33.0572 -71.608
977 -33.0571 -71.608
362 -33.057 -71.608
454 -33.057 -71.608
332 -33.0569 -71.608
499 -33.0568 -71.608
79 -33.0568 -71.608
934 -33.0568 -71.608
469 -33.0567 -71.608
11 -33.0567 -71.608
335 -33.0565 -71.608
461 -33.0565 -71.608
929 -33.0564 -71.608
400 -33.0565 -71.608
657 -33.0564 -71.608
700 -33.0563 -71.608
473 -33.0562 -71.608
285 -33.0562 -71.608
912 -33.0562 -71.608
705 -33.0561 -71.6079
225 -33.0559 -71.6079
300 -33.0587 -71.6079
528 -33.0589 -71.6078
491 -33.0578 -71.6068
112 -33.0575 -71.6069
129 -33.0565 -71.6073
311 -33.057 -71.6071
525 -33.0573 -71.6069
331 -33.0579 -71.6068
291 -33.0583 -71.6067
147 -33.0579 -71.6045
441 -33.0589 -71.604
870 -33.0578 -71.6046
768 -33.0575 -71.6049
90 -33.0571 -71.6047
924 -33.0567 -71.6045
296 -33.0565 -71.6073
83 -33.0559 -71.6076
613 -33.0562 -71.6076
873 -33.056 -71.6076
438 -33.0559 -71.6079
858 -33.0558 -71.6079
888 -33.0558 -71.6079
168 -33.0558 -71.6079
477 -33.056 -71.6075
513 -33.0564 -71.6073
527 -33.0565 -71.6073
221 -33.0564 -71.6045
411 -33.0563 -71.6074
223 -33.0562 -71.6074
196 -33.0559 -71.6043
740 -33.0558 -71.6078
156 -33.055 -71.6082
540 -33.055 -71.6082
984 -33.055 -71.6082
73 -33.0549 -71.6083
843 -33.0549 -71.6083
350 -33.0549 -71.6083
62 -33.0549 -71.6083
470 -33.055 -71.6082
458 -33.0551 -71.6081
715 -33.0551 -71.6081
954 -33.0552 -71.6081
378 -33.0551 -71.6082
664 -33.0551 -71.6082
825 -33.0551 -71.6082
753 -33.0551 -71.6082
503 -33.0549 -71.6083
349 -33.0531 -71.6084
261 -33.0548 -71.6084
673 -33.0531 -71.6084
125 -33.053 -71.6083
770 -33.053 -71.6083
284 -33.053 -71.6083
243 -33.053 -71.6083
882 -33.053 -71.6083
845 -33.0529 -71.6083
71 -33.0529 -71.6083
325 -33.0529 -71.6083
736 -33.0529 -71.6083
294 -33.0528 -71.6083
16 -33.0528 -71.6083
769 -33.0552 -71.6081
478 -33.0555 -71.6079
138 -33.0555 -71.6078
555 -33.0556 -71.6078
592 -33.0555 -71.6079
918 -33.0554 -71.6079
810 -33.0554 -71.6079
944 -33.0555 -71.6079
282 -33.0556 -71.6078
46 -33.0556 -71.6078
422 -33.0556 -71.6078
922 -33.0557 -71.6077
857 -33.0556 -71.6078
472 -33.0556 -71.6078
833 -33.0556 -71.6078
78 -33.0555 -71.6044
219 -33.0554 -71.6079
723 -33.0553 -71.608
772 -33.0553 -71.608
980 -33.0554 -71.608
662 -33.0553 -71.608
489 -33.0552 -71.6081
878 -33.0553 -71.608
595 -33.0538 -71.6061
256 -33.0539 -71.606
937 -33.0543 -71.6054
169 -33.0545 -71.6046
620 -33.0545 -71.6046
98 -33.0542 -71.6058
293 -33.0538 -71.6048
99 -33.0536 -71.6047
742 -33.0528 -71.6121
986 -33.0528 -71.6121
309 -33.0527 -71.6121
151 -33.0524 -71.6121
759 -33.0524 -71.6121
905 -33.0524 -71.6121
102 -33.0523 -71.612
108 -33.0523 -71.612
200 -33.0522 -71.612
931 -33.0525 -71.6117
943 -33.0525 -71.6117
936 -33.0526 -71.6117
433 -33.0524 -71.6117
208 -33.0522 -71.612
356 -33.0523 -71.6117
391 -33.0523 -71.6117
202 -33.0521 -71.612
615 -33.052 -71.612
334 -33.0519 -71.612
70 -33.0519 -71.612
837 -33.0518 -71.612
744 -33.0511 -71.6121
517 -33.0512 -71.6121
801 -33.0516 -71.612
87 -33.0515 -71.612
661 -33.0515 -71.612
725 -33.0515 -71.612
372 -33.0514 -71.6119
877 -33.0514 -71.612
265 -33.0513 -71.6119
599 -33.0512 -71.6119
655 -33.0512 -71.6119
141 -33.0528 -71.6116
607 -33.0528 -71.6106
771 -33.0528 -71.6106
227 -33.0528 -71.6106
498 -33.0527 -71.6105
275 -33.0513 -71.6114
235 -33.0527 -71.6104
68 -33.0527 -71.6104
233 -33.0526 -71.6102
738 -33.0526 -71.6102
437 -33.0526 -71.6102
82 -33.0526 -71.6102
306 -33.0525 -71.6101
185 -33.0524 -71.61
707 -33.0524 -71.6099
616 -33.0514 -71.6097
552 -33.0513 -71.6098
449 -33.0513 -71.6114
995 -33.0511 -71.61
609 -33.0511 -71.61
490 -33.051 -71.61
37 -33.0509 -71.6102
953 -33.0509 -71.6102
135 -33.0509 -71.6102
104 -33.0511 -71.61
959 -33.0513 -71.6098
893 -33.0513 -71.6098
41 -33.0513 -71.6098
965 -33.0512 -71.6099
689 -33.0511 -71.61
445 -33.0511 -71.6099
594 -33.0508 -71.6102
258 -33.05 -71.6115
428 -33.05 -71.6115
33 -33.0502 -71.6113
932 -33.0499 -71.6113
329 -33.0499 -71.612
656 -33.0499 -71.6118
317 -33.0499 -71.6113
526 -33.05 -71.6113
539 -33.05 -71.6112
164 -33.05 -71.6112
750 -33.05 -71.6111
439 -33.05 -71.6112
465 -33.0499 -71.6113
651 -33.0497 -71.6112
58 -33.0496 -71.6112
342 -33.0494 -71.6112
899 -33.049 -71.6118
444 -33.0491 -71.6116
685 -33.0491 -71.6114
847 -33.049 -71.6118
178 -33.0489 -71.6121
153 -33.049 -71.612
634 -33.0482 -71.6115
719 -33.0494 -71.6112
312 -33.0494 -71.6112
241 -33.0494 -71.6112
779 -33.0493 -71.6112
96 -33.0492 -71.6112
596 -33.0492 -71.6112
947 -33.0492 -71.6112
766 -33.05 -71.611
45 -33.0507 -71.6102
570 -33.0508 -71.6102
777 -33.0507 -71.6102
443 -33.0507 -71.6102
426 -33.0507 -71.6102
699 -33.0506 -71.6102
630 -33.0507 -71.6102
114 -33.0506 -71.6102
584 -33.0506 -71.6102
543 -33.0505 -71.6102
396 -33.0505 -71.6102
352 -33.0505 -71.6102
926 -33.0505 -71.6102
684 -33.0504 -71.6102
131 -33.0504 -71.6101
330 -33.0503 -71.6101
974 -33.0501 -71.6106
898 -33.0501 -71.6105
841 -33.0502 -71.6103
338 -33.0501 -71.6106
817 -33.05 -71.611
379 -33.05 -71.611
524 -33.0501 -71.6106
246 -33.0502 -71.6103
451 -33.0503 -71.6102
95 -33.0503 -71.6101
792 -33.0502 -71.6099
969 -33.0502 -71.6103
695 -33.0492 -71.6099
985 -33.0491 -71.6099
289 -33.0515 -71.6096
562 -33.0522 -71.6095
181 -33.0521 -71.6095
625 -33.0521 -71.6095
91 -33.0521 -71.6095
534 -33.0521 -71.6095
658 -33.0521 -71.6095
382 -33.052 -71.609
731 -33.052 -71.6089
172 -33.0528 -71.6083
199 -33.0528 -71.6083
319 -33.0528 -71.6083
321 -33.0528 -71.6083
813 -33.0521 -71.6085
257 -33.0522 -71.6084
371 -33.0522 -71.6084
397 -33.052 -71.6091
554 -33.0518 -71.6093
247 -33.0519 -71.6092
887 -33.0519 -71.6092
67 -33.0518 -71.6094
264 -33.0517 -71.6094
682 -33.0517 -71.6094
875 -33.0517 -71.6094
806 -33.0519 -71.6092
720 -33.0519 -71.6091
245 -33.052 -71.6091
267 -33.052 -71.6091
203 -33.0519 -71.6092
691 -33.0519 -71.6092
623 -33.0519 -71.6092
867 -33.0519 -71.6091
229 -33.0528 -71.6083
788 -33.0528 -71.6083
357 -33.0526 -71.6082
997 -33.0526 -71.6082
375 -33.0525 -71.6082
395 -33.0524 -71.6081
544 -33.0524 -71.6081
287 -33.0524 -71.6081
230 -33.0523 -71.6081
103 -33.0524 -71.6081
406 -33.0524 -71.607
957 -33.0526 -71.6048
993 -33.0524 -71.6081
670 -33.0522 -71.6081
244 -33.0523 -71.608
975 -33.0522 -71.6079
1 -33.0522 -71.6048
8 -33.0522 -71.6081
232 -33.0522 -71.6077
339 -33.0522 -71.6076
564 -33.0522 -71.6073
215 -33.0519 -71.608
839 -33.052 -71.6076
358 -33.0521 -71.6072
65 -33.0521 -71.6072
122 -33.0521 -71.607
388 -33.052 -71.6069
628 -33.0519 -71.6067
913 -33.0519 -71.6065
826 -33.0517 -71.6049
30 -33.0517 -71.6049
410 -33.0517 -71.6094
359 -33.0516 -71.6095
871 -33.0516 -71.6095
667 -33.0516 -71.6095
921 -33.0515 -71.6096
6 -33.0515 -71.6096
567 -33.0515 -71.6096
184 -33.0515 -71.6096
507 -33.0503 -71.6093
791 -33.0516 -71.6089
566 -33.0515 -71.6088
536 -33.0514 -71.6088
429 -33.0514 -71.6087
39 -33.0504 -71.6091
47 -33.0504 -71.6088
28 -33.0504 -71.6088
344 -33.0502 -71.6092
249 -33.0496 -71.6093
486 -33.0496 -71.6092
702 -33.0497 -71.6091
798 -33.0496 -71.6093
4 -33.0495 -71.6096
865 -33.0496 -71.6095
288 -33.0496 -71.6094
663 -33.05 -71.6091
824 -33.0499 -71.6091
928 -33.05 -71.6091
459 -33.0499 -71.6091
3 -33.0498 -71.6091
729 -33.0498 -71.6091
814 -33.0497 -71.6091
270 -33.0513 -71.6087
193 -33.0515 -71.6083
895 -33.0517 -71.6075
989 -33.0517 -71.6075
776 -33.0514 -71.6083
161 -33.0513 -71.6087
906 -33.0512 -71.6086
508 -33.0511 -71.6086
308 -33.0516 -71.6075
492 -33.0517 -71.6061
896 -33.0516 -71.606
800 -33.0515 -71.606
21 -33.0515 -71.6075
194 -33.0514 -71.6075
514 -33.0511 -71.6058
149 -33.0512 -71.6052
914 -33.051 -71.6086
617 -33.051 -71.6086
717 -33.0507 -71.6085
121 -33.0505 -71.6085
650 -33.0505 -71.6085
781 -33.0505 -71.6087
188 -33.0503 -71.6085
59 -33.0503 -71.6085
380 -33.0503 -71.6085
568 -33.0503 -71.6085
618 -33.0501 -71.6084
346 -33.0498 -71.6084
559 -33.0494 -71.6083
162 -33.0491 -71.6083
533 -33.0487 -71.6036
