66 -33.0552 -71.6216
142 -33.0552 -71.6215
85 -33.0552 -71.6215
497 -33.0551 -71.6214
550 -33.0551 -71.6216
647 -33.0551 -71.6213
115 -33.0551 -71.6213
5 -33.0551 -71.6213
796 -33.0551 -71.6213
890 -33.0551 -71.6212
703 -33.0551 -71.6212
226 -33.0551 -71.6212
38 -33.0551 -71.6211
315 -33.0551 -71.621
500 -33.0551 -71.6209
327 -33.0551 -71.6209
53 -33.0548 -71.6221
961 -33.0549 -71.622
313 -33.0549 -71.622
479 -33.0548 -71.6222
109 -33.0546 -71.6224
697 -33.0547 -71.6223
217 -33.0547 -71.6222
940 -33.055 -71.6218
176 -33.0551 -71.6217
678 -33.055 -71.6207
260 -33.0549 -71.6206
487 -33.0548 -71.6204
266 -33.0547 -71.6203
253 -33.0547 -71.6203
930 -33.0546 -71.6203
177 -33.0546 -71.6202
189 -33.0565 -71.6182
367 -33.0564 -71.6181
475 -33.0579 -71.6177
978 -33.0561 -71.6181
407 -33.0556 -71.6171
582 -33.0557 -71.6168
963 -33.0557 -71.6167
765 -33.0557 -71.6165
646 -33.0562 -71.616
818 -33.0562 -71.6159
286 -33.0562 -71.6159
57 -33.0561 -71.6161
413 -33.0558 -71.6164
668 -33.056 -71.6162
18 -33.0555 -71.6159
537 -33.0555 -71.6172
134 -33.055 -71.6181
816 -33.055 -71.618
881 -33.055 -71.618
301 -33.0547 -71.6184
542 -33.0546 -71.6184
361 -33.0546 -71.6184
42 -33.0547 -71.6184
549 -33.0553 -71.6179
255 -33.0553 -71.6176
370 -33.0554 -71.6174
408 -33.0554 -71.6174
822 -33.0553 -71.6158
376 -33.0551 -71.6179
450 -33.0552 -71.6158
883 -33.0545 -71.6226
710 -33.0543 -71.624
92 -33.0543 -71.624
987 -33.0543 -71.6239
25 -33.0543 -71.6238
629 -33.0535 -71.6245
409 -33.0541 -71.6244
598 -33.0543 -71.6235
589 -33.0543 -71.6233
786 -33.0543 -71.6232
829 -33.0543 -71.6231
979 -33.0544 -71.6229
880 -33.0542 -71.62
179 -33.0538 -71.6197
210 -33.0535 -71.6193
377 -33.0535 -71.6191
341 -33.0535 -71.6187
434 -33.0534 -71.6188
761 -33.0534 -71.6188
844 -33.0534 -71.6188
838 -33.0533 -71.6188
849 -33.0532 -71.6246
198 -33.0533 -71.6188
973 -33.0532 -71.6188
713 -33.0532 -71.6188
775 -33.0532 -71.6188
767 -33.0531 -71.6187
891 -33.0531 -71.6187
466 -33.0529 -71.6187
547 -33.0529 -71.6187
163 -33.0511 -71.6186
495 -33.0525 -71.6186
166 -33.0525 -71.6186
809 -33.0539 -71.6184
760 -33.0539 -71.6184
216 -33.0539 -71.6184
919 -33.0537 -71.6184
355 -33.0535 -71.6185
803 -33.0535 -71.6185
456 -33.0536 -71.6185
587 -33.054 -71.6184
698 -33.0542 -71.6184
754 -33.0542 -71.6184
69 -33.0544 -71.6184
373 -33.0541 -71.6184
455 -33.0541 -71.6184
271 -33.0538 -71.6166
290 -33.0531 -71.6161
323 -33.0524 -71.6186
687 -33.0521 -71.6185
448 -33.0521 -71.6185
831 -33.052 -71.6185
431 -33.052 -71.6185
17 -33.0512 -71.6185
340 -33.0519 -71.6185
399 -33.0519 -71.6184
262 -33.0519 -71.6184
116 -33.0518 -71.6184
632 -33.0513 -71.6184
727 -33.0513 -71.6183
614 -33.0512 -71.6183
250 -33.0512 -71.6184
393 -33.0511 -71.6182
879 -33.0561 -71.6158
483 -33.0562 -71.6151
842 -33.0563 -71.6151
561 -33.0565 -71.6149
560 -33.0562 -71.6151
994 -33.0561 -71.6152
501 -33.0562 -71.6151
531 -33.0562 -71.6151
118 -33.0575 -71.6149
976 -33.0574 -71.6149
945 -33.0573 -71.6149
872 -33.0573 -71.6148
948 -33.0572 -71.6148
482 -33.0572 -71.6148
991 -33.0572 -71.6148
297 -33.0566 -71.6148
774 -33.0561 -71.6152
389 -33.055 -71.6158
60 -33.0561 -71.6157
686 -33.0558 -71.6157
743 -33.0549 -71.6158
476 -33.0548 -71.6157
251 -33.0547 -71.6157
955 -33.0546 -71.6157
869 -33.0561 -71.6156
20 -33.056 -71.6156
950 -33.056 -71.6156
124 -33.0561 -71.6152
608 -33.056 -71.6156
640 -33.056 -71.6155
127 -33.0555 -71.6155
464 -33.056 -71.6155
467 -33.0556 -71.6131
19 -33.0574 -71.6128
790 -33.0572 -71.6128
326 -33.0571 -71.6127
420 -33.0569 -71.6126
414 -33.0569 -71.6126
576 -33.0568 -71.6126
521 -33.0567 -71.6126
43 -33.0567 -71.6126
354 -33.0567 -71.6125
747 -33.0567 -71.6125
917 -33.0563 -71.6124
579 -33.0563 -71.6124
368 -33.0562 -71.6124
298 -33.0556 -71.6123
523 -33.0559 -71.6123
238 -33.0554 -71.6124
619 -33.0554 -71.6131
237 -33.0553 -71.6124
967 -33.0553 -71.6124
154 -33.055 -71.6131
962 -33.0548 -71.6128
591 -33.0547 -71.6128
636 -33.0546 -71.6127
305 -33.0551 -71.6124
563 -33.0547 -71.6124
51 -33.0547 -71.6124
209 -33.0547 -71.6124
642 -33.0546 -71.6124
627 -33.0546 -71.6124
366 -33.0546 -71.6124
958 -33.0545 -71.6124
726 -33.0545 -71.6157
279 -33.0544 -71.6157
123 -33.0544 -71.6157
602 -33.0543 -71.6157
107 -33.0543 -71.6157
693 -33.0542 -71.6157
520 -33.0542 -71.6157
269 -33.0541 -71.6156
146 -33.0538 -71.6156
442 -33.0538 -71.6156
762 -33.0544 -71.6148
580 -33.0537 -71.6156
150 -33.0534 -71.6155
641 -33.0533 -71.6155
488 -33.053 -71.6155
819 -33.053 -71.6155
730 -33.0525 -71.6158
254 -33.0521 -71.6157
546 -33.0524 -71.6156
117 -33.0521 -71.6156
292 -33.0521 -71.6156
992 -33.0519 -71.6156
812 -33.0519 -71.6156
892 -33.0518 -71.6156
721 -33.0517 -71.6156
864 -33.0517 -71.6156
908 -33.0516 -71.6156
545 -33.0516 -71.6156
787 -33.0516 -71.6156
946 -33.0514 -71.6156
105 -33.0538 -71.6144
751 -33.0545 -71.6124
307 -33.0545 -71.6124
52 -33.0545 -71.6123
402 -33.0544 -71.6123
405 -33.0538 -71.6144
907 -33.0538 -71.6144
175 -33.0542 -71.6124
452 -33.0543 -71.6123
61 -33.0542 -71.6122
12 -33.0543 -71.6122
927 -33.0544 -71.6122
733 -33.0542 -71.6123
173 -33.0541 -71.6123
480 -33.0539 -71.6122
571 -33.0538 -71.6122
446 -33.0533 -71.6141
423 -33.0531 -71.614
403 -33.0531 -71.614
145 -33.0528 -71.6138
171 -33.0524 -71.6135
611 -33.0523 -71.6134
711 -33.0522 -71.6134
585 -33.0512 -71.6131
877 -33.0511 -71.6127
661 -33.0511 -71.6126
801 -33.0511 -71.6125
837 -33.0511 -71.6123
87 -33.0511 -71.6126
372 -33.0511 -71.6127
725 -33.0511 -71.6126
852 -33.0511 -71.6186
111 -33.051 -71.6186
144 -33.0509 -71.6185
597 -33.0508 -71.6185
101 -33.0504 -71.6219
633 -33.0501 -71.6205
447 -33.05 -71.6203
34 -33.0498 -71.6201
412 -33.0506 -71.6184
128 -33.0509 -71.6181
504 -33.0509 -71.6181
830 -33.0509 -71.6181
859 -33.0502 -71.6183
999 -33.0501 -71.6183
904 -33.0498 -71.6177
364 -33.0498 -71.6177
935 -33.0497 -71.62
493 -33.0496 -71.62
732 -33.0495 -71.6196
716 -33.0491 -71.6182
694 -33.0491 -71.6182
799 -33.0489 -71.618
901 -33.0488 -71.6179
283 -33.0488 -71.6178
130 -33.0493 -71.6176
165 -33.0492 -71.6176
983 -33.049 -71.6176
10 -33.0489 -71.6176
949 -33.0489 -71.6176
440 -33.0487 -71.6176
889 -33.0488 -71.6175
573 -33.0488 -71.6175
206 -33.0488 -71.6175
273 -33.0493 -71.6165
13 -33.0494 -71.6165
572 -33.0494 -71.6165
191 -33.0493 -71.6165
174 -33.0492 -71.6165
652 -33.0492 -71.6165
631 -33.0491 -71.6165
834 -33.0491 -71.6164
688 -33.0495 -71.6162
574 -33.0495 -71.6162
106 -33.0495 -71.6162
850 -33.0495 -71.6163
854 -33.0491 -71.6164
884 -33.0495 -71.6163
586 -33.0491 -71.6163
692 -33.049 -71.6166
263 -33.0489 -71.617
213 -33.0489 -71.6169
897 -33.0489 -71.6169
453 -33.0489 -71.6171
416 -33.0488 -71.6174
239 -33.0489 -71.6171
318 -33.0489 -71.6171
529 -33.049 -71.6168
394 -33.049 -71.6167
868 -33.049 -71.6166
660 -33.049 -71.6166
36 -33.049 -71.6167
712 -33.049 -71.6168
900 -33.049 -71.6167
170 -33.0487 -71.6177
764 -33.0477 -71.62
509 -33.0477 -71.62
583 -33.0477 -71.6199
485 -33.0476 -71.6201
360 -33.0475 -71.6205
718 -33.0475 -71.6205
80 -33.0476 -71.6201
911 -33.0478 -71.6198
939 -33.0479 -71.6196
755 -33.048 -71.6194
55 -33.048 -71.6194
9 -33.0478 -71.6196
427 -33.0478 -71.6197
484 -33.0478 -71.6197
644 -33.0478 -71.6196
516 -33.0474 -71.6208
277 -33.0473 -71.6211
322 -33.0473 -71.6211
802 -33.0473 -71.6211
139 -33.0473 -71.6212
205 -33.0472 -71.6213
820 -33.0473 -71.6212
938 -33.0473 -71.6212
735 -33.0473 -71.621
696 -33.0474 -71.6209
222 -33.0474 -71.6208
988 -33.047 -71.6201
982 -33.0468 -71.6196
220 -33.0467 -71.62
784 -33.0467 -71.62
88 -33.047 -71.6192
635 -33.0483 -71.6189
708 -33.0483 -71.6187
157 -33.0485 -71.6184
511 -33.0483 -71.6189
152 -33.0481 -71.6192
530 -33.0481 -71.6191
610 -33.0481 -71.6191
794 -33.0485 -71.6183
155 -33.0486 -71.618
113 -33.0486 -71.6178
333 -33.0487 -71.6178
639 -33.0486 -71.618
763 -33.0485 -71.6183
383 -33.0485 -71.6182
605 -33.0486 -71.618
722 -33.0481 -71.6192
793 -33.0475 -71.6176
972 -33.0475 -71.6175
553 -33.0477 -71.6169
968 -33.0474 -71.6178
643 -33.0471 -71.6188
827 -33.0472 -71.6185
724 -33.0473 -71.6181
933 -33.0477 -71.6168
604 -33.0478 -71.6166
140 -33.048 -71.616
853 -33.048 -71.616
81 -33.0478 -71.6166
48 -33.0477 -71.6168
348 -33.0478 -71.6167
612 -33.0492 -71.616
783 -33.0504 -71.6158
385 -33.0505 -71.6157
756 -33.0505 -71.6157
496 -33.0498 -71.6157
304 -33.0497 -71.616
195 -33.0497 -71.6158
75 -33.0498 -71.6157
430 -33.0505 -71.6157
860 -33.051 -71.6156
565 -33.051 -71.6156
517 -33.051 -71.6131
320 -33.0509 -71.6156
148 -33.0505 -71.6156
795 -33.0507 -71.6155
93 -33.0505 -71.6155
804 -33.0496 -71.6134
27 -33.0495 -71.6139
74 -33.0495 -71.6139
278 -33.0495 -71.6138
654 -33.0495 -71.6139
363 -33.0495 -71.6142
240 -33.0495 -71.6141
64 -33.0495 -71.614
548 -33.0495 -71.6138
665 -33.0496 -71.6137
518 -33.0496 -71.6135
86 -33.0496 -71.6135
709 -33.0496 -71.6137
76 -33.0495 -71.6138
207 -33.0496 -71.6138
522 -33.0496 -71.6137
744 -33.051 -71.6131
835 -33.0509 -71.6131
201 -33.0508 -71.6131
942 -33.0508 -71.6131
739 -33.0507 -71.6131
392 -33.0507 -71.6131
100 -33.0506 -71.6131
336 -33.0506 -71.6131
902 -33.0506 -71.6131
655 -33.0511 -71.613
599 -33.0511 -71.613
265 -33.0511 -71.6128
915 -33.0505 -71.613
621 -33.0502 -71.613
749 -33.0502 -71.613
996 -33.0502 -71.613
180 -33.05 -71.613
805 -33.0499 -71.613
659 -33.0499 -71.613
186 -33.0499 -71.6129
588 -33.0498 -71.6129
329 -33.0497 -71.6131
894 -33.0497 -71.6129
638 -33.0496 -71.6129
666 -33.0496 -71.6129
428 -33.0498 -71.6125
539 -33.0498 -71.6123
164 -33.0498 -71.6123
258 -33.0498 -71.6126
24 -33.0495 -71.6129
656 -33.0497 -71.6129
964 -33.0495 -71.6129
77 -33.0492 -71.6155
780 -33.0493 -71.6153
637 -33.0493 -71.6152
374 -33.0492 -71.6156
432 -33.0492 -71.6157
302 -33.0492 -71.6157
462 -33.0492 -71.6157
0 -33.0493 -71.6151
956 -33.0494 -71.6145
457 -33.0494 -71.6145
401 -33.0494 -71.6144
680 -33.0494 -71.6148
337 -33.0493 -71.6149
701 -33.0493 -71.6149
234 -33.0494 -71.6148
851 -33.0483 -71.6146
314 -33.0481 -71.6155
855 -33.0481 -71.6154
84 -33.0481 -71.6154
50 -33.048 -71.6157
941 -33.048 -71.6159
862 -33.048 -71.6158
435 -33.048 -71.6157
778 -33.0481 -71.6153
218 -33.0482 -71.6151
960 -33.0482 -71.615
515 -33.0483 -71.6146
519 -33.0482 -71.6151
541 -33.0481 -71.6153
436 -33.0481 -71.6153
31 -33.0484 -71.6144
481 -33.0494 -71.6144
828 -33.0494 -71.6143
425 -33.0495 -71.6142
345 -33.0487 -71.613
807 -33.0486 -71.6135
178 -33.0487 -71.6132
153 -33.0487 -71.6131
133 -33.0487 -71.6129
920 -33.0495 -71.6129
494 -33.0491 -71.6129
685 -33.0489 -71.6124
444 -33.0488 -71.6127
683 -33.0487 -71.6129
847 -33.0487 -71.6129
899 -33.0488 -71.6128
231 -33.0486 -71.6136
248 -33.0485 -71.6137
590 -33.0485 -71.6137
758 -33.0485 -71.6137
44 -33.0485 -71.6139
648 -33.0484 -71.6143
538 -33.0484 -71.6142
728 -33.0485 -71.614
971 -33.0485 -71.6136
418 -33.0485 -71.6136
823 -33.0485 -71.6136
119 -33.0485 -71.6136
353 -33.0479 -71.6128
54 -33.0476 -71.6127
634 -33.0478 -71.6125
947 -33.0489 -71.6122
866 -33.0545 -71.6105
259 -33.0555 -71.6104
72 -33.0555 -71.6104
773 -33.0545 -71.6122
35 -33.0545 -71.6122
679 -33.0545 -71.6122
874 -33.0544 -71.6105
463 -33.0554 -71.6104
970 -33.0573 -71.61
606 -33.0561 -71.6089
876 -33.0561 -71.6088
132 -33.056 -71.6095
384 -33.0549 -71.6104
748 -33.0557 -71.6094
886 -33.056 -71.609
274 -33.0544 -71.6121
676 -33.0543 -71.6119
424 -33.0543 -71.6119
303 -33.0542 -71.6118
512 -33.0542 -71.6117
7 -33.0541 -71.6115
674 -33.0541 -71.6115
848 -33.0541 -71.6115
797 -33.054 -71.6115
506 -33.054 -71.6113
26 -33.0539 -71.6105
569 -33.0543 -71.6105
40 -33.0539 -71.6113
910 -33.0538 -71.6113
242 -33.0538 -71.6111
2 -33.0538 -71.611
918 -33.0546 -71.6085
219 -33.0546 -71.6085
772 -33.0546 -71.6085
980 -33.0546 -71.6085
723 -33.0545 -71.6085
662 -33.0545 -71.6085
878 -33.0545 -71.6085
489 -33.0544 -71.6085
769 -33.0544 -71.6085
954 -33.0544 -71.6085
458 -33.0543 -71.6085
810 -33.0546 -71.6085
378 -33.0543 -71.6085
715 -33.0543 -71.6085
825 -33.0542 -71.6085
753 -33.0542 -71.6085
664 -33.0542 -71.6085
470 -33.0542 -71.6085
156 -33.0541 -71.6085
984 -33.0542 -71.6085
540 -33.0541 -71.6085
73 -33.0541 -71.6085
503 -33.054 -71.6085
62 -33.0541 -71.6085
350 -33.054 -71.6085
843 -33.054 -71.6085
261 -33.0539 -71.6085
622 -33.0539 -71.6085
557 -33.0539 -71.6085
381 -33.0538 -71.6085
532 -33.0538 -71.6085
737 -33.0538 -71.611
214 -33.0537 -71.6122
14 -33.0536 -71.6122
351 -33.0536 -71.6122
29 -33.0535 -71.6122
15 -33.0535 -71.6122
295 -33.0533 -71.6122
299 -33.0532 -71.6115
97 -33.0534 -71.6114
578 -33.0535 -71.6114
49 -33.0536 -71.6111
187 -33.0537 -71.6109
212 -33.0534 -71.611
603 -33.0533 -71.611
601 -33.0533 -71.6109
224 -33.0532 -71.6109
909 -33.0531 -71.6121
197 -33.0531 -71.6121
916 -33.053 -71.6121
789 -33.0527 -71.6121
577 -33.0527 -71.6121
252 -33.0527 -71.6121
387 -33.0527 -71.6121
23 -33.0527 -71.6121
272 -33.0525 -71.6121
645 -33.0531 -71.6109
89 -33.0531 -71.6109
551 -33.053 -71.6108
268 -33.0527 -71.6116
415 -33.0525 -71.6117
745 -33.0526 -71.6116
681 -33.053 -71.6108
276 -33.0536 -71.6108
120 -33.0536 -71.6106
390 -33.0536 -71.6106
556 -33.0536 -71.6106
782 -33.0535 -71.6106
675 -33.0535 -71.6106
190 -33.0535 -71.6105
811 -33.0535 -71.6105
746 -33.0537 -71.6085
94 -33.0537 -71.6085
110 -33.0537 -71.6085
32 -33.0534 -71.6085
505 -33.0534 -71.6101
192 -33.0533 -71.61
923 -33.0534 -71.6085
575 -33.053 -71.6108
22 -33.053 -71.6108
228 -33.0528 -71.6106
600 -33.0527 -71.6105
885 -33.0527 -71.6104
204 -33.0526 -71.6103
343 -33.0526 -71.6103
211 -33.0526 -71.6103
863 -33.0526 -71.6102
861 -33.0526 -71.6102
593 -33.0525 -71.6101
324 -33.0525 -71.6101
734 -33.0524 -71.61
821 -33.0524 -71.6099
421 -33.0524 -71.6099
944 -33.0547 -71.6085
300 -33.0578 -71.6082
528 -33.058 -71.6081
474 -33.0576 -71.6081
808 -33.0575 -71.6081
677 -33.0574 -71.6081
281 -33.0572 -71.608
419 -33.0569 -71.608
63 -33.0569 -71.608
159 -33.0568 -71.608
925 -33.0568 -71.608
280 -33.0568 -71.608
903 -33.0565 -71.608
672 -33.0563 -71.608
581 -33.0563 -71.608
977 -33.0562 -71.6079
362 -33.0561 -71.6079
477 -33.0552 -71.6081
558 -33.0557 -71.6081
705 -33.0553 -71.608
873 -33.0552 -71.6081
438 -33.055 -71.6082
83 -33.0551 -71.6082
225 -33.0551 -71.6082
912 -33.0553 -71.608
223 -33.0554 -71.6079
454 -33.056 -71.6079
510 -33.0556 -71.6079
473 -33.0553 -71.608
285 -33.0553 -71.608
535 -33.0553 -71.608
613 -33.0553 -71.608
700 -33.0555 -71.6079
311 -33.0561 -71.6075
525 -33.0564 -71.6073
112 -33.0566 -71.6072
332 -33.056 -71.6079
499 -33.0559 -71.6079
79 -33.0559 -71.6079
934 -33.0559 -71.6079
491 -33.0569 -71.6071
291 -33.0574 -71.6069
147 -33.057 -71.6047
441 -33.058 -71.6045
331 -33.057 -71.6071
870 -33.0569 -71.6046
768 -33.0567 -71.6045
90 -33.0562 -71.6044
924 -33.0558 -71.6043
469 -33.0558 -71.6078
11 -33.0557 -71.6078
400 -33.0556 -71.6078
335 -33.0555 -71.6078
657 -33.0555 -71.6079
411 -33.0555 -71.6079
929 -33.0555 -71.6079
461 -33.0556 -71.6078
527 -33.0556 -71.6078
296 -33.0557 -71.6077
129 -33.0557 -71.6077
513 -33.0556 -71.6078
196 -33.0552 -71.6049
221 -33.0555 -71.6044
858 -33.055 -71.6082
478 -33.0547 -71.6084
555 -33.0547 -71.6084
138 -33.0548 -71.6084
592 -33.0547 -71.6084
626 -33.0533 -71.6084
706 -33.0533 -71.6084
840 -33.0533 -71.6084
472 -33.0548 -71.6084
46 -33.0549 -71.6083
740 -33.0549 -71.6083
922 -33.055 -71.6083
857 -33.0549 -71.6083
833 -33.0548 -71.6084
422 -33.0548 -71.6084
282 -33.0548 -71.6083
183 -33.0533 -71.6084
158 -33.0532 -71.6084
952 -33.0532 -71.6084
316 -33.0531 -71.6084
690 -33.0531 -71.6084
137 -33.0531 -71.6084
846 -33.0531 -71.6084
328 -33.053 -71.6084
468 -33.053 -71.6083
126 -33.053 -71.6083
836 -33.053 -71.6083
714 -33.0529 -71.6083
167 -33.0529 -71.6083
136 -33.0529 -71.6083
951 -33.0528 -71.6083
471 -33.0528 -71.6083
502 -33.0528 -71.6083
168 -33.055 -71.6082
888 -33.055 -71.6082
981 -33.0528 -71.6083
757 -33.0527 -71.6082
785 -33.0527 -71.6082
398 -33.0527 -71.6082
256 -33.0531 -71.6066
98 -33.0545 -71.6064
937 -33.0537 -71.6061
78 -33.0546 -71.6046
620 -33.0536 -71.6048
595 -33.053 -71.6065
169 -33.0536 -71.6047
293 -33.0528 -71.6047
671 -33.0527 -71.6082
752 -33.0527 -71.6082
966 -33.0526 -71.6082
460 -33.0526 -71.6082
369 -33.0526 -71.6082
704 -33.0526 -71.6082
56 -33.0526 -71.6082
653 -33.0525 -71.6082
741 -33.0525 -71.6082
990 -33.0525 -71.6082
236 -33.0524 -71.6081
99 -33.0526 -71.6048
815 -33.0524 -71.6081
182 -33.0524 -71.6081
832 -33.0524 -71.6081
404 -33.0524 -71.6081
310 -33.0523 -71.612
160 -33.0522 -71.612
998 -33.0522 -71.612
649 -33.0522 -71.612
386 -33.052 -71.612
347 -33.0521 -71.612
986 -33.0519 -71.612
742 -33.0519 -71.612
309 -33.0517 -71.612
141 -33.0518 -71.6118
143 -33.0521 -71.6117
936 -33.0517 -71.6118
151 -33.0515 -71.612
931 -33.0516 -71.6118
943 -33.0516 -71.6118
905 -33.0515 -71.612
759 -33.0515 -71.612
102 -33.0514 -71.6119
108 -33.0513 -71.6119
200 -33.0513 -71.6119
70 -33.0511 -71.6122
334 -33.0512 -71.6121
615 -33.0512 -71.612
208 -33.0512 -71.6119
391 -33.0514 -71.6119
356 -33.0514 -71.6119
433 -33.0515 -71.6119
202 -33.0512 -71.6119
275 -33.0504 -71.6113
449 -33.0503 -71.6113
953 -33.0502 -71.6104
507 -33.0502 -71.6104
264 -33.051 -71.6101
410 -33.051 -71.6101
67 -33.051 -71.6101
359 -33.0509 -71.6102
667 -33.0509 -71.6102
871 -33.0509 -71.6102
921 -33.0508 -71.6102
875 -33.051 -71.6101
247 -33.0512 -71.6099
691 -33.0512 -71.6099
720 -33.0512 -71.6099
806 -33.0512 -71.6099
682 -33.051 -71.6101
554 -33.0511 -71.61
887 -33.0512 -71.6099
184 -33.0508 -71.6102
6 -33.0507 -71.6102
567 -33.0508 -71.6102
289 -33.0507 -71.6102
552 -33.0505 -71.6102
490 -33.0502 -71.6102
609 -33.0502 -71.6102
41 -33.0505 -71.6102
893 -33.0504 -71.6102
616 -33.0506 -71.6102
965 -33.0504 -71.6102
959 -33.0504 -71.6102
445 -33.0503 -71.6102
689 -33.0503 -71.6101
104 -33.0502 -71.6101
37 -33.0501 -71.6104
246 -33.05 -71.6114
841 -33.05 -71.6114
969 -33.0499 -71.6113
524 -33.0499 -71.6118
750 -33.0499 -71.6121
379 -33.0499 -71.6121
898 -33.0497 -71.6112
974 -33.0496 -71.6112
95 -33.05 -71.6111
684 -33.05 -71.611
330 -33.05 -71.611
451 -33.05 -71.6111
338 -33.0497 -71.6112
817 -33.0493 -71.6112
33 -33.0493 -71.6112
766 -33.0493 -71.6112
58 -33.049 -71.6117
651 -33.049 -71.6117
465 -33.0491 -71.6115
342 -33.049 -71.612
596 -33.0489 -71.6122
779 -33.049 -71.6121
719 -33.049 -71.612
932 -33.0491 -71.6114
439 -33.0491 -71.6113
526 -33.0491 -71.6112
317 -33.049 -71.6112
312 -33.0484 -71.6111
241 -33.0484 -71.6111
96 -33.0483 -71.6111
792 -33.05 -71.611
584 -33.0501 -71.6107
699 -33.0501 -71.6107
443 -33.0501 -71.6106
114 -33.0501 -71.6108
352 -33.0501 -71.6109
543 -33.0501 -71.6108
396 -33.0501 -71.6108
426 -33.0501 -71.6106
594 -33.0501 -71.6105
135 -33.0501 -71.6104
995 -33.0501 -71.6101
570 -33.0501 -71.6106
630 -33.0501 -71.6106
45 -33.0501 -71.6106
777 -33.0501 -71.6106
926 -33.0501 -71.6109
131 -33.0501 -71.6109
824 -33.0495 -71.6099
459 -33.0495 -71.6099
729 -33.0495 -71.61
3 -33.0494 -71.6099
814 -33.0493 -71.6099
702 -33.0492 -71.6099
486 -33.0492 -71.6099
249 -33.0491 -71.6099
798 -33.049 -71.6099
288 -33.049 -71.6099
865 -33.0489 -71.6099
4 -33.0488 -71.6099
695 -33.0483 -71.6098
985 -33.0482 -71.6098
227 -33.0523 -71.6097
771 -33.0523 -71.6097
607 -33.0523 -71.6097
498 -33.0522 -71.6096
68 -33.0522 -71.6095
235 -33.0521 -71.6095
229 -33.0521 -71.6085
181 -33.0521 -71.6085
736 -33.0522 -71.6084
882 -33.0522 -71.6083
284 -33.0522 -71.6083
294 -33.0522 -71.6084
321 -33.0521 -71.6085
319 -33.0521 -71.6085
199 -33.0521 -71.6085
357 -33.0521 -71.6087
233 -33.052 -71.6093
437 -33.052 -71.6093
738 -33.052 -71.6093
82 -33.052 -71.6093
813 -33.0517 -71.6094
257 -33.0518 -71.6093
371 -33.0518 -71.6093
306 -33.052 -71.6093
230 -33.052 -71.609
375 -33.052 -71.6088
997 -33.0521 -71.6088
670 -33.0519 -71.6091
185 -33.0518 -71.6091
707 -33.0518 -71.6091
395 -33.0516 -71.6082
544 -33.0516 -71.6082
856 -33.0524 -71.6081
669 -33.0522 -71.6081
365 -33.0523 -71.6081
417 -33.0522 -71.6081
349 -33.0522 -71.6081
125 -33.0522 -71.6081
243 -33.0521 -71.6081
71 -33.0521 -71.6081
624 -33.0523 -71.6081
770 -33.0522 -71.608
382 -33.0522 -71.6079
673 -33.0522 -71.6079
406 -33.0522 -71.6079
325 -33.0522 -71.6078
788 -33.0522 -71.6076
845 -33.0521 -71.6081
16 -33.052 -71.608
172 -33.052 -71.608
244 -33.052 -71.6069
287 -33.0518 -71.6076
103 -33.0518 -71.6076
993 -33.0518 -71.6076
975 -33.0515 -71.6075
564 -33.0518 -71.6063
358 -33.0517 -71.6062
65 -33.0517 -71.6061
957 -33.0517 -71.6047
122 -33.0517 -71.6061
388 -33.0515 -71.606
1 -33.0517 -71.6051
562 -33.0515 -71.6088
731 -33.0514 -71.6097
91 -33.0514 -71.6088
625 -33.0514 -71.6088
534 -33.0514 -71.6088
245 -33.0513 -71.6098
267 -33.0513 -71.6098
397 -33.0513 -71.6098
658 -33.0514 -71.6087
623 -33.0512 -71.6087
203 -33.0512 -71.6086
867 -33.0511 -71.6086
215 -33.0511 -71.6085
791 -33.0507 -71.6085
566 -33.0506 -71.6085
193 -33.0506 -71.6085
776 -33.0505 -71.6085
650 -33.05 -71.6091
121 -33.05 -71.6091
781 -33.0499 -71.6091
39 -33.0496 -71.6093
928 -33.0495 -71.6098
663 -33.0495 -71.6097
344 -33.0496 -71.6096
28 -33.0498 -71.6091
536 -33.0505 -71.6085
429 -33.0505 -71.6085
270 -33.0505 -71.6085
161 -33.0504 -71.6085
47 -33.0497 -71.6091
906 -33.0503 -71.6085
508 -33.0502 -71.6085
8 -33.0514 -71.6083
232 -33.0513 -71.6075
339 -33.0513 -71.6075
839 -33.0511 -71.6074
895 -33.0508 -71.6074
989 -33.0507 -71.6073
308 -33.0507 -71.6073
149 -33.051 -71.6062
628 -33.0514 -71.6059
913 -33.0512 -71.6059
30 -33.051 -71.6051
826 -33.051 -71.6051
492 -33.0509 -71.6058
896 -33.0507 -71.6057
800 -33.0506 -71.6057
21 -33.0506 -71.6073
914 -33.0501 -71.6085
617 -33.05 -71.6084
717 -33.0498 -71.6084
188 -33.0494 -71.6083
380 -33.0494 -71.6083
59 -33.0494 -71.6083
568 -33.0493 -71.6083
618 -33.0491 -71.6083
346 -33.0489 -71.6083
194 -33.0505 -71.6073
514 -33.0502 -71.6055
559 -33.0484 -71.6082
162 -33.0482 -71.6082
533 -33.0478 -71.604
