619 -33.0601 -71.6164
760 -33.0601 -71.6164
455 -33.0603 -71.6163
271 -33.06 -71.6165
838 -33.0595 -71.6167
154 -33.0595 -71.6164
803 -33.0596 -71.6164
754 -33.0605 -71.6163
301 -33.0608 -71.6161
978 -33.0624 -71.6155
475 -33.0626 -71.615
456 -33.0598 -71.6163
962 -33.0596 -71.6148
549 -33.0597 -71.6146
726 -33.0597 -71.6145
907 -33.0594 -71.6167
466 -33.059 -71.6169
446 -33.0591 -71.6168
290 -33.0593 -71.6167
423 -33.0588 -71.6169
179 -33.0587 -71.617
403 -33.0588 -71.6169
698 -33.0587 -71.6154
819 -33.0587 -71.6154
773 -33.0591 -71.6151
61 -33.0593 -71.615
69 -33.059 -71.6145
274 -33.059 -71.6152
424 -33.0588 -71.6154
488 -33.0588 -71.6148
373 -33.0587 -71.6148
762 -33.0597 -71.6145
467 -33.0606 -71.6141
686 -33.0607 -71.614
483 -33.0607 -71.6139
945 -33.0603 -71.6143
279 -33.0599 -71.6145
123 -33.06 -71.6145
367 -33.06 -71.6144
967 -33.0598 -71.6138
127 -33.0607 -71.6137
189 -33.0607 -71.6136
994 -33.061 -71.6134
751 -33.0601 -71.6134
354 -33.0598 -71.6137
255 -33.0598 -71.6136
370 -33.06 -71.6134
693 -33.0598 -71.6137
107 -33.0594 -71.6142
580 -33.0594 -71.6141
146 -33.0594 -71.6141
405 -33.0592 -71.6144
450 -33.0591 -71.6145
641 -33.059 -71.6145
150 -33.0591 -71.6144
134 -33.0595 -71.614
816 -33.0595 -71.614
269 -33.0596 -71.6138
916 -33.0591 -71.6135
402 -33.0591 -71.6136
464 -33.0591 -71.6136
950 -33.0591 -71.6134
166 -33.0587 -71.6171
495 -33.0586 -71.6171
145 -33.0585 -71.6169
767 -33.0585 -71.6167
448 -33.0583 -71.6174
262 -33.0581 -71.6175
431 -33.0582 -71.6174
171 -33.0581 -71.617
198 -33.0584 -71.6165
809 -33.0584 -71.6156
7 -33.0585 -71.6153
355 -33.0582 -71.615
49 -33.0581 -71.615
506 -33.058 -71.6158
341 -33.058 -71.615
546 -33.058 -71.615
908 -33.0579 -71.6177
946 -33.0578 -71.6178
930 -33.0579 -71.6177
611 -33.0577 -71.617
487 -33.0577 -71.6179
393 -33.0575 -71.6181
727 -33.0576 -71.6179
614 -33.0576 -71.6179
761 -33.0578 -71.615
434 -33.0578 -71.6149
254 -33.0578 -71.6149
361 -33.0578 -71.6149
973 -33.0577 -71.6149
844 -33.0577 -71.6149
117 -33.0577 -71.6149
292 -33.0577 -71.6149
711 -33.0577 -71.6149
636 -33.0586 -71.6149
797 -33.0585 -71.6148
512 -33.0586 -71.6146
105 -33.0583 -71.6148
476 -33.0581 -71.6144
551 -33.058 -71.6143
948 -33.0582 -71.6142
175 -33.0584 -71.6139
571 -33.0584 -71.6138
881 -33.0583 -71.6134
668 -33.0586 -71.6133
521 -33.0583 -71.6134
587 -33.0579 -71.6139
216 -33.058 -71.6139
212 -33.0581 -71.6136
389 -33.0579 -71.6139
992 -33.0575 -71.6149
812 -33.0575 -71.6149
89 -33.0575 -71.6149
593 -33.0575 -71.614
885 -33.0575 -71.6144
204 -33.0574 -71.6143
343 -33.0574 -71.6142
730 -33.0576 -71.6139
919 -33.0577 -71.6139
211 -33.0578 -71.6139
591 -33.0576 -71.6134
734 -33.0575 -71.6138
421 -33.0575 -71.6138
40 -33.0574 -71.6135
848 -33.0581 -71.6133
118 -33.0627 -71.613
679 -33.0606 -71.6127
917 -33.0627 -71.6127
351 -33.0606 -71.6127
407 -33.0603 -71.613
582 -33.0605 -71.6128
14 -33.0606 -71.6127
579 -33.0627 -71.6126
733 -33.061 -71.6123
57 -33.0611 -71.6123
452 -33.0611 -71.6122
413 -33.0609 -71.6125
480 -33.0608 -71.6125
12 -33.0608 -71.6125
237 -33.0603 -71.6124
927 -33.0603 -71.6131
408 -33.0601 -71.6133
537 -33.0601 -71.6132
251 -33.0601 -71.6132
577 -33.0597 -71.6128
19 -33.0594 -71.6129
272 -33.0595 -71.6128
955 -33.0595 -71.6128
789 -33.0597 -71.6128
295 -33.0598 -71.6128
674 -33.06 -71.6128
414 -33.06 -71.6128
387 -33.0598 -71.6128
252 -33.0595 -71.6126
991 -33.0595 -71.6125
743 -33.0595 -71.6125
52 -33.0613 -71.6122
976 -33.0633 -71.6122
523 -33.0627 -71.612
640 -33.0617 -71.612
608 -33.0617 -71.6121
60 -33.0615 -71.6121
209 -33.0616 -71.6121
869 -33.0616 -71.6121
561 -33.0626 -71.612
482 -33.0634 -71.6119
420 -33.0637 -71.6117
326 -33.0639 -71.6117
531 -33.0622 -71.612
238 -33.0622 -71.612
501 -33.0622 -71.612
774 -33.0621 -71.612
879 -33.0615 -71.6121
958 -33.0614 -71.6122
366 -33.0614 -71.6121
818 -33.0614 -71.6121
646 -33.0613 -71.6122
286 -33.0613 -71.6122
747 -33.0613 -71.6122
909 -33.0595 -71.6121
642 -33.0615 -71.6121
51 -33.0615 -71.6121
627 -33.0605 -71.6116
307 -33.0606 -71.6116
876 -33.0603 -71.6115
563 -33.0593 -71.6116
368 -33.0598 -71.6116
298 -33.0593 -71.6116
822 -33.0589 -71.6133
575 -33.0587 -71.613
124 -33.0588 -71.6129
22 -33.0587 -71.613
102 -33.0584 -71.613
759 -33.0586 -71.613
309 -33.0587 -71.613
986 -33.0589 -71.6129
347 -33.059 -71.6129
601 -33.0591 -71.6129
602 -33.0591 -71.6129
224 -33.059 -71.6129
603 -33.0589 -71.6129
376 -33.059 -71.6129
742 -33.0589 -71.6129
18 -33.0584 -71.613
963 -33.0582 -71.6131
208 -33.0582 -71.613
200 -33.0582 -71.613
542 -33.0582 -71.6132
42 -33.0582 -71.6132
520 -33.0577 -71.6131
35 -33.0577 -71.6131
202 -33.0581 -71.613
863 -33.0581 -71.613
615 -33.058 -71.613
70 -33.0579 -71.6129
324 -33.0579 -71.6129
334 -33.0579 -71.6129
649 -33.0578 -71.6129
837 -33.0577 -71.6129
998 -33.0592 -71.6129
160 -33.0592 -71.6129
310 -33.0593 -71.6129
386 -33.0589 -71.6129
872 -33.0583 -71.6127
645 -33.0583 -71.6127
20 -33.0589 -71.6127
214 -33.0583 -71.6127
23 -33.0592 -71.6126
303 -33.0591 -71.6125
676 -33.0591 -71.6122
29 -33.0588 -71.6126
842 -33.0583 -71.6126
197 -33.0585 -71.6124
560 -33.0588 -71.6117
905 -33.0582 -71.6128
108 -33.0582 -71.6129
801 -33.0577 -71.6129
227 -33.0576 -71.6129
87 -33.0576 -71.6129
173 -33.0576 -71.6129
607 -33.0576 -71.6129
661 -33.0576 -71.6129
771 -33.0575 -71.6128
877 -33.0575 -71.6128
151 -33.0581 -71.6126
442 -33.0581 -71.6125
725 -33.0575 -71.6128
498 -33.0575 -71.6128
235 -33.0574 -71.6128
600 -33.0574 -71.6144
128 -33.0573 -71.6182
830 -33.0573 -71.6182
327 -33.0573 -71.6182
504 -33.0572 -71.6183
703 -33.0571 -71.6184
597 -33.0571 -71.6184
66 -33.0566 -71.6182
961 -33.0563 -71.6181
904 -33.0561 -71.6181
585 -33.057 -71.6172
100 -33.0566 -71.6167
5 -33.0561 -71.6161
364 -33.0561 -71.6181
497 -33.0561 -71.6161
226 -33.0561 -71.6161
647 -33.0561 -71.6161
109 -33.0558 -71.618
130 -33.0557 -71.618
940 -33.0557 -71.6165
859 -33.0557 -71.6166
165 -33.0557 -71.6179
999 -33.0557 -71.6168
313 -33.0557 -71.6167
176 -33.0557 -71.6164
796 -33.056 -71.6162
115 -33.056 -71.6162
890 -33.0561 -71.6161
85 -33.056 -71.6162
550 -33.0558 -71.6164
142 -33.0559 -71.6163
412 -33.0559 -71.6163
144 -33.0561 -71.6161
111 -33.0562 -71.616
75 -33.0562 -71.616
38 -33.0562 -71.6159
315 -33.0562 -71.616
496 -33.0561 -71.616
195 -33.0561 -71.616
659 -33.0562 -71.6159
852 -33.0562 -71.6159
500 -33.0562 -71.6159
163 -33.0561 -71.6158
148 -33.0562 -71.6152
253 -33.0561 -71.6152
678 -33.0561 -71.6157
749 -33.0561 -71.6156
430 -33.0561 -71.6152
304 -33.056 -71.616
24 -33.056 -71.6159
964 -33.056 -71.6158
250 -33.056 -71.6156
574 -33.0558 -71.6159
106 -33.0557 -71.6159
850 -33.0557 -71.6159
688 -33.0557 -71.6159
260 -33.056 -71.6155
17 -33.056 -71.6155
385 -33.056 -71.6153
266 -33.056 -71.6153
756 -33.056 -71.6153
632 -33.056 -71.6154
783 -33.056 -71.6153
53 -33.0557 -71.6169
979 -33.0554 -71.6179
883 -33.0554 -71.6174
217 -33.0556 -71.6171
10 -33.0553 -71.6179
983 -33.0553 -71.6179
949 -33.0553 -71.6178
829 -33.0552 -71.6178
479 -33.0556 -71.6171
697 -33.0556 -71.6171
884 -33.0556 -71.6159
572 -33.0555 -71.6159
13 -33.0555 -71.6159
191 -33.0553 -71.6158
174 -33.0553 -71.6158
273 -33.0553 -71.6158
786 -33.0551 -71.6178
409 -33.0545 -71.6189
629 -33.054 -71.6189
710 -33.0548 -71.6186
849 -33.0537 -71.6188
509 -33.0533 -71.6188
516 -33.0526 -71.6187
427 -33.0535 -71.6186
92 -33.0548 -71.6185
25 -33.0549 -71.6183
598 -33.055 -71.618
589 -33.0551 -71.6178
987 -33.0549 -71.6184
511 -33.0542 -71.6184
708 -33.0544 -71.6184
652 -33.0552 -71.6158
692 -33.055 -71.6158
900 -33.0549 -71.6158
712 -33.0549 -71.6158
529 -33.0548 -71.6158
263 -33.0546 -71.6157
453 -33.0546 -71.6157
239 -33.0545 -71.6157
416 -33.0543 -71.6157
573 -33.0542 -71.6157
889 -33.0541 -71.6156
494 -33.0556 -71.6156
170 -33.0541 -71.6156
333 -33.054 -71.6156
113 -33.0539 -71.6156
639 -33.0538 -71.6156
155 -33.0538 -71.6156
610 -33.0529 -71.6158
644 -33.0525 -71.6157
605 -33.0538 -71.6156
911 -33.0524 -71.6156
764 -33.0522 -71.6157
988 -33.0513 -71.6156
205 -33.0511 -71.6156
277 -33.0511 -71.6156
763 -33.0535 -71.6155
794 -33.0535 -71.6155
157 -33.0534 -71.6155
635 -33.053 -71.6155
820 -33.0511 -71.6156
938 -33.051 -71.6156
177 -33.0562 -71.6151
721 -33.0573 -71.6149
892 -33.0573 -71.6149
547 -33.0573 -71.6148
864 -33.0573 -71.6149
545 -33.0572 -71.6148
787 -33.0571 -71.6148
323 -33.0567 -71.6147
228 -33.0573 -71.6147
377 -33.0574 -71.6145
713 -33.0574 -71.6145
775 -33.0574 -71.6144
891 -33.0573 -71.6147
210 -33.0573 -71.6147
68 -33.0571 -71.6135
185 -33.0567 -71.6133
565 -33.0567 -71.6148
116 -33.0564 -71.615
795 -33.0564 -71.615
835 -33.0564 -71.615
399 -33.0564 -71.615
739 -33.0562 -71.6151
93 -33.0563 -71.6151
340 -33.0564 -71.615
831 -33.0565 -71.6149
860 -33.0566 -71.6149
687 -33.0566 -71.6148
880 -33.0567 -71.6148
320 -33.0566 -71.6149
867 -33.0558 -71.6131
382 -33.0558 -71.6131
181 -33.0563 -71.6131
91 -33.0562 -71.6131
265 -33.0574 -71.6128
82 -33.0572 -71.6127
599 -33.0572 -71.6127
738 -33.0572 -71.6127
233 -33.0571 -71.6127
306 -33.0571 -71.6127
655 -33.0571 -71.6127
437 -33.0571 -71.6127
707 -33.0569 -71.6126
942 -33.0568 -71.6126
201 -33.0568 -71.6126
392 -33.0568 -71.6126
902 -33.0567 -71.6125
275 -33.0565 -71.6124
562 -33.0565 -71.6124
658 -33.0564 -71.6124
534 -33.0564 -71.6124
449 -33.0563 -71.6124
996 -33.0563 -71.6124
625 -33.0563 -71.6131
270 -33.0554 -71.6124
203 -33.0562 -71.6124
566 -33.0556 -71.6123
623 -33.0561 -71.6123
805 -33.0561 -71.6123
186 -33.056 -71.6123
588 -33.0558 -71.6123
791 -33.0557 -71.6123
638 -33.0556 -71.6123
666 -33.0557 -71.6123
33 -33.0553 -71.6124
429 -33.0552 -71.6131
536 -33.0552 -71.6131
906 -33.0552 -71.6124
161 -33.0551 -71.6131
353 -33.0546 -71.6149
54 -33.0543 -71.6147
59 -33.0543 -71.6124
508 -33.0552 -71.6124
617 -33.0552 -71.6124
914 -33.0551 -71.6124
683 -33.0548 -71.6124
717 -33.0548 -71.6124
972 -33.0511 -71.6124
380 -33.0542 -71.6124
188 -33.0544 -71.6123
793 -33.0511 -71.6124
696 -33.0497 -71.6131
827 -33.0508 -71.6131
735 -33.0497 -71.6131
322 -33.0497 -71.6132
101 -33.0494 -71.6148
802 -33.0496 -71.6132
139 -33.0496 -71.6132
9 -33.0508 -71.6131
447 -33.0499 -71.6129
360 -33.0498 -71.6125
34 -33.0498 -71.6124
718 -33.0498 -71.6127
222 -33.0497 -71.613
633 -33.0497 -71.6129
568 -33.0543 -71.6123
618 -33.0541 -71.6123
346 -33.0543 -71.6122
559 -33.0543 -71.6119
758 -33.0541 -71.6123
44 -33.054 -71.6122
851 -33.0533 -71.6122
862 -33.0522 -71.612
81 -33.0515 -71.6119
660 -33.0527 -71.6116
834 -33.0528 -71.6116
31 -33.0535 -71.6114
394 -33.0526 -71.6116
604 -33.0516 -71.6118
314 -33.0525 -71.6117
855 -33.0526 -71.6117
348 -33.0515 -71.6119
485 -33.0498 -71.6122
493 -33.0498 -71.6121
583 -33.0499 -71.612
935 -33.0498 -71.6122
80 -33.0498 -71.6123
784 -33.049 -71.612
220 -33.049 -71.612
553 -33.0513 -71.6119
901 -33.0514 -71.6119
939 -33.0499 -71.6116
755 -33.05 -71.6114
484 -33.0499 -71.6117
732 -33.0499 -71.6118
982 -33.049 -71.6118
77 -33.0536 -71.6114
297 -33.0619 -71.6111
790 -33.0638 -71.6111
474 -33.0618 -71.6108
43 -33.0618 -71.6106
903 -33.0617 -71.6107
934 -33.0615 -71.6104
581 -33.0617 -71.6103
576 -33.0617 -71.6103
63 -33.063 -71.6099
499 -33.0621 -71.6095
677 -33.0631 -71.6093
79 -33.062 -71.6095
469 -33.0619 -71.6095
11 -33.0619 -71.6094
335 -33.0617 -71.6094
225 -33.0615 -71.6089
700 -33.0612 -71.61
285 -33.0611 -71.6099
705 -33.061 -71.6098
970 -33.0608 -71.6096
26 -33.0608 -71.6103
886 -33.0602 -71.6103
305 -33.06 -71.6102
138 -33.0605 -71.6095
473 -33.0615 -71.6094
858 -33.0611 -71.6093
438 -33.0611 -71.6093
740 -33.061 -71.6094
422 -33.061 -71.6093
282 -33.061 -71.6092
944 -33.061 -71.609
478 -33.0611 -71.6089
918 -33.0609 -71.6089
72 -33.0609 -71.6089
219 -33.0609 -71.6089
723 -33.0609 -71.6089
878 -33.0609 -71.6088
463 -33.0608 -71.6088
489 -33.0608 -71.6088
715 -33.0607 -71.6088
400 -33.062 -71.6086
419 -33.0617 -71.608
672 -33.0624 -71.6078
461 -33.061 -71.6086
470 -33.0607 -71.6087
458 -33.0607 -71.6087
664 -33.0607 -71.6086
156 -33.0607 -71.6085
73 -33.0604 -71.6088
350 -33.0607 -71.6085
62 -33.0606 -71.6085
94 -33.0603 -71.6083
132 -33.06 -71.6088
332 -33.0602 -71.6083
532 -33.0603 -71.6083
746 -33.0603 -71.6083
952 -33.0599 -71.608
753 -33.0607 -71.6079
888 -33.0601 -71.6078
183 -33.0599 -71.608
810 -33.0598 -71.6082
690 -33.0598 -71.6079
328 -33.0598 -71.6079
748 -33.0589 -71.6112
187 -33.0591 -71.6112
190 -33.0595 -71.6112
259 -33.0589 -71.6112
606 -33.0583 -71.6113
558 -33.0584 -71.6106
765 -33.0582 -71.6106
415 -33.0582 -71.6105
97 -33.059 -71.6104
866 -33.0596 -71.6098
362 -33.0589 -71.6095
236 -33.0587 -71.6089
657 -33.0586 -71.6101
856 -33.0585 -71.6091
454 -33.0582 -71.609
706 -33.0581 -71.6105
15 -33.058 -71.6113
569 -33.0579 -71.6113
821 -33.0579 -71.6103
861 -33.0579 -71.6104
681 -33.0576 -71.6111
510 -33.0577 -71.6107
540 -33.0575 -71.6103
143 -33.0578 -71.6102
384 -33.0577 -71.6102
745 -33.058 -71.61
268 -33.0579 -71.6099
874 -33.0576 -71.6088
141 -33.0575 -71.6101
535 -33.0575 -71.6088
626 -33.0596 -71.6088
2 -33.0592 -71.6088
846 -33.059 -71.6079
528 -33.059 -71.6079
199 -33.0586 -71.6079
556 -33.0584 -71.608
375 -33.0584 -71.608
997 -33.0584 -71.608
788 -33.0587 -71.6079
736 -33.0587 -71.6079
167 -33.0595 -71.6078
929 -33.0589 -71.6078
294 -33.0587 -71.6079
321 -33.0587 -71.6079
325 -33.0587 -71.6079
229 -33.0587 -71.6079
675 -33.0584 -71.608
244 -33.058 -71.6083
811 -33.0579 -71.6083
242 -33.0579 -71.6082
339 -33.0578 -71.6082
257 -33.0578 -71.6082
232 -33.0578 -71.6082
215 -33.0578 -71.6082
371 -33.0579 -71.6082
287 -33.0582 -71.608
103 -33.0583 -71.608
395 -33.0583 -71.608
737 -33.058 -71.6081
813 -33.0578 -71.6082
839 -33.0576 -71.6081
993 -33.0581 -71.6078
557 -33.0606 -71.6076
662 -33.0612 -71.6073
977 -33.0617 -71.6073
381 -33.0606 -71.6077
923 -33.06 -71.6077
46 -33.0601 -71.6072
912 -33.0602 -71.6072
833 -33.0615 -71.6072
592 -33.0613 -71.607
808 -33.0612 -71.6068
441 -33.0634 -71.6065
159 -33.0609 -71.6065
281 -33.0602 -71.607
300 -33.0606 -71.6068
772 -33.0601 -71.6065
137 -33.06 -71.6077
714 -33.0596 -71.6078
468 -33.0598 -71.6078
836 -33.0597 -71.6076
757 -33.0595 -71.6077
471 -33.0595 -71.6077
981 -33.0594 -71.6077
741 -33.0593 -71.6076
653 -33.0593 -71.6076
502 -33.0595 -71.6076
398 -33.0594 -71.6076
966 -33.0594 -71.6076
785 -33.0594 -71.6076
369 -33.0593 -71.6076
752 -33.0593 -71.6076
56 -33.0593 -71.6076
291 -33.0635 -71.6065
147 -33.0633 -71.6065
870 -33.0633 -71.6063
331 -33.0631 -71.6062
112 -33.0628 -71.606
925 -33.0607 -71.6064
90 -33.0626 -71.6058
843 -33.0605 -71.6056
924 -33.0623 -71.6056
296 -33.062 -71.6053
922 -33.0612 -71.6049
78 -33.0613 -71.6048
857 -33.0612 -71.605
825 -33.0606 -71.6055
491 -33.061 -71.6055
769 -33.0608 -71.6053
622 -33.0604 -71.6057
83 -33.0601 -71.6063
129 -33.0601 -71.6063
311 -33.06 -71.6062
158 -33.0599 -71.6063
954 -33.0594 -71.6064
873 -33.0593 -71.6064
951 -33.0595 -71.6064
32 -33.06 -71.6062
261 -33.0604 -71.6058
620 -33.0603 -71.6046
169 -33.0603 -71.6046
411 -33.0599 -71.6062
293 -33.0594 -71.6044
99 -33.0593 -71.6044
527 -33.0592 -71.6063
624 -33.0589 -71.6078
365 -33.059 -71.6077
832 -33.0591 -71.6077
192 -33.0589 -71.6078
243 -33.0589 -71.6078
882 -33.0589 -71.6078
71 -33.0589 -71.6078
280 -33.0591 -71.6075
671 -33.059 -71.6068
378 -33.0592 -71.6068
126 -33.0588 -71.6066
704 -33.0588 -71.6067
555 -33.0587 -71.6066
172 -33.0585 -71.6066
16 -33.0586 -71.6066
980 -33.0584 -71.6067
110 -33.0584 -71.6073
182 -33.0583 -71.6071
8 -33.0579 -71.6068
613 -33.0577 -71.6073
319 -33.0577 -71.6076
390 -33.0577 -71.6072
910 -33.0576 -71.6069
670 -33.058 -71.6067
168 -33.0584 -71.6067
120 -33.0581 -71.6067
544 -33.0582 -71.6067
276 -33.058 -71.6067
230 -33.058 -71.6067
503 -33.0578 -71.6066
125 -33.0588 -71.6066
404 -33.0591 -71.6065
669 -33.0589 -71.6065
349 -33.0589 -71.6065
417 -33.0589 -71.6065
505 -33.0587 -71.6066
845 -33.0587 -71.6066
284 -33.0588 -71.6065
513 -33.0591 -71.6063
525 -33.059 -71.6063
221 -33.0591 -71.6054
256 -33.0591 -71.6053
196 -33.0587 -71.6051
223 -33.0585 -71.6062
937 -33.0586 -71.6051
957 -33.0585 -71.605
840 -33.0584 -71.6062
782 -33.0581 -71.6064
990 -33.058 -71.6062
136 -33.0582 -71.6059
477 -33.058 -71.6059
357 -33.0578 -71.6062
316 -33.0577 -71.6058
460 -33.0578 -71.6058
984 -33.0583 -71.6058
595 -33.0583 -71.6051
768 -33.0576 -71.6049
1 -33.0582 -71.6043
30 -33.0576 -71.6047
98 -33.0575 -71.6051
406 -33.0575 -71.6048
472 -33.0575 -71.6061
815 -33.0573 -71.61
391 -33.0571 -71.6099
673 -33.057 -71.6098
770 -33.0569 -71.6098
336 -33.0556 -71.6105
517 -33.0558 -71.6104
372 -33.0563 -71.6101
433 -33.0569 -71.6095
931 -33.0569 -71.6095
975 -33.056 -71.6095
388 -33.0557 -71.6092
895 -33.0556 -71.6093
744 -33.0555 -71.6094
358 -33.0555 -71.6094
65 -33.0555 -71.6093
915 -33.0554 -71.6104
337 -33.0538 -71.6111
27 -33.0539 -71.6105
278 -33.0539 -71.6105
74 -33.0538 -71.6105
780 -33.0538 -71.6113
401 -33.0536 -71.6107
133 -33.0536 -71.6105
920 -33.0544 -71.6105
621 -33.0551 -71.6104
180 -33.0549 -71.6103
995 -33.055 -71.6103
894 -33.0547 -71.6104
596 -33.0536 -71.6085
96 -33.0536 -71.6085
947 -33.0536 -71.6085
241 -33.0537 -71.6085
766 -33.0546 -71.6085
379 -33.0546 -71.6085
817 -33.0546 -71.6085
750 -33.0545 -71.6085
439 -33.0544 -71.6085
526 -33.0544 -71.6085
539 -33.0544 -71.6085
164 -33.0544 -71.6085
524 -33.0549 -71.6083
288 -33.0549 -71.6083
898 -33.0549 -71.6083
338 -33.0549 -71.6083
4 -33.0547 -71.6085
974 -33.0548 -71.6084
865 -33.0549 -71.6083
317 -33.0543 -71.6085
465 -33.0542 -71.6085
932 -33.0543 -71.6085
695 -33.0542 -71.6085
258 -33.0542 -71.6085
779 -33.0537 -71.6085
719 -33.0537 -71.6085
428 -33.0541 -71.6085
329 -33.0537 -71.6085
985 -33.0541 -71.6085
58 -33.054 -71.6085
651 -33.0541 -71.6085
656 -33.0539 -71.6085
312 -33.0538 -71.6085
342 -33.0538 -71.6085
345 -33.0536 -71.6105
318 -33.0512 -71.6099
213 -33.0512 -71.6099
897 -33.0513 -71.6098
140 -33.0512 -71.6099
440 -33.0508 -71.6102
206 -33.051 -71.6101
853 -33.0511 -71.61
941 -33.0513 -71.6098
84 -33.0516 -71.6095
631 -33.0516 -71.6095
541 -33.0517 -71.6095
436 -33.0516 -71.6095
50 -33.0515 -71.6097
868 -33.0515 -71.6096
36 -33.0515 -71.6096
283 -33.0506 -71.6102
152 -33.05 -71.6111
722 -33.05 -71.6111
530 -33.05 -71.611
724 -33.05 -71.6112
55 -33.05 -71.6113
643 -33.0496 -71.6112
88 -33.0492 -71.6112
968 -33.0501 -71.6106
933 -33.0506 -71.6102
48 -33.0504 -71.6102
799 -33.0502 -71.6099
383 -33.0502 -71.6101
716 -33.0502 -71.6102
694 -33.0502 -71.6102
854 -33.0517 -71.6094
804 -33.0535 -71.6085
518 -33.0534 -71.6085
685 -33.0534 -71.6085
86 -33.0533 -71.6084
548 -33.0532 -71.6084
522 -33.0532 -71.6084
709 -33.0532 -71.6084
665 -33.0532 -71.6084
207 -33.0531 -71.6084
444 -33.0531 -71.6084
76 -33.0531 -71.6084
847 -33.053 -71.6083
0 -33.0522 -71.6083
654 -33.0529 -71.6083
240 -33.0529 -71.6083
637 -33.0522 -71.6083
960 -33.0519 -71.6092
612 -33.0519 -71.6092
432 -33.052 -71.609
218 -33.0518 -71.6093
778 -33.0517 -71.6094
586 -33.0517 -71.6094
519 -33.0517 -71.6094
302 -33.052 -71.6089
462 -33.0521 -71.6088
648 -33.0521 -71.6086
538 -33.0521 -71.6085
374 -33.052 -71.6088
515 -33.052 -71.6089
435 -33.0506 -71.6085
64 -33.0528 -71.6083
731 -33.0574 -71.6081
397 -33.0573 -71.6081
122 -33.0573 -71.6081
989 -33.0573 -71.608
806 -33.0572 -71.608
245 -33.0572 -71.608
720 -33.0572 -71.608
691 -33.0572 -71.608
308 -33.0572 -71.608
21 -33.0571 -71.608
887 -33.0571 -71.608
194 -33.0571 -71.608
875 -33.057 -71.608
554 -33.057 -71.608
299 -33.0569 -71.608
682 -33.0569 -71.608
410 -33.0569 -71.608
871 -33.0568 -71.608
264 -33.0569 -71.608
913 -33.0568 -71.608
667 -33.0568 -71.608
921 -33.0567 -71.608
359 -33.0568 -71.608
289 -33.0567 -71.608
616 -33.0564 -71.608
893 -33.0563 -71.608
959 -33.0563 -71.608
896 -33.0563 -71.608
965 -33.0563 -71.608
445 -33.0562 -71.608
650 -33.0562 -71.608
800 -33.0561 -71.6079
193 -33.0573 -71.6075
6 -33.0566 -71.6073
184 -33.0566 -71.6072
567 -33.0565 -71.6073
41 -33.0562 -71.6074
492 -33.0563 -71.6074
552 -33.0563 -71.6074
67 -33.0568 -71.6072
578 -33.0572 -71.6069
564 -33.0573 -71.6069
826 -33.0575 -71.6048
267 -33.0572 -71.6069
628 -33.0569 -71.6071
247 -33.057 -71.607
149 -33.0568 -71.6046
689 -33.0561 -71.6075
609 -33.0561 -71.6079
490 -33.056 -71.6079
28 -33.0559 -71.6079
37 -33.0558 -71.6079
594 -33.0558 -71.6079
570 -33.0558 -71.6078
39 -33.0558 -71.6078
630 -33.0558 -71.6078
135 -33.0559 -71.6076
104 -33.0561 -71.6075
776 -33.0559 -71.6044
47 -33.0559 -71.6076
45 -33.0557 -71.6078
953 -33.0558 -71.6076
777 -33.0556 -71.6077
249 -33.055 -71.6083
798 -33.055 -71.6083
702 -33.055 -71.6082
363 -33.0528 -71.6083
153 -33.0528 -71.6083
178 -33.0528 -71.6083
425 -33.0527 -71.6083
162 -33.055 -71.6082
3 -33.0551 -71.6081
969 -33.0552 -71.6081
459 -33.0552 -71.6081
814 -33.0551 -71.6082
841 -33.0551 -71.6082
486 -33.0551 -71.6082
246 -33.0551 -71.6082
481 -33.0527 -71.6082
828 -33.0527 -71.6082
956 -33.0525 -71.6082
457 -33.0525 -71.6082
807 -33.0525 -71.6082
728 -33.0522 -71.6082
634 -33.0525 -71.6082
231 -33.0524 -71.6081
418 -33.0524 -71.6081
119 -33.0524 -71.6081
823 -33.0524 -71.6081
234 -33.0523 -71.6081
701 -33.0523 -71.6081
590 -33.0523 -71.6081
680 -33.0523 -71.6081
451 -33.0552 -71.6081
396 -33.0555 -71.6079
344 -33.0555 -71.6079
936 -33.0555 -71.6079
131 -33.0555 -71.6079
684 -33.0554 -71.6079
943 -33.0554 -71.6079
352 -33.0555 -71.6079
114 -33.0555 -71.6078
426 -33.0556 -71.6078
514 -33.0556 -71.6078
699 -33.0556 -71.6078
443 -33.0556 -71.6078
543 -33.0556 -71.6078
926 -33.0556 -71.6078
584 -33.0556 -71.6078
663 -33.0553 -71.608
356 -33.0553 -71.608
330 -33.0553 -71.608
928 -33.0553 -71.608
824 -33.0553 -71.608
95 -33.0553 -71.608
971 -33.0522 -71.6079
248 -33.0522 -71.6079
899 -33.0523 -71.6071
507 -33.0545 -71.6053
781 -33.055 -71.605
121 -33.0552 -71.6049
729 -33.0542 -71.6056
792 -33.0541 -71.6056
533 -33.0538 -71.6048
