796 -33.0535 -71.6245
226 -33.0536 -71.6245
38 -33.0537 -71.6245
5 -33.0534 -71.6246
497 -33.0534 -71.6246
115 -33.0534 -71.6246
647 -33.0534 -71.6246
315 -33.0538 -71.6245
253 -33.0543 -71.6242
266 -33.0543 -71.6242
930 -33.0543 -71.6242
487 -33.0543 -71.6243
327 -33.0539 -71.6245
678 -33.054 -71.6244
260 -33.0541 -71.6243
85 -33.0533 -71.6246
550 -33.0532 -71.6246
66 -33.0532 -71.6246
142 -33.0533 -71.6246
176 -33.053 -71.6246
598 -33.0518 -71.625
786 -33.0519 -71.6247
940 -33.053 -71.6246
829 -33.0519 -71.6246
961 -33.0528 -71.6246
697 -33.0526 -71.6245
479 -33.0525 -71.6245
217 -33.0525 -71.6245
109 -33.0523 -71.6244
883 -33.0522 -71.6244
979 -33.0518 -71.6243
500 -33.0538 -71.6241
177 -33.0543 -71.624
210 -33.0546 -71.6224
377 -33.0546 -71.6224
880 -33.0543 -71.6236
703 -33.0536 -71.624
890 -33.0535 -71.624
179 -33.0542 -71.6227
765 -33.0534 -71.6188
668 -33.0537 -71.6184
57 -33.0537 -71.6184
646 -33.0539 -71.6184
413 -33.0534 -71.6187
189 -33.0532 -71.6188
963 -33.0532 -71.6188
367 -33.0532 -71.6188
582 -33.053 -71.6187
313 -33.0529 -71.6237
53 -33.0528 -71.6237
978 -33.053 -71.6187
547 -33.0521 -71.6199
713 -33.0519 -71.6197
775 -33.0519 -71.6197
973 -33.0518 -71.6195
407 -33.0528 -71.6187
537 -33.0526 -71.6187
408 -33.0524 -71.6186
370 -33.0524 -71.6186
255 -33.0523 -71.6186
549 -33.0521 -71.6185
376 -33.0519 -71.6184
881 -33.0518 -71.6184
987 -33.0516 -71.6252
92 -33.0515 -71.6252
589 -33.0516 -71.6243
25 -33.0512 -71.6243
409 -33.051 -71.6251
101 -33.0508 -71.6251
710 -33.051 -71.6243
633 -33.0508 -71.6236
493 -33.0512 -71.6231
116 -33.0514 -71.6202
399 -33.0514 -71.6202
935 -33.0512 -71.6231
447 -33.0509 -71.6235
34 -33.0511 -71.6233
732 -33.051 -71.6228
901 -33.0506 -71.6212
694 -33.0505 -71.6216
799 -33.0506 -71.6213
283 -33.0505 -71.6211
716 -33.0505 -71.6217
849 -33.0502 -71.6252
629 -33.0504 -71.6252
999 -33.0493 -71.6212
440 -33.0504 -71.621
412 -33.0494 -71.6207
852 -33.0494 -71.6202
163 -33.0494 -71.6202
597 -33.0493 -71.6204
859 -33.0493 -71.621
144 -33.0493 -71.6203
111 -33.0493 -71.6202
17 -33.0496 -71.62
838 -33.0518 -71.6195
761 -33.0518 -71.6195
341 -33.0517 -71.6193
355 -33.0516 -71.6192
250 -33.0496 -71.62
456 -33.0515 -71.6191
919 -33.0514 -71.6191
216 -33.0512 -71.6189
587 -33.0512 -71.6188
69 -33.0511 -71.6186
361 -33.0512 -71.6185
373 -33.0511 -71.6187
891 -33.05 -71.6188
198 -33.05 -71.6186
760 -33.0506 -71.6184
632 -33.0496 -71.6199
432 -33.0495 -71.6197
302 -33.0495 -71.6196
77 -33.0495 -71.6195
262 -33.0494 -71.6192
637 -33.0494 -71.6193
340 -33.0494 -71.6191
448 -33.0494 -71.6191
831 -33.0494 -71.619
687 -33.0494 -71.619
323 -33.0495 -71.6188
166 -33.0495 -71.6188
956 -33.0494 -71.6186
680 -33.0494 -71.6188
234 -33.0494 -71.6188
816 -33.0518 -71.6184
774 -33.0547 -71.6184
560 -33.0548 -71.6184
118 -33.0549 -71.6158
475 -33.0545 -71.6171
869 -33.0542 -71.6184
879 -33.0529 -71.6158
60 -33.0529 -71.6158
872 -33.0548 -71.6157
945 -33.0547 -71.6157
976 -33.0547 -71.6157
482 -33.0546 -71.6157
991 -33.0546 -71.6157
297 -33.054 -71.6156
561 -33.0538 -71.6156
20 -33.053 -71.6156
818 -33.0529 -71.6158
286 -33.0528 -71.6159
18 -33.0522 -71.6157
822 -33.0519 -71.6156
134 -33.0517 -71.6184
42 -33.0512 -71.6184
542 -33.0512 -71.6184
301 -33.0512 -71.6183
450 -33.0518 -71.6156
389 -33.0516 -71.6156
743 -33.0515 -71.6156
476 -33.0514 -71.6156
251 -33.0514 -71.6156
955 -33.0511 -71.6156
726 -33.0511 -71.6156
279 -33.0511 -71.6156
123 -33.0511 -71.6156
842 -33.0535 -71.6155
483 -33.0535 -71.6155
531 -33.0535 -71.6155
501 -33.0534 -71.6155
608 -33.053 -71.6155
124 -33.0533 -71.6155
950 -33.053 -71.6155
640 -33.053 -71.6155
464 -33.053 -71.6155
948 -33.0547 -71.615
994 -33.0538 -71.6144
686 -33.0526 -71.6136
356 -33.0518 -71.6147
268 -33.0518 -71.6136
127 -33.0522 -71.6134
792 -33.0518 -71.6132
931 -33.0516 -71.6146
943 -33.0516 -71.6145
936 -33.0516 -71.6145
602 -33.0509 -71.6156
107 -33.0509 -71.6156
693 -33.0508 -71.6156
520 -33.0508 -71.6156
299 -33.0517 -71.6131
578 -33.0513 -71.6131
507 -33.0512 -71.6131
910 -33.0511 -71.6131
480 -33.051 -71.6131
762 -33.051 -71.6131
14 -33.0509 -71.6131
698 -33.0508 -71.6181
754 -33.0508 -71.6181
455 -33.0507 -71.6181
809 -33.0504 -71.6179
803 -33.0501 -71.6178
434 -33.0501 -71.6184
844 -33.0501 -71.6184
730 -33.0494 -71.6164
150 -33.0502 -71.6158
271 -33.0505 -71.6157
580 -33.0505 -71.6156
146 -33.0505 -71.6156
641 -33.0501 -71.6157
488 -33.0499 -71.6157
819 -33.0499 -71.6157
290 -33.0498 -71.6157
767 -33.0494 -71.6177
401 -33.0493 -71.6184
466 -33.0494 -71.6177
546 -33.0493 -71.6165
425 -33.0491 -71.6182
539 -33.049 -71.6166
164 -33.049 -71.6166
292 -33.0491 -71.6165
254 -33.0491 -71.6165
524 -33.0491 -71.6161
246 -33.0492 -71.6158
841 -33.0492 -71.6157
750 -33.0491 -71.6164
117 -33.0491 -71.6165
379 -33.0491 -71.6164
442 -33.0505 -71.6156
269 -33.0507 -71.6155
871 -33.0496 -71.6137
921 -33.0496 -71.6137
184 -33.0496 -71.6137
41 -33.0495 -71.6141
433 -33.0495 -71.614
6 -33.0495 -71.6139
141 -33.0496 -71.6136
351 -33.0508 -71.6131
97 -33.0507 -71.6131
295 -33.0505 -71.613
405 -33.0503 -71.613
682 -33.0496 -71.6135
554 -33.0496 -71.6133
887 -33.0496 -71.6132
959 -33.0495 -71.6141
396 -33.0493 -71.6151
699 -33.0493 -71.6151
443 -33.0493 -71.6149
543 -33.0493 -71.6152
95 -33.0493 -71.6154
684 -33.0493 -71.6153
352 -33.0493 -71.6152
426 -33.0493 -71.6149
689 -33.0494 -71.6144
893 -33.0495 -71.6142
391 -33.0495 -71.6142
609 -33.0494 -71.6145
570 -33.0494 -71.6148
953 -33.0494 -71.6147
992 -33.049 -71.6167
206 -33.0481 -71.6211
213 -33.0484 -71.6207
660 -33.0475 -71.6206
692 -33.0475 -71.6206
36 -33.0474 -71.6207
394 -33.0474 -71.6206
868 -33.0474 -71.6206
631 -33.0475 -71.6205
586 -33.0476 -71.6203
273 -33.0476 -71.6202
191 -33.0476 -71.6202
174 -33.0476 -71.6203
854 -33.0475 -71.6205
834 -33.0475 -71.6204
904 -33.0475 -71.6203
900 -33.0474 -71.6207
708 -33.0474 -71.6227
383 -33.0474 -71.6222
605 -33.0473 -71.6219
511 -33.0472 -71.6228
722 -33.047 -71.6228
530 -33.047 -71.6228
152 -33.047 -71.6228
889 -33.0472 -71.6215
130 -33.0474 -71.6209
897 -33.0474 -71.6209
529 -33.0474 -71.6208
263 -33.0473 -71.621
983 -33.0472 -71.6212
453 -33.0473 -71.6211
318 -33.0473 -71.6211
712 -33.0471 -71.6202
688 -33.0478 -71.6198
106 -33.0478 -71.6197
462 -33.0478 -71.6197
574 -33.0478 -71.6198
612 -33.0477 -71.6199
884 -33.0477 -71.6199
850 -33.0477 -71.6198
374 -33.0478 -71.6196
496 -33.0481 -71.6192
830 -33.0481 -71.6191
337 -33.0482 -71.6191
504 -33.0481 -71.6192
780 -33.0479 -71.6194
195 -33.048 -71.6194
0 -33.0481 -71.6192
572 -33.0476 -71.6201
13 -33.0476 -71.6201
165 -33.0469 -71.6201
364 -33.0473 -71.6196
239 -33.0469 -71.6201
50 -33.0468 -71.6198
84 -33.0468 -71.6196
314 -33.0468 -71.6196
855 -33.0468 -71.6196
519 -33.0469 -71.6193
218 -33.0469 -71.6193
960 -33.047 -71.6192
541 -33.0469 -71.6194
436 -33.0469 -71.6195
778 -33.0469 -71.6195
435 -33.0467 -71.6199
80 -33.046 -71.6231
485 -33.046 -71.6231
764 -33.0462 -71.623
718 -33.0459 -71.6234
516 -33.0458 -71.6237
222 -33.0458 -71.6237
360 -33.0459 -71.6234
509 -33.0462 -71.623
9 -33.0465 -71.6229
755 -33.0467 -71.6229
55 -33.0467 -71.6229
939 -33.0464 -71.6229
583 -33.0462 -71.623
911 -33.0463 -71.6229
484 -33.0464 -71.6229
696 -33.0457 -71.6238
139 -33.0457 -71.6241
820 -33.0457 -71.6241
205 -33.0457 -71.624
938 -33.0457 -71.624
277 -33.0456 -71.624
802 -33.0456 -71.624
322 -33.0456 -71.6239
735 -33.0457 -71.6239
982 -33.045 -71.6234
88 -33.0452 -71.623
643 -33.0454 -71.6227
988 -33.0449 -71.6235
220 -33.0448 -71.6237
784 -33.0448 -71.6237
827 -33.0456 -71.6224
113 -33.0465 -71.6206
170 -33.0466 -71.6204
333 -33.0465 -71.6204
639 -33.0465 -71.6207
933 -33.0464 -71.6209
81 -33.0464 -71.6208
348 -33.0464 -71.6208
140 -33.0466 -71.6202
10 -33.0467 -71.62
941 -33.0467 -71.62
862 -33.0467 -71.62
949 -33.0467 -71.6201
573 -33.0467 -71.6202
416 -33.0467 -71.6201
853 -33.0467 -71.6201
794 -33.0464 -71.621
610 -33.046 -71.6219
793 -33.0461 -71.6217
972 -33.0461 -71.6216
968 -33.046 -71.6219
427 -33.0456 -71.6224
644 -33.0457 -71.6223
724 -33.0458 -71.6221
635 -33.0461 -71.6215
553 -33.0463 -71.6211
157 -33.0463 -71.6211
48 -33.0464 -71.621
155 -33.0463 -71.6203
604 -33.0463 -71.6203
763 -33.0461 -71.6202
701 -33.0482 -71.619
74 -33.049 -71.618
665 -33.0486 -71.618
76 -33.0489 -71.6179
207 -33.0486 -71.618
548 -33.0486 -71.618
709 -33.0486 -71.618
522 -33.0486 -71.618
431 -33.0486 -71.6179
495 -33.0489 -71.6176
329 -33.0488 -71.6174
656 -33.0489 -71.6172
804 -33.0487 -71.6177
518 -33.0487 -71.6177
86 -33.0487 -71.6177
565 -33.0487 -71.6177
278 -33.0486 -71.618
481 -33.0484 -71.6186
783 -33.0484 -71.6186
430 -33.0484 -71.6185
828 -33.0484 -71.6186
457 -33.0483 -71.6187
614 -33.0483 -71.6187
727 -33.0484 -71.6187
363 -33.0485 -71.6184
93 -33.0485 -71.6182
654 -33.0485 -71.6182
27 -33.0485 -71.6181
64 -33.0485 -71.6183
240 -33.0485 -71.6183
795 -33.0482 -71.6174
320 -33.0483 -71.6172
787 -33.0489 -71.6171
180 -33.0489 -71.6169
812 -33.049 -71.6168
428 -33.049 -71.6168
864 -33.0489 -71.617
860 -33.0483 -71.6171
721 -33.0489 -71.617
258 -33.0489 -71.617
892 -33.0487 -71.6164
908 -33.0486 -71.6164
545 -33.0485 -71.6164
445 -33.0486 -71.6133
801 -33.0485 -71.6139
946 -33.0484 -71.6164
974 -33.0482 -71.6149
777 -33.0485 -71.6139
336 -33.0482 -71.6149
666 -33.0479 -71.6161
894 -33.0479 -71.6161
638 -33.0479 -71.6161
342 -33.0479 -71.6162
920 -33.0479 -71.6163
719 -33.0479 -71.6163
779 -33.0479 -71.6163
651 -33.0479 -71.616
932 -33.0481 -71.6156
439 -33.0481 -71.6155
817 -33.0481 -71.6153
465 -33.048 -71.6157
58 -33.048 -71.616
805 -33.048 -71.6157
596 -33.0478 -71.6164
756 -33.0477 -71.6173
153 -33.0476 -71.6173
393 -33.0476 -71.6173
178 -33.0475 -71.6174
418 -33.0474 -71.6178
231 -33.0474 -71.6178
807 -33.0474 -71.6177
128 -33.0474 -71.6172
444 -33.0477 -71.6169
685 -33.0478 -71.6166
947 -33.0478 -71.6164
899 -33.0476 -71.6171
683 -33.0476 -71.6172
345 -33.0476 -71.6172
847 -33.0476 -71.6172
971 -33.0474 -71.6179
648 -33.0472 -71.6184
538 -33.0472 -71.6184
728 -33.0473 -71.6182
31 -33.0471 -71.6186
652 -33.047 -71.619
851 -33.0471 -71.6188
515 -33.0471 -71.6188
304 -33.0473 -71.6181
44 -33.0473 -71.618
823 -33.0471 -71.6171
119 -33.0471 -71.6171
758 -33.047 -71.6171
248 -33.047 -71.6171
590 -33.0469 -71.6171
148 -33.0474 -71.6162
969 -33.0475 -71.6134
835 -33.0475 -71.6134
744 -33.0475 -71.6134
942 -33.0475 -71.6136
338 -33.0474 -71.6137
392 -33.0474 -71.6137
201 -33.0475 -71.6136
898 -33.0473 -71.6134
729 -33.0476 -71.6132
451 -33.0476 -71.6131
599 -33.0476 -71.6131
330 -33.0476 -71.6131
739 -33.0473 -71.6134
517 -33.0476 -71.6133
655 -33.0476 -71.6132
766 -33.0472 -71.6141
385 -33.0472 -71.6162
133 -33.0471 -71.6161
96 -33.0471 -71.6152
312 -33.0469 -71.6147
75 -33.0465 -71.6161
634 -33.0465 -71.6161
241 -33.0468 -71.6147
588 -33.0471 -71.6147
317 -33.0471 -71.6144
526 -33.0472 -71.6143
902 -33.0472 -71.6134
915 -33.0471 -71.6133
996 -33.0468 -71.6133
749 -33.0468 -71.6133
105 -33.0503 -71.613
19 -33.0537 -71.6122
354 -33.0541 -71.6115
772 -33.0539 -71.6112
790 -33.0535 -71.6122
326 -33.0534 -71.6122
420 -33.0532 -71.6121
414 -33.0532 -71.6121
810 -33.0539 -71.6112
579 -33.0538 -71.6112
132 -33.0539 -71.6111
592 -33.0538 -71.6111
922 -33.0537 -71.6109
368 -33.0536 -71.6111
467 -33.0533 -71.611
83 -33.0536 -71.6107
576 -33.0531 -71.6121
521 -33.0531 -71.6121
43 -33.0531 -71.6121
747 -33.053 -71.6121
917 -33.0526 -71.6121
523 -33.0522 -71.612
298 -33.0519 -71.612
569 -33.0517 -71.6118
874 -33.0519 -71.6118
72 -33.0529 -71.6116
619 -33.0531 -71.6109
259 -33.053 -71.6108
237 -33.0529 -71.6107
866 -33.052 -71.6118
463 -33.0528 -71.6116
154 -33.0528 -71.6106
967 -33.0528 -71.6106
873 -33.0535 -71.6106
970 -33.0538 -71.6105
98 -33.0534 -71.6101
384 -33.0526 -71.6103
591 -33.0526 -71.6102
563 -33.0526 -71.6102
209 -33.0525 -71.6101
636 -33.0525 -71.61
366 -33.0524 -71.61
307 -33.0524 -71.61
627 -33.0524 -71.61
751 -33.0524 -71.61
52 -33.0523 -71.6099
402 -33.0523 -71.6098
452 -33.0523 -71.6097
175 -33.0522 -71.6097
61 -33.0521 -71.6094
12 -33.052 -71.6094
422 -33.0519 -71.6093
472 -33.0518 -71.6093
219 -33.0517 -71.6094
944 -33.0518 -71.6093
555 -33.0518 -71.6093
773 -33.0519 -71.6092
927 -33.0519 -71.6092
46 -33.0519 -71.6092
679 -33.052 -71.6091
857 -33.0519 -71.6092
35 -33.0519 -71.6092
274 -33.0519 -71.6091
238 -33.0517 -71.612
675 -33.0511 -71.6122
556 -33.0511 -71.6122
782 -33.0512 -71.6121
642 -33.0511 -71.6122
390 -33.0511 -71.6123
120 -33.0511 -71.6123
811 -33.0511 -71.6122
51 -33.0512 -71.6121
305 -33.0514 -71.612
192 -33.0514 -71.6119
733 -33.0515 -71.6114
173 -33.0514 -71.6114
962 -33.0512 -71.6119
505 -33.0513 -71.6119
26 -33.0514 -71.6119
958 -33.0511 -71.6123
737 -33.0511 -71.6127
2 -33.0511 -71.6126
187 -33.0511 -71.6125
242 -33.0511 -71.6128
197 -33.0503 -71.613
907 -33.0503 -71.613
916 -33.0502 -71.613
276 -33.0511 -71.6124
571 -33.0511 -71.6114
214 -33.051 -71.6114
29 -33.0508 -71.6113
15 -33.0507 -71.6113
909 -33.0504 -71.6113
832 -33.0501 -71.6108
236 -33.0501 -71.6107
746 -33.051 -71.6101
110 -33.051 -71.6101
94 -33.051 -71.6101
32 -33.0507 -71.6102
923 -33.0507 -71.6102
626 -33.0506 -71.6102
603 -33.0506 -71.6102
622 -33.0511 -71.61
954 -33.0515 -71.6096
769 -33.0515 -71.6096
662 -33.0516 -71.6095
378 -33.0514 -71.6097
470 -33.0513 -71.6098
674 -33.0514 -71.6097
825 -33.0514 -71.6097
840 -33.0505 -71.6102
981 -33.0502 -71.6103
167 -33.0502 -71.6102
137 -33.0504 -71.6102
398 -33.0501 -71.6104
741 -33.0501 -71.6107
704 -33.0501 -71.6106
671 -33.0501 -71.6105
316 -33.0504 -71.6102
846 -33.0504 -71.6102
158 -33.0504 -71.6102
22 -33.0503 -71.6101
681 -33.0503 -71.6101
575 -33.0502 -71.6101
183 -33.0502 -71.6092
190 -33.0517 -71.609
528 -33.0545 -71.6085
300 -33.0543 -71.6085
748 -33.0542 -71.6085
474 -33.054 -71.6085
331 -33.0536 -71.6085
281 -33.0537 -71.6085
291 -33.054 -71.6085
677 -33.0539 -71.6085
808 -33.0539 -71.6085
491 -33.0534 -71.6085
419 -33.0534 -71.6085
63 -33.0533 -71.6084
280 -33.0533 -71.6084
925 -33.0533 -71.6084
886 -33.0533 -71.6084
159 -33.0533 -71.6084
112 -33.0532 -71.6084
606 -33.0531 -71.6084
876 -33.053 -71.6083
525 -33.053 -71.6083
400 -33.0522 -71.6083
903 -33.053 -71.6083
672 -33.0528 -71.6083
581 -33.0528 -71.6083
311 -33.0527 -71.6082
977 -33.0526 -71.6082
362 -33.0526 -71.6082
454 -33.0526 -71.6082
513 -33.0522 -71.6082
332 -33.0525 -71.6082
558 -33.0524 -71.6081
934 -33.0524 -71.6081
499 -33.0524 -71.6081
79 -33.0524 -71.6081
469 -33.0523 -71.6081
11 -33.0523 -71.6081
510 -33.0523 -71.6081
129 -33.0523 -71.6081
296 -33.0523 -71.608
461 -33.0522 -71.6079
768 -33.0536 -71.6062
147 -33.0534 -71.6047
441 -33.0544 -71.6046
870 -33.0533 -71.6047
527 -33.0522 -71.6079
196 -33.0523 -71.6072
90 -33.0525 -71.6048
335 -33.0522 -71.6078
506 -33.0522 -71.6081
40 -33.0522 -71.6081
929 -33.0522 -71.6078
657 -33.0522 -71.6077
411 -33.0522 -71.6077
223 -33.0522 -71.6077
700 -33.0522 -71.6076
285 -33.0522 -71.6076
473 -33.0522 -71.6075
212 -33.0522 -71.6074
705 -33.0522 -71.6074
477 -33.0522 -71.6073
858 -33.0521 -71.6072
924 -33.0521 -71.6048
168 -33.0521 -71.6071
676 -33.0516 -71.6089
225 -33.052 -71.6089
303 -33.0521 -71.6087
424 -33.0516 -71.6089
512 -33.0515 -71.6088
797 -33.0514 -71.6087
7 -33.0514 -71.6087
848 -33.0513 -71.6087
912 -33.0518 -71.6081
535 -33.0519 -71.6081
613 -33.0519 -71.6081
438 -33.0518 -71.6076
282 -33.0514 -71.6084
740 -33.0514 -71.6083
888 -33.0515 -71.6082
833 -33.0513 -71.6084
49 -33.0508 -71.6085
723 -33.0511 -71.6085
937 -33.0511 -71.6085
715 -33.0508 -71.6085
261 -33.0505 -71.6086
984 -33.0507 -71.6085
503 -33.0505 -71.6085
843 -33.0505 -71.6085
256 -33.0504 -71.6085
601 -33.0504 -71.6085
478 -33.0512 -71.6084
224 -33.0503 -71.6085
595 -33.0503 -71.6085
89 -33.0502 -71.6085
138 -33.0514 -71.6075
645 -33.0521 -71.6071
551 -33.0521 -71.607
918 -33.0519 -71.6066
980 -33.0519 -71.6066
878 -33.0518 -71.6065
489 -33.0518 -71.6065
458 -33.0518 -71.6063
664 -33.0517 -71.6062
540 -33.0517 -71.6061
156 -33.0517 -71.6061
221 -33.0519 -71.6047
593 -33.0516 -71.606
73 -33.0516 -71.606
421 -33.0515 -71.606
557 -33.0515 -71.6058
227 -33.0514 -71.6059
228 -33.051 -71.6074
532 -33.0514 -71.6059
381 -33.0514 -71.6059
753 -33.051 -71.6074
62 -33.0508 -71.6074
350 -33.0508 -71.6074
502 -33.0504 -71.6056
752 -33.0503 -71.6056
706 -33.0513 -71.6053
78 -33.0513 -71.6052
169 -33.0503 -71.6048
620 -33.0503 -71.6048
181 -33.0502 -71.6056
966 -33.0502 -71.6056
856 -33.0501 -71.6108
577 -33.05 -71.613
387 -33.0499 -71.613
252 -33.0499 -71.613
745 -33.0499 -71.6129
23 -33.0499 -71.6129
415 -33.0498 -71.6129
446 -33.0498 -71.6129
272 -33.0497 -71.6129
145 -33.0498 -71.6123
257 -33.0498 -71.6123
375 -33.0499 -71.6117
423 -33.0496 -71.6129
403 -33.0496 -71.6129
310 -33.0495 -71.6129
160 -33.0495 -71.6129
998 -33.0494 -71.6129
649 -33.0494 -71.6129
143 -33.0493 -71.6129
386 -33.0493 -71.6129
986 -33.0491 -71.6129
309 -33.0489 -71.6129
171 -33.0488 -71.6129
151 -33.0487 -71.6129
759 -33.0487 -71.6129
67 -33.0489 -71.6124
267 -33.049 -71.612
731 -33.049 -71.6118
102 -33.0486 -71.6129
108 -33.0486 -71.6129
711 -33.0486 -71.6129
611 -33.0486 -71.6129
229 -33.05 -71.6115
199 -33.05 -71.6114
321 -33.05 -71.6114
789 -33.05 -71.6113
319 -33.05 -71.6115
294 -33.05 -71.6113
736 -33.0499 -71.6113
357 -33.0498 -71.6113
997 -33.0496 -71.6112
669 -33.0501 -71.611
182 -33.0501 -71.6108
404 -33.0501 -71.6108
349 -33.05 -71.6111
882 -33.05 -71.6112
284 -33.05 -71.6112
885 -33.0498 -71.61
861 -33.0495 -71.6099
230 -33.0495 -71.6112
347 -33.0494 -71.6112
670 -33.0493 -71.6112
742 -33.0492 -71.6112
371 -33.0491 -71.6112
813 -33.0489 -71.6112
905 -33.0488 -71.6112
776 -33.0485 -71.6112
845 -33.0495 -71.6099
243 -33.0494 -71.6099
16 -33.0494 -71.6099
172 -33.0493 -71.6099
397 -33.0485 -71.6111
395 -33.0489 -71.6099
208 -33.0485 -71.6129
200 -33.0485 -71.6129
202 -33.0483 -71.6129
615 -33.0483 -71.6129
334 -33.0482 -71.6129
725 -33.0478 -71.6129
661 -33.0478 -71.6129
837 -33.0481 -71.6128
70 -33.0481 -71.6128
87 -33.0479 -71.6128
490 -33.0479 -71.6124
104 -33.0479 -71.6123
37 -33.0478 -71.6125
45 -33.0478 -71.6127
594 -33.0478 -71.6126
135 -33.0478 -71.6126
630 -33.0477 -71.6128
372 -33.0477 -71.6129
584 -33.0477 -71.6128
114 -33.0477 -71.6128
877 -33.0477 -71.6129
131 -33.0477 -71.613
926 -33.0477 -71.613
265 -33.0477 -71.6128
585 -33.0475 -71.6127
100 -33.0469 -71.6126
621 -33.0465 -71.6125
659 -33.0463 -71.6125
186 -33.0463 -71.6125
964 -33.0458 -71.6123
24 -33.0458 -71.6123
494 -33.0454 -71.6122
567 -33.0481 -71.6117
359 -33.0482 -71.6114
410 -33.0482 -71.6113
616 -33.0481 -71.6118
965 -33.048 -71.612
552 -33.048 -71.612
781 -33.048 -71.6119
245 -33.0484 -71.6111
691 -33.0484 -71.6111
806 -33.0483 -71.6111
720 -33.0484 -71.6111
247 -33.0483 -71.6111
875 -33.0481 -71.6111
264 -33.048 -71.6111
667 -33.0479 -71.6111
289 -33.0478 -71.6111
275 -33.0467 -71.6109
449 -33.0467 -71.6109
33 -33.0456 -71.6108
353 -33.0447 -71.6113
54 -33.0447 -71.611
985 -33.0447 -71.6102
695 -33.0447 -71.61
3 -33.0456 -71.6098
459 -33.0457 -71.6098
824 -33.0458 -71.6098
928 -33.0458 -71.6098
702 -33.0456 -71.6098
814 -33.0455 -71.6098
486 -33.0454 -71.6098
663 -33.0459 -71.6098
952 -33.0501 -71.6091
468 -33.0499 -71.6091
126 -33.0499 -71.6091
211 -33.0499 -71.6091
990 -33.0496 -71.6094
653 -33.0496 -71.6094
757 -33.0496 -71.6092
324 -33.0497 -71.6091
785 -33.0496 -71.6091
600 -33.0497 -71.6084
343 -33.0495 -71.6084
204 -33.0495 -71.6084
821 -33.0495 -71.6091
328 -33.0495 -71.6084
863 -33.0495 -71.6084
836 -33.0494 -71.6084
136 -33.0494 -71.6083
714 -33.0494 -71.6083
951 -33.0493 -71.6083
734 -33.0493 -71.6083
8 -33.0487 -71.6098
406 -33.049 -71.6091
707 -33.0486 -71.6091
771 -33.0489 -71.6083
607 -33.0489 -71.6083
498 -33.0488 -71.6083
235 -33.0488 -71.6083
68 -33.0487 -71.6083
417 -33.0487 -71.6083
125 -33.0486 -71.6082
306 -33.0485 -71.6082
82 -33.0485 -71.6082
690 -33.0498 -71.6072
471 -33.0494 -71.6071
957 -33.0493 -71.6065
369 -33.0493 -71.607
460 -33.0492 -71.607
56 -33.0492 -71.607
624 -33.0489 -71.607
815 -33.05 -71.6055
673 -33.0497 -71.6054
770 -33.0497 -71.6054
382 -33.0497 -71.6054
293 -33.0497 -71.6044
788 -33.0495 -71.6053
244 -33.049 -71.605
99 -33.0496 -71.6043
365 -33.0489 -71.607
233 -33.0485 -71.6082
325 -33.0488 -71.6068
287 -33.0485 -71.6066
738 -33.0485 -71.6082
71 -33.0485 -71.6082
437 -33.0485 -71.6082
993 -33.0485 -71.6066
103 -33.0485 -71.6066
564 -33.0487 -71.6044
358 -33.0486 -71.6043
1 -33.0486 -71.6037
65 -33.0486 -71.6042
122 -33.0485 -71.6042
388 -33.0484 -71.604
215 -33.0483 -71.6098
193 -33.0478 -71.6098
623 -33.0479 -71.6091
544 -33.048 -71.6082
121 -33.0468 -71.6098
47 -33.0465 -71.6098
28 -33.0466 -71.6098
650 -33.0468 -71.6098
562 -33.0478 -71.6082
625 -33.0477 -71.6082
867 -33.0474 -71.6082
185 -33.0483 -71.6081
566 -33.047 -71.6081
429 -33.0467 -71.6081
270 -33.0467 -71.6081
161 -33.0467 -71.6081
914 -33.0464 -71.6081
249 -33.0454 -71.6098
344 -33.046 -71.6098
39 -33.0463 -71.6098
798 -33.0453 -71.6098
288 -33.0453 -71.6098
865 -33.0453 -71.6098
4 -33.0452 -71.6098
995 -33.0464 -71.6098
617 -33.0464 -71.6081
717 -33.0461 -71.6081
59 -33.0457 -71.608
188 -33.0457 -71.608
568 -33.0456 -71.608
380 -33.0456 -71.608
618 -33.0455 -71.608
91 -33.048 -71.6077
339 -33.0479 -71.6067
232 -33.048 -71.6067
534 -33.0479 -71.6077
658 -33.0479 -71.6077
203 -33.0477 -71.6075
839 -33.0478 -71.6067
975 -33.0482 -71.6066
913 -33.0482 -71.6038
628 -33.0483 -71.6038
30 -33.0482 -71.6035
492 -33.048 -71.6036
896 -33.0477 -71.604
826 -33.048 -71.6039
800 -33.0478 -71.6037
149 -33.0475 -71.6068
791 -33.0474 -71.6074
536 -33.0474 -71.6071
906 -33.0474 -71.6068
21 -33.0473 -71.6068
162 -33.0446 -71.6078
346 -33.0456 -71.6075
559 -33.0456 -71.607
194 -33.0473 -71.6068
308 -33.0474 -71.6068
895 -33.0474 -71.6068
514 -33.0474 -71.6038
989 -33.0474 -71.6068
508 -33.0473 -71.6068
533 -33.0443 -71.6054
