271 -33.0598 -71.6165
619 -33.0599 -71.6165
760 -33.06 -71.6165
803 -33.0595 -71.6165
838 -33.0593 -71.6168
907 -33.0593 -71.6168
154 -33.0594 -71.6165
455 -33.0601 -71.6164
301 -33.0607 -71.6162
978 -33.0624 -71.6156
475 -33.0626 -71.615
754 -33.0603 -71.6163
456 -33.0596 -71.6164
962 -33.0596 -71.6148
762 -33.0596 -71.6146
290 -33.0592 -71.6168
466 -33.0588 -71.617
423 -33.0587 -71.6169
446 -33.0589 -71.6169
767 -33.0587 -71.6168
179 -33.0586 -71.6172
403 -33.0586 -71.6169
424 -33.0586 -71.6155
274 -33.0588 -71.6153
773 -33.059 -71.6152
61 -33.0591 -71.6151
641 -33.0589 -71.6146
69 -33.0589 -71.6147
636 -33.0586 -71.6149
488 -33.0587 -71.6148
373 -33.0586 -71.6147
279 -33.0598 -71.6146
467 -33.0606 -71.6141
686 -33.0607 -71.614
483 -33.0607 -71.6139
945 -33.0603 -71.6143
123 -33.0598 -71.6146
726 -33.0597 -71.6145
367 -33.06 -71.6144
127 -33.0605 -71.6138
189 -33.0606 -71.6137
408 -33.0599 -71.6134
751 -33.0601 -71.6134
370 -33.0599 -71.6135
967 -33.0598 -71.6138
255 -33.0597 -71.6137
354 -33.0598 -71.6137
549 -33.0597 -71.6146
580 -33.0593 -71.6143
107 -33.0594 -71.6142
134 -33.0594 -71.6142
146 -33.0593 -71.6143
150 -33.059 -71.6146
450 -33.0591 -71.6145
405 -33.0591 -71.6145
816 -33.0594 -71.6141
269 -33.0595 -71.6139
693 -33.0596 -71.6138
916 -33.0591 -71.6135
402 -33.0591 -71.6136
464 -33.0591 -71.6136
950 -33.0591 -71.6134
819 -33.0586 -71.6155
495 -33.0585 -71.6172
166 -33.0585 -71.6172
145 -33.0583 -71.617
448 -33.0582 -71.6175
262 -33.058 -71.6176
431 -33.0581 -71.6176
171 -33.0579 -71.617
198 -33.0585 -71.6167
809 -33.0583 -71.6157
698 -33.0585 -71.6155
7 -33.0584 -71.6151
355 -33.058 -71.615
506 -33.0579 -71.6158
49 -33.0579 -71.615
361 -33.0578 -71.6149
341 -33.0578 -71.615
946 -33.0577 -71.6179
930 -33.0578 -71.6178
908 -33.0578 -71.6178
611 -33.0575 -71.617
727 -33.0575 -71.618
614 -33.0575 -71.618
487 -33.0575 -71.618
546 -33.0578 -71.615
761 -33.0577 -71.6149
434 -33.0576 -71.6149
254 -33.0576 -71.6149
844 -33.0576 -71.6149
973 -33.0576 -71.6149
117 -33.0576 -71.6149
292 -33.0575 -71.6149
711 -33.0575 -71.6149
797 -33.0583 -71.6149
512 -33.0585 -71.6148
175 -33.0584 -71.6139
105 -33.0583 -71.6148
476 -33.0581 -71.6144
551 -33.0578 -71.6143
948 -33.0582 -71.6142
389 -33.0579 -71.6139
571 -33.0584 -71.6138
521 -33.0583 -71.6134
881 -33.0583 -71.6134
42 -33.0581 -71.6134
587 -33.0578 -71.6139
216 -33.0578 -71.6139
212 -33.0581 -71.6136
211 -33.0577 -71.6139
812 -33.0574 -71.6149
885 -33.0574 -71.6143
600 -33.0574 -71.6142
228 -33.0574 -71.6145
992 -33.0574 -71.6149
775 -33.0573 -71.6146
713 -33.0573 -71.6146
204 -33.0574 -71.6141
730 -33.0575 -71.614
919 -33.0575 -71.6139
593 -33.0575 -71.6138
343 -33.0575 -71.614
734 -33.0574 -71.6137
40 -33.0574 -71.6135
591 -33.0576 -71.6134
994 -33.061 -71.6134
118 -33.0626 -71.6129
679 -33.0605 -71.6128
351 -33.0605 -71.6128
582 -33.0604 -71.6129
927 -33.0604 -71.6129
14 -33.0604 -71.6128
480 -33.0606 -71.6127
917 -33.0627 -71.6125
579 -33.0627 -71.6124
452 -33.061 -71.6124
57 -33.0609 -71.6124
12 -33.0607 -71.6126
413 -33.0607 -71.6126
733 -33.0609 -71.6124
237 -33.0603 -71.6124
537 -33.06 -71.6134
251 -33.06 -71.6134
407 -33.0602 -71.6131
577 -33.0595 -71.6128
272 -33.0593 -71.6129
955 -33.0594 -71.6129
19 -33.0594 -71.6129
252 -33.0595 -71.6128
674 -33.0598 -71.6128
295 -33.0598 -71.6128
414 -33.06 -71.6128
387 -33.0596 -71.6128
789 -33.0596 -71.6128
743 -33.0595 -71.6127
991 -33.0595 -71.6125
909 -33.0595 -71.6123
976 -33.0631 -71.6122
640 -33.0616 -71.6121
523 -33.0625 -71.612
608 -33.0615 -71.6121
60 -33.0614 -71.6122
209 -33.0614 -71.6121
869 -33.0615 -71.6121
561 -33.0624 -71.612
482 -33.0632 -71.6119
420 -33.0635 -71.6118
326 -33.0637 -71.6117
531 -33.062 -71.612
238 -33.062 -71.612
501 -33.062 -71.612
774 -33.062 -71.612
879 -33.0613 -71.6122
366 -33.0613 -71.6122
818 -33.0613 -71.6122
51 -33.0613 -71.6122
958 -33.0612 -71.6122
52 -33.0611 -71.6122
286 -33.0611 -71.6122
646 -33.0612 -71.6122
642 -33.0613 -71.6122
747 -33.0613 -71.6122
627 -33.0603 -71.6116
307 -33.0604 -71.6116
876 -33.0602 -71.6116
563 -33.0593 -71.6116
368 -33.0598 -71.6116
298 -33.0593 -71.6116
822 -33.0589 -71.6133
376 -33.0589 -71.613
742 -33.0587 -71.613
668 -33.0586 -71.6133
309 -33.0585 -71.613
22 -33.0585 -71.613
575 -33.0586 -71.613
986 -33.0587 -71.613
224 -33.0588 -71.6129
601 -33.0589 -71.6129
602 -33.059 -71.6129
347 -33.0588 -71.6129
603 -33.0588 -71.613
386 -33.0588 -71.6129
124 -33.0588 -71.6129
759 -33.0584 -71.613
963 -33.0582 -71.6131
102 -33.0583 -71.613
18 -33.0584 -71.613
542 -33.0581 -71.6133
848 -33.0581 -71.6133
520 -33.0577 -71.6131
35 -33.0577 -71.6131
108 -33.0581 -71.613
905 -33.0582 -71.613
200 -33.0581 -71.613
208 -33.058 -71.613
202 -33.0579 -71.613
863 -33.0579 -71.6129
615 -33.0579 -71.6129
998 -33.059 -71.6129
160 -33.0591 -71.6129
310 -33.0591 -71.6129
20 -33.0589 -71.6127
645 -33.0583 -71.6127
151 -33.0582 -71.6128
872 -33.0583 -71.6127
442 -33.0582 -71.6127
214 -33.0583 -71.6127
23 -33.0592 -71.6126
303 -33.0591 -71.6125
676 -33.0591 -71.6122
29 -33.0588 -71.6126
842 -33.0583 -71.6126
197 -33.0585 -71.6124
560 -33.0588 -71.6117
649 -33.0578 -71.6129
324 -33.0577 -71.6129
70 -33.0577 -71.6129
334 -33.0577 -71.6129
173 -33.0576 -71.6129
837 -33.0576 -71.6129
801 -33.0575 -71.6128
227 -33.0575 -71.6128
87 -33.0575 -71.6128
607 -33.0574 -71.6128
661 -33.0574 -71.6128
771 -33.0574 -71.6128
877 -33.0574 -71.6128
725 -33.0574 -71.6128
498 -33.0573 -71.6128
377 -33.0573 -71.6147
830 -33.0572 -71.6183
327 -33.0572 -71.6183
393 -33.0573 -71.6182
128 -33.0572 -71.6183
504 -33.0571 -71.6184
703 -33.057 -71.6183
597 -33.057 -71.6183
66 -33.0565 -71.6182
961 -33.0561 -71.6181
585 -33.0569 -71.6171
100 -33.0565 -71.6167
904 -33.056 -71.618
364 -33.0559 -71.618
890 -33.0559 -71.6163
497 -33.0559 -71.6162
647 -33.0559 -71.6163
999 -33.0556 -71.6169
313 -33.0556 -71.6169
859 -33.0557 -71.6168
53 -33.0556 -71.6171
109 -33.0556 -71.6179
130 -33.0556 -71.6179
697 -33.0556 -71.6172
940 -33.0557 -71.6167
85 -33.0558 -71.6164
796 -33.0559 -71.6163
115 -33.0559 -71.6163
412 -33.0558 -71.6164
176 -33.0557 -71.6166
550 -33.0557 -71.6165
142 -33.0558 -71.6164
226 -33.0559 -71.6162
38 -33.0561 -71.6161
852 -33.0562 -71.616
500 -33.0562 -71.616
111 -33.0561 -71.6161
144 -33.056 -71.6162
315 -33.0561 -71.6162
75 -33.0561 -71.616
659 -33.0562 -71.616
163 -33.0562 -71.6159
678 -33.0562 -71.6158
749 -33.0561 -71.6158
260 -33.0561 -71.6157
250 -33.0561 -71.6157
17 -33.0561 -71.6157
632 -33.056 -71.6156
783 -33.056 -71.6155
5 -33.056 -71.6162
496 -33.056 -71.6159
195 -33.0559 -71.6159
304 -33.0559 -71.6159
574 -33.0556 -71.6159
106 -33.0556 -71.6159
850 -33.0556 -71.6159
24 -33.0559 -71.6158
756 -33.056 -71.6154
385 -33.056 -71.6154
253 -33.056 -71.6153
266 -33.056 -71.6154
964 -33.0558 -71.6157
430 -33.0559 -71.6153
479 -33.0555 -71.6172
165 -33.0555 -71.6179
10 -33.0552 -71.6178
979 -33.0552 -71.6178
983 -33.0551 -71.6178
786 -33.055 -71.618
829 -33.0551 -71.6179
949 -33.0551 -71.6178
883 -33.0554 -71.6175
217 -33.0555 -71.6172
688 -33.0555 -71.6159
884 -33.0555 -71.6159
572 -33.0554 -71.6158
13 -33.0553 -71.6158
191 -33.0552 -71.6158
174 -33.0551 -71.6158
589 -33.055 -71.618
409 -33.0543 -71.6189
710 -33.0548 -71.6188
92 -33.0548 -71.6187
629 -33.0538 -71.6188
849 -33.0535 -71.6188
427 -33.0534 -71.6188
509 -33.0531 -71.6188
516 -33.0524 -71.6186
987 -33.0548 -71.6186
25 -33.0549 -71.6184
598 -33.0549 -71.6182
708 -33.0543 -71.6184
511 -33.054 -71.6184
610 -33.0528 -71.6159
273 -33.0551 -71.6158
652 -33.0551 -71.6158
692 -33.0549 -71.6158
900 -33.0548 -71.6157
712 -33.0548 -71.6157
529 -33.0547 -71.6157
263 -33.0545 -71.6157
453 -33.0544 -71.6157
239 -33.0543 -71.6157
416 -33.0542 -71.6156
573 -33.054 -71.6156
494 -33.0554 -71.6155
889 -33.054 -71.6156
170 -33.0539 -71.6156
333 -33.0538 -71.6156
113 -33.0538 -71.6156
639 -33.0537 -71.6156
635 -33.0529 -71.6157
911 -33.0522 -71.6157
644 -33.0524 -71.6156
764 -33.0521 -71.6156
988 -33.0511 -71.6156
277 -33.051 -71.6156
205 -33.051 -71.6156
820 -33.0509 -71.6156
605 -33.0536 -71.6156
155 -33.0536 -71.6156
763 -33.0534 -71.6155
794 -33.0533 -71.6155
938 -33.0509 -71.6156
157 -33.0533 -71.6155
148 -33.056 -71.6153
89 -33.0573 -71.6149
210 -33.0573 -71.6149
891 -33.0573 -71.6148
721 -33.0572 -71.6148
880 -33.0565 -71.6149
565 -33.0565 -71.6149
323 -33.0566 -71.6148
892 -33.0572 -71.6148
547 -33.0572 -71.6148
864 -33.0571 -71.6148
421 -33.0573 -71.6137
545 -33.057 -71.6148
787 -33.0569 -71.6147
68 -33.057 -71.6134
185 -33.0566 -71.6132
687 -33.0565 -71.6149
399 -33.0562 -71.6151
116 -33.0563 -71.6151
795 -33.0563 -71.6151
340 -33.0562 -71.6151
177 -33.0561 -71.6152
739 -33.0561 -71.6152
93 -33.0561 -71.6152
835 -33.0563 -71.6151
831 -33.0564 -71.615
320 -33.0564 -71.615
860 -33.0565 -71.6149
625 -33.0561 -71.6131
867 -33.0557 -71.6131
382 -33.0557 -71.6131
91 -33.0561 -71.6131
181 -33.0562 -71.6131
235 -33.0573 -71.6128
265 -33.0572 -71.6128
82 -33.057 -71.6127
738 -33.057 -71.6127
599 -33.057 -71.6127
233 -33.057 -71.6127
655 -33.057 -71.6127
306 -33.057 -71.6127
437 -33.057 -71.6127
707 -33.0567 -71.6126
942 -33.0566 -71.6125
201 -33.0566 -71.6125
392 -33.0566 -71.6125
902 -33.0566 -71.6125
275 -33.0563 -71.6124
562 -33.0563 -71.6124
658 -33.0563 -71.6124
534 -33.0562 -71.6124
449 -33.0562 -71.6124
996 -33.0561 -71.6123
270 -33.0552 -71.6124
566 -33.0554 -71.6124
638 -33.0555 -71.6124
791 -33.0556 -71.6123
203 -33.056 -71.6123
623 -33.0559 -71.6123
805 -33.0559 -71.6123
186 -33.0558 -71.6123
666 -33.0556 -71.6123
588 -33.0557 -71.6123
33 -33.0551 -71.6124
429 -33.0551 -71.6131
536 -33.055 -71.6131
161 -33.055 -71.613
353 -33.0545 -71.6148
54 -33.0541 -71.6146
827 -33.0507 -71.6131
9 -33.0506 -71.6131
793 -33.0511 -71.6126
906 -33.0551 -71.6124
508 -33.055 -71.6124
617 -33.055 -71.6124
914 -33.0549 -71.6124
972 -33.0511 -71.6126
683 -33.0547 -71.6124
717 -33.0546 -71.6124
935 -33.0498 -71.6124
696 -33.0496 -71.6133
735 -33.0496 -71.6133
222 -33.0497 -71.6131
322 -33.0496 -71.6134
101 -33.0493 -71.615
139 -33.0496 -71.6134
802 -33.0496 -71.6134
633 -33.0497 -71.6131
34 -33.0498 -71.6125
80 -33.0498 -71.6125
485 -33.0498 -71.6124
360 -33.0497 -71.6127
447 -33.0497 -71.6129
718 -33.0497 -71.6129
493 -33.0498 -71.6123
59 -33.0542 -71.6123
188 -33.0543 -71.6123
618 -33.0542 -71.6122
568 -33.0542 -71.6123
380 -33.0541 -71.6123
758 -33.054 -71.6122
44 -33.0539 -71.6122
346 -33.0545 -71.6122
851 -33.0532 -71.6121
559 -33.0542 -71.6118
834 -33.0527 -71.6116
660 -33.0525 -71.6117
314 -33.0524 -71.6117
855 -33.0524 -71.6117
394 -33.0525 -71.6117
862 -33.0521 -71.612
732 -33.0499 -71.612
553 -33.0512 -71.6119
484 -33.0499 -71.6119
583 -33.0498 -71.6122
784 -33.0489 -71.6122
220 -33.0489 -71.6122
982 -33.049 -71.6119
901 -33.0513 -71.6119
348 -33.0513 -71.6119
81 -33.0513 -71.6119
604 -33.0514 -71.6119
55 -33.05 -71.6115
939 -33.0499 -71.6118
755 -33.0499 -71.6116
31 -33.0533 -71.6115
297 -33.0619 -71.6113
790 -33.0637 -71.6112
474 -33.0618 -71.6108
43 -33.0618 -71.6106
903 -33.0618 -71.6107
581 -33.0617 -71.6103
576 -33.0617 -71.6103
934 -33.0614 -71.6103
63 -33.0629 -71.6098
499 -33.0619 -71.6094
677 -33.0629 -71.6093
79 -33.0619 -71.6094
469 -33.0618 -71.6094
11 -33.0617 -71.6094
335 -33.0615 -71.6094
225 -33.0614 -71.6089
700 -33.0611 -71.6098
285 -33.061 -71.6097
705 -33.061 -71.6096
970 -33.0608 -71.6096
26 -33.0606 -71.6104
886 -33.0601 -71.6104
305 -33.0599 -71.6103
473 -33.0613 -71.6094
438 -33.061 -71.6093
858 -33.061 -71.6093
740 -33.061 -71.6092
422 -33.061 -71.6091
138 -33.0605 -71.6093
463 -33.0607 -71.609
282 -33.0609 -71.609
944 -33.0609 -71.6089
478 -33.0609 -71.6089
918 -33.0608 -71.6088
400 -33.0618 -71.6087
219 -33.0608 -71.6088
72 -33.0608 -71.6088
723 -33.0607 -71.6088
878 -33.0607 -71.6088
489 -33.0607 -71.6087
461 -33.061 -71.6086
672 -33.0624 -71.608
419 -33.0617 -71.608
715 -33.0607 -71.6086
470 -33.0607 -71.6085
458 -33.0607 -71.6085
753 -33.0607 -71.6079
664 -33.0606 -71.6085
156 -33.0605 -71.6085
350 -33.0605 -71.6084
62 -33.0605 -71.6084
94 -33.0602 -71.6082
73 -33.0602 -71.6088
132 -33.06 -71.6088
332 -33.0602 -71.6083
532 -33.0602 -71.6082
810 -33.0598 -71.6082
746 -33.0601 -71.6082
888 -33.0601 -71.6078
952 -33.0598 -71.6079
183 -33.0598 -71.6079
690 -33.0597 -71.6078
866 -33.0596 -71.6098
748 -33.0589 -71.6112
187 -33.059 -71.6112
190 -33.0593 -71.6112
259 -33.0589 -71.6112
606 -33.0583 -71.6113
765 -33.0582 -71.6107
558 -33.0584 -71.6106
97 -33.0589 -71.6104
362 -33.0589 -71.6095
626 -33.0594 -71.6088
2 -33.0592 -71.6088
657 -33.0586 -71.6101
856 -33.0584 -71.609
454 -33.0582 -71.609
236 -33.0585 -71.6089
415 -33.058 -71.6104
15 -33.058 -71.6113
706 -33.0579 -71.6103
861 -33.0579 -71.6103
569 -33.0579 -71.6113
681 -33.0577 -71.6109
510 -33.0577 -71.6107
540 -33.0575 -71.6103
821 -33.0577 -71.6102
384 -33.0577 -71.6102
745 -33.0579 -71.6099
268 -33.0578 -71.6098
143 -33.0576 -71.6102
874 -33.0576 -71.6088
535 -33.0575 -71.6088
811 -33.0579 -71.6083
846 -33.059 -71.6079
528 -33.059 -71.6079
321 -33.0585 -71.6079
199 -33.0585 -71.6079
675 -33.0583 -71.6081
375 -33.0582 -71.608
997 -33.0583 -71.608
788 -33.0585 -71.6079
243 -33.0587 -71.6079
882 -33.0587 -71.6079
71 -33.0587 -71.6079
294 -33.0586 -71.6079
325 -33.0586 -71.6079
229 -33.0586 -71.6079
736 -33.0586 -71.6079
556 -33.0582 -71.6081
244 -33.0579 -71.6082
737 -33.0578 -71.6082
371 -33.0578 -71.6082
242 -33.0577 -71.6082
339 -33.0576 -71.6081
257 -33.0576 -71.6081
232 -33.0576 -71.6081
215 -33.0576 -71.6081
287 -33.0581 -71.6081
103 -33.0581 -71.6081
395 -33.0581 -71.6081
993 -33.058 -71.6079
813 -33.0576 -71.6081
839 -33.0575 -71.6081
624 -33.0588 -71.6078
662 -33.0611 -71.6074
977 -33.0617 -71.6073
833 -33.0613 -71.6072
557 -33.0605 -71.6077
381 -33.0604 -71.6077
923 -33.0599 -71.6077
46 -33.0601 -71.6072
912 -33.0602 -71.6072
592 -33.0611 -71.6071
808 -33.0612 -71.6068
441 -33.0634 -71.6065
159 -33.0609 -71.6065
281 -33.0602 -71.607
300 -33.0606 -71.6068
772 -33.0601 -71.6065
137 -33.0598 -71.6077
328 -33.0597 -71.6078
714 -33.0595 -71.6077
468 -33.0596 -71.6077
167 -33.0594 -71.6077
752 -33.0592 -71.6076
56 -33.0592 -71.6076
398 -33.0593 -71.6076
785 -33.0592 -71.6076
836 -33.0595 -71.6076
471 -33.0593 -71.6076
757 -33.0594 -71.6076
502 -33.0593 -71.6076
966 -33.0593 -71.6076
981 -33.0593 -71.6076
378 -33.0592 -71.6068
925 -33.0607 -71.6064
291 -33.0633 -71.6064
147 -33.0632 -71.6063
870 -33.0631 -71.6062
331 -33.0629 -71.6061
112 -33.0627 -71.6058
843 -33.0604 -71.6058
90 -33.0624 -71.6057
825 -33.0605 -71.6056
924 -33.0622 -71.6055
296 -33.0618 -71.6052
78 -33.0612 -71.6047
922 -33.0611 -71.6051
491 -33.061 -71.6055
769 -33.0607 -71.6054
857 -33.061 -71.6051
622 -33.0603 -71.6058
158 -33.0597 -71.6063
83 -33.0601 -71.6063
32 -33.0599 -71.6063
954 -33.0594 -71.6064
951 -33.0593 -71.6064
873 -33.0593 -71.6064
527 -33.0592 -71.6063
129 -33.0601 -71.6063
261 -33.0603 -71.6059
169 -33.0601 -71.6046
620 -33.0601 -71.6046
311 -33.06 -71.6062
411 -33.0599 -71.6062
293 -33.0593 -71.6044
99 -33.0591 -71.6043
741 -33.0591 -71.6077
653 -33.0591 -71.6077
369 -33.0591 -71.6077
832 -33.059 -71.6077
192 -33.0588 -71.6078
929 -33.0589 -71.6078
365 -33.0589 -71.6078
280 -33.0591 -71.6075
671 -33.0589 -71.607
555 -33.0587 -71.6066
126 -33.0588 -71.6066
704 -33.0587 -71.6068
980 -33.0584 -71.6067
16 -33.0584 -71.6066
125 -33.0586 -71.6066
110 -33.0584 -71.6073
182 -33.0583 -71.6071
8 -33.0578 -71.6068
670 -33.0578 -71.6068
613 -33.0577 -71.6073
319 -33.0577 -71.6076
390 -33.0577 -71.6072
910 -33.0574 -71.6069
230 -33.0579 -71.6068
544 -33.058 -71.6067
168 -33.0584 -71.6067
172 -33.0584 -71.6066
120 -33.058 -71.6067
276 -33.0579 -71.6068
503 -33.0578 -71.6066
505 -33.0586 -71.6066
404 -33.0589 -71.6066
349 -33.0588 -71.6065
513 -33.0591 -71.6063
669 -33.0587 -71.6066
845 -33.0586 -71.6066
284 -33.0586 -71.6066
417 -33.0587 -71.6066
525 -33.059 -71.6063
221 -33.0591 -71.6054
256 -33.059 -71.6052
196 -33.0587 -71.6051
937 -33.0586 -71.6051
840 -33.0584 -71.6062
223 -33.0585 -71.6062
957 -33.0583 -71.6049
595 -33.0583 -71.6051
990 -33.058 -71.6062
136 -33.0582 -71.6059
477 -33.058 -71.6059
782 -33.0579 -71.6065
357 -33.0578 -71.6062
472 -33.0575 -71.6061
316 -33.0577 -71.6058
460 -33.0578 -71.6058
984 -33.0583 -71.6058
768 -33.0576 -71.6049
1 -33.0581 -71.6044
98 -33.0575 -71.6051
30 -33.0574 -71.6048
406 -33.0574 -71.6048
141 -33.0574 -71.61
815 -33.0571 -71.6099
391 -33.057 -71.6098
673 -33.0568 -71.6097
770 -33.0568 -71.6097
336 -33.0554 -71.6104
517 -33.0557 -71.6104
372 -33.0561 -71.6102
433 -33.0567 -71.6096
931 -33.0568 -71.6096
975 -33.0558 -71.6095
388 -33.0559 -71.6091
895 -33.0558 -71.6092
744 -33.0554 -71.6095
358 -33.0556 -71.6093
65 -33.0557 -71.6092
915 -33.0553 -71.6104
337 -33.0539 -71.6112
401 -33.0537 -71.6108
27 -33.0538 -71.6105
780 -33.0536 -71.6113
345 -33.0536 -71.6106
133 -33.0536 -71.6106
74 -33.0536 -71.6105
278 -33.0537 -71.6105
180 -33.0548 -71.6104
995 -33.0549 -71.6104
621 -33.055 -71.6104
894 -33.0545 -71.6105
920 -33.0543 -71.6105
312 -33.0536 -71.6085
342 -33.0536 -71.6085
329 -33.0536 -71.6085
4 -33.0545 -71.6085
766 -33.0544 -71.6085
974 -33.0547 -71.6085
379 -33.0544 -71.6085
817 -33.0544 -71.6085
750 -33.0543 -71.6085
439 -33.0542 -71.6085
865 -33.0547 -71.6084
798 -33.0548 -71.6084
249 -33.0548 -71.6084
702 -33.0548 -71.6083
898 -33.0548 -71.6084
338 -33.0547 -71.6084
524 -33.0547 -71.6084
288 -33.0548 -71.6084
539 -33.0542 -71.6085
526 -33.0542 -71.6085
164 -33.0542 -71.6085
317 -33.0541 -71.6085
465 -33.0541 -71.6085
719 -33.0536 -71.6085
241 -33.0535 -71.6085
656 -33.0537 -71.6085
258 -33.054 -71.6085
932 -33.0541 -71.6085
695 -33.054 -71.6085
428 -33.0539 -71.6085
985 -33.0539 -71.6085
58 -33.0539 -71.6085
651 -33.0539 -71.6085
779 -33.0535 -71.6085
77 -33.0534 -71.6114
213 -33.0511 -71.61
897 -33.0512 -71.6099
318 -33.0511 -71.61
206 -33.0508 -71.6102
853 -33.051 -71.6101
140 -33.051 -71.6101
941 -33.0512 -71.6099
436 -33.0515 -71.6096
631 -33.0515 -71.6096
541 -33.0515 -71.6096
84 -33.0515 -71.6096
50 -33.0513 -71.6098
868 -33.0514 -71.6097
36 -33.0514 -71.6097
440 -33.0506 -71.6102
722 -33.05 -71.6113
530 -33.05 -71.6112
968 -33.0501 -71.6108
152 -33.05 -71.6113
88 -33.0491 -71.6114
724 -33.0499 -71.6113
643 -33.0494 -71.6112
716 -33.0501 -71.6104
283 -33.0505 -71.6102
933 -33.0504 -71.6102
48 -33.0503 -71.6101
799 -33.0502 -71.6101
694 -33.0502 -71.6104
383 -33.0502 -71.6103
854 -33.0515 -71.6096
96 -33.0535 -71.6085
596 -33.0534 -71.6085
947 -33.0534 -71.6085
804 -33.0533 -71.6084
0 -33.0521 -71.6085
728 -33.0522 -71.6084
685 -33.0533 -71.6084
518 -33.0533 -71.6084
86 -33.0532 -71.6084
522 -33.0531 -71.6084
548 -33.0531 -71.6084
665 -33.053 -71.6083
709 -33.053 -71.6083
207 -33.053 -71.6083
444 -33.053 -71.6083
637 -33.0521 -71.6085
960 -33.0518 -71.6093
612 -33.0518 -71.6093
432 -33.0519 -71.6091
218 -33.0517 -71.6094
778 -33.0516 -71.6096
586 -33.0516 -71.6095
519 -33.0516 -71.6095
302 -33.0519 -71.6091
462 -33.052 -71.6089
648 -33.0521 -71.6087
538 -33.0521 -71.6087
374 -33.052 -71.609
515 -33.052 -71.6091
435 -33.0505 -71.6086
76 -33.0529 -71.6083
731 -33.0572 -71.608
397 -33.0571 -71.608
122 -33.0571 -71.608
989 -33.0571 -71.608
245 -33.0571 -71.608
806 -33.0571 -71.608
720 -33.0571 -71.608
691 -33.057 -71.608
308 -33.057 -71.608
887 -33.057 -71.608
21 -33.057 -71.608
194 -33.0569 -71.608
875 -33.0568 -71.608
554 -33.0568 -71.608
299 -33.0568 -71.608
682 -33.0568 -71.608
410 -33.0567 -71.608
871 -33.0567 -71.608
264 -33.0567 -71.608
913 -33.0567 -71.608
667 -33.0566 -71.608
921 -33.0566 -71.608
359 -33.0566 -71.608
289 -33.0565 -71.608
616 -33.0562 -71.608
893 -33.0562 -71.6079
959 -33.0561 -71.6079
896 -33.0561 -71.6079
965 -33.0561 -71.6079
650 -33.056 -71.6079
445 -33.056 -71.6079
800 -33.056 -71.6079
193 -33.0571 -71.6075
6 -33.0564 -71.6073
184 -33.0564 -71.6073
567 -33.0564 -71.6073
41 -33.0561 -71.6075
492 -33.0561 -71.6075
552 -33.0561 -71.6075
67 -33.0566 -71.6072
578 -33.0571 -71.607
564 -33.0572 -71.607
826 -33.0573 -71.6048
267 -33.0571 -71.607
628 -33.0567 -71.6072
247 -33.0569 -71.6071
149 -33.0566 -71.6045
689 -33.056 -71.6076
609 -33.0559 -71.6079
490 -33.0559 -71.6079
28 -33.0558 -71.6079
594 -33.0556 -71.6078
777 -33.0555 -71.6078
37 -33.0556 -71.6078
570 -33.0556 -71.6078
630 -33.0556 -71.6078
47 -33.0557 -71.6077
104 -33.0559 -71.6076
776 -33.0558 -71.6045
135 -33.0557 -71.6077
39 -33.0556 -71.6078
953 -33.0557 -71.6077
45 -33.0555 -71.6078
486 -33.0549 -71.6083
246 -33.055 -71.6083
814 -33.055 -71.6083
841 -33.0549 -71.6083
162 -33.0549 -71.6083
847 -33.0529 -71.6083
654 -33.0528 -71.6083
3 -33.055 -71.6082
95 -33.0551 -71.6081
824 -33.0551 -71.6081
356 -33.0551 -71.6081
451 -33.0551 -71.6082
240 -33.0527 -71.6082
969 -33.055 -71.6082
459 -33.0551 -71.6082
64 -33.0527 -71.6082
363 -33.0527 -71.6082
153 -33.0526 -71.6082
178 -33.0526 -71.6082
425 -33.0526 -71.6082
680 -33.0522 -71.6082
590 -33.0522 -71.6082
481 -33.0526 -71.6082
701 -33.0522 -71.6082
828 -33.0526 -71.6082
956 -33.0524 -71.6081
807 -33.0523 -71.6081
823 -33.0522 -71.6081
234 -33.0522 -71.6082
119 -33.0522 -71.6081
231 -33.0522 -71.6081
396 -33.0554 -71.608
936 -33.0554 -71.608
344 -33.0554 -71.608
131 -33.0553 -71.608
684 -33.0553 -71.608
943 -33.0553 -71.608
352 -33.0553 -71.608
114 -33.0554 -71.6079
514 -33.0555 -71.6079
699 -33.0555 -71.6079
426 -33.0555 -71.6079
443 -33.0555 -71.6079
543 -33.0554 -71.6079
926 -33.0554 -71.6079
584 -33.0554 -71.6079
663 -33.0552 -71.6081
457 -33.0523 -71.6081
330 -33.0552 -71.6081
928 -33.0552 -71.6081
634 -33.0523 -71.6081
418 -33.0522 -71.6081
248 -33.0521 -71.6079
971 -33.0521 -71.6079
899 -33.0522 -71.6073
507 -33.0544 -71.6054
781 -33.0549 -71.6051
121 -33.0551 -71.605
729 -33.0541 -71.6058
792 -33.0541 -71.6058
533 -33.0536 -71.6048
