619 -33.0603 -71.6163
760 -33.0603 -71.6163
455 -33.0605 -71.6162
271 -33.0602 -71.6164
838 -33.0596 -71.6166
154 -33.0597 -71.6163
803 -33.0598 -71.6162
754 -33.0606 -71.6162
301 -33.061 -71.616
978 -33.0625 -71.6153
475 -33.0626 -71.615
367 -33.06 -71.6144
456 -33.0599 -71.6161
549 -33.0597 -71.6146
726 -33.0597 -71.6145
907 -33.0596 -71.6166
466 -33.0592 -71.6168
290 -33.0595 -71.6167
446 -33.0593 -71.6166
423 -33.059 -71.6168
166 -33.0588 -71.6169
179 -33.0589 -71.6169
403 -33.059 -71.6169
819 -33.0589 -71.6152
773 -33.0593 -71.615
61 -33.0595 -71.6149
962 -33.0596 -71.6148
274 -33.0591 -71.615
424 -33.0589 -71.6152
373 -33.0589 -71.6147
450 -33.0591 -71.6145
762 -33.0599 -71.6144
467 -33.0606 -71.6141
686 -33.0607 -71.614
483 -33.0607 -71.6139
945 -33.0603 -71.6143
279 -33.0601 -71.6144
123 -33.0602 -71.6144
354 -33.0598 -71.6137
127 -33.0608 -71.6136
189 -33.0609 -71.6135
994 -33.061 -71.6134
927 -33.0602 -71.6133
751 -33.0601 -71.6134
269 -33.0598 -71.6136
693 -33.0599 -71.6135
255 -33.06 -71.6134
967 -33.0598 -71.6138
405 -33.0594 -71.6142
580 -33.0596 -71.614
146 -33.0595 -71.6139
107 -33.0594 -71.6142
69 -33.0592 -71.6144
641 -33.0592 -71.6143
150 -33.0593 -71.6142
134 -33.0596 -71.6139
816 -33.0596 -71.6138
402 -33.0591 -71.6136
916 -33.0591 -71.6135
464 -33.0591 -71.6136
950 -33.0591 -71.6134
822 -33.0589 -71.6133
698 -33.0588 -71.6153
448 -33.0585 -71.6172
495 -33.0588 -71.617
145 -33.0587 -71.6169
431 -33.0584 -71.6173
908 -33.0581 -71.6175
262 -33.0583 -71.6174
171 -33.0583 -71.6169
767 -33.0584 -71.6165
198 -33.0584 -71.6163
809 -33.0586 -71.6155
7 -33.0586 -71.6155
49 -33.0583 -71.6151
506 -33.0582 -71.6157
546 -33.0582 -71.615
341 -33.0582 -71.615
930 -33.0581 -71.6176
487 -33.0578 -71.6178
946 -33.058 -71.6177
611 -33.0579 -71.617
614 -33.0578 -71.6178
327 -33.0575 -71.6181
393 -33.0576 -71.618
727 -33.0578 -71.6178
761 -33.058 -71.615
434 -33.058 -71.615
254 -33.058 -71.615
973 -33.058 -71.615
844 -33.058 -71.615
117 -33.0579 -71.615
292 -33.0579 -71.615
711 -33.0579 -71.615
361 -33.0578 -71.6149
488 -33.0588 -71.6148
797 -33.0586 -71.6146
512 -33.0586 -71.6144
636 -33.0586 -71.6149
355 -33.0584 -71.6149
105 -33.0583 -71.6148
948 -33.0582 -71.6142
551 -33.0582 -71.6142
175 -33.0584 -71.6139
571 -33.0584 -71.6138
668 -33.0586 -71.6133
881 -33.0583 -71.6134
216 -33.0581 -71.6138
521 -33.0583 -71.6134
848 -33.0581 -71.6133
476 -33.0581 -71.6144
992 -33.0577 -71.6149
89 -33.0577 -71.6149
885 -33.0577 -71.6144
812 -33.0576 -71.6149
892 -33.0575 -71.6149
721 -33.0575 -71.6149
864 -33.0575 -71.6149
389 -33.0579 -71.6139
211 -33.058 -71.6138
587 -33.0581 -71.6137
212 -33.0581 -71.6136
919 -33.0579 -71.6139
730 -33.0578 -71.6139
591 -33.0576 -71.6134
370 -33.0602 -71.6132
118 -33.0629 -71.613
917 -33.0626 -71.6128
579 -33.0626 -71.6127
582 -33.0607 -71.6126
537 -33.0603 -71.6131
251 -33.0603 -71.6131
407 -33.0604 -71.6128
14 -33.0607 -71.6126
12 -33.061 -71.6123
413 -33.0611 -71.6123
733 -33.0612 -71.6122
480 -33.0609 -71.6124
351 -33.0608 -71.6125
679 -33.0608 -71.6125
237 -33.0603 -71.6124
408 -33.0602 -71.6131
272 -33.0597 -71.6128
295 -33.0598 -71.6128
577 -33.0599 -71.6128
310 -33.0595 -71.6129
19 -33.0594 -71.6129
998 -33.0594 -71.6129
160 -33.0594 -71.6129
789 -33.0599 -71.6128
387 -33.06 -71.6128
414 -33.06 -71.6128
674 -33.0602 -71.6128
991 -33.0595 -71.6125
955 -33.0595 -71.6126
252 -33.0595 -71.6124
743 -33.0595 -71.6122
57 -33.0613 -71.6122
976 -33.0635 -71.6122
561 -33.0628 -71.6121
523 -33.0629 -71.612
531 -33.0624 -71.6121
238 -33.0624 -71.6121
501 -33.0624 -71.6121
60 -33.0617 -71.612
209 -33.0618 -71.612
482 -33.0636 -71.6118
420 -33.0639 -71.6117
326 -33.0641 -71.6116
774 -33.0623 -71.612
869 -33.0618 -71.612
608 -33.0619 -71.612
640 -33.0619 -71.612
879 -33.0617 -71.6121
646 -33.0615 -71.6121
958 -33.0616 -71.6121
366 -33.0616 -71.6121
286 -33.0615 -71.6121
747 -33.0613 -71.6122
452 -33.0613 -71.6122
52 -33.0615 -71.6121
818 -33.0616 -71.6121
51 -33.0617 -71.6121
642 -33.0617 -71.6121
307 -33.0607 -71.6116
627 -33.0607 -71.6116
909 -33.0595 -71.6119
368 -33.0598 -71.6116
563 -33.0593 -71.6116
18 -33.0584 -71.613
208 -33.0584 -71.613
200 -33.0584 -71.613
202 -33.0583 -71.613
42 -33.0583 -71.613
615 -33.0582 -71.613
863 -33.0583 -71.613
102 -33.0587 -71.613
309 -33.0589 -71.6129
575 -33.059 -71.6129
986 -33.0591 -71.6129
22 -33.0589 -71.6129
759 -33.0588 -71.6129
124 -33.0588 -71.6129
542 -33.0582 -71.6129
963 -33.0582 -71.6131
324 -33.0581 -71.613
70 -33.0581 -71.613
334 -33.0581 -71.613
837 -33.0579 -71.6129
520 -33.0577 -71.6131
35 -33.0577 -71.6131
801 -33.0579 -71.6129
227 -33.0578 -71.6129
87 -33.0578 -71.6129
607 -33.0578 -71.6129
649 -33.0578 -71.6129
661 -33.0578 -71.6129
877 -33.0577 -71.6129
771 -33.0577 -71.6129
725 -33.0577 -71.6129
347 -33.0592 -71.6129
601 -33.0593 -71.6129
602 -33.0593 -71.6129
224 -33.0592 -71.6129
603 -33.0591 -71.6129
376 -33.0592 -71.6129
742 -33.0589 -71.6128
386 -33.0589 -71.6127
23 -33.0592 -71.6126
303 -33.0591 -71.6125
298 -33.0593 -71.6116
676 -33.0591 -71.6122
20 -33.0589 -71.6127
29 -33.0588 -71.6126
560 -33.0588 -71.6117
197 -33.0585 -71.6124
872 -33.0583 -71.6127
645 -33.0583 -71.6127
214 -33.0583 -71.6127
498 -33.0577 -71.6129
235 -33.0576 -71.6129
173 -33.0576 -71.6129
265 -33.0576 -71.6129
108 -33.0582 -71.6126
842 -33.0583 -71.6126
905 -33.0583 -71.6126
151 -33.0581 -71.6123
442 -33.0581 -71.6123
681 -33.0575 -71.6113
15 -33.058 -71.6113
830 -33.0575 -71.6181
597 -33.0573 -71.6182
703 -33.0573 -71.6182
504 -33.0574 -71.6181
66 -33.0568 -71.6183
961 -33.0565 -71.6182
904 -33.0564 -71.6181
364 -33.0563 -71.6181
128 -33.0575 -71.6181
585 -33.057 -71.617
100 -33.0568 -71.6169
890 -33.0562 -71.616
24 -33.0562 -71.616
647 -33.0562 -71.616
226 -33.0562 -71.616
497 -33.0562 -71.616
304 -33.0562 -71.6159
109 -33.056 -71.618
130 -33.0559 -71.618
550 -33.056 -71.6162
176 -33.0559 -71.6163
165 -33.0559 -71.618
859 -33.0558 -71.6164
940 -33.0558 -71.6164
142 -33.0561 -71.6161
85 -33.0561 -71.6161
796 -33.0562 -71.616
115 -33.0562 -71.616
412 -33.0561 -71.6161
574 -33.056 -71.6159
106 -33.0559 -71.6159
850 -33.0559 -71.6159
688 -33.0559 -71.6159
5 -33.0562 -71.6159
195 -33.0562 -71.6159
144 -33.0562 -71.6159
496 -33.0562 -71.6159
964 -33.0561 -71.6159
315 -33.0562 -71.6158
111 -33.0561 -71.6158
783 -33.0561 -71.6152
253 -33.0563 -71.6151
148 -33.0563 -71.615
177 -33.0564 -71.615
430 -33.0562 -71.6151
756 -33.0562 -71.6152
385 -33.0562 -71.6152
266 -33.0562 -71.6151
75 -33.0561 -71.6157
38 -33.0561 -71.6157
659 -33.0561 -71.6157
852 -33.0561 -71.6156
500 -33.0561 -71.6156
884 -33.0559 -71.6159
572 -33.0557 -71.6159
494 -33.0558 -71.6157
163 -33.056 -71.6155
678 -33.056 -71.6154
749 -33.056 -71.6154
632 -33.0561 -71.6152
250 -33.0559 -71.6154
260 -33.0559 -71.6153
17 -33.0559 -71.6153
313 -33.0557 -71.6165
979 -33.0556 -71.6179
883 -33.0556 -71.6172
217 -33.0557 -71.6169
10 -33.0555 -71.6179
983 -33.0555 -71.6179
949 -33.0555 -71.6179
829 -33.0553 -71.6176
479 -33.0557 -71.6169
53 -33.0557 -71.6167
999 -33.0557 -71.6165
13 -33.0557 -71.6159
697 -33.0557 -71.6168
191 -33.0555 -71.6159
174 -33.0555 -71.6159
273 -33.0555 -71.6159
786 -33.0553 -71.6179
409 -33.0547 -71.6189
629 -33.0542 -71.6189
511 -33.0544 -71.6184
849 -33.0539 -71.6188
516 -33.0528 -71.6187
509 -33.0535 -71.6187
427 -33.0536 -71.6185
708 -33.0546 -71.6184
25 -33.055 -71.618
598 -33.0551 -71.6179
589 -33.0553 -71.6177
987 -33.055 -71.6182
710 -33.0549 -71.6183
92 -33.0549 -71.6183
652 -33.0555 -71.6159
692 -33.0553 -71.6158
900 -33.0551 -71.6158
712 -33.0551 -71.6158
529 -33.055 -71.6158
263 -33.0549 -71.6158
453 -33.0548 -71.6157
239 -33.0547 -71.6157
416 -33.0545 -71.6157
573 -33.0544 -71.6157
889 -33.0543 -71.6157
353 -33.0548 -71.615
170 -33.0543 -71.6157
333 -33.0542 -71.6157
113 -33.0541 -71.6156
639 -33.054 -71.6156
605 -33.054 -71.6156
644 -33.0527 -71.6158
155 -33.054 -71.6156
763 -33.0537 -71.6156
911 -33.0525 -71.6157
764 -33.0524 -71.6157
988 -33.0515 -71.6156
277 -33.0513 -71.6156
205 -33.0513 -71.6156
794 -33.0537 -71.6156
157 -33.0536 -71.6156
635 -33.0531 -71.6155
610 -33.053 -71.6155
820 -33.0513 -71.6156
938 -33.0512 -71.6156
739 -33.0564 -71.615
545 -33.0574 -71.6149
228 -33.0574 -71.6149
210 -33.0574 -71.6144
891 -33.0574 -71.6144
600 -33.0573 -71.6147
547 -33.0574 -71.6146
204 -33.0574 -71.6145
343 -33.0574 -71.6144
377 -33.0575 -71.6144
713 -33.0575 -71.6143
421 -33.0575 -71.614
734 -33.0575 -71.6141
593 -33.0574 -71.6143
775 -33.0574 -71.6142
40 -33.0574 -71.6135
68 -33.0573 -71.6137
795 -33.0566 -71.6149
787 -33.0572 -71.6148
835 -33.0566 -71.6148
116 -33.0566 -71.6149
93 -33.0565 -71.6149
340 -33.0565 -71.6149
399 -33.0565 -71.6149
831 -33.0567 -71.6148
323 -33.0569 -71.6147
565 -33.0569 -71.6147
185 -33.0569 -71.6134
880 -33.0569 -71.6147
320 -33.0568 -71.6147
860 -33.0568 -71.6147
687 -33.0568 -71.6147
181 -33.0565 -71.6132
82 -33.0574 -71.6128
599 -33.0574 -71.6128
738 -33.0574 -71.6128
306 -33.0573 -71.6128
437 -33.0573 -71.6128
233 -33.0573 -71.6128
655 -33.0573 -71.6128
707 -33.0571 -71.6127
942 -33.057 -71.6127
201 -33.057 -71.6127
392 -33.057 -71.6127
902 -33.0569 -71.6126
275 -33.0567 -71.6125
562 -33.0567 -71.6125
658 -33.0566 -71.6125
534 -33.0566 -71.6125
625 -33.0565 -71.6132
449 -33.0566 -71.6125
996 -33.0565 -71.6124
91 -33.0564 -71.6131
867 -33.056 -71.6131
382 -33.0561 -71.6131
203 -33.0564 -71.6124
623 -33.0563 -71.6124
805 -33.0563 -71.6124
186 -33.0562 -71.6124
588 -33.056 -71.6123
666 -33.056 -71.6123
791 -33.0559 -71.6123
638 -33.0559 -71.6123
566 -33.0558 -71.6123
429 -33.0555 -71.6131
536 -33.0554 -71.6131
617 -33.0554 -71.6124
161 -33.0553 -71.6131
54 -33.0544 -71.6148
59 -33.0545 -71.6126
914 -33.0553 -71.6124
683 -33.0551 -71.6124
906 -33.0554 -71.6124
33 -33.0555 -71.6124
270 -33.0556 -71.6123
508 -33.0554 -71.6124
717 -33.055 -71.6124
188 -33.0546 -71.6124
568 -33.0545 -71.6124
380 -33.0544 -71.6125
827 -33.051 -71.6131
9 -33.051 -71.6131
447 -33.0501 -71.613
802 -33.0497 -71.613
101 -33.0494 -71.6146
139 -33.0497 -71.613
322 -33.0497 -71.613
696 -33.0497 -71.6129
618 -33.0543 -71.6124
718 -33.0498 -71.6124
758 -33.0543 -71.6123
633 -33.0498 -71.6127
735 -33.0497 -71.6128
222 -33.0497 -71.6128
44 -33.0543 -71.6123
346 -33.0541 -71.6123
851 -33.0535 -71.6122
559 -33.0545 -71.6121
862 -33.0525 -71.6121
553 -33.0515 -71.612
901 -33.0516 -71.6118
348 -33.0517 -71.6118
81 -33.0517 -71.6118
660 -33.0529 -71.6116
834 -33.053 -71.6116
31 -33.0537 -71.6113
394 -33.0528 -71.6116
604 -33.0518 -71.6118
314 -33.0528 -71.6116
855 -33.0528 -71.6116
972 -33.0512 -71.6121
793 -33.0511 -71.6122
485 -33.0499 -71.612
493 -33.0499 -71.6119
935 -33.0499 -71.612
360 -33.0498 -71.6122
34 -33.0499 -71.6121
80 -33.0499 -71.612
784 -33.049 -71.6118
732 -33.05 -71.6115
484 -33.05 -71.6115
939 -33.05 -71.6114
583 -33.0499 -71.6117
220 -33.049 -71.6118
982 -33.0491 -71.6115
77 -33.0537 -71.6113
297 -33.0618 -71.6109
790 -33.0639 -71.6109
474 -33.0618 -71.6108
43 -33.0618 -71.6106
934 -33.0617 -71.6106
581 -33.0617 -71.6103
576 -33.0617 -71.6103
63 -33.0632 -71.61
499 -33.0623 -71.6096
11 -33.0621 -71.6095
677 -33.0633 -71.6094
469 -33.062 -71.6094
335 -33.0619 -71.6094
473 -33.0617 -71.6094
79 -33.062 -71.6093
903 -33.0615 -71.6107
700 -33.0613 -71.6102
285 -33.0612 -71.61
705 -33.0612 -71.6099
26 -33.061 -71.6103
876 -33.0603 -71.6112
886 -33.0602 -71.6103
305 -33.0601 -71.6101
138 -33.0605 -71.6096
858 -33.0613 -71.6094
438 -33.0613 -71.6094
422 -33.0611 -71.6093
282 -33.0611 -71.6093
740 -33.061 -71.6096
970 -33.0608 -71.6096
944 -33.061 -71.6093
918 -33.061 -71.6091
225 -33.0617 -71.6089
478 -33.0613 -71.6089
72 -33.0611 -71.6089
219 -33.061 -71.6091
723 -33.061 -71.609
878 -33.061 -71.609
489 -33.0609 -71.6089
463 -33.061 -71.6089
461 -33.061 -71.6086
400 -33.0622 -71.6085
419 -33.0617 -71.608
715 -33.0609 -71.6089
458 -33.0608 -71.6088
470 -33.0608 -71.6088
664 -33.0607 -71.6088
156 -33.0607 -71.6088
350 -33.0607 -71.6087
62 -33.0607 -71.6086
94 -33.0605 -71.6085
532 -33.0605 -71.6084
73 -33.0604 -71.609
132 -33.06 -71.6088
746 -33.0604 -71.6084
332 -33.0602 -71.6083
952 -33.0601 -71.6081
753 -33.0607 -71.6079
888 -33.0601 -71.6078
183 -33.0601 -71.6081
690 -33.06 -71.6081
468 -33.06 -71.6078
328 -33.06 -71.608
748 -33.0589 -71.6112
187 -33.0592 -71.6112
190 -33.0595 -71.611
259 -33.0589 -71.6112
558 -33.0584 -71.6106
415 -33.0584 -71.6105
765 -33.0584 -71.6105
97 -33.0593 -71.6103
866 -33.0596 -71.6098
626 -33.0598 -71.6088
2 -33.0592 -71.6088
362 -33.0589 -71.6095
657 -33.0586 -71.6101
856 -33.0587 -71.6093
236 -33.0588 -71.6088
606 -33.0583 -71.6113
706 -33.0582 -71.6106
821 -33.0581 -71.6104
143 -33.0579 -71.6103
569 -33.0579 -71.6113
510 -33.0577 -71.6107
861 -33.0578 -71.6107
540 -33.0575 -71.6103
141 -33.0577 -71.6102
745 -33.0582 -71.6101
454 -33.0582 -71.609
244 -33.058 -71.6083
268 -33.058 -71.6099
384 -33.0577 -71.6102
874 -33.0576 -71.6088
811 -33.0579 -71.6083
810 -33.0598 -71.6082
167 -33.0597 -71.6081
714 -33.0598 -71.6079
846 -33.059 -71.6079
528 -33.059 -71.6079
556 -33.0586 -71.6079
997 -33.0586 -71.6079
375 -33.0586 -71.6079
757 -33.0597 -71.6078
471 -33.0597 -71.6078
981 -33.0596 -71.6078
321 -33.0589 -71.6078
929 -33.0589 -71.6078
199 -33.0588 -71.6078
788 -33.0589 -71.6078
395 -33.0585 -71.6079
257 -33.058 -71.6083
232 -33.058 -71.6081
339 -33.058 -71.6081
215 -33.058 -71.6081
839 -33.0579 -71.6082
813 -33.058 -71.6082
731 -33.0576 -71.6081
242 -33.0581 -71.6081
675 -33.0584 -71.608
287 -33.0584 -71.608
103 -33.0585 -71.608
737 -33.0582 -71.6081
371 -33.0581 -71.6081
993 -33.0581 -71.6078
325 -33.0589 -71.6078
672 -33.0625 -71.6076
977 -33.0617 -71.6073
662 -33.0614 -71.6072
557 -33.0608 -71.6075
923 -33.0603 -71.6077
137 -33.0602 -71.6077
381 -33.0607 -71.6075
833 -33.0617 -71.607
592 -33.0614 -71.6068
441 -33.0634 -71.6065
147 -33.0633 -71.6065
808 -33.0612 -71.6068
281 -33.0602 -71.607
300 -33.0606 -71.6068
159 -33.0609 -71.6065
912 -33.0602 -71.6072
836 -33.0599 -71.6077
502 -33.0597 -71.6076
398 -33.0596 -71.6076
752 -33.0595 -71.6077
369 -33.0595 -71.6077
653 -33.0595 -71.6077
741 -33.0595 -71.6077
966 -33.0596 -71.6076
785 -33.0596 -71.6076
46 -33.0601 -71.6072
772 -33.0601 -71.6065
56 -33.0595 -71.6076
365 -33.0592 -71.6076
832 -33.0593 -71.6076
404 -33.0593 -71.6065
925 -33.0607 -71.6064
870 -33.0634 -71.6064
291 -33.0637 -71.6064
331 -33.0633 -71.6063
112 -33.063 -71.6061
90 -33.0627 -71.6059
924 -33.0625 -71.6057
622 -33.0606 -71.6055
843 -33.0607 -71.6055
296 -33.0621 -71.6054
78 -33.0615 -71.6049
922 -33.0613 -71.6048
857 -33.0613 -71.6048
491 -33.061 -71.6055
825 -33.0608 -71.6053
769 -33.061 -71.6051
261 -33.0605 -71.6056
83 -33.0601 -71.6063
129 -33.0601 -71.6063
311 -33.06 -71.6062
411 -33.0599 -71.6062
954 -33.0594 -71.6064
873 -33.0593 -71.6064
951 -33.0597 -71.6063
158 -33.06 -71.6061
32 -33.0601 -71.606
169 -33.0605 -71.6046
620 -33.0605 -71.6046
293 -33.0596 -71.6045
256 -33.0593 -71.6054
99 -33.0595 -71.6045
527 -33.0592 -71.6063
243 -33.0591 -71.6077
71 -33.0591 -71.6077
624 -33.0591 -71.6077
882 -33.059 -71.6077
294 -33.0589 -71.6078
736 -33.0589 -71.6078
229 -33.0589 -71.6078
192 -33.0591 -71.6077
280 -33.0591 -71.6075
378 -33.0592 -71.6068
671 -33.0591 -71.6067
704 -33.0588 -71.6066
555 -33.0587 -71.6066
126 -33.0588 -71.6066
172 -33.0587 -71.6066
980 -33.0584 -71.6067
110 -33.0584 -71.6073
182 -33.0583 -71.6071
168 -33.0584 -71.6067
910 -33.0578 -71.6068
319 -33.0577 -71.6076
613 -33.0577 -71.6073
390 -33.0577 -71.6072
8 -33.0581 -71.6067
276 -33.0583 -71.6067
120 -33.0583 -71.6067
544 -33.0584 -71.6066
230 -33.0582 -71.6067
670 -33.0582 -71.6067
503 -33.0578 -71.6066
125 -33.059 -71.6065
417 -33.0591 -71.6065
669 -33.0591 -71.6065
349 -33.0591 -71.6065
284 -33.059 -71.6065
16 -33.0588 -71.6065
505 -33.0589 -71.6065
845 -33.0589 -71.6065
513 -33.0591 -71.6063
525 -33.059 -71.6063
221 -33.0591 -71.6054
196 -33.0587 -71.6051
957 -33.0586 -71.6051
223 -33.0585 -71.6062
937 -33.0586 -71.6051
1 -33.0584 -71.6042
840 -33.0584 -71.6062
782 -33.0582 -71.6063
990 -33.058 -71.6062
136 -33.0582 -71.6059
477 -33.058 -71.6059
357 -33.0578 -71.6062
316 -33.0577 -71.6058
460 -33.0578 -71.6058
984 -33.0583 -71.6058
595 -33.0583 -71.6051
406 -33.0577 -71.6046
30 -33.0578 -71.6046
826 -33.0577 -71.6046
98 -33.0575 -71.6051
768 -33.0576 -71.6049
535 -33.0575 -71.6088
815 -33.0575 -71.6101
391 -33.0573 -71.61
770 -33.0571 -71.6099
372 -33.0565 -71.6101
915 -33.0556 -71.6105
336 -33.0558 -71.6104
517 -33.056 -71.6103
673 -33.0571 -71.6099
975 -33.0562 -71.6095
433 -33.0571 -71.6095
931 -33.0571 -71.6094
744 -33.0557 -71.6094
358 -33.0556 -71.6094
65 -33.0556 -71.6094
388 -33.0555 -71.6093
895 -33.0555 -71.6094
780 -33.0539 -71.6112
74 -33.054 -71.6105
27 -33.0541 -71.6105
133 -33.0538 -71.6105
337 -33.0537 -71.6109
401 -33.0536 -71.6105
345 -33.0538 -71.6105
278 -33.0541 -71.6105
621 -33.0554 -71.6104
180 -33.0551 -71.6101
995 -33.0551 -71.6101
894 -33.0549 -71.6104
920 -33.0546 -71.6104
518 -33.0536 -71.6085
685 -33.0537 -71.6085
804 -33.0537 -71.6085
164 -33.0546 -71.6085
317 -33.0545 -71.6085
526 -33.0546 -71.6085
932 -33.0545 -71.6085
465 -33.0545 -71.6085
695 -33.0544 -71.6085
258 -33.0544 -71.6085
428 -33.0543 -71.6085
766 -33.0548 -71.6084
379 -33.0548 -71.6084
4 -33.0549 -71.6083
817 -33.0547 -71.6084
439 -33.0546 -71.6085
539 -33.0546 -71.6085
750 -33.0547 -71.6085
651 -33.0543 -71.6085
985 -33.0543 -71.6085
58 -33.0543 -71.6085
656 -33.0541 -71.6085
312 -33.054 -71.6085
86 -33.0535 -71.6085
329 -33.0539 -71.6085
241 -33.0539 -71.6085
342 -33.054 -71.6085
719 -33.0539 -71.6085
779 -33.0539 -71.6085
96 -33.0538 -71.6085
596 -33.0538 -71.6085
947 -33.0538 -71.6085
548 -33.0534 -71.6085
522 -33.0534 -71.6085
140 -33.0513 -71.6098
318 -33.0513 -71.6098
213 -33.0514 -71.6097
853 -33.0513 -71.6098
283 -33.0508 -71.6102
440 -33.051 -71.6101
206 -33.0511 -71.61
897 -33.0514 -71.6097
436 -33.0518 -71.6093
84 -33.0518 -71.6093
631 -33.0518 -71.6093
36 -33.0517 -71.6094
941 -33.0515 -71.6096
50 -33.0516 -71.6095
868 -33.0516 -71.6095
933 -33.0508 -71.6102
724 -33.0501 -71.6109
152 -33.0501 -71.6109
722 -33.0501 -71.6109
55 -33.05 -71.6111
643 -33.0498 -71.6113
88 -33.0494 -71.6112
755 -33.05 -71.6112
530 -33.0501 -71.6108
48 -33.0507 -71.6102
694 -33.0504 -71.6102
383 -33.0504 -71.6102
716 -33.0503 -71.6101
968 -33.0502 -71.6104
799 -33.0503 -71.6097
541 -33.0518 -71.6093
709 -33.0534 -71.6085
665 -33.0534 -71.6085
207 -33.0533 -71.6085
444 -33.0533 -71.6084
76 -33.0533 -71.6084
847 -33.0532 -71.6084
654 -33.0531 -71.6084
64 -33.0531 -71.6084
240 -33.053 -71.6084
363 -33.053 -71.6083
153 -33.053 -71.6083
178 -33.053 -71.6083
425 -33.0529 -71.6083
481 -33.0529 -71.6083
828 -33.0529 -71.6083
538 -33.0522 -71.6083
218 -33.0519 -71.6091
960 -33.052 -71.609
612 -33.052 -71.6089
519 -33.0519 -71.6092
854 -33.0518 -71.6093
778 -33.0518 -71.6093
586 -33.0519 -71.6092
432 -33.0521 -71.6087
374 -33.0521 -71.6086
462 -33.0521 -71.6085
648 -33.0522 -71.6083
515 -33.0521 -71.6087
302 -33.0521 -71.6087
435 -33.0508 -71.6085
956 -33.0527 -71.6083
397 -33.0575 -71.6081
122 -33.0575 -71.6081
989 -33.0575 -71.6081
806 -33.0575 -71.6081
245 -33.0574 -71.6081
720 -33.0574 -71.6081
691 -33.0574 -71.6081
308 -33.0574 -71.6081
21 -33.0573 -71.6081
887 -33.0573 -71.6081
194 -33.0573 -71.608
875 -33.0572 -71.608
554 -33.0572 -71.608
299 -33.0572 -71.608
682 -33.0571 -71.608
410 -33.0571 -71.608
264 -33.0571 -71.608
871 -33.0571 -71.608
913 -33.057 -71.608
359 -33.057 -71.608
667 -33.057 -71.608
921 -33.057 -71.608
289 -33.0569 -71.608
616 -33.0566 -71.608
893 -33.0565 -71.608
965 -33.0565 -71.608
959 -33.0565 -71.608
896 -33.0565 -71.608
650 -33.0564 -71.608
445 -33.0564 -71.608
609 -33.0563 -71.608
800 -33.0563 -71.608
193 -33.0575 -71.6075
6 -33.0567 -71.6072
184 -33.0568 -71.6072
567 -33.0567 -71.6072
41 -33.0564 -71.6073
492 -33.0565 -71.6073
552 -33.0565 -71.6073
67 -33.057 -71.6071
578 -33.0574 -71.6069
564 -33.0574 -71.6067
472 -33.0575 -71.6061
267 -33.0574 -71.6069
628 -33.0571 -71.607
247 -33.0572 -71.6069
149 -33.057 -71.6047
689 -33.0563 -71.6074
490 -33.0562 -71.608
28 -33.0561 -71.6079
37 -33.056 -71.6079
594 -33.056 -71.6079
570 -33.056 -71.6079
39 -33.056 -71.6079
630 -33.0559 -71.6079
45 -33.0559 -71.6079
47 -33.0561 -71.6075
104 -33.0563 -71.6074
776 -33.0561 -71.6043
135 -33.0561 -71.6075
777 -33.0558 -71.6076
953 -33.056 -71.6075
426 -33.0558 -71.6079
898 -33.0551 -71.6082
249 -33.0551 -71.6081
798 -33.0551 -71.6081
288 -33.0551 -71.6082
338 -33.055 -71.6082
865 -33.055 -71.6082
524 -33.0551 -71.6082
702 -33.0552 -71.6081
246 -33.0553 -71.608
3 -33.0553 -71.608
969 -33.0553 -71.608
814 -33.0553 -71.608
162 -33.0552 -71.6081
486 -33.0552 -71.6081
841 -33.0552 -71.6081
974 -33.055 -71.6082
457 -33.0527 -71.6082
807 -33.0527 -71.6082
634 -33.0527 -71.6082
231 -33.0526 -71.6082
418 -33.0526 -71.6082
119 -33.0526 -71.6082
823 -33.0526 -71.6082
701 -33.0525 -71.6082
234 -33.0525 -71.6082
590 -33.0525 -71.6082
680 -33.0525 -71.6082
728 -33.0523 -71.6081
637 -33.0522 -71.6081
0 -33.0522 -71.6081
459 -33.0554 -71.608
514 -33.0558 -71.6079
699 -33.0558 -71.6079
584 -33.0558 -71.6078
114 -33.0557 -71.6078
663 -33.0555 -71.6078
131 -33.0557 -71.6078
684 -33.0556 -71.6078
943 -33.0556 -71.6078
543 -33.0557 -71.6077
926 -33.0557 -71.6077
443 -33.0558 -71.6077
936 -33.0557 -71.6077
352 -33.0556 -71.6078
344 -33.0557 -71.6077
396 -33.0557 -71.6077
330 -33.0555 -71.6079
824 -33.0555 -71.6079
356 -33.0555 -71.6079
928 -33.0555 -71.6079
95 -33.0554 -71.6079
451 -33.0554 -71.6079
248 -33.0522 -71.6076
971 -33.0522 -71.6076
899 -33.0524 -71.607
507 -33.0547 -71.6052
781 -33.0552 -71.6049
121 -33.0554 -71.6048
729 -33.0543 -71.6054
792 -33.0543 -71.6054
533 -33.054 -71.6047
