907 -33.0618 -71.6158
838 -33.0618 -71.6158
619 -33.0624 -71.6158
290 -33.0617 -71.6158
179 -33.061 -71.616
403 -33.0611 -71.616
466 -33.0613 -71.6159
271 -33.0624 -71.6158
754 -33.0628 -71.6156
455 -33.0626 -71.6155
978 -33.0627 -71.6151
475 -33.0626 -71.615
760 -33.0622 -71.6156
423 -33.061 -71.6154
301 -33.0626 -71.615
166 -33.061 -71.6161
448 -33.0606 -71.6162
145 -33.0608 -71.6161
495 -33.0609 -71.6161
171 -33.0605 -71.6163
946 -33.06 -71.6165
930 -33.06 -71.6164
908 -33.0601 -71.6164
611 -33.0599 -71.616
446 -33.0608 -71.6155
456 -33.0609 -71.6154
803 -33.061 -71.6154
154 -33.0607 -71.6155
49 -33.0601 -71.6144
546 -33.06 -71.6144
367 -33.06 -71.6144
279 -33.0602 -71.6143
917 -33.0623 -71.6135
501 -33.0622 -71.6135
762 -33.061 -71.6134
189 -33.061 -71.6134
127 -33.0608 -71.6136
274 -33.061 -71.6134
994 -33.061 -71.6134
118 -33.0639 -71.6133
52 -33.0628 -71.6131
238 -33.0637 -71.6131
531 -33.0636 -71.613
286 -33.0624 -71.6131
51 -33.0622 -71.6133
958 -33.0623 -71.6132
579 -33.0621 -71.6131
483 -33.0607 -71.6139
123 -33.0606 -71.6141
686 -33.0607 -71.614
424 -33.0607 -71.6139
467 -33.0606 -71.6141
945 -33.0603 -71.6143
7 -33.0604 -71.6142
61 -33.0606 -71.6141
809 -33.0604 -71.6139
819 -33.0607 -71.6136
134 -33.0604 -71.613
150 -33.0605 -71.6129
751 -33.0601 -71.6134
341 -33.0599 -71.6134
580 -33.0601 -71.6134
487 -33.0599 -71.6165
506 -33.0597 -71.6166
727 -33.0598 -71.6165
614 -33.0597 -71.6163
767 -33.0597 -71.6147
393 -33.0596 -71.6166
962 -33.0596 -71.6148
773 -33.0596 -71.6148
89 -33.0596 -71.6147
117 -33.0597 -71.6146
726 -33.0597 -71.6145
198 -33.0597 -71.6145
549 -33.0597 -71.6146
711 -33.0597 -71.6147
698 -33.0597 -71.6147
405 -33.0595 -71.614
327 -33.0595 -71.6167
597 -33.0592 -71.6168
128 -33.0594 -71.6167
228 -33.0593 -71.6149
585 -33.0592 -71.6168
204 -33.059 -71.6152
600 -33.0591 -71.6151
734 -33.0589 -71.6147
320 -33.0589 -71.6147
787 -33.0592 -71.6143
107 -33.0594 -71.6142
864 -33.0594 -71.6141
450 -33.0591 -71.6145
860 -33.0589 -71.6147
565 -33.059 -71.6146
880 -33.059 -71.6146
892 -33.0595 -71.614
967 -33.0598 -71.6138
927 -33.0598 -71.6137
354 -33.0598 -71.6137
973 -33.0598 -71.6137
992 -33.0595 -71.6139
355 -33.0597 -71.6139
292 -33.0597 -71.6137
844 -33.0598 -71.6137
254 -33.0598 -71.6136
761 -33.0598 -71.6136
434 -33.0598 -71.6136
707 -33.0593 -71.6129
902 -33.0592 -71.6129
942 -33.0592 -71.6129
730 -33.0593 -71.6129
201 -33.0592 -71.6129
402 -33.0591 -71.6136
916 -33.0591 -71.6135
102 -33.0591 -71.6135
464 -33.0591 -71.6136
545 -33.0589 -71.6139
891 -33.0588 -71.6135
950 -33.0591 -71.6134
822 -33.0589 -71.6133
562 -33.0589 -71.6129
275 -33.0589 -71.6129
392 -33.0592 -71.6129
658 -33.0588 -71.6129
534 -33.0588 -71.6129
124 -33.0588 -71.6129
19 -33.0594 -71.6129
351 -33.0627 -71.6124
57 -33.0634 -71.6123
976 -33.0646 -71.6121
14 -33.0627 -71.6124
366 -33.0622 -71.6126
582 -33.0627 -71.6123
700 -33.0625 -71.6121
285 -33.0623 -71.612
251 -33.0623 -71.612
407 -33.0625 -71.612
674 -33.0623 -71.612
705 -33.0623 -71.612
408 -33.0622 -71.612
255 -33.0619 -71.612
370 -33.0621 -71.612
577 -33.0617 -71.612
22 -33.061 -71.6123
986 -33.0612 -71.6122
146 -33.0612 -71.6122
679 -33.061 -71.6123
759 -33.0609 -71.6124
575 -33.0609 -71.6124
309 -33.061 -71.6123
347 -33.0613 -71.6122
160 -33.0615 -71.6121
310 -33.0616 -71.6121
269 -33.0616 -71.6121
816 -33.0614 -71.6122
693 -33.0613 -71.6122
747 -33.0613 -71.6122
224 -33.0613 -71.6122
387 -33.0621 -71.612
413 -33.0633 -71.6119
869 -33.064 -71.6116
640 -33.0641 -71.6116
480 -33.0631 -71.612
789 -33.0621 -71.612
733 -33.0623 -71.612
452 -33.0619 -71.6118
642 -33.063 -71.6113
790 -33.064 -71.6108
499 -33.064 -71.6107
482 -33.0648 -71.6105
11 -33.064 -71.6111
561 -33.0631 -71.6112
209 -33.0631 -71.6112
523 -33.0639 -71.6112
537 -33.0619 -71.6116
878 -33.0619 -71.6114
489 -33.0619 -71.6112
934 -33.0619 -71.6112
918 -33.0618 -71.611
627 -33.0609 -71.6115
12 -33.0612 -71.6115
297 -33.0618 -71.6108
474 -33.0618 -71.6108
62 -33.0618 -71.6107
43 -33.0618 -71.6106
818 -33.0618 -71.6105
740 -33.0617 -71.6107
903 -33.0614 -71.6107
458 -33.0616 -71.6107
641 -33.0608 -71.6125
615 -33.0605 -71.6128
607 -33.06 -71.6128
87 -33.06 -71.6128
661 -33.06 -71.6128
235 -33.0599 -71.6128
498 -33.06 -71.6128
414 -33.06 -71.6128
837 -33.0603 -71.6128
202 -33.0606 -71.6127
208 -33.0606 -71.6127
200 -33.0606 -71.6126
863 -33.0606 -71.6127
324 -33.0604 -71.6128
334 -33.0603 -71.6127
373 -33.0606 -71.6127
70 -33.0599 -71.6128
599 -33.0596 -71.6128
738 -33.0597 -71.6128
295 -33.0598 -71.6128
437 -33.0596 -71.6128
306 -33.0596 -71.6128
233 -33.0596 -71.6128
655 -33.0596 -71.6128
265 -33.0599 -71.6128
801 -33.0592 -71.6128
82 -33.0595 -71.6127
23 -33.0592 -71.6126
742 -33.0589 -71.6128
386 -33.0589 -71.6127
20 -33.0589 -71.6127
29 -33.0588 -71.6126
69 -33.0608 -71.6125
237 -33.0603 -71.6124
603 -33.0605 -71.612
991 -33.0595 -71.6125
919 -33.0595 -71.6126
771 -33.0595 -71.6124
877 -33.0595 -71.6123
272 -33.0608 -71.612
252 -33.0605 -71.6116
307 -33.0607 -71.6116
876 -33.0603 -71.611
601 -33.0603 -71.6118
368 -33.0598 -71.6116
998 -33.0597 -71.6106
909 -33.0598 -71.6106
955 -33.0595 -71.612
303 -33.0591 -71.6125
298 -33.0593 -71.6116
563 -33.0593 -71.6116
216 -33.0591 -71.6119
676 -33.0591 -71.6122
905 -33.0588 -71.6121
560 -33.0588 -71.6117
815 -33.0588 -71.6112
706 -33.0595 -71.6109
743 -33.0595 -71.6109
376 -33.0595 -71.6105
187 -33.0592 -71.6112
259 -33.0589 -71.6112
748 -33.0589 -71.6112
421 -33.0588 -71.6148
66 -33.0587 -71.617
100 -33.0586 -71.6169
703 -33.0585 -71.6167
504 -33.0584 -71.6166
364 -33.0583 -71.6174
904 -33.0583 -71.6174
961 -33.0584 -71.6173
830 -33.0584 -71.6164
262 -33.0586 -71.6155
431 -33.0587 -71.6154
739 -33.0585 -71.6152
148 -33.0585 -71.6152
593 -33.0583 -71.6161
343 -33.0583 -71.6151
632 -33.0581 -71.615
185 -33.058 -71.615
979 -33.0577 -71.6179
165 -33.0579 -71.6177
130 -33.0579 -71.6177
10 -33.0577 -71.6179
786 -33.0575 -71.6181
949 -33.0576 -71.618
983 -33.0576 -71.6179
109 -33.058 -71.6176
749 -33.058 -71.615
250 -33.058 -71.615
678 -33.0579 -71.615
163 -33.0579 -71.615
964 -33.0575 -71.617
91 -33.0574 -71.615
852 -33.0578 -71.6149
500 -33.0578 -71.6149
783 -33.0582 -71.6149
385 -33.0582 -71.6149
636 -33.0586 -71.6149
835 -33.0579 -71.6149
659 -33.0578 -71.6149
361 -33.0578 -71.6149
38 -33.0576 -71.6149
111 -33.0576 -71.6149
430 -33.0584 -71.6148
488 -33.0588 -71.6148
721 -33.0583 -71.6148
756 -33.0583 -71.6149
812 -33.0576 -71.6149
323 -33.0582 -71.6148
105 -33.0583 -71.6148
75 -33.0576 -71.6149
315 -33.0576 -71.6149
181 -33.0576 -71.6149
625 -33.0575 -71.6149
144 -33.0575 -71.6149
195 -33.0575 -71.6149
496 -33.0575 -71.6149
497 -33.0575 -71.6149
304 -33.0574 -71.6149
226 -33.0574 -71.6149
24 -33.0574 -71.6149
890 -33.0574 -71.6149
115 -33.0573 -71.6149
647 -33.0573 -71.6148
796 -33.0573 -71.6148
85 -33.0573 -71.6149
708 -33.0566 -71.6182
409 -33.0563 -71.6181
494 -33.057 -71.617
353 -33.0563 -71.6166
511 -33.0563 -71.6181
987 -33.0561 -71.6162
25 -33.0562 -71.6161
155 -33.0562 -71.616
639 -33.0562 -71.6159
605 -33.0562 -71.6159
598 -33.0562 -71.6158
113 -33.0562 -71.6158
333 -33.0561 -71.6157
54 -33.0561 -71.6157
170 -33.0561 -71.6156
92 -33.056 -71.6162
427 -33.0556 -71.6179
710 -33.056 -71.6162
763 -33.056 -71.6159
629 -33.0555 -71.6172
516 -33.0549 -71.6184
509 -33.0552 -71.6178
849 -33.0554 -71.6175
794 -33.0559 -71.6159
157 -33.0559 -71.6159
635 -33.0554 -71.6158
610 -33.0552 -71.6158
644 -33.0547 -71.6157
911 -33.0545 -71.6157
764 -33.0543 -71.6157
589 -33.0561 -71.6156
692 -33.0565 -71.6149
412 -33.0572 -71.6148
142 -33.0572 -71.6148
479 -33.0565 -71.6149
900 -33.0564 -71.615
712 -33.0564 -71.615
697 -33.0565 -71.6149
652 -33.0567 -71.6148
106 -33.0571 -71.6148
850 -33.0571 -71.6148
550 -33.0571 -71.6148
574 -33.0571 -71.6148
53 -33.0567 -71.6148
884 -33.0571 -71.6148
688 -33.0571 -71.6148
217 -33.0564 -71.615
889 -33.056 -71.6156
988 -33.0534 -71.6155
573 -33.056 -71.6155
277 -33.0533 -71.6155
205 -33.0533 -71.6155
820 -33.0533 -71.6155
938 -33.0532 -71.6155
829 -33.056 -71.6155
263 -33.0561 -71.6152
883 -33.0561 -71.6152
529 -33.0563 -71.615
453 -33.0561 -71.6152
416 -33.0559 -71.6154
239 -33.056 -71.6153
174 -33.0567 -71.6148
116 -33.0587 -71.6148
340 -33.0587 -71.6147
795 -33.0587 -71.6147
399 -33.0586 -71.6146
177 -33.0585 -71.6148
93 -33.0586 -71.6147
797 -33.0586 -71.6146
512 -33.0586 -71.6144
211 -33.0585 -71.6137
668 -33.0586 -71.6133
42 -33.0585 -71.613
571 -33.0584 -71.6138
175 -33.0584 -71.6139
687 -33.0584 -71.6136
18 -33.0584 -71.613
881 -33.0583 -71.6134
68 -33.0581 -71.6144
948 -33.0582 -71.6142
551 -33.0582 -71.6142
713 -33.0581 -71.6144
476 -33.0581 -71.6144
389 -33.0579 -71.6139
253 -33.0578 -71.6139
831 -33.0582 -71.6137
521 -33.0583 -71.6134
963 -33.0582 -71.6131
227 -33.0582 -71.6131
791 -33.0582 -71.613
212 -33.0581 -71.6136
848 -33.0581 -71.6133
666 -33.0581 -71.613
623 -33.0585 -71.613
203 -33.0586 -71.613
996 -33.0587 -71.613
449 -33.0587 -71.613
214 -33.0583 -71.6127
588 -33.0582 -71.6129
872 -33.0583 -71.6127
645 -33.0583 -71.6127
842 -33.0583 -71.6126
197 -33.0585 -71.6124
770 -33.0584 -71.6113
542 -33.0585 -71.6105
151 -33.0584 -71.6117
108 -33.0582 -71.6123
606 -33.0583 -71.6113
558 -33.0584 -71.6106
805 -33.0582 -71.6127
638 -33.0581 -71.613
547 -33.0581 -71.6125
210 -33.0581 -71.6124
725 -33.058 -71.613
566 -33.0579 -71.6129
270 -33.0578 -71.6129
186 -33.0578 -71.6129
775 -33.0581 -71.6121
587 -33.0581 -71.611
372 -33.0581 -71.611
821 -33.0581 -71.6108
442 -33.058 -71.6119
15 -33.058 -71.6113
569 -33.0579 -71.6113
649 -33.0578 -71.6129
377 -33.0577 -71.6145
885 -33.0577 -71.6144
266 -33.0577 -71.6139
429 -33.0576 -71.6139
260 -33.0575 -71.6141
17 -33.0575 -71.6139
536 -33.0575 -71.6139
161 -33.0575 -71.6138
520 -33.0577 -71.6131
35 -33.0577 -71.6131
33 -33.0577 -71.6129
591 -33.0576 -71.6134
40 -33.0574 -71.6135
173 -33.0576 -71.6129
906 -33.0576 -71.6129
382 -33.0574 -71.6146
176 -33.057 -71.6148
940 -33.0569 -71.6147
572 -33.0569 -71.6147
313 -33.0568 -71.6147
999 -33.0567 -71.6148
191 -33.0567 -71.6148
273 -33.0567 -71.6148
13 -33.0569 -71.6147
859 -33.0568 -71.6147
5 -33.0573 -71.6146
867 -33.0574 -71.6146
59 -33.0566 -71.6132
380 -33.0565 -71.6132
618 -33.0564 -71.6131
508 -33.0576 -71.6129
617 -33.0576 -71.6129
914 -33.0575 -71.6128
683 -33.0572 -71.6128
717 -33.0572 -71.6127
188 -33.0568 -71.6126
568 -33.0568 -71.6126
758 -33.0566 -71.6125
44 -33.0565 -71.6124
861 -33.0575 -71.6119
681 -33.0575 -71.6116
510 -33.0577 -71.6107
673 -33.0574 -71.6106
346 -33.0563 -71.6124
559 -33.056 -71.6123
851 -33.0558 -71.6123
862 -33.0547 -71.6124
553 -33.0538 -71.6122
972 -33.0532 -71.6121
793 -33.0532 -71.6121
827 -33.0523 -71.6117
101 -33.0499 -71.612
447 -33.0514 -71.6119
9 -33.0523 -71.6117
901 -33.0538 -71.6113
81 -33.0539 -71.6112
660 -33.054 -71.6105
314 -33.054 -71.6105
855 -33.0539 -71.6105
348 -33.0539 -71.6112
604 -33.0538 -71.6111
394 -33.0539 -71.6105
420 -33.0646 -71.6101
63 -33.0632 -71.61
326 -33.0645 -71.6099
282 -33.0632 -71.61
581 -33.0617 -71.6103
774 -33.0631 -71.61
858 -33.063 -71.6099
715 -33.0627 -71.6098
469 -33.064 -71.6096
677 -33.0644 -71.6095
473 -33.0635 -71.6094
470 -33.0626 -71.6097
422 -33.062 -71.6095
532 -33.062 -71.6094
952 -33.0617 -71.6094
576 -33.0617 -71.6103
646 -33.0613 -71.6101
879 -33.0611 -71.6099
94 -33.0612 -71.6098
60 -33.0611 -71.6099
415 -33.0607 -71.6103
26 -33.061 -71.6103
608 -33.0611 -71.6097
970 -33.0608 -71.6096
183 -33.0616 -71.6094
328 -33.0615 -71.6094
690 -33.0615 -71.6094
757 -33.0612 -71.6093
471 -33.0611 -71.6093
752 -33.061 -71.6093
741 -33.061 -71.6093
438 -33.0631 -71.6093
944 -33.0628 -71.6092
335 -33.0638 -71.6092
79 -33.0641 -71.6092
723 -33.0626 -71.6092
219 -33.0626 -71.6092
664 -33.0623 -71.6091
981 -33.0615 -71.6089
714 -33.0617 -71.6089
350 -33.0625 -71.6082
463 -33.0625 -71.608
225 -33.0632 -71.6077
156 -33.0623 -71.6083
72 -33.0622 -71.6085
419 -33.0617 -71.608
398 -33.0613 -71.6077
653 -33.0613 -71.6089
369 -33.0613 -71.6089
832 -33.0612 -71.6089
71 -33.0609 -71.6089
624 -33.0609 -71.6089
882 -33.0608 -71.6088
736 -33.0608 -71.6088
294 -33.0607 -71.6088
788 -33.0607 -71.6087
199 -33.0607 -71.6087
192 -33.061 -71.6086
461 -33.061 -71.6086
753 -33.0607 -71.6079
375 -33.0607 -71.6085
746 -33.0606 -71.6085
287 -33.0606 -71.6077
97 -33.0603 -71.6101
138 -33.0605 -71.6096
73 -33.0605 -71.6093
190 -33.0602 -71.6104
886 -33.0602 -71.6103
305 -33.0601 -71.6101
866 -33.0596 -71.6098
626 -33.06 -71.6088
103 -33.0604 -71.6084
332 -33.0602 -71.6083
339 -33.0601 -71.6081
242 -33.0601 -71.6083
132 -33.06 -71.6088
810 -33.0598 -71.6082
167 -33.0598 -71.6082
602 -33.0596 -71.6104
391 -33.0593 -71.6099
143 -33.0595 -71.6098
141 -33.0595 -71.6098
765 -33.0592 -71.6104
657 -33.0586 -71.6101
362 -33.0589 -71.6095
856 -33.0587 -71.6093
931 -33.0587 -71.6089
236 -33.0588 -71.6088
2 -33.0592 -71.6088
308 -33.0593 -71.6083
554 -33.0587 -71.6083
650 -33.0584 -71.6086
800 -33.0584 -71.6085
232 -33.0601 -71.6081
215 -33.0601 -71.6081
468 -33.0601 -71.6079
888 -33.0601 -71.6078
813 -33.06 -71.6081
839 -33.0599 -71.608
731 -33.0597 -71.6078
245 -33.0596 -71.6078
806 -33.0596 -71.6078
229 -33.0599 -71.6078
737 -33.0604 -71.6077
122 -33.0597 -71.6077
989 -33.0597 -71.6076
691 -33.0596 -71.6078
21 -33.0595 -71.6077
720 -33.0596 -71.6076
913 -33.0592 -71.6076
846 -33.059 -71.6079
528 -33.059 -71.6079
965 -33.0587 -71.6079
896 -33.0587 -71.6079
28 -33.0584 -71.608
490 -33.0585 -71.608
609 -33.0585 -71.6079
959 -33.0588 -71.6078
667 -33.0591 -71.6077
921 -33.0591 -71.6076
359 -33.0591 -71.6076
289 -33.0591 -71.6077
616 -33.0588 -71.6078
929 -33.0589 -71.6078
871 -33.0592 -71.6076
400 -33.0631 -71.6075
331 -33.0642 -71.6068
672 -33.0625 -71.6068
478 -33.0622 -71.6074
977 -33.0617 -71.6073
833 -33.0619 -71.6069
662 -33.0619 -71.6068
296 -33.064 -71.6067
441 -33.0634 -71.6065
291 -33.0637 -71.6064
78 -33.0634 -71.6064
147 -33.0633 -71.6065
922 -33.0632 -71.6063
592 -33.0623 -71.6062
923 -33.062 -71.6062
966 -33.0615 -71.6067
997 -33.0608 -71.6076
502 -33.0607 -71.6074
325 -33.061 -71.6073
365 -33.0607 -71.6071
395 -33.0606 -71.6076
556 -33.0607 -71.6075
300 -33.0606 -71.6068
56 -33.0613 -71.6068
808 -33.0612 -71.6068
785 -33.0614 -71.6067
836 -33.0612 -71.6064
381 -33.0611 -71.6066
159 -33.0609 -71.6065
137 -33.0609 -71.6065
925 -33.0607 -71.6064
112 -33.0632 -71.6062
924 -33.064 -71.6061
870 -33.0648 -71.606
90 -33.0645 -71.6059
769 -33.0628 -71.606
557 -33.062 -71.606
825 -33.0626 -71.6058
843 -33.0625 -71.6057
620 -33.0625 -71.6057
169 -33.0625 -71.6057
622 -33.0624 -71.6057
857 -33.0624 -71.6055
261 -33.0623 -71.6056
32 -33.0619 -71.6052
293 -33.0618 -71.6052
158 -33.0618 -71.6051
99 -33.0617 -71.6051
491 -33.061 -71.6055
172 -33.0607 -71.6054
16 -33.0608 -71.6054
544 -33.0605 -71.6057
230 -33.0603 -71.6058
276 -33.0604 -71.6058
120 -33.0604 -71.6057
845 -33.0609 -71.6053
669 -33.061 -71.6051
349 -33.0611 -71.605
951 -33.0615 -71.6049
417 -33.061 -71.6051
505 -33.0609 -71.6052
284 -33.0609 -71.6052
8 -33.0602 -71.6059
264 -33.0593 -71.6076
194 -33.0594 -71.6076
46 -33.0601 -71.6072
682 -33.0593 -71.6076
410 -33.0592 -71.6076
371 -33.0593 -71.6076
299 -33.0592 -71.6074
912 -33.0602 -71.6072
281 -33.0602 -71.607
321 -33.0601 -71.6067
772 -33.0601 -71.6065
243 -33.0601 -71.6065
397 -33.0594 -71.607
378 -33.0592 -71.6068
671 -33.0591 -71.6067
280 -33.0591 -71.6075
887 -33.0586 -71.6067
555 -33.0587 -71.6066
126 -33.0588 -71.6066
980 -33.0584 -71.6067
445 -33.0584 -71.6075
110 -33.0584 -71.6073
168 -33.0584 -71.6067
704 -33.0588 -71.6066
552 -33.0587 -71.6066
567 -33.0589 -71.6065
6 -33.059 -71.6065
41 -33.0586 -71.6066
689 -33.0585 -71.6066
104 -33.0585 -71.6066
184 -33.059 -71.6065
578 -33.0597 -71.6063
83 -33.0601 -71.6063
129 -33.0601 -71.6063
267 -33.0597 -71.6063
404 -33.0595 -71.6065
954 -33.0594 -71.6064
247 -33.0595 -71.6064
311 -33.06 -71.6062
910 -33.06 -71.6062
411 -33.0599 -71.6062
670 -33.0602 -71.6061
30 -33.0599 -71.6045
406 -33.0597 -71.6054
1 -33.0595 -71.6051
826 -33.0597 -71.6045
125 -33.0594 -71.6064
67 -33.0592 -71.6064
873 -33.0593 -71.6064
527 -33.0592 -71.6063
513 -33.0591 -71.6063
525 -33.059 -71.6063
840 -33.0584 -71.6062
628 -33.0588 -71.6062
223 -33.0585 -71.6062
256 -33.0594 -71.6055
221 -33.0591 -71.6054
149 -33.059 -71.6052
196 -33.0587 -71.6051
957 -33.0587 -71.6051
937 -33.0586 -71.6051
675 -33.0584 -71.608
517 -33.058 -71.6104
336 -33.0579 -71.6103
358 -33.0578 -71.6102
915 -33.0578 -71.6102
540 -33.0575 -71.6103
384 -33.0577 -71.6102
895 -33.0576 -71.6102
621 -33.0575 -71.6101
975 -33.0583 -71.6101
745 -33.0582 -71.6101
433 -33.0583 -71.6099
268 -33.058 -71.6099
388 -33.0575 -71.6101
65 -33.0577 -71.6098
744 -33.0578 -71.6096
180 -33.057 -71.6095
337 -33.0554 -71.6104
345 -33.056 -71.6103
278 -33.0563 -71.6102
780 -33.055 -71.6102
834 -33.0541 -71.6105
31 -33.0548 -71.6104
77 -33.0549 -71.6104
27 -33.0563 -71.6101
920 -33.0568 -71.6099
894 -33.0567 -71.6096
995 -33.057 -71.6095
74 -33.0558 -71.6095
401 -33.0554 -71.6095
133 -33.0556 -71.6094
162 -33.0555 -71.6094
875 -33.0583 -71.6092
454 -33.0582 -71.609
257 -33.0583 -71.6087
699 -33.0581 -71.6083
244 -33.058 -71.6083
874 -33.0576 -71.6088
535 -33.0575 -71.6088
807 -33.0549 -71.6083
956 -33.0549 -71.6083
811 -33.0579 -71.6083
426 -33.058 -71.6083
131 -33.0579 -71.6082
114 -33.0579 -71.6082
457 -33.0549 -71.6083
684 -33.0578 -71.6082
663 -33.0577 -71.6082
634 -33.0549 -71.6083
728 -33.0545 -71.6085
0 -33.0545 -71.6085
590 -33.0547 -71.6085
637 -33.0545 -71.6085
538 -33.0543 -71.6085
648 -33.0543 -71.6085
462 -33.054 -71.6085
701 -33.0547 -71.6085
119 -33.0548 -71.6084
823 -33.0548 -71.6084
231 -33.0548 -71.6084
418 -33.0548 -71.6084
680 -33.0547 -71.6084
234 -33.0547 -71.6084
374 -33.054 -71.6085
484 -33.0512 -71.6099
732 -33.0512 -71.6099
643 -33.0512 -71.6099
583 -33.0511 -71.61
935 -33.0509 -71.6102
88 -33.0509 -71.6102
493 -33.051 -71.6101
939 -33.0513 -71.6098
724 -33.0516 -71.6095
530 -33.0517 -71.6094
968 -33.0519 -71.6092
152 -33.0516 -71.6095
755 -33.0514 -71.6097
55 -33.0516 -71.6095
722 -33.0516 -71.6095
485 -33.0509 -71.6102
735 -33.0502 -71.6102
80 -33.0508 -71.6102
34 -33.0508 -71.6102
696 -33.0502 -71.6103
139 -33.0502 -71.6103
322 -33.0502 -71.6103
802 -33.0502 -71.6103
360 -33.0507 -71.6102
633 -33.0503 -71.6102
982 -33.0504 -71.6102
718 -33.0505 -71.6102
222 -33.0502 -71.6102
784 -33.0502 -71.6101
220 -33.0502 -71.6101
716 -33.0521 -71.6087
515 -33.054 -71.6085
302 -33.054 -71.6085
432 -33.0539 -71.6085
612 -33.0537 -71.6085
960 -33.0536 -71.6085
218 -33.0535 -71.6085
519 -33.0535 -71.6085
586 -33.0534 -71.6085
778 -33.0534 -71.6085
541 -33.0534 -71.6085
854 -33.0533 -71.6085
631 -33.0533 -71.6085
84 -33.0533 -71.6084
436 -33.0533 -71.6084
36 -33.0532 -71.6084
868 -33.0531 -71.6084
50 -33.0531 -71.6084
941 -33.0529 -71.6083
897 -33.0529 -71.6083
213 -33.0529 -71.6083
383 -33.0521 -71.6087
694 -33.0521 -71.6087
48 -33.0522 -71.6084
933 -33.0522 -71.6083
140 -33.0528 -71.6083
318 -33.0527 -71.6082
853 -33.0527 -71.6082
206 -33.0525 -71.6082
283 -33.0522 -71.6082
799 -33.0517 -71.6082
330 -33.0577 -71.6082
39 -33.0582 -71.6081
570 -33.0582 -71.6081
594 -33.0582 -71.608
630 -33.0582 -71.6081
584 -33.058 -71.6081
451 -33.0576 -71.6081
45 -33.0581 -71.6081
37 -33.0583 -71.608
514 -33.058 -71.6079
993 -33.0581 -71.6078
182 -33.0583 -71.6071
613 -33.0577 -71.6073
193 -33.0577 -71.6076
319 -33.0577 -71.6076
390 -33.0577 -71.6072
824 -33.0576 -71.6081
893 -33.0575 -71.6081
814 -33.0575 -71.6081
3 -33.0575 -71.6081
486 -33.0574 -71.6081
249 -33.0573 -71.6081
798 -33.0573 -71.608
288 -33.0573 -71.608
338 -33.0572 -71.608
459 -33.0574 -71.6069
95 -33.0575 -71.6069
356 -33.0576 -71.6069
969 -33.0574 -71.6069
524 -33.0572 -71.608
841 -33.0573 -71.6069
246 -33.0573 -71.6069
352 -33.0577 -71.6068
47 -33.0582 -71.6067
135 -33.0582 -71.6067
782 -33.0583 -71.6062
953 -33.0582 -71.6067
443 -33.0579 -71.6068
543 -33.0579 -71.6068
777 -33.058 -71.6067
990 -33.058 -71.6062
984 -33.0583 -71.6058
564 -33.0583 -71.6057
595 -33.0583 -71.6051
136 -33.0582 -71.6059
492 -33.0582 -71.6062
477 -33.058 -71.6059
776 -33.0581 -71.6047
926 -33.0579 -71.6068
344 -33.0578 -71.6068
936 -33.0578 -71.6068
357 -33.0578 -71.6062
503 -33.0578 -71.6066
396 -33.0578 -71.6068
928 -33.0575 -71.6068
943 -33.0576 -71.6066
472 -33.0575 -71.6061
316 -33.0577 -71.6058
460 -33.0578 -71.6058
768 -33.0576 -71.6049
98 -33.0575 -71.6051
121 -33.0575 -71.6048
781 -33.0572 -71.6047
865 -33.0572 -71.608
974 -33.0572 -71.608
4 -33.057 -71.608
817 -33.0569 -71.608
750 -33.0568 -71.608
439 -33.0567 -71.608
539 -33.0567 -71.608
526 -33.0567 -71.608
932 -33.0566 -71.608
465 -33.0566 -71.608
317 -33.0566 -71.608
695 -33.0565 -71.608
258 -33.0565 -71.608
58 -33.0563 -71.608
985 -33.0563 -71.608
656 -33.0562 -71.608
779 -33.056 -71.6079
828 -33.0551 -71.6081
240 -33.0552 -71.6081
363 -33.0552 -71.6081
481 -33.0551 -71.6081
425 -33.0551 -71.6082
178 -33.0551 -71.6081
440 -33.0524 -71.6081
153 -33.0552 -71.6081
76 -33.0554 -71.6079
207 -33.0554 -71.6079
719 -33.056 -71.6079
847 -33.0553 -71.608
64 -33.0552 -71.6081
654 -33.0553 -71.608
444 -33.0555 -71.6079
379 -33.0568 -71.6074
428 -33.0563 -71.6074
651 -33.0563 -71.6074
312 -33.056 -71.6075
241 -33.0559 -71.6076
329 -33.056 -71.6076
342 -33.0559 -71.6075
164 -33.0565 -71.6073
766 -33.0568 -71.6071
898 -33.0571 -71.607
702 -33.0572 -71.607
507 -33.0567 -71.6046
533 -33.0563 -71.6044
792 -33.0563 -71.6044
729 -33.0562 -71.6044
96 -33.0559 -71.6079
947 -33.0559 -71.6079
86 -33.0556 -71.6078
518 -33.0557 -71.6077
522 -33.0555 -71.6078
665 -33.0555 -71.6079
548 -33.0555 -71.6079
709 -33.0555 -71.6078
685 -33.0557 -71.6077
804 -33.0557 -71.6077
596 -33.0558 -71.6076
899 -33.0541 -71.6056
248 -33.0537 -71.6061
435 -33.0523 -71.6071
971 -33.0537 -71.6062
