754 -33.0572 -71.6183
455 -33.057 -71.6183
698 -33.0572 -71.6183
760 -33.0568 -71.6183
809 -33.0568 -71.6183
271 -33.0567 -71.6182
456 -33.0566 -71.6182
803 -33.0565 -71.6182
978 -33.059 -71.6169
475 -33.0609 -71.6161
994 -33.059 -71.6152
367 -33.0584 -71.6166
301 -33.0575 -71.6181
549 -33.0583 -71.6174
189 -33.0584 -71.6166
907 -33.0563 -71.6166
446 -33.0562 -71.616
819 -33.0562 -71.6159
488 -33.0562 -71.6159
838 -33.0562 -71.6181
198 -33.0561 -71.618
373 -33.0561 -71.6161
69 -33.0561 -71.6157
641 -33.0561 -71.6156
134 -33.0562 -71.6151
816 -33.0562 -71.6151
881 -33.0563 -71.6151
442 -33.0562 -71.6152
361 -33.0561 -71.6156
580 -33.0561 -71.6152
146 -33.0561 -71.6152
483 -33.0592 -71.6151
686 -33.058 -71.615
413 -33.058 -71.615
57 -33.0583 -71.6149
467 -33.0577 -71.6149
619 -33.0574 -71.6151
127 -33.0576 -71.6149
582 -33.0575 -71.6149
450 -33.0574 -71.6149
640 -33.0588 -71.6148
608 -33.0588 -71.6148
869 -33.0587 -71.6148
60 -33.0587 -71.6147
389 -33.0572 -71.6148
646 -33.0585 -71.6148
286 -33.0585 -71.6148
407 -33.0572 -71.6148
520 -33.0565 -71.6149
602 -33.0565 -71.6149
107 -33.0566 -71.6149
693 -33.0565 -71.6149
376 -33.0564 -71.615
269 -33.0564 -71.615
762 -33.0565 -71.6149
255 -33.0567 -71.6148
743 -33.0571 -71.6148
476 -33.057 -71.6148
537 -33.057 -71.6148
251 -33.057 -71.6148
123 -33.0567 -71.6148
279 -33.0567 -71.6148
42 -33.0561 -71.6156
409 -33.0551 -71.6212
290 -33.056 -71.618
767 -33.0559 -71.618
629 -33.0551 -71.6217
448 -33.055 -71.618
687 -33.055 -71.618
880 -33.055 -71.618
466 -33.0557 -71.6179
547 -33.0555 -71.6173
891 -33.0555 -71.6172
210 -33.0555 -71.6172
179 -33.0554 -71.6179
323 -33.0552 -71.6178
166 -33.0552 -71.6178
495 -33.0552 -71.6178
831 -33.055 -71.6181
849 -33.0549 -71.622
92 -33.0548 -71.6205
710 -33.0548 -71.6205
266 -33.0548 -71.6187
987 -33.0548 -71.6204
25 -33.0547 -71.6203
487 -33.0547 -71.6189
253 -33.0548 -71.6187
116 -33.0549 -71.6183
340 -33.0549 -71.6183
431 -33.055 -71.6182
399 -33.0549 -71.6183
930 -33.0548 -71.6186
177 -33.0548 -71.6186
262 -33.0549 -71.6184
775 -33.0556 -71.6171
355 -33.0557 -71.6165
919 -33.0558 -71.6164
216 -33.056 -71.6162
341 -33.0557 -71.6168
844 -33.0556 -71.617
761 -33.0556 -71.6169
434 -33.0556 -71.6169
587 -33.056 -71.6162
423 -33.056 -71.6159
542 -33.056 -71.6156
150 -33.056 -71.6155
403 -33.056 -71.6159
145 -33.0557 -71.6157
405 -33.056 -71.6154
105 -33.056 -71.6154
973 -33.0556 -71.6171
377 -33.0556 -71.6171
713 -33.0556 -71.6171
730 -33.0555 -71.6159
546 -33.0553 -71.6158
254 -33.0551 -71.6158
292 -33.0551 -71.6158
117 -33.055 -71.6158
812 -33.0549 -71.6158
171 -33.0554 -71.6154
711 -33.0551 -71.6153
611 -33.0551 -71.6152
992 -33.0549 -71.6158
892 -33.0547 -71.6157
721 -33.0547 -71.6157
408 -33.0569 -71.6147
774 -33.0591 -71.6144
531 -33.0592 -71.6144
945 -33.0601 -71.6144
464 -33.0587 -71.6144
879 -33.0586 -71.6147
818 -33.0586 -71.6147
950 -33.0587 -71.6145
501 -33.0592 -71.6144
482 -33.06 -71.6133
976 -33.06 -71.6133
118 -33.0602 -71.6132
297 -33.0595 -71.614
561 -33.0594 -71.6141
967 -33.0586 -71.613
238 -33.0586 -71.613
237 -33.0585 -71.613
962 -33.0574 -71.6143
765 -33.0574 -71.6142
948 -33.0582 -71.6142
18 -33.0574 -71.6143
822 -33.0574 -71.6146
154 -33.0574 -71.6146
963 -33.0574 -71.6145
636 -33.0575 -71.6139
521 -33.0583 -71.6134
124 -33.0582 -71.6132
305 -33.0583 -71.613
20 -33.0581 -71.6138
668 -33.0575 -71.6139
591 -33.0576 -71.6134
563 -33.058 -71.613
209 -33.058 -71.613
579 -33.0595 -71.6128
917 -33.0596 -71.6128
354 -33.06 -71.6128
991 -33.0594 -71.6129
523 -33.0591 -71.6129
368 -33.0594 -71.6129
19 -33.0594 -71.6129
747 -33.06 -71.6128
420 -33.0602 -71.6128
326 -33.0604 -71.6128
790 -33.0605 -71.6128
43 -33.06 -71.6128
414 -33.06 -71.6128
576 -33.06 -71.6128
298 -33.0584 -71.6124
872 -33.0583 -71.6127
842 -33.0582 -71.613
642 -33.0579 -71.6129
560 -33.0582 -71.6129
51 -33.0579 -71.6129
751 -33.0579 -71.6129
366 -33.0579 -71.6129
307 -33.0578 -71.6129
627 -33.0578 -71.6129
958 -33.0578 -71.6129
52 -33.0577 -71.6129
402 -33.0577 -71.6129
452 -33.0575 -71.6129
733 -33.0574 -71.6128
173 -33.0574 -71.6128
175 -33.0572 -71.6136
955 -33.0569 -71.6147
61 -33.0571 -71.6135
12 -33.0572 -71.6127
370 -33.0568 -71.6147
726 -33.0568 -71.6147
773 -33.0568 -71.6134
571 -33.0568 -71.6133
480 -33.0572 -71.6127
927 -33.0571 -71.6127
35 -33.057 -71.6127
679 -33.057 -71.6127
214 -33.057 -71.6126
351 -33.0569 -71.6126
14 -33.0569 -71.6126
29 -33.0568 -71.6126
15 -33.0568 -71.6126
274 -33.0567 -71.6133
424 -33.0565 -71.6132
7 -33.0562 -71.6131
797 -33.056 -71.6131
49 -33.0555 -71.6131
40 -33.0559 -71.6131
506 -33.0559 -71.6131
212 -33.0553 -71.6131
512 -33.0563 -71.6131
676 -33.0566 -71.6125
295 -33.0566 -71.6125
89 -33.055 -71.613
551 -33.0549 -71.613
228 -33.0547 -71.6128
303 -33.0566 -71.6125
197 -33.0565 -71.6125
909 -33.0564 -71.6124
674 -33.0563 -71.6124
848 -33.0563 -71.6124
649 -33.0555 -71.6124
998 -33.0555 -71.6124
916 -33.0562 -71.6124
310 -33.0556 -71.6123
387 -33.0561 -71.6123
789 -33.0561 -71.6123
23 -33.056 -71.6123
577 -33.056 -71.6123
160 -33.0556 -71.6123
252 -33.056 -71.6123
272 -33.0558 -71.6123
601 -33.0554 -71.6124
224 -33.0553 -71.6124
603 -33.0554 -71.6124
347 -33.0554 -71.6124
386 -33.0553 -71.6124
742 -33.0552 -71.6124
986 -33.0552 -71.6124
645 -33.0552 -71.6124
575 -33.0551 -71.6124
309 -33.055 -71.6124
22 -33.055 -71.6124
151 -33.0549 -71.6124
759 -33.0548 -71.6124
905 -33.0548 -71.6124
102 -33.0547 -71.6124
108 -33.0546 -71.6124
598 -33.0545 -71.6202
260 -33.0545 -71.6189
678 -33.0544 -71.6189
589 -33.0544 -71.6201
786 -33.0543 -71.62
829 -33.0542 -71.62
979 -33.0541 -71.6199
500 -33.0543 -71.6189
327 -33.0543 -71.6189
315 -33.0542 -71.6189
38 -33.0541 -71.6189
703 -33.0541 -71.6189
890 -33.054 -71.6189
226 -33.054 -71.6189
5 -33.0539 -71.6188
497 -33.0539 -71.6188
883 -33.0538 -71.6197
109 -33.0537 -71.6197
961 -33.0535 -71.6193
53 -33.0535 -71.6193
217 -33.0535 -71.6195
697 -33.0535 -71.6195
479 -33.0535 -71.6195
313 -33.0535 -71.6191
115 -33.0539 -71.6188
796 -33.0539 -71.6188
647 -33.0539 -71.6188
142 -33.0538 -71.6188
940 -33.0535 -71.6189
176 -33.0535 -71.6189
85 -33.0538 -71.6188
550 -33.0536 -71.6188
250 -33.0542 -71.6184
17 -33.0542 -71.6184
632 -33.0544 -71.6184
393 -33.0542 -71.6184
128 -33.0539 -71.6184
852 -33.054 -71.6184
163 -33.054 -71.6184
614 -33.0544 -71.6184
908 -33.0546 -71.6172
864 -33.0546 -71.6157
545 -33.0546 -71.6157
787 -33.0545 -71.6157
727 -33.0544 -71.6184
946 -33.0544 -71.6171
565 -33.054 -71.6156
830 -33.0539 -71.6184
66 -33.0536 -71.6188
412 -33.0535 -71.6186
597 -33.0536 -71.6185
859 -33.0532 -71.6188
999 -33.0531 -71.6188
904 -33.0529 -71.6187
364 -33.0529 -71.6187
111 -33.0538 -71.6184
144 -33.0538 -71.6184
504 -33.0539 -71.6184
75 -33.0528 -71.6159
496 -33.0528 -71.6159
195 -33.0527 -71.6158
304 -33.0526 -71.6158
130 -33.0525 -71.6186
165 -33.0525 -71.6186
983 -33.0521 -71.6185
10 -33.0521 -71.6185
949 -33.052 -71.6185
101 -33.0494 -71.6189
708 -33.051 -71.6182
511 -33.0508 -71.6181
427 -33.05 -71.6178
509 -33.0497 -71.6177
935 -33.049 -71.6166
911 -33.0493 -71.6165
485 -33.049 -71.6166
516 -33.049 -71.6176
34 -33.049 -71.6168
80 -33.049 -71.6166
360 -33.0489 -71.6169
802 -33.0487 -71.6176
277 -33.0487 -71.6176
322 -33.0487 -71.6176
139 -33.0487 -71.6176
205 -33.0487 -71.6177
820 -33.0487 -71.6177
938 -33.0487 -71.6176
735 -33.0488 -71.6175
633 -33.0488 -71.6172
447 -33.0489 -71.6171
718 -33.0489 -71.617
222 -33.0488 -71.6173
696 -33.0488 -71.6174
988 -33.0488 -71.6174
764 -33.0491 -71.6165
884 -33.0522 -71.6157
572 -33.0521 -71.6156
13 -33.0521 -71.6156
605 -33.0505 -71.6157
763 -33.0504 -71.6158
794 -33.0503 -71.6158
155 -33.0505 -71.6157
106 -33.0524 -71.6156
574 -33.0524 -71.6156
688 -33.0523 -71.6156
850 -33.0523 -71.6156
191 -33.052 -71.6156
652 -33.0519 -71.6156
273 -33.0519 -71.6156
174 -33.0518 -71.6156
157 -33.0502 -71.6158
644 -33.0494 -71.6165
484 -33.0491 -71.6161
732 -33.0491 -71.6161
583 -33.0491 -71.6163
493 -33.0491 -71.6165
220 -33.0479 -71.6163
784 -33.0479 -71.6163
982 -33.0479 -71.6161
610 -33.0497 -71.6159
755 -33.0492 -71.6157
635 -33.0498 -71.6157
55 -33.0492 -71.6158
9 -33.0491 -71.616
939 -33.0492 -71.616
860 -33.054 -71.6156
585 -33.0542 -71.6147
835 -33.054 -71.6146
600 -33.0546 -71.6127
320 -33.0539 -71.6156
795 -33.0536 -71.6156
739 -33.0538 -71.6144
100 -33.0537 -71.6144
885 -33.0545 -71.6126
208 -33.0546 -71.6124
200 -33.0545 -71.6124
202 -33.0545 -71.6123
204 -33.0545 -71.6126
211 -33.0544 -71.6125
343 -33.0544 -71.6125
593 -33.0542 -71.6124
93 -33.0535 -71.6155
692 -33.0516 -71.6156
148 -33.0534 -71.6155
430 -33.0533 -71.6155
900 -33.0515 -71.6156
712 -33.0515 -71.6156
529 -33.0514 -71.6156
263 -33.0512 -71.6156
756 -33.0533 -71.6155
385 -33.0532 -71.6155
783 -33.0531 -71.6155
749 -33.0533 -71.6141
659 -33.0531 -71.6139
24 -33.0527 -71.6137
964 -33.0527 -71.6137
494 -33.0523 -71.6134
863 -33.0544 -71.6123
615 -33.0543 -71.6123
324 -33.0543 -71.6123
70 -33.0543 -71.6123
334 -33.0542 -71.6123
734 -33.0541 -71.6123
837 -33.0541 -71.6123
421 -33.0542 -71.6123
801 -33.054 -71.6122
498 -33.0544 -71.6122
235 -33.0545 -71.6122
68 -33.0544 -71.6121
771 -33.0544 -71.6122
607 -33.0543 -71.6122
227 -33.0543 -71.6122
87 -33.0539 -71.6122
661 -33.0539 -71.6122
725 -33.0538 -71.6122
877 -33.0538 -71.6122
265 -33.0538 -71.6122
599 -33.0535 -71.6122
655 -33.0535 -71.6122
201 -33.0531 -71.6121
942 -33.0531 -71.6121
392 -33.0531 -71.6121
902 -33.053 -71.6121
275 -33.0527 -71.6121
449 -33.0526 -71.6121
996 -33.0525 -71.6121
805 -33.0523 -71.6121
186 -33.0523 -71.612
453 -33.0512 -71.6156
239 -33.0511 -71.6156
416 -33.0509 -71.6156
573 -33.0508 -71.6155
889 -33.0508 -71.6155
639 -33.0505 -71.6156
170 -33.0507 -71.6155
333 -33.0506 -71.6155
113 -33.0505 -71.6155
318 -33.0496 -71.6132
213 -33.0497 -71.6131
353 -33.0512 -71.6131
206 -33.0496 -71.6136
901 -33.0495 -71.6141
283 -33.0495 -71.614
440 -33.0495 -71.6138
799 -33.0495 -71.6143
152 -33.0492 -71.6155
530 -33.0493 -71.6154
716 -33.0494 -71.6146
722 -33.0492 -71.6155
88 -33.0481 -71.6154
643 -33.0482 -71.615
827 -33.0483 -71.6147
694 -33.0494 -71.6145
383 -33.0494 -71.6145
972 -33.0485 -71.6138
553 -33.0487 -71.6131
793 -33.0485 -71.6138
724 -33.0484 -71.6144
968 -33.0485 -71.614
897 -33.0497 -71.6131
780 -33.051 -71.6131
54 -33.0509 -71.6131
44 -33.0511 -71.613
77 -33.0508 -71.6131
31 -33.0508 -71.6131
851 -33.0505 -71.613
834 -33.05 -71.613
394 -33.0499 -71.613
758 -33.0511 -71.6128
401 -33.0511 -71.6123
345 -33.0512 -71.6121
337 -33.0511 -71.6128
660 -33.0499 -71.6129
855 -33.0498 -71.6129
612 -33.0498 -71.6121
586 -33.0498 -71.6125
314 -33.0498 -71.6129
862 -33.0494 -71.6129
604 -33.0488 -71.6129
348 -33.0487 -71.6129
48 -33.0487 -71.6131
933 -33.0487 -71.613
81 -33.0487 -71.6129
868 -33.0497 -71.6128
36 -33.0497 -71.6127
631 -33.0498 -71.6126
854 -33.0498 -71.6125
941 -33.049 -71.6121
853 -33.0489 -71.6122
140 -33.0489 -71.6122
588 -33.0522 -71.612
72 -33.0585 -71.6105
970 -33.0605 -71.6104
362 -33.0586 -71.6093
463 -33.0584 -71.6105
748 -33.0581 -71.6113
259 -33.0581 -71.611
886 -33.058 -71.6104
454 -33.0582 -71.609
132 -33.0592 -71.6088
474 -33.0605 -71.6085
677 -33.0605 -71.6084
657 -33.0583 -71.6088
138 -33.0579 -71.6082
478 -33.0579 -71.6082
944 -33.0579 -71.6082
592 -33.0579 -71.6082
606 -33.0579 -71.6103
876 -33.0578 -71.6102
384 -33.0577 -71.6102
866 -33.0576 -71.6101
187 -33.0564 -71.6101
569 -33.0574 -71.61
190 -33.0567 -71.61
26 -33.0571 -71.6099
558 -33.0571 -71.6099
535 -33.0575 -71.6088
810 -33.0578 -71.6082
874 -33.0571 -71.6088
510 -33.057 -71.6098
2 -33.056 -71.6095
706 -33.0561 -71.6087
918 -33.0577 -71.6082
422 -33.058 -71.6081
46 -33.058 -71.6081
282 -33.058 -71.6081
833 -33.058 -71.6082
219 -33.0577 -71.6082
772 -33.0577 -71.6081
662 -33.0577 -71.6081
63 -33.06 -71.6081
419 -33.06 -71.6081
888 -33.0582 -71.6081
225 -33.0583 -71.608
858 -33.0582 -71.6081
740 -33.0581 -71.6081
438 -33.0582 -71.6081
555 -33.0579 -71.608
980 -33.0577 -71.6081
878 -33.0576 -71.6081
723 -33.0576 -71.6081
489 -33.0576 -71.6081
715 -33.0574 -71.6081
753 -33.0574 -71.6081
470 -33.0574 -71.6081
458 -33.0574 -71.6081
378 -33.0574 -71.6081
664 -33.0574 -71.6081
156 -33.0573 -71.6081
73 -33.0572 -71.608
62 -33.0572 -71.608
350 -33.0572 -71.608
557 -33.057 -71.608
540 -33.0556 -71.6093
97 -33.0556 -71.6105
745 -33.0549 -71.6104
681 -33.0551 -71.6104
268 -33.0548 -71.6104
861 -33.0545 -71.6105
415 -33.0547 -71.6104
670 -33.0546 -71.6085
8 -33.0545 -71.6085
276 -33.0547 -71.6085
993 -33.0547 -71.6085
287 -33.0547 -71.6084
103 -33.0547 -71.6085
244 -33.0545 -71.6085
737 -33.0545 -71.6085
230 -33.0547 -71.6085
975 -33.0544 -71.6085
738 -33.0544 -71.612
437 -33.0543 -71.612
82 -33.0543 -71.6119
233 -33.0543 -71.6119
306 -33.0543 -71.6119
185 -33.0542 -71.6117
821 -33.0542 -71.6105
143 -33.0543 -71.6105
371 -33.0544 -71.6085
242 -33.0543 -71.6085
257 -33.0543 -71.6085
232 -33.0543 -71.6085
339 -33.0542 -71.6085
215 -33.0542 -71.6085
395 -33.0547 -71.6084
325 -33.0551 -71.6081
505 -33.0552 -71.6081
71 -33.0552 -71.6081
736 -33.0551 -71.6081
172 -33.0551 -71.6082
199 -33.0551 -71.6082
16 -33.0551 -71.6081
882 -33.0552 -71.6081
125 -33.0553 -71.608
284 -33.0553 -71.608
673 -33.0553 -71.608
770 -33.0553 -71.608
243 -33.0552 -71.6081
845 -33.0552 -71.6081
192 -33.0552 -71.6081
229 -33.0551 -71.6082
375 -33.0548 -71.6084
811 -33.0548 -71.6084
675 -33.0548 -71.6083
782 -33.0548 -71.6084
544 -33.0547 -71.6084
120 -33.0548 -71.6084
390 -33.0548 -71.6084
556 -33.0548 -71.6083
319 -33.0551 -71.6082
321 -33.0551 -71.6082
294 -33.0551 -71.6082
788 -33.055 -71.6082
997 -33.0549 -71.6083
357 -33.0549 -71.6083
110 -33.0569 -71.608
903 -33.0596 -71.6078
159 -33.0601 -71.6077
925 -33.06 -71.6077
672 -33.0595 -71.6077
528 -33.059 -71.6079
581 -33.0595 -71.6077
934 -33.0591 -71.6077
79 -33.0591 -71.6077
808 -33.0606 -71.6076
300 -33.0606 -71.6071
281 -33.0601 -71.607
977 -33.0594 -71.6076
499 -33.0592 -71.6076
332 -33.0592 -71.6076
280 -33.0591 -71.6075
469 -33.059 -71.6077
700 -33.0587 -71.6079
929 -33.0587 -71.6079
335 -33.0588 -71.6078
473 -33.0586 -71.6079
705 -33.0584 -71.608
912 -33.0585 -71.6079
285 -33.0586 -71.6079
461 -33.0588 -71.6078
400 -33.0588 -71.6078
11 -33.059 -71.6077
168 -33.058 -71.6077
613 -33.0577 -71.6073
503 -33.0571 -71.6075
622 -33.0569 -71.6071
843 -33.057 -71.607
984 -33.0572 -71.607
311 -33.0593 -71.6064
525 -33.059 -71.6063
112 -33.0599 -71.6063
129 -33.0588 -71.6065
296 -33.0588 -71.6065
527 -33.0588 -71.6065
513 -33.0588 -71.6064
491 -33.0601 -71.6061
331 -33.0602 -71.606
291 -33.0604 -71.6057
441 -33.0611 -71.6047
147 -33.0601 -71.6045
870 -33.0599 -71.6045
90 -33.0592 -71.6044
924 -33.0589 -71.6041
411 -33.0586 -71.6066
922 -33.0579 -71.6068
83 -33.0581 -71.6067
873 -33.0582 -71.6067
857 -33.0578 -71.6068
825 -33.0572 -71.6069
954 -33.0574 -71.6069
769 -33.0575 -71.6069
472 -33.0574 -71.6063
223 -33.0584 -71.6062
221 -33.0585 -71.605
196 -33.0581 -71.6047
477 -33.0579 -71.606
768 -33.0576 -71.6049
78 -33.0578 -71.6046
261 -33.0569 -71.6071
381 -33.0569 -71.608
532 -33.0569 -71.608
94 -33.0569 -71.608
746 -33.0568 -71.608
626 -33.0565 -71.608
923 -33.0564 -71.608
183 -33.0564 -71.608
952 -33.0563 -71.608
137 -33.0563 -71.608
690 -33.0562 -71.608
846 -33.0562 -71.608
328 -33.0562 -71.6079
126 -33.0561 -71.6079
468 -33.0561 -71.6079
836 -33.0561 -71.6079
167 -33.056 -71.6079
365 -33.0554 -71.6079
714 -33.056 -71.6079
832 -33.0555 -71.6079
669 -33.0554 -71.6079
624 -33.0554 -71.608
417 -33.0554 -71.608
349 -33.0554 -71.608
856 -33.0555 -71.6079
981 -33.0559 -71.6079
471 -33.0559 -71.6079
757 -33.0558 -71.6079
502 -33.0558 -71.6079
404 -33.0555 -71.6079
398 -33.0558 -71.6079
182 -33.0555 -71.6079
158 -33.0562 -71.6074
316 -33.0561 -71.6074
840 -33.0563 -71.6074
136 -33.0559 -71.6076
966 -33.0558 -71.6079
671 -33.0558 -71.6078
951 -33.0559 -71.6076
32 -33.0564 -71.6074
620 -33.0568 -71.6046
169 -33.0568 -71.6046
937 -33.0564 -71.6045
293 -33.056 -71.6043
98 -33.0558 -71.6045
256 -33.0558 -71.6045
99 -33.0559 -71.6043
785 -33.0558 -71.6079
752 -33.0557 -71.6078
704 -33.0557 -71.6078
56 -33.0557 -71.6078
369 -33.0557 -71.6078
815 -33.0555 -71.6078
653 -33.0556 -71.6078
741 -33.0556 -71.6078
236 -33.0556 -71.6078
990 -33.0556 -71.6078
460 -33.0557 -71.6077
595 -33.0557 -71.6046
957 -33.055 -71.6045
406 -33.0542 -71.6055
1 -33.0547 -71.6046
813 -33.0542 -71.6085
707 -33.0541 -71.6116
181 -33.0539 -71.6113
625 -33.0539 -71.6113
562 -33.0539 -71.6113
517 -33.0533 -71.6115
744 -33.0533 -71.6115
372 -33.0537 -71.6113
91 -33.0539 -71.6112
658 -33.0539 -71.6112
534 -33.0538 -71.6112
203 -33.0536 -71.6111
623 -33.0536 -71.6111
867 -33.0535 -71.6111
382 -33.0535 -71.611
791 -33.0532 -71.6109
566 -33.0531 -71.6109
638 -33.052 -71.612
666 -33.052 -71.612
33 -33.0516 -71.612
27 -33.0513 -71.6119
133 -33.0512 -71.612
683 -33.0512 -71.612
74 -33.0513 -71.6119
278 -33.0513 -71.6119
915 -33.0529 -71.6116
336 -33.053 -71.6116
536 -33.053 -71.6108
621 -33.0526 -71.6117
920 -33.0518 -71.6118
894 -33.0521 -71.6118
180 -33.0524 -71.6117
429 -33.053 -71.6108
433 -33.0536 -71.6105
391 -33.0535 -71.6105
931 -33.0537 -71.6105
161 -33.0529 -71.6108
270 -33.0529 -71.6107
906 -33.0528 -71.6106
508 -33.0528 -71.6106
141 -33.054 -71.6105
356 -33.0535 -71.6105
943 -33.0534 -71.6102
936 -33.0534 -71.6101
617 -33.0527 -71.6105
914 -33.0527 -71.6105
995 -33.0527 -71.6104
717 -33.0526 -71.6102
188 -33.0523 -71.6098
428 -33.0513 -71.6098
258 -33.0513 -71.6098
59 -33.0523 -71.6098
651 -33.0512 -71.6099
719 -33.051 -71.6101
656 -33.0511 -71.61
58 -33.0512 -71.6099
465 -33.0514 -71.6097
568 -33.0523 -71.6097
380 -33.0523 -71.6097
439 -33.0515 -71.6096
526 -33.0515 -71.6096
317 -33.0514 -71.6097
932 -33.0514 -71.6097
342 -33.051 -71.6101
701 -33.0501 -71.611
680 -33.0501 -71.6109
234 -33.0501 -71.6109
0 -33.05 -71.6112
462 -33.0499 -71.6117
637 -33.05 -71.6113
728 -33.05 -71.6112
590 -33.0501 -71.6109
231 -33.0501 -71.6108
457 -33.0501 -71.6107
807 -33.0501 -71.6107
119 -33.0501 -71.6108
418 -33.0501 -71.6109
823 -33.0501 -71.6108
634 -33.0501 -71.6108
374 -33.0499 -71.6118
432 -33.0499 -71.6119
302 -33.0499 -71.6118
778 -33.0491 -71.6116
541 -33.0491 -71.6116
50 -33.049 -71.6119
435 -33.049 -71.6119
84 -33.0491 -71.6117
436 -33.0491 -71.6115
538 -33.0498 -71.6113
648 -33.0498 -71.6113
515 -33.0495 -71.6112
960 -33.0492 -71.6112
519 -33.0491 -71.6114
218 -33.0491 -71.6113
956 -33.0501 -71.6107
96 -33.0509 -71.6102
596 -33.0509 -71.6102
241 -33.0509 -71.6102
947 -33.0508 -71.6102
685 -33.0507 -71.6102
804 -33.0507 -71.6102
86 -33.0506 -71.6102
518 -33.0507 -71.6102
779 -33.0509 -71.6101
312 -33.051 -71.6101
329 -33.051 -71.6101
548 -33.0504 -71.6102
665 -33.0504 -71.6102
709 -33.0504 -71.6101
522 -33.0504 -71.6101
76 -33.0504 -71.6102
153 -33.0502 -71.6103
363 -33.0502 -71.6103
240 -33.0502 -71.6103
425 -33.0502 -71.6104
481 -33.0501 -71.6105
828 -33.0501 -71.6104
178 -33.0502 -71.6104
64 -33.0502 -71.6102
207 -33.0504 -71.6102
444 -33.0504 -71.6102
847 -33.0503 -71.6102
654 -33.0502 -71.6101
971 -33.0495 -71.6099
248 -33.0495 -71.6099
164 -33.0515 -71.6096
397 -33.0537 -71.6085
122 -33.0537 -71.6085
245 -33.0537 -71.6085
895 -33.0537 -71.6085
806 -33.0537 -71.6085
193 -33.0537 -71.6085
989 -33.0537 -71.6085
267 -33.0537 -71.6085
910 -33.0541 -71.6085
839 -33.0541 -71.6085
564 -33.0539 -71.6085
731 -33.0538 -71.6085
65 -33.0538 -71.6085
358 -33.0538 -71.6085
578 -33.0538 -71.6085
720 -33.0537 -71.6085
247 -33.0536 -71.6085
691 -33.0536 -71.6085
308 -33.0536 -71.6085
388 -33.0536 -71.6085
299 -33.0535 -71.6087
887 -33.0536 -71.6085
21 -33.0535 -71.6085
194 -33.0535 -71.6085
554 -33.0535 -71.6085
682 -33.0534 -71.6085
628 -33.0534 -71.6085
67 -33.0534 -71.6085
875 -33.0533 -71.6085
410 -33.0533 -71.6085
264 -33.0533 -71.6084
359 -33.0533 -71.6084
871 -33.0533 -71.6084
913 -33.0532 -71.6084
667 -33.0532 -71.6084
921 -33.0532 -71.6084
184 -33.0531 -71.6084
6 -33.0531 -71.6084
289 -33.0531 -71.6084
567 -33.0531 -71.6084
826 -33.0539 -71.6048
30 -33.054 -71.6047
149 -33.0532 -71.6047
776 -33.0529 -71.6065
616 -33.0529 -71.6083
492 -33.0529 -71.6083
552 -33.0529 -71.6083
41 -33.0528 -71.6083
893 -33.0528 -71.6083
959 -33.0528 -71.6083
896 -33.0528 -71.6083
965 -33.0527 -71.6082
650 -33.0527 -71.6082
445 -33.0527 -71.6082
689 -33.0526 -71.6082
609 -33.0526 -71.6082
104 -33.0526 -71.6082
800 -33.0526 -71.6082
490 -33.0525 -71.6082
28 -33.0524 -71.6081
47 -33.0524 -71.6081
135 -33.0524 -71.6081
953 -33.0524 -71.6081
618 -33.0522 -71.6096
346 -33.052 -71.6093
451 -33.0521 -71.6087
841 -33.052 -71.6089
898 -33.0519 -71.6092
246 -33.052 -71.6089
969 -33.052 -71.6089
95 -33.0521 -71.6087
543 -33.0522 -71.6084
396 -33.0522 -71.6084
114 -33.0522 -71.6083
352 -33.0521 -71.6085
330 -33.0521 -71.6086
684 -33.0521 -71.6085
131 -33.0521 -71.6085
338 -33.0519 -71.6092
379 -33.0516 -71.6095
974 -33.0519 -71.6092
524 -33.0519 -71.6092
766 -33.0516 -71.6095
539 -33.0515 -71.6096
817 -33.0516 -71.6095
750 -33.0516 -71.6095
899 -33.0497 -71.6091
559 -33.0517 -71.609
865 -33.0513 -71.6084
288 -33.0514 -71.6083
4 -33.0512 -71.6084
695 -33.0507 -71.6085
985 -33.0506 -71.6085
926 -33.0522 -71.6083
630 -33.0522 -71.6082
45 -33.0522 -71.6082
777 -33.0522 -71.6082
426 -33.0522 -71.6082
584 -33.0522 -71.6083
699 -33.0522 -71.6083
443 -33.0522 -71.6082
37 -33.0523 -71.6081
594 -33.0523 -71.6081
570 -33.0522 -71.6081
514 -33.0522 -71.608
39 -33.0522 -71.6081
507 -33.0521 -71.6079
781 -33.0522 -71.6074
121 -33.0522 -71.6072
344 -33.052 -71.6081
486 -33.0515 -71.6082
814 -33.0516 -71.6082
3 -33.0516 -71.6082
702 -33.0515 -71.6083
798 -33.0514 -71.6083
249 -33.0514 -71.6083
162 -33.0515 -71.6083
792 -33.0517 -71.6082
824 -33.0518 -71.6081
663 -33.0519 -71.6081
928 -33.0519 -71.6081
459 -33.0517 -71.6081
729 -33.0517 -71.6082
533 -33.0505 -71.6049
