940 -33.0514 -71.6261
935 -33.0515 -71.6252
327 -33.0515 -71.6252
38 -33.0513 -71.6253
176 -33.0512 -71.626
142 -33.0512 -71.6257
497 -33.0512 -71.6256
315 -33.0513 -71.6251
266 -33.0519 -71.6249
930 -33.0519 -71.6248
880 -33.0521 -71.6238
177 -33.0517 -71.6238
732 -33.0511 -71.6251
253 -33.0516 -71.6243
678 -33.051 -71.6243
115 -33.051 -71.6251
961 -33.051 -71.6259
66 -33.0508 -71.6255
85 -33.0509 -71.6251
226 -33.0506 -71.6243
217 -33.0502 -71.6259
716 -33.0503 -71.6242
5 -33.0505 -71.6242
796 -33.0505 -71.6242
799 -33.0508 -71.6242
703 -33.0508 -71.6234
500 -33.051 -71.6233
890 -33.0507 -71.6236
647 -33.0504 -71.6242
694 -33.0503 -71.6242
440 -33.0506 -71.6237
487 -33.0514 -71.6232
377 -33.0519 -71.6222
210 -33.0519 -71.6222
179 -33.0513 -71.6222
260 -33.0513 -71.6232
547 -33.0506 -71.6215
956 -33.0506 -71.6213
713 -33.0507 -71.6212
775 -33.0507 -71.6212
373 -33.0514 -71.6209
542 -33.0514 -71.6202
301 -33.0515 -71.6202
69 -33.0512 -71.6203
680 -33.0512 -71.6202
587 -33.0508 -71.6201
216 -33.0507 -71.6201
283 -33.0505 -71.6231
637 -33.0504 -71.622
425 -33.0504 -71.621
74 -33.0502 -71.6209
901 -33.0502 -71.6231
432 -33.0502 -71.6223
302 -33.0502 -71.6223
973 -33.0502 -71.6207
838 -33.0504 -71.6206
76 -33.0504 -71.6205
355 -33.0504 -71.6202
919 -33.0505 -71.62
761 -33.0504 -71.6205
341 -33.0503 -71.6205
456 -33.0503 -71.62
550 -33.0502 -71.6242
633 -33.0495 -71.6253
883 -33.0498 -71.6252
34 -33.0499 -71.6252
101 -33.0494 -71.626
598 -33.0491 -71.626
786 -33.0492 -71.6253
829 -33.0493 -71.6252
109 -33.0499 -71.6252
479 -33.0501 -71.6252
53 -33.0499 -71.6232
313 -33.05 -71.6231
697 -33.0496 -71.6243
447 -33.0489 -71.6247
206 -33.0492 -71.6232
250 -33.0489 -71.6225
979 -33.0488 -71.6243
987 -33.0486 -71.6252
493 -33.0486 -71.6243
589 -33.0486 -71.6242
92 -33.0485 -71.6252
735 -33.0482 -71.6253
25 -33.0482 -71.6244
412 -33.0485 -71.6233
213 -33.0487 -71.6232
144 -33.0487 -71.6231
852 -33.0487 -71.6229
632 -33.0487 -71.6224
597 -33.0487 -71.6232
111 -33.0482 -71.6226
163 -33.0483 -71.6225
17 -33.0486 -71.6224
77 -33.0495 -71.6223
399 -33.05 -71.6223
116 -33.05 -71.6223
234 -33.0496 -71.6218
166 -33.0495 -71.6215
340 -33.0493 -71.6221
448 -33.0493 -71.622
401 -33.0493 -71.6215
891 -33.0492 -71.6208
804 -33.0494 -71.6208
656 -33.0494 -71.6202
760 -33.0497 -71.62
198 -33.0494 -71.6208
86 -33.0494 -71.6207
844 -33.0494 -71.6206
434 -33.0491 -71.6205
687 -33.049 -71.6219
374 -33.0487 -71.6223
831 -33.0489 -71.6218
262 -33.0488 -71.6218
780 -33.0487 -71.6219
337 -33.0481 -71.622
701 -33.0484 -71.6216
457 -33.0482 -71.6215
654 -33.0481 -71.621
522 -33.0484 -71.6209
323 -33.0486 -71.6208
565 -33.0484 -71.6207
207 -33.0483 -71.6209
548 -33.0482 -71.6209
709 -33.0483 -71.6209
376 -33.0519 -71.6199
881 -33.052 -71.6199
816 -33.0519 -71.6199
869 -33.0514 -71.6184
765 -33.0513 -71.6189
537 -33.0512 -71.6192
370 -33.051 -71.6191
413 -33.0512 -71.6189
646 -33.0512 -71.6183
560 -33.0518 -71.6179
774 -33.0518 -71.6179
475 -33.0519 -71.617
936 -33.0517 -71.617
668 -33.051 -71.6182
931 -33.0516 -71.6171
356 -33.0511 -71.617
57 -33.051 -71.6182
428 -33.0503 -71.6192
134 -33.0502 -71.6192
963 -33.0505 -71.6184
379 -33.05 -71.6191
524 -33.0497 -71.6191
255 -33.0499 -71.6188
549 -33.0497 -71.6187
189 -33.0505 -71.6184
367 -33.0504 -71.6184
582 -33.0502 -71.6178
978 -33.0501 -71.6178
389 -33.0499 -71.6169
407 -33.0499 -71.6178
689 -33.0497 -71.6169
743 -33.0497 -71.6169
286 -33.051 -71.6167
945 -33.0521 -71.6158
118 -33.0521 -71.6157
991 -33.0519 -71.6156
578 -33.0518 -71.6153
842 -33.0515 -71.6162
792 -33.0515 -71.6156
299 -33.0515 -71.6155
507 -33.0519 -71.6152
482 -33.0519 -71.6148
976 -33.052 -71.6147
872 -33.052 -71.6147
2 -33.0518 -71.6148
910 -33.0514 -71.615
242 -33.0516 -71.6149
737 -33.0518 -71.6148
640 -33.0513 -71.6165
943 -33.0511 -71.6166
20 -33.0513 -71.6163
818 -33.0511 -71.6163
268 -33.0511 -71.6162
433 -33.05 -71.6167
18 -33.0504 -71.6165
426 -33.0507 -71.6164
893 -33.0497 -71.6158
464 -33.0505 -71.6157
297 -33.0513 -71.6156
950 -33.0506 -71.6153
608 -33.0505 -71.6157
60 -33.0502 -71.6158
879 -33.0502 -71.6157
6 -33.0496 -71.616
539 -33.0496 -71.6198
42 -33.0494 -71.6193
95 -33.0494 -71.6185
361 -33.0494 -71.6192
841 -33.0494 -71.6188
352 -33.0493 -71.6184
443 -33.0491 -71.6182
408 -33.0495 -71.6177
921 -33.0489 -71.6172
107 -33.0489 -71.6171
955 -33.049 -71.6168
269 -33.0488 -71.6172
41 -33.0488 -71.6175
391 -33.0488 -71.6175
871 -33.0488 -71.6172
146 -33.0487 -71.6176
754 -33.0484 -71.6186
543 -33.0487 -71.6184
570 -33.0485 -71.6183
396 -33.0484 -71.6186
455 -33.0483 -71.6187
684 -33.0483 -71.6187
698 -33.0483 -71.6182
699 -33.0483 -71.6182
150 -33.0485 -71.6181
609 -33.0486 -71.618
959 -33.0487 -71.6176
641 -33.0485 -71.6181
953 -33.0481 -71.6174
442 -33.0484 -71.617
184 -33.0485 -71.6167
554 -33.0494 -71.6166
450 -33.0494 -71.6164
822 -33.0495 -71.6164
887 -33.0493 -71.6165
415 -33.0491 -71.6163
257 -33.0492 -71.6158
295 -33.0493 -71.6154
375 -33.0493 -71.6152
284 -33.0494 -71.6147
882 -33.0494 -71.6147
349 -33.0494 -71.6146
321 -33.0493 -71.615
229 -33.0493 -71.615
319 -33.0493 -71.615
762 -33.0493 -71.615
476 -33.0491 -71.6165
251 -33.0491 -71.6165
726 -33.0488 -71.6164
123 -33.0487 -71.6164
279 -33.0487 -71.6164
141 -33.0486 -71.6165
602 -33.0486 -71.6165
682 -33.0486 -71.6164
693 -33.0485 -71.6164
520 -33.0485 -71.6164
252 -33.0482 -71.615
577 -33.0482 -71.6149
745 -33.0482 -71.615
267 -33.0481 -71.6155
731 -33.0481 -71.6153
859 -33.0481 -71.6234
360 -33.0479 -71.6253
409 -33.048 -71.6252
710 -33.048 -71.6243
849 -33.0475 -71.6255
629 -33.0473 -71.6253
755 -33.0469 -71.6248
722 -33.0467 -71.6246
484 -33.0473 -71.6243
854 -33.0478 -71.6234
999 -33.0479 -71.6234
586 -33.0476 -71.6234
868 -33.0476 -71.6235
152 -33.0467 -71.6241
36 -33.0476 -71.6235
692 -33.0467 -71.6233
583 -33.0467 -71.6258
509 -33.0467 -71.6258
911 -33.0466 -71.6257
9 -33.0466 -71.6255
939 -33.0465 -71.6255
764 -33.0465 -71.6257
485 -33.0463 -71.6256
80 -33.0462 -71.6256
55 -33.0465 -71.6253
130 -33.0465 -71.6236
900 -33.0466 -71.6234
660 -33.0467 -71.6234
453 -33.0465 -71.6237
530 -33.0464 -71.6249
708 -33.0462 -71.6245
511 -33.0464 -71.6245
688 -33.0473 -71.6231
0 -33.0477 -71.6223
783 -33.048 -71.6215
481 -33.048 -71.6214
195 -33.0474 -71.6227
462 -33.0473 -71.6231
64 -33.0472 -71.6215
93 -33.0472 -71.6214
240 -33.0471 -71.6214
363 -33.048 -71.6213
430 -33.048 -71.6213
518 -33.0473 -71.621
431 -33.0473 -71.6211
27 -33.0472 -71.6214
278 -33.0472 -71.6213
665 -33.0473 -71.6211
828 -33.0469 -71.6212
191 -33.0468 -71.6231
834 -33.0465 -71.6229
612 -33.0469 -71.6228
631 -33.0464 -71.6229
897 -33.046 -71.6231
529 -33.0461 -71.623
394 -33.0462 -71.623
884 -33.0469 -71.6228
728 -33.0462 -71.6214
231 -33.0462 -71.6208
496 -33.0462 -71.6208
418 -33.0462 -71.6208
648 -33.046 -71.6218
538 -33.0461 -71.6217
263 -33.046 -71.6231
516 -33.0457 -71.6258
718 -33.0459 -71.6258
696 -33.0455 -71.6256
802 -33.0455 -71.6254
277 -33.0454 -71.6257
938 -33.0454 -71.6254
139 -33.0453 -71.6253
222 -33.0459 -71.6253
383 -33.0458 -71.6241
605 -33.0456 -71.624
889 -33.0458 -71.6236
322 -33.0455 -71.6252
205 -33.0454 -71.6251
820 -33.0454 -71.6251
639 -33.0449 -71.6237
635 -33.0448 -71.624
220 -33.0441 -71.6259
784 -33.0441 -71.6258
988 -33.0439 -71.6257
982 -33.0438 -71.6257
88 -33.0434 -71.6254
643 -33.0433 -71.6251
827 -33.0438 -71.6247
427 -33.0437 -71.6247
972 -33.0448 -71.624
933 -33.0447 -71.6238
348 -33.0447 -71.6238
793 -33.0442 -71.6242
644 -33.0435 -71.6246
724 -33.0436 -71.6244
113 -33.0449 -71.6235
983 -33.0459 -71.6234
318 -33.0459 -71.6232
519 -33.0455 -71.6225
314 -33.0453 -71.6227
862 -33.0452 -71.623
435 -33.0452 -71.623
855 -33.0453 -71.6227
904 -33.0457 -71.6222
13 -33.0458 -71.6221
31 -33.0459 -71.622
574 -33.046 -71.6216
572 -33.0458 -71.6221
84 -33.0451 -71.6217
778 -33.0452 -71.6216
174 -33.0454 -71.6211
941 -33.0451 -71.6226
794 -33.0445 -71.623
573 -33.0449 -71.6225
170 -33.0448 -71.6225
48 -33.0443 -71.6222
968 -33.0437 -71.6229
553 -33.0442 -71.6222
157 -33.0442 -71.6222
81 -33.0444 -71.6222
10 -33.0447 -71.6213
333 -33.0444 -71.6211
712 -33.0449 -71.6207
604 -33.0443 -71.6213
610 -33.0435 -71.6219
763 -33.0439 -71.6208
850 -33.0456 -71.6206
721 -33.048 -71.6201
767 -33.0478 -71.6199
812 -33.0479 -71.6199
180 -33.0476 -71.6201
787 -33.0475 -71.6203
258 -33.0476 -71.6202
864 -33.0476 -71.6202
992 -33.0478 -71.6199
246 -33.048 -71.6188
730 -33.048 -71.6188
803 -33.0479 -71.6188
750 -33.0478 -71.6197
164 -33.0477 -71.6198
254 -33.0478 -71.6198
292 -33.0478 -71.6197
329 -33.0474 -71.6206
683 -33.0465 -71.6206
444 -33.0466 -71.6203
495 -33.0473 -71.6202
727 -33.0465 -71.6206
614 -33.0465 -71.6206
345 -33.0464 -71.6203
178 -33.0462 -71.6202
685 -33.0467 -71.62
651 -33.0469 -71.6195
439 -33.047 -71.6189
817 -33.047 -71.6184
860 -33.0468 -71.6195
779 -33.0468 -71.6197
920 -33.0466 -71.6194
947 -33.0466 -71.6194
932 -33.0468 -71.6183
809 -33.0479 -71.6181
580 -33.048 -71.6163
271 -33.048 -71.6163
488 -33.0479 -71.6173
777 -33.0475 -71.6172
445 -33.0478 -71.6167
819 -33.0473 -71.6162
594 -33.047 -71.616
67 -33.048 -71.6159
649 -33.0481 -71.6156
290 -33.0481 -71.6156
160 -33.0477 -71.6149
965 -33.047 -71.6153
309 -33.0471 -71.6149
998 -33.0477 -71.6149
801 -33.0469 -71.6161
465 -33.0467 -71.6183
466 -33.0468 -71.6175
336 -33.0468 -71.6173
974 -33.0466 -71.6171
805 -33.0466 -71.6182
342 -33.0462 -71.6181
320 -33.0461 -71.6181
131 -33.0467 -71.6161
546 -33.0462 -71.616
114 -33.0461 -71.615
334 -33.0463 -71.6147
729 -33.0461 -71.6154
599 -33.0461 -71.6153
926 -33.0461 -71.6151
908 -33.0461 -71.6154
807 -33.046 -71.6202
830 -33.0459 -71.6202
971 -33.0459 -71.6201
106 -33.0456 -71.6206
273 -33.0451 -71.6203
218 -33.0448 -71.6199
515 -33.0451 -71.6199
851 -33.045 -71.6198
153 -33.0459 -71.6194
847 -33.0459 -71.6192
795 -33.0455 -71.6172
504 -33.0454 -71.619
44 -33.0452 -71.6191
304 -33.045 -71.6189
248 -33.0447 -71.6181
541 -33.0446 -71.6199
436 -33.0446 -71.6199
165 -33.0444 -71.6198
50 -33.0443 -71.6198
853 -33.044 -71.6198
155 -33.0439 -71.6206
140 -33.044 -71.6199
416 -33.044 -71.6199
239 -33.0442 -71.6198
364 -33.0443 -71.6188
652 -33.0444 -71.6188
590 -33.0442 -71.6171
758 -33.0442 -71.6172
949 -33.0441 -71.6198
960 -33.0442 -71.6188
823 -33.0442 -71.6171
58 -33.0457 -71.6169
117 -33.0461 -71.616
892 -33.0458 -71.616
638 -33.0456 -71.6169
596 -33.0455 -71.6171
894 -33.0456 -71.6169
719 -33.0454 -71.6169
545 -33.0455 -71.616
451 -33.0461 -71.6153
661 -33.0459 -71.6146
372 -33.0458 -71.6146
655 -33.0456 -71.6147
317 -33.0454 -71.616
946 -33.0455 -71.6158
942 -33.0455 -71.6151
338 -33.0451 -71.6146
393 -33.0448 -71.617
899 -33.0448 -71.617
756 -33.0448 -71.617
128 -33.0444 -71.6169
119 -33.0442 -71.617
634 -33.0437 -71.6162
133 -33.0442 -71.6162
75 -33.0437 -71.6161
666 -33.045 -71.6159
588 -33.0448 -71.6153
766 -33.045 -71.615
148 -33.0448 -71.6154
385 -33.0442 -71.616
96 -33.0447 -71.6159
782 -33.0516 -71.6145
298 -33.0518 -71.6137
866 -33.0518 -71.6136
948 -33.0521 -71.6133
874 -33.0518 -71.6137
561 -33.0513 -71.6143
505 -33.0513 -71.614
192 -33.0513 -71.614
463 -33.0514 -71.6131
72 -33.0512 -71.6131
747 -33.0512 -71.6131
922 -33.0513 -71.6119
810 -33.0511 -71.6122
420 -33.0511 -71.6131
414 -33.0511 -71.6131
592 -33.0511 -71.6119
994 -33.0511 -71.6131
483 -33.0511 -71.6144
531 -33.0509 -71.6144
501 -33.0508 -71.6142
120 -33.0508 -71.6141
276 -33.0507 -71.6143
124 -33.0508 -71.6143
390 -33.0508 -71.6141
556 -33.0509 -71.6141
576 -33.051 -71.6131
521 -33.051 -71.6131
132 -33.051 -71.6119
772 -33.0509 -71.6119
811 -33.0508 -71.6141
675 -33.0509 -71.6141
316 -33.0502 -71.613
970 -33.0519 -71.6119
83 -33.0515 -71.6119
98 -33.052 -71.6118
873 -33.0516 -71.6118
19 -33.0515 -71.6115
790 -33.0515 -71.6114
326 -33.0514 -71.6114
43 -33.051 -71.6113
954 -33.0506 -71.6113
579 -33.0517 -71.6096
677 -33.0518 -71.6095
291 -33.0518 -71.6094
368 -33.0516 -71.6098
769 -33.0506 -71.6113
525 -33.051 -71.6101
925 -33.0512 -71.6099
917 -33.0505 -71.6113
523 -33.0501 -71.6113
219 -33.0504 -71.6113
402 -33.0501 -71.6105
225 -33.0501 -71.6109
46 -33.05 -71.6113
937 -33.05 -71.6113
857 -33.05 -71.6113
52 -33.0501 -71.6105
591 -33.0503 -71.6101
469 -33.0502 -71.6101
636 -33.0502 -71.61
307 -33.0502 -71.6103
400 -33.0501 -71.6105
513 -33.0501 -71.6101
626 -33.05 -71.613
158 -33.0496 -71.6134
127 -33.0496 -71.6134
923 -33.0497 -71.6131
704 -33.0495 -71.6141
669 -33.0494 -71.6145
671 -33.0494 -71.6139
958 -33.0494 -71.6139
238 -33.0497 -71.6131
32 -33.0498 -71.6129
26 -33.0498 -71.6125
470 -33.0498 -71.6124
622 -33.0498 -71.6125
686 -33.0497 -71.6129
137 -33.0493 -71.6129
746 -33.0497 -71.6128
856 -33.0492 -71.6138
480 -33.0491 -71.6145
199 -33.0491 -71.6145
51 -33.0489 -71.6129
642 -33.0488 -71.6129
97 -33.0484 -71.6141
398 -33.0487 -71.6129
187 -33.0486 -71.6129
182 -33.0484 -71.6129
404 -33.0484 -71.6129
840 -33.0489 -71.6122
832 -33.048 -71.6121
907 -33.0479 -71.6123
351 -33.0478 -71.6128
294 -33.0478 -71.6126
741 -33.048 -71.612
662 -33.0499 -71.6119
472 -33.05 -71.6115
422 -33.05 -71.6114
378 -33.0499 -71.612
94 -33.0491 -71.6116
555 -33.0498 -71.6113
569 -33.0497 -71.6112
944 -33.0497 -71.6112
305 -33.0494 -71.6112
35 -33.0494 -71.6103
740 -33.0493 -71.6099
282 -33.0492 -71.6099
825 -33.0492 -71.6112
962 -33.0491 -71.6112
773 -33.0491 -71.6099
110 -33.049 -71.6117
733 -33.049 -71.612
846 -33.0482 -71.6113
173 -33.0484 -71.6111
571 -33.0482 -71.6114
15 -33.0481 -71.6118
29 -33.0481 -71.6116
981 -33.0481 -71.6116
214 -33.048 -71.6111
261 -33.0485 -71.6101
674 -33.0485 -71.6099
984 -33.0486 -71.6098
843 -33.0484 -71.6098
167 -33.0479 -71.6111
145 -33.0484 -71.6107
354 -33.052 -71.6092
467 -33.0512 -71.6085
474 -33.0512 -71.6084
528 -33.0517 -71.6082
808 -33.0512 -71.6086
154 -33.0509 -71.6092
619 -33.0511 -71.609
281 -33.0511 -71.6089
237 -33.0513 -71.608
300 -33.0516 -71.6075
748 -33.0515 -71.6075
751 -33.0515 -71.607
768 -33.0514 -71.6076
967 -33.0513 -71.6078
491 -33.0508 -71.6074
606 -33.051 -71.6067
259 -33.0508 -71.6085
196 -33.0504 -71.6091
331 -33.0508 -71.6085
419 -33.0506 -71.6085
384 -33.0502 -71.6085
209 -33.0499 -71.6084
366 -33.05 -71.6084
672 -33.05 -71.6084
563 -33.0506 -71.6081
112 -33.0507 -71.6075
886 -33.0507 -71.6075
63 -33.0507 -71.6074
876 -33.0504 -71.6073
927 -33.0503 -71.6073
797 -33.0503 -71.6066
221 -33.0502 -71.6066
848 -33.0502 -71.6066
175 -33.0518 -71.6063
280 -33.0516 -71.6059
441 -33.0521 -71.6057
903 -33.0514 -71.6056
159 -33.0514 -71.6064
679 -33.0513 -71.6059
147 -33.0511 -71.6058
303 -33.0513 -71.6054
581 -33.0513 -71.6054
311 -33.0513 -71.6054
332 -33.0516 -71.6052
40 -33.0509 -71.6051
461 -33.0508 -71.605
858 -33.0508 -71.6044
551 -33.0508 -71.6042
527 -33.0508 -71.605
499 -33.0506 -71.6057
79 -33.0507 -71.6057
506 -33.0505 -71.6057
129 -33.0503 -71.6064
558 -33.0503 -71.6065
929 -33.0503 -71.6056
411 -33.0502 -71.6056
212 -33.05 -71.6055
223 -33.0505 -71.605
870 -33.0506 -71.605
473 -33.0507 -71.6048
557 -33.05 -71.6038
90 -33.05 -71.6046
73 -33.0499 -71.604
705 -33.0499 -71.6055
627 -33.0498 -71.6084
977 -33.0498 -71.6084
362 -33.0497 -71.6084
454 -33.0497 -71.6084
613 -33.0494 -71.6091
535 -33.0494 -71.6091
274 -33.0494 -71.6091
61 -33.0493 -71.6083
452 -33.0499 -71.6082
934 -33.0498 -71.6071
512 -33.0497 -71.6071
11 -33.0496 -71.6071
12 -33.0493 -71.6083
510 -33.0495 -71.6071
296 -33.0495 -71.6071
190 -33.0492 -71.6091
912 -33.0489 -71.6083
424 -33.0487 -71.6083
676 -33.0487 -71.6083
888 -33.0487 -71.6084
723 -33.0484 -71.6091
503 -33.0479 -71.6091
478 -33.0482 -71.6082
833 -33.0482 -71.6082
7 -33.0486 -71.6079
438 -33.0488 -71.6069
753 -33.0483 -71.6066
350 -33.0481 -71.6066
49 -33.048 -71.6078
62 -33.0481 -71.6066
285 -33.0497 -71.6065
657 -33.0498 -71.6065
335 -33.0498 -71.6065
645 -33.0497 -71.6054
168 -33.0497 -71.6054
700 -33.0496 -71.6065
477 -33.0494 -71.6065
664 -33.049 -71.6055
918 -33.0493 -71.6052
980 -33.0497 -71.6044
489 -33.0496 -71.6043
156 -33.0498 -71.6041
924 -33.0496 -71.6044
878 -33.0491 -71.6052
458 -33.049 -71.605
540 -33.0494 -71.6041
78 -33.049 -71.6056
228 -33.0489 -71.606
593 -33.0489 -71.6048
421 -33.0488 -71.6047
138 -33.0487 -71.6065
227 -33.0487 -71.6047
381 -33.0487 -71.6045
532 -33.0487 -71.6045
181 -33.0479 -71.604
169 -33.0479 -71.604
706 -33.0489 -71.6036
502 -33.0482 -71.6035
752 -33.0479 -71.604
966 -33.0479 -71.604
620 -33.0479 -71.604
14 -33.0478 -71.6129
23 -33.0472 -71.6134
371 -33.0474 -71.6134
405 -33.0476 -71.6133
446 -33.0472 -71.6135
143 -33.0471 -71.6144
776 -33.0472 -71.6137
813 -33.0472 -71.6134
272 -33.047 -71.6133
105 -33.0476 -71.6133
197 -33.0476 -71.6133
997 -33.0475 -71.6127
230 -33.0473 -71.612
310 -33.0468 -71.6133
387 -33.047 -71.6127
916 -33.0473 -71.6126
806 -33.0466 -71.6133
410 -33.0464 -71.6134
986 -33.0465 -71.6134
386 -33.0466 -71.6132
567 -33.0462 -71.6135
552 -33.0461 -71.6139
759 -33.046 -71.6131
616 -33.046 -71.6131
781 -33.0459 -71.6131
423 -33.0466 -71.6125
245 -33.0463 -71.6125
247 -33.0463 -71.6125
691 -33.0463 -71.6125
208 -33.0458 -71.613
359 -33.046 -71.6124
151 -33.0458 -71.6123
171 -33.0462 -71.612
403 -33.0473 -71.6118
236 -33.0474 -71.611
909 -33.0474 -71.611
357 -33.0473 -71.6118
611 -33.047 -71.611
789 -33.0469 -71.6109
736 -33.0469 -71.6109
757 -33.0474 -71.6102
468 -33.0474 -71.6098
681 -33.0472 -71.6098
952 -33.0475 -71.6098
575 -33.0472 -71.6098
885 -33.0468 -71.6098
653 -33.047 -71.6098
990 -33.0469 -71.6098
861 -33.0465 -71.6098
742 -33.0462 -71.6109
347 -33.0463 -71.6109
670 -33.0462 -71.6108
397 -33.0462 -71.6117
102 -33.0462 -71.6117
264 -33.0456 -71.6115
720 -33.0456 -71.6111
905 -33.0458 -71.6108
16 -33.0464 -71.6098
845 -33.0464 -71.6098
243 -33.0464 -71.6098
172 -33.0463 -71.6098
215 -33.0456 -71.6102
395 -33.0458 -71.6098
8 -33.0456 -71.6099
835 -33.0453 -71.6145
202 -33.0456 -71.613
615 -33.0456 -71.613
201 -33.0451 -71.6145
392 -33.045 -71.6145
898 -33.0448 -71.6135
517 -33.0451 -71.6134
104 -33.0456 -71.613
837 -33.0454 -71.613
630 -33.0451 -71.6129
108 -33.0456 -71.6122
725 -33.0451 -71.6129
330 -33.0448 -71.613
877 -33.045 -71.6129
584 -33.0451 -71.6129
739 -33.0448 -71.6136
526 -33.0445 -71.6145
996 -33.0441 -71.6133
749 -33.0441 -71.6132
985 -33.0439 -71.6135
241 -33.0438 -71.6145
312 -33.0438 -71.6145
964 -33.0438 -71.6135
186 -33.044 -71.6131
902 -33.0442 -71.613
969 -33.0445 -71.6129
744 -33.0446 -71.6129
798 -33.0442 -71.6127
915 -33.0442 -71.6129
100 -33.0441 -71.6123
711 -33.0456 -71.6122
200 -33.0456 -71.6121
490 -33.0451 -71.6121
70 -33.0451 -71.6121
37 -33.0451 -71.6121
135 -33.045 -71.6121
87 -33.0449 -71.612
45 -33.0448 -71.612
265 -33.0448 -71.612
289 -33.045 -71.611
667 -33.045 -71.6108
875 -33.0451 -71.6107
193 -33.0448 -71.6098
650 -33.0447 -71.611
121 -33.0446 -71.6105
28 -33.0446 -71.6102
275 -33.0445 -71.6102
824 -33.0443 -71.6121
585 -33.0444 -71.612
4 -33.0443 -71.6113
659 -33.0442 -71.6113
814 -33.0441 -71.6122
486 -33.0441 -71.6121
621 -33.0442 -71.6117
288 -33.0443 -71.611
449 -33.0445 -71.6102
47 -33.0445 -71.6102
995 -33.0444 -71.6101
39 -33.0443 -71.61
24 -33.0442 -71.6109
249 -33.0442 -71.6108
603 -33.0475 -71.6098
126 -33.0474 -71.6098
715 -33.0477 -71.6082
601 -33.0474 -71.6082
22 -33.0473 -71.6098
183 -33.0472 -71.609
211 -33.0469 -71.609
324 -33.0467 -71.609
256 -33.0474 -71.6082
595 -33.0474 -71.6082
89 -33.0474 -71.6075
863 -33.0473 -71.6067
224 -33.0473 -71.6082
600 -33.0466 -71.6081
498 -33.0466 -71.6069
690 -33.0471 -71.6068
785 -33.0466 -71.609
204 -33.0465 -71.6081
328 -33.0465 -71.6081
343 -33.0465 -71.6081
821 -33.0465 -71.609
406 -33.046 -71.6089
836 -33.0464 -71.6081
714 -33.0464 -71.6081
136 -33.0463 -71.6081
607 -33.0463 -71.6076
957 -33.0463 -71.607
437 -33.0463 -71.6069
185 -33.0463 -71.6067
734 -33.0463 -71.6081
771 -33.0459 -71.6081
951 -33.0463 -71.608
471 -33.0473 -71.6061
369 -33.0473 -71.606
460 -33.0472 -71.6058
365 -33.0475 -71.6058
56 -33.0472 -71.6058
233 -33.0472 -71.6056
624 -33.0472 -71.6055
325 -33.0471 -71.6052
91 -33.047 -71.6048
382 -33.0476 -71.6038
673 -33.0475 -71.6038
815 -33.0477 -71.6037
770 -33.0474 -71.6042
99 -33.0471 -71.6043
788 -33.0472 -71.6043
293 -33.0473 -71.6042
244 -33.047 -71.6035
658 -33.0462 -71.6061
534 -33.0462 -71.6061
993 -33.0462 -71.606
1 -33.0462 -71.6053
203 -33.0462 -71.6057
791 -33.046 -71.6054
232 -33.0461 -71.6054
287 -33.0469 -71.6048
564 -33.046 -71.6047
122 -33.046 -71.6044
536 -33.0465 -71.6042
508 -33.046 -71.6046
65 -33.0459 -71.6048
906 -33.0459 -71.6048
358 -33.0459 -71.6048
125 -33.0456 -71.6082
235 -33.0458 -71.608
68 -33.0457 -71.608
417 -33.0456 -71.608
707 -33.0455 -71.6089
623 -33.0449 -71.6089
82 -33.0456 -71.6082
738 -33.0455 -71.608
306 -33.0456 -71.6078
71 -33.0456 -71.6078
339 -33.045 -71.6071
544 -33.0449 -71.608
562 -33.0448 -71.608
867 -33.0448 -71.6074
839 -33.0448 -71.6071
344 -33.0445 -71.6096
928 -33.0442 -71.6095
494 -33.0442 -71.6094
663 -33.0445 -71.6094
459 -33.0442 -71.6094
3 -33.0442 -71.6093
702 -33.0442 -71.6091
33 -33.0442 -71.609
865 -33.0443 -71.6086
695 -33.044 -71.6081
566 -33.0442 -71.6078
149 -33.0445 -71.6072
353 -33.044 -71.608
54 -33.0439 -71.6077
533 -33.0436 -71.6072
103 -33.0456 -71.607
625 -33.0456 -71.6069
975 -33.0456 -71.6066
308 -33.0454 -71.6058
161 -33.0454 -71.6057
989 -33.0453 -71.6059
895 -33.0454 -71.6059
617 -33.0453 -71.6053
826 -33.0453 -71.6052
913 -33.0453 -71.605
628 -33.0455 -71.605
388 -33.0456 -71.6049
30 -33.0453 -71.6046
717 -33.0452 -71.605
492 -33.0452 -71.6047
568 -33.045 -71.6045
188 -33.045 -71.6048
429 -33.0444 -71.6069
270 -33.0446 -71.6066
194 -33.0446 -71.6065
21 -33.0444 -71.6069
914 -33.0443 -71.6066
162 -33.0434 -71.6061
59 -33.044 -71.6058
380 -33.044 -71.6057
896 -33.0449 -71.6052
800 -33.0448 -71.6048
559 -33.0447 -71.6036
346 -33.0446 -71.605
618 -33.044 -71.6055
514 -33.0446 -71.605
