38 -33.0532 -71.6246
315 -33.0533 -71.6246
327 -33.0534 -71.6246
226 -33.0531 -71.6246
796 -33.053 -71.6247
5 -33.053 -71.6246
115 -33.053 -71.6246
678 -33.0535 -71.6245
266 -33.054 -71.6244
177 -33.0542 -71.6243
880 -33.0543 -71.6241
930 -33.054 -71.6244
253 -33.054 -71.6244
487 -33.0538 -71.6241
260 -33.0537 -71.6241
647 -33.053 -71.6246
497 -33.0529 -71.6246
142 -33.0528 -71.6246
85 -33.0528 -71.6246
66 -33.0527 -71.6246
786 -33.0518 -71.6252
829 -33.0518 -71.6251
883 -33.0519 -71.6246
550 -33.0527 -71.6246
176 -33.0526 -71.6245
940 -33.0525 -71.6245
961 -33.0523 -71.6244
697 -33.0522 -71.6244
109 -33.052 -71.6244
479 -33.0521 -71.6243
217 -33.0521 -71.6243
500 -33.0534 -71.6239
377 -33.0543 -71.6227
210 -33.0543 -71.6227
179 -33.0538 -71.6225
57 -33.0534 -71.6188
703 -33.0532 -71.6238
890 -33.0531 -71.6238
668 -33.0534 -71.6188
413 -33.053 -71.6187
765 -33.0529 -71.6187
189 -33.0528 -71.6187
646 -33.0535 -71.6186
963 -33.0527 -71.6187
367 -33.0527 -71.6187
582 -33.0526 -71.6187
978 -33.0525 -71.6186
313 -33.0525 -71.6236
53 -33.0523 -71.6235
775 -33.0521 -71.62
973 -33.0522 -71.6199
838 -33.0521 -71.6199
713 -33.0521 -71.62
547 -33.0519 -71.6199
761 -33.0521 -71.6199
341 -33.052 -71.6198
355 -33.0519 -71.6196
407 -33.0523 -71.6186
537 -33.0522 -71.6185
456 -33.0519 -71.6196
919 -33.0518 -71.6195
216 -33.0516 -71.6192
587 -33.0515 -71.6192
598 -33.0515 -71.6252
101 -33.0513 -71.6251
979 -33.0514 -71.6243
589 -33.0511 -71.6243
987 -33.0511 -71.6251
92 -33.0511 -71.6251
25 -33.0508 -71.6243
447 -33.0506 -71.6239
732 -33.0512 -71.6231
116 -33.0514 -71.6208
399 -33.0514 -71.6208
493 -33.0509 -71.6235
34 -33.0508 -71.6237
935 -33.0509 -71.6235
440 -33.0506 -71.6214
283 -33.0505 -71.6215
409 -33.0505 -71.6251
710 -33.0505 -71.6242
633 -33.0505 -71.624
716 -33.0504 -71.6222
849 -33.0497 -71.6252
629 -33.0499 -71.6252
694 -33.0504 -71.6221
799 -33.0504 -71.6219
901 -33.0505 -71.6217
144 -33.0494 -71.6208
111 -33.0494 -71.6208
597 -33.0493 -71.6208
999 -33.0492 -71.6218
859 -33.0493 -71.6216
412 -33.0493 -71.6211
163 -33.0494 -71.6207
432 -33.0498 -71.6201
373 -33.0514 -71.6191
69 -33.0512 -71.6189
302 -33.0498 -71.6201
77 -33.0496 -71.62
262 -33.0496 -71.6197
637 -33.0496 -71.6197
844 -33.0499 -71.6188
542 -33.051 -71.6187
301 -33.051 -71.6187
42 -33.0509 -71.6185
361 -33.0508 -71.6185
434 -33.0499 -71.6188
198 -33.0498 -71.6187
891 -33.0496 -71.6186
340 -33.0495 -71.6196
831 -33.0495 -71.6196
448 -33.0495 -71.6196
687 -33.0495 -71.6195
852 -33.0494 -71.6207
17 -33.0493 -71.6203
250 -33.0493 -71.6203
632 -33.0493 -71.6202
680 -33.0494 -71.6193
234 -33.0494 -71.6193
956 -33.0494 -71.6191
323 -33.0494 -71.6191
166 -33.0494 -71.6191
401 -33.0494 -71.6189
425 -33.0494 -71.6187
408 -33.052 -71.6185
774 -33.0542 -71.6184
560 -33.0543 -71.6184
475 -33.0542 -71.6168
869 -33.0537 -71.6184
464 -33.0528 -71.6159
950 -33.0528 -71.6159
640 -33.0528 -71.6159
608 -33.0527 -71.6159
118 -33.0544 -71.6157
872 -33.0543 -71.6157
945 -33.0543 -71.6157
976 -33.0543 -71.6157
20 -33.0527 -71.6158
60 -33.0525 -71.6157
879 -33.0525 -71.6157
818 -33.0525 -71.6157
370 -33.052 -71.6185
255 -33.0518 -71.6184
549 -33.0516 -71.6184
376 -33.0514 -71.6184
881 -33.0513 -71.6184
816 -33.0513 -71.6184
134 -33.0512 -71.6183
698 -33.0504 -71.6179
743 -33.0515 -71.616
389 -33.0514 -71.6159
286 -33.0524 -71.6157
520 -33.0505 -71.6157
754 -33.0503 -71.6179
455 -33.0503 -71.6179
269 -33.0505 -71.6157
693 -33.0505 -71.6156
482 -33.0542 -71.6156
991 -33.0541 -71.6156
297 -33.0535 -71.6155
561 -33.0534 -71.6155
842 -33.053 -71.6155
483 -33.0531 -71.6155
531 -33.053 -71.6154
501 -33.0529 -71.6154
124 -33.0529 -71.6154
948 -33.0543 -71.6148
994 -33.0534 -71.6141
686 -33.0522 -71.6133
356 -33.052 -71.6148
943 -33.0519 -71.6147
931 -33.052 -71.6147
936 -33.0519 -71.6148
18 -33.0517 -71.6156
822 -33.0515 -71.6156
450 -33.0514 -71.6156
476 -33.051 -71.6156
107 -33.0505 -71.6156
251 -33.0509 -71.6156
955 -33.0507 -71.6155
726 -33.0507 -71.6155
268 -33.0515 -71.614
792 -33.0518 -71.6136
299 -33.0519 -71.6135
279 -33.0506 -71.6155
123 -33.0506 -71.6155
602 -33.0505 -71.6155
442 -33.0502 -71.6158
760 -33.0502 -71.6183
809 -33.05 -71.6178
803 -33.0497 -71.6177
74 -33.0493 -71.6184
76 -33.0492 -71.6183
804 -33.0491 -71.6181
86 -33.049 -71.6181
767 -33.049 -71.6176
290 -33.0496 -71.6161
819 -33.0496 -71.6161
488 -33.0496 -71.6161
841 -33.0491 -71.6162
524 -33.049 -71.6167
730 -33.0491 -71.6165
246 -33.0491 -71.6164
379 -33.0489 -71.6169
466 -33.0489 -71.6176
812 -33.0488 -71.6173
428 -33.0488 -71.6173
180 -33.0488 -71.6174
721 -33.0487 -71.6175
258 -33.0487 -71.6175
864 -33.0487 -71.6175
992 -33.0488 -71.6173
254 -33.0489 -71.617
292 -33.0489 -71.617
750 -33.0489 -71.6169
164 -33.0489 -71.6171
539 -33.0489 -71.6172
546 -33.0488 -71.6164
95 -33.0492 -71.616
146 -33.0502 -71.6157
580 -33.0501 -71.6157
271 -33.0501 -71.6157
150 -33.0498 -71.6157
641 -33.0497 -71.6158
433 -33.0494 -71.6146
6 -33.0494 -71.6144
871 -33.0494 -71.6143
554 -33.0495 -71.6139
887 -33.0495 -71.6138
415 -33.0496 -71.6133
682 -33.0495 -71.614
184 -33.0494 -71.6143
921 -33.0495 -71.6143
141 -33.0495 -71.6142
41 -33.0494 -71.6146
699 -33.0492 -71.6156
443 -33.0492 -71.6155
426 -33.0492 -71.6155
396 -33.0492 -71.6157
684 -33.0492 -71.6159
352 -33.0492 -71.6157
543 -33.0492 -71.6157
570 -33.0493 -71.6154
391 -33.0494 -71.6147
893 -33.0494 -71.6147
959 -33.0494 -71.6147
689 -33.0493 -71.6149
953 -33.0493 -71.6152
609 -33.0493 -71.615
787 -33.0487 -71.6176
383 -33.0474 -71.6227
605 -33.0474 -71.6225
206 -33.0482 -71.6214
889 -33.0474 -71.622
983 -33.0473 -71.6218
692 -33.0473 -71.6211
660 -33.0473 -71.6211
213 -33.0481 -71.6211
191 -33.0474 -71.6208
612 -33.0475 -71.6204
884 -33.0475 -71.6204
586 -33.0474 -71.6208
631 -33.0473 -71.621
854 -33.0473 -71.621
834 -33.0474 -71.6209
868 -33.0473 -71.6211
453 -33.0472 -71.6216
318 -33.0472 -71.6216
263 -33.0472 -71.6215
708 -33.0469 -71.6228
152 -33.0466 -71.6229
530 -33.0466 -71.6229
511 -33.0467 -71.6229
130 -33.0472 -71.6214
900 -33.0472 -71.6212
36 -33.0473 -71.6212
394 -33.0473 -71.6212
529 -33.0472 -71.6213
897 -33.0472 -71.6214
435 -33.0466 -71.6204
239 -33.0466 -71.6204
50 -33.0466 -71.6203
688 -33.0476 -71.6203
106 -33.0476 -71.6202
462 -33.0476 -71.6202
574 -33.0476 -71.6203
850 -33.0475 -71.6203
572 -33.0473 -71.6202
13 -33.0473 -71.6202
374 -33.0479 -71.6201
504 -33.0478 -71.6196
830 -33.0478 -71.6196
337 -33.0479 -71.6195
496 -33.0478 -71.6196
780 -33.0478 -71.6199
195 -33.0477 -71.6198
0 -33.0478 -71.6197
273 -33.0472 -71.6202
174 -33.0471 -71.6202
904 -33.0471 -71.6202
712 -33.0467 -71.6201
855 -33.0467 -71.6201
165 -33.0466 -71.6203
84 -33.0466 -71.6202
314 -33.0467 -71.6202
778 -33.0467 -71.62
218 -33.0468 -71.6198
364 -33.0469 -71.6195
652 -33.0468 -71.6195
519 -33.0468 -71.6198
436 -33.0467 -71.62
541 -33.0467 -71.62
941 -33.0465 -71.6205
820 -33.046 -71.6245
139 -33.046 -71.6244
205 -33.046 -71.6244
938 -33.046 -71.6244
802 -33.0459 -71.6243
277 -33.0459 -71.6243
322 -33.0459 -71.6243
509 -33.0459 -71.6233
9 -33.0461 -71.623
55 -33.0462 -71.6229
755 -33.0462 -71.6229
939 -33.046 -71.623
583 -33.0459 -71.6233
911 -33.0459 -71.6232
484 -33.046 -71.6231
735 -33.0459 -71.6242
696 -33.0458 -71.6242
516 -33.0457 -71.6241
222 -33.0457 -71.6241
718 -33.0457 -71.6239
220 -33.0443 -71.624
784 -33.0443 -71.624
360 -33.0456 -71.624
988 -33.0446 -71.6239
80 -33.0458 -71.6236
485 -33.0458 -71.6236
764 -33.0459 -71.6234
643 -33.0451 -71.6231
982 -33.0446 -71.6238
88 -33.0449 -71.6235
722 -33.0465 -71.6229
81 -33.0462 -71.6213
639 -33.0463 -71.6212
113 -33.0464 -71.6211
348 -33.0462 -71.6213
48 -33.0462 -71.6215
794 -33.0462 -71.6215
933 -33.0462 -71.6214
170 -33.0464 -71.6209
573 -33.0465 -71.6207
862 -33.0465 -71.6205
10 -33.0465 -71.6204
949 -33.0464 -71.6203
853 -33.0463 -71.6203
416 -33.0463 -71.6203
140 -33.0463 -71.6203
157 -33.0461 -71.6216
968 -33.0456 -71.6223
610 -33.0457 -71.6223
793 -33.0458 -71.6221
724 -33.0455 -71.6225
827 -33.0453 -71.6229
427 -33.0453 -71.6228
644 -33.0454 -71.6227
972 -33.0458 -71.622
635 -33.0459 -71.622
553 -33.0461 -71.6216
333 -33.0461 -71.6202
155 -33.0459 -71.6201
763 -33.0457 -71.6202
604 -33.0458 -71.6201
701 -33.0479 -71.6194
548 -33.0484 -71.6185
709 -33.0484 -71.6185
522 -33.0484 -71.6185
278 -33.0484 -71.6186
93 -33.0483 -71.6187
654 -33.0484 -71.6187
27 -33.0484 -71.6187
207 -33.0484 -71.6185
495 -33.0486 -71.6179
329 -33.0486 -71.6179
656 -33.0487 -71.6177
565 -33.0485 -71.6182
665 -33.0484 -71.6185
431 -33.0484 -71.6184
518 -33.0485 -71.6183
64 -33.0483 -71.6188
481 -33.0482 -71.6191
783 -33.0482 -71.6191
430 -33.0482 -71.619
828 -33.0482 -71.6191
457 -33.0481 -71.6192
614 -33.0481 -71.6192
727 -33.0481 -71.6192
363 -33.0483 -71.6189
240 -33.0483 -71.6188
860 -33.0481 -71.6174
320 -33.048 -71.6174
795 -33.0478 -71.6173
444 -33.0475 -71.6174
685 -33.0476 -71.6171
947 -33.0477 -71.617
596 -33.0477 -71.617
117 -33.0486 -71.6164
892 -33.0483 -71.6163
908 -33.0482 -71.6163
545 -33.0481 -71.6163
805 -33.0479 -71.6163
946 -33.0479 -71.6163
465 -33.0479 -71.6162
932 -33.0479 -71.6161
777 -33.0483 -71.6145
801 -33.0484 -71.6144
445 -33.0485 -71.6138
974 -33.0481 -71.6154
439 -33.0479 -71.6161
817 -33.048 -71.6158
336 -33.0481 -71.6155
58 -33.0478 -71.6165
894 -33.0478 -71.6167
638 -33.0478 -71.6166
651 -33.0478 -71.6165
342 -33.0477 -71.6167
920 -33.0477 -71.6169
719 -33.0477 -71.6168
779 -33.0477 -71.6168
372 -33.0476 -71.6133
630 -33.0476 -71.6133
661 -33.0476 -71.6133
594 -33.0476 -71.6132
725 -33.0476 -71.6133
114 -33.0476 -71.6133
584 -33.0476 -71.6133
877 -33.0475 -71.6134
231 -33.0472 -71.6183
807 -33.0473 -71.6182
178 -33.0473 -71.618
418 -33.0472 -71.6184
304 -33.0471 -71.6187
44 -33.0472 -71.6186
971 -33.0472 -71.6184
153 -33.0474 -71.6178
345 -33.0474 -71.6177
847 -33.0474 -71.6177
666 -33.0475 -71.6162
683 -33.0474 -71.6177
756 -33.0473 -71.6172
899 -33.0473 -71.6172
393 -33.0472 -71.6172
728 -33.0471 -71.6187
648 -33.047 -71.6189
538 -33.0471 -71.6189
128 -33.047 -71.6171
31 -33.047 -71.6192
960 -33.0466 -71.6194
851 -33.0469 -71.6193
515 -33.0469 -71.6193
119 -33.0466 -71.617
823 -33.0466 -71.617
148 -33.0469 -71.6161
385 -33.0467 -71.6161
758 -33.0465 -71.617
590 -33.0465 -71.617
248 -33.0465 -71.617
133 -33.0466 -71.6161
942 -33.0473 -71.6141
835 -33.0473 -71.6139
655 -33.0474 -71.6137
201 -33.0472 -71.6141
766 -33.0471 -71.6146
338 -33.0472 -71.6142
392 -33.0472 -71.6142
729 -33.0474 -71.6137
599 -33.0475 -71.6136
131 -33.0475 -71.6135
926 -33.0475 -71.6135
451 -33.0474 -71.6137
330 -33.0473 -71.6134
517 -33.0472 -71.6133
744 -33.0471 -71.6133
317 -33.0471 -71.615
96 -33.047 -71.6157
526 -33.047 -71.6148
588 -33.0466 -71.6147
312 -33.0464 -71.6147
75 -33.0461 -71.616
634 -33.046 -71.616
241 -33.0463 -71.6147
969 -33.047 -71.6133
898 -33.0469 -71.6133
739 -33.0468 -71.6133
902 -33.0467 -71.6133
915 -33.0466 -71.6132
996 -33.0463 -71.6132
749 -33.0463 -71.6132
578 -33.0518 -71.6131
19 -33.0532 -71.6121
790 -33.053 -71.6121
326 -33.053 -71.6121
420 -33.0528 -71.6121
414 -33.0527 -71.6121
576 -33.0526 -71.6121
43 -33.0526 -71.6121
772 -33.0534 -71.6114
922 -33.0538 -71.6113
83 -33.0539 -71.6111
873 -33.0538 -71.6111
354 -33.0538 -71.6112
810 -33.0534 -71.6114
132 -33.0535 -71.6114
592 -33.0536 -71.6113
521 -33.0526 -71.6121
127 -33.0518 -71.6131
747 -33.0525 -71.6121
917 -33.0521 -71.612
523 -33.0517 -71.612
507 -33.0517 -71.6131
910 -33.0515 -71.6131
242 -33.0513 -71.6131
298 -33.0514 -71.612
866 -33.0515 -71.6119
463 -33.0524 -71.6117
72 -33.0525 -71.6117
962 -33.0514 -71.6116
569 -33.0513 -71.6119
874 -33.0514 -71.6119
305 -33.0513 -71.6118
579 -33.0534 -71.611
368 -33.0532 -71.6109
970 -33.0536 -71.6107
98 -33.0536 -71.6106
467 -33.0529 -71.6107
619 -33.0527 -71.6105
259 -33.0527 -71.6104
237 -33.0526 -71.6102
967 -33.0525 -71.6102
154 -33.0525 -71.6102
384 -33.0523 -71.6098
591 -33.0523 -71.6098
563 -33.0523 -71.6097
209 -33.0522 -71.6096
636 -33.0522 -71.6096
366 -33.0521 -71.6095
751 -33.0521 -71.6095
472 -33.0515 -71.6096
422 -33.0515 -71.6096
773 -33.0515 -71.6096
555 -33.0514 -71.6097
662 -33.0512 -71.6099
219 -33.0513 -71.6098
944 -33.0514 -71.6097
35 -33.0515 -71.6096
307 -33.0521 -71.6095
627 -33.0521 -71.6095
52 -33.0521 -71.6094
402 -33.052 -71.6094
857 -33.0516 -71.6095
46 -33.0516 -71.6095
238 -33.0512 -71.6119
737 -33.0512 -71.6131
2 -33.0511 -71.6131
675 -33.0511 -71.6128
120 -33.0511 -71.6128
276 -33.0511 -71.613
958 -33.0511 -71.6129
390 -33.0511 -71.6129
811 -33.0511 -71.6128
505 -33.0511 -71.6122
26 -33.0511 -71.6122
192 -33.0511 -71.6122
782 -33.0511 -71.6127
642 -33.0511 -71.6127
556 -33.0511 -71.6127
51 -33.0511 -71.6127
187 -33.0511 -71.6131
480 -33.0506 -71.613
762 -33.0505 -71.613
14 -33.0504 -71.613
351 -33.0503 -71.613
97 -33.0502 -71.613
295 -33.0501 -71.613
284 -33.0499 -71.6117
882 -33.0499 -71.6117
733 -33.051 -71.6114
173 -33.0509 -71.6114
571 -33.0506 -71.6113
856 -33.05 -71.6114
349 -33.0499 -71.6116
669 -33.05 -71.6115
214 -33.0506 -71.6113
470 -33.0509 -71.6102
622 -33.0507 -71.6102
94 -33.0506 -71.6102
746 -33.0505 -71.6102
29 -33.0503 -71.6113
15 -33.0502 -71.6113
626 -33.0502 -71.6102
110 -33.0506 -71.6102
378 -33.0511 -71.61
954 -33.0511 -71.61
769 -33.0512 -71.6099
825 -33.051 -71.6101
923 -33.0502 -71.6102
32 -33.0502 -71.6101
674 -33.051 -71.6101
840 -33.0502 -71.6103
704 -33.05 -71.6111
671 -33.05 -71.611
398 -33.05 -71.611
741 -33.05 -71.6112
236 -33.05 -71.6113
832 -33.05 -71.6113
909 -33.0499 -71.6113
981 -33.0501 -71.6109
316 -33.0501 -71.6105
158 -33.0501 -71.6105
137 -33.0501 -71.6104
846 -33.0501 -71.6105
167 -33.0501 -71.6107
603 -33.0501 -71.6101
225 -33.0518 -71.6093
748 -33.0537 -71.6085
528 -33.0541 -71.6085
300 -33.0538 -71.6085
474 -33.0536 -71.6085
291 -33.0535 -71.6085
677 -33.0535 -71.6085
808 -33.0535 -71.6085
281 -33.0532 -71.6084
331 -33.0531 -71.6084
419 -33.0529 -71.6083
491 -33.053 -71.6083
63 -33.0529 -71.6083
280 -33.0529 -71.6083
925 -33.0528 -71.6083
886 -33.0528 -71.6083
159 -33.0528 -71.6083
469 -33.0521 -71.6086
112 -33.0527 -71.6082
606 -33.0527 -71.6082
679 -33.0521 -71.6086
452 -33.052 -71.6093
400 -33.052 -71.6089
513 -33.0521 -71.6088
525 -33.0526 -71.6082
876 -33.0526 -71.6082
903 -33.0525 -71.6082
672 -33.0523 -71.6081
303 -33.0522 -71.6081
977 -33.0522 -71.6081
362 -33.0522 -71.6081
454 -33.0521 -71.6081
581 -33.0523 -71.6081
311 -33.0523 -71.6081
332 -33.0522 -71.6078
558 -33.0522 -71.6077
934 -33.0522 -71.6077
499 -33.0522 -71.6077
79 -33.0522 -71.6076
196 -33.0522 -71.6076
40 -33.0522 -71.6076
768 -33.0531 -71.6066
441 -33.0539 -71.6047
147 -33.0529 -71.6047
870 -33.0528 -71.6047
506 -33.0522 -71.6075
129 -33.0522 -71.6075
461 -33.0522 -71.6074
527 -33.0522 -71.6073
510 -33.0521 -71.6076
335 -33.0521 -71.6073
929 -33.0521 -71.6072
657 -33.0521 -71.6072
11 -33.0521 -71.6076
296 -33.052 -71.6076
411 -33.0521 -71.6072
223 -33.0521 -71.6071
700 -33.0521 -71.6071
285 -33.0521 -71.607
473 -33.0521 -71.607
90 -33.0521 -71.6048
212 -33.052 -71.6069
705 -33.052 -71.6068
477 -33.052 -71.6068
175 -33.052 -71.6092
61 -33.0517 -71.609
12 -33.0517 -71.609
927 -33.0516 -71.6089
274 -33.0515 -71.6088
190 -33.0513 -71.6087
676 -33.0512 -71.6086
424 -33.0512 -71.6086
535 -33.0514 -71.6083
912 -33.0514 -71.6083
613 -33.0515 -71.6083
848 -33.0513 -71.6081
888 -33.0511 -71.6085
512 -33.0512 -71.6084
797 -33.0513 -71.6083
740 -33.051 -71.6086
282 -33.0509 -71.6085
7 -33.0509 -71.6085
833 -33.0508 -71.6085
984 -33.0504 -71.6089
261 -33.0504 -71.6092
843 -33.0504 -71.609
503 -33.0504 -71.609
478 -33.0507 -71.6085
937 -33.0506 -71.6085
723 -33.0506 -71.6085
49 -33.0504 -71.6085
715 -33.0503 -71.6085
256 -33.05 -71.6084
601 -33.0499 -71.6084
438 -33.0513 -71.6075
858 -33.0519 -71.6067
168 -33.0519 -71.6066
645 -33.0519 -71.6066
551 -33.0519 -71.6065
918 -33.0517 -71.6061
980 -33.0517 -71.6061
878 -33.0516 -71.606
489 -33.0516 -71.606
540 -33.0515 -71.6057
221 -33.0517 -71.6051
924 -33.0517 -71.6047
156 -33.0515 -71.6057
458 -33.0514 -71.6059
664 -33.0514 -71.6059
73 -33.0514 -71.6055
557 -33.0513 -71.6053
138 -33.051 -71.6074
593 -33.0512 -71.6059
421 -33.0511 -71.6058
228 -33.0505 -71.6073
753 -33.0505 -71.6073
62 -33.0503 -71.6073
350 -33.0503 -71.6073
227 -33.051 -71.6058
532 -33.0509 -71.6058
381 -33.0509 -71.6058
78 -33.0511 -71.6057
706 -33.0509 -71.6051
502 -33.0499 -71.6055
169 -33.0499 -71.6046
404 -33.0499 -71.6113
197 -33.0499 -71.6129
405 -33.0499 -71.6129
105 -33.0499 -71.6129
907 -33.0499 -71.6129
916 -33.0497 -71.6129
577 -33.0495 -71.6129
252 -33.0495 -71.6129
387 -33.0495 -71.6129
23 -33.0494 -71.6129
257 -33.0497 -71.6129
375 -33.0498 -71.6122
745 -33.0494 -71.6129
446 -33.0493 -71.6129
272 -33.0493 -71.6129
423 -33.0491 -71.6129
403 -33.0491 -71.6129
160 -33.049 -71.6129
310 -33.0491 -71.6129
998 -33.049 -71.6129
649 -33.0489 -71.6129
67 -33.0487 -71.613
143 -33.0489 -71.6129
386 -33.0488 -71.6129
986 -33.0486 -71.6129
309 -33.0484 -71.6129
267 -33.0488 -71.6126
731 -33.0489 -71.6124
171 -33.0483 -71.6129
759 -33.0482 -71.6129
151 -33.0483 -71.6128
102 -33.0482 -71.6128
229 -33.0499 -71.612
321 -33.0499 -71.612
145 -33.0499 -71.6118
182 -33.0499 -71.6113
199 -33.0499 -71.612
319 -33.0499 -71.612
789 -33.0495 -71.6112
294 -33.0495 -71.6112
736 -33.0495 -71.6112
22 -33.0498 -71.61
681 -33.0498 -71.61
575 -33.0498 -71.61
653 -33.0495 -71.6099
357 -33.0493 -71.6112
990 -33.0495 -71.6099
885 -33.0493 -71.6099
997 -33.0491 -71.6112
230 -33.049 -71.6112
347 -33.0489 -71.6112
670 -33.0488 -71.6112
742 -33.0487 -71.6112
245 -33.0481 -71.6115
776 -33.0482 -71.6113
371 -33.0486 -71.6112
813 -33.0484 -71.6111
861 -33.0491 -71.6099
845 -33.049 -71.6099
243 -33.0489 -71.6099
16 -33.0489 -71.6099
905 -33.0483 -71.6111
172 -33.0489 -71.6099
691 -33.0481 -71.6116
108 -33.0481 -71.6128
711 -33.0481 -71.6128
611 -33.0481 -71.6128
202 -33.0479 -71.6128
837 -33.0477 -71.613
334 -33.0477 -71.6129
615 -33.0479 -71.6128
208 -33.048 -71.6128
200 -33.048 -71.6128
616 -33.0479 -71.6123
567 -33.0479 -71.6122
781 -33.0479 -71.6124
104 -33.0477 -71.6128
965 -33.0478 -71.6125
552 -33.0478 -71.6125
70 -33.0477 -71.6127
490 -33.0476 -71.6127
37 -33.0475 -71.6127
135 -33.0475 -71.6127
87 -33.0474 -71.6127
45 -33.0473 -71.6127
265 -33.0472 -71.6127
585 -33.047 -71.6127
100 -33.0465 -71.6125
621 -33.0461 -71.6124
186 -33.0458 -71.6123
659 -33.0458 -71.6123
964 -33.0454 -71.6122
24 -33.0453 -71.6122
494 -33.045 -71.6121
359 -33.048 -71.612
247 -33.0481 -71.6116
806 -33.0481 -71.6116
397 -33.0481 -71.6111
410 -33.0481 -71.6118
720 -33.0479 -71.6111
875 -33.0477 -71.611
264 -33.0476 -71.611
667 -33.0474 -71.611
289 -33.0473 -71.611
275 -33.0462 -71.6108
449 -33.0462 -71.6108
28 -33.0461 -71.6098
39 -33.0458 -71.6098
995 -33.0459 -71.6098
47 -33.046 -71.6098
344 -33.0456 -71.6098
33 -33.0451 -71.6107
695 -33.0447 -71.6105
663 -33.0454 -71.6098
353 -33.0447 -71.6108
985 -33.0447 -71.6107
54 -33.0446 -71.6105
4 -33.0447 -71.6099
865 -33.0448 -71.6098
928 -33.0454 -71.6098
824 -33.0453 -71.6098
459 -33.0453 -71.6098
3 -33.0451 -71.6098
288 -33.0448 -71.6098
798 -33.0448 -71.6098
650 -33.0463 -71.6098
468 -33.0496 -71.6093
952 -33.0496 -71.6092
183 -33.0497 -71.6091
126 -33.0496 -71.6093
757 -33.0495 -71.6097
211 -33.0494 -71.6091
324 -33.0492 -71.6091
785 -33.0491 -71.6091
224 -33.0499 -71.6084
595 -33.0498 -71.6084
89 -33.0497 -71.6084
600 -33.0492 -71.6083
204 -33.0491 -71.6083
343 -33.0491 -71.6083
328 -33.0491 -71.6083
821 -33.049 -71.6091
836 -33.049 -71.6083
863 -33.049 -71.6083
136 -33.0489 -71.6083
406 -33.0485 -71.6091
395 -33.0484 -71.6098
8 -33.0482 -71.6098
707 -33.0481 -71.6091
714 -33.0489 -71.6083
951 -33.0488 -71.6083
734 -33.0488 -71.6083
771 -33.0484 -71.6082
607 -33.0484 -71.6082
235 -33.0483 -71.6082
68 -33.0482 -71.6082
417 -33.0482 -71.6082
125 -33.0481 -71.6082
752 -33.0498 -71.6054
181 -33.0498 -71.6054
966 -33.0498 -71.6054
690 -33.0494 -71.6071
471 -33.0489 -71.607
369 -33.0488 -71.6069
957 -33.0489 -71.6065
815 -33.0495 -71.6053
620 -33.0499 -71.6045
293 -33.0494 -71.604
99 -33.0493 -71.6038
673 -33.0493 -71.6052
770 -33.0493 -71.6052
382 -33.0493 -71.6052
788 -33.0491 -71.6051
624 -33.0488 -71.6066
460 -33.0488 -71.6069
56 -33.0488 -71.6069
325 -33.0486 -71.6066
498 -33.0483 -71.6082
233 -33.0482 -71.6079
437 -33.0481 -71.6079
103 -33.0481 -71.6066
365 -33.0488 -71.6066
244 -33.0487 -71.6045
564 -33.0484 -71.6039
358 -33.0483 -71.6038
122 -33.0483 -71.6037
1 -33.0482 -71.6039
65 -33.0483 -71.6038
287 -33.048 -71.6066
82 -33.048 -71.6082
306 -33.048 -71.6082
738 -33.048 -71.6082
71 -33.048 -71.6082
215 -33.0479 -71.6098
193 -33.0474 -71.6098
623 -33.0474 -71.609
544 -33.0475 -71.6082
185 -33.048 -71.6077
91 -33.0476 -71.6075
534 -33.0475 -71.6075
562 -33.0473 -71.6082
625 -33.0473 -71.6082
867 -33.0469 -71.6081
566 -33.0465 -71.6081
121 -33.0463 -71.6098
429 -33.0463 -71.6081
270 -33.0462 -71.6081
161 -33.0462 -71.6081
814 -33.0451 -71.6098
702 -33.0451 -71.6098
486 -33.0449 -71.6098
249 -33.045 -71.6098
914 -33.046 -71.6081
617 -33.0459 -71.608
717 -33.0456 -71.608
59 -33.0452 -71.608
380 -33.0451 -71.608
618 -33.045 -71.608
162 -33.0443 -71.6078
658 -33.0475 -71.6075
232 -33.0475 -71.6068
975 -33.0477 -71.6067
993 -33.048 -71.6067
339 -33.0475 -71.6068
203 -33.0474 -71.6073
791 -33.0474 -71.6069
839 -33.0474 -71.6068
896 -33.0473 -71.6042
913 -33.0478 -71.604
628 -33.0479 -71.604
388 -33.048 -71.6039
30 -33.0477 -71.6037
826 -33.0475 -71.6041
800 -33.0473 -71.6039
492 -33.0476 -71.6037
536 -33.0473 -71.6065
194 -33.0468 -71.6069
508 -33.0469 -71.6069
906 -33.0469 -71.6069
21 -33.0468 -71.6069
188 -33.0456 -71.6075
568 -33.0456 -71.6074
346 -33.0456 -71.607
989 -33.0469 -71.6069
308 -33.047 -71.6069
895 -33.047 -71.6069
149 -33.0471 -71.6068
514 -33.047 -71.604
559 -33.0455 -71.6064
533 -33.0439 -71.6056
