940 -33.0515 -71.6261
935 -33.0513 -71.6253
327 -33.0513 -71.6253
497 -33.0512 -71.6258
142 -33.0512 -71.6259
176 -33.051 -71.6259
38 -33.0511 -71.6254
266 -33.0518 -71.6251
930 -33.0518 -71.6251
880 -33.0519 -71.6238
177 -33.0515 -71.6238
253 -33.0514 -71.6243
315 -33.0512 -71.6251
732 -33.0513 -71.6251
799 -33.0509 -71.6243
678 -33.0508 -71.6243
961 -33.0508 -71.6259
85 -33.0507 -71.6251
115 -33.0508 -71.6251
66 -33.0506 -71.6255
217 -33.05 -71.6259
716 -33.0504 -71.6244
550 -33.0499 -71.6243
694 -33.0501 -71.6242
440 -33.0505 -71.6238
890 -33.0505 -71.6237
703 -33.0506 -71.6236
226 -33.0504 -71.6242
647 -33.0502 -71.6242
796 -33.0502 -71.6242
5 -33.0503 -71.6242
500 -33.0508 -71.6234
210 -33.0517 -71.6223
377 -33.0517 -71.6222
373 -33.0515 -71.6211
487 -33.0512 -71.6231
260 -33.0511 -71.6232
179 -33.0511 -71.6222
425 -33.0506 -71.6212
838 -33.0506 -71.6207
542 -33.0515 -71.6204
301 -33.0514 -71.6203
680 -33.0512 -71.62
69 -33.051 -71.6202
76 -33.0506 -71.6206
761 -33.0506 -71.6206
587 -33.0506 -71.6201
775 -33.0506 -71.6214
637 -33.0504 -71.6222
956 -33.0505 -71.6216
713 -33.0506 -71.6214
283 -33.0503 -71.6231
901 -33.05 -71.6231
432 -33.05 -71.6223
302 -33.05 -71.6223
547 -33.0504 -71.6214
74 -33.0504 -71.621
341 -33.0505 -71.6206
216 -33.0505 -71.6201
355 -33.0503 -71.6205
973 -33.0502 -71.6209
456 -33.0501 -71.6201
479 -33.0499 -71.6252
883 -33.0496 -71.6252
34 -33.0496 -71.6252
109 -33.0498 -71.6251
633 -33.0493 -71.6253
101 -33.0492 -71.626
786 -33.049 -71.6253
829 -33.0492 -71.625
447 -33.0491 -71.6249
697 -33.0494 -71.6243
313 -33.0498 -71.6232
53 -33.0497 -71.6232
206 -33.0494 -71.6233
213 -33.0489 -71.6232
374 -33.0489 -71.6223
340 -33.0493 -71.6223
598 -33.0489 -71.626
493 -33.0487 -71.6245
979 -33.0486 -71.6242
589 -33.0486 -71.624
735 -33.0484 -71.6253
360 -33.0481 -71.6252
92 -33.0483 -71.6252
987 -33.0483 -71.6252
412 -33.0483 -71.6233
597 -33.0488 -71.6233
144 -33.0487 -71.6232
250 -33.0488 -71.6227
852 -33.0487 -71.6232
163 -33.0481 -71.6226
17 -33.0484 -71.6225
632 -33.0485 -71.6225
77 -33.0497 -71.6223
399 -33.0498 -71.6223
116 -33.0498 -71.6223
234 -33.0497 -71.622
166 -33.0497 -71.6216
448 -33.0493 -71.6223
401 -33.0492 -71.6217
804 -33.0493 -71.6209
86 -33.0495 -71.6209
656 -33.0495 -71.6203
760 -33.0499 -71.6202
539 -33.0496 -71.62
844 -33.0494 -71.6208
198 -33.0492 -71.6208
891 -33.049 -71.6208
434 -33.0489 -71.6204
687 -33.0488 -71.6218
780 -33.0487 -71.6222
262 -33.0487 -71.622
831 -33.0487 -71.6218
701 -33.0486 -71.6217
337 -33.0482 -71.6222
457 -33.0484 -71.6216
363 -33.0482 -71.6214
548 -33.0481 -71.6211
522 -33.0486 -71.621
323 -33.0485 -71.621
565 -33.0483 -71.6209
207 -33.0481 -71.621
709 -33.0481 -71.6211
721 -33.0481 -71.6203
812 -33.0481 -71.62
881 -33.0518 -71.6199
376 -33.0517 -71.6199
816 -33.0517 -71.6198
765 -33.0514 -71.6191
537 -33.051 -71.6193
413 -33.0514 -71.619
869 -33.0512 -71.6183
646 -33.051 -71.6182
560 -33.0516 -71.6178
774 -33.0516 -71.6178
475 -33.0518 -71.6169
936 -33.0516 -71.6172
931 -33.0515 -71.6173
356 -33.051 -71.6172
286 -33.0508 -71.6169
370 -33.0508 -71.6191
919 -33.0503 -71.62
428 -33.0505 -71.6193
963 -33.0503 -71.6183
189 -33.0503 -71.6183
379 -33.0502 -71.6193
524 -33.0499 -71.6192
134 -33.05 -71.6191
367 -33.0502 -71.6183
57 -33.0508 -71.6181
668 -33.0508 -71.6181
389 -33.05 -71.6171
582 -33.05 -71.6178
407 -33.0497 -71.6177
978 -33.0499 -71.6177
433 -33.0499 -71.6169
943 -33.051 -71.6167
945 -33.052 -71.616
118 -33.0519 -71.6156
991 -33.0517 -71.6156
578 -33.0517 -71.6154
842 -33.0515 -71.6165
792 -33.0514 -71.6158
299 -33.0514 -71.6157
507 -33.0518 -71.6154
976 -33.0518 -71.6148
872 -33.0518 -71.6148
782 -33.0517 -71.6147
482 -33.0517 -71.6148
242 -33.0514 -71.6149
2 -33.0516 -71.6149
737 -33.0516 -71.6148
910 -33.0512 -71.6151
640 -33.0512 -71.6166
268 -33.0512 -71.6163
20 -33.0511 -71.6163
818 -33.0509 -71.6163
18 -33.0502 -71.6166
426 -33.0509 -71.6164
608 -33.0503 -71.6159
464 -33.0504 -71.6158
879 -33.0501 -71.6156
297 -33.0511 -71.6156
950 -33.0507 -71.6151
60 -33.05 -71.6158
6 -33.0497 -71.6158
893 -33.0498 -71.6157
255 -33.0497 -71.6186
42 -33.0495 -71.6195
549 -33.0495 -71.6186
95 -33.0496 -71.6186
841 -33.0494 -71.6191
361 -33.0491 -71.6192
352 -33.0494 -71.6186
543 -33.0489 -71.6185
443 -33.0493 -71.6184
408 -33.0493 -71.6176
391 -33.049 -71.6174
689 -33.0495 -71.6171
41 -33.0489 -71.6174
921 -33.0488 -71.6174
107 -33.0488 -71.6173
955 -33.0489 -71.617
146 -33.0488 -71.6178
570 -33.0486 -71.6184
641 -33.0485 -71.6184
150 -33.0485 -71.6184
754 -33.0483 -71.6188
455 -33.0483 -71.6189
684 -33.0483 -71.6189
396 -33.0483 -71.6188
609 -33.0485 -71.6182
959 -33.0486 -71.6179
871 -33.0488 -71.6175
269 -33.0488 -71.6174
442 -33.0483 -71.6172
698 -33.0481 -71.6181
699 -33.0481 -71.6181
743 -33.0496 -71.617
554 -33.0496 -71.6166
887 -33.0496 -71.6166
450 -33.0494 -71.6166
822 -33.0494 -71.6166
415 -33.0491 -71.6165
257 -33.0491 -71.616
295 -33.0492 -71.6157
375 -33.0492 -71.6155
284 -33.0493 -71.6149
882 -33.0493 -71.6149
349 -33.0494 -71.6148
321 -33.0493 -71.6152
762 -33.0492 -71.6151
229 -33.0492 -71.6151
319 -33.0492 -71.6151
476 -33.049 -71.6167
123 -33.0486 -71.6166
726 -33.0486 -71.6165
251 -33.0489 -71.6164
602 -33.0485 -71.6167
184 -33.0484 -71.6169
141 -33.0485 -71.6168
682 -33.0484 -71.6163
693 -33.0483 -71.6163
520 -33.0483 -71.6163
279 -33.0485 -71.6163
252 -33.0482 -71.6152
290 -33.0481 -71.6154
731 -33.0481 -71.6155
745 -33.0481 -71.6153
577 -33.0481 -71.6149
849 -33.0475 -71.6258
409 -33.0478 -71.6252
25 -33.048 -71.6244
629 -33.0472 -71.6251
509 -33.0469 -71.6258
755 -33.047 -71.6249
722 -33.0469 -71.6247
484 -33.0475 -71.6243
710 -33.0478 -71.6243
854 -33.0479 -71.6235
859 -33.0479 -71.6234
999 -33.0477 -71.6235
152 -33.0469 -71.6242
36 -33.0474 -71.6236
868 -33.0474 -71.6235
583 -33.0469 -71.6259
911 -33.0468 -71.6258
9 -33.0466 -71.6257
55 -33.0466 -71.6254
939 -33.0466 -71.6257
764 -33.0463 -71.6257
485 -33.0461 -71.6255
80 -33.046 -71.6255
530 -33.0465 -71.6251
511 -33.0466 -71.6246
453 -33.0467 -71.6237
130 -33.0465 -71.6237
692 -33.0465 -71.6235
708 -33.0463 -71.6247
383 -33.046 -71.6242
900 -33.0465 -71.6236
586 -33.0478 -71.6234
111 -33.048 -71.6227
783 -33.048 -71.6217
481 -33.048 -71.6217
0 -33.0477 -71.6225
462 -33.0472 -71.6232
688 -33.0474 -71.6232
195 -33.0473 -71.6229
64 -33.0471 -71.6217
430 -33.0479 -71.6215
654 -33.048 -71.6212
518 -33.0473 -71.6212
27 -33.0472 -71.6216
665 -33.0472 -71.6214
278 -33.0471 -71.6214
431 -33.0472 -71.6213
93 -33.047 -71.6213
660 -33.0465 -71.6234
191 -33.0468 -71.6233
884 -33.0468 -71.6229
834 -33.0463 -71.6229
529 -33.0459 -71.6231
394 -33.046 -71.6231
631 -33.0461 -71.623
612 -33.0467 -71.6228
538 -33.0462 -71.6219
240 -33.0469 -71.6213
828 -33.0467 -71.6211
728 -33.0461 -71.6217
13 -33.0459 -71.6223
648 -33.0459 -71.622
897 -33.0459 -71.6233
718 -33.0457 -71.6258
516 -33.0455 -71.6258
696 -33.0453 -71.6255
802 -33.0453 -71.6253
277 -33.0452 -71.6257
938 -33.0452 -71.6253
139 -33.0451 -71.6253
222 -33.0457 -71.6252
322 -33.0453 -71.6251
605 -33.0457 -71.6242
889 -33.0457 -71.6239
820 -33.0453 -71.6249
205 -33.0452 -71.625
635 -33.0449 -71.6242
639 -33.0451 -71.6238
972 -33.0448 -71.6243
220 -33.0442 -71.6257
784 -33.0442 -71.6256
988 -33.044 -71.6255
827 -33.044 -71.6248
982 -33.0439 -71.6257
88 -33.0436 -71.6255
643 -33.0434 -71.6253
644 -33.0434 -71.6248
933 -33.0445 -71.624
348 -33.0446 -71.6239
113 -33.0448 -71.6236
793 -33.0442 -71.6245
427 -33.0439 -71.6248
724 -33.0436 -71.6246
983 -33.0458 -71.6236
318 -33.0459 -71.6234
263 -33.0459 -71.6233
519 -33.0454 -71.6227
314 -33.0452 -71.6229
862 -33.0451 -71.6233
435 -33.0451 -71.6232
855 -33.0451 -71.6227
904 -33.0456 -71.6224
572 -33.0457 -71.6222
31 -33.0459 -71.6222
574 -33.0458 -71.6215
850 -33.0455 -71.6209
84 -33.0451 -71.6219
778 -33.0451 -71.6218
174 -33.0453 -71.6214
941 -33.0449 -71.6225
794 -33.0444 -71.6233
170 -33.0447 -71.6227
573 -33.0448 -71.6225
48 -33.0441 -71.6222
968 -33.0436 -71.6231
553 -33.044 -71.6223
157 -33.044 -71.6223
81 -33.0442 -71.6222
10 -33.0447 -71.6215
333 -33.0443 -71.6213
712 -33.0448 -71.6209
604 -33.0442 -71.6215
610 -33.0434 -71.6222
763 -33.0438 -71.621
614 -33.0464 -71.6209
864 -33.0475 -71.6204
180 -33.0475 -71.6203
767 -33.048 -71.6201
258 -33.0475 -71.6204
329 -33.0473 -71.6207
787 -33.0475 -71.6205
495 -33.0471 -71.6202
164 -33.0476 -71.6201
992 -33.048 -71.62
246 -33.0478 -71.6187
730 -33.0478 -71.6187
803 -33.0478 -71.6188
254 -33.0477 -71.62
750 -33.0477 -71.6198
292 -33.0476 -71.6198
439 -33.047 -71.6191
444 -33.0465 -71.6205
685 -33.0466 -71.6202
779 -33.0467 -71.6199
683 -33.0465 -71.6208
727 -33.0465 -71.6208
231 -33.046 -71.6207
345 -33.0462 -71.6203
860 -33.0468 -71.6197
651 -33.0468 -71.6197
465 -33.0466 -71.6186
817 -33.0468 -71.6183
932 -33.0466 -71.6182
920 -33.0465 -71.6194
947 -33.0464 -71.6193
805 -33.0464 -71.6182
342 -33.046 -71.618
809 -33.0477 -71.618
953 -33.0479 -71.6174
580 -33.0478 -71.6162
445 -33.0477 -71.6169
488 -33.0476 -71.6173
777 -33.0473 -71.6172
819 -33.047 -71.6161
271 -33.0479 -71.6161
67 -33.0479 -71.6161
649 -33.048 -71.6159
267 -33.0479 -71.6155
160 -33.0475 -71.6148
965 -33.047 -71.6156
309 -33.0471 -71.6152
998 -33.0475 -71.6148
594 -33.047 -71.6163
466 -33.0467 -71.6177
336 -33.0468 -71.6176
801 -33.0467 -71.6161
131 -33.0465 -71.616
974 -33.0464 -71.617
117 -33.0461 -71.6163
546 -33.046 -71.616
729 -33.0461 -71.6156
114 -33.0461 -71.6153
908 -33.0461 -71.6152
334 -33.0461 -71.6147
599 -33.0461 -71.6155
451 -33.0461 -71.6155
926 -33.0461 -71.6154
496 -33.046 -71.6207
418 -33.046 -71.6207
178 -33.046 -71.6202
807 -33.0458 -71.6201
830 -33.0457 -71.6201
106 -33.0455 -71.6208
273 -33.045 -71.6204
971 -33.0457 -71.6201
851 -33.0449 -71.6199
153 -33.0459 -71.6197
847 -33.0457 -71.6191
320 -33.046 -71.6181
504 -33.0452 -71.619
515 -33.0449 -71.6198
44 -33.0452 -71.6193
304 -33.0448 -71.6189
248 -33.0447 -71.6184
218 -33.0447 -71.62
949 -33.044 -71.62
541 -33.0444 -71.6198
416 -33.044 -71.6201
155 -33.0439 -71.6209
140 -33.044 -71.6201
853 -33.044 -71.6201
436 -33.0444 -71.6198
165 -33.0442 -71.6198
364 -33.0441 -71.6188
652 -33.0442 -71.6188
50 -33.0441 -71.6198
239 -33.044 -71.6198
960 -33.0439 -71.6188
758 -33.0442 -71.6174
596 -33.0455 -71.6173
58 -33.0455 -71.6169
545 -33.0455 -71.6162
795 -33.0454 -71.6174
894 -33.0454 -71.6169
638 -33.0454 -71.6169
719 -33.0452 -71.6169
892 -33.0455 -71.616
946 -33.0455 -71.6155
942 -33.0455 -71.6153
655 -33.0455 -71.6149
317 -33.0452 -71.616
766 -33.045 -71.6153
148 -33.0448 -71.6152
338 -33.045 -71.6148
588 -33.0448 -71.6156
393 -33.0447 -71.6173
899 -33.0448 -71.6172
756 -33.0447 -71.6172
119 -33.0442 -71.6173
590 -33.0442 -71.6174
823 -33.0442 -71.6174
128 -33.0442 -71.6169
634 -33.0437 -71.6164
385 -33.0442 -71.6162
666 -33.0448 -71.616
96 -33.0445 -71.6159
133 -33.0442 -71.6164
75 -33.0437 -71.6163
241 -33.0438 -71.6147
312 -33.0438 -71.6147
298 -33.0517 -71.6139
874 -33.0516 -71.6139
866 -33.0517 -71.6138
192 -33.0512 -71.6141
483 -33.0509 -71.6145
561 -33.0511 -71.6142
505 -33.0511 -71.6142
414 -33.0512 -71.6132
948 -33.0519 -71.6132
463 -33.0516 -71.6131
747 -33.0514 -71.6131
72 -33.0514 -71.6132
420 -33.0509 -71.6131
810 -33.0511 -71.6125
922 -33.0512 -71.612
556 -33.0508 -71.614
531 -33.0507 -71.6145
811 -33.0506 -71.6142
675 -33.0507 -71.6141
120 -33.0506 -71.6142
276 -33.0505 -71.6145
124 -33.0506 -71.6143
390 -33.0506 -71.6142
501 -33.0508 -71.614
994 -33.0508 -71.6131
576 -33.0508 -71.6131
132 -33.0508 -71.6119
521 -33.0508 -71.6131
626 -33.0502 -71.613
316 -33.0504 -71.613
32 -33.0501 -71.613
772 -33.0507 -71.6119
970 -33.0517 -71.6119
98 -33.0518 -71.6119
19 -33.0515 -71.6113
873 -33.0514 -71.6119
592 -33.0509 -71.6119
83 -33.0513 -71.6119
790 -33.0512 -71.6113
326 -33.0512 -71.6113
579 -33.0516 -71.6098
677 -33.0516 -71.6097
291 -33.0517 -71.6096
368 -33.0515 -71.61
954 -33.0508 -71.6113
769 -33.0508 -71.6113
925 -33.051 -71.6101
525 -33.0508 -71.6102
43 -33.0507 -71.6113
917 -33.0503 -71.6113
219 -33.0506 -71.6113
857 -33.0502 -71.6113
937 -33.0499 -71.6116
523 -33.05 -71.6114
225 -33.05 -71.6112
402 -33.05 -71.6107
52 -33.0502 -71.6107
400 -33.0502 -71.6107
636 -33.0503 -71.6098
307 -33.0502 -71.6106
591 -33.0501 -71.6101
469 -33.05 -71.6101
46 -33.0499 -71.6116
158 -33.0496 -71.6137
127 -33.0496 -71.6137
238 -33.0496 -71.6134
704 -33.0494 -71.6143
669 -33.0492 -71.6145
671 -33.0492 -71.6139
958 -33.0492 -71.6138
923 -33.0497 -71.6133
746 -33.0498 -71.6129
470 -33.0498 -71.6126
378 -33.0498 -71.6122
26 -33.0498 -71.6123
686 -33.0494 -71.6129
137 -33.0491 -71.6129
622 -33.0497 -71.6128
856 -33.049 -71.6137
480 -33.0489 -71.6144
199 -33.0488 -71.6144
642 -33.0487 -71.613
51 -33.0487 -71.6129
97 -33.0484 -71.6143
294 -33.0477 -71.6129
398 -33.0485 -71.6129
187 -33.0483 -71.6129
404 -33.0482 -71.6128
182 -33.0483 -71.6128
840 -33.0489 -71.6125
741 -33.0479 -71.6123
351 -33.0478 -71.6126
832 -33.0479 -71.6123
662 -33.0498 -71.6121
472 -33.0499 -71.6117
422 -33.0499 -71.6117
555 -33.0495 -71.6112
569 -33.0495 -71.6112
110 -33.049 -71.6119
94 -33.0491 -71.6118
825 -33.0491 -71.6114
944 -33.0495 -71.6112
305 -33.0492 -71.6112
35 -33.0494 -71.6105
513 -33.0499 -71.61
740 -33.0491 -71.6099
962 -33.0489 -71.6112
773 -33.049 -71.6099
282 -33.049 -71.6099
733 -33.0488 -71.6121
571 -33.0481 -71.6116
846 -33.0481 -71.6115
173 -33.0482 -71.6111
15 -33.0481 -71.612
907 -33.048 -71.612
29 -33.048 -71.6119
981 -33.048 -71.6117
214 -33.0478 -71.6111
261 -33.0484 -71.6103
674 -33.0485 -71.6101
984 -33.0485 -71.61
145 -33.0484 -71.6104
167 -33.0479 -71.6109
843 -33.0482 -71.6098
354 -33.0518 -71.6093
474 -33.0512 -71.6087
528 -33.0515 -71.6083
467 -33.0513 -71.6083
808 -33.0512 -71.6088
619 -33.0511 -71.6092
154 -33.0507 -71.6092
281 -33.0511 -71.6092
768 -33.0514 -71.6078
967 -33.0514 -71.6076
300 -33.0514 -71.6075
751 -33.0515 -71.6067
748 -33.0514 -71.6076
237 -33.0514 -71.6077
63 -33.0507 -71.6076
606 -33.0508 -71.6066
886 -33.0507 -71.6077
259 -33.0505 -71.6085
331 -33.0505 -71.6085
419 -33.0505 -71.6084
196 -33.0502 -71.6092
209 -33.0498 -71.6085
384 -33.05 -71.6084
672 -33.0498 -71.6083
452 -33.0499 -71.608
563 -33.0506 -71.6078
112 -33.0506 -71.6078
491 -33.0506 -71.6073
876 -33.0502 -71.6072
927 -33.0501 -71.6072
848 -33.0499 -71.6065
221 -33.05 -71.6065
797 -33.0503 -71.6063
175 -33.0517 -71.6061
280 -33.0515 -71.6057
441 -33.0519 -71.6056
903 -33.0513 -71.6054
159 -33.0512 -71.6063
147 -33.051 -71.606
679 -33.0511 -71.6058
311 -33.0512 -71.6052
581 -33.0512 -71.6052
303 -33.0512 -71.6051
332 -33.0517 -71.605
551 -33.0509 -71.604
870 -33.0507 -71.6047
473 -33.0507 -71.6046
858 -33.0508 -71.6042
40 -33.0507 -71.605
129 -33.0504 -71.6061
499 -33.0504 -71.6056
79 -33.0505 -71.6056
558 -33.0503 -71.6062
506 -33.0503 -71.6056
929 -33.0501 -71.6055
411 -33.05 -71.6055
461 -33.0506 -71.605
223 -33.0503 -71.6049
527 -33.0507 -71.6049
557 -33.0502 -71.6037
73 -33.0501 -71.6039
489 -33.0498 -71.6041
156 -33.05 -71.6039
627 -33.0498 -71.6086
366 -33.0497 -71.6084
977 -33.0496 -71.6084
362 -33.0495 -71.6084
454 -33.0495 -71.6084
613 -33.0492 -71.6091
535 -33.0491 -71.6091
274 -33.0491 -71.6091
61 -33.0491 -71.6083
934 -33.0496 -71.6071
512 -33.0495 -71.6071
285 -33.0495 -71.6065
11 -33.0494 -71.6071
12 -33.049 -71.6083
510 -33.0493 -71.6071
296 -33.0493 -71.607
190 -33.0489 -71.6091
888 -33.0486 -71.6086
424 -33.0487 -71.6085
912 -33.0487 -71.6083
723 -33.0482 -71.6091
503 -33.0477 -71.6091
478 -33.048 -71.6082
833 -33.048 -71.6082
676 -33.0486 -71.6081
7 -33.0485 -71.6077
438 -33.0488 -71.6067
138 -33.0486 -71.6066
350 -33.0479 -71.6067
49 -33.0479 -71.6076
62 -33.0479 -71.6067
700 -33.0494 -71.6065
335 -33.0497 -71.6064
212 -33.0498 -71.6055
705 -33.0497 -71.6054
657 -33.0496 -71.6065
477 -33.0492 -71.6065
78 -33.0489 -71.6059
228 -33.0489 -71.6057
645 -33.0495 -71.6054
90 -33.0498 -71.6045
980 -33.0497 -71.6043
924 -33.0497 -71.6042
168 -33.0495 -71.6054
918 -33.0491 -71.6052
878 -33.049 -71.6051
540 -33.0493 -71.6039
458 -33.0489 -71.6049
664 -33.0488 -71.6055
593 -33.0487 -71.6046
421 -33.0487 -71.6045
381 -33.0486 -71.6043
753 -33.0482 -71.6064
365 -33.0477 -71.6057
227 -33.0485 -71.6048
532 -33.0485 -71.6043
181 -33.0479 -71.6042
706 -33.0488 -71.6037
502 -33.048 -71.6036
169 -33.0479 -71.6041
620 -33.0477 -71.6041
752 -33.0477 -71.604
14 -33.0477 -71.613
197 -33.0475 -71.6135
371 -33.0472 -71.6135
105 -33.0474 -71.6134
23 -33.0472 -71.6137
143 -33.0471 -71.6147
776 -33.0472 -71.6139
446 -33.0472 -71.6137
405 -33.0474 -71.6134
997 -33.0473 -71.6127
916 -33.0473 -71.6123
230 -33.0473 -71.6123
813 -33.047 -71.6133
272 -33.0469 -71.6134
310 -33.0466 -71.6132
387 -33.0468 -71.6126
806 -33.0465 -71.6133
410 -33.0462 -71.6135
986 -33.0462 -71.6135
386 -33.0464 -71.6134
567 -33.0461 -71.6138
661 -33.0457 -71.6146
552 -33.0461 -71.6141
759 -33.0458 -71.6131
616 -33.0458 -71.613
423 -33.0464 -71.6125
245 -33.0461 -71.6124
247 -33.0461 -71.6124
691 -33.0461 -71.6124
781 -33.0457 -71.613
359 -33.0458 -71.6123
711 -33.0456 -71.6119
397 -33.0462 -71.6119
403 -33.0473 -71.6116
236 -33.0472 -71.611
909 -33.0471 -71.611
357 -33.0471 -71.6118
736 -33.0467 -71.6109
611 -33.0468 -71.6109
789 -33.0469 -71.6108
757 -33.0474 -71.6104
468 -33.0474 -71.61
952 -33.0474 -71.6099
681 -33.047 -71.6098
575 -33.047 -71.6098
885 -33.0467 -71.61
653 -33.0467 -71.6098
990 -33.0467 -71.6098
102 -33.0464 -71.6117
171 -33.0462 -71.6117
742 -33.0462 -71.6111
347 -33.0462 -71.6107
670 -33.046 -71.6108
200 -33.0456 -71.6119
264 -33.0456 -71.6118
720 -33.0456 -71.6113
215 -33.0456 -71.6104
16 -33.0462 -71.6098
861 -33.0463 -71.6098
845 -33.0462 -71.6098
243 -33.0462 -71.6098
8 -33.0456 -71.6101
172 -33.0461 -71.6098
151 -33.0456 -71.6122
372 -33.0456 -71.6146
835 -33.0451 -71.6145
202 -33.0456 -71.6133
517 -33.0451 -71.6137
392 -33.0448 -71.6145
201 -33.0449 -71.6145
898 -33.0448 -71.6137
208 -33.0456 -71.613
615 -33.0454 -71.613
104 -33.0453 -71.613
837 -33.0452 -71.6129
630 -33.0449 -71.6129
877 -33.0448 -71.613
725 -33.0448 -71.6129
584 -33.0448 -71.6129
330 -33.0448 -71.6132
526 -33.0443 -71.6145
739 -33.0448 -71.6138
749 -33.044 -71.6135
996 -33.044 -71.6135
985 -33.0438 -71.6138
964 -33.0438 -71.6138
186 -33.0439 -71.6134
902 -33.0442 -71.6132
969 -33.0443 -71.6129
744 -33.0443 -71.6129
824 -33.0443 -71.6123
798 -33.0441 -71.6129
915 -33.0441 -71.6131
100 -33.044 -71.6125
37 -33.0451 -71.6123
490 -33.0451 -71.6122
108 -33.0454 -71.6122
70 -33.045 -71.6119
135 -33.0448 -71.612
45 -33.0448 -71.6122
87 -33.0448 -71.6121
265 -33.0448 -71.6117
650 -33.0447 -71.6112
289 -33.045 -71.6112
905 -33.0456 -71.6108
395 -33.0456 -71.6098
667 -33.045 -71.611
875 -33.045 -71.6108
121 -33.0446 -71.6102
193 -33.0447 -71.61
28 -33.0446 -71.61
585 -33.0443 -71.612
621 -33.0442 -71.6114
659 -33.0443 -71.6111
4 -33.0442 -71.6114
814 -33.0441 -71.612
486 -33.0442 -71.6119
288 -33.0441 -71.611
24 -33.044 -71.6108
275 -33.0443 -71.61
449 -33.0443 -71.61
47 -33.0443 -71.61
995 -33.0442 -71.61
249 -33.0439 -71.6107
39 -33.0441 -71.61
126 -33.0471 -71.6098
603 -33.0473 -71.6098
601 -33.0474 -71.6084
715 -33.0475 -71.6082
22 -33.0471 -71.6098
183 -33.047 -71.609
211 -33.0467 -71.609
324 -33.0464 -71.609
256 -33.0472 -71.6082
595 -33.0471 -71.6082
89 -33.0474 -71.6073
863 -33.0473 -71.6064
224 -33.0471 -71.6082
600 -33.0464 -71.6081
498 -33.0464 -71.607
690 -33.0469 -71.6069
785 -33.0464 -71.609
714 -33.0463 -71.6083
836 -33.0463 -71.6083
343 -33.0463 -71.6081
204 -33.0463 -71.6081
821 -33.0462 -71.609
406 -33.0458 -71.6089
328 -33.0463 -71.6081
734 -33.046 -71.6081
607 -33.0463 -71.6073
957 -33.0463 -71.6072
185 -33.0463 -71.6064
951 -33.0463 -71.6077
771 -33.0457 -71.608
136 -33.0463 -71.6079
437 -33.0463 -71.6066
369 -33.0475 -71.6059
471 -33.0472 -71.6058
460 -33.0472 -71.6056
233 -33.0474 -71.6055
624 -33.0471 -71.6053
56 -33.0471 -71.6057
325 -33.0471 -71.6049
91 -33.0468 -71.6049
99 -33.047 -71.6045
966 -33.0477 -71.6041
382 -33.0474 -71.6038
815 -33.0475 -71.6038
673 -33.0474 -71.6038
788 -33.047 -71.6043
293 -33.0471 -71.6043
770 -33.0472 -71.6042
287 -33.0468 -71.605
993 -33.0463 -71.6058
658 -33.0462 -71.6058
534 -33.0462 -71.6058
203 -33.0461 -71.6055
791 -33.0459 -71.6056
232 -33.0459 -71.6055
1 -33.046 -71.6055
65 -33.0457 -71.6049
508 -33.0459 -71.6044
536 -33.0463 -71.6042
244 -33.0467 -71.6036
564 -33.0458 -71.6048
906 -33.0457 -71.6048
122 -33.0458 -71.6045
358 -33.0457 -71.6049
82 -33.0456 -71.6085
125 -33.0456 -71.6084
417 -33.0456 -71.6083
235 -33.0456 -71.608
707 -33.0453 -71.6089
623 -33.0447 -71.6089
562 -33.0446 -71.608
68 -33.0455 -71.608
738 -33.0453 -71.608
71 -33.0456 -71.6076
306 -33.0456 -71.6076
867 -33.0448 -71.6071
544 -33.0447 -71.608
839 -33.0446 -71.6072
339 -33.0448 -71.6071
344 -33.0445 -71.6093
663 -33.0444 -71.6092
459 -33.0442 -71.6091
3 -33.0442 -71.609
702 -33.0441 -71.6089
928 -33.0441 -71.6094
494 -33.0441 -71.6093
33 -33.0441 -71.6088
865 -33.0442 -71.6084
566 -33.0443 -71.6081
695 -33.0439 -71.6078
149 -33.0443 -71.6073
353 -33.0439 -71.6078
533 -33.0438 -71.6074
54 -33.0438 -71.6074
103 -33.0456 -71.6068
625 -33.0456 -71.6067
975 -33.0455 -71.6064
308 -33.0454 -71.6055
826 -33.0453 -71.6055
989 -33.0451 -71.606
895 -33.0452 -71.606
161 -33.0453 -71.6054
913 -33.0451 -71.6051
617 -33.0452 -71.6051
628 -33.0453 -71.605
388 -33.0454 -71.605
717 -33.0451 -71.6048
492 -33.045 -71.6048
30 -33.0451 -71.6047
568 -33.045 -71.6043
188 -33.0448 -71.6049
21 -33.0443 -71.6067
270 -33.0446 -71.6064
194 -33.0445 -71.6063
429 -33.0443 -71.6067
914 -33.0442 -71.6064
162 -33.0435 -71.6063
380 -33.0439 -71.6056
59 -33.0439 -71.6056
896 -33.0447 -71.6053
800 -33.0446 -71.6049
559 -33.0445 -71.6037
346 -33.0444 -71.6049
618 -33.0439 -71.6052
514 -33.0444 -71.605
