940 -33.0543 -71.6243
176 -33.0543 -71.6242
550 -33.0543 -71.6241
66 -33.0543 -71.624
313 -33.0543 -71.6243
85 -33.0543 -71.6239
142 -33.0543 -71.6239
497 -33.0543 -71.6238
647 -33.0543 -71.6237
5 -33.0543 -71.6237
115 -33.0543 -71.6237
890 -33.0543 -71.6237
796 -33.0543 -71.6237
226 -33.0543 -71.6236
703 -33.0543 -71.6236
500 -33.0543 -71.6233
829 -33.0532 -71.6246
979 -33.0532 -71.6246
883 -33.0536 -71.6245
786 -33.0531 -71.6246
589 -33.053 -71.6246
598 -33.0528 -71.6246
25 -33.0526 -71.6245
109 -33.0538 -71.6245
961 -33.0542 -71.6244
38 -33.0543 -71.6235
315 -33.0543 -71.6234
53 -33.0541 -71.6242
217 -33.0539 -71.6244
697 -33.054 -71.6244
479 -33.054 -71.6244
327 -33.0543 -71.6232
177 -33.0546 -71.6224
880 -33.0548 -71.622
179 -33.0552 -71.6216
253 -33.0546 -71.6225
487 -33.0544 -71.6228
266 -33.0545 -71.6226
930 -33.0546 -71.6225
210 -33.0551 -71.621
377 -33.0551 -71.6209
668 -33.0549 -71.6182
57 -33.055 -71.6181
413 -33.0547 -71.6184
367 -33.0544 -71.6184
189 -33.0545 -71.6184
765 -33.0546 -71.6184
963 -33.0544 -71.6184
678 -33.0543 -71.6231
260 -33.0544 -71.623
549 -33.0534 -71.6187
376 -33.0533 -71.6188
881 -33.0532 -71.6188
816 -33.0531 -71.6188
134 -33.0531 -71.6187
255 -33.0535 -71.6185
407 -33.054 -71.6184
582 -33.0542 -71.6184
978 -33.0542 -71.6184
537 -33.0538 -71.6184
370 -33.0536 -71.6185
408 -33.0536 -71.6185
301 -33.0526 -71.6187
987 -33.0524 -71.6245
710 -33.0524 -71.6244
92 -33.0523 -71.6244
409 -33.0519 -71.6245
629 -33.0518 -71.6252
849 -33.0516 -71.6252
633 -33.0506 -71.6225
116 -33.0519 -71.6196
542 -33.0526 -71.6187
42 -33.0526 -71.6187
361 -33.0525 -71.6186
399 -33.0519 -71.6196
547 -33.0511 -71.6188
713 -33.0511 -71.6186
775 -33.0511 -71.6186
101 -33.0506 -71.6239
447 -33.0505 -71.6224
493 -33.0504 -71.6219
732 -33.0505 -71.6215
935 -33.0504 -71.622
34 -33.0504 -71.6222
716 -33.0501 -71.6205
694 -33.0501 -71.6204
799 -33.0499 -71.6203
901 -33.0498 -71.6202
283 -33.0497 -71.62
440 -33.0496 -71.6199
999 -33.0496 -71.6199
859 -33.0496 -71.6198
17 -33.0495 -71.6187
250 -33.0496 -71.6187
632 -33.0497 -71.6186
69 -33.0524 -71.6186
698 -33.0522 -71.6185
754 -33.0521 -71.6185
373 -33.0521 -71.6185
455 -33.052 -71.6185
587 -33.052 -71.6185
216 -33.0519 -71.6184
760 -33.0518 -71.6184
809 -33.0518 -71.6184
919 -33.0517 -71.6184
456 -33.0515 -71.6184
803 -33.0515 -71.6184
761 -33.0512 -71.6184
355 -33.0514 -71.6184
341 -33.0513 -71.6184
844 -33.0512 -71.6184
198 -33.0512 -71.6186
838 -33.0512 -71.6185
434 -33.0512 -71.6185
973 -33.0512 -71.6186
891 -33.051 -71.6186
262 -33.05 -71.6186
340 -33.05 -71.6185
448 -33.0501 -71.6184
166 -33.0504 -71.6184
767 -33.0508 -71.6181
466 -33.0507 -71.6181
323 -33.0504 -71.6183
831 -33.0501 -71.6184
687 -33.0501 -71.6183
475 -33.0558 -71.618
976 -33.0562 -71.616
872 -33.0562 -71.616
945 -33.0562 -71.616
560 -33.0556 -71.6172
646 -33.055 -71.6179
869 -33.0553 -71.6177
774 -33.0555 -71.6172
482 -33.056 -71.616
991 -33.056 -71.6159
118 -33.0562 -71.6159
948 -33.056 -71.6158
297 -33.0554 -71.6158
561 -33.0552 -71.6158
842 -33.055 -71.6158
483 -33.055 -71.6158
531 -33.0549 -71.6158
389 -33.0529 -71.6158
501 -33.0548 -71.6157
124 -33.0548 -71.6157
743 -33.0528 -71.6159
476 -33.0528 -71.6159
251 -33.0527 -71.6159
955 -33.0525 -71.6157
726 -33.0525 -71.6157
640 -33.0544 -71.6157
464 -33.0544 -71.6157
950 -33.0544 -71.6157
608 -33.0544 -71.6157
279 -33.0525 -71.6157
123 -33.0525 -71.6157
20 -33.0543 -71.6157
269 -33.0522 -71.6157
60 -33.0542 -71.6156
879 -33.0541 -71.6156
818 -33.0541 -71.6156
286 -33.0541 -71.6156
693 -33.0523 -71.6156
520 -33.0523 -71.6156
602 -33.0524 -71.6156
107 -33.0523 -71.6156
994 -33.055 -71.6152
686 -33.0538 -71.6144
127 -33.0535 -71.6142
18 -33.0532 -71.6155
450 -33.053 -71.6155
822 -33.053 -71.6155
762 -33.0524 -71.6135
356 -33.0519 -71.6134
146 -33.0518 -71.6156
442 -33.0518 -71.6156
931 -33.0519 -71.6132
580 -33.0518 -71.6156
271 -33.0517 -71.6156
150 -33.0514 -71.6156
641 -33.0513 -71.6156
943 -33.0518 -71.6131
936 -33.0518 -71.6131
105 -33.0518 -71.6131
405 -33.0518 -71.6131
907 -33.0517 -71.6131
446 -33.0512 -71.6131
415 -33.0511 -71.6129
272 -33.0511 -71.613
495 -33.0503 -71.6179
546 -33.0503 -71.6158
117 -33.0501 -71.6157
431 -33.0498 -71.6178
908 -33.0497 -71.6158
864 -33.0497 -71.6158
892 -33.0498 -71.6158
254 -33.0501 -71.6157
819 -33.051 -71.6156
488 -33.051 -71.6156
290 -33.051 -71.6156
730 -33.0505 -71.6157
292 -33.05 -71.6157
992 -33.0499 -71.6157
812 -33.0498 -71.6157
721 -33.0497 -71.6159
946 -33.0496 -71.6161
787 -33.0497 -71.616
545 -33.0497 -71.6159
684 -33.0496 -71.6137
246 -33.0495 -71.6141
841 -33.0495 -71.614
95 -33.0496 -71.6137
352 -33.0496 -71.6135
443 -33.0496 -71.6133
426 -33.0496 -71.6133
570 -33.0497 -71.6132
699 -33.0496 -71.6134
396 -33.0496 -71.6135
543 -33.0496 -71.6135
423 -33.051 -71.6131
403 -33.051 -71.6131
310 -33.051 -71.6131
160 -33.0509 -71.6131
998 -33.0509 -71.6131
649 -33.0508 -71.6131
143 -33.0508 -71.6131
386 -33.0507 -71.6131
145 -33.0507 -71.6131
141 -33.0506 -71.6131
986 -33.0505 -71.613
792 -33.0504 -71.613
309 -33.0503 -71.613
151 -33.0502 -71.613
171 -33.0502 -71.613
433 -33.0502 -71.613
759 -33.0501 -71.613
391 -33.05 -71.613
102 -33.0501 -71.613
108 -33.05 -71.613
611 -33.05 -71.613
953 -33.0497 -71.613
711 -33.05 -71.613
200 -33.0499 -71.6129
208 -33.0499 -71.6129
507 -33.0498 -71.6129
202 -33.0498 -71.6129
615 -33.0498 -71.6129
334 -33.0496 -71.6129
70 -33.0496 -71.6129
837 -33.0495 -71.6129
524 -33.0494 -71.6145
165 -33.0479 -71.6195
263 -33.0479 -71.6194
130 -33.048 -71.6194
453 -33.0479 -71.6195
983 -33.0478 -71.6197
239 -33.0479 -71.6196
318 -33.0479 -71.6195
213 -33.048 -71.6194
412 -33.0494 -71.6193
36 -33.0481 -71.6192
868 -33.0481 -71.6191
900 -33.0481 -71.6192
529 -33.048 -71.6193
897 -33.048 -71.6193
712 -33.048 -71.6193
10 -33.0478 -71.6197
605 -33.0475 -71.6204
155 -33.0475 -71.6203
639 -33.0475 -71.6203
383 -33.0475 -71.6206
80 -33.0474 -71.6227
485 -33.0474 -71.6227
764 -33.0474 -71.6225
113 -33.0476 -71.6202
206 -33.0478 -71.6198
416 -33.0477 -71.6198
949 -33.0478 -71.6198
573 -33.0477 -71.6199
333 -33.0476 -71.6201
170 -33.0476 -71.6201
889 -33.0477 -71.6199
394 -33.0481 -71.6191
597 -33.0494 -71.619
163 -33.0494 -71.6188
852 -33.0494 -71.6188
144 -33.0494 -71.6189
111 -33.0494 -71.6188
850 -33.0485 -71.6184
106 -33.0485 -71.6183
688 -33.0485 -71.6183
432 -33.0491 -71.6182
302 -33.0491 -71.6182
77 -33.049 -71.618
780 -33.0486 -71.6179
574 -33.0485 -71.6183
462 -33.0485 -71.6183
374 -33.0485 -71.6182
884 -33.0484 -71.6184
834 -33.0482 -71.619
904 -33.0483 -71.6189
174 -33.0483 -71.6189
631 -33.0482 -71.619
692 -33.0481 -71.6191
660 -33.0481 -71.6191
854 -33.0482 -71.619
364 -33.0483 -71.6189
13 -33.0484 -71.6187
572 -33.0484 -71.6186
612 -33.0484 -71.6185
273 -33.0483 -71.6188
586 -33.0483 -71.6188
191 -33.0483 -71.6188
541 -33.0474 -71.6179
509 -33.0474 -71.6225
583 -33.0474 -71.6224
911 -33.0474 -71.6223
484 -33.0474 -71.6223
222 -33.0469 -71.6228
718 -33.0471 -71.6228
360 -33.0471 -71.6228
939 -33.0474 -71.6222
9 -33.0474 -71.6221
55 -33.0473 -71.6218
755 -33.0473 -71.6218
511 -33.0472 -71.6213
722 -33.0472 -71.6216
152 -33.0472 -71.6215
530 -33.0472 -71.6215
516 -33.0468 -71.6228
277 -33.0465 -71.6229
802 -33.0465 -71.6229
322 -33.0466 -71.6229
938 -33.0465 -71.6229
205 -33.0464 -71.6229
820 -33.0464 -71.6229
139 -33.0464 -71.6229
735 -33.0466 -71.6229
696 -33.0467 -71.6229
982 -33.0458 -71.6221
88 -33.0461 -71.6217
988 -33.0458 -71.6221
220 -33.0456 -71.6224
784 -33.0456 -71.6223
643 -33.0462 -71.6213
708 -33.0473 -71.6211
794 -33.0473 -71.6202
763 -33.0473 -71.6202
941 -33.0472 -71.6184
157 -33.0471 -71.6202
140 -33.0471 -71.6186
853 -33.0472 -71.6185
862 -33.0472 -71.6184
855 -33.0473 -71.618
436 -33.0474 -71.6179
778 -33.0474 -71.6179
84 -33.0473 -71.618
435 -33.0472 -71.6183
50 -33.0473 -71.6182
314 -33.0473 -71.6181
604 -33.047 -71.6191
610 -33.0466 -71.6203
968 -33.0466 -71.6203
793 -33.0467 -71.6201
724 -33.0465 -71.6206
827 -33.0464 -71.6211
427 -33.0464 -71.621
644 -33.0464 -71.6209
972 -33.0467 -71.62
933 -33.0469 -71.6193
348 -33.0469 -71.6192
81 -33.0469 -71.6192
48 -33.0469 -71.6194
635 -33.0467 -71.62
553 -33.0468 -71.6195
195 -33.0486 -71.6179
727 -33.0491 -71.6176
614 -33.0491 -71.6176
64 -33.049 -71.6167
240 -33.049 -71.6167
430 -33.0489 -71.6169
425 -33.049 -71.6168
363 -33.049 -71.6168
93 -33.049 -71.6166
320 -33.0493 -71.6165
565 -33.0494 -71.6165
860 -33.0494 -71.6165
795 -33.0491 -71.6165
654 -33.049 -71.6166
27 -33.049 -71.6166
74 -33.049 -71.6165
783 -33.0489 -71.617
637 -33.0488 -71.6178
393 -33.0489 -71.6176
337 -33.0487 -71.6175
128 -33.0487 -71.6176
496 -33.0487 -71.6177
504 -33.0487 -71.6177
830 -33.0487 -71.6176
701 -33.0488 -71.6175
401 -33.0489 -71.617
481 -33.0489 -71.617
828 -33.0489 -71.617
457 -33.0488 -71.6172
680 -33.0488 -71.6174
234 -33.0488 -71.6174
956 -33.0488 -71.6172
278 -33.0491 -71.6164
180 -33.0493 -71.6152
428 -33.0493 -71.6151
539 -33.0493 -71.615
258 -33.0493 -71.6153
804 -33.0491 -71.6161
329 -33.0492 -71.6157
656 -33.0492 -71.6155
164 -33.0493 -71.615
750 -33.0494 -71.6148
379 -33.0494 -71.6147
801 -33.0493 -71.6129
87 -33.0493 -71.6129
661 -33.0492 -71.6129
725 -33.0492 -71.6129
372 -33.0492 -71.6129
86 -33.0491 -71.6161
207 -33.0491 -71.6164
522 -33.0491 -71.6164
665 -33.0491 -71.6163
709 -33.0491 -71.6164
148 -33.0488 -71.6164
548 -33.0491 -71.6164
76 -33.0491 -71.6164
518 -33.0491 -71.6162
877 -33.0491 -71.6129
265 -33.0491 -71.6129
599 -33.0489 -71.6129
585 -33.0489 -71.6129
655 -33.0489 -71.6129
517 -33.0487 -71.6129
0 -33.0487 -71.6177
304 -33.0482 -71.6175
756 -33.0486 -71.6164
385 -33.0486 -71.6164
75 -33.0479 -71.6163
971 -33.0479 -71.6162
119 -33.0479 -71.6162
823 -33.0479 -71.6162
231 -33.0479 -71.6162
345 -33.0481 -71.6156
133 -33.0481 -71.6156
847 -33.0481 -71.6155
683 -33.0481 -71.6156
807 -33.0479 -71.6161
178 -33.048 -71.6158
153 -33.048 -71.6157
418 -33.0479 -71.6163
851 -33.0476 -71.6172
515 -33.0476 -71.6172
31 -33.0477 -71.617
652 -33.0475 -71.6174
519 -33.0474 -71.6177
218 -33.0474 -71.6177
960 -33.0475 -71.6176
648 -33.0477 -71.6168
590 -33.0478 -71.6164
248 -33.0479 -71.6164
758 -33.0479 -71.6163
44 -33.0478 -71.6165
538 -33.0477 -71.6168
728 -33.0478 -71.6166
899 -33.0481 -71.6154
805 -33.0484 -71.6141
465 -33.0484 -71.614
932 -33.0485 -71.614
58 -33.0484 -71.6143
666 -33.0483 -71.6145
894 -33.0484 -71.6144
651 -33.0484 -71.6144
439 -33.0485 -71.6139
336 -33.0486 -71.6133
974 -33.0486 -71.6133
744 -33.0486 -71.6129
835 -33.0486 -71.6129
817 -33.0485 -71.6136
942 -33.0485 -71.6129
201 -33.0485 -71.6129
638 -33.0483 -71.6145
596 -33.0483 -71.6148
920 -33.0483 -71.6147
719 -33.0483 -71.6147
947 -33.0483 -71.6148
444 -33.0481 -71.6153
685 -33.0482 -71.615
634 -33.0471 -71.615
779 -33.0483 -71.6147
342 -33.0483 -71.6146
588 -33.0476 -71.6132
317 -33.0477 -71.6129
312 -33.0475 -71.6135
96 -33.0475 -71.6135
241 -33.0475 -71.6135
392 -33.0484 -71.6129
19 -33.0552 -71.6124
790 -33.0549 -71.6124
326 -33.0548 -71.6124
420 -33.0547 -71.6124
414 -33.0546 -71.6124
521 -33.0545 -71.6123
43 -33.0545 -71.6123
576 -33.0545 -71.6123
354 -33.0545 -71.6123
747 -33.0544 -71.6123
368 -33.0544 -71.6122
467 -33.0544 -71.612
579 -33.0542 -71.6122
619 -33.0542 -71.6117
237 -33.0541 -71.6115
917 -33.0541 -71.6123
523 -33.0536 -71.6122
298 -33.0533 -71.6122
238 -33.0531 -71.6121
305 -33.0529 -71.6121
962 -33.0526 -71.6121
26 -33.0528 -71.6116
505 -33.0528 -71.6116
192 -33.0528 -71.6116
154 -33.0541 -71.6115
967 -33.054 -71.6114
384 -33.0538 -71.6112
591 -33.0537 -71.6111
569 -33.0531 -71.6115
874 -33.0533 -71.6115
866 -33.0534 -71.6114
563 -33.0537 -71.6111
209 -33.0536 -71.6111
636 -33.0535 -71.6111
366 -33.0535 -71.611
307 -33.0534 -71.611
751 -33.0534 -71.611
627 -33.0534 -71.611
52 -33.0534 -71.611
402 -33.0533 -71.611
463 -33.0537 -71.6109
132 -33.0543 -71.6105
970 -33.0552 -71.6104
259 -33.0537 -71.6108
72 -33.0537 -71.6108
772 -33.0532 -71.6098
810 -33.0532 -71.6097
452 -33.0532 -71.6109
175 -33.0532 -71.6109
61 -33.0529 -71.6108
12 -33.0529 -71.6107
927 -33.0528 -71.6106
773 -33.0528 -71.6105
35 -33.0528 -71.6105
679 -33.0528 -71.6105
274 -33.0527 -71.6105
592 -33.0532 -71.6096
922 -33.0531 -71.6094
873 -33.0532 -71.609
83 -33.0531 -71.6091
190 -33.0526 -71.6102
676 -33.0526 -71.6102
424 -33.0526 -71.6102
51 -33.0524 -71.6121
642 -33.0523 -71.6121
958 -33.0522 -71.612
390 -33.0522 -71.6117
737 -33.052 -71.6118
187 -33.052 -71.6118
276 -33.0521 -71.6117
120 -33.0523 -71.6117
782 -33.0524 -71.6117
303 -33.0525 -71.6101
512 -33.0524 -71.61
674 -33.0524 -71.6099
556 -33.0523 -71.6117
675 -33.0523 -71.6117
811 -33.0523 -71.6117
2 -33.0519 -71.6118
733 -33.0519 -71.612
173 -33.0518 -71.612
480 -33.0516 -71.612
571 -33.0515 -71.612
214 -33.0514 -71.6119
14 -33.0513 -71.6119
351 -33.0513 -71.6119
29 -33.0512 -71.6119
910 -33.0516 -71.6118
242 -33.0518 -71.6118
789 -33.0514 -71.6114
909 -33.0514 -71.6117
97 -33.0512 -71.6119
578 -33.0513 -71.6119
797 -33.0524 -71.6099
7 -33.0523 -71.6098
848 -33.0523 -71.6098
506 -33.0522 -71.6097
40 -33.0522 -71.6096
603 -33.0518 -71.6093
49 -33.052 -71.6093
626 -33.0518 -71.6093
32 -33.0518 -71.6093
94 -33.052 -71.6089
622 -33.0521 -71.6088
645 -33.0521 -71.6087
110 -33.052 -71.6089
923 -33.0518 -71.6093
212 -33.052 -71.609
746 -33.052 -71.609
840 -33.0517 -71.6094
575 -33.0515 -71.6096
681 -33.0515 -71.6096
22 -33.0515 -71.6096
167 -33.0514 -71.6097
671 -33.0512 -71.6099
398 -33.0513 -71.6098
981 -33.0513 -71.6098
846 -33.0516 -71.6095
137 -33.0516 -71.6095
601 -33.0517 -71.609
224 -33.0517 -71.609
158 -33.0516 -71.6095
316 -33.0516 -71.6095
89 -33.0516 -71.6089
98 -33.0535 -71.6087
606 -33.0545 -71.6085
876 -33.0545 -71.6085
112 -33.0546 -71.6085
525 -33.0544 -71.6085
903 -33.0543 -71.6085
672 -33.0542 -71.6085
581 -33.0541 -71.6085
311 -33.0541 -71.6085
977 -33.054 -71.6085
159 -33.0547 -71.6085
886 -33.0547 -71.6085
362 -33.054 -71.6085
454 -33.054 -71.6085
332 -33.0539 -71.6085
499 -33.0538 -71.6085
934 -33.0538 -71.6085
11 -33.0536 -71.6085
129 -33.0536 -71.6085
469 -33.0537 -71.6085
510 -33.0536 -71.6085
296 -33.0535 -71.6085
513 -33.0535 -71.6085
461 -33.0535 -71.6085
527 -33.0535 -71.6085
79 -33.0538 -71.6085
558 -33.0538 -71.6085
335 -33.0534 -71.6085
929 -33.0534 -71.6085
400 -33.0534 -71.6085
411 -33.0534 -71.6085
657 -33.0533 -71.6084
280 -33.0547 -71.6084
331 -33.0549 -71.6083
281 -33.055 -71.6082
677 -33.0552 -71.6081
491 -33.0548 -71.6083
925 -33.0547 -71.6084
419 -33.0547 -71.6084
63 -33.0547 -71.6084
808 -33.0552 -71.6081
528 -33.0558 -71.6078
300 -33.0555 -71.6078
441 -33.0558 -71.6043
748 -33.0554 -71.6079
291 -33.0553 -71.608
474 -33.0554 -71.608
147 -33.0548 -71.6045
870 -33.0547 -71.6046
700 -33.0533 -71.6084
223 -33.0533 -71.6084
473 -33.0532 -71.6084
613 -33.0532 -71.6084
285 -33.0532 -71.6084
912 -33.0532 -71.6084
535 -33.0532 -71.6084
705 -33.0531 -71.6084
768 -33.0546 -71.6052
924 -33.0536 -71.6047
90 -33.0539 -71.6047
196 -33.0533 -71.6064
477 -33.053 -71.6083
221 -33.0533 -71.6047
225 -33.0529 -71.6083
888 -33.0529 -71.6083
438 -33.0529 -71.6083
858 -33.0528 -71.6083
168 -33.0528 -71.6083
740 -33.0527 -71.6082
46 -33.0527 -71.6082
857 -33.0527 -71.6082
282 -33.0526 -71.6082
422 -33.0526 -71.6082
833 -33.0526 -71.6082
472 -33.0526 -71.6082
555 -33.0525 -71.6082
138 -33.0525 -71.6082
478 -33.0525 -71.6082
944 -33.0524 -71.6081
918 -33.0524 -71.6081
825 -33.0522 -71.6083
378 -33.0522 -71.6083
769 -33.0522 -71.6082
470 -33.0521 -71.6085
551 -33.0521 -71.6086
228 -33.0512 -71.6086
595 -33.0516 -71.6082
954 -33.0522 -71.6082
219 -33.0524 -71.6081
980 -33.0523 -71.6081
723 -33.0523 -71.6081
662 -33.0522 -71.6081
261 -33.0517 -71.6081
256 -33.0518 -71.6081
503 -33.0518 -71.6081
489 -33.0523 -71.608
878 -33.0523 -71.608
458 -33.0522 -71.6079
753 -33.0522 -71.6078
664 -33.0522 -71.6077
540 -33.0522 -71.6077
937 -33.0522 -71.6077
156 -33.0522 -71.6077
593 -33.0522 -71.6076
73 -33.0522 -71.6075
78 -33.0523 -71.6048
421 -33.0522 -71.6074
62 -33.0522 -71.6076
557 -33.0522 -71.6073
227 -33.0522 -71.6073
381 -33.0521 -71.6073
715 -33.0521 -71.6081
350 -33.0521 -71.6076
532 -33.0521 -71.6072
984 -33.052 -71.608
843 -33.0519 -71.6081
690 -33.0512 -71.6075
706 -33.052 -71.6067
502 -33.0517 -71.6061
181 -33.0516 -71.606
620 -33.0516 -71.6051
169 -33.0517 -71.6051
966 -33.0516 -71.606
752 -33.0516 -71.606
815 -33.0514 -71.6059
885 -33.0512 -71.6099
268 -33.0511 -71.6128
577 -33.0511 -71.6127
916 -33.0511 -71.6124
387 -33.0511 -71.6128
23 -33.0511 -71.6128
745 -33.0511 -71.6128
252 -33.0511 -71.6128
197 -33.0511 -71.6123
299 -33.0511 -71.6122
295 -33.0512 -71.612
15 -33.0512 -71.6119
347 -33.0508 -71.6113
742 -33.0506 -71.6113
905 -33.0502 -71.6113
397 -33.0499 -71.6113
887 -33.0499 -71.6116
41 -33.0498 -71.6125
6 -33.0498 -71.6122
184 -33.0499 -71.6121
959 -33.0498 -71.6125
609 -33.0497 -71.6128
689 -33.0497 -71.6127
893 -33.0498 -71.6126
921 -33.0499 -71.612
682 -33.0499 -71.6118
554 -33.0499 -71.6117
267 -33.0499 -71.6113
871 -33.0499 -71.612
245 -33.0498 -71.6113
720 -33.0498 -71.6113
247 -33.0498 -71.6113
806 -33.0498 -71.6113
669 -33.0509 -71.6102
349 -33.0509 -71.6102
861 -33.0509 -71.6102
284 -33.0507 -71.6102
882 -33.0507 -71.6102
199 -33.0505 -71.6102
294 -33.0506 -71.6102
736 -33.0506 -71.6102
236 -33.0511 -71.61
741 -33.0511 -71.61
704 -33.0511 -71.6099
832 -33.051 -71.6101
404 -33.051 -71.6101
182 -33.051 -71.6101
856 -33.051 -71.6101
321 -33.0505 -71.6102
813 -33.0501 -71.6108
257 -33.0501 -71.6107
371 -33.0501 -71.6106
731 -33.05 -71.6112
691 -33.0498 -71.6113
875 -33.0495 -71.6112
410 -33.0495 -71.6112
670 -33.0501 -71.6105
319 -33.0505 -71.6102
357 -33.0504 -71.6102
229 -33.0505 -71.6102
997 -33.0503 -71.6101
230 -33.0502 -71.6102
375 -33.0503 -71.6101
67 -33.0495 -71.6112
739 -33.0484 -71.6129
777 -33.0489 -71.6123
445 -33.0491 -71.6116
100 -33.0483 -71.6129
902 -33.0483 -71.6129
915 -33.0482 -71.6128
451 -33.0481 -71.6116
729 -33.0481 -71.6116
584 -33.0482 -71.6112
264 -33.0495 -71.6112
359 -33.0494 -71.6112
114 -33.0482 -71.6113
330 -33.0481 -71.6115
131 -33.0482 -71.6114
926 -33.0482 -71.6114
969 -33.048 -71.6119
996 -33.0479 -71.6128
749 -33.0479 -71.6128
621 -33.0479 -71.6128
526 -33.0477 -71.6128
186 -33.0477 -71.6128
659 -33.0477 -71.6127
24 -33.0472 -71.6127
964 -33.0472 -71.6127
766 -33.0478 -71.6126
338 -33.0479 -71.6122
898 -33.048 -71.6121
494 -33.0468 -71.6126
353 -33.0456 -71.6123
54 -33.0453 -71.6122
667 -33.0494 -71.6112
567 -33.0493 -71.6112
289 -33.0492 -71.6112
616 -33.0491 -71.6112
552 -33.049 -71.6112
781 -33.0489 -71.6112
965 -33.0489 -71.6112
630 -33.0483 -71.6112
104 -33.0487 -71.6112
490 -33.0486 -71.6112
776 -33.0494 -71.6103
193 -33.0493 -71.6099
37 -33.0485 -71.6111
135 -33.0484 -71.6111
594 -33.0484 -71.6111
45 -33.0483 -71.6111
121 -33.0482 -71.6098
275 -33.0481 -71.6111
449 -33.048 -71.6111
33 -33.047 -71.611
865 -33.0467 -71.6098
985 -33.0459 -71.6098
695 -33.046 -71.6098
4 -33.0466 -71.6098
288 -33.0467 -71.6098
650 -33.0482 -71.6098
28 -33.048 -71.6098
47 -33.0479 -71.6098
486 -33.0469 -71.6098
798 -33.0468 -71.6098
249 -33.0468 -71.6098
814 -33.047 -71.6098
324 -33.0511 -71.6092
211 -33.0512 -71.6089
600 -33.0511 -71.6086
204 -33.051 -71.6086
821 -33.051 -71.6092
343 -33.0509 -71.6085
468 -33.0509 -71.6085
126 -33.0509 -71.6085
328 -33.0509 -71.6085
952 -33.0511 -71.6085
183 -33.0511 -71.6085
836 -33.0509 -71.6085
863 -33.0509 -71.6085
136 -33.0508 -71.6085
714 -33.0508 -71.6085
951 -33.0507 -71.6085
845 -33.0504 -71.6092
243 -33.0503 -71.6092
16 -33.0503 -71.6092
172 -33.0503 -71.6092
8 -33.0496 -71.6092
707 -33.05 -71.6091
395 -33.0498 -71.6091
406 -33.0504 -71.6091
734 -33.0506 -71.6085
785 -33.0506 -71.6085
757 -33.0506 -71.6085
653 -33.0505 -71.6086
990 -33.0505 -71.6086
771 -33.0503 -71.6085
607 -33.0503 -71.6085
498 -33.0502 -71.6085
471 -33.0508 -71.6074
369 -33.0507 -71.6073
460 -33.0506 -71.6073
56 -33.0506 -71.6073
68 -33.0502 -71.6085
624 -33.0503 -71.6073
365 -33.0503 -71.6073
957 -33.0508 -71.6066
382 -33.0511 -71.6058
673 -33.0511 -71.6058
770 -33.0511 -71.6058
293 -33.051 -71.6051
788 -33.0508 -71.6058
244 -33.0503 -71.6056
99 -33.0508 -71.605
235 -33.0502 -71.6085
417 -33.0501 -71.6084
125 -33.05 -71.6084
233 -33.05 -71.6084
82 -33.0499 -71.6084
437 -33.0499 -71.6084
738 -33.0499 -71.6084
306 -33.0499 -71.6084
71 -33.0499 -71.6084
185 -33.0497 -71.6084
325 -33.0501 -71.6072
564 -33.0497 -71.6054
358 -33.0496 -71.6054
287 -33.0496 -71.6071
1 -33.0496 -71.6043
103 -33.0496 -71.6071
215 -33.0495 -71.6096
623 -33.0493 -71.6091
544 -33.0494 -71.6083
562 -33.0492 -71.6083
91 -33.0492 -71.6083
625 -33.0492 -71.6083
534 -33.0492 -71.6083
658 -33.0492 -71.6083
203 -33.0489 -71.6083
867 -33.0488 -71.6083
791 -33.0485 -71.6082
566 -33.0484 -71.6082
429 -33.0482 -71.6082
270 -33.0482 -71.6082
161 -33.0481 -71.6082
914 -33.0479 -71.6082
995 -33.0478 -71.6098
39 -33.0477 -71.6098
928 -33.0473 -71.6098
824 -33.0472 -71.6098
702 -33.047 -71.6098
3 -33.0471 -71.6098
459 -33.0472 -71.6098
344 -33.0475 -71.6098
663 -33.0473 -71.6098
617 -33.0478 -71.6082
717 -33.0475 -71.6082
59 -33.0471 -71.6082
568 -33.0471 -71.6082
188 -33.0471 -71.6082
380 -33.0471 -71.6082
993 -33.0495 -71.6071
975 -33.0493 -71.607
232 -33.0491 -71.607
339 -33.049 -71.607
839 -33.0488 -71.6069
895 -33.0488 -71.6066
149 -33.0489 -71.6065
65 -33.0495 -71.6053
122 -33.0495 -71.6053
388 -33.0493 -71.6052
30 -33.0493 -71.6037
826 -33.0493 -71.6036
628 -33.0491 -71.6052
913 -33.0491 -71.6051
492 -33.0488 -71.6047
989 -33.0488 -71.6066
536 -33.0483 -71.6081
906 -33.0481 -71.6079
508 -33.0481 -71.6078
618 -33.0469 -71.6081
346 -33.0467 -71.6081
559 -33.0462 -71.6081
162 -33.0459 -71.6081
308 -33.0488 -71.6066
194 -33.0487 -71.6065
896 -33.0488 -71.6046
800 -33.0487 -71.6045
21 -33.0487 -71.6065
533 -33.0457 -71.6049
514 -33.0485 -71.6041
