647 -33.0547 -71.6222
5 -33.0547 -71.6222
115 -33.0547 -71.6222
497 -33.0547 -71.6223
66 -33.0546 -71.6225
85 -33.0547 -71.6224
142 -33.0547 -71.6224
796 -33.0547 -71.6222
315 -33.0549 -71.622
500 -33.0549 -71.6219
327 -33.055 -71.6218
38 -33.0549 -71.622
890 -33.0548 -71.6222
226 -33.0548 -71.6222
703 -33.0548 -71.6221
550 -33.0546 -71.6225
786 -33.0543 -71.6242
829 -33.0543 -71.6241
979 -33.0543 -71.624
589 -33.0543 -71.6244
598 -33.0542 -71.6244
883 -33.0543 -71.6236
109 -33.0543 -71.6234
217 -33.0543 -71.6232
313 -33.0544 -71.6229
940 -33.0545 -71.6227
176 -33.0545 -71.6227
961 -33.0544 -71.6229
697 -33.0543 -71.6232
479 -33.0543 -71.6232
53 -33.0544 -71.623
678 -33.0551 -71.6217
487 -33.0552 -71.6214
475 -33.0572 -71.6183
189 -33.0556 -71.6179
260 -33.0551 -71.6216
266 -33.0551 -71.6212
253 -33.0551 -71.6212
930 -33.0551 -71.6211
367 -33.0555 -71.6179
413 -33.0555 -71.6173
668 -33.0556 -71.6171
57 -33.0556 -71.6169
765 -33.0555 -71.6174
978 -33.0552 -71.6178
582 -33.0553 -71.6177
963 -33.0553 -71.6176
177 -33.0551 -71.621
880 -33.0549 -71.6206
179 -33.0546 -71.6202
881 -33.0543 -71.6184
816 -33.0543 -71.6184
210 -33.0541 -71.6199
377 -33.054 -71.6199
134 -33.0542 -71.6184
376 -33.0544 -71.6184
408 -33.0549 -71.6182
537 -33.055 -71.618
407 -33.0551 -71.6179
370 -33.0549 -71.6183
549 -33.0547 -71.6184
255 -33.0548 -71.6184
25 -33.0539 -71.6244
92 -33.0537 -71.6245
710 -33.0537 -71.6245
987 -33.0538 -71.6245
373 -33.0534 -71.6188
409 -33.0531 -71.6246
455 -33.0534 -71.6188
587 -33.0533 -71.6188
216 -33.0532 -71.6188
760 -33.0532 -71.6188
698 -33.0534 -71.6187
754 -33.0534 -71.6187
809 -33.0531 -71.6188
919 -33.053 -71.6187
456 -33.0529 -71.6187
803 -33.0528 -71.6187
355 -33.0528 -71.6187
629 -33.0526 -71.6245
849 -33.0523 -71.6244
101 -33.0509 -71.6228
633 -33.0506 -71.6211
447 -33.0505 -71.621
34 -33.0502 -71.6209
935 -33.0502 -71.6207
493 -33.0502 -71.6207
341 -33.0526 -71.6187
434 -33.0525 -71.6186
844 -33.0525 -71.6186
761 -33.0525 -71.6186
399 -33.0511 -71.6187
116 -33.0511 -71.6187
262 -33.0511 -71.6186
838 -33.0525 -71.6186
198 -33.0524 -71.6186
973 -33.0524 -71.6186
713 -33.0523 -71.6186
775 -33.0523 -71.6186
891 -33.0522 -71.6185
767 -33.0521 -71.6185
466 -33.052 -71.6185
547 -33.052 -71.6185
42 -33.0537 -71.6184
542 -33.0537 -71.6184
301 -33.0537 -71.6184
361 -33.0537 -71.6184
69 -33.0535 -71.6185
166 -33.0516 -71.6184
495 -33.0516 -71.6184
323 -33.0515 -71.6184
831 -33.0512 -71.6185
448 -33.0512 -71.6184
687 -33.0512 -71.6184
340 -33.0512 -71.6186
632 -33.0506 -71.6184
250 -33.0505 -71.6184
17 -33.0504 -71.6184
163 -33.0502 -71.6183
431 -33.0511 -71.6182
727 -33.0505 -71.618
614 -33.0504 -71.6179
393 -33.0503 -71.6179
852 -33.0502 -71.6183
111 -33.0501 -71.6183
646 -33.0557 -71.6167
501 -33.0562 -71.616
531 -33.0562 -71.616
560 -33.0562 -71.6159
774 -33.0562 -71.616
869 -33.0558 -71.6164
124 -33.0561 -71.616
994 -33.0562 -71.616
464 -33.0558 -71.6159
483 -33.0562 -71.6159
842 -33.0562 -71.6159
561 -33.056 -71.6156
640 -33.0558 -71.6159
950 -33.0557 -71.6159
608 -33.0557 -71.6159
20 -33.0557 -71.6159
60 -33.0555 -71.6159
879 -33.0554 -71.6159
818 -33.0554 -71.6159
286 -33.0554 -71.6158
18 -33.0546 -71.6157
271 -33.053 -71.616
822 -33.0544 -71.6157
450 -33.0543 -71.6157
389 -33.0541 -71.6156
743 -33.054 -71.6156
476 -33.0539 -71.6156
251 -33.0538 -71.6156
955 -33.0537 -71.6156
726 -33.0536 -71.6156
279 -33.0536 -71.6155
123 -33.0535 -71.6155
602 -33.0534 -71.6155
945 -33.0565 -71.6149
976 -33.0565 -71.6149
872 -33.0565 -71.6149
482 -33.0564 -71.615
297 -33.056 -71.6154
991 -33.0564 -71.615
948 -33.0564 -71.615
118 -33.0566 -71.6148
19 -33.0565 -71.6125
790 -33.0563 -71.6124
326 -33.0562 -71.6124
420 -33.056 -71.6123
368 -33.0552 -71.6124
579 -33.0554 -71.6124
917 -33.0554 -71.6124
686 -33.055 -71.6152
107 -33.0534 -71.6155
127 -33.0547 -71.615
762 -33.0536 -71.6143
520 -33.0533 -71.6155
693 -33.0533 -71.6155
269 -33.0532 -71.6155
105 -33.053 -71.6139
907 -33.053 -71.6139
467 -33.0547 -71.6128
523 -33.055 -71.6124
298 -33.0547 -71.6124
619 -33.0546 -71.6127
154 -33.0543 -71.6124
238 -33.0545 -71.6123
405 -33.053 -71.6139
150 -33.0527 -71.6159
641 -33.0526 -71.6158
580 -33.0529 -71.6157
819 -33.0524 -71.6157
488 -33.0524 -71.6157
290 -33.0523 -71.6156
730 -33.0517 -71.6156
442 -33.053 -71.6156
146 -33.053 -71.6156
446 -33.0525 -71.6136
403 -33.0523 -71.6134
423 -33.0523 -71.6134
546 -33.0515 -71.6156
145 -33.052 -71.6132
171 -33.0516 -71.6131
254 -33.0512 -71.6156
117 -33.0512 -71.6156
292 -33.0512 -71.6156
992 -33.051 -71.6156
812 -33.0509 -71.6156
860 -33.0503 -71.6158
565 -33.0503 -71.6158
320 -33.0503 -71.6158
892 -33.0509 -71.6156
864 -33.0508 -71.6155
721 -33.0508 -71.6155
908 -33.0507 -71.6155
545 -33.0507 -71.6155
787 -33.0506 -71.6155
946 -33.0505 -71.6155
611 -33.0514 -71.6131
711 -33.0513 -71.6131
391 -33.0511 -71.6127
356 -33.0511 -71.6127
108 -33.0511 -71.6128
202 -33.0511 -71.613
208 -33.0511 -71.6129
200 -33.0511 -71.6129
102 -33.0511 -71.6127
943 -33.0511 -71.6124
309 -33.0511 -71.6124
936 -33.0511 -71.6123
931 -33.0511 -71.6125
759 -33.0511 -71.6126
433 -33.0511 -71.6126
151 -33.0511 -71.6125
615 -33.0511 -71.6131
334 -33.051 -71.6131
70 -33.0509 -71.6131
837 -33.0508 -71.6131
801 -33.0506 -71.6131
87 -33.0506 -71.6131
661 -33.0506 -71.6131
725 -33.0506 -71.613
372 -33.0505 -71.613
877 -33.0505 -71.613
265 -33.0504 -71.613
599 -33.0503 -71.613
585 -33.0503 -71.613
655 -33.0502 -71.613
517 -33.0501 -71.613
128 -33.0501 -71.6178
732 -33.0501 -71.6204
412 -33.05 -71.6187
859 -33.0497 -71.6186
716 -33.0494 -71.6192
694 -33.0494 -71.6192
799 -33.0494 -71.6189
901 -33.0494 -71.6187
999 -33.0496 -71.6186
283 -33.0494 -71.6185
597 -33.0501 -71.6184
144 -33.0501 -71.6183
440 -33.0493 -71.6184
213 -33.0486 -71.6179
897 -33.0486 -71.6179
130 -33.0486 -71.6179
263 -33.0486 -71.618
889 -33.0484 -71.6185
573 -33.0484 -71.6185
206 -33.0484 -71.6185
170 -33.0483 -71.6187
605 -33.0482 -71.619
113 -33.0483 -71.6188
333 -33.0483 -71.6187
416 -33.0484 -71.6184
318 -33.0486 -71.6181
453 -33.0486 -71.6181
165 -33.0486 -71.618
239 -33.0485 -71.6181
949 -33.0485 -71.6184
10 -33.0485 -71.6183
983 -33.0485 -71.6183
529 -33.0486 -71.6179
830 -33.05 -71.6178
504 -33.05 -71.6178
904 -33.0489 -71.6176
612 -33.0489 -71.617
364 -33.0489 -71.6176
13 -33.0489 -71.6171
572 -33.0489 -71.6171
884 -33.0489 -71.6169
574 -33.049 -71.6168
302 -33.049 -71.6168
462 -33.049 -71.6167
106 -33.049 -71.6168
850 -33.0489 -71.6169
688 -33.049 -71.6168
432 -33.049 -71.6168
273 -33.0488 -71.6172
868 -33.0487 -71.6177
692 -33.0487 -71.6176
660 -33.0487 -71.6176
394 -33.0487 -71.6177
712 -33.0486 -71.6178
900 -33.0487 -71.6177
36 -33.0487 -71.6177
631 -33.0488 -71.6175
174 -33.0488 -71.6174
586 -33.0488 -71.6173
191 -33.0488 -71.6173
834 -33.0488 -71.6175
854 -33.0488 -71.6175
652 -33.0485 -71.6168
155 -33.0482 -71.619
205 -33.0474 -71.6223
820 -33.0474 -71.6222
139 -33.0474 -71.6222
938 -33.0474 -71.6222
277 -33.0474 -71.6221
322 -33.0474 -71.6221
802 -33.0474 -71.6221
735 -33.0474 -71.622
939 -33.0475 -71.6206
755 -33.0475 -71.6204
55 -33.0475 -71.6204
9 -33.0475 -71.6206
583 -33.0474 -71.6209
911 -33.0474 -71.6208
484 -33.0474 -71.6207
696 -33.0473 -71.6219
516 -33.0473 -71.6218
222 -33.0473 -71.6218
80 -33.0473 -71.6212
485 -33.0473 -71.6212
360 -33.0472 -71.6215
718 -33.0472 -71.6215
220 -33.0464 -71.621
764 -33.0473 -71.621
509 -33.0473 -71.621
644 -33.0473 -71.6202
427 -33.0472 -71.6202
982 -33.0465 -71.6206
784 -33.0464 -71.621
988 -33.0465 -71.6207
88 -33.0466 -71.6202
157 -33.048 -71.6193
763 -33.0481 -71.6192
794 -33.0481 -71.6192
708 -33.0478 -71.6196
152 -33.0476 -71.62
511 -33.0477 -71.6198
635 -33.0478 -71.6197
383 -33.0481 -71.6192
639 -33.0482 -71.619
435 -33.0477 -71.6167
50 -33.0477 -71.6167
862 -33.0477 -71.6169
140 -33.0476 -71.6171
853 -33.0477 -71.617
941 -33.0477 -71.6169
530 -33.0476 -71.6201
722 -33.0476 -71.6201
610 -33.0476 -71.6201
793 -33.0472 -71.6186
968 -33.0471 -71.6188
643 -33.0468 -71.6198
827 -33.0468 -71.6195
724 -33.047 -71.6191
972 -33.0472 -71.6185
348 -33.0474 -71.6177
81 -33.0474 -71.6177
604 -33.0475 -71.6176
933 -33.0474 -71.6178
553 -33.0474 -71.6179
48 -33.0474 -71.6178
374 -33.049 -71.6167
430 -33.0497 -71.6158
148 -33.0498 -71.6157
795 -33.05 -71.6157
385 -33.0497 -71.6159
496 -33.0494 -71.6165
783 -33.0497 -71.6159
756 -33.0497 -71.6159
93 -33.0499 -71.6157
76 -33.0494 -71.6148
548 -33.0494 -71.6148
207 -33.0494 -71.6148
278 -33.0494 -71.6149
654 -33.0493 -71.615
27 -33.0493 -71.615
74 -33.0493 -71.6149
64 -33.0493 -71.6151
75 -33.0493 -71.6165
195 -33.0492 -71.6165
680 -33.0492 -71.6159
234 -33.0492 -71.6159
0 -33.0491 -71.6162
337 -33.0492 -71.616
701 -33.0492 -71.616
956 -33.0492 -71.6156
425 -33.0493 -71.6153
363 -33.0493 -71.6152
240 -33.0493 -71.6152
828 -33.0493 -71.6154
457 -33.0492 -71.6156
401 -33.0492 -71.6155
481 -33.0493 -71.6154
709 -33.0494 -71.6148
744 -33.05 -71.613
835 -33.05 -71.613
942 -33.0499 -71.6129
201 -33.0498 -71.6129
164 -33.0496 -71.6134
750 -33.0497 -71.6132
379 -33.0497 -71.6131
392 -33.0498 -71.6129
739 -33.0498 -71.6129
246 -33.0498 -71.6125
841 -33.0498 -71.6125
524 -33.0497 -71.6129
100 -33.0497 -71.6129
336 -33.0497 -71.6129
902 -33.0497 -71.6129
539 -33.0496 -71.6134
804 -33.0494 -71.6145
329 -33.0495 -71.6141
656 -33.0495 -71.6139
86 -33.0494 -71.6145
522 -33.0494 -71.6148
665 -33.0494 -71.6148
518 -33.0494 -71.6145
258 -33.0496 -71.6137
180 -33.0496 -71.6137
428 -33.0496 -71.6136
915 -33.0496 -71.6129
621 -33.0493 -71.6129
749 -33.0493 -71.6129
996 -33.0492 -71.6129
637 -33.0491 -71.6163
77 -33.049 -71.6166
304 -33.049 -71.6165
780 -33.0491 -71.6164
758 -33.0483 -71.6147
44 -33.0482 -71.6149
248 -33.0483 -71.6148
590 -33.0483 -71.6148
971 -33.0483 -71.6147
807 -33.0483 -71.6146
178 -33.0484 -71.6142
153 -33.0484 -71.6141
231 -33.0483 -71.6146
418 -33.0483 -71.6147
823 -33.0483 -71.6147
119 -33.0483 -71.6147
728 -33.0482 -71.615
541 -33.0479 -71.6164
778 -33.0479 -71.6163
519 -33.0479 -71.6162
436 -33.0479 -71.6164
314 -33.0478 -71.6165
855 -33.0478 -71.6165
84 -33.0478 -71.6165
218 -33.0479 -71.6162
31 -33.0481 -71.6155
648 -33.0481 -71.6153
538 -33.0482 -71.6152
515 -33.048 -71.6156
960 -33.048 -71.616
851 -33.048 -71.6156
345 -33.0484 -71.614
638 -33.0487 -71.6129
805 -33.049 -71.6129
186 -33.049 -71.6129
666 -33.0487 -71.6129
779 -33.0487 -71.6131
719 -33.0487 -71.6131
342 -33.0487 -71.613
659 -33.049 -71.6129
588 -33.0489 -71.6129
932 -33.0489 -71.6124
439 -33.0489 -71.6124
465 -33.0488 -71.6125
894 -33.0488 -71.6129
651 -33.0488 -71.6128
58 -33.0488 -71.6128
920 -33.0487 -71.6131
899 -33.0485 -71.6139
444 -33.0485 -71.6138
685 -33.0486 -71.6134
847 -33.0485 -71.6139
133 -33.0485 -71.614
683 -33.0485 -71.614
634 -33.0475 -71.6135
947 -33.0486 -71.6132
596 -33.0487 -71.6132
24 -33.0486 -71.6129
964 -33.0486 -71.6129
494 -33.0481 -71.6128
353 -33.047 -71.6127
54 -33.0467 -71.6126
414 -33.056 -71.6123
576 -33.0559 -71.6123
43 -33.0559 -71.6123
521 -33.0559 -71.6123
747 -33.0559 -71.6123
354 -33.0558 -71.6123
237 -33.0544 -71.6123
967 -33.0544 -71.6123
563 -33.0544 -71.6122
209 -33.0544 -71.6122
636 -33.0545 -71.6122
366 -33.0544 -71.6121
307 -33.0544 -71.6121
627 -33.0544 -71.6121
751 -33.0544 -71.6121
52 -33.0544 -71.612
402 -33.0543 -71.6119
591 -33.0543 -71.6122
452 -33.0543 -71.6118
175 -33.0542 -71.6118
305 -33.0542 -71.6123
962 -33.054 -71.6122
51 -33.0538 -71.6122
642 -33.0537 -71.6122
61 -33.0541 -71.6116
12 -33.0541 -71.6115
927 -33.054 -71.6114
773 -33.0539 -71.6113
35 -33.0539 -71.6113
811 -33.0537 -71.6113
675 -33.0537 -71.6113
782 -33.0537 -71.6113
274 -33.0539 -71.6112
970 -33.0565 -71.6101
132 -33.0553 -71.6097
748 -33.056 -71.609
72 -33.0546 -71.6105
463 -33.0545 -71.6105
259 -33.0546 -71.6104
613 -33.0546 -71.6085
473 -33.0545 -71.6085
285 -33.0545 -71.6085
535 -33.0545 -71.6085
912 -33.0545 -71.6085
705 -33.0545 -71.6085
477 -33.0544 -71.6085
873 -33.0544 -71.6085
83 -33.0543 -71.6085
225 -33.0543 -71.6085
679 -33.0539 -71.6112
26 -33.0538 -71.611
384 -33.054 -71.6105
505 -33.0538 -71.611
190 -33.0537 -71.6111
676 -33.0537 -71.6111
192 -33.0538 -71.611
772 -33.0537 -71.6085
810 -33.0537 -71.6085
438 -33.0542 -71.6085
888 -33.0542 -71.6085
219 -33.0537 -71.6085
918 -33.0537 -71.6085
980 -33.0537 -71.6085
556 -33.0536 -71.6113
958 -33.0536 -71.6122
737 -33.0533 -71.6115
187 -33.0534 -71.6114
733 -33.0533 -71.6122
173 -33.0532 -71.6121
242 -33.0532 -71.6115
2 -33.0533 -71.6115
276 -33.0535 -71.6114
390 -33.0536 -71.6114
120 -33.0536 -71.6114
424 -33.0536 -71.6111
303 -33.0536 -71.6111
512 -33.0534 -71.611
674 -33.0533 -71.611
797 -33.0533 -71.611
480 -33.0529 -71.6121
571 -33.0529 -71.6121
214 -33.0528 -71.6121
14 -33.0527 -71.6121
351 -33.0527 -71.6121
29 -33.0526 -71.6121
15 -33.0526 -71.6121
295 -33.0524 -71.6121
197 -33.0522 -71.612
97 -33.0525 -71.6117
578 -33.0526 -71.6116
910 -33.0529 -71.6116
299 -33.0523 -71.6117
909 -33.0522 -71.612
916 -33.0521 -71.612
7 -33.0533 -71.611
569 -33.0536 -71.6107
874 -33.0535 -71.6105
866 -33.0536 -71.6105
848 -33.0533 -71.611
506 -33.0531 -71.6109
40 -33.0531 -71.6109
49 -33.0528 -71.6106
212 -33.0527 -71.6104
723 -33.0536 -71.6085
878 -33.0536 -71.6085
662 -33.0535 -71.6085
489 -33.0535 -71.6085
603 -33.0526 -71.6103
601 -33.0526 -71.6102
954 -33.0535 -71.6085
224 -33.0526 -71.6102
645 -33.0525 -71.6101
89 -33.0525 -71.6101
551 -33.0525 -71.61
681 -33.0524 -71.61
22 -33.0524 -71.61
575 -33.0524 -71.6099
228 -33.0523 -71.6097
600 -33.0522 -71.6096
885 -33.0521 -71.6095
204 -33.0521 -71.6095
398 -33.0521 -71.6086
671 -33.0521 -71.6086
211 -33.0521 -71.6094
343 -33.0521 -71.6094
858 -33.0542 -71.6085
11 -33.0549 -71.6083
469 -33.055 -71.6083
558 -33.055 -71.6082
129 -33.0549 -71.6083
513 -33.0548 -71.6083
296 -33.0549 -71.6083
510 -33.0549 -71.6083
934 -33.0551 -71.6082
886 -33.0557 -71.6081
362 -33.0553 -71.6081
977 -33.0553 -71.608
454 -33.0552 -71.6081
499 -33.0551 -71.6082
79 -33.0551 -71.6082
332 -33.0551 -71.6081
461 -33.0548 -71.6083
168 -33.0542 -71.6085
922 -33.054 -71.6085
740 -33.0541 -71.6085
857 -33.054 -71.6085
422 -33.0539 -71.6085
282 -33.054 -71.6085
46 -33.054 -71.6085
223 -33.0546 -71.6085
335 -33.0548 -71.6084
400 -33.0548 -71.6084
527 -33.0548 -71.6083
929 -33.0547 -71.6084
700 -33.0546 -71.6085
657 -33.0547 -71.6085
411 -33.0547 -71.6084
528 -33.0571 -71.608
300 -33.0569 -71.608
474 -33.0567 -71.608
808 -33.0566 -71.608
677 -33.0565 -71.608
281 -33.0563 -71.608
63 -33.056 -71.6079
419 -33.056 -71.6079
925 -33.0559 -71.6079
291 -33.0565 -71.6073
441 -33.0571 -71.6047
147 -33.0562 -71.6044
331 -33.0561 -71.6075
280 -33.0559 -71.6079
491 -33.056 -71.6075
870 -33.0561 -71.6043
159 -33.0559 -71.6079
606 -33.0557 -71.6079
876 -33.0556 -71.6079
525 -33.0556 -71.6078
903 -33.0556 -71.6078
311 -33.0553 -71.608
581 -33.0554 -71.6079
672 -33.0555 -71.6079
112 -33.0558 -71.6076
924 -33.0549 -71.6045
90 -33.0553 -71.6044
768 -33.0559 -71.6044
221 -33.0546 -71.6046
98 -33.054 -71.6072
196 -33.0544 -71.6054
833 -33.0539 -71.6085
555 -33.0538 -71.6085
472 -33.0539 -71.6085
138 -33.0538 -71.6085
478 -33.0538 -71.6085
769 -33.0535 -71.6085
592 -33.0538 -71.6085
944 -33.0538 -71.6085
378 -33.0534 -71.6085
458 -33.0534 -71.6085
715 -33.0534 -71.6085
753 -33.0533 -71.6085
825 -33.0533 -71.6085
664 -33.0533 -71.6084
984 -33.0533 -71.6084
540 -33.0533 -71.6084
156 -33.0532 -71.6084
470 -33.0532 -71.6084
62 -33.0532 -71.6084
350 -33.0531 -71.6084
503 -33.0531 -71.6084
981 -33.0521 -71.6085
843 -33.0531 -71.6084
73 -33.0531 -71.6084
167 -33.0522 -71.6083
261 -33.053 -71.6083
622 -33.053 -71.6083
557 -33.053 -71.6083
381 -33.0529 -71.6083
532 -33.0529 -71.6083
110 -33.0528 -71.6083
94 -33.0528 -71.6083
746 -33.0528 -71.6083
32 -33.0525 -71.6082
923 -33.0525 -71.6082
706 -33.0524 -71.6081
626 -33.0524 -71.6081
840 -33.0524 -71.6081
183 -33.0524 -71.6081
158 -33.0523 -71.6081
937 -33.0529 -71.6065
78 -33.0537 -71.6048
620 -33.0527 -71.6047
169 -33.0527 -71.6047
952 -33.0523 -71.6081
595 -33.0523 -71.6071
256 -33.0524 -71.607
690 -33.0523 -71.6081
846 -33.0522 -71.6081
316 -33.0522 -71.6081
137 -33.0522 -71.6081
328 -33.0522 -71.6081
468 -33.0522 -71.6081
126 -33.0522 -71.6081
836 -33.0521 -71.6081
136 -33.0521 -71.6081
471 -33.0522 -71.6077
502 -33.0522 -71.6076
752 -33.0522 -71.6075
181 -33.0522 -71.6075
966 -33.0522 -71.6075
815 -33.0521 -71.6072
714 -33.0521 -71.6081
252 -33.0518 -71.612
577 -33.0518 -71.612
387 -33.0518 -71.612
789 -33.0518 -71.612
23 -33.0518 -71.612
272 -33.0516 -71.612
310 -33.0514 -71.612
160 -33.0513 -71.6119
415 -33.0516 -71.6118
745 -33.0517 -71.6118
268 -33.0518 -71.6118
905 -33.0515 -71.6114
998 -33.0513 -71.6119
649 -33.0513 -71.6119
742 -33.0513 -71.6118
143 -33.0512 -71.6119
986 -33.0511 -71.6121
386 -33.0512 -71.612
347 -33.0512 -71.6119
141 -33.0511 -71.6121
490 -33.05 -71.6113
609 -33.05 -71.6112
104 -33.05 -71.6112
689 -33.05 -71.6111
41 -33.0501 -71.6109
552 -33.0501 -71.6108
616 -33.0501 -71.6107
959 -33.0501 -71.6109
445 -33.05 -71.6111
965 -33.05 -71.611
893 -33.0501 -71.6109
6 -33.0501 -71.6106
397 -33.0505 -71.6102
731 -33.0507 -71.6102
267 -33.0505 -71.6102
245 -33.0505 -71.6102
806 -33.0504 -71.6102
691 -33.0504 -71.6102
720 -33.0504 -71.6102
813 -33.0509 -71.6101
375 -33.0515 -71.6096
997 -33.0515 -71.6096
357 -33.0516 -71.6095
230 -33.0514 -71.6098
257 -33.0511 -71.61
371 -33.0511 -71.61
670 -33.0512 -71.6099
247 -33.0503 -71.6102
667 -33.0501 -71.6104
359 -33.0501 -71.6104
871 -33.0502 -71.6104
921 -33.0501 -71.6104
289 -33.0501 -71.6106
184 -33.0501 -71.6105
567 -33.0501 -71.6105
264 -33.0502 -71.6103
682 -33.0502 -71.6102
887 -33.0503 -71.6102
554 -33.0503 -71.6101
67 -33.0502 -71.6102
410 -33.0502 -71.6102
875 -33.0502 -71.6102
507 -33.05 -71.6114
543 -33.0499 -71.6119
396 -33.0499 -71.6119
699 -33.0499 -71.6118
352 -33.0499 -71.6119
95 -33.0498 -71.6122
684 -33.0499 -71.6121
792 -33.0499 -71.6121
426 -33.0499 -71.6117
443 -33.0499 -71.6117
570 -33.0499 -71.6116
953 -33.05 -71.6114
37 -33.0498 -71.6113
135 -33.0498 -71.6113
594 -33.0498 -71.6113
777 -33.0496 -71.6112
630 -33.0496 -71.6112
817 -33.0489 -71.6121
974 -33.049 -71.6117
526 -33.0482 -71.6113
317 -33.0482 -71.6114
96 -33.048 -71.6121
241 -33.048 -71.612
312 -33.048 -71.6119
45 -33.0496 -71.6112
584 -33.0496 -71.6112
114 -33.0495 -71.6112
275 -33.0495 -71.6112
926 -33.0494 -71.6112
449 -33.0494 -71.6112
131 -33.0494 -71.6112
330 -33.0493 -71.6112
451 -33.0492 -71.6112
28 -33.0494 -71.6099
47 -33.0493 -71.6099
729 -33.0492 -71.6111
969 -33.049 -71.6112
898 -33.0488 -71.6112
338 -33.0487 -71.6112
995 -33.0492 -71.6099
781 -33.0495 -71.6099
121 -33.0495 -71.6098
650 -33.0495 -71.6097
39 -33.0491 -71.6099
344 -33.0489 -71.6099
663 -33.0487 -71.6098
928 -33.0486 -71.6098
824 -33.0485 -71.6098
33 -33.0484 -71.6111
459 -33.0485 -71.6098
3 -33.0485 -71.6098
814 -33.0483 -71.6098
766 -33.0483 -71.6111
702 -33.0483 -71.6098
486 -33.0482 -71.6098
249 -33.0482 -71.6098
798 -33.0481 -71.6098
288 -33.0481 -71.6098
865 -33.0481 -71.6098
4 -33.0479 -71.6098
985 -33.0473 -71.6098
695 -33.0474 -71.6098
229 -33.0516 -71.6095
863 -33.052 -71.6093
861 -33.052 -71.6093
421 -33.052 -71.609
669 -33.052 -71.6091
324 -33.0519 -71.6092
349 -33.0519 -71.6092
593 -33.0519 -71.6091
404 -33.052 -71.609
227 -33.052 -71.6088
741 -33.052 -71.6088
704 -33.0521 -71.6087
236 -33.052 -71.6089
856 -33.052 -71.609
832 -33.052 -71.609
182 -33.052 -71.609
734 -33.0519 -71.6092
736 -33.0518 -71.6093
882 -33.0518 -71.6093
284 -33.0518 -71.6093
294 -33.0517 -71.6094
319 -33.0517 -71.6094
199 -33.0517 -71.6094
321 -33.0517 -71.6094
821 -33.0518 -71.6091
771 -33.0517 -71.609
607 -33.0516 -71.6089
498 -33.0515 -71.6088
68 -33.0515 -71.6088
707 -33.0512 -71.6089
235 -33.0515 -71.6088
233 -33.0513 -71.6087
437 -33.0513 -71.6087
951 -33.052 -71.608
369 -33.052 -71.6076
460 -33.052 -71.6076
757 -33.0519 -71.6081
653 -33.0517 -71.6082
990 -33.0517 -71.6082
785 -33.0519 -71.6081
56 -33.052 -71.6076
382 -33.052 -71.6069
770 -33.052 -71.6069
673 -33.052 -71.6069
293 -33.0519 -71.6048
365 -33.0517 -71.6075
788 -33.0519 -71.6066
99 -33.0518 -71.6047
624 -33.0517 -71.6075
738 -33.0513 -71.6087
82 -33.0513 -71.6086
243 -33.0512 -71.6084
306 -33.0512 -71.6086
16 -33.0512 -71.6085
172 -33.0512 -71.6085
71 -33.0512 -71.6084
845 -33.0513 -71.6084
417 -33.0514 -71.6083
325 -33.0514 -71.6075
244 -33.0516 -71.606
125 -33.0513 -71.6084
406 -33.0513 -71.6084
957 -33.0512 -71.6052
185 -33.051 -71.6086
544 -33.0508 -71.6085
395 -33.0507 -71.6085
562 -33.0506 -71.6085
623 -33.0506 -71.6092
776 -33.0501 -71.6091
193 -33.0501 -71.6091
215 -33.0504 -71.6089
8 -33.0505 -71.6085
625 -33.0506 -71.6085
91 -33.0506 -71.6085
534 -33.0505 -71.6085
658 -33.0505 -71.6085
203 -33.0503 -71.6085
867 -33.0502 -71.6085
791 -33.0498 -71.6084
566 -33.0497 -71.6084
536 -33.0496 -71.6084
429 -33.0496 -71.6084
270 -33.0495 -71.6084
161 -33.0495 -71.6084
906 -33.0493 -71.6083
508 -33.0493 -71.6083
914 -33.0492 -71.6083
617 -33.0491 -71.6083
717 -33.0489 -71.6083
188 -33.0485 -71.6082
59 -33.0485 -71.6082
380 -33.0485 -71.6082
568 -33.0484 -71.6082
618 -33.0482 -71.6082
346 -33.048 -71.6082
103 -33.0509 -71.6074
287 -33.0509 -71.6074
993 -33.0509 -71.6074
975 -33.0506 -71.6073
232 -33.0504 -71.6073
339 -33.0503 -71.6073
149 -33.0503 -71.6066
564 -33.051 -71.6058
358 -33.0509 -71.6058
65 -33.0509 -71.6058
122 -33.0509 -71.6058
1 -33.0508 -71.605
388 -33.0506 -71.6057
628 -33.0505 -71.6057
913 -33.0503 -71.6056
30 -33.0502 -71.6048
839 -33.0502 -71.6072
895 -33.0499 -71.6072
989 -33.0498 -71.6072
308 -33.0498 -71.6072
559 -33.0475 -71.6082
162 -33.0473 -71.6082
21 -33.0497 -71.6071
194 -33.0497 -71.6071
492 -33.05 -71.6055
896 -33.0499 -71.6054
826 -33.0501 -71.6047
800 -33.0498 -71.6054
514 -33.0493 -71.6053
533 -33.047 -71.6043
