760 -33.0621 -71.6158
271 -33.0621 -71.6158
619 -33.0621 -71.6158
907 -33.0615 -71.6158
466 -33.061 -71.616
290 -33.0614 -71.6159
838 -33.0615 -71.6158
754 -33.0625 -71.6158
301 -33.0625 -71.6151
978 -33.0627 -71.6151
475 -33.0626 -71.615
455 -33.0624 -71.6157
446 -33.0608 -71.6155
456 -33.0609 -71.6154
803 -33.061 -71.6154
403 -33.0608 -71.6161
145 -33.0605 -71.6163
495 -33.0606 -71.6162
166 -33.0606 -71.6162
448 -33.0602 -71.6164
930 -33.0597 -71.6166
908 -33.0598 -71.6165
171 -33.0601 -71.6164
179 -33.0607 -71.6162
423 -33.0607 -71.6156
154 -33.0607 -71.6155
367 -33.06 -71.6144
49 -33.0598 -71.6146
546 -33.0597 -71.6146
549 -33.0597 -71.6146
726 -33.0597 -71.6145
279 -33.0602 -71.6143
483 -33.0607 -71.6139
127 -33.0608 -71.6136
917 -33.0623 -71.6135
274 -33.0607 -71.6136
467 -33.0606 -71.6141
123 -33.0606 -71.6141
686 -33.0607 -71.614
501 -33.0622 -71.6135
118 -33.0639 -71.6133
51 -33.0625 -71.613
238 -33.0634 -71.6129
579 -33.0621 -71.6131
994 -33.061 -71.6134
189 -33.061 -71.6134
762 -33.061 -71.6134
61 -33.0606 -71.6141
945 -33.0603 -71.6143
424 -33.0605 -71.6141
819 -33.0604 -71.6139
7 -33.0602 -71.6143
809 -33.0601 -71.6141
355 -33.0597 -71.6139
967 -33.0598 -71.6138
341 -33.0597 -71.6138
751 -33.0601 -71.6134
373 -33.0603 -71.613
134 -33.0604 -71.613
580 -33.0601 -71.6134
927 -33.0598 -71.6137
354 -33.0598 -71.6137
698 -33.0597 -71.6147
727 -33.0595 -71.6167
487 -33.0595 -71.6167
946 -33.0596 -71.6166
614 -33.0594 -71.6165
327 -33.0591 -71.6168
393 -33.0593 -71.6168
506 -33.0594 -71.6167
611 -33.0596 -71.6162
962 -33.0596 -71.6148
117 -33.0594 -71.6148
773 -33.0596 -71.6148
198 -33.0594 -71.6147
89 -33.0593 -71.615
767 -33.0594 -71.6149
711 -33.0594 -71.6149
128 -33.0591 -71.6168
585 -33.0588 -71.6169
597 -33.0589 -71.6169
703 -33.0588 -71.6169
600 -33.0588 -71.6154
504 -33.0587 -71.6169
830 -33.0586 -71.6168
204 -33.0587 -71.6154
228 -33.059 -71.6152
488 -33.0588 -71.6148
565 -33.0587 -71.6147
787 -33.059 -71.6146
880 -33.0587 -71.6147
320 -33.0586 -71.6147
860 -33.0586 -71.6147
797 -33.0586 -71.6146
450 -33.0591 -71.6145
405 -33.0595 -71.614
292 -33.0594 -71.614
973 -33.0595 -71.614
107 -33.0594 -71.6142
864 -33.0592 -71.6143
892 -33.0592 -71.6143
992 -33.0593 -71.6142
844 -33.0595 -71.614
254 -33.0595 -71.6139
761 -33.0596 -71.6139
434 -33.0596 -71.6139
655 -33.0592 -71.6129
916 -33.0591 -71.6135
306 -33.0592 -71.6129
233 -33.0592 -71.6129
102 -33.0591 -71.6135
464 -33.0591 -71.6136
402 -33.0591 -71.6136
950 -33.0591 -71.6134
545 -33.0589 -71.614
512 -33.0586 -71.6144
891 -33.0588 -71.6135
668 -33.0586 -71.6133
822 -33.0589 -71.6133
201 -33.0588 -71.6129
942 -33.0589 -71.6129
707 -33.059 -71.6129
124 -33.0588 -71.6129
392 -33.0588 -71.6129
902 -33.0588 -71.6129
150 -33.0605 -71.6129
531 -33.0633 -71.6129
57 -33.0631 -71.6122
351 -33.0626 -71.6121
286 -33.0626 -71.6128
958 -33.0626 -71.6129
52 -33.0626 -71.6128
366 -33.0624 -71.6126
14 -33.0626 -71.6121
976 -33.0646 -71.6121
480 -33.0628 -71.6121
413 -33.0629 -71.612
582 -33.0624 -71.6121
370 -33.0618 -71.612
700 -33.0621 -71.612
407 -33.0621 -71.612
387 -33.0617 -71.612
224 -33.061 -71.6123
679 -33.061 -71.6123
816 -33.061 -71.6123
347 -33.061 -71.6124
575 -33.0608 -71.6125
146 -33.0609 -71.6124
986 -33.0609 -71.6124
160 -33.0612 -71.6122
255 -33.0615 -71.6121
577 -33.0616 -71.6121
789 -33.0617 -71.612
269 -33.0613 -71.6122
310 -33.0612 -71.6122
693 -33.0613 -71.6122
747 -33.0613 -71.6122
408 -33.0619 -71.612
733 -33.0623 -71.612
869 -33.0637 -71.6117
640 -33.0637 -71.6117
285 -33.062 -71.612
251 -33.0619 -71.612
674 -33.0619 -71.612
705 -33.0619 -71.6119
642 -33.063 -71.6113
790 -33.064 -71.6108
482 -33.0649 -71.6107
499 -33.064 -71.6107
523 -33.0639 -71.6112
561 -33.0631 -71.6112
209 -33.0631 -71.6112
11 -33.0637 -71.6109
452 -33.0619 -71.6118
537 -33.0619 -71.612
934 -33.0619 -71.6112
918 -33.0618 -71.611
878 -33.0618 -71.6109
272 -33.0608 -71.612
627 -33.0609 -71.6115
12 -33.0612 -71.6115
297 -33.0618 -71.6108
489 -33.0618 -71.6108
474 -33.0618 -71.6108
43 -33.0618 -71.6106
458 -33.0617 -71.6107
903 -33.0614 -71.6107
740 -33.0617 -71.6107
22 -33.0607 -71.6126
70 -33.0599 -71.6128
414 -33.06 -71.6128
334 -33.06 -71.6128
837 -33.0599 -71.6128
661 -33.0597 -71.6128
87 -33.0597 -71.6128
295 -33.0598 -71.6128
324 -33.0601 -71.6128
200 -33.0603 -71.6128
69 -33.0605 -71.6128
641 -33.0606 -71.6127
208 -33.0603 -71.6128
615 -33.0601 -71.6128
863 -33.0602 -71.6128
202 -33.0602 -71.6128
607 -33.0597 -71.6128
738 -33.0593 -71.6129
19 -33.0594 -71.6129
919 -33.0594 -71.6129
730 -33.0593 -71.6129
599 -33.0593 -71.6129
437 -33.0593 -71.6129
82 -33.0593 -71.6129
265 -33.0595 -71.6128
498 -33.0596 -71.6128
235 -33.0596 -71.6128
771 -33.0595 -71.6128
877 -33.0595 -71.6127
801 -33.0592 -71.6128
742 -33.0589 -71.6128
386 -33.0589 -71.6127
759 -33.0606 -71.6127
309 -33.0607 -71.6126
603 -33.0605 -71.6121
237 -33.0603 -71.6124
991 -33.0595 -71.6125
955 -33.0595 -71.612
601 -33.0603 -71.6118
368 -33.0598 -71.6116
252 -33.0605 -71.6116
307 -33.0607 -71.6116
876 -33.0603 -71.611
909 -33.0598 -71.6106
376 -33.0595 -71.6109
743 -33.0595 -71.6109
602 -33.0594 -71.6108
998 -33.0594 -71.6107
23 -33.0592 -71.6126
303 -33.0591 -71.6125
216 -33.0592 -71.6123
676 -33.0591 -71.6122
20 -33.0589 -71.6127
29 -33.0588 -71.6126
905 -33.0588 -71.6121
560 -33.0588 -71.6117
298 -33.0593 -71.6116
563 -33.0593 -71.6116
706 -33.0594 -71.6112
187 -33.0592 -71.6112
259 -33.0589 -71.6112
748 -33.0589 -71.6112
636 -33.0586 -71.6149
66 -33.0584 -71.6173
100 -33.0583 -71.6169
262 -33.0583 -71.6157
593 -33.0582 -71.6157
364 -33.058 -71.6177
904 -33.058 -71.6176
961 -33.0581 -71.6175
431 -33.0584 -71.6156
343 -33.0583 -71.6151
739 -33.0582 -71.615
177 -33.0582 -71.615
148 -33.0582 -71.615
430 -33.0581 -71.615
756 -33.058 -71.615
385 -33.0579 -71.615
783 -33.0579 -71.615
979 -33.0574 -71.6181
165 -33.0577 -71.6179
130 -33.0577 -71.6179
10 -33.0574 -71.6182
786 -33.0572 -71.6183
949 -33.0573 -71.6182
983 -33.0574 -71.6182
109 -33.0577 -71.6179
632 -33.0578 -71.615
835 -33.0579 -71.6149
361 -33.0578 -71.6149
185 -33.0577 -71.6149
494 -33.057 -71.6172
964 -33.0571 -71.617
749 -33.0576 -71.6149
250 -33.0576 -71.6149
93 -33.0583 -71.6149
678 -33.0576 -71.6149
812 -33.0576 -71.6149
163 -33.0575 -71.6149
852 -33.0574 -71.6149
500 -33.0574 -71.6149
659 -33.0574 -71.6149
399 -33.0583 -71.6149
795 -33.0584 -71.6148
116 -33.0584 -71.6148
421 -33.0584 -71.6148
340 -33.0584 -71.6148
323 -33.0582 -71.6148
105 -33.0583 -71.6148
721 -33.0583 -71.6148
181 -33.0573 -71.6148
38 -33.0573 -71.6149
111 -33.0573 -71.6148
75 -33.0573 -71.6148
315 -33.0572 -71.6148
144 -33.0572 -71.6148
195 -33.0572 -71.6148
5 -33.0571 -71.6148
496 -33.0571 -71.6148
304 -33.0571 -71.6148
497 -33.0571 -71.6148
226 -33.0571 -71.6148
24 -33.057 -71.6148
647 -33.057 -71.6148
890 -33.057 -71.6148
176 -33.0567 -71.6148
708 -33.0562 -71.6181
353 -33.0562 -71.6162
589 -33.0562 -71.616
170 -33.0562 -71.616
409 -33.056 -71.618
511 -33.056 -71.618
598 -33.056 -71.6162
333 -33.0561 -71.616
889 -33.0562 -71.616
573 -33.0562 -71.6159
829 -33.0562 -71.6158
54 -33.0561 -71.6159
113 -33.056 -71.616
605 -33.0559 -71.6159
639 -33.0559 -71.6159
155 -33.0559 -71.6159
629 -33.0553 -71.6176
710 -33.0557 -71.6165
92 -33.0557 -71.6165
427 -33.0552 -71.6178
516 -33.0545 -71.6184
509 -33.055 -71.6181
849 -33.0552 -71.6178
987 -33.0558 -71.6164
25 -33.0559 -71.6163
763 -33.0556 -71.6159
794 -33.0555 -71.6159
157 -33.0555 -71.6159
635 -33.0551 -71.6158
610 -33.0548 -71.6158
416 -33.0561 -71.6157
53 -33.0564 -71.615
652 -33.0564 -71.615
999 -33.0564 -71.615
692 -33.0562 -71.6151
900 -33.0561 -71.6152
697 -33.0562 -71.6152
479 -33.0562 -71.6151
191 -33.0564 -71.615
13 -33.0566 -71.6149
572 -33.0566 -71.6149
940 -33.0566 -71.6148
859 -33.0565 -71.6149
174 -33.0564 -71.615
273 -33.0564 -71.615
313 -33.0565 -71.615
217 -33.0561 -71.6152
644 -33.0543 -71.6157
911 -33.0542 -71.6156
239 -33.0561 -71.6156
764 -33.054 -71.6156
938 -33.0529 -71.6156
205 -33.053 -71.6155
820 -33.053 -71.6155
277 -33.053 -71.6155
453 -33.056 -71.6155
529 -33.056 -71.6153
712 -33.0561 -71.6152
263 -33.056 -71.6154
988 -33.0531 -71.6155
883 -33.056 -71.6154
796 -33.057 -71.6148
734 -33.0585 -71.6147
571 -33.0584 -71.6138
211 -33.0585 -71.6137
175 -33.0584 -71.6139
948 -33.0582 -71.6142
551 -33.0582 -71.6142
521 -33.0583 -71.6134
881 -33.0583 -71.6134
18 -33.0584 -71.613
449 -33.0584 -71.613
534 -33.0584 -71.613
996 -33.0583 -71.613
227 -33.0582 -71.6131
203 -33.0583 -71.613
547 -33.0582 -71.613
963 -33.0582 -71.6131
476 -33.0581 -71.6144
68 -33.0581 -71.6144
713 -33.0581 -71.6144
831 -33.0579 -71.6139
377 -33.0577 -71.6145
885 -33.0577 -71.6144
389 -33.0579 -71.6139
687 -33.0581 -71.6138
848 -33.0581 -71.6133
623 -33.0581 -71.613
805 -33.0581 -71.613
212 -33.0581 -71.6136
591 -33.0576 -71.6134
520 -33.0577 -71.6131
35 -33.0577 -71.6131
42 -33.0585 -71.613
658 -33.0585 -71.613
562 -33.0585 -71.613
275 -33.0585 -71.613
214 -33.0583 -71.6127
210 -33.0582 -71.6128
872 -33.0583 -71.6127
645 -33.0583 -71.6127
842 -33.0583 -71.6126
197 -33.0585 -71.6124
151 -33.0584 -71.6117
815 -33.0585 -71.6113
558 -33.0584 -71.6106
108 -33.0582 -71.6123
606 -33.0583 -71.6113
542 -33.0582 -71.6106
775 -33.0581 -71.6125
725 -33.058 -71.613
588 -33.0579 -71.6129
791 -33.0578 -71.6129
186 -33.0578 -71.6129
649 -33.0578 -71.6129
666 -33.0578 -71.6129
638 -33.0577 -71.6129
442 -33.058 -71.6119
587 -33.058 -71.6115
770 -33.0581 -71.6113
821 -33.0581 -71.6108
15 -33.058 -71.6113
569 -33.0579 -71.6113
510 -33.0577 -71.6107
173 -33.0576 -71.6129
867 -33.0574 -71.6142
382 -33.0574 -71.6142
266 -33.0575 -71.614
17 -33.0574 -71.6144
625 -33.0573 -71.6147
91 -33.0574 -71.6146
260 -33.0574 -71.6145
253 -33.0575 -71.6139
40 -33.0574 -71.6135
566 -33.0576 -71.6129
270 -33.0575 -71.6128
33 -33.0574 -71.6128
429 -33.0573 -71.6137
536 -33.0573 -71.6136
508 -33.0573 -71.6128
906 -33.0572 -71.6128
115 -33.057 -71.6148
85 -33.0569 -71.6147
574 -33.0568 -71.6147
550 -33.0568 -71.6147
688 -33.0567 -71.6148
884 -33.0567 -71.6148
850 -33.0568 -71.6147
106 -33.0568 -71.6147
412 -33.0568 -71.6147
142 -33.0568 -71.6147
161 -33.0572 -71.6136
59 -33.0563 -71.6131
618 -33.056 -71.6131
380 -33.0561 -71.6131
617 -33.0572 -71.6128
914 -33.0572 -71.6127
683 -33.0569 -71.6126
717 -33.0569 -71.6126
188 -33.0565 -71.6124
568 -33.0564 -71.6124
851 -33.0554 -71.6124
758 -33.0563 -71.6124
44 -33.0562 -71.6124
861 -33.0575 -71.6119
681 -33.0575 -71.6116
673 -33.0574 -71.6106
346 -33.056 -71.6123
559 -33.0556 -71.6123
862 -33.0544 -71.6123
604 -33.0537 -71.6113
81 -33.0536 -71.6113
553 -33.0534 -71.6122
972 -33.0529 -71.6121
793 -33.0528 -71.6121
827 -33.052 -71.6118
101 -33.0498 -71.6123
447 -33.0512 -71.612
9 -33.0519 -71.6118
901 -33.0535 -71.6114
348 -33.0536 -71.6114
696 -33.0501 -71.6107
735 -33.0501 -71.6106
802 -33.0501 -71.6107
322 -33.0501 -71.6108
139 -33.0501 -71.6107
372 -33.0582 -71.6106
420 -33.0647 -71.6105
326 -33.0646 -71.6102
63 -33.0632 -71.61
774 -33.0631 -71.6104
858 -33.063 -71.6099
282 -33.063 -71.6099
715 -33.0624 -71.6096
470 -33.0623 -71.6096
677 -33.0644 -71.6095
469 -33.0637 -71.6095
335 -33.0634 -71.6092
473 -33.0632 -71.6093
422 -33.062 -71.6095
438 -33.0628 -71.6092
664 -33.062 -71.6092
818 -33.0618 -71.6105
62 -33.0615 -71.6104
581 -33.0617 -71.6103
576 -33.0617 -71.6103
646 -33.0615 -71.6104
26 -33.061 -71.6103
879 -33.0614 -71.6102
60 -33.0614 -71.6102
608 -33.0613 -71.61
532 -33.0618 -71.6094
952 -33.0613 -71.6094
183 -33.0613 -71.6094
94 -33.0612 -71.6098
970 -33.0608 -71.6096
328 -33.0612 -71.6093
690 -33.0611 -71.6093
79 -33.0638 -71.6092
944 -33.0624 -71.6091
723 -33.0623 -71.6091
219 -33.0623 -71.6091
714 -33.0614 -71.6089
757 -33.061 -71.6092
471 -33.061 -71.6091
981 -33.0611 -71.6089
461 -33.061 -71.6086
350 -33.0624 -71.6083
463 -33.0625 -71.608
225 -33.0631 -71.6077
156 -33.0623 -71.6083
72 -33.0622 -71.6085
419 -33.0617 -71.608
398 -33.0613 -71.6077
369 -33.0609 -71.6089
752 -33.0609 -71.6089
653 -33.0609 -71.6089
741 -33.0609 -71.6089
192 -33.0608 -71.6086
832 -33.0608 -71.6088
71 -33.0607 -71.6086
624 -33.0607 -71.6086
882 -33.0607 -71.6085
736 -33.0606 -71.6085
746 -33.0606 -71.6085
753 -33.0607 -71.6079
294 -33.0606 -71.6085
788 -33.0605 -71.6085
199 -33.0605 -71.6084
138 -33.0605 -71.6096
415 -33.0603 -71.6104
97 -33.0603 -71.6101
73 -33.0605 -71.6093
190 -33.0602 -71.6104
886 -33.0602 -71.6103
305 -33.0601 -71.6101
866 -33.0596 -71.6098
626 -33.06 -71.6088
375 -33.0604 -71.6083
332 -33.0602 -71.6083
103 -33.0601 -71.6082
132 -33.06 -71.6088
810 -33.0598 -71.6082
167 -33.0598 -71.6082
242 -33.0598 -71.608
141 -33.0595 -71.6098
765 -33.0592 -71.6104
391 -33.059 -71.6101
143 -33.0595 -71.6098
362 -33.0589 -71.6095
657 -33.0586 -71.6101
433 -33.0583 -71.6099
856 -33.0587 -71.6093
931 -33.0587 -71.6089
236 -33.0588 -71.6088
2 -33.0592 -71.6088
308 -33.0591 -71.6081
554 -33.0587 -71.6083
257 -33.0583 -71.6087
675 -33.0584 -71.608
896 -33.0584 -71.608
339 -33.0598 -71.6079
468 -33.0601 -71.6079
888 -33.0601 -71.6078
215 -33.0598 -71.6079
846 -33.059 -71.6079
813 -33.0597 -71.6079
232 -33.0597 -71.6079
839 -33.0596 -71.6078
997 -33.0605 -71.6077
556 -33.0604 -71.6077
395 -33.0603 -71.6077
287 -33.0603 -71.6077
229 -33.0599 -71.6078
737 -33.0601 -71.6077
194 -33.0591 -71.6077
528 -33.059 -71.6079
667 -33.0588 -71.6078
359 -33.0588 -71.6078
921 -33.0588 -71.6078
289 -33.0587 -71.6079
965 -33.0584 -71.608
959 -33.0584 -71.608
616 -33.0585 -71.608
929 -33.0589 -71.6078
264 -33.0589 -71.6078
682 -33.0589 -71.6077
299 -33.059 -71.6077
410 -33.0589 -71.6078
913 -33.0589 -71.6078
871 -33.0589 -71.6078
21 -33.0592 -71.6076
400 -33.0631 -71.6075
478 -33.0622 -71.6074
331 -33.0642 -71.6068
833 -33.0619 -71.6069
977 -33.0617 -71.6073
785 -33.0614 -71.6071
662 -33.0619 -71.6068
836 -33.0613 -71.6068
441 -33.0634 -71.6065
291 -33.0637 -71.6064
296 -33.0638 -71.6064
147 -33.0633 -71.6065
672 -33.0625 -71.6068
923 -33.0618 -71.6064
557 -33.0623 -71.6063
56 -33.0613 -71.6071
502 -33.0607 -71.6074
365 -33.0607 -71.6071
966 -33.0613 -71.607
325 -33.0607 -71.6076
912 -33.0602 -71.6072
281 -33.0602 -71.607
300 -33.0606 -71.6068
808 -33.0612 -71.6068
381 -33.0611 -71.6066
159 -33.0609 -71.6065
137 -33.0609 -71.6065
925 -33.0607 -71.6064
321 -33.0601 -71.6067
772 -33.0601 -71.6065
83 -33.0601 -71.6063
592 -33.0623 -71.6062
924 -33.064 -71.6061
870 -33.0648 -71.606
90 -33.0644 -71.6059
112 -33.0632 -71.6062
78 -33.0631 -71.6062
922 -33.0629 -71.6061
769 -33.0625 -71.6057
825 -33.0623 -71.6056
169 -33.0622 -71.6055
620 -33.0622 -71.6055
857 -33.0624 -71.6055
843 -33.0622 -71.6055
622 -33.0621 -71.6054
261 -33.062 -71.6054
32 -33.0616 -71.605
293 -33.0615 -71.6049
845 -33.0606 -71.6056
505 -33.0606 -71.6055
284 -33.0606 -71.6055
16 -33.0605 -71.6057
120 -33.0601 -71.606
544 -33.0602 -71.606
172 -33.0605 -71.6057
491 -33.061 -71.6055
951 -33.0612 -71.6049
158 -33.0615 -71.6049
99 -33.0614 -71.6048
349 -33.0608 -71.6053
417 -33.0607 -71.6054
669 -33.0608 -71.6054
243 -33.0601 -71.6065
720 -33.0593 -71.6076
989 -33.0593 -71.6076
731 -33.0594 -71.6076
245 -33.0593 -71.6076
691 -33.0592 -71.6076
806 -33.0593 -71.6076
371 -33.0593 -71.6076
122 -33.0594 -71.6076
46 -33.0601 -71.6072
404 -33.0595 -71.6065
954 -33.0594 -71.6064
397 -33.0592 -71.6074
378 -33.0592 -71.6068
671 -33.0591 -71.6067
247 -33.0591 -71.6065
280 -33.0591 -71.6075
110 -33.0584 -71.6073
887 -33.0585 -71.6067
980 -33.0584 -71.6067
168 -33.0584 -71.6067
182 -33.0583 -71.6071
41 -33.0583 -71.6067
552 -33.0583 -71.6067
555 -33.0587 -71.6066
126 -33.0588 -71.6066
704 -33.0588 -71.6066
67 -33.0588 -71.6065
184 -33.0586 -71.6066
567 -33.0586 -71.6066
6 -33.0586 -71.6066
125 -33.0594 -71.6064
129 -33.0601 -71.6063
311 -33.06 -71.6062
8 -33.06 -71.6062
411 -33.0599 -71.6062
267 -33.0593 -71.6064
873 -33.0593 -71.6064
910 -33.0597 -71.6063
670 -33.0601 -71.6061
230 -33.0601 -71.6061
276 -33.0601 -71.6061
30 -33.0595 -71.6045
1 -33.0595 -71.6051
256 -33.0594 -71.6055
406 -33.0594 -71.6052
826 -33.0594 -71.6044
578 -33.0593 -71.6064
527 -33.0592 -71.6063
513 -33.0591 -71.6063
525 -33.059 -71.6063
628 -33.0588 -71.6062
840 -33.0584 -71.6062
782 -33.0583 -71.6062
223 -33.0585 -71.6062
984 -33.0583 -71.6058
221 -33.0591 -71.6054
196 -33.0587 -71.6051
957 -33.0587 -71.6051
149 -33.0587 -71.605
595 -33.0583 -71.6051
937 -33.0586 -71.6051
875 -33.0583 -71.6091
517 -33.0577 -71.6102
384 -33.0577 -71.6102
745 -33.0582 -71.6101
336 -33.0575 -71.6101
540 -33.0575 -71.6103
358 -33.0574 -71.6101
915 -33.0574 -71.6101
895 -33.0573 -71.61
975 -33.0579 -71.6099
268 -33.058 -71.6099
454 -33.0582 -71.609
874 -33.0576 -71.6088
621 -33.0572 -71.6099
65 -33.0574 -71.6096
744 -33.0575 -71.6096
388 -33.0572 -71.6099
345 -33.0557 -71.6104
278 -33.0559 -71.6103
27 -33.056 -71.6103
337 -33.055 -71.6104
31 -33.0544 -71.6105
77 -33.0546 -71.6105
780 -33.0548 -71.6104
920 -33.0564 -71.6101
995 -33.0567 -71.6096
180 -33.0567 -71.6096
894 -33.0563 -71.6095
162 -33.0558 -71.6092
401 -33.0552 -71.6098
133 -33.0553 -71.6096
74 -33.0554 -71.6094
535 -33.0575 -71.6088
650 -33.0582 -71.6084
800 -33.0581 -71.6083
363 -33.0549 -71.6083
240 -33.0549 -71.6083
425 -33.0548 -71.6084
178 -33.0548 -71.6084
828 -33.0548 -71.6084
244 -33.058 -71.6083
811 -33.0579 -71.6083
570 -33.0579 -71.6082
39 -33.0579 -71.6082
847 -33.055 -71.6082
153 -33.0549 -71.6083
64 -33.0549 -71.6083
654 -33.055 -71.6083
481 -33.0548 -71.6084
956 -33.0546 -71.6085
457 -33.0546 -71.6085
807 -33.0546 -71.6085
634 -33.0546 -71.6085
231 -33.0545 -71.6085
823 -33.0545 -71.6085
119 -33.0544 -71.6085
418 -33.0544 -71.6085
234 -33.0544 -71.6085
701 -33.0544 -71.6085
590 -33.0544 -71.6085
680 -33.0543 -71.6085
728 -33.0542 -71.6085
0 -33.0541 -71.6085
637 -33.0541 -71.6085
660 -33.0536 -71.6105
314 -33.0536 -71.6105
834 -33.0538 -71.6105
394 -33.0536 -71.6105
855 -33.0535 -71.6105
732 -33.0509 -71.6102
643 -33.0509 -71.6101
939 -33.051 -71.6101
724 -33.0513 -71.6098
530 -33.0514 -71.6097
968 -33.0517 -71.6094
152 -33.0513 -71.6098
755 -33.0511 -71.61
55 -33.0513 -71.6098
722 -33.0513 -71.6098
484 -33.0509 -71.6102
982 -33.0502 -71.6103
718 -33.0502 -71.6102
583 -33.0507 -71.6102
633 -33.0501 -71.6104
784 -33.0501 -71.6106
220 -33.0501 -71.6105
222 -33.0501 -71.6105
493 -33.0506 -71.6102
935 -33.0505 -71.6102
485 -33.0505 -71.6102
88 -33.0505 -71.6102
80 -33.0505 -71.6102
34 -33.0504 -71.6101
360 -33.0503 -71.6101
716 -33.0519 -71.6091
462 -33.0537 -71.6085
538 -33.054 -71.6085
648 -33.0539 -71.6085
374 -33.0536 -71.6085
302 -33.0536 -71.6085
515 -33.0536 -71.6085
432 -33.0535 -71.6085
612 -33.0534 -71.6085
960 -33.0533 -71.6084
218 -33.0532 -71.6084
519 -33.0531 -71.6084
586 -33.0531 -71.6084
778 -33.0531 -71.6084
541 -33.053 -71.6084
854 -33.053 -71.6083
84 -33.053 -71.6083
933 -33.0521 -71.6087
283 -33.0521 -71.6086
440 -33.0522 -71.6084
48 -33.0521 -71.6088
383 -33.052 -71.6091
694 -33.052 -71.609
799 -33.0513 -71.6084
631 -33.053 -71.6083
436 -33.0529 -71.6083
36 -33.0528 -71.6083
868 -33.0528 -71.6083
50 -33.0528 -71.6083
941 -33.0526 -71.6082
897 -33.0526 -71.6082
630 -33.0578 -71.6082
594 -33.0579 -71.6082
37 -33.0579 -71.6082
28 -33.0581 -71.6081
45 -33.0578 -71.6082
699 -33.0577 -71.6082
514 -33.0577 -71.6082
426 -33.0577 -71.6081
490 -33.0581 -71.6081
609 -33.0582 -71.6081
993 -33.0581 -71.6078
445 -33.0582 -71.6078
613 -33.0577 -71.6073
193 -33.0577 -71.6076
319 -33.0577 -71.6076
390 -33.0577 -71.6072
584 -33.0576 -71.6081
131 -33.0576 -71.6081
114 -33.0576 -71.6081
893 -33.0575 -71.6081
684 -33.0575 -71.6081
663 -33.0574 -71.6081
330 -33.0574 -71.6081
451 -33.0573 -71.6081
824 -33.0573 -71.608
814 -33.0572 -71.608
3 -33.0571 -71.608
459 -33.0571 -71.607
486 -33.0571 -71.608
841 -33.057 -71.6071
246 -33.057 -71.607
969 -33.057 -71.607
95 -33.0571 -71.607
689 -33.0581 -71.6067
104 -33.0581 -71.6067
492 -33.0581 -71.6062
135 -33.0579 -71.6068
953 -33.0578 -71.6068
47 -33.0579 -71.6068
503 -33.0578 -71.6066
357 -33.0578 -71.6062
990 -33.058 -71.6062
136 -33.0582 -71.6059
564 -33.0583 -71.6057
477 -33.058 -71.6059
316 -33.0577 -71.6058
460 -33.0578 -71.6058
776 -33.0579 -71.6045
768 -33.0576 -71.6049
344 -33.0574 -71.6069
936 -33.0575 -71.6069
926 -33.0575 -71.6069
396 -33.0574 -71.6069
928 -33.0572 -71.607
356 -33.0572 -71.6069
352 -33.0574 -71.6069
943 -33.0573 -71.6069
543 -33.0576 -71.6069
443 -33.0576 -71.6068
777 -33.0576 -71.6068
98 -33.0575 -71.6051
472 -33.0575 -71.6061
121 -33.0571 -71.6047
249 -33.057 -71.608
288 -33.0569 -71.608
798 -33.057 -71.608
338 -33.0569 -71.608
524 -33.0568 -71.608
865 -33.0568 -71.608
974 -33.0568 -71.608
4 -33.0566 -71.608
817 -33.0565 -71.608
750 -33.0564 -71.608
539 -33.0564 -71.608
439 -33.0564 -71.608
526 -33.0563 -71.608
317 -33.0562 -71.608
932 -33.0562 -71.608
465 -33.0562 -71.608
695 -33.0562 -71.6079
76 -33.0551 -71.6082
207 -33.0551 -71.6081
444 -33.0551 -71.6081
213 -33.0525 -71.6082
206 -33.0522 -71.6082
140 -33.0524 -71.6081
318 -33.0524 -71.6081
853 -33.0523 -71.6081
522 -33.0552 -71.6081
86 -33.0553 -71.608
258 -33.0561 -71.6079
548 -33.0552 -71.6081
665 -33.0552 -71.6081
709 -33.0552 -71.6081
518 -33.0554 -71.6079
985 -33.056 -71.6079
379 -33.0564 -71.6075
164 -33.0562 -71.6074
428 -33.056 -71.6075
58 -33.056 -71.6079
656 -33.0558 -71.6079
651 -33.056 -71.6076
766 -33.0565 -71.6073
898 -33.0568 -71.6072
702 -33.0568 -71.6071
781 -33.0569 -71.6046
507 -33.0564 -71.6044
792 -33.0559 -71.6043
729 -33.0559 -71.6043
533 -33.0559 -71.6043
312 -33.0557 -71.6077
96 -33.0555 -71.6078
779 -33.0557 -71.6078
719 -33.0557 -71.6078
947 -33.0555 -71.6078
685 -33.0554 -71.6079
804 -33.0554 -71.6079
596 -33.0555 -71.6078
241 -33.0556 -71.6077
342 -33.0556 -71.6077
329 -33.0557 -71.6077
899 -33.0539 -71.6059
248 -33.0534 -71.6063
435 -33.0522 -71.6075
971 -33.0534 -71.6064
