327 -33.0531 -71.6246
315 -33.053 -71.6246
678 -33.0532 -71.6246
38 -33.0529 -71.6246
226 -33.0528 -71.6246
796 -33.0527 -71.6245
5 -33.0526 -71.6245
930 -33.0537 -71.6245
266 -33.0537 -71.6245
880 -33.0542 -71.6243
177 -33.0538 -71.6241
253 -33.0537 -71.6245
487 -33.0535 -71.624
260 -33.0534 -71.6239
500 -33.0531 -71.6238
647 -33.0526 -71.6245
479 -33.0519 -71.6246
115 -33.0526 -71.6245
497 -33.0526 -71.6245
217 -33.0519 -71.6246
829 -33.0515 -71.6252
883 -33.0518 -71.625
109 -33.0519 -71.6248
142 -33.0525 -71.6245
85 -33.0525 -71.6245
66 -33.0524 -71.6244
550 -33.0524 -71.6244
176 -33.0523 -71.6244
940 -33.0521 -71.6244
961 -33.052 -71.6243
697 -33.0518 -71.6243
703 -33.0529 -71.6237
377 -33.054 -71.6226
210 -33.0539 -71.6226
179 -33.0535 -71.6224
646 -33.0533 -71.6188
890 -33.0527 -71.6237
313 -33.0521 -71.6235
355 -33.0521 -71.6199
57 -33.0531 -71.6188
668 -33.0531 -71.6187
413 -33.0527 -71.6187
869 -33.0535 -71.6186
765 -33.0526 -71.6186
189 -33.0524 -71.6186
963 -33.0524 -71.6186
367 -33.0524 -71.6186
341 -33.0521 -71.62
53 -33.052 -71.6234
761 -33.052 -71.62
838 -33.052 -71.62
973 -33.052 -71.6199
116 -33.0515 -71.6212
547 -33.0516 -71.62
775 -33.0518 -71.6199
713 -33.0518 -71.6199
456 -33.0521 -71.6198
919 -33.052 -71.6198
216 -33.0518 -71.6195
587 -33.0518 -71.6195
373 -33.0517 -71.6194
69 -33.0515 -71.6191
399 -33.0515 -71.6212
598 -33.0512 -71.6254
101 -33.0514 -71.6252
786 -33.0514 -71.6252
979 -33.051 -71.6243
92 -33.0507 -71.6251
987 -33.0508 -71.6251
589 -33.0508 -71.6243
34 -33.0505 -71.6239
493 -33.0507 -71.6238
732 -33.051 -71.6234
716 -33.0506 -71.6225
935 -33.0506 -71.6238
694 -33.0505 -71.6224
283 -33.0504 -71.6219
440 -33.0504 -71.6218
799 -33.0504 -71.6223
25 -33.0504 -71.6242
633 -33.0504 -71.6242
447 -33.0503 -71.6242
710 -33.0502 -71.6242
849 -33.0494 -71.6253
629 -33.0495 -71.6252
409 -33.0502 -71.6252
901 -33.0504 -71.6221
999 -33.0493 -71.622
597 -33.0493 -71.6212
144 -33.0493 -71.6211
111 -33.0493 -71.6211
859 -33.0492 -71.622
412 -33.0493 -71.6215
163 -33.0493 -71.621
852 -33.0493 -71.621
432 -33.0501 -71.6204
302 -33.05 -71.6204
637 -33.0497 -71.6201
831 -33.0496 -71.62
340 -33.0496 -71.62
448 -33.0496 -71.6199
687 -33.0496 -71.6199
680 -33.0495 -71.6197
542 -33.0513 -71.6189
301 -33.0513 -71.6189
881 -33.0512 -71.6186
816 -33.0511 -71.6187
134 -33.0511 -71.6186
434 -33.0496 -71.6186
844 -33.0496 -71.6186
262 -33.0495 -71.6201
234 -33.0495 -71.6197
323 -33.0495 -71.6195
956 -33.0495 -71.6195
250 -33.0494 -71.6207
17 -33.0494 -71.6207
632 -33.0494 -71.6206
77 -33.0493 -71.6202
166 -33.0494 -71.6194
401 -33.0494 -71.6193
891 -33.0494 -71.6188
198 -33.0495 -71.6187
425 -33.0494 -71.6191
74 -33.0494 -71.6188
76 -33.0494 -71.6186
760 -33.05 -71.6186
582 -33.0522 -71.6185
774 -33.0539 -71.6184
560 -33.054 -71.6184
978 -33.0522 -71.6185
407 -33.052 -71.6185
537 -33.0519 -71.6184
408 -33.0516 -71.6184
475 -33.0541 -71.6172
842 -33.0529 -71.6158
464 -33.0525 -71.6157
640 -33.0525 -71.6157
950 -33.0525 -71.6157
608 -33.0524 -71.6157
60 -33.0522 -71.6157
879 -33.0522 -71.6157
370 -33.0516 -71.6184
255 -33.0515 -71.6184
743 -33.0515 -71.6164
389 -33.0515 -71.6163
549 -33.0513 -71.6184
376 -33.0512 -71.6185
42 -33.0506 -71.6184
361 -33.0505 -71.6184
602 -33.0504 -71.6158
123 -33.0505 -71.6157
955 -33.0505 -71.6157
726 -33.0505 -71.6157
279 -33.0505 -71.6157
107 -33.0503 -71.6158
693 -33.0503 -71.6158
520 -33.0503 -71.6158
818 -33.0522 -71.6157
118 -33.0541 -71.6156
945 -33.0539 -71.6156
872 -33.054 -71.6156
976 -33.0539 -71.6156
20 -33.0524 -71.6156
482 -33.0538 -71.6156
991 -33.0538 -71.6156
297 -33.0532 -71.6155
561 -33.053 -71.6154
948 -33.054 -71.6146
994 -33.0531 -71.6139
483 -33.0528 -71.6153
531 -33.0527 -71.6152
501 -33.0526 -71.6152
124 -33.0526 -71.6152
286 -33.0521 -71.6156
18 -33.0514 -71.6156
356 -33.0519 -71.6152
931 -33.0519 -71.615
822 -33.0511 -71.6156
450 -33.051 -71.6156
476 -33.0506 -71.6155
251 -33.0506 -71.6155
943 -33.0519 -71.615
936 -33.052 -71.6149
578 -33.0519 -71.6135
507 -33.0519 -71.6134
299 -33.0517 -71.6139
268 -33.0513 -71.6143
792 -33.0517 -71.6139
269 -33.0502 -71.6158
698 -33.05 -71.6178
754 -33.05 -71.6178
455 -33.05 -71.6178
809 -33.0496 -71.6177
804 -33.0493 -71.6184
86 -33.0493 -71.6184
803 -33.0494 -71.6177
730 -33.0489 -71.6169
290 -33.0494 -71.6165
819 -33.0494 -71.6164
488 -33.0494 -71.6164
684 -33.0491 -71.6163
246 -33.049 -71.6167
841 -33.049 -71.6166
95 -33.0491 -71.6164
656 -33.0489 -71.618
767 -33.0487 -71.6177
428 -33.0487 -71.6176
992 -33.0487 -71.6176
812 -33.0487 -71.6177
864 -33.0486 -71.6179
180 -33.0487 -71.6178
466 -33.0486 -71.6177
539 -33.0487 -71.6175
750 -33.0488 -71.6173
379 -33.0488 -71.6173
524 -33.0489 -71.617
292 -33.0488 -71.6174
164 -33.0487 -71.6175
254 -33.0488 -71.6174
352 -33.0491 -71.6162
580 -33.0498 -71.6157
442 -33.0499 -71.6157
146 -33.0498 -71.6157
271 -33.0498 -71.6157
641 -33.0496 -71.6161
150 -33.0496 -71.6161
184 -33.0494 -71.6147
871 -33.0494 -71.6147
887 -33.0495 -71.6142
415 -33.0496 -71.6137
257 -33.0496 -71.6133
554 -33.0495 -71.6143
921 -33.0494 -71.6147
141 -33.0494 -71.6146
682 -33.0494 -71.6144
6 -33.0494 -71.6148
426 -33.0492 -71.6159
570 -33.0492 -71.6158
953 -33.0492 -71.6156
443 -33.0492 -71.6159
396 -33.0491 -71.6161
543 -33.0491 -71.6161
699 -33.0492 -71.616
609 -33.0493 -71.6154
959 -33.0493 -71.6151
41 -33.0493 -71.615
433 -33.0493 -71.615
893 -33.0493 -71.6151
689 -33.0493 -71.6154
391 -33.0493 -71.6151
258 -33.0486 -71.6179
889 -33.0474 -71.6224
983 -33.0474 -71.6221
453 -33.0474 -71.622
318 -33.0474 -71.622
605 -33.0473 -71.6228
263 -33.0473 -71.6218
130 -33.0473 -71.6218
897 -33.0473 -71.6218
206 -33.0485 -71.6216
213 -33.0481 -71.6214
884 -33.0474 -71.6208
612 -33.0474 -71.6208
529 -33.0472 -71.6217
586 -33.0473 -71.6212
191 -33.0473 -71.6212
834 -33.0472 -71.6213
900 -33.0472 -71.6216
36 -33.0472 -71.6216
394 -33.0472 -71.6216
868 -33.0472 -71.6215
511 -33.0464 -71.6229
708 -33.0466 -71.6229
383 -33.0471 -71.6228
692 -33.0472 -71.6215
660 -33.0472 -71.6215
631 -33.0472 -71.6214
854 -33.0472 -71.6213
435 -33.0464 -71.6208
573 -33.0464 -71.621
862 -33.0464 -71.6209
941 -33.0464 -71.6209
688 -33.0474 -71.6206
374 -33.0482 -71.6204
195 -33.0476 -71.6202
780 -33.048 -71.6202
462 -33.0475 -71.6206
106 -33.0473 -71.6202
574 -33.0473 -71.6202
850 -33.0472 -71.6202
572 -33.047 -71.6201
830 -33.0477 -71.6199
337 -33.0478 -71.6199
701 -33.0478 -71.6198
496 -33.0477 -71.62
13 -33.047 -71.6201
0 -33.0476 -71.62
504 -33.0476 -71.6197
273 -33.0468 -71.6201
778 -33.0466 -71.6204
436 -33.0466 -71.6204
541 -33.0466 -71.6204
855 -33.0465 -71.6205
314 -33.0465 -71.6205
712 -33.0465 -71.6204
84 -33.0464 -71.6203
165 -33.0464 -71.6203
174 -33.0468 -71.6201
904 -33.0468 -71.62
851 -33.0468 -71.6197
218 -33.0466 -71.6202
50 -33.0463 -71.6203
519 -33.0466 -71.6202
139 -33.0463 -71.6247
820 -33.0463 -71.6247
205 -33.0463 -71.6247
938 -33.0462 -71.6247
802 -33.0462 -71.6246
322 -33.0462 -71.6246
277 -33.0462 -71.6246
696 -33.0461 -71.6245
735 -33.0462 -71.6244
516 -33.046 -71.6244
222 -33.0459 -71.6244
755 -33.046 -71.6232
9 -33.0459 -71.6233
360 -33.0459 -71.6242
484 -33.0458 -71.6235
939 -33.0459 -71.6234
911 -33.0458 -71.6236
718 -33.0458 -71.6242
80 -33.0456 -71.624
485 -33.0457 -71.6239
982 -33.0443 -71.624
220 -33.044 -71.6242
784 -33.044 -71.6242
988 -33.0442 -71.6241
88 -33.0447 -71.6238
764 -33.0458 -71.6237
509 -33.0458 -71.6237
583 -33.0458 -71.6237
427 -33.0451 -71.6232
643 -33.0449 -71.6235
827 -33.0451 -71.6232
55 -33.046 -71.6231
722 -33.0461 -71.623
152 -33.0462 -71.623
530 -33.0462 -71.623
81 -33.0461 -71.6217
794 -33.046 -71.6218
933 -33.046 -71.6218
348 -33.0461 -71.6217
639 -33.0461 -71.6215
113 -33.0462 -71.6214
170 -33.0463 -71.6213
239 -33.0463 -71.6203
10 -33.0461 -71.6202
949 -33.0461 -71.6202
853 -33.046 -71.6202
416 -33.046 -71.6202
140 -33.046 -71.6202
793 -33.0456 -71.6224
972 -33.0456 -71.6223
635 -33.0457 -71.6223
610 -33.0454 -71.6226
644 -33.0452 -71.623
724 -33.0453 -71.6228
968 -33.0454 -71.6226
157 -33.0459 -71.6219
553 -33.0459 -71.6219
48 -33.046 -71.6218
333 -33.0457 -71.6201
155 -33.0457 -71.6204
763 -33.0455 -71.6205
604 -33.0457 -71.6204
515 -33.0468 -71.6197
709 -33.0483 -71.6189
522 -33.0483 -71.6189
207 -33.0483 -71.6188
548 -33.0483 -71.6189
654 -33.0482 -71.619
27 -33.0482 -71.619
278 -33.0482 -71.619
665 -33.0483 -71.6188
495 -33.0485 -71.6183
787 -33.0486 -71.618
721 -33.0486 -71.6179
329 -33.0485 -71.6183
431 -33.0483 -71.6188
518 -33.0484 -71.6186
565 -33.0484 -71.6186
93 -33.0482 -71.6191
828 -33.048 -71.6194
783 -33.048 -71.6194
430 -33.048 -71.6193
481 -33.048 -71.6194
457 -33.0479 -71.6195
614 -33.0479 -71.6195
727 -33.0479 -71.6195
363 -33.0481 -71.6193
240 -33.0481 -71.6192
64 -33.0481 -71.6191
860 -33.0478 -71.6173
320 -33.0476 -71.6173
685 -33.0475 -71.6175
947 -33.0476 -71.6173
920 -33.0476 -71.6172
596 -33.0475 -71.6172
546 -33.0485 -71.6164
117 -33.0483 -71.6163
892 -33.0479 -71.6163
439 -33.0478 -71.6164
805 -33.0478 -71.6167
465 -33.0478 -71.6166
932 -33.0478 -71.6165
908 -33.0478 -71.6162
801 -33.0483 -71.6148
445 -33.0484 -71.6142
67 -33.0486 -71.6133
777 -33.0483 -71.6149
817 -33.0479 -71.6162
336 -33.048 -71.6159
974 -33.048 -71.6158
545 -33.0477 -71.6162
894 -33.0476 -71.617
638 -33.0477 -71.617
651 -33.0477 -71.6169
342 -33.0476 -71.6171
795 -33.0475 -71.6172
779 -33.0476 -71.6172
719 -33.0476 -71.6172
58 -33.0477 -71.6169
946 -33.0476 -71.6162
837 -33.0475 -71.6134
334 -33.0476 -71.6132
594 -33.0475 -71.6135
114 -33.0474 -71.6137
661 -33.0475 -71.6136
372 -33.0474 -71.6137
418 -33.0471 -71.6187
231 -33.0471 -71.6187
807 -33.0471 -71.6186
971 -33.0471 -71.6188
728 -33.047 -71.6191
304 -33.047 -71.6191
44 -33.047 -71.6189
178 -33.0472 -71.6183
345 -33.0473 -71.6181
847 -33.0473 -71.6181
444 -33.0474 -71.6178
683 -33.0473 -71.6181
153 -33.0473 -71.6182
666 -33.0472 -71.6161
96 -33.047 -71.6161
756 -33.0469 -71.6171
648 -33.0469 -71.6193
538 -33.0469 -71.6192
899 -33.0469 -71.6171
31 -33.0468 -71.6196
364 -33.0465 -71.6194
652 -33.0465 -71.6194
960 -33.0463 -71.6193
393 -33.0469 -71.6171
128 -33.0466 -71.6171
119 -33.0463 -71.617
823 -33.0462 -71.617
758 -33.0462 -71.617
590 -33.0462 -71.617
248 -33.0461 -71.617
148 -33.0466 -71.6161
835 -33.0472 -71.6143
655 -33.0473 -71.6141
729 -33.0473 -71.614
942 -33.0471 -71.6144
338 -33.0471 -71.6146
392 -33.0471 -71.6145
201 -33.0471 -71.6145
451 -33.0473 -71.614
131 -33.0473 -71.6139
926 -33.0474 -71.6138
630 -33.0473 -71.6134
599 -33.0473 -71.614
584 -33.0473 -71.6134
725 -33.0473 -71.6134
877 -33.0472 -71.6134
317 -33.047 -71.6154
385 -33.0464 -71.616
766 -33.0469 -71.6147
526 -33.0467 -71.6147
588 -33.0463 -71.6147
133 -33.0463 -71.616
75 -33.0457 -71.616
634 -33.0457 -71.616
312 -33.0461 -71.6146
330 -33.047 -71.6133
517 -33.0468 -71.6133
744 -33.0468 -71.6133
969 -33.0467 -71.6133
241 -33.046 -71.6146
898 -33.0465 -71.6132
104 -33.0476 -71.6132
19 -33.0529 -71.6121
790 -33.0527 -71.6121
326 -33.0526 -71.6121
420 -33.0524 -71.6121
686 -33.0519 -71.6131
414 -33.0524 -71.6121
576 -33.0523 -71.612
521 -33.0522 -71.612
772 -33.0531 -71.6115
810 -33.0531 -71.6115
132 -33.0532 -71.6115
43 -33.0523 -71.612
747 -33.0522 -71.612
463 -33.052 -71.6118
72 -33.0521 -71.6117
910 -33.0518 -71.6131
242 -33.0517 -71.6131
737 -33.0515 -71.6131
127 -33.0515 -71.6131
2 -33.0515 -71.6131
276 -33.0513 -71.6131
120 -33.0512 -71.6131
390 -33.0512 -71.6131
238 -33.0511 -71.6123
917 -33.0518 -71.612
523 -33.0514 -71.6119
305 -33.0515 -71.6115
569 -33.0513 -71.6117
874 -33.0512 -71.612
298 -33.0512 -71.612
866 -33.0512 -71.6119
592 -33.0533 -71.6115
873 -33.0538 -71.6113
970 -33.0538 -71.6111
98 -33.0538 -71.611
83 -33.0537 -71.6113
922 -33.0535 -71.6114
354 -33.0535 -71.611
579 -33.0531 -71.6109
368 -33.0529 -71.6107
467 -33.0527 -71.6104
619 -33.0525 -71.6101
259 -33.0525 -71.61
237 -33.0524 -71.6099
154 -33.0523 -71.6098
967 -33.0523 -71.6098
384 -33.0521 -71.6095
591 -33.0521 -71.6095
962 -33.0514 -71.6114
35 -33.0513 -71.6098
857 -33.0513 -71.6098
773 -33.0513 -71.6099
555 -33.0512 -71.6099
472 -33.0512 -71.6099
422 -33.0512 -71.6099
46 -33.0513 -71.6098
563 -33.0521 -71.6094
209 -33.052 -71.6093
636 -33.052 -71.6092
52 -33.0519 -71.6093
225 -33.0515 -71.6096
402 -33.0518 -71.6093
944 -33.0511 -71.61
675 -33.0511 -71.6131
811 -33.0511 -71.6131
556 -33.0511 -71.6131
51 -33.0511 -71.6131
642 -33.051 -71.6131
958 -33.0509 -71.6131
187 -33.0508 -71.6131
782 -33.0511 -71.6131
505 -33.0511 -71.6126
192 -33.0511 -71.6126
26 -33.0511 -71.6126
480 -33.0502 -71.613
762 -33.0502 -71.613
14 -33.05 -71.613
351 -33.05 -71.613
145 -33.05 -71.6114
97 -33.0499 -71.6129
199 -33.0498 -71.6124
321 -33.0498 -71.6124
229 -33.0498 -71.6124
295 -33.0498 -71.6129
375 -33.0498 -71.6126
319 -33.0498 -71.6124
284 -33.0499 -71.6121
856 -33.0499 -71.6118
704 -33.05 -71.6115
671 -33.05 -71.6114
669 -33.0499 -71.6119
882 -33.0499 -71.6121
349 -33.0499 -71.612
733 -33.0507 -71.6113
769 -33.0509 -71.6102
954 -33.0509 -71.6102
378 -33.0508 -71.6102
173 -33.0506 -71.6113
571 -33.0502 -71.6113
214 -33.0502 -71.6113
746 -33.0502 -71.6102
825 -33.0507 -71.6102
674 -33.0507 -71.6102
662 -33.0509 -71.6101
219 -33.051 -71.6101
470 -33.0506 -71.6102
622 -33.0503 -71.6102
94 -33.0503 -71.6101
110 -33.0502 -71.6101
32 -33.0501 -71.6105
29 -33.05 -71.6113
167 -33.05 -71.6111
316 -33.0501 -71.6109
981 -33.05 -71.6113
398 -33.0499 -71.6113
15 -33.0499 -71.6113
741 -33.0497 -71.6112
846 -33.0501 -71.6109
840 -33.0501 -71.6107
626 -33.0501 -71.6106
923 -33.0501 -71.6106
137 -33.0501 -71.6108
158 -33.0501 -71.6109
603 -33.0498 -71.61
400 -33.0519 -71.6092
528 -33.0537 -71.6085
300 -33.0535 -71.6085
748 -33.0534 -71.6085
474 -33.0533 -71.6084
291 -33.0532 -71.6084
677 -33.0531 -71.6084
808 -33.0531 -71.6084
281 -33.0529 -71.6083
331 -33.0528 -71.6083
491 -33.0526 -71.6082
419 -33.0526 -71.6082
63 -33.0526 -71.6082
280 -33.0525 -71.6082
925 -33.0525 -71.6082
886 -33.0525 -71.6082
159 -33.0525 -71.6081
366 -33.052 -71.6092
469 -33.052 -71.609
175 -33.052 -71.6088
751 -33.0519 -71.6092
307 -33.0519 -71.6092
627 -33.0519 -71.6092
513 -33.0519 -71.6092
679 -33.0522 -71.6082
112 -33.0524 -71.6081
606 -33.0524 -71.6081
876 -33.0523 -71.6081
525 -33.0522 -71.6081
454 -33.0518 -71.6081
362 -33.0518 -71.6081
672 -33.052 -71.608
977 -33.0519 -71.608
903 -33.0523 -71.608
581 -33.0522 -71.6077
303 -33.0522 -71.6077
311 -33.0522 -71.6077
332 -33.0522 -71.6074
558 -33.0522 -71.6073
499 -33.0522 -71.6073
79 -33.0522 -71.6073
768 -33.0529 -71.6065
147 -33.0525 -71.6048
441 -33.0536 -71.6047
870 -33.0524 -71.6048
40 -33.0521 -71.6072
506 -33.0521 -71.6072
129 -33.0521 -71.6072
196 -33.0521 -71.6079
461 -33.0521 -71.607
527 -33.052 -71.607
929 -33.052 -71.6069
335 -33.052 -71.6069
934 -33.052 -71.6076
510 -33.0518 -71.6076
657 -33.052 -71.6068
700 -33.0519 -71.6068
411 -33.052 -71.6068
223 -33.052 -71.6067
473 -33.0519 -71.6067
212 -33.0519 -71.6065
285 -33.0518 -71.6068
705 -33.0518 -71.6065
11 -33.0518 -71.6076
452 -33.0517 -71.609
61 -33.0515 -71.6088
12 -33.0514 -71.6088
927 -33.0513 -71.6087
190 -33.0512 -71.6089
274 -33.0512 -71.6086
676 -33.0509 -71.6085
535 -33.0511 -71.6085
797 -33.0513 -71.6079
848 -33.0514 -71.6077
296 -33.0517 -71.6075
512 -33.0513 -71.608
912 -33.0511 -71.6085
613 -33.0511 -71.6085
438 -33.051 -71.6074
424 -33.0509 -71.6085
723 -33.0504 -71.6088
937 -33.0504 -71.6088
888 -33.0508 -71.6085
984 -33.0503 -71.6092
843 -33.0501 -71.6091
503 -33.0501 -71.6091
261 -33.05 -71.6091
740 -33.0506 -71.6085
282 -33.0506 -71.6085
7 -33.0505 -71.6085
833 -33.0505 -71.6085
478 -33.0504 -71.6085
49 -33.05 -71.6084
715 -33.0499 -71.6084
138 -33.0506 -71.6073
858 -33.0518 -71.6063
645 -33.0517 -71.6062
168 -33.0517 -71.6062
551 -33.0517 -71.6062
477 -33.0516 -71.6068
918 -33.0514 -71.6059
878 -33.0513 -71.6059
980 -33.0515 -71.6057
489 -33.0514 -71.6056
924 -33.0516 -71.6051
90 -33.0517 -71.6047
221 -33.0514 -71.6053
540 -33.0513 -71.6053
156 -33.0513 -71.6053
73 -33.0512 -71.6052
458 -33.0511 -71.6058
664 -33.051 -71.6058
593 -33.0509 -71.6058
78 -33.0508 -71.6058
228 -33.0502 -71.6072
753 -33.0502 -71.6072
62 -33.05 -71.6072
350 -33.0499 -71.6072
421 -33.0507 -71.6057
227 -33.0507 -71.6057
532 -33.0506 -71.6057
557 -33.051 -71.6051
381 -33.0506 -71.6057
706 -33.0505 -71.6049
169 -33.0496 -71.6044
236 -33.0496 -71.6112
197 -33.0496 -71.6129
405 -33.0496 -71.6129
105 -33.0495 -71.6129
907 -33.0495 -71.6129
916 -33.0494 -71.6129
577 -33.0492 -71.6129
252 -33.0491 -71.6129
387 -33.0491 -71.6129
745 -33.0491 -71.6129
23 -33.0491 -71.6129
446 -33.049 -71.6129
272 -33.0489 -71.6129
423 -33.0488 -71.6129
403 -33.0488 -71.6129
731 -33.0488 -71.6128
267 -33.0487 -71.613
998 -33.0487 -71.613
160 -33.0487 -71.613
310 -33.0487 -71.6129
649 -33.0487 -71.6131
143 -33.0485 -71.6129
386 -33.0485 -71.6129
986 -33.0483 -71.6129
759 -33.0479 -71.6128
309 -33.0481 -71.6128
171 -33.048 -71.6128
806 -33.048 -71.612
151 -33.0479 -71.6128
102 -33.0478 -71.6128
359 -33.0479 -71.6123
410 -33.0479 -71.6122
247 -33.048 -71.6119
404 -33.0496 -71.6112
832 -33.0496 -71.6112
909 -33.0496 -71.6112
182 -33.0496 -71.6112
789 -33.0492 -71.6112
294 -33.0491 -71.6112
736 -33.0491 -71.6112
357 -33.049 -71.6112
22 -33.0495 -71.6099
681 -33.0495 -71.6099
575 -33.0494 -71.6099
757 -33.0493 -71.6099
653 -33.0491 -71.6099
990 -33.0491 -71.6099
885 -33.049 -71.6099
997 -33.0488 -71.6112
230 -33.0487 -71.6112
347 -33.0486 -71.6111
670 -33.0484 -71.6111
813 -33.0482 -71.6113
691 -33.048 -71.6119
245 -33.048 -71.6119
776 -33.0481 -71.6117
371 -33.0483 -71.6111
861 -33.0487 -71.6098
845 -33.0486 -71.6098
243 -33.0486 -71.6098
16 -33.0486 -71.6098
742 -33.0484 -71.6111
905 -33.048 -71.6111
567 -33.0478 -71.6126
965 -33.0477 -71.6129
781 -33.0477 -71.6128
108 -33.0478 -71.6128
552 -33.0477 -71.6129
615 -33.0476 -71.6131
202 -33.0476 -71.6131
208 -33.0477 -71.6129
711 -33.0478 -71.6128
611 -33.0477 -71.6128
200 -33.0477 -71.6128
616 -33.0478 -71.6127
70 -33.0473 -71.6127
490 -33.0473 -71.6127
135 -33.0471 -71.6127
37 -33.0472 -71.6127
87 -33.047 -71.6127
739 -33.0464 -71.6132
45 -33.047 -71.6127
265 -33.0469 -71.6126
902 -33.0464 -71.6132
915 -33.0463 -71.6132
996 -33.046 -71.6131
749 -33.0459 -71.6131
585 -33.0467 -71.6126
100 -33.0461 -71.6124
621 -33.0457 -71.6123
659 -33.0455 -71.6122
186 -33.0455 -71.6122
964 -33.0451 -71.6121
24 -33.045 -71.6121
494 -33.0448 -71.6118
397 -33.0477 -71.6111
720 -33.0476 -71.611
875 -33.0473 -71.611
264 -33.0472 -71.611
667 -33.0471 -71.611
289 -33.047 -71.611
275 -33.0459 -71.6108
449 -33.0459 -71.6108
28 -33.0457 -71.6098
650 -33.046 -71.6098
121 -33.046 -71.6098
47 -33.0457 -71.6098
995 -33.0456 -71.6098
39 -33.0455 -71.6098
344 -33.0452 -71.6098
663 -33.0451 -71.6098
33 -33.045 -71.6109
4 -33.0447 -71.6103
865 -33.0447 -71.6102
985 -33.0446 -71.6111
695 -33.0446 -71.6105
353 -33.0446 -71.6104
54 -33.0445 -71.6102
798 -33.0447 -71.6101
288 -33.0447 -71.6101
814 -33.0447 -71.6098
3 -33.0448 -71.6098
486 -33.0447 -71.61
249 -33.0447 -71.61
702 -33.0447 -71.6098
928 -33.045 -71.6098
126 -33.0495 -71.6098
468 -33.0495 -71.6097
952 -33.0495 -71.6096
183 -33.0494 -71.6091
211 -33.0491 -71.6091
324 -33.0489 -71.6091
785 -33.0488 -71.6091
256 -33.0496 -71.6084
601 -33.0496 -71.6084
224 -33.0495 -71.6084
595 -33.0495 -71.6084
89 -33.0494 -71.6083
600 -33.0489 -71.6083
204 -33.0487 -71.6083
343 -33.0487 -71.6083
328 -33.0487 -71.6083
821 -33.0487 -71.6091
836 -33.0486 -71.6083
863 -33.0486 -71.6083
172 -33.0485 -71.6098
395 -33.0481 -71.6098
8 -33.0479 -71.6098
406 -33.0482 -71.6091
136 -33.0486 -71.6082
714 -33.0486 -71.6082
951 -33.0485 -71.6082
734 -33.0485 -71.6082
771 -33.0481 -71.6082
607 -33.0481 -71.6082
235 -33.048 -71.6082
68 -33.0479 -71.6082
417 -33.0479 -71.6082
502 -33.0496 -71.6054
752 -33.0495 -71.6053
181 -33.0494 -71.6053
966 -33.0494 -71.6053
690 -33.049 -71.607
369 -33.0488 -71.6066
460 -33.0488 -71.6065
815 -33.0492 -71.6052
620 -33.0496 -71.6043
293 -33.0493 -71.6036
99 -33.0492 -71.6035
673 -33.049 -71.605
382 -33.049 -71.605
770 -33.049 -71.605
788 -33.0489 -71.6048
471 -33.0488 -71.6067
365 -33.0485 -71.6066
624 -33.0485 -71.6066
957 -33.0485 -71.6066
325 -33.0482 -71.6066
498 -33.0481 -71.6079
233 -33.0479 -71.6077
437 -33.0479 -71.6076
56 -33.0488 -71.6065
244 -33.0485 -71.6041
564 -33.0481 -71.6039
122 -33.0481 -71.6036
358 -33.048 -71.6039
1 -33.0478 -71.604
65 -33.0479 -71.6039
125 -33.0478 -71.6082
707 -33.0477 -71.6091
82 -33.0477 -71.6082
306 -33.0477 -71.6082
71 -33.0477 -71.6082
193 -33.047 -71.6098
215 -33.0475 -71.6098
623 -33.0471 -71.609
738 -33.0477 -71.6082
185 -33.0477 -71.6075
91 -33.0474 -71.6073
658 -33.0474 -71.6072
534 -33.0474 -71.6072
544 -33.0472 -71.6082
562 -33.047 -71.6081
625 -33.0469 -71.6081
867 -33.0466 -71.6081
566 -33.0462 -71.6081
429 -33.0459 -71.6081
270 -33.0459 -71.6081
161 -33.0458 -71.608
459 -33.0449 -71.6098
824 -33.045 -71.6098
914 -33.0456 -71.608
59 -33.0449 -71.608
617 -33.0456 -71.6079
717 -33.0456 -71.6076
188 -33.0456 -71.6071
380 -33.0448 -71.608
618 -33.0446 -71.608
162 -33.0441 -71.6075
568 -33.0456 -71.607
975 -33.0474 -71.6068
993 -33.0477 -71.6067
103 -33.0477 -71.6067
203 -33.0474 -71.6069
791 -33.0471 -71.6068
339 -33.0471 -71.6068
232 -33.0472 -71.6068
287 -33.0477 -71.6067
913 -33.0475 -71.6041
628 -33.0475 -71.6041
388 -33.0477 -71.604
30 -33.0474 -71.6038
536 -33.0473 -71.6061
826 -33.0472 -71.6042
492 -33.0473 -71.6039
839 -33.047 -71.6069
989 -33.0466 -71.6069
308 -33.0466 -71.6069
895 -33.0467 -71.6069
906 -33.0465 -71.607
21 -33.0465 -71.607
194 -33.0465 -71.607
508 -33.0465 -71.607
149 -33.0467 -71.6069
896 -33.047 -71.6043
514 -33.0466 -71.6041
800 -33.047 -71.604
346 -33.0456 -71.6066
559 -33.0455 -71.606
533 -33.0436 -71.6057
