115 -33.055 -71.6219
5 -33.055 -71.6218
796 -33.055 -71.6218
647 -33.055 -71.6219
85 -33.0549 -71.622
142 -33.0549 -71.622
497 -33.055 -71.6219
890 -33.055 -71.6218
315 -33.0551 -71.6216
500 -33.0552 -71.6216
327 -33.0552 -71.6215
678 -33.0551 -71.6213
226 -33.055 -71.6218
703 -33.055 -71.6218
38 -33.0551 -71.6217
66 -33.0548 -71.6221
25 -33.0543 -71.6244
109 -33.0544 -71.623
217 -33.0544 -71.6228
883 -33.0543 -71.6232
598 -33.0543 -71.6241
589 -33.0543 -71.624
786 -33.0543 -71.6238
697 -33.0544 -71.6228
940 -33.0547 -71.6223
176 -33.0547 -71.6223
550 -33.0548 -71.6221
313 -33.0546 -71.6225
479 -33.0545 -71.6228
53 -33.0545 -71.6226
961 -33.0546 -71.6225
260 -33.0551 -71.6212
475 -33.0575 -71.6181
189 -33.0559 -71.618
367 -33.0559 -71.618
978 -33.0556 -71.6179
407 -33.0553 -71.6176
582 -33.0555 -71.6173
963 -33.0555 -71.6172
765 -33.0556 -71.6171
869 -33.0561 -71.6161
640 -33.0562 -71.616
464 -33.0562 -71.616
646 -33.0558 -71.6164
413 -33.0556 -71.617
668 -33.0557 -71.6166
57 -33.0557 -71.6165
537 -33.0553 -71.6178
487 -33.0551 -71.621
266 -33.055 -71.6208
253 -33.055 -71.6208
930 -33.055 -71.6207
177 -33.0549 -71.6206
880 -33.0546 -71.6203
134 -33.0546 -71.6184
816 -33.0547 -71.6184
255 -33.055 -71.618
408 -33.0551 -71.6179
370 -33.0551 -71.6179
549 -33.0549 -71.6182
881 -33.0547 -71.6184
376 -33.0548 -71.6184
829 -33.0543 -71.6237
987 -33.0542 -71.6244
979 -33.0543 -71.6236
179 -33.0542 -71.62
92 -33.0541 -71.6244
409 -33.0535 -71.6245
710 -33.0541 -71.6244
210 -33.0538 -71.6197
377 -33.0537 -71.6196
760 -33.0535 -71.6187
809 -33.0535 -71.6187
216 -33.0535 -71.6186
919 -33.0533 -71.6188
456 -33.0532 -71.6188
803 -33.0532 -71.6188
355 -33.0531 -71.6188
341 -33.053 -71.6187
629 -33.0529 -71.6246
761 -33.0529 -71.6187
434 -33.0529 -71.6187
844 -33.0528 -71.6187
849 -33.0527 -71.6245
101 -33.0506 -71.6225
838 -33.0528 -71.6187
198 -33.0527 -71.6187
973 -33.0527 -71.6187
713 -33.0527 -71.6187
775 -33.0526 -71.6187
891 -33.0525 -71.6186
767 -33.0525 -71.6186
466 -33.0524 -71.6186
547 -33.0524 -71.6186
632 -33.051 -71.6186
373 -33.0535 -71.6185
698 -33.0537 -71.6184
754 -33.0537 -71.6184
455 -33.0535 -71.6185
587 -33.0535 -71.6185
166 -33.052 -71.6185
495 -33.052 -71.6185
323 -33.0519 -71.6184
361 -33.0541 -71.6184
42 -33.0541 -71.6184
301 -33.0541 -71.6184
542 -33.0541 -71.6184
69 -33.0539 -71.6184
687 -33.0516 -71.6184
271 -33.0533 -71.6162
448 -33.0515 -71.6184
250 -33.0508 -71.6185
831 -33.0515 -71.6184
340 -33.0514 -71.6184
17 -33.0508 -71.6185
163 -33.0506 -71.6184
852 -33.0506 -71.6184
111 -33.0505 -71.6184
431 -33.0514 -71.6184
116 -33.0513 -71.6184
399 -33.0513 -71.6184
262 -33.0513 -71.6184
727 -33.0508 -71.6181
614 -33.0508 -71.6181
393 -33.0506 -71.618
950 -33.0561 -71.616
608 -33.0561 -71.616
20 -33.0561 -71.616
124 -33.0561 -71.6157
774 -33.0561 -71.6157
994 -33.0561 -71.6156
501 -33.056 -71.6156
531 -33.056 -71.6156
560 -33.056 -71.6155
948 -33.0567 -71.6148
482 -33.0567 -71.6148
118 -33.0569 -71.6147
991 -33.0567 -71.6148
483 -33.056 -71.6155
561 -33.056 -71.6153
297 -33.0562 -71.6151
842 -33.056 -71.6155
60 -33.0559 -71.6159
879 -33.0558 -71.6159
818 -33.0558 -71.6159
286 -33.0558 -71.6159
18 -33.055 -71.6158
822 -33.0548 -71.6157
450 -33.0547 -71.6157
389 -33.0545 -71.6157
743 -33.0544 -71.6157
686 -33.0554 -71.6154
127 -33.055 -71.6152
476 -33.0542 -71.6157
251 -33.0542 -71.6157
955 -33.0541 -71.6156
726 -33.054 -71.6156
976 -33.0569 -71.6147
872 -33.0569 -71.6147
945 -33.0568 -71.6147
19 -33.0569 -71.6126
790 -33.0567 -71.6125
326 -33.0566 -71.6125
420 -33.0564 -71.6124
414 -33.0564 -71.6124
576 -33.0563 -71.6124
521 -33.0562 -71.6124
354 -33.0562 -71.6124
43 -33.0562 -71.6124
747 -33.0562 -71.6124
368 -33.0556 -71.6123
917 -33.0558 -71.6123
579 -33.0558 -71.6123
523 -33.0554 -71.6124
467 -33.055 -71.6131
619 -33.0549 -71.6129
298 -33.0551 -71.6124
154 -33.0546 -71.6127
762 -33.054 -71.6145
962 -33.0543 -71.6124
591 -33.0543 -71.6124
238 -33.0548 -71.6124
237 -33.0548 -71.6124
967 -33.0547 -71.6124
305 -33.0546 -71.6124
563 -33.0542 -71.6123
51 -33.0542 -71.6123
636 -33.0541 -71.6123
279 -33.0539 -71.6156
488 -33.0527 -71.6159
641 -33.0529 -71.6157
150 -33.0529 -71.6156
819 -33.0527 -71.6159
290 -33.0527 -71.6158
730 -33.0521 -71.6156
546 -33.0519 -71.6156
123 -33.0539 -71.6156
602 -33.0538 -71.6156
107 -33.0537 -71.6156
693 -33.0537 -71.6156
520 -33.0537 -71.6156
269 -33.0536 -71.6156
146 -33.0533 -71.6155
442 -33.0533 -71.6155
254 -33.0516 -71.6156
117 -33.0516 -71.6156
292 -33.0515 -71.6156
992 -33.0514 -71.6156
812 -33.0513 -71.6156
320 -33.0505 -71.6156
892 -33.0513 -71.6156
721 -33.0512 -71.6156
864 -33.0511 -71.6156
908 -33.0511 -71.6156
545 -33.0511 -71.6156
787 -33.051 -71.6156
946 -33.0509 -71.6156
565 -33.0505 -71.6156
860 -33.0505 -71.6155
580 -33.0532 -71.6155
105 -33.0533 -71.6141
907 -33.0533 -71.6141
405 -33.0533 -71.6141
446 -33.0529 -71.6138
423 -33.0526 -71.6137
403 -33.0526 -71.6137
145 -33.0524 -71.6135
171 -33.052 -71.6132
611 -33.0518 -71.6131
711 -33.0517 -71.6131
391 -33.0511 -71.6123
108 -33.0511 -71.6123
202 -33.0511 -71.6125
208 -33.0511 -71.6124
200 -33.0511 -71.6124
615 -33.0511 -71.6126
801 -33.051 -71.6131
87 -33.051 -71.6131
661 -33.051 -71.6131
725 -33.0509 -71.6131
372 -33.0509 -71.6131
877 -33.0509 -71.6131
265 -33.0508 -71.6131
599 -33.0506 -71.6131
837 -33.0511 -71.6129
70 -33.0511 -71.6128
334 -33.0511 -71.6127
655 -33.0506 -71.6131
585 -33.0506 -71.6131
517 -33.0505 -71.613
128 -33.0504 -71.6179
633 -33.0503 -71.6209
447 -33.0502 -71.6208
34 -33.0502 -71.6205
935 -33.0501 -71.6204
493 -33.05 -71.6204
732 -33.0498 -71.6201
999 -33.0499 -71.6188
859 -33.05 -71.6188
144 -33.0504 -71.6184
504 -33.0504 -71.6179
830 -33.0504 -71.6179
597 -33.0503 -71.6183
716 -33.0494 -71.6187
694 -33.0494 -71.6187
412 -33.0501 -71.6183
799 -33.0493 -71.6184
901 -33.0492 -71.6183
283 -33.0491 -71.6182
440 -33.049 -71.6181
573 -33.0486 -71.6181
333 -33.0485 -71.6183
170 -33.0485 -71.6183
889 -33.0486 -71.6181
206 -33.0486 -71.6181
239 -33.0487 -71.6177
318 -33.0487 -71.6177
453 -33.0487 -71.6176
983 -33.0486 -71.6179
416 -33.0486 -71.618
949 -33.0486 -71.6179
10 -33.0486 -71.6179
904 -33.0493 -71.6176
364 -33.0493 -71.6176
273 -33.049 -71.6168
13 -33.049 -71.6167
191 -33.049 -71.6169
834 -33.0489 -71.617
174 -33.0489 -71.6169
586 -33.0489 -71.6169
572 -33.049 -71.6167
574 -33.0492 -71.6165
106 -33.0492 -71.6165
304 -33.0494 -71.6165
688 -33.0491 -71.6165
612 -33.049 -71.6166
884 -33.0491 -71.6165
850 -33.0491 -71.6165
854 -33.0489 -71.617
130 -33.0488 -71.6176
529 -33.0488 -71.6175
712 -33.0488 -71.6174
897 -33.0488 -71.6175
165 -33.0487 -71.6176
263 -33.0487 -71.6176
213 -33.0487 -71.6175
36 -33.0488 -71.6173
692 -33.0488 -71.6172
660 -33.0488 -71.6172
631 -33.0489 -71.6171
394 -33.0488 -71.6172
900 -33.0488 -71.6173
868 -33.0488 -71.6172
113 -33.0484 -71.6184
764 -33.0475 -71.6206
509 -33.0475 -71.6205
583 -33.0475 -71.6205
485 -33.0474 -71.6207
205 -33.0473 -71.6218
820 -33.0473 -71.6218
80 -33.0474 -71.6207
911 -33.0475 -71.6203
9 -33.0476 -71.6202
755 -33.0477 -71.6199
55 -33.0477 -71.6199
939 -33.0476 -71.6202
427 -33.0475 -71.6203
484 -33.0475 -71.6203
644 -33.0476 -71.6202
938 -33.0473 -71.6218
139 -33.0473 -71.6218
277 -33.0473 -71.6217
322 -33.0472 -71.6217
802 -33.0472 -71.6217
735 -33.0472 -71.6216
696 -33.0472 -71.6215
222 -33.0472 -71.6214
516 -33.0472 -71.6214
360 -33.0473 -71.6211
718 -33.0473 -71.6211
982 -33.0466 -71.6202
988 -33.0466 -71.6203
220 -33.0465 -71.6206
784 -33.0465 -71.6206
88 -33.0468 -71.6198
635 -33.048 -71.6194
708 -33.0481 -71.6193
157 -33.0482 -71.619
511 -33.048 -71.6194
152 -33.0478 -71.6197
610 -33.0478 -71.6197
530 -33.0478 -71.6197
794 -33.0483 -71.6189
639 -33.0484 -71.6186
155 -33.0484 -71.6186
605 -33.0484 -71.6186
383 -33.0483 -71.6188
763 -33.0483 -71.6188
941 -33.0478 -71.6165
862 -33.0478 -71.6164
722 -33.0478 -71.6197
793 -33.0473 -71.6181
972 -33.0473 -71.6181
553 -33.0475 -71.6175
968 -33.0472 -71.6184
643 -33.0469 -71.6193
827 -33.047 -71.6191
724 -33.0471 -71.6187
933 -33.0475 -71.6174
604 -33.0476 -71.6172
140 -33.0478 -71.6166
853 -33.0478 -71.6166
81 -33.0476 -71.6173
48 -33.0475 -71.6174
348 -33.0476 -71.6173
652 -33.0487 -71.6164
795 -33.0504 -71.6158
93 -33.0502 -71.6158
148 -33.0501 -71.6157
430 -33.05 -71.6157
195 -33.0495 -71.6163
75 -33.0495 -71.6162
496 -33.0495 -71.6162
385 -33.05 -71.6157
756 -33.0499 -71.6157
783 -33.0499 -71.6157
522 -33.0494 -71.6143
207 -33.0494 -71.6144
278 -33.0494 -71.6144
548 -33.0494 -71.6144
76 -33.0494 -71.6144
74 -33.0494 -71.6145
956 -33.0493 -71.6152
457 -33.0493 -71.6151
401 -33.0493 -71.615
234 -33.0493 -71.6154
337 -33.0492 -71.6155
701 -33.0492 -71.6155
680 -33.0493 -71.6154
481 -33.0493 -71.615
64 -33.0494 -71.6146
654 -33.0494 -71.6145
27 -33.0494 -71.6145
240 -33.0494 -71.6147
828 -33.0493 -71.6149
425 -33.0494 -71.6149
363 -33.0494 -71.6148
665 -33.0494 -71.6143
744 -33.0504 -71.613
835 -33.0504 -71.613
942 -33.0502 -71.613
201 -33.0502 -71.613
739 -33.0502 -71.613
392 -33.0501 -71.613
336 -33.0501 -71.613
100 -33.0501 -71.613
902 -33.0501 -71.613
915 -33.05 -71.613
524 -33.0498 -71.6124
379 -33.0497 -71.6127
539 -33.0497 -71.613
164 -33.0497 -71.6129
750 -33.0497 -71.6127
621 -33.0497 -71.6129
329 -33.0496 -71.6137
656 -33.0496 -71.6135
258 -33.0496 -71.6133
804 -33.0495 -71.6141
709 -33.0494 -71.6143
86 -33.0495 -71.6141
518 -33.0495 -71.6141
180 -33.0497 -71.6132
428 -33.0497 -71.6132
749 -33.0497 -71.6129
996 -33.0496 -71.6129
805 -33.0494 -71.6129
186 -33.0494 -71.6129
659 -33.0494 -71.6129
588 -33.0492 -71.6129
77 -33.0491 -71.6161
780 -33.0492 -71.6159
637 -33.0492 -71.6158
374 -33.0491 -71.6163
432 -33.0491 -71.6164
302 -33.0491 -71.6163
462 -33.0491 -71.6163
0 -33.0492 -71.6157
590 -33.0484 -71.6143
758 -33.0484 -71.6143
418 -33.0484 -71.6143
248 -33.0484 -71.6143
538 -33.0483 -71.6148
728 -33.0483 -71.6146
44 -33.0483 -71.6145
648 -33.0482 -71.6149
84 -33.0479 -71.616
778 -33.048 -71.6159
541 -33.048 -71.6159
855 -33.0479 -71.616
435 -33.0479 -71.6163
50 -33.0479 -71.6163
314 -33.0479 -71.6161
436 -33.048 -71.6159
515 -33.0482 -71.6152
851 -33.0482 -71.6152
31 -33.0482 -71.615
960 -33.0481 -71.6156
519 -33.048 -71.6157
218 -33.048 -71.6157
971 -33.0484 -71.6143
894 -33.0491 -71.6129
638 -33.0491 -71.6129
666 -33.0491 -71.6129
24 -33.049 -71.6129
444 -33.0486 -71.6133
685 -33.0487 -71.613
920 -33.0489 -71.6129
964 -33.0489 -71.6129
342 -33.0488 -71.6126
651 -33.0489 -71.6123
58 -33.0489 -71.6123
779 -33.0488 -71.6127
947 -33.0488 -71.6128
596 -33.0488 -71.6128
719 -33.0488 -71.6127
899 -33.0486 -71.6134
178 -33.0485 -71.6138
153 -33.0485 -71.6137
345 -33.0485 -71.6136
807 -33.0484 -71.6141
823 -33.0484 -71.6142
119 -33.0484 -71.6142
231 -33.0484 -71.6142
133 -33.0486 -71.6136
683 -33.0486 -71.6135
847 -33.0486 -71.6135
494 -33.0485 -71.6129
634 -33.0477 -71.6131
353 -33.0474 -71.6127
54 -33.047 -71.6127
209 -33.0541 -71.6123
52 -33.0543 -71.6122
402 -33.0544 -71.6122
452 -33.0545 -71.6122
751 -33.0542 -71.6122
366 -33.0542 -71.6122
627 -33.0542 -71.6122
307 -33.0542 -71.6122
175 -33.0545 -71.6122
61 -33.0543 -71.6119
12 -33.0543 -71.6118
927 -33.0542 -71.6117
773 -33.0542 -71.6117
35 -33.0542 -71.6117
679 -33.0541 -71.6116
274 -33.0541 -71.6116
642 -33.0541 -71.6123
958 -33.054 -71.6122
676 -33.054 -71.6113
424 -33.054 -71.6113
303 -33.0539 -71.6113
187 -33.0538 -71.6113
276 -33.0539 -71.6113
390 -33.0539 -71.6112
512 -33.0538 -71.6112
120 -33.0539 -71.6112
556 -33.0538 -71.6111
675 -33.0538 -71.6111
782 -33.0538 -71.6111
190 -33.0538 -71.6111
811 -33.0538 -71.6111
569 -33.0537 -71.6105
874 -33.0539 -71.6105
970 -33.0568 -71.6099
132 -33.0555 -71.6094
748 -33.0557 -71.6092
259 -33.0549 -71.6104
384 -33.0544 -71.6105
463 -33.0549 -71.6104
72 -33.0549 -71.6104
438 -33.0546 -71.6085
888 -33.0546 -71.6085
858 -33.0546 -71.6085
168 -33.0545 -71.6085
740 -33.0545 -71.6085
922 -33.0544 -71.6085
857 -33.0544 -71.6085
46 -33.0544 -71.6085
282 -33.0543 -71.6085
422 -33.0543 -71.6085
833 -33.0543 -71.6085
472 -33.0543 -71.6085
555 -33.0542 -71.6085
866 -33.054 -71.6105
753 -33.0537 -71.6085
478 -33.0542 -71.6085
592 -33.0542 -71.6085
138 -33.0542 -71.6085
944 -33.0542 -71.6085
810 -33.0541 -71.6085
219 -33.0541 -71.6085
918 -33.0541 -71.6085
980 -33.0541 -71.6085
825 -33.0537 -71.6085
733 -33.0537 -71.6122
173 -33.0536 -71.6122
242 -33.0536 -71.6114
480 -33.0533 -71.6122
571 -33.0532 -71.6121
214 -33.0532 -71.6121
910 -33.0533 -71.6115
2 -33.0536 -71.6113
674 -33.0537 -71.6111
7 -33.0537 -71.6111
797 -33.0537 -71.6111
848 -33.0536 -71.6111
737 -33.0536 -71.6113
506 -33.0535 -71.611
40 -33.0534 -71.611
49 -33.0531 -71.6109
14 -33.0531 -71.6121
351 -33.0531 -71.6121
29 -33.053 -71.6121
15 -33.0529 -71.6121
295 -33.0528 -71.6121
197 -33.0526 -71.6121
909 -33.0526 -71.6121
916 -33.0525 -71.6121
299 -33.0526 -71.6116
97 -33.0529 -71.6116
578 -33.053 -71.6116
252 -33.0522 -71.612
387 -33.0522 -71.612
577 -33.0522 -71.612
212 -33.0529 -71.6107
505 -33.0536 -71.6107
540 -33.0536 -71.6085
156 -33.0536 -71.6085
26 -33.0536 -71.6106
603 -33.0529 -71.6107
192 -33.0536 -71.6106
601 -33.0528 -71.6106
470 -33.0536 -71.6085
984 -33.0536 -71.6085
664 -33.0537 -71.6085
62 -33.0535 -71.6085
503 -33.0535 -71.6085
73 -33.0535 -71.6085
843 -33.0535 -71.6085
350 -33.0535 -71.6085
224 -33.0528 -71.6105
645 -33.0527 -71.6104
89 -33.0527 -71.6104
551 -33.0527 -71.6104
681 -33.0527 -71.6103
22 -33.0526 -71.6103
575 -33.0526 -71.6103
228 -33.0525 -71.6101
600 -33.0524 -71.6099
885 -33.0524 -71.6099
204 -33.0523 -71.6098
211 -33.0523 -71.6098
343 -33.0523 -71.6098
863 -33.0523 -71.6097
861 -33.0522 -71.6097
772 -33.054 -71.6085
886 -33.056 -71.6084
606 -33.0559 -71.6083
528 -33.0575 -71.6081
876 -33.0559 -71.6083
513 -33.0552 -71.6081
527 -33.0552 -71.6081
296 -33.0552 -71.6081
510 -33.0552 -71.6081
300 -33.0573 -71.6081
474 -33.0571 -71.608
808 -33.0569 -71.608
677 -33.0569 -71.608
11 -33.0553 -71.608
129 -33.0553 -71.608
469 -33.0553 -71.608
461 -33.0552 -71.6081
285 -33.0549 -71.6083
535 -33.0549 -71.6083
473 -33.0549 -71.6083
912 -33.0548 -71.6083
873 -33.0547 -71.6084
477 -33.0547 -71.6084
705 -33.0548 -71.6084
613 -33.0549 -71.6083
929 -33.0551 -71.6082
335 -33.0551 -71.6082
400 -33.0551 -71.6082
411 -33.055 -71.6082
223 -33.0549 -71.6083
700 -33.055 -71.6082
657 -33.055 -71.6082
281 -33.0567 -71.608
419 -33.0563 -71.608
63 -33.0563 -71.608
925 -33.0563 -71.608
280 -33.0563 -71.608
159 -33.0563 -71.608
903 -33.0559 -71.6079
525 -33.0559 -71.6076
112 -33.0561 -71.6075
291 -33.0569 -71.6071
441 -33.0575 -71.6048
147 -33.0565 -71.6045
331 -33.0565 -71.6073
491 -33.0564 -71.6074
870 -33.0564 -71.6045
768 -33.0562 -71.6044
672 -33.0558 -71.6079
332 -33.0555 -71.6079
454 -33.0555 -71.6079
581 -33.0557 -71.6078
79 -33.0554 -71.6079
934 -33.0554 -71.608
558 -33.0554 -71.608
499 -33.0554 -71.6079
362 -33.0556 -71.6078
977 -33.0556 -71.6078
311 -33.0556 -71.6077
90 -33.0556 -71.6044
924 -33.0553 -71.6044
196 -33.0547 -71.6052
221 -33.055 -71.6045
83 -33.0547 -71.6085
723 -33.054 -71.6085
878 -33.0539 -71.6085
662 -33.0539 -71.6085
489 -33.0539 -71.6085
769 -33.0539 -71.6085
954 -33.0539 -71.6085
458 -33.0538 -71.6085
378 -33.0538 -71.6085
715 -33.0537 -71.6085
225 -33.0547 -71.6085
261 -33.0534 -71.6085
622 -33.0534 -71.6085
557 -33.0533 -71.6085
381 -33.0533 -71.6084
532 -33.0533 -71.6084
110 -33.0532 -71.6084
94 -33.0532 -71.6084
746 -33.0532 -71.6084
32 -33.0529 -71.6083
923 -33.0528 -71.6083
704 -33.0522 -71.6083
626 -33.0528 -71.6083
706 -33.0528 -71.6083
840 -33.0527 -71.6083
183 -33.0527 -71.6083
158 -33.0527 -71.6082
952 -33.0527 -71.6082
316 -33.0526 -71.6082
671 -33.0522 -71.6082
137 -33.0526 -71.6082
690 -33.0526 -71.6082
846 -33.0526 -71.6082
328 -33.0525 -71.6082
468 -33.0525 -71.6082
126 -33.0525 -71.6082
836 -33.0525 -71.6082
714 -33.0524 -71.6081
167 -33.0524 -71.6081
136 -33.0524 -71.6081
98 -33.0541 -71.6068
937 -33.0532 -71.6065
78 -33.0541 -71.6047
620 -33.0531 -71.6047
595 -33.0526 -71.6068
256 -33.0527 -71.6067
169 -33.0531 -71.6047
293 -33.0523 -71.6048
951 -33.0523 -71.6081
471 -33.0523 -71.6081
502 -33.0523 -71.6081
981 -33.0523 -71.6081
398 -33.0522 -71.6082
757 -33.0522 -71.6081
785 -33.0522 -71.6081
966 -33.0522 -71.6079
752 -33.0522 -71.6079
181 -33.0522 -71.6079
369 -33.0522 -71.6078
460 -33.0522 -71.6078
56 -33.0522 -71.6078
815 -33.0522 -71.6077
789 -33.0522 -71.612
23 -33.0522 -71.612
272 -33.052 -71.612
310 -33.0518 -71.612
160 -33.0517 -71.612
998 -33.0517 -71.612
649 -33.0516 -71.612
386 -33.0515 -71.612
347 -33.0516 -71.612
415 -33.052 -71.6118
745 -33.0521 -71.6117
268 -33.0521 -71.6117
143 -33.0516 -71.6118
986 -33.0514 -71.6119
742 -33.0514 -71.6119
141 -33.0513 -71.6119
905 -33.0513 -71.6118
931 -33.0512 -71.6121
151 -33.0512 -71.6121
943 -33.0512 -71.612
759 -33.0511 -71.6121
356 -33.0511 -71.6123
102 -33.0511 -71.6122
433 -33.0511 -71.6122
309 -33.0512 -71.6119
936 -33.0512 -71.6119
445 -33.0501 -71.6106
965 -33.0501 -71.6105
689 -33.0501 -71.6107
609 -33.0501 -71.6108
490 -33.0501 -71.6108
104 -33.0501 -71.6107
893 -33.0501 -71.6105
397 -33.0509 -71.6102
267 -33.0509 -71.6102
245 -33.0508 -71.6102
720 -33.0508 -71.6102
806 -33.0507 -71.6102
691 -33.0508 -71.6102
887 -33.0507 -71.6102
247 -33.0507 -71.6102
813 -33.0513 -71.6098
257 -33.0514 -71.6097
371 -33.0514 -71.6097
731 -33.051 -71.6101
875 -33.0505 -71.6102
554 -33.0506 -71.6102
682 -33.0505 -71.6102
67 -33.0505 -71.6102
6 -33.0502 -71.6102
410 -33.0505 -71.6102
921 -33.0503 -71.6102
616 -33.0502 -71.6103
959 -33.0501 -71.6105
41 -33.0501 -71.6104
552 -33.0501 -71.6104
264 -33.0505 -71.6102
667 -33.0504 -71.6102
871 -33.0504 -71.6101
359 -33.0503 -71.6101
184 -33.0503 -71.6101
567 -33.0502 -71.6101
289 -33.0502 -71.6101
507 -33.05 -71.611
543 -33.05 -71.6115
396 -33.05 -71.6114
699 -33.05 -71.6113
352 -33.05 -71.6115
95 -33.0499 -71.6117
684 -33.0499 -71.6117
792 -33.0499 -71.6116
584 -33.0499 -71.6113
630 -33.05 -71.6113
443 -33.05 -71.6113
426 -33.05 -71.6112
45 -33.05 -71.6113
114 -33.0499 -71.6113
275 -33.0499 -71.6113
777 -33.05 -71.6113
841 -33.0499 -71.612
246 -33.0499 -71.612
439 -33.049 -71.6119
817 -33.0491 -71.6117
932 -33.049 -71.612
465 -33.0489 -71.6121
96 -33.0481 -71.6116
241 -33.0481 -71.6116
312 -33.0481 -71.6115
926 -33.0498 -71.6113
449 -33.0498 -71.6113
131 -33.0497 -71.6113
330 -33.0497 -71.6112
974 -33.0492 -71.6113
451 -33.0496 -71.6112
969 -33.0494 -71.6112
135 -33.05 -71.6111
37 -33.05 -71.611
953 -33.05 -71.611
594 -33.05 -71.6111
898 -33.0492 -71.6112
338 -33.0491 -71.6112
570 -33.05 -71.6112
729 -33.0493 -71.6107
995 -33.0496 -71.6099
39 -33.0494 -71.6099
344 -33.0492 -71.6099
663 -33.0491 -71.6099
928 -33.049 -71.6099
824 -33.0489 -71.6099
459 -33.0489 -71.6099
3 -33.0489 -71.6099
766 -33.0487 -71.6112
33 -33.0487 -71.6112
814 -33.0487 -71.6098
702 -33.0487 -71.6098
526 -33.0485 -71.6112
317 -33.0485 -71.6111
486 -33.0486 -71.6098
249 -33.0485 -71.6098
798 -33.0485 -71.6098
288 -33.0485 -71.6098
865 -33.0484 -71.6098
4 -33.0483 -71.6098
695 -33.0478 -71.6098
985 -33.0477 -71.6098
47 -33.0495 -71.6097
324 -33.0522 -71.6096
593 -33.0522 -71.6096
734 -33.0521 -71.6095
421 -33.0521 -71.6094
821 -33.0521 -71.6094
227 -33.052 -71.6092
771 -33.052 -71.6092
319 -33.0519 -71.6091
882 -33.052 -71.6089
284 -33.052 -71.6089
349 -33.0521 -71.6087
736 -33.052 -71.609
199 -33.052 -71.6091
321 -33.052 -71.6091
294 -33.052 -71.609
607 -33.0519 -71.6092
997 -33.0518 -71.6093
357 -33.0519 -71.6092
229 -33.0519 -71.6092
498 -33.0518 -71.6091
670 -33.0515 -71.6096
230 -33.0516 -71.6095
375 -33.0518 -71.6093
68 -33.0518 -71.6091
235 -33.0518 -71.6091
233 -33.0516 -71.6089
437 -33.0516 -71.6089
738 -33.0516 -71.6089
82 -33.0516 -71.6089
306 -33.0516 -71.6089
185 -33.0514 -71.6087
707 -33.0513 -71.6087
182 -33.0521 -71.6085
236 -33.0521 -71.6085
741 -33.0522 -71.6084
832 -33.0521 -71.6085
669 -33.0521 -71.6087
856 -33.0521 -71.6086
404 -33.0521 -71.6086
653 -33.052 -71.6081
382 -33.0522 -71.6073
770 -33.0522 -71.6073
673 -33.0522 -71.6073
99 -33.0521 -71.6048
990 -33.052 -71.6081
365 -33.0521 -71.6076
788 -33.0521 -71.607
624 -33.052 -71.6076
845 -33.0516 -71.6082
406 -33.0517 -71.6082
125 -33.0517 -71.6082
243 -33.0516 -71.6082
172 -33.0515 -71.6083
16 -33.0515 -71.6083
71 -33.0516 -71.6082
417 -33.0518 -71.6081
325 -33.0518 -71.6076
244 -33.0518 -71.6064
957 -33.0515 -71.6052
564 -33.0514 -71.6059
103 -33.0513 -71.6075
358 -33.0513 -71.6059
287 -33.0513 -71.6075
623 -33.051 -71.6092
562 -33.051 -71.6086
91 -33.051 -71.6086
625 -33.0509 -71.6085
776 -33.0504 -71.6091
193 -33.0504 -71.609
8 -33.0509 -71.6085
534 -33.0509 -71.6085
658 -33.0509 -71.6085
395 -33.0511 -71.6085
544 -33.0511 -71.6085
203 -33.0506 -71.6085
215 -33.0505 -71.6085
867 -33.0506 -71.6085
791 -33.0502 -71.6085
566 -33.0501 -71.6084
536 -33.05 -71.6084
429 -33.05 -71.6084
270 -33.0499 -71.6084
650 -33.0496 -71.6093
28 -33.0495 -71.6096
781 -33.0496 -71.6094
121 -33.0496 -71.6093
161 -33.0499 -71.6084
906 -33.0497 -71.6084
508 -33.0497 -71.6084
914 -33.0496 -71.6084
617 -33.0495 -71.6084
717 -33.0492 -71.6083
188 -33.0489 -71.6083
380 -33.0489 -71.6083
993 -33.0512 -71.6075
975 -33.051 -71.6074
65 -33.0513 -71.6059
232 -33.0508 -71.6074
339 -33.0507 -71.6073
839 -33.0506 -71.6073
149 -33.0507 -71.6066
122 -33.0512 -71.6059
388 -33.051 -71.6058
628 -33.0509 -71.6058
1 -33.0512 -71.6052
913 -33.0507 -71.6057
492 -33.0503 -71.6056
30 -33.0506 -71.605
826 -33.0505 -71.6049
895 -33.0502 -71.6072
59 -33.0489 -71.6083
568 -33.0488 -71.6083
989 -33.0502 -71.6072
618 -33.0486 -71.6082
346 -33.0484 -71.6082
559 -33.0479 -71.6082
162 -33.0477 -71.6082
308 -33.0502 -71.6072
21 -33.0501 -71.6072
896 -33.0502 -71.6056
800 -33.0501 -71.6055
194 -33.05 -71.6072
514 -33.0497 -71.6054
533 -33.0473 -71.6042
