53 -33.0543 -71.6243
961 -33.0543 -71.6242
313 -33.0543 -71.6241
940 -33.0543 -71.624
176 -33.0543 -71.6239
550 -33.0543 -71.6238
66 -33.0543 -71.6238
85 -33.0543 -71.6236
38 -33.0543 -71.6232
315 -33.0543 -71.6231
500 -33.0543 -71.6231
142 -33.0543 -71.6236
497 -33.0543 -71.6235
647 -33.0543 -71.6235
703 -33.0543 -71.6233
115 -33.0543 -71.6235
829 -33.0534 -71.6246
979 -33.0535 -71.6245
883 -33.0538 -71.6245
786 -33.0533 -71.6246
598 -33.053 -71.6246
589 -33.0532 -71.6246
25 -33.0528 -71.6246
109 -33.054 -71.6244
5 -33.0543 -71.6235
796 -33.0543 -71.6234
226 -33.0543 -71.6233
890 -33.0543 -71.6234
217 -33.0541 -71.6244
697 -33.0542 -71.6244
479 -33.0542 -71.6244
327 -33.0544 -71.623
177 -33.0547 -71.6222
880 -33.055 -71.6218
179 -33.0551 -71.6214
930 -33.0547 -71.6223
487 -33.0546 -71.6225
266 -33.0547 -71.6224
253 -33.0547 -71.6223
210 -33.055 -71.6208
377 -33.0549 -71.6207
413 -33.0549 -71.6183
475 -33.056 -71.618
765 -33.0548 -71.6184
963 -33.0546 -71.6184
367 -33.0547 -71.6184
189 -33.0547 -71.6184
260 -33.0545 -71.6227
678 -33.0544 -71.6228
376 -33.0534 -71.6187
549 -33.0535 -71.6185
881 -33.0534 -71.6188
816 -33.0534 -71.6188
134 -33.0533 -71.6188
301 -33.0528 -71.6187
255 -33.0537 -71.6184
407 -33.0542 -71.6184
978 -33.0544 -71.6184
582 -33.0545 -71.6184
537 -33.054 -71.6184
370 -33.0538 -71.6184
408 -33.0539 -71.6184
42 -33.0528 -71.6187
987 -33.0526 -71.6245
710 -33.0526 -71.6245
92 -33.0526 -71.6245
409 -33.052 -71.6243
849 -33.0518 -71.6252
629 -33.0518 -71.6249
101 -33.0508 -71.6237
493 -33.0505 -71.6216
542 -33.0528 -71.6187
361 -33.0527 -71.6187
69 -33.0526 -71.6187
116 -33.0517 -71.6194
732 -33.0506 -71.6213
399 -33.0517 -71.6194
547 -33.051 -71.6186
935 -33.0505 -71.6217
633 -33.0505 -71.6223
447 -33.0504 -71.6222
34 -33.0504 -71.6219
716 -33.05 -71.6203
694 -33.0499 -71.6203
799 -33.0498 -71.6201
901 -33.0497 -71.62
283 -33.0496 -71.6198
632 -33.0499 -71.6188
250 -33.0497 -71.6187
17 -33.0497 -71.6186
163 -33.0495 -71.6187
440 -33.0495 -71.6197
999 -33.0495 -71.6197
852 -33.0495 -71.6187
698 -33.0524 -71.6186
754 -33.0524 -71.6186
373 -33.0523 -71.6186
455 -33.0523 -71.6186
587 -33.0522 -71.6185
216 -33.0521 -71.6185
760 -33.0521 -71.6185
809 -33.052 -71.6185
919 -33.0519 -71.6184
456 -33.0517 -71.6184
803 -33.0517 -71.6184
355 -33.0517 -71.6184
341 -33.0515 -71.6184
434 -33.0514 -71.6184
761 -33.0514 -71.6184
844 -33.0514 -71.6184
838 -33.0513 -71.6184
713 -33.0512 -71.6184
198 -33.0512 -71.6183
973 -33.0512 -71.6183
775 -33.0512 -71.6185
891 -33.0512 -71.6185
166 -33.0506 -71.6184
323 -33.0506 -71.6184
687 -33.0502 -71.6183
448 -33.0502 -71.6183
767 -33.0511 -71.6182
466 -33.051 -71.6182
831 -33.0502 -71.6183
262 -33.0501 -71.6183
340 -33.0501 -71.6183
668 -33.055 -71.618
991 -33.0562 -71.616
948 -33.0562 -71.616
482 -33.0562 -71.6159
560 -33.0556 -71.617
646 -33.0552 -71.6178
869 -33.0554 -71.6175
774 -33.0556 -71.6171
297 -33.0556 -71.6159
945 -33.0561 -71.6158
872 -33.0561 -71.6158
976 -33.0561 -71.6158
561 -33.0554 -71.6159
842 -33.0552 -71.6158
483 -33.0552 -71.6158
531 -33.0551 -71.6158
57 -33.0551 -71.6179
501 -33.0551 -71.6158
251 -33.0529 -71.6158
124 -33.055 -71.6158
955 -33.0527 -71.6159
726 -33.0527 -71.6159
279 -33.0527 -71.6159
123 -33.0527 -71.6158
476 -33.0529 -71.6158
640 -33.0546 -71.6157
464 -33.0546 -71.6157
950 -33.0546 -71.6157
608 -33.0546 -71.6157
602 -33.0525 -71.6157
107 -33.0525 -71.6157
520 -33.0525 -71.6157
20 -33.0545 -71.6157
118 -33.0561 -71.6157
60 -33.0544 -71.6157
879 -33.0543 -71.6157
818 -33.0543 -71.6157
693 -33.0525 -71.6157
286 -33.0543 -71.6157
743 -33.0529 -71.6157
389 -33.053 -71.6155
994 -33.0552 -71.6153
686 -33.054 -71.6146
127 -33.0537 -71.6143
18 -33.0535 -71.6155
822 -33.0533 -71.6155
450 -33.0532 -71.6155
762 -33.0526 -71.6136
269 -33.0524 -71.6156
146 -33.0521 -71.6156
442 -33.0521 -71.6156
105 -33.052 -71.6132
580 -33.052 -71.6156
271 -33.0519 -71.6156
150 -33.0517 -71.6156
641 -33.0515 -71.6156
405 -33.052 -71.6132
907 -33.052 -71.6132
356 -33.0519 -71.6132
931 -33.0517 -71.6131
943 -33.0516 -71.6131
936 -33.0516 -71.6131
446 -33.0515 -71.6131
819 -33.0513 -71.6156
495 -33.0505 -71.618
117 -33.0503 -71.6158
254 -33.0503 -71.6158
292 -33.0502 -71.6158
431 -33.0501 -71.6178
992 -33.0501 -71.6157
812 -33.05 -71.6157
546 -33.0505 -71.6157
488 -33.0512 -71.6156
290 -33.0512 -71.6156
403 -33.0512 -71.6131
423 -33.0512 -71.6131
730 -33.0505 -71.6155
649 -33.051 -71.6131
143 -33.051 -71.6131
892 -33.0499 -71.6157
864 -33.0499 -71.6157
721 -33.0498 -71.6157
908 -33.0498 -71.6157
545 -33.0498 -71.6157
860 -33.0495 -71.6163
946 -33.0497 -71.6159
787 -33.0498 -71.6157
246 -33.0495 -71.6138
352 -33.0496 -71.6133
543 -33.0497 -71.6132
396 -33.0497 -71.6132
684 -33.0496 -71.6134
841 -33.0495 -71.6138
95 -33.0496 -71.6135
998 -33.0511 -71.6131
386 -33.0509 -71.6131
145 -33.0509 -71.6131
160 -33.0511 -71.613
141 -33.0508 -71.6131
986 -33.0507 -71.6131
309 -33.0505 -71.613
151 -33.0505 -71.613
171 -33.0504 -71.613
433 -33.0504 -71.613
759 -33.0504 -71.613
310 -33.0511 -71.613
102 -33.0503 -71.613
391 -33.0503 -71.613
108 -33.0502 -71.613
611 -33.0502 -71.613
711 -33.0502 -71.613
200 -33.0501 -71.613
792 -33.0501 -71.613
208 -33.0501 -71.613
202 -33.05 -71.613
699 -33.0497 -71.6131
443 -33.0497 -71.6131
426 -33.0497 -71.613
615 -33.05 -71.613
570 -33.0497 -71.6129
334 -33.0499 -71.6129
70 -33.0498 -71.6129
837 -33.0497 -71.6129
801 -33.0495 -71.6129
87 -33.0495 -71.6129
111 -33.0495 -71.6188
859 -33.0495 -71.6195
130 -33.0481 -71.6192
213 -33.0481 -71.6192
263 -33.0481 -71.6192
318 -33.048 -71.6193
453 -33.048 -71.6193
165 -33.0481 -71.6192
529 -33.0481 -71.6191
412 -33.0494 -71.619
868 -33.0483 -71.6189
394 -33.0483 -71.6189
36 -33.0482 -71.619
897 -33.0481 -71.6191
712 -33.0482 -71.6191
900 -33.0482 -71.619
239 -33.048 -71.6193
605 -33.0476 -71.6201
113 -33.0477 -71.62
333 -33.0477 -71.6199
155 -33.0476 -71.6201
383 -33.0475 -71.6203
794 -33.0475 -71.6203
639 -33.0476 -71.6201
170 -33.0477 -71.6198
949 -33.0479 -71.6195
10 -33.0479 -71.6195
983 -33.0479 -71.6195
416 -33.0478 -71.6196
889 -33.0478 -71.6197
573 -33.0478 -71.6196
206 -33.0478 -71.6196
692 -33.0483 -71.6189
144 -33.0495 -71.6188
597 -33.0494 -71.6188
106 -33.0486 -71.618
574 -33.0486 -71.6181
884 -33.0485 -71.6182
850 -33.0485 -71.6182
688 -33.0486 -71.6181
462 -33.0486 -71.618
432 -33.049 -71.618
727 -33.0494 -71.6177
614 -33.0493 -71.6176
302 -33.0489 -71.618
374 -33.0486 -71.618
77 -33.0488 -71.6178
780 -33.0487 -71.6177
612 -33.0485 -71.6182
904 -33.0484 -71.6186
174 -33.0484 -71.6186
364 -33.0484 -71.6186
834 -33.0483 -71.6187
660 -33.0483 -71.6189
854 -33.0483 -71.6188
631 -33.0483 -71.6188
586 -33.0484 -71.6186
191 -33.0484 -71.6185
13 -33.0484 -71.6184
572 -33.0485 -71.6184
273 -33.0484 -71.6185
541 -33.0475 -71.6176
778 -33.0475 -71.6176
763 -33.0475 -71.6203
80 -33.0474 -71.6225
485 -33.0474 -71.6224
764 -33.0474 -71.6223
509 -33.0474 -71.6222
222 -33.0471 -71.6228
718 -33.0473 -71.6228
360 -33.0473 -71.6228
583 -33.0474 -71.6222
911 -33.0474 -71.622
484 -33.0474 -71.622
939 -33.0473 -71.6219
9 -33.0473 -71.6218
55 -33.0472 -71.6216
755 -33.0472 -71.6216
722 -33.0472 -71.6214
516 -33.0471 -71.6228
277 -33.0468 -71.6229
802 -33.0468 -71.6229
322 -33.0468 -71.6228
938 -33.0467 -71.6229
205 -33.0466 -71.6229
820 -33.0466 -71.6229
139 -33.0467 -71.6229
735 -33.0468 -71.6228
696 -33.0469 -71.6228
982 -33.046 -71.6219
88 -33.0462 -71.6214
988 -33.0459 -71.6219
784 -33.0458 -71.6222
220 -33.0458 -71.6221
152 -33.0472 -71.6213
511 -33.0473 -71.6211
708 -33.0474 -71.6209
157 -33.0474 -71.6203
853 -33.0472 -71.6183
530 -33.0472 -71.6213
604 -33.0471 -71.6189
140 -33.0472 -71.6183
941 -33.0473 -71.6182
84 -33.0474 -71.6178
855 -33.0474 -71.6178
436 -33.0475 -71.6177
314 -33.0474 -71.6178
862 -33.0473 -71.6181
435 -33.0473 -71.6181
50 -33.0474 -71.618
81 -33.047 -71.619
724 -33.0466 -71.6204
635 -33.0469 -71.6201
968 -33.0467 -71.6201
644 -33.0465 -71.6206
643 -33.0463 -71.6211
827 -33.0464 -71.6208
427 -33.0465 -71.6207
610 -33.0467 -71.6201
48 -33.047 -71.6191
933 -33.047 -71.6191
348 -33.047 -71.619
553 -33.0469 -71.6193
793 -33.0467 -71.6199
972 -33.0468 -71.6198
195 -33.0487 -71.6176
393 -33.0491 -71.6176
795 -33.0493 -71.6165
93 -33.0492 -71.6165
363 -33.049 -71.6166
783 -33.049 -71.6167
430 -33.049 -71.6166
425 -33.049 -71.6166
240 -33.0491 -71.6165
320 -33.0494 -71.6164
565 -33.0495 -71.6163
74 -33.0491 -71.6163
654 -33.0491 -71.6163
64 -33.0491 -71.6165
148 -33.049 -71.6165
27 -33.0491 -71.6163
828 -33.049 -71.6168
830 -33.0489 -71.6176
128 -33.0489 -71.6176
504 -33.0489 -71.6176
701 -33.0488 -71.6172
0 -33.0488 -71.6175
496 -33.0488 -71.6174
337 -33.0488 -71.6173
234 -33.0488 -71.6172
457 -33.0489 -71.6169
401 -33.049 -71.6168
481 -33.049 -71.6168
956 -33.0489 -71.6169
680 -33.0489 -71.6172
385 -33.0488 -71.6164
756 -33.0488 -71.6164
278 -33.0491 -71.6162
428 -33.0493 -71.6149
539 -33.0494 -71.6147
164 -33.0494 -71.6147
180 -33.0493 -71.615
329 -33.0492 -71.6155
656 -33.0493 -71.6153
258 -33.0493 -71.6151
750 -33.0494 -71.6145
379 -33.0494 -71.6145
524 -33.0495 -71.6142
661 -33.0495 -71.6129
725 -33.0494 -71.6129
372 -33.0494 -71.6129
877 -33.0493 -71.6129
265 -33.0493 -71.6129
86 -33.0492 -71.6159
522 -33.0491 -71.6161
665 -33.0491 -71.6161
518 -33.0492 -71.6159
207 -33.0491 -71.6161
548 -33.0491 -71.6162
76 -33.0491 -71.6161
709 -33.0491 -71.6161
804 -33.0492 -71.6159
599 -33.0492 -71.6129
585 -33.0491 -71.6129
655 -33.0491 -71.6129
517 -33.0489 -71.6129
744 -33.0489 -71.6129
835 -33.0489 -71.6129
637 -33.0487 -71.6176
304 -33.0483 -71.6172
75 -33.0481 -71.6163
807 -33.048 -71.6159
231 -33.048 -71.6159
971 -33.048 -71.616
119 -33.048 -71.616
823 -33.048 -71.616
178 -33.0481 -71.6155
847 -33.0481 -71.6153
899 -33.0482 -71.6152
444 -33.0482 -71.6151
133 -33.0481 -71.6153
153 -33.0481 -71.6154
683 -33.0481 -71.6153
345 -33.0481 -71.6153
418 -33.0479 -71.616
652 -33.0477 -71.6173
515 -33.0477 -71.6169
31 -33.0477 -71.6168
851 -33.0477 -71.617
519 -33.0475 -71.6175
218 -33.0475 -71.6174
960 -33.0476 -71.6173
648 -33.0478 -71.6166
590 -33.0479 -71.6161
248 -33.0479 -71.6161
758 -33.0479 -71.6161
44 -33.0479 -71.6162
538 -33.0478 -71.6165
728 -33.0479 -71.6163
685 -33.0483 -71.6147
439 -33.0485 -71.6137
817 -33.0486 -71.6134
336 -33.0487 -71.613
932 -33.0485 -71.6137
58 -33.0484 -71.6141
805 -33.0485 -71.6138
465 -33.0485 -71.6138
974 -33.0487 -71.613
942 -33.0487 -71.6129
201 -33.0487 -71.6129
392 -33.0486 -71.6129
739 -33.0486 -71.6129
100 -33.0486 -71.6129
902 -33.0485 -71.6129
915 -33.0484 -71.6129
651 -33.0484 -71.6141
920 -33.0484 -71.6144
779 -33.0484 -71.6144
342 -33.0484 -71.6143
719 -33.0484 -71.6144
634 -33.0471 -71.6147
947 -33.0483 -71.6145
596 -33.0483 -71.6145
638 -33.0484 -71.6142
666 -33.0484 -71.6142
894 -33.0484 -71.6142
588 -33.0477 -71.6129
312 -33.0476 -71.6132
96 -33.0476 -71.6133
241 -33.0476 -71.6133
749 -33.0481 -71.6128
790 -33.0552 -71.6124
326 -33.0551 -71.6124
19 -33.0554 -71.6124
420 -33.0549 -71.6124
414 -33.0548 -71.6124
521 -33.0547 -71.6124
43 -33.0547 -71.6124
576 -33.0547 -71.6124
354 -33.0547 -71.6124
747 -33.0547 -71.6124
467 -33.0544 -71.6122
619 -33.0543 -71.612
917 -33.0543 -71.6123
579 -33.0542 -71.6123
237 -33.0542 -71.6117
154 -33.0542 -71.6117
368 -33.0541 -71.6123
523 -33.0539 -71.6122
967 -33.0542 -71.6117
298 -33.0536 -71.6122
238 -33.0533 -71.6122
305 -33.0531 -71.6121
962 -33.0528 -71.6121
26 -33.053 -71.6116
866 -33.0536 -71.6114
591 -33.0539 -71.6113
563 -33.0539 -71.6112
874 -33.0535 -71.6114
505 -33.053 -71.6116
192 -33.053 -71.6116
569 -33.0534 -71.6114
209 -33.0538 -71.6112
384 -33.0539 -71.6112
636 -33.0537 -71.6112
366 -33.0537 -71.6111
307 -33.0537 -71.6111
627 -33.0536 -71.6111
751 -33.0536 -71.6111
52 -33.0536 -71.6111
402 -33.0535 -71.611
463 -33.0536 -71.6107
132 -33.0545 -71.6105
970 -33.0554 -71.6104
72 -33.0535 -71.6106
452 -33.0534 -71.611
175 -33.0534 -71.611
259 -33.0535 -71.6106
873 -33.0533 -71.6089
61 -33.0531 -71.6109
12 -33.0531 -71.6109
927 -33.053 -71.6108
773 -33.0529 -71.6107
35 -33.0529 -71.6107
679 -33.0529 -71.6107
274 -33.0529 -71.6107
190 -33.0527 -71.6105
772 -33.0532 -71.6096
810 -33.0531 -71.6095
83 -33.0533 -71.6089
922 -33.0531 -71.6091
424 -33.0527 -71.6104
592 -33.0531 -71.6093
676 -33.0527 -71.6104
51 -33.0526 -71.6121
642 -33.0526 -71.6121
958 -33.0525 -71.6121
390 -33.0524 -71.6117
737 -33.0522 -71.6117
187 -33.0523 -71.6117
276 -33.0524 -71.6117
120 -33.0525 -71.6117
782 -33.0526 -71.6117
303 -33.0527 -71.6103
512 -33.0526 -71.6102
811 -33.0526 -71.6117
556 -33.0525 -71.6117
675 -33.0526 -71.6117
674 -33.0525 -71.6101
2 -33.0522 -71.6117
733 -33.0522 -71.612
173 -33.0521 -71.612
480 -33.0518 -71.612
571 -33.0517 -71.612
214 -33.0516 -71.612
14 -33.0516 -71.612
351 -33.0516 -71.612
29 -33.0514 -71.612
910 -33.0518 -71.6118
242 -33.0521 -71.6118
789 -33.0515 -71.6115
578 -33.0515 -71.6119
15 -33.0514 -71.6119
97 -33.0514 -71.6119
797 -33.0525 -71.6101
7 -33.0525 -71.6101
848 -33.0525 -71.61
506 -33.0524 -71.6099
40 -33.0523 -71.6098
49 -33.0522 -71.6095
212 -33.052 -71.6093
603 -33.0519 -71.6092
601 -33.0519 -71.6092
551 -33.052 -71.6089
746 -33.0521 -71.6087
94 -33.0521 -71.6087
645 -33.052 -71.609
626 -33.0519 -71.6091
923 -33.052 -71.6091
32 -33.052 -71.6091
840 -33.0519 -71.6092
575 -33.0517 -71.6095
681 -33.0517 -71.6094
22 -33.0517 -71.6094
167 -33.0516 -71.6095
671 -33.0514 -71.6097
398 -33.0515 -71.6096
981 -33.0515 -71.6096
846 -33.0518 -71.6093
137 -33.0518 -71.6093
158 -33.0518 -71.6093
224 -33.0519 -71.6091
316 -33.0518 -71.6093
89 -33.0517 -71.609
228 -33.0514 -71.6087
110 -33.0521 -71.6087
903 -33.0546 -71.6085
672 -33.0544 -71.6085
581 -33.0544 -71.6085
311 -33.0543 -71.6085
977 -33.0542 -71.6085
362 -33.0542 -71.6085
454 -33.0542 -71.6085
332 -33.0541 -71.6085
79 -33.054 -71.6085
499 -33.054 -71.6085
525 -33.0546 -71.6085
934 -33.054 -71.6085
558 -33.054 -71.6085
129 -33.0538 -71.6085
469 -33.0539 -71.6085
11 -33.0538 -71.6085
335 -33.0536 -71.6085
929 -33.0536 -71.6085
527 -33.0537 -71.6085
400 -33.0536 -71.6085
411 -33.0536 -71.6085
657 -33.0535 -71.6085
700 -33.0535 -71.6085
98 -33.0536 -71.6085
510 -33.0538 -71.6085
513 -33.0538 -71.6085
296 -33.0538 -71.6085
461 -33.0537 -71.6085
223 -33.0535 -71.6085
613 -33.0534 -71.6085
473 -33.0534 -71.6085
285 -33.0534 -71.6085
281 -33.0552 -71.6081
677 -33.0554 -71.6079
528 -33.056 -71.6079
331 -33.0551 -71.6082
419 -33.0549 -71.6083
63 -33.0549 -71.6083
491 -33.055 -71.6082
808 -33.0554 -71.6079
748 -33.0556 -71.6079
300 -33.0558 -71.6078
441 -33.056 -71.6043
474 -33.0556 -71.6078
291 -33.0555 -71.6079
870 -33.0549 -71.6045
147 -33.055 -71.6045
925 -33.0549 -71.6083
606 -33.0547 -71.6084
112 -33.0548 -71.6084
159 -33.0549 -71.6083
876 -33.0547 -71.6085
912 -33.0534 -71.6085
535 -33.0534 -71.6085
705 -33.0533 -71.6084
886 -33.0549 -71.6083
280 -33.0549 -71.6083
768 -33.0548 -71.6051
90 -33.0542 -71.6047
924 -33.0538 -71.6048
196 -33.0535 -71.6062
221 -33.0535 -71.6047
477 -33.0532 -71.6084
225 -33.0531 -71.6084
438 -33.0531 -71.6084
858 -33.0531 -71.6084
888 -33.0531 -71.6084
168 -33.053 -71.6083
740 -33.0529 -71.6083
857 -33.0529 -71.6083
46 -33.0529 -71.6083
282 -33.0529 -71.6083
422 -33.0528 -71.6083
833 -33.0528 -71.6083
472 -33.0528 -71.6083
478 -33.0527 -71.6082
555 -33.0527 -71.6082
138 -33.0527 -71.6082
944 -33.0527 -71.6082
219 -33.0526 -71.6082
918 -33.0526 -71.6082
980 -33.0525 -71.6082
723 -33.0525 -71.6082
622 -33.0521 -71.6085
470 -33.0522 -71.6082
662 -33.0524 -71.6081
984 -33.0522 -71.6081
489 -33.0524 -71.6081
878 -33.0524 -71.6081
954 -33.0524 -71.6081
769 -33.0524 -71.6081
378 -33.0523 -71.6081
458 -33.0523 -71.6081
715 -33.0523 -71.6081
825 -33.0523 -71.6081
753 -33.0523 -71.6081
664 -33.0523 -71.608
540 -33.0523 -71.608
156 -33.0522 -71.608
62 -33.0522 -71.6079
593 -33.0522 -71.6078
350 -33.0522 -71.6078
73 -33.0522 -71.6078
421 -33.0522 -71.6077
78 -33.0525 -71.6048
557 -33.0522 -71.6076
227 -33.0522 -71.6075
381 -33.0522 -71.6075
532 -33.0522 -71.6075
937 -33.0522 -71.6074
843 -33.0521 -71.6081
503 -33.052 -71.6081
706 -33.0521 -71.607
256 -33.052 -71.608
595 -33.0519 -71.6081
261 -33.052 -71.608
690 -33.0514 -71.6075
502 -33.0518 -71.6064
181 -33.0517 -71.6062
752 -33.0517 -71.6062
966 -33.0517 -71.6062
169 -33.0517 -71.6049
815 -33.0516 -71.606
620 -33.0517 -71.6049
382 -33.0514 -71.6059
268 -33.0511 -71.6126
252 -33.0511 -71.6125
387 -33.0511 -71.6125
745 -33.0511 -71.6125
272 -33.0511 -71.6127
415 -33.0511 -71.6127
23 -33.0511 -71.6126
577 -33.0511 -71.6125
299 -33.0512 -71.6119
295 -33.0513 -71.6119
909 -33.0512 -71.6118
197 -33.0512 -71.612
916 -33.0511 -71.6122
347 -33.051 -71.6114
742 -33.0508 -71.6113
905 -33.0504 -71.6113
41 -33.0498 -71.6122
6 -33.0499 -71.612
184 -33.0499 -71.6118
959 -33.0498 -71.6122
609 -33.0498 -71.6126
689 -33.0498 -71.6125
893 -33.0498 -71.6123
921 -33.0499 -71.6118
887 -33.05 -71.6113
691 -33.05 -71.6113
247 -33.05 -71.6113
554 -33.05 -71.6114
871 -33.0499 -71.6118
682 -33.0499 -71.6116
875 -33.0498 -71.6113
720 -33.05 -71.6112
882 -33.0509 -71.6102
284 -33.051 -71.6101
349 -33.0511 -71.61
294 -33.0508 -71.6102
736 -33.0508 -71.6102
199 -33.0508 -71.6102
321 -33.0507 -71.6102
669 -33.0511 -71.61
832 -33.0512 -71.6099
236 -33.0512 -71.6099
741 -33.0513 -71.6098
182 -33.0512 -71.6099
861 -33.0511 -71.61
404 -33.0512 -71.6099
856 -33.0512 -71.6099
319 -33.0507 -71.6102
731 -33.0501 -71.6109
813 -33.0501 -71.6106
257 -33.0501 -71.6104
397 -33.05 -71.6111
806 -33.05 -71.6112
245 -33.05 -71.6112
267 -33.05 -71.6111
371 -33.0502 -71.6104
357 -33.0506 -71.6102
229 -33.0507 -71.6102
997 -33.0505 -71.6102
375 -33.0505 -71.6102
670 -33.0502 -71.6102
230 -33.0503 -71.6102
67 -33.0498 -71.6113
953 -33.0497 -71.6128
507 -33.0497 -71.6128
445 -33.0491 -71.6114
777 -33.049 -71.612
451 -33.0482 -71.6113
729 -33.0482 -71.6113
330 -33.0482 -71.6113
410 -33.0497 -71.6113
264 -33.0497 -71.6112
359 -33.0496 -71.6112
667 -33.0496 -71.6112
567 -33.0495 -71.6112
289 -33.0494 -71.6112
616 -33.0493 -71.6112
552 -33.0492 -71.6112
621 -33.0481 -71.6128
996 -33.0481 -71.6128
186 -33.0479 -71.6128
659 -33.0479 -71.6128
317 -33.0478 -71.6126
964 -33.0474 -71.6127
24 -33.0474 -71.6127
494 -33.047 -71.6127
526 -33.0478 -71.6126
338 -33.048 -71.6119
898 -33.048 -71.6118
969 -33.0481 -71.6116
766 -33.0479 -71.6123
353 -33.0459 -71.6123
54 -33.0455 -71.6122
965 -33.0491 -71.6112
104 -33.0489 -71.6112
781 -33.0492 -71.6112
490 -33.0488 -71.6112
37 -33.0487 -71.6112
135 -33.0486 -71.6112
594 -33.0486 -71.6112
45 -33.0485 -71.6112
630 -33.0485 -71.6111
776 -33.0495 -71.61
193 -33.0495 -71.6099
121 -33.0484 -71.6098
650 -33.0484 -71.6098
584 -33.0484 -71.6111
114 -33.0484 -71.6111
275 -33.0484 -71.6111
926 -33.0483 -71.6111
131 -33.0483 -71.6112
449 -33.0483 -71.6111
28 -33.0482 -71.6098
47 -33.0481 -71.6098
33 -33.0472 -71.611
985 -33.0461 -71.6098
695 -33.0462 -71.6098
4 -33.0468 -71.6098
995 -33.0481 -71.6098
39 -33.0479 -71.6098
249 -33.047 -71.6098
798 -33.047 -71.6098
865 -33.0469 -71.6098
288 -33.0469 -71.6098
486 -33.0471 -71.6098
885 -33.0513 -71.6098
704 -33.0513 -71.6098
600 -33.0513 -71.6087
204 -33.0512 -71.6086
821 -33.0511 -71.6091
324 -33.0512 -71.6089
211 -33.0512 -71.6087
343 -33.0512 -71.6086
863 -33.0511 -71.6086
136 -33.051 -71.6085
836 -33.0511 -71.6085
714 -33.051 -71.6085
951 -33.0509 -71.6085
734 -33.0509 -71.6085
785 -33.0508 -71.6085
757 -33.0508 -71.6085
243 -33.0504 -71.6089
845 -33.0504 -71.6089
406 -33.0504 -71.6088
16 -33.0504 -71.609
707 -33.0502 -71.6092
395 -33.05 -71.6091
172 -33.0504 -71.609
990 -33.0506 -71.6085
653 -33.0506 -71.6085
771 -33.0506 -71.6085
607 -33.0506 -71.6085
498 -33.0504 -71.6085
68 -33.0504 -71.6085
235 -33.0504 -71.6085
417 -33.0503 -71.6085
468 -33.0511 -71.6085
126 -33.0511 -71.6085
952 -33.0513 -71.6084
183 -33.0513 -71.6084
328 -33.0511 -71.6085
471 -33.051 -71.6074
369 -33.0509 -71.6074
460 -33.0509 -71.6074
56 -33.0509 -71.6074
673 -33.0513 -71.6059
770 -33.0513 -71.6059
293 -33.0512 -71.6052
788 -33.0511 -71.6058
624 -33.0505 -71.6073
957 -33.0509 -71.6065
99 -33.051 -71.6051
365 -33.0505 -71.6073
125 -33.0502 -71.6085
233 -33.0502 -71.6085
82 -33.0502 -71.6085
738 -33.0501 -71.6085
437 -33.0501 -71.6085
306 -33.0501 -71.6084
71 -33.0501 -71.6084
185 -33.0499 -71.6084
325 -33.0503 -71.6073
244 -33.0505 -71.6057
564 -33.0499 -71.6055
358 -33.0498 -71.6054
287 -33.0498 -71.6072
103 -33.0498 -71.6072
8 -33.0498 -71.6091
215 -33.0496 -71.6094
623 -33.0495 -71.6091
544 -33.0496 -71.6084
562 -33.0495 -71.6084
91 -33.0494 -71.6084
625 -33.0494 -71.6084
534 -33.0494 -71.6083
658 -33.0494 -71.6083
203 -33.0491 -71.6083
867 -33.0491 -71.6083
791 -33.0487 -71.6083
566 -33.0486 -71.6083
429 -33.0484 -71.6082
270 -33.0484 -71.6082
536 -33.0485 -71.6082
161 -33.0483 -71.6082
344 -33.0477 -71.6098
663 -33.0476 -71.6098
928 -33.0475 -71.6098
824 -33.0474 -71.6098
814 -33.0472 -71.6098
702 -33.0472 -71.6098
3 -33.0473 -71.6098
459 -33.0474 -71.6098
914 -33.0481 -71.6082
617 -33.048 -71.6082
717 -33.0477 -71.6082
59 -33.0473 -71.6082
568 -33.0473 -71.6082
188 -33.0473 -71.6082
380 -33.0473 -71.6082
993 -33.0497 -71.6071
975 -33.0495 -71.6071
65 -33.0498 -71.6054
232 -33.0493 -71.607
339 -33.0492 -71.607
839 -33.0491 -71.607
149 -33.0492 -71.6065
122 -33.0497 -71.6054
388 -33.0495 -71.6053
1 -33.0497 -71.6045
30 -33.0494 -71.6039
628 -33.0494 -71.6053
913 -33.0492 -71.6052
492 -33.049 -71.6049
826 -33.0494 -71.6038
896 -33.0489 -71.6048
906 -33.0483 -71.6081
508 -33.0482 -71.608
308 -33.0488 -71.6069
618 -33.0471 -71.6082
346 -33.0469 -71.6081
559 -33.0464 -71.6081
162 -33.0462 -71.6081
895 -33.0488 -71.6069
21 -33.0488 -71.6067
194 -33.0488 -71.6066
800 -33.0488 -71.6047
989 -33.0488 -71.6068
533 -33.0459 -71.6048
514 -33.0486 -71.6043
