978 -33.0573 -71.6183
549 -33.0565 -71.6182
367 -33.0575 -71.618
883 -33.0552 -71.6214
109 -33.0551 -71.6212
217 -33.0551 -71.621
697 -33.0551 -71.621
189 -33.0576 -71.618
301 -33.0556 -71.6179
542 -33.0554 -71.6175
42 -33.0554 -71.6175
361 -33.0554 -71.6176
698 -33.0551 -71.6179
754 -33.0551 -71.6178
69 -33.0553 -71.6177
479 -33.0551 -71.6209
979 -33.0551 -71.6217
53 -33.055 -71.6208
961 -33.055 -71.6208
829 -33.055 -71.6219
589 -33.0548 -71.6221
786 -33.0549 -71.6219
313 -33.055 -71.6207
940 -33.0549 -71.6205
587 -33.055 -71.618
455 -33.055 -71.6179
373 -33.055 -71.6179
216 -33.055 -71.6181
919 -33.0549 -71.6184
809 -33.055 -71.6182
760 -33.055 -71.6182
134 -33.0556 -71.6171
475 -33.0589 -71.6169
407 -33.0562 -71.616
389 -33.0562 -71.616
743 -33.0561 -71.616
370 -33.0559 -71.6163
408 -33.0559 -71.6163
537 -33.056 -71.6162
476 -33.056 -71.616
450 -33.0561 -71.6158
822 -33.0561 -71.6157
582 -33.0561 -71.6157
963 -33.0561 -71.6156
251 -33.056 -71.6159
955 -33.0558 -71.6159
127 -33.056 -71.6156
255 -33.0558 -71.6164
376 -33.0557 -71.6168
726 -33.0557 -71.6159
279 -33.0557 -71.6159
881 -33.0556 -71.6169
816 -33.0556 -71.617
123 -33.0556 -71.6159
602 -33.0555 -71.6159
107 -33.0555 -71.6159
693 -33.0554 -71.6159
520 -33.0554 -71.6159
269 -33.0553 -71.6158
146 -33.055 -71.6158
442 -33.055 -71.6158
580 -33.0549 -71.6158
176 -33.0548 -71.6205
598 -33.0548 -71.6222
550 -33.0547 -71.6203
66 -33.0547 -71.6203
25 -33.0546 -71.6224
710 -33.0545 -71.6227
92 -33.0545 -71.6226
987 -33.0545 -71.6226
142 -33.0546 -71.6203
85 -33.0546 -71.6203
5 -33.0545 -71.6202
647 -33.0545 -71.6202
497 -33.0545 -71.6202
115 -33.0545 -71.6202
796 -33.0545 -71.6202
890 -33.0545 -71.6201
226 -33.0544 -71.6201
849 -33.0543 -71.6242
703 -33.0544 -71.6201
38 -33.0543 -71.6201
315 -33.0543 -71.62
629 -33.0543 -71.6239
409 -33.0543 -71.6232
500 -33.0542 -71.62
327 -33.0542 -71.62
678 -33.054 -71.6199
260 -33.0539 -71.6198
487 -33.0537 -71.6197
266 -33.0536 -71.6196
253 -33.0536 -71.6196
930 -33.0536 -71.6196
177 -33.0535 -71.6195
880 -33.0535 -71.619
377 -33.0545 -71.6189
210 -33.0544 -71.6189
761 -33.0544 -71.6184
434 -33.0544 -71.6184
198 -33.0543 -71.6184
844 -33.0543 -71.6184
838 -33.0543 -71.6184
341 -33.0545 -71.6184
355 -33.0547 -71.6184
456 -33.0548 -71.6184
271 -33.0548 -71.6174
803 -33.0547 -71.6184
150 -33.0546 -71.6157
641 -33.0545 -71.6157
488 -33.0543 -71.6157
973 -33.0542 -71.6184
179 -33.0538 -71.6188
495 -33.0535 -71.6185
547 -33.0539 -71.6184
166 -33.0535 -71.6185
687 -33.0533 -71.6188
448 -33.0533 -71.6188
323 -33.0535 -71.6187
466 -33.0539 -71.6184
713 -33.0542 -71.6184
290 -33.0542 -71.6168
819 -33.0542 -71.6157
775 -33.0542 -71.6184
767 -33.0541 -71.6184
891 -33.0541 -71.6184
730 -33.0535 -71.6155
945 -33.0585 -71.6152
297 -33.0578 -71.615
561 -33.0576 -71.6149
483 -33.0574 -71.6149
531 -33.0573 -71.6149
501 -33.0573 -71.6149
560 -33.0573 -71.6148
774 -33.0572 -71.6148
482 -33.0584 -71.6148
976 -33.0585 -71.6148
118 -33.0586 -71.6147
842 -33.0573 -71.6148
124 -33.0572 -71.6148
994 -33.0572 -71.6148
464 -33.0568 -71.6147
640 -33.0568 -71.6147
668 -33.0562 -71.6151
57 -33.0563 -71.6151
646 -33.0565 -71.6149
686 -33.0561 -71.6152
18 -33.056 -71.6154
765 -33.056 -71.6154
413 -33.056 -71.6153
286 -33.0565 -71.6149
20 -33.0568 -71.6147
950 -33.0568 -71.6147
608 -33.0568 -71.6147
869 -33.0567 -71.6148
818 -33.0565 -71.6149
879 -33.0566 -71.6149
60 -33.0567 -71.6148
948 -33.0581 -71.6143
326 -33.0583 -71.613
790 -33.0584 -71.613
19 -33.0586 -71.613
420 -33.0581 -71.613
991 -33.0577 -71.6139
872 -33.0579 -71.6139
414 -33.0581 -71.613
576 -33.0579 -71.6129
521 -33.0579 -71.6129
43 -33.0579 -71.6129
354 -33.0579 -71.6129
747 -33.0579 -71.6129
917 -33.0575 -71.6128
579 -33.0575 -71.6128
368 -33.0573 -71.6128
523 -33.057 -71.6127
467 -33.0568 -71.6133
619 -33.0566 -71.6132
298 -33.0568 -71.6126
238 -33.0566 -71.6125
591 -33.0558 -71.6131
962 -33.0559 -71.6131
154 -33.0562 -71.6131
237 -33.0565 -71.6124
967 -33.0565 -71.6124
305 -33.0563 -71.6124
563 -33.0559 -71.6123
209 -33.0559 -71.6123
642 -33.0559 -71.6123
51 -33.0559 -71.6123
366 -33.0558 -71.6123
762 -33.0555 -71.6155
636 -33.0556 -71.6131
173 -33.0553 -71.6124
175 -33.0552 -71.6131
105 -33.0549 -71.6151
405 -33.0549 -71.6151
61 -33.055 -71.6131
12 -33.0551 -71.6124
480 -33.0551 -71.6124
733 -33.0554 -71.6124
927 -33.055 -71.6124
214 -33.0549 -71.6124
679 -33.0549 -71.6124
35 -33.0549 -71.6124
14 -33.0548 -71.6124
907 -33.0548 -71.6151
446 -33.0544 -71.6148
403 -33.0542 -71.6147
423 -33.0542 -71.6146
145 -33.0539 -71.6145
546 -33.0533 -71.6155
171 -33.0535 -71.6142
611 -33.0533 -71.6141
711 -33.0533 -71.6141
571 -33.0548 -71.6129
773 -33.0548 -71.6129
274 -33.0547 -71.6128
424 -33.0545 -71.6126
512 -33.0543 -71.6124
7 -33.0542 -71.6124
351 -33.0548 -71.6124
29 -33.0547 -71.6124
452 -33.0554 -71.6124
402 -33.0556 -71.6123
15 -33.0547 -71.6124
676 -33.0546 -71.6124
295 -33.0546 -71.6124
303 -33.0545 -71.6124
52 -33.0557 -71.6123
751 -33.0558 -71.6123
307 -33.0558 -71.6123
627 -33.0558 -71.6123
958 -33.0558 -71.6123
909 -33.0544 -71.6123
197 -33.0543 -71.6123
674 -33.0542 -71.6123
40 -33.0542 -71.6122
848 -33.0542 -71.6123
916 -33.0542 -71.6123
506 -33.0542 -71.6122
797 -33.0541 -71.6123
252 -33.0539 -71.6122
387 -33.0539 -71.6122
789 -33.0539 -71.6122
577 -33.0539 -71.6122
23 -33.0539 -71.6122
272 -33.0537 -71.6122
310 -33.0535 -71.6122
160 -33.0534 -71.6122
998 -33.0534 -71.6122
649 -33.0534 -71.6122
831 -33.0532 -71.6188
431 -33.0532 -71.6188
340 -33.0531 -71.6188
116 -33.0531 -71.6187
262 -33.053 -71.6187
399 -33.053 -71.6187
632 -33.0525 -71.6186
727 -33.0525 -71.6186
614 -33.0524 -71.6186
250 -33.0524 -71.6186
393 -33.0523 -71.6186
17 -33.0523 -71.6186
163 -33.0521 -71.6185
852 -33.0521 -71.6185
830 -33.0521 -71.6185
128 -33.052 -71.6185
504 -33.052 -71.6185
101 -33.0502 -71.6209
633 -33.0494 -71.6194
999 -33.0512 -71.6186
447 -33.0494 -71.6192
34 -33.0494 -71.6188
935 -33.0494 -71.6187
493 -33.0494 -71.6186
111 -33.052 -71.6185
144 -33.0519 -71.6185
597 -33.0518 -71.6184
412 -33.0516 -71.6184
859 -33.0512 -71.6184
364 -33.051 -71.6182
904 -33.0509 -71.6181
130 -33.0505 -71.618
165 -33.0505 -71.618
908 -33.0528 -71.6159
721 -33.0528 -71.6159
892 -33.0529 -71.6158
545 -33.0528 -71.6159
864 -33.0528 -71.6159
787 -33.0527 -71.6159
884 -33.0503 -71.6158
850 -33.0504 -71.6158
946 -33.0526 -71.6158
106 -33.0505 -71.6157
812 -33.0529 -71.6157
574 -33.0505 -71.6157
688 -33.0504 -71.6158
572 -33.0502 -71.6158
13 -33.0502 -71.6157
983 -33.0501 -71.6178
10 -33.0501 -71.6178
949 -33.0501 -71.6178
263 -33.0496 -71.6161
239 -33.0495 -71.6162
889 -33.0493 -71.6165
573 -33.0494 -71.6165
416 -33.0494 -71.6164
453 -33.0496 -71.6161
191 -33.0501 -71.6157
692 -33.0498 -71.6157
174 -33.05 -71.6157
900 -33.0498 -71.6158
529 -33.0497 -71.6159
712 -33.0497 -71.6159
170 -33.0492 -71.6165
764 -33.0483 -71.6188
509 -33.0483 -71.6187
583 -33.0484 -71.6187
485 -33.0483 -71.6189
718 -33.0481 -71.6192
360 -33.0481 -71.6192
80 -33.0483 -71.6189
911 -33.0484 -71.6185
939 -33.0485 -71.6183
732 -33.0492 -71.6183
755 -33.0485 -71.6182
644 -33.0485 -71.6184
484 -33.0484 -71.6185
427 -33.0484 -71.6185
9 -33.0485 -71.6184
516 -33.0479 -71.6195
277 -33.0477 -71.6198
322 -33.0478 -71.6198
802 -33.0478 -71.6198
139 -33.0477 -71.6199
205 -33.0477 -71.6199
820 -33.0477 -71.6199
938 -33.0477 -71.6199
735 -33.0478 -71.6197
988 -33.0478 -71.6196
696 -33.0479 -71.6196
222 -33.0479 -71.6195
982 -33.0472 -71.6183
220 -33.0471 -71.6187
784 -33.0471 -71.6186
55 -33.0486 -71.6181
383 -33.049 -71.6169
799 -33.049 -71.6167
605 -33.049 -71.6167
763 -33.0489 -71.6169
716 -33.0489 -71.617
694 -33.0489 -71.617
794 -33.0489 -71.6169
639 -33.049 -71.6166
333 -33.0491 -71.6165
440 -33.0491 -71.6162
206 -33.0491 -71.6161
283 -33.0491 -71.6164
155 -33.049 -71.6166
901 -33.049 -71.6166
113 -33.0491 -71.6165
157 -33.0489 -71.617
610 -33.0487 -71.6178
708 -33.0489 -71.6176
511 -33.0487 -71.6176
152 -33.0486 -71.6178
530 -33.0486 -71.6179
722 -33.0486 -71.6178
88 -33.0474 -71.6178
635 -33.0487 -71.6175
968 -33.0478 -71.6164
793 -33.0479 -71.6162
972 -33.0479 -71.6162
724 -33.0477 -71.6168
643 -33.0475 -71.6174
827 -33.0476 -71.6172
273 -33.05 -71.6157
992 -33.0529 -71.6157
860 -33.0522 -71.6157
565 -33.0522 -71.6157
320 -33.0521 -71.6156
795 -33.0519 -71.6156
93 -33.0517 -71.6156
148 -33.0517 -71.6156
430 -33.0515 -71.6156
292 -33.053 -71.6155
117 -33.053 -71.6155
254 -33.053 -71.6155
585 -33.0523 -71.6134
835 -33.0521 -71.6133
739 -33.0519 -71.6132
100 -33.0518 -71.6131
756 -33.0515 -71.6156
385 -33.0515 -71.6156
783 -33.0514 -71.6156
496 -33.0508 -71.6155
75 -33.0508 -71.6155
652 -33.05 -71.6157
195 -33.0506 -71.6155
304 -33.0505 -71.6155
457 -33.0497 -71.6131
749 -33.0514 -71.6131
659 -33.0511 -71.6131
588 -33.051 -71.6131
894 -33.0509 -71.6131
956 -33.0497 -71.6131
638 -33.0508 -71.6131
666 -33.0508 -71.6131
24 -33.0507 -71.6131
920 -33.0507 -71.6131
186 -33.0511 -71.6131
805 -33.0511 -71.613
964 -33.0507 -71.6131
494 -33.0503 -71.613
278 -33.0502 -71.613
27 -33.0501 -71.613
74 -33.0501 -71.613
621 -33.0511 -71.6127
915 -33.0511 -71.6124
902 -33.0511 -71.6122
996 -33.0511 -71.6128
180 -33.0511 -71.613
683 -33.0499 -71.613
133 -33.0499 -71.6129
345 -33.0498 -71.6129
363 -33.0497 -71.6128
240 -33.0497 -71.6127
64 -33.0498 -71.6126
425 -33.0497 -71.6128
401 -33.0497 -71.613
481 -33.0497 -71.6129
828 -33.0497 -71.6129
654 -33.0498 -71.6125
665 -33.0498 -71.6123
522 -33.0498 -71.6123
709 -33.0498 -71.6123
548 -33.0498 -71.6124
76 -33.0498 -71.6124
207 -33.0498 -71.6124
234 -33.0496 -71.6134
660 -33.0493 -71.6152
631 -33.0493 -71.6151
834 -33.0493 -71.615
868 -33.0493 -71.6152
897 -33.0492 -71.6155
36 -33.0493 -71.6152
394 -33.0493 -71.6152
854 -33.0493 -71.615
374 -33.0495 -71.6143
462 -33.0495 -71.6142
77 -33.0495 -71.6141
302 -33.0494 -71.6143
586 -33.0493 -71.6149
612 -33.0494 -71.6146
432 -33.0494 -71.6144
213 -33.0492 -71.6156
318 -33.0492 -71.6157
81 -33.0481 -71.6153
604 -33.0482 -71.6152
348 -33.0481 -71.6153
553 -33.0481 -71.6155
48 -33.0481 -71.6154
933 -33.0481 -71.6154
140 -33.0483 -71.6146
50 -33.0484 -71.6143
435 -33.0484 -71.6143
314 -33.0484 -71.6141
941 -33.0483 -71.6145
853 -33.0483 -71.6146
862 -33.0483 -71.6145
855 -33.0484 -71.614
337 -33.0496 -71.6135
701 -33.0496 -71.6135
680 -33.0496 -71.6134
0 -33.0496 -71.6137
780 -33.0495 -71.6139
637 -33.0495 -71.6138
758 -33.0493 -71.6129
44 -33.0491 -71.6129
353 -33.0491 -71.6129
823 -33.0489 -71.6122
231 -33.0489 -71.6122
119 -33.0489 -71.6122
590 -33.0489 -71.6123
971 -33.0489 -71.6123
418 -33.0489 -71.6122
248 -33.0489 -71.6123
519 -33.0485 -71.6137
218 -33.0485 -71.6137
960 -33.0486 -71.6136
436 -33.0485 -71.6139
84 -33.0484 -71.614
778 -33.0485 -71.614
541 -33.0485 -71.6139
851 -33.0486 -71.6132
54 -33.0488 -71.6129
538 -33.0488 -71.6128
728 -33.0488 -71.6127
648 -33.0487 -71.6129
515 -33.0486 -71.6132
31 -33.0487 -71.613
347 -33.0533 -71.6122
970 -33.0584 -71.6105
463 -33.0565 -71.61
72 -33.0566 -71.61
384 -33.0561 -71.6102
569 -33.0554 -71.6104
866 -33.0557 -71.6104
26 -33.0551 -71.6104
259 -33.0566 -71.61
748 -33.0569 -71.6098
886 -33.056 -71.6095
132 -33.0572 -71.6094
606 -33.0559 -71.6095
874 -33.0553 -71.6097
876 -33.0558 -71.6095
558 -33.0558 -71.6092
190 -33.0547 -71.6104
49 -33.0544 -71.6121
212 -33.0543 -71.6119
603 -33.0542 -71.6118
601 -33.0542 -71.6117
224 -33.0542 -71.6117
645 -33.0541 -71.6116
89 -33.0541 -71.6115
551 -33.0541 -71.6115
575 -33.0541 -71.6115
2 -33.0543 -71.6105
187 -33.0544 -71.6105
22 -33.054 -71.6114
268 -33.0538 -71.6113
745 -33.0538 -71.6113
228 -33.0539 -71.6112
510 -33.0559 -71.6091
535 -33.0562 -71.6086
32 -33.0546 -71.6085
706 -33.0545 -71.6085
626 -33.0545 -71.6085
923 -33.0545 -71.6085
183 -33.0545 -71.6085
840 -33.0545 -71.6085
952 -33.0544 -71.6085
158 -33.0543 -71.6085
690 -33.0543 -71.6085
316 -33.0543 -71.6085
137 -33.0543 -71.6085
846 -33.0543 -71.6085
328 -33.0543 -71.6085
468 -33.0542 -71.6085
126 -33.0542 -71.6085
836 -33.0541 -71.6085
714 -33.0541 -71.6085
167 -33.0541 -71.6085
136 -33.0541 -71.6085
951 -33.054 -71.6085
471 -33.054 -71.6085
502 -33.0539 -71.6085
671 -33.0538 -71.6085
981 -33.0539 -71.6085
757 -33.0539 -71.6085
398 -33.0539 -71.6085
785 -33.0539 -71.6085
966 -33.0538 -71.6085
752 -33.0538 -71.6085
460 -33.0538 -71.6085
415 -33.0537 -71.6113
600 -33.0538 -71.6112
885 -33.0537 -71.6111
204 -33.0536 -71.6111
343 -33.0536 -71.6111
211 -33.0536 -71.6111
863 -33.0535 -71.6111
861 -33.0535 -71.611
681 -33.0538 -71.611
299 -33.0537 -71.6108
97 -33.0535 -71.6105
578 -33.0535 -71.6104
324 -33.0534 -71.611
593 -33.0533 -71.611
910 -33.0533 -71.6101
143 -33.0533 -71.6115
386 -33.0532 -71.6121
734 -33.0533 -71.611
821 -33.0532 -71.6109
421 -33.0532 -71.6109
986 -33.0531 -71.6121
742 -33.0531 -71.6121
141 -33.053 -71.6116
242 -33.0532 -71.6098
737 -33.0532 -71.6097
276 -33.0531 -71.6094
120 -33.0531 -71.6093
390 -33.0531 -71.6093
556 -33.0531 -71.6093
782 -33.0531 -71.6093
675 -33.0531 -71.6093
236 -33.0536 -71.6085
990 -33.0537 -71.6085
741 -33.0537 -71.6085
815 -33.0536 -71.6085
182 -33.0536 -71.6085
404 -33.0535 -71.6085
856 -33.0535 -71.6085
832 -33.0535 -71.6085
369 -33.0537 -71.6085
56 -33.0537 -71.6085
704 -33.0537 -71.6085
653 -33.0537 -71.6085
365 -33.0535 -71.6085
669 -33.0534 -71.6085
624 -33.0534 -71.6085
417 -33.0534 -71.6085
505 -33.0533 -71.6088
192 -33.0533 -71.6088
349 -33.0534 -71.6085
673 -33.0533 -71.6085
811 -33.053 -71.6092
770 -33.0533 -71.6084
125 -33.0533 -71.6084
284 -33.0533 -71.6084
243 -33.0532 -71.6084
845 -33.0532 -71.6084
882 -33.0532 -71.6084
71 -33.0532 -71.6084
325 -33.0532 -71.6084
736 -33.0531 -71.6084
294 -33.0531 -71.6084
280 -33.0581 -71.6081
63 -33.0581 -71.6081
419 -33.0581 -71.6081
925 -33.058 -71.6081
903 -33.0577 -71.6081
159 -33.058 -71.6081
672 -33.0575 -71.6081
581 -33.0575 -71.6081
977 -33.0574 -71.6081
281 -33.0584 -71.608
528 -33.059 -71.6079
362 -33.0573 -71.6081
454 -33.0573 -71.608
332 -33.0572 -71.608
499 -33.0571 -71.608
79 -33.0571 -71.608
934 -33.0571 -71.608
469 -33.057 -71.608
11 -33.0569 -71.608
461 -33.0568 -71.608
335 -33.0567 -71.608
400 -33.0568 -71.608
929 -33.0567 -71.608
700 -33.0566 -71.608
657 -33.0567 -71.608
473 -33.0565 -71.608
285 -33.0565 -71.608
912 -33.0565 -71.608
705 -33.0564 -71.608
225 -33.0562 -71.608
438 -33.0561 -71.6079
858 -33.0561 -71.6079
808 -33.0587 -71.6079
474 -33.0587 -71.6078
300 -33.059 -71.6077
677 -33.0586 -71.6079
311 -33.0572 -71.6069
525 -33.0576 -71.6068
112 -33.0578 -71.6068
491 -33.0581 -71.6067
331 -33.0582 -71.6067
291 -33.0585 -71.6066
441 -33.0591 -71.6043
147 -33.0581 -71.6044
768 -33.0576 -71.6049
90 -33.0574 -71.6048
870 -33.058 -71.6044
924 -33.057 -71.6046
613 -33.0565 -71.6075
477 -33.0563 -71.6074
223 -33.0565 -71.6073
873 -33.0563 -71.6074
888 -33.0561 -71.6079
168 -33.0561 -71.6079
83 -33.0562 -71.6075
411 -33.0566 -71.6072
527 -33.0567 -71.6072
129 -33.0568 -71.6072
296 -33.0568 -71.6071
513 -33.0567 -71.6072
221 -33.0567 -71.6045
196 -33.0562 -71.6044
740 -33.0561 -71.6079
156 -33.0552 -71.6081
540 -33.0552 -71.6081
984 -33.0553 -71.608
73 -33.0552 -71.6081
843 -33.0551 -71.6081
350 -33.0552 -71.6081
62 -33.0552 -71.6081
470 -33.0553 -71.608
458 -33.0554 -71.608
715 -33.0554 -71.608
282 -33.0559 -71.6079
378 -33.0554 -71.608
664 -33.0553 -71.608
825 -33.0553 -71.608
753 -33.0553 -71.608
503 -33.0551 -71.6081
16 -33.0531 -71.6084
172 -33.0531 -71.6084
746 -33.0548 -71.6083
199 -33.0531 -71.6084
319 -33.0531 -71.6084
321 -33.053 -71.6084
229 -33.053 -71.6084
94 -33.0549 -71.6083
557 -33.055 -71.6082
261 -33.0551 -71.6082
622 -33.0551 -71.6082
381 -33.055 -71.6083
110 -33.0549 -71.6083
532 -33.0549 -71.6083
46 -33.0559 -71.6079
422 -33.0559 -71.6079
833 -33.0559 -71.6079
555 -33.0558 -71.6079
138 -33.0558 -71.6079
478 -33.0558 -71.6078
944 -33.0558 -71.6078
592 -33.0558 -71.6078
810 -33.0557 -71.6078
472 -33.0558 -71.6076
857 -33.0558 -71.6076
922 -33.056 -71.6075
78 -33.0557 -71.6043
219 -33.0557 -71.6078
918 -33.0557 -71.6078
980 -33.0556 -71.6078
772 -33.0556 -71.6078
662 -33.0555 -71.6078
723 -33.0555 -71.6078
878 -33.0556 -71.6078
769 -33.0555 -71.6079
954 -33.0555 -71.6079
489 -33.0555 -71.6079
595 -33.054 -71.6059
98 -33.0541 -71.6058
937 -33.0546 -71.6052
169 -33.0548 -71.6045
620 -33.0548 -71.6045
256 -33.0541 -71.6057
99 -33.0538 -71.6048
293 -33.054 -71.6047
788 -33.053 -71.6083
309 -33.0529 -71.6121
151 -33.0528 -71.6121
759 -33.0527 -71.6121
905 -33.0527 -71.6121
102 -33.0526 -71.6121
108 -33.0525 -71.6121
200 -33.0525 -71.6121
208 -33.0525 -71.6121
356 -33.0526 -71.6117
391 -33.0526 -71.6116
433 -33.0527 -71.6116
202 -33.0524 -71.6121
615 -33.0523 -71.612
334 -33.0522 -71.612
70 -33.0521 -71.612
837 -33.0521 -71.612
801 -33.0519 -71.612
87 -33.0518 -71.612
661 -33.0518 -71.612
201 -33.0512 -71.612
336 -33.0511 -71.6121
392 -33.0511 -71.6121
942 -33.0512 -71.6121
725 -33.0517 -71.612
877 -33.0517 -71.612
265 -33.0516 -71.612
372 -33.0517 -71.6118
655 -33.0514 -71.612
599 -33.0514 -71.612
744 -33.0513 -71.6119
517 -33.0513 -71.6119
931 -33.0528 -71.6116
227 -33.053 -71.6108
771 -33.053 -71.6108
607 -33.053 -71.6108
498 -33.0529 -71.6107
943 -33.0528 -71.6116
936 -33.0529 -71.6116
235 -33.0529 -71.6107
68 -33.0529 -71.6107
233 -33.0528 -71.6105
437 -33.0527 -71.6105
738 -33.0527 -71.6105
82 -33.0527 -71.6105
306 -33.0527 -71.6104
185 -33.0526 -71.6102
707 -33.0525 -71.6102
562 -33.0523 -71.6098
275 -33.0515 -71.6115
449 -33.0515 -71.6114
953 -33.0511 -71.61
135 -33.0511 -71.61
45 -33.051 -71.6101
570 -33.051 -71.6101
594 -33.0511 -71.61
37 -33.0512 -71.6099
181 -33.0523 -71.6098
625 -33.0523 -71.6098
104 -33.0513 -71.6098
609 -33.0513 -71.6098
995 -33.0513 -71.6098
490 -33.0513 -71.6098
777 -33.051 -71.6101
656 -33.05 -71.6115
33 -33.0505 -71.6113
651 -33.05 -71.6113
329 -33.0499 -71.6116
86 -33.0499 -71.6121
518 -33.0499 -71.6121
804 -33.0499 -71.612
58 -33.0499 -71.6113
317 -33.05 -71.611
932 -33.05 -71.611
526 -33.0501 -71.6109
465 -33.05 -71.6111
342 -33.0497 -71.6112
258 -33.05 -71.6112
428 -33.05 -71.6111
719 -33.0497 -71.6113
899 -33.0491 -71.6114
444 -33.0491 -71.6113
312 -33.0497 -71.6112
847 -33.0491 -71.6115
807 -33.0489 -71.6121
178 -33.049 -71.6118
153 -33.049 -71.6117
241 -33.0496 -71.6112
779 -33.0496 -71.6112
596 -33.0495 -71.6112
96 -33.0495 -71.6112
947 -33.0495 -71.6112
685 -33.0493 -71.6112
634 -33.0483 -71.6111
439 -33.0501 -71.6109
699 -33.0509 -71.6102
584 -33.0509 -71.6102
114 -33.0509 -71.6102
396 -33.0508 -71.6102
543 -33.0508 -71.6102
352 -33.0508 -71.6102
926 -33.0508 -71.6102
684 -33.0507 -71.6102
426 -33.051 -71.6101
630 -33.051 -71.6101
443 -33.051 -71.6101
131 -33.0507 -71.6102
451 -33.0506 -71.6102
95 -33.0506 -71.6102
330 -33.0506 -71.6102
969 -33.0504 -71.6102
766 -33.0501 -71.6107
379 -33.0501 -71.6107
524 -33.0502 -71.6103
817 -33.0501 -71.6107
539 -33.0501 -71.6109
164 -33.0501 -71.6109
750 -33.0501 -71.6107
974 -33.0502 -71.6103
898 -33.0502 -71.6102
841 -33.0503 -71.6102
246 -33.0503 -71.6102
338 -33.0502 -71.6102
985 -33.0494 -71.6099
695 -33.0495 -71.6098
91 -33.0523 -71.6098
658 -33.0523 -71.6097
534 -33.0523 -71.6097
203 -33.0521 -71.6094
623 -33.0521 -71.6094
867 -33.0521 -71.6094
245 -33.0521 -71.6088
397 -33.0521 -71.6087
267 -33.0521 -71.6087
357 -33.0529 -71.6083
997 -33.0529 -71.6083
375 -33.0527 -71.6083
544 -33.0527 -71.6082
731 -33.0521 -71.6085
395 -33.0527 -71.6082
287 -33.0527 -71.6082
720 -33.052 -71.6088
382 -33.052 -71.6093
264 -33.0519 -71.6092
682 -33.0519 -71.6091
410 -33.0519 -71.6092
359 -33.0518 -71.6093
871 -33.0518 -71.6093
667 -33.0519 -71.6092
67 -33.052 -71.6091
247 -33.052 -71.6089
806 -33.052 -71.6089
691 -33.052 -71.6089
887 -33.052 -71.6089
875 -33.0519 -71.6091
791 -33.0518 -71.6091
554 -33.052 -71.609
813 -33.0522 -71.6082
230 -33.0526 -71.6082
103 -33.0526 -71.6082
993 -33.0526 -71.6082
670 -33.0525 -71.6082
8 -33.0525 -71.6082
244 -33.0525 -71.6082
975 -33.0524 -71.6081
371 -33.0523 -71.6081
406 -33.0526 -71.6068
1 -33.0525 -71.6048
957 -33.0529 -71.6047
257 -33.0523 -71.6081
232 -33.0523 -71.608
339 -33.0522 -71.608
839 -33.0522 -71.6078
564 -33.0522 -71.6076
215 -33.0522 -71.6081
358 -33.0522 -71.6075
65 -33.0522 -71.6075
895 -33.052 -71.6076
989 -33.052 -71.6076
308 -33.0519 -71.6076
21 -33.0518 -71.6076
122 -33.0522 -71.6074
388 -33.0521 -71.6072
628 -33.0521 -71.607
913 -33.052 -71.6068
30 -33.0518 -71.6047
492 -33.0518 -71.6064
826 -33.0518 -71.6047
921 -33.0518 -71.6093
893 -33.0515 -71.6096
41 -33.0515 -71.6096
552 -33.0516 -71.6096
959 -33.0515 -71.6096
689 -33.0514 -71.6097
445 -33.0514 -71.6097
965 -33.0514 -71.6097
616 -33.0516 -71.6095
6 -33.0517 -71.6094
567 -33.0517 -71.6094
184 -33.0518 -71.6093
289 -33.0517 -71.6094
344 -33.0504 -71.6091
566 -33.0517 -71.609
507 -33.0504 -71.609
663 -33.0503 -71.6092
792 -33.0503 -71.6096
928 -33.0503 -71.6092
824 -33.0502 -71.6092
459 -33.0502 -71.6092
4 -33.0496 -71.6093
729 -33.0501 -71.6091
3 -33.0501 -71.6091
814 -33.05 -71.6091
486 -33.0499 -71.6091
702 -33.0499 -71.6091
249 -33.0498 -71.6091
798 -33.0498 -71.6091
288 -33.0497 -71.6091
865 -33.0497 -71.6091
536 -33.0516 -71.6089
429 -33.0516 -71.6089
161 -33.0516 -71.6089
270 -33.0516 -71.6089
906 -33.0514 -71.6088
508 -33.0514 -71.6088
914 -33.0513 -71.6087
617 -33.0513 -71.6086
717 -33.051 -71.6086
193 -33.0517 -71.6081
194 -33.0517 -71.6076
896 -33.0518 -71.6063
800 -33.0517 -71.6062
776 -33.0517 -71.6082
514 -33.0513 -71.6059
149 -33.0514 -71.6053
121 -33.0508 -71.6085
650 -33.0508 -71.6085
781 -33.0507 -71.6085
188 -33.0506 -71.6085
59 -33.0506 -71.6085
39 -33.0504 -71.6088
47 -33.0505 -71.6085
28 -33.0506 -71.6085
380 -33.0506 -71.6085
568 -33.0506 -71.6085
618 -33.0504 -71.6085
346 -33.0501 -71.6085
559 -33.0497 -71.6084
162 -33.0494 -71.6083
533 -33.049 -71.6035
