455 -33.0592 -71.6168
754 -33.0593 -71.6167
301 -33.0597 -71.6166
760 -33.059 -71.6169
456 -33.0588 -71.617
271 -33.0589 -71.6169
619 -33.0589 -71.6169
978 -33.0614 -71.6159
962 -33.0591 -71.6151
726 -33.059 -71.6151
475 -33.0626 -71.615
123 -33.059 -71.6152
549 -33.0589 -71.6153
279 -33.0589 -71.6152
269 -33.0588 -71.6148
762 -33.0587 -71.6154
838 -33.0584 -71.6173
803 -33.0587 -71.6171
809 -33.0586 -71.6168
198 -33.0584 -71.6174
767 -33.0582 -71.6175
290 -33.0583 -71.6174
907 -33.0583 -71.6169
154 -33.0585 -71.6167
698 -33.0584 -71.6166
61 -33.0584 -71.6151
636 -33.0586 -71.6149
773 -33.0582 -71.615
150 -33.0581 -71.615
405 -33.0582 -71.615
105 -33.0582 -71.6149
146 -33.0585 -71.6148
467 -33.0599 -71.6146
367 -33.0598 -71.6146
686 -33.0601 -71.6144
189 -33.0598 -71.6145
127 -33.0597 -71.6145
370 -33.0592 -71.6144
408 -33.0592 -71.6143
945 -33.0603 -71.6143
483 -33.0607 -71.6139
582 -33.0597 -71.6138
354 -33.0598 -71.6137
407 -33.0595 -71.614
251 -33.0593 -71.6143
537 -33.0593 -71.6142
402 -33.0591 -71.6136
450 -33.0591 -71.6145
107 -33.0589 -71.6146
693 -33.0589 -71.6146
255 -33.059 -71.6146
816 -33.0586 -71.6147
580 -33.0585 -71.6147
134 -33.0586 -71.6147
476 -33.0581 -71.6144
948 -33.0582 -71.6142
571 -33.0584 -71.6138
464 -33.0591 -71.6136
955 -33.0586 -71.6134
175 -33.0584 -71.6139
376 -33.0582 -71.6137
602 -33.0583 -71.6137
274 -33.0581 -71.615
179 -33.0578 -71.6178
466 -33.058 -71.6177
446 -33.0579 -71.617
166 -33.0577 -71.6179
495 -33.0577 -71.6179
403 -33.0576 -71.617
423 -33.0577 -71.617
641 -33.058 -71.615
69 -33.058 -71.615
424 -33.0578 -71.615
361 -33.0578 -71.6149
488 -33.0578 -71.615
819 -33.0577 -71.6149
373 -33.0576 -71.6149
512 -33.0576 -71.6149
448 -33.0573 -71.6182
262 -33.0571 -71.6184
908 -33.057 -71.6183
431 -33.0573 -71.6182
930 -33.0569 -71.6183
946 -33.0568 -71.6183
487 -33.0566 -71.6182
614 -33.0566 -71.6182
727 -33.0566 -71.6182
145 -33.0573 -71.6171
611 -33.0569 -71.617
171 -33.057 -71.617
711 -33.0565 -71.6149
992 -33.0564 -71.615
812 -33.0564 -71.615
377 -33.0565 -71.6149
775 -33.0565 -71.6149
7 -33.0575 -71.6149
49 -33.0574 -71.6144
542 -33.0575 -71.614
797 -33.0574 -71.6149
506 -33.0573 -71.6148
216 -33.0573 -71.6147
587 -33.0573 -71.6147
42 -33.0575 -71.614
389 -33.0579 -71.6139
442 -33.058 -71.6139
881 -33.058 -71.6138
212 -33.0577 -71.6135
551 -33.0574 -71.6138
89 -33.0574 -71.6138
40 -33.0574 -71.6135
919 -33.0572 -71.6148
254 -33.0566 -71.6148
844 -33.0566 -71.6148
434 -33.0567 -71.6148
973 -33.0566 -71.6149
713 -33.0565 -71.6149
292 -33.0566 -71.6149
117 -33.0566 -71.6149
761 -33.0567 -71.6148
730 -33.057 -71.6148
355 -33.057 -71.6148
228 -33.0571 -71.6135
885 -33.057 -71.6134
341 -33.0568 -71.6147
546 -33.0568 -71.6147
950 -33.0591 -71.6134
994 -33.061 -71.6134
646 -33.0603 -71.613
818 -33.0604 -71.6128
286 -33.0603 -71.613
413 -33.06 -71.6134
967 -33.0601 -71.6134
57 -33.0602 -71.6132
879 -33.0604 -71.6128
452 -33.0601 -71.6128
52 -33.0603 -71.6128
958 -33.0604 -71.6128
733 -33.06 -71.6128
480 -33.0597 -71.6128
12 -33.0597 -71.6128
414 -33.06 -71.6128
927 -33.0596 -71.6128
822 -33.0589 -71.6133
743 -33.0589 -71.6132
124 -33.0588 -71.6129
674 -33.0588 -71.6129
668 -33.0586 -71.6133
789 -33.0586 -71.613
916 -33.0587 -71.613
909 -33.059 -71.6129
19 -33.0594 -71.6129
351 -33.0594 -71.6129
679 -33.0595 -71.6129
14 -33.0594 -71.6129
303 -33.0591 -71.6129
295 -33.0591 -71.6129
676 -33.0592 -71.6129
751 -33.0604 -71.6128
561 -33.0614 -71.6121
297 -33.0615 -71.6121
523 -33.0616 -71.6121
747 -33.0613 -71.6122
501 -33.0611 -71.6123
238 -33.0611 -71.6123
531 -33.0611 -71.6123
118 -33.0624 -71.6121
326 -33.0628 -71.6121
420 -33.0626 -71.612
790 -33.0629 -71.612
482 -33.0622 -71.612
976 -33.0622 -71.612
579 -33.0619 -71.612
917 -33.062 -71.612
774 -33.061 -71.6123
60 -33.0605 -71.6128
209 -33.0605 -71.6127
869 -33.0606 -71.6127
366 -33.0604 -71.6128
642 -33.0604 -71.6128
51 -33.0604 -71.6128
20 -33.0589 -71.6127
608 -33.0606 -71.6127
640 -33.0607 -71.6126
991 -33.0595 -71.6125
237 -33.0603 -71.6124
307 -33.0595 -71.6118
29 -33.0588 -71.6126
627 -33.0595 -71.6119
387 -33.0586 -71.613
18 -33.0584 -71.613
272 -33.0583 -71.613
577 -33.0585 -71.613
521 -33.0583 -71.6134
848 -33.0581 -71.6133
963 -33.0582 -71.6131
310 -33.0581 -71.613
252 -33.0585 -71.613
23 -33.0585 -71.613
160 -33.058 -71.613
998 -33.058 -71.613
601 -33.0579 -71.6129
347 -33.0579 -71.6129
224 -33.0578 -71.6129
603 -33.0578 -71.6129
649 -33.0578 -71.6129
600 -33.0569 -71.6134
591 -33.0576 -71.6134
204 -33.0568 -71.6134
211 -33.0568 -71.6133
343 -33.0567 -71.6133
593 -33.0566 -71.6132
734 -33.0565 -71.6132
421 -33.0564 -71.6132
386 -33.0578 -71.6129
986 -33.0578 -71.6129
742 -33.0577 -71.6129
645 -33.0577 -71.6129
520 -33.0577 -71.6131
35 -33.0577 -71.6131
173 -33.0576 -71.6129
575 -33.0576 -71.6129
309 -33.0575 -71.6128
22 -33.0575 -71.6128
151 -33.0574 -71.6128
759 -33.0574 -71.6128
102 -33.0573 -71.6128
905 -33.0572 -71.6128
108 -33.0571 -71.6127
214 -33.0583 -71.6127
842 -33.0583 -71.6126
197 -33.0585 -71.6124
872 -33.0583 -71.6127
208 -33.0571 -71.6127
765 -33.0581 -71.6119
15 -33.058 -71.6118
200 -33.0571 -71.6127
202 -33.057 -71.6127
863 -33.057 -71.6127
615 -33.0569 -71.6126
324 -33.0568 -71.6126
70 -33.0568 -71.6126
334 -33.0567 -71.6126
837 -33.0566 -71.6125
801 -33.0565 -71.6125
607 -33.0565 -71.6124
227 -33.0565 -71.6124
661 -33.0565 -71.6124
87 -33.0565 -71.6124
771 -33.0564 -71.6124
498 -33.0564 -71.6124
877 -33.0564 -71.6124
393 -33.0564 -71.6181
128 -33.0562 -71.6181
327 -33.0562 -71.6181
830 -33.0562 -71.6181
504 -33.0561 -71.6181
703 -33.056 -71.618
597 -33.0559 -71.618
5 -33.0556 -71.6172
38 -33.0556 -71.6171
111 -33.0556 -71.617
500 -33.0556 -71.6169
315 -33.0556 -71.6171
890 -33.0556 -71.6172
226 -33.0555 -71.6172
144 -33.0556 -71.6172
497 -33.0555 -71.6172
66 -33.0555 -71.6179
859 -33.0553 -71.6178
940 -33.0553 -71.6177
313 -33.0552 -71.6178
53 -33.0551 -71.6179
961 -33.0551 -71.6179
999 -33.0552 -71.6178
176 -33.0553 -71.6176
796 -33.0555 -71.6172
115 -33.0555 -71.6172
647 -33.0555 -71.6172
85 -33.0555 -71.6173
550 -33.0554 -71.6175
142 -33.0554 -71.6174
412 -33.0554 -71.6174
852 -33.0556 -71.6169
585 -33.0563 -71.6163
116 -33.0562 -71.616
795 -33.0562 -71.616
399 -33.0562 -71.616
177 -33.056 -71.6162
340 -33.0562 -71.616
93 -33.0561 -71.616
835 -33.0562 -71.6159
831 -33.0562 -71.6159
320 -33.0561 -71.6158
687 -33.0561 -71.6157
860 -33.0561 -71.6157
739 -33.056 -71.6159
880 -33.0561 -71.6157
565 -33.0561 -71.6156
100 -33.0559 -71.6158
17 -33.0557 -71.6166
632 -33.0557 -71.6164
266 -33.0559 -71.6163
250 -33.0557 -71.6166
163 -33.0557 -71.6168
678 -33.0557 -71.6167
260 -33.0557 -71.6166
253 -33.0559 -71.6163
148 -33.0559 -71.6159
430 -33.0559 -71.6159
385 -33.0558 -71.6159
756 -33.0558 -71.6159
783 -33.0557 -71.6159
75 -33.0551 -71.6158
904 -33.055 -71.6179
829 -33.0547 -71.6189
979 -33.0548 -71.6188
883 -33.0549 -71.6185
786 -33.0546 -71.6189
589 -33.0546 -71.6189
598 -33.0544 -71.6189
10 -33.0544 -71.6184
983 -33.0544 -71.6184
479 -33.055 -71.618
697 -33.055 -71.618
364 -33.055 -71.618
217 -33.055 -71.6181
165 -33.0548 -71.6184
130 -33.0548 -71.6184
109 -33.0549 -71.6183
949 -33.0543 -71.6184
25 -33.0541 -71.6189
987 -33.054 -71.6189
92 -33.0539 -71.6189
710 -33.0539 -71.6188
849 -33.0539 -71.6198
629 -33.0537 -71.6196
409 -33.0535 -71.6191
511 -33.0532 -71.6188
708 -33.0534 -71.6188
427 -33.0524 -71.6186
605 -33.0528 -71.6159
509 -33.0521 -71.6185
516 -33.0514 -71.6184
101 -33.0491 -71.6162
155 -33.0528 -71.6159
496 -33.055 -71.6158
195 -33.0549 -71.6158
304 -33.0549 -71.6158
574 -33.0546 -71.6157
106 -33.0546 -71.6157
850 -33.0546 -71.6157
688 -33.0545 -71.6157
884 -33.0544 -71.6157
13 -33.0543 -71.6157
572 -33.0543 -71.6157
191 -33.0542 -71.6157
174 -33.0541 -71.6156
273 -33.0541 -71.6156
652 -33.0541 -71.6156
692 -33.0538 -71.6156
900 -33.0538 -71.6156
639 -33.0529 -71.6159
763 -33.0526 -71.6158
794 -33.0526 -71.6158
157 -33.0525 -71.6157
988 -33.0504 -71.6158
277 -33.0502 -71.6158
205 -33.0502 -71.6158
820 -33.0501 -71.6157
113 -33.0529 -71.6157
333 -33.0529 -71.6157
712 -33.0537 -71.6156
635 -33.0521 -71.6156
938 -33.0501 -71.6157
610 -33.0519 -71.6156
644 -33.0513 -71.6156
864 -33.0562 -71.6151
892 -33.0563 -71.6151
547 -33.0563 -71.6151
545 -33.0561 -71.6152
749 -33.0555 -71.6155
323 -33.056 -71.6155
787 -33.056 -71.6152
721 -33.0563 -71.6151
210 -33.0564 -71.615
891 -33.0564 -71.615
725 -33.0564 -71.6124
235 -33.0564 -71.6124
185 -33.0556 -71.6131
68 -33.056 -71.6131
562 -33.0553 -71.6124
275 -33.0553 -71.6124
659 -33.0553 -71.6154
181 -33.0552 -71.6131
625 -33.0551 -71.6131
91 -33.0551 -71.6131
24 -33.055 -71.6152
964 -33.0549 -71.6151
494 -33.0546 -71.6149
382 -33.0547 -71.6128
658 -33.0553 -71.6124
534 -33.0552 -71.6124
449 -33.0552 -71.6124
996 -33.0551 -71.6124
867 -33.0547 -71.6128
536 -33.0543 -71.6124
429 -33.0542 -71.6124
203 -33.055 -71.6124
265 -33.0563 -71.6124
599 -33.0561 -71.6123
655 -33.0561 -71.6123
738 -33.0561 -71.6123
805 -33.0549 -71.6124
623 -33.0549 -71.6124
902 -33.0556 -71.6123
437 -33.056 -71.6123
233 -33.056 -71.6123
82 -33.056 -71.6123
306 -33.056 -71.6123
707 -33.0557 -71.6123
392 -33.0556 -71.6123
942 -33.0557 -71.6123
201 -33.0557 -71.6123
186 -33.0548 -71.6124
588 -33.0547 -71.6124
791 -33.0546 -71.6124
638 -33.0545 -71.6124
666 -33.0545 -71.6124
161 -33.0542 -71.6123
566 -33.0544 -71.6123
270 -33.0542 -71.6123
33 -33.0542 -71.6123
617 -33.0542 -71.6122
914 -33.0543 -71.6122
717 -33.0544 -71.6121
188 -33.0542 -71.6117
906 -33.0541 -71.6123
508 -33.0542 -71.6122
683 -33.0537 -71.6122
529 -33.0537 -71.6156
263 -33.0535 -71.6155
453 -33.0534 -71.6155
239 -33.0533 -71.6155
911 -33.0512 -71.6156
764 -33.0511 -71.6156
170 -33.053 -71.6155
416 -33.0531 -71.6155
573 -33.053 -71.6155
353 -33.0536 -71.6143
54 -33.0533 -71.614
889 -33.053 -71.6155
485 -33.0496 -71.6136
493 -33.0496 -71.6135
583 -33.0496 -71.6133
935 -33.0496 -71.6136
735 -33.0494 -71.6145
222 -33.0494 -71.6143
633 -33.0495 -71.6143
696 -33.0494 -71.6145
139 -33.0494 -71.6146
322 -33.0494 -71.6146
802 -33.0494 -71.6146
447 -33.0495 -71.6141
360 -33.0495 -71.6139
34 -33.0496 -71.6137
80 -33.0496 -71.6136
718 -33.0495 -71.614
784 -33.0486 -71.6134
220 -33.0486 -71.6133
732 -33.0497 -71.6131
758 -33.053 -71.6121
44 -33.0529 -71.6121
851 -33.0522 -71.612
604 -33.0511 -71.6128
901 -33.0511 -71.6129
348 -33.0511 -71.6129
81 -33.0511 -71.6129
862 -33.0512 -71.612
834 -33.0517 -71.6118
31 -33.0524 -71.6117
77 -33.0524 -71.6117
394 -33.0515 -71.6119
314 -33.0514 -71.6119
855 -33.0514 -71.6119
660 -33.0515 -71.6119
553 -33.0511 -71.6131
972 -33.0505 -71.613
793 -33.0505 -71.613
939 -33.0497 -71.613
9 -33.0497 -71.613
982 -33.0487 -71.6131
484 -33.0497 -71.6131
827 -33.0497 -71.6129
755 -33.0497 -71.6128
722 -33.0498 -71.6125
152 -33.0498 -71.6125
530 -33.0498 -71.6124
55 -33.0497 -71.6127
88 -33.0488 -71.6125
643 -33.0489 -71.6121
59 -33.0542 -71.6117
576 -33.0619 -71.6114
43 -33.0619 -71.6113
474 -33.0618 -71.6108
903 -33.0611 -71.6098
463 -33.0608 -71.6102
72 -33.0608 -71.61
581 -33.061 -71.6096
970 -33.0608 -71.6096
63 -33.0619 -71.6094
499 -33.061 -71.6093
677 -33.062 -71.6092
934 -33.061 -71.6092
79 -33.061 -71.6092
469 -33.061 -71.6091
11 -33.061 -71.609
368 -33.0598 -71.6116
563 -33.0593 -71.6116
876 -33.0595 -71.6112
305 -33.0595 -71.6112
298 -33.0593 -71.6116
560 -33.0588 -71.6117
259 -33.0589 -71.6112
748 -33.0589 -71.6112
886 -33.0595 -71.611
26 -33.0596 -71.6104
866 -33.0596 -71.6098
362 -33.0589 -71.6095
657 -33.0586 -71.6101
558 -33.0584 -71.6106
626 -33.0584 -71.6089
2 -33.0584 -71.6089
672 -33.0617 -71.6089
400 -33.0609 -71.6089
335 -33.0609 -71.6088
461 -33.061 -71.6086
700 -33.0608 -71.6088
285 -33.0607 -71.6087
473 -33.0607 -71.6087
705 -33.0607 -71.6086
225 -33.0606 -71.6085
858 -33.0605 -71.6084
438 -33.0605 -71.6084
419 -33.0619 -71.6084
740 -33.0604 -71.6084
422 -33.0604 -71.6083
282 -33.0603 -71.6083
944 -33.0602 -71.6082
478 -33.0602 -71.6082
332 -33.0602 -71.6083
918 -33.0601 -71.6081
219 -33.0601 -71.6081
132 -33.06 -71.6088
138 -33.0598 -71.6088
73 -33.0592 -71.6088
810 -33.0598 -71.6082
878 -33.06 -71.6081
723 -33.06 -71.6081
489 -33.06 -71.608
471 -33.0584 -71.608
502 -33.0584 -71.608
398 -33.0583 -71.608
981 -33.0583 -71.608
966 -33.0583 -71.608
606 -33.0583 -71.6113
190 -33.0583 -71.6113
454 -33.0582 -71.609
187 -33.058 -71.6112
569 -33.0579 -71.6113
97 -33.0579 -71.6104
384 -33.0577 -71.6102
236 -33.0581 -71.6083
856 -33.058 -71.6083
624 -33.0579 -71.6082
365 -33.0579 -71.6082
192 -33.0578 -71.6082
243 -33.0577 -71.6082
71 -33.0577 -71.6082
882 -33.0577 -71.6082
510 -33.0577 -71.6107
540 -33.0576 -71.6103
681 -33.0575 -71.6101
415 -33.0571 -71.6099
706 -33.057 -71.6098
141 -33.0565 -71.6101
143 -33.0567 -71.6099
821 -33.0568 -71.6099
861 -33.0569 -71.6098
874 -33.0576 -71.6088
736 -33.0576 -71.6081
325 -33.0576 -71.6081
535 -33.0575 -71.6088
268 -33.0568 -71.6095
745 -33.0569 -71.6095
294 -33.0576 -71.6081
832 -33.058 -71.6081
741 -33.0581 -71.6081
653 -33.0582 -71.6081
229 -33.0576 -71.6081
199 -33.0575 -71.6081
321 -33.0575 -71.6081
788 -33.0575 -71.6081
369 -33.0582 -71.6081
56 -33.0582 -71.6081
752 -33.0582 -71.608
785 -33.0583 -71.608
997 -33.0573 -71.6081
675 -33.0573 -71.608
556 -33.0573 -71.608
811 -33.0573 -71.608
375 -33.0572 -71.608
395 -33.0571 -71.608
287 -33.0571 -71.608
103 -33.0571 -71.608
993 -33.0571 -71.608
244 -33.057 -71.608
737 -33.0568 -71.608
371 -33.0568 -71.608
242 -33.0567 -71.608
257 -33.0566 -71.608
339 -33.0566 -71.608
232 -33.0566 -71.608
813 -33.0566 -71.608
215 -33.0566 -71.608
839 -33.0565 -71.608
757 -33.0584 -71.608
833 -33.0604 -71.6077
592 -33.0604 -71.6077
662 -33.0601 -71.6077
888 -33.0601 -71.6078
715 -33.0599 -71.608
470 -33.0598 -71.6079
458 -33.0598 -71.6079
753 -33.0599 -71.6077
977 -33.0617 -71.6073
808 -33.0612 -71.6068
159 -33.0609 -71.6065
300 -33.0606 -71.6068
46 -33.0601 -71.6072
912 -33.0602 -71.6072
281 -33.0602 -71.607
772 -33.0598 -71.6068
664 -33.0597 -71.6079
156 -33.0597 -71.6078
350 -33.0597 -71.6078
62 -33.0596 -71.6078
528 -33.059 -71.6079
952 -33.0589 -71.6078
183 -33.0589 -71.6078
923 -33.0589 -71.6078
557 -33.0595 -71.6076
94 -33.0593 -71.6076
381 -33.0594 -71.6076
532 -33.0593 -71.6076
746 -33.0592 -71.6076
280 -33.0591 -71.6075
378 -33.0592 -71.6068
925 -33.0607 -71.6064
441 -33.0632 -71.6063
291 -33.0625 -71.6057
147 -33.0623 -71.6056
922 -33.0603 -71.6059
83 -33.0601 -71.6063
129 -33.0601 -71.6063
857 -33.0603 -71.6059
870 -33.0623 -71.6055
331 -33.0621 -71.6054
112 -33.0619 -71.6052
90 -33.0616 -71.605
924 -33.0613 -71.6048
491 -33.061 -71.6055
296 -33.061 -71.6051
78 -33.0601 -71.6046
311 -33.06 -71.6062
954 -33.0594 -71.6064
843 -33.0595 -71.6064
825 -33.0597 -71.6063
622 -33.0594 -71.6064
873 -33.0593 -71.6064
261 -33.0594 -71.6064
527 -33.0592 -71.6063
513 -33.0591 -71.6063
769 -33.0599 -71.6062
411 -33.0599 -71.6062
620 -33.0591 -71.6043
221 -33.0591 -71.6054
525 -33.059 -71.6063
169 -33.0591 -71.6043
32 -33.0589 -71.6065
468 -33.0587 -71.6079
846 -33.0587 -71.6079
328 -33.0587 -71.6079
714 -33.0586 -71.6079
167 -33.0585 -71.6079
182 -33.0579 -71.6079
836 -33.0586 -71.6079
690 -33.0588 -71.6078
137 -33.0588 -71.6078
929 -33.0589 -71.6078
110 -33.0584 -71.6073
126 -33.0583 -71.6073
704 -33.0581 -71.6078
671 -33.0582 -71.6078
613 -33.0577 -71.6073
125 -33.0576 -71.6068
319 -33.0574 -71.6075
390 -33.0571 -71.6074
120 -33.057 -71.607
230 -33.0569 -71.6071
8 -33.0568 -71.6071
670 -33.0569 -71.6071
276 -33.0569 -71.6071
544 -33.057 -71.607
16 -33.0575 -71.6069
505 -33.0575 -71.6069
845 -33.0576 -71.6069
172 -33.0574 -71.6069
782 -33.057 -71.607
357 -33.0572 -71.6069
284 -33.0576 -71.6068
555 -33.0587 -71.6066
158 -33.0587 -71.6066
223 -33.0585 -71.6062
980 -33.0584 -71.6067
168 -33.0584 -71.6067
951 -33.0583 -71.6067
840 -33.0584 -71.6062
136 -33.0581 -71.606
196 -33.0587 -71.6051
937 -33.0586 -71.6051
293 -33.0584 -71.6042
984 -33.0583 -71.6058
256 -33.0581 -71.6047
595 -33.058 -71.6046
99 -33.0583 -71.6043
477 -33.058 -71.6059
404 -33.0579 -71.6068
503 -33.0578 -71.6066
990 -33.0578 -71.6064
349 -33.0578 -71.6068
417 -33.0577 -71.6068
669 -33.0577 -71.6068
472 -33.0575 -71.6061
460 -33.0572 -71.606
316 -33.0577 -71.6058
98 -33.0575 -71.6051
768 -33.0576 -71.6049
957 -33.0575 -71.6048
1 -33.0572 -71.6047
30 -33.0565 -71.6045
910 -33.0564 -71.6073
336 -33.0545 -71.6105
517 -33.0547 -71.6104
744 -33.0548 -71.6104
915 -33.0543 -71.6105
568 -33.0541 -71.6116
380 -33.0541 -71.6116
618 -33.0541 -71.6115
372 -33.0551 -71.6104
391 -33.056 -71.6103
815 -33.0562 -71.6095
975 -33.056 -71.609
673 -33.0558 -71.6095
770 -33.0558 -71.6095
931 -33.0558 -71.6095
433 -33.0557 -71.6094
621 -33.054 -71.6105
133 -33.0536 -71.6114
74 -33.0537 -71.6113
27 -33.0538 -71.6113
345 -33.0535 -71.6114
780 -33.0527 -71.6116
337 -33.0529 -71.6116
401 -33.0533 -71.6115
278 -33.0538 -71.6113
346 -33.0539 -71.6112
180 -33.0538 -71.6105
995 -33.0539 -71.6105
920 -33.0536 -71.6108
559 -33.0535 -71.611
894 -33.0535 -71.6106
654 -33.0521 -71.6086
847 -33.0521 -71.6085
699 -33.0546 -71.6085
926 -33.0546 -71.6085
543 -33.0545 -71.6085
114 -33.0545 -71.6085
584 -33.0545 -71.6085
344 -33.0545 -71.6085
936 -33.0545 -71.6085
396 -33.0545 -71.6085
426 -33.0546 -71.6085
514 -33.0546 -71.6085
443 -33.0546 -71.6085
352 -33.0544 -71.6085
131 -33.0544 -71.6085
943 -33.0544 -71.6085
684 -33.0544 -71.6085
928 -33.0543 -71.6085
330 -33.0543 -71.6085
663 -33.0543 -71.6085
356 -33.0542 -71.6085
824 -33.0542 -71.6085
4 -33.0535 -71.6085
974 -33.0537 -71.6085
865 -33.0537 -71.6085
451 -33.0542 -71.6085
95 -33.0542 -71.6085
459 -33.0541 -71.6085
969 -33.0541 -71.6085
3 -33.054 -71.6085
841 -33.054 -71.6085
246 -33.054 -71.6085
240 -33.0521 -71.6087
519 -33.0508 -71.6102
218 -33.0509 -71.6102
586 -33.0508 -71.6102
854 -33.0507 -71.6102
541 -33.0507 -71.6102
778 -33.0507 -71.6102
631 -33.0507 -71.6102
84 -33.0506 -71.6102
436 -33.0507 -71.6102
36 -33.0506 -71.6102
960 -33.051 -71.6101
868 -33.0505 -71.6102
50 -33.0504 -71.6102
941 -33.0502 -71.6101
897 -33.0502 -71.6101
213 -33.0502 -71.6102
383 -33.05 -71.6115
799 -33.05 -71.6113
48 -33.05 -71.6112
694 -33.05 -71.6115
716 -33.0499 -71.6116
724 -33.0491 -71.6115
968 -33.0494 -71.6112
933 -33.05 -71.6111
853 -33.0502 -71.6104
140 -33.0502 -71.6103
318 -33.0502 -71.6103
206 -33.0501 -71.6106
283 -33.05 -71.611
440 -33.0501 -71.6108
612 -33.051 -71.6101
807 -33.0519 -71.6091
634 -33.0519 -71.6091
457 -33.0519 -71.6091
231 -33.0519 -71.6092
823 -33.0519 -71.6092
418 -33.0519 -71.6092
119 -33.0519 -71.6092
956 -33.052 -71.6091
153 -33.0521 -71.6087
363 -33.0521 -71.6087
64 -33.0521 -71.6087
178 -33.0521 -71.6088
481 -33.052 -71.6089
828 -33.052 -71.6089
425 -33.052 -71.6088
590 -33.0518 -71.6093
462 -33.0513 -71.6098
648 -33.0514 -71.6097
538 -33.0515 -71.6096
515 -33.0512 -71.6099
302 -33.0512 -71.6099
432 -33.0512 -71.6099
374 -33.0512 -71.6099
637 -33.0516 -71.6095
680 -33.0518 -71.6093
234 -33.0518 -71.6093
701 -33.0518 -71.6093
728 -33.0517 -71.6095
0 -33.0516 -71.6095
435 -33.0498 -71.6091
814 -33.054 -71.6085
358 -33.056 -71.6084
65 -33.0559 -71.6084
895 -33.0559 -71.6083
388 -33.0558 -71.6082
41 -33.0553 -71.6081
552 -33.0553 -71.608
492 -33.0553 -71.608
616 -33.0553 -71.608
731 -33.0562 -71.608
989 -33.0561 -71.6079
397 -33.0561 -71.6079
122 -33.0561 -71.6079
245 -33.0561 -71.6079
720 -33.0561 -71.6079
806 -33.0561 -71.6079
893 -33.0552 -71.6081
28 -33.0549 -71.6083
490 -33.055 -71.6083
609 -33.055 -71.6082
135 -33.0549 -71.6083
37 -33.0548 -71.6084
953 -33.0548 -71.6084
47 -33.0549 -71.6083
800 -33.0551 -71.6082
959 -33.0552 -71.6081
965 -33.0552 -71.6081
896 -33.0552 -71.6081
650 -33.0551 -71.6081
104 -33.0551 -71.6082
689 -33.0551 -71.6082
445 -33.0551 -71.6082
691 -33.056 -71.6079
308 -33.056 -71.6079
21 -33.056 -71.6079
887 -33.0559 -71.6079
194 -33.0559 -71.6079
682 -33.0558 -71.6078
875 -33.0558 -71.6078
299 -33.0558 -71.6078
628 -33.0558 -71.6076
564 -33.0562 -71.6074
406 -33.0564 -71.6045
826 -33.0564 -71.6045
578 -33.0561 -71.6075
193 -33.0561 -71.6076
247 -33.056 -71.6076
267 -33.0561 -71.6075
554 -33.0558 -71.6078
264 -33.0557 -71.6078
410 -33.0557 -71.6078
871 -33.0557 -71.6078
184 -33.0555 -71.6079
567 -33.0555 -71.6079
6 -33.0555 -71.6079
289 -33.0555 -71.6079
913 -33.0557 -71.6078
359 -33.0556 -71.6078
67 -33.0557 -71.6077
149 -33.0557 -71.6043
667 -33.0556 -71.6078
921 -33.0556 -71.6078
776 -33.0549 -71.6051
594 -33.0548 -71.6084
486 -33.0539 -71.6085
162 -33.0539 -71.6085
702 -33.0539 -71.6085
798 -33.0539 -71.6085
338 -33.0537 -71.6085
249 -33.0538 -71.6085
898 -33.0538 -71.6085
524 -33.0538 -71.6085
777 -33.0547 -71.6085
570 -33.0547 -71.6084
39 -33.0547 -71.6084
630 -33.0547 -71.6085
288 -33.0538 -71.6085
379 -33.0534 -71.6085
45 -33.0547 -71.6085
766 -33.0534 -71.6085
817 -33.0534 -71.6085
750 -33.0533 -71.6085
539 -33.0532 -71.6084
439 -33.0532 -71.6084
248 -33.0511 -71.6085
971 -33.0512 -71.6085
164 -33.0532 -71.6084
76 -33.0522 -71.6084
526 -33.0532 -71.6084
317 -33.0531 -71.6084
932 -33.0531 -71.6084
465 -33.0531 -71.6084
444 -33.0522 -71.6084
207 -33.0522 -71.6084
695 -33.0531 -71.6084
258 -33.053 -71.6083
985 -33.0529 -71.6083
428 -33.0529 -71.6083
58 -33.0529 -71.6083
651 -33.0529 -71.6083
656 -33.0527 -71.6082
342 -33.0526 -71.6082
312 -33.0526 -71.6082
507 -33.0536 -71.6062
781 -33.0541 -71.6058
121 -33.0542 -71.6056
729 -33.0533 -71.6065
329 -33.0526 -71.6082
792 -33.0532 -71.6065
533 -33.0526 -71.6048
719 -33.0526 -71.6082
779 -33.0526 -71.6082
241 -33.0525 -71.6082
96 -33.0525 -71.6082
665 -33.0522 -71.6083
709 -33.0522 -71.6083
548 -33.0522 -71.6083
522 -33.0522 -71.6083
596 -33.0525 -71.6082
947 -33.0524 -71.6082
804 -33.0523 -71.6081
685 -33.0523 -71.6081
518 -33.0523 -71.6081
86 -33.0522 -71.6081
899 -33.0518 -71.6081
