315 -33.0518 -71.6252
38 -33.0517 -71.6252
497 -33.0515 -71.6252
115 -33.0514 -71.6252
940 -33.0512 -71.6256
142 -33.0514 -71.6253
85 -33.0513 -71.6252
327 -33.0518 -71.625
253 -33.052 -71.6243
880 -33.0525 -71.6238
177 -33.0521 -71.6238
930 -33.052 -71.6244
266 -33.052 -71.6244
678 -33.0514 -71.6243
487 -33.0518 -71.6234
176 -33.0512 -71.6255
961 -33.0512 -71.6258
66 -33.0512 -71.6254
935 -33.0512 -71.6251
226 -33.051 -71.6243
217 -33.0506 -71.6257
479 -33.0506 -71.6251
732 -33.0508 -71.625
5 -33.0509 -71.6243
647 -33.0509 -71.6243
796 -33.0509 -71.6243
440 -33.051 -71.6233
799 -33.0509 -71.6237
550 -33.0506 -71.6243
716 -33.0505 -71.6239
694 -33.0506 -71.6238
260 -33.0517 -71.6233
377 -33.0523 -71.6223
210 -33.0523 -71.6223
179 -33.0518 -71.6222
373 -33.0514 -71.6203
500 -33.0514 -71.6232
703 -33.0511 -71.6232
775 -33.0511 -71.6212
587 -33.0512 -71.6203
816 -33.0522 -71.62
881 -33.0521 -71.6199
376 -33.0521 -71.6199
301 -33.0518 -71.6199
216 -33.0511 -71.6202
69 -33.0516 -71.62
542 -33.0517 -71.6199
713 -33.0511 -71.6212
890 -33.051 -71.6233
283 -33.0509 -71.6231
547 -33.0508 -71.6212
901 -33.0507 -71.6231
302 -33.0504 -71.6219
637 -33.0505 -71.6215
956 -33.0504 -71.621
919 -33.0509 -71.6202
680 -33.0508 -71.6201
456 -33.0508 -71.6201
355 -33.0507 -71.6201
341 -33.0505 -71.6201
838 -33.0504 -71.6201
761 -33.0504 -71.6201
973 -33.0504 -71.6202
633 -33.05 -71.6252
883 -33.0502 -71.6252
34 -33.0503 -71.6252
101 -33.0498 -71.626
598 -33.0495 -71.626
786 -33.0496 -71.6252
829 -33.0498 -71.6252
109 -33.0503 -71.6252
697 -33.05 -71.6242
53 -33.0503 -71.6232
313 -33.0504 -71.6231
979 -33.0492 -71.6243
493 -33.0491 -71.6243
589 -33.049 -71.6243
250 -33.0492 -71.6223
987 -33.049 -71.6253
92 -33.049 -71.6253
447 -33.0486 -71.6243
25 -33.0486 -71.6243
859 -33.0485 -71.6233
409 -33.0484 -71.6252
710 -33.0484 -71.6243
999 -33.0483 -71.6233
206 -33.0488 -71.6232
597 -33.0488 -71.6227
144 -33.0488 -71.6226
852 -33.0489 -71.6225
213 -33.0488 -71.6228
412 -33.0487 -71.6229
111 -33.0486 -71.6224
163 -33.0487 -71.6224
399 -33.0504 -71.6222
116 -33.0504 -71.6222
432 -33.0504 -71.6219
425 -33.0502 -71.6207
166 -33.0493 -71.6212
77 -33.0493 -71.622
234 -33.0493 -71.6214
401 -33.0493 -71.621
74 -33.0502 -71.6205
76 -33.0501 -71.6204
434 -33.0494 -71.6202
844 -33.0494 -71.6202
891 -33.0493 -71.6205
198 -33.0493 -71.6203
804 -33.0493 -71.6202
86 -33.0493 -71.6202
687 -33.0492 -71.6216
340 -33.0492 -71.6218
831 -33.0492 -71.6217
448 -33.0492 -71.6217
262 -33.0492 -71.6219
17 -33.0487 -71.622
632 -33.0487 -71.6219
374 -33.0487 -71.6218
780 -33.0485 -71.6216
323 -33.049 -71.6208
654 -33.0484 -71.6207
548 -33.0483 -71.6205
709 -33.0483 -71.6205
430 -33.0483 -71.6209
522 -33.0483 -71.6205
656 -33.0496 -71.6198
537 -33.0515 -71.6192
869 -33.0518 -71.6184
646 -33.0516 -71.6184
370 -33.0514 -71.6192
413 -33.0511 -71.6186
765 -33.051 -71.6186
668 -33.0513 -71.6183
57 -33.0513 -71.6183
560 -33.0523 -71.618
774 -33.0522 -71.618
475 -33.0524 -71.6171
936 -33.0519 -71.6169
931 -33.0519 -71.617
943 -33.0515 -71.6166
20 -33.0515 -71.6166
189 -33.0509 -71.6185
134 -33.0506 -71.6192
963 -33.0509 -71.6185
367 -33.0508 -71.6185
255 -33.0501 -71.6184
428 -33.0499 -71.619
379 -33.0496 -71.6189
549 -33.05 -71.6186
582 -33.0506 -71.618
978 -33.0505 -71.618
407 -33.0504 -71.6179
389 -33.0502 -71.6166
743 -33.0501 -71.6166
408 -33.05 -71.6178
689 -33.0499 -71.6167
433 -33.0496 -71.6166
818 -33.0515 -71.6166
118 -33.0525 -71.6157
945 -33.0524 -71.6157
991 -33.0523 -71.6156
872 -33.0523 -71.615
297 -33.0517 -71.6156
792 -33.0518 -71.6153
299 -33.0518 -71.6153
976 -33.0522 -71.6149
482 -33.0521 -71.6149
578 -33.052 -71.6148
507 -33.052 -71.6147
910 -33.0518 -71.6148
242 -33.0517 -71.6147
561 -33.0517 -71.6146
737 -33.0516 -71.6145
2 -33.0516 -71.6145
356 -33.0513 -71.6165
286 -33.0514 -71.6165
640 -33.0515 -71.6164
18 -33.0508 -71.6164
426 -33.0503 -71.6165
450 -33.0496 -71.616
822 -33.0497 -71.6159
268 -33.0508 -71.6159
842 -33.0514 -71.6157
464 -33.0508 -71.6155
950 -33.0507 -71.6155
608 -33.0507 -71.6155
60 -33.0505 -71.6156
879 -33.0505 -71.6156
893 -33.0495 -71.6162
760 -33.0495 -71.6196
539 -33.0494 -71.6193
524 -33.0494 -71.6188
361 -33.0494 -71.6188
42 -33.0494 -71.6188
841 -33.0493 -71.6184
95 -33.0491 -71.6182
352 -33.049 -71.6181
146 -33.0489 -71.6171
41 -33.0489 -71.617
871 -33.049 -71.6167
959 -33.0489 -71.6171
443 -33.0488 -71.6179
609 -33.0488 -71.6175
391 -33.0489 -71.6172
150 -33.0487 -71.6177
684 -33.0485 -71.6182
455 -33.0485 -71.6182
396 -33.0486 -71.6181
809 -33.0483 -71.6183
803 -33.0483 -71.6188
730 -33.0483 -71.6188
246 -33.0483 -71.6187
543 -33.0486 -71.6181
699 -33.0486 -71.618
570 -33.0487 -71.6178
641 -33.0487 -71.6177
698 -33.0486 -71.618
754 -33.0486 -71.6181
953 -33.0484 -71.6171
269 -33.049 -71.6167
6 -33.0494 -71.6165
251 -33.0494 -71.6164
476 -33.0494 -71.6164
955 -33.0492 -71.6165
726 -33.0492 -71.6165
123 -33.0491 -71.6165
279 -33.0491 -71.6165
887 -33.0491 -71.6163
319 -33.0494 -71.6145
229 -33.0494 -71.6145
762 -33.0494 -71.6145
375 -33.0494 -71.6148
415 -33.0492 -71.6158
257 -33.0493 -71.6153
295 -33.0493 -71.615
554 -33.0491 -71.6163
107 -33.049 -71.6166
602 -33.049 -71.6165
682 -33.049 -71.6165
921 -33.049 -71.6167
442 -33.0486 -71.6165
141 -33.0489 -71.6165
693 -33.0489 -71.6165
520 -33.0489 -71.6165
184 -33.0488 -71.6164
580 -33.0484 -71.6164
271 -33.0484 -71.6164
252 -33.0483 -71.6145
731 -33.0483 -71.6148
745 -33.0483 -71.6145
207 -33.0483 -71.6205
849 -33.0476 -71.6253
629 -33.0478 -71.6253
735 -33.0478 -71.6253
360 -33.0475 -71.6253
80 -33.0466 -71.6257
484 -33.0469 -71.6242
453 -33.0467 -71.6234
36 -33.0476 -71.6233
868 -33.0476 -71.6233
854 -33.0474 -71.6232
586 -33.0473 -71.6231
130 -33.0468 -71.6233
900 -33.0468 -71.623
660 -33.0468 -71.6229
692 -33.0468 -71.6229
485 -33.0466 -71.6256
764 -33.0465 -71.6253
509 -33.0465 -71.6253
583 -33.0465 -71.6253
911 -33.0465 -71.6252
718 -33.0464 -71.6257
939 -33.0465 -71.625
9 -33.0465 -71.625
55 -33.0463 -71.6248
755 -33.0465 -71.6246
897 -33.0464 -71.6229
529 -33.0465 -71.6229
263 -33.0464 -71.6229
722 -33.0463 -71.6244
152 -33.0463 -71.6241
318 -33.0463 -71.6229
394 -33.0466 -71.6229
337 -33.048 -71.6215
701 -33.048 -71.6213
457 -33.0481 -71.6211
462 -33.0474 -71.6226
688 -33.0474 -71.6226
195 -33.0474 -71.6222
0 -33.0474 -71.622
783 -33.0481 -71.621
481 -33.0482 -71.621
363 -33.0482 -71.6209
518 -33.0475 -71.6205
431 -33.0474 -71.6206
27 -33.0474 -71.6209
278 -33.0474 -71.6209
665 -33.0474 -71.6207
93 -33.0474 -71.6209
612 -33.0473 -71.6228
884 -33.0473 -71.6227
828 -33.0472 -71.6213
191 -33.047 -71.6228
631 -33.0468 -71.6229
834 -33.0469 -71.6228
648 -33.0462 -71.6213
538 -33.0463 -71.6212
240 -33.0473 -71.6211
64 -33.0473 -71.621
231 -33.0465 -71.6207
496 -33.0465 -71.6207
728 -33.0464 -71.621
418 -33.0465 -71.6207
222 -33.0462 -71.6255
516 -33.0461 -71.6258
696 -33.0459 -71.6256
322 -33.0459 -71.6254
802 -33.0459 -71.6255
277 -33.0459 -71.6257
938 -33.0458 -71.6255
139 -33.0457 -71.6255
205 -33.0458 -71.6253
530 -33.0461 -71.6245
511 -33.046 -71.6243
708 -33.0458 -71.6242
605 -33.0458 -71.6235
820 -33.0458 -71.6253
383 -33.0457 -71.6238
639 -33.0451 -71.6233
348 -33.045 -71.6234
220 -33.0437 -71.6257
784 -33.0437 -71.6256
827 -33.0436 -71.6244
988 -33.0435 -71.6255
982 -33.0435 -71.6254
88 -33.0433 -71.6249
643 -33.0435 -71.6246
427 -33.0437 -71.6244
972 -33.0445 -71.624
635 -33.0446 -71.6239
933 -33.045 -71.6235
793 -33.0444 -71.6239
644 -33.0438 -71.6243
724 -33.044 -71.6242
889 -33.046 -71.6232
983 -33.0461 -71.623
314 -33.0456 -71.6223
519 -33.0458 -71.6221
855 -33.0456 -71.6224
862 -33.0454 -71.6226
941 -33.0454 -71.6226
435 -33.0455 -71.6225
904 -33.046 -71.6218
13 -33.0461 -71.6217
31 -33.0461 -71.6215
574 -33.0462 -71.6214
572 -33.0461 -71.6217
84 -33.0453 -71.6213
778 -33.0454 -71.6211
174 -33.0456 -71.6207
573 -33.0453 -71.6228
113 -33.0451 -71.6231
170 -33.0452 -71.6227
81 -33.0448 -71.6224
794 -33.0447 -71.6226
968 -33.0439 -71.6224
48 -33.0447 -71.6224
157 -33.0446 -71.6223
553 -33.0446 -71.6223
604 -33.0444 -71.6208
10 -33.0449 -71.6208
333 -33.0446 -71.6208
155 -33.0443 -71.6207
610 -33.0439 -71.6219
763 -33.0442 -71.6207
273 -33.0455 -71.6205
565 -33.0481 -71.6203
721 -33.0478 -71.6197
864 -33.0478 -71.6197
258 -33.0477 -71.6198
329 -33.0476 -71.6202
495 -33.0476 -71.6201
787 -33.0477 -71.6199
180 -33.0478 -71.6196
254 -33.048 -71.6193
292 -33.0481 -71.6193
750 -33.0481 -71.6192
164 -33.048 -71.6194
812 -33.0479 -71.6196
767 -33.0479 -71.6195
992 -33.0479 -71.6195
860 -33.047 -71.619
614 -33.0467 -71.6201
727 -33.0467 -71.6201
683 -33.0467 -71.6201
178 -33.0466 -71.6203
807 -33.0464 -71.6203
830 -33.0463 -71.6203
971 -33.0463 -71.6203
345 -33.0467 -71.6201
947 -33.0469 -71.6193
920 -33.0469 -71.6192
779 -33.0469 -71.6192
685 -33.0469 -71.6195
444 -33.0468 -71.6198
847 -33.0464 -71.6193
153 -33.0462 -71.6193
651 -33.047 -71.619
488 -33.0482 -71.6174
819 -33.0477 -71.6162
445 -33.0479 -71.6162
777 -33.0477 -71.6169
439 -33.0472 -71.6184
932 -33.0472 -71.6184
817 -33.0473 -71.6182
801 -33.0474 -71.6162
649 -33.0482 -71.6151
267 -33.0482 -71.615
160 -33.0482 -71.6149
998 -33.0481 -71.6149
290 -33.0479 -71.616
67 -33.0481 -71.6154
965 -33.0471 -71.6148
974 -33.0471 -71.6171
465 -33.047 -71.6184
805 -33.047 -71.6184
336 -33.047 -71.6171
466 -33.0469 -71.6171
342 -33.0466 -71.6182
320 -33.0465 -71.6182
546 -33.0467 -71.6161
117 -33.0465 -71.616
131 -33.047 -71.616
594 -33.047 -71.6155
334 -33.0467 -71.6147
661 -33.0463 -71.6147
114 -33.0462 -71.6147
372 -33.0462 -71.6147
892 -33.0462 -71.616
850 -33.0457 -71.6202
106 -33.0457 -71.6201
504 -33.0459 -71.6192
515 -33.0455 -71.62
712 -33.0451 -71.6203
851 -33.0454 -71.62
218 -33.0451 -71.6199
44 -33.0456 -71.6191
58 -33.0461 -71.6169
638 -33.0461 -71.6169
894 -33.0461 -71.6169
719 -33.0459 -71.6169
304 -33.0454 -71.6191
596 -33.0458 -71.6169
795 -33.0457 -71.6169
248 -33.045 -71.6179
165 -33.0448 -71.6199
50 -33.0447 -71.6199
239 -33.0446 -71.6199
949 -33.0445 -71.6199
853 -33.0444 -71.6198
416 -33.0444 -71.6198
140 -33.0444 -71.6198
541 -33.0449 -71.6198
436 -33.0449 -71.6198
652 -33.0448 -71.6189
364 -33.0448 -71.6189
960 -33.0446 -71.6188
590 -33.0444 -71.6169
823 -33.0444 -71.6169
758 -33.0444 -71.6169
908 -33.0461 -71.6159
729 -33.0461 -71.6149
451 -33.0461 -71.6148
545 -33.046 -71.616
317 -33.0458 -71.616
946 -33.0458 -71.616
666 -33.0454 -71.616
599 -33.0461 -71.6148
926 -33.0462 -71.6147
655 -33.0459 -71.6146
835 -33.0458 -71.6146
942 -33.0456 -71.6146
201 -33.0456 -71.6145
392 -33.0455 -71.6145
338 -33.0454 -71.6145
96 -33.0452 -71.616
756 -33.0451 -71.6168
899 -33.0451 -71.6168
393 -33.0451 -71.6168
128 -33.0449 -71.6169
119 -33.0445 -71.6169
133 -33.0444 -71.6159
385 -33.0446 -71.6159
148 -33.0448 -71.6159
588 -33.0448 -71.6148
766 -33.0451 -71.6145
526 -33.0449 -71.6145
241 -33.0442 -71.6145
634 -33.0439 -71.6159
75 -33.0439 -71.6159
312 -33.0442 -71.6145
505 -33.0517 -71.6137
192 -33.0517 -71.6137
948 -33.0525 -71.6135
782 -33.0515 -71.6141
483 -33.0515 -71.6144
531 -33.0513 -71.6143
556 -33.0513 -71.6139
298 -33.0519 -71.6132
874 -33.0519 -71.6132
866 -33.0518 -71.6131
592 -33.0515 -71.6119
994 -33.0515 -71.6131
810 -33.0513 -71.6119
772 -33.0513 -71.6119
132 -33.0514 -71.6119
675 -33.0513 -71.6139
124 -33.0512 -71.6143
501 -33.0512 -71.6143
811 -33.0512 -71.6139
120 -33.0512 -71.6139
276 -33.0511 -71.6141
390 -33.0512 -71.6139
463 -33.0511 -71.613
686 -33.0501 -71.613
420 -33.0511 -71.6126
414 -33.0511 -71.6126
19 -33.0512 -71.6119
747 -33.0511 -71.6128
72 -33.0511 -71.6128
521 -33.0511 -71.6128
576 -33.0511 -71.6127
922 -33.0517 -71.6118
873 -33.052 -71.6118
970 -33.0523 -71.6118
98 -33.0524 -71.6117
83 -33.052 -71.6118
790 -33.0513 -71.6117
326 -33.0514 -71.6116
43 -33.0514 -71.6114
917 -33.051 -71.6114
354 -33.0522 -71.6096
368 -33.0518 -71.6094
579 -33.0519 -71.6092
925 -33.0515 -71.6096
591 -33.0507 -71.6102
469 -33.0506 -71.6102
525 -33.0513 -71.6098
523 -33.0506 -71.6113
569 -33.0501 -71.6113
954 -33.0502 -71.6113
769 -33.0501 -71.6113
857 -33.0501 -71.6108
422 -33.0501 -71.6109
937 -33.0501 -71.6109
46 -33.0501 -71.6108
225 -33.0501 -71.6104
307 -33.0505 -71.6102
513 -33.0505 -71.6101
636 -33.0505 -71.6101
400 -33.0503 -71.6101
402 -33.0503 -71.6101
52 -33.0503 -71.6101
472 -33.0501 -71.611
671 -33.0496 -71.6135
158 -33.0497 -71.613
238 -33.05 -71.613
704 -33.0496 -71.6136
669 -33.0495 -71.614
856 -33.0495 -71.6138
958 -33.0496 -71.6136
127 -33.0497 -71.6129
923 -33.0498 -71.6126
32 -33.0498 -71.6126
746 -33.0498 -71.6123
26 -33.0498 -71.6129
316 -33.0497 -71.6129
137 -33.0497 -71.6129
626 -33.0497 -71.6127
349 -33.0495 -71.6141
480 -33.0494 -71.6144
284 -33.0495 -71.6142
882 -33.0495 -71.6142
321 -33.0494 -71.6144
199 -33.0494 -71.6145
577 -33.0484 -71.6144
97 -33.0485 -71.6136
51 -33.0493 -71.6129
642 -33.0493 -71.6129
187 -33.049 -71.6129
398 -33.0489 -71.6124
182 -33.0488 -71.6128
351 -33.0482 -71.6128
404 -33.0488 -71.6128
622 -33.0499 -71.612
378 -33.05 -71.6115
662 -33.05 -71.6114
219 -33.05 -71.6112
470 -33.0499 -71.6118
305 -33.0498 -71.6113
825 -33.0497 -71.6112
962 -33.0496 -71.6112
94 -33.0492 -71.6112
944 -33.05 -71.6111
555 -33.05 -71.611
613 -33.0498 -71.6091
35 -33.0496 -71.6099
773 -33.0496 -71.6099
282 -33.0495 -71.6096
740 -33.0496 -71.6096
110 -33.0492 -71.6112
840 -33.049 -71.6118
733 -33.0491 -71.6115
173 -33.0488 -71.6112
846 -33.0486 -71.6112
981 -33.0483 -71.6112
29 -33.0483 -71.6112
571 -33.0485 -71.6111
214 -33.0485 -71.6111
984 -33.049 -71.6099
674 -33.0489 -71.6099
843 -33.0489 -71.6099
261 -33.0487 -71.6098
167 -33.0483 -71.6111
145 -33.0483 -71.6111
274 -33.0498 -71.6091
677 -33.052 -71.6091
291 -33.052 -71.6089
467 -33.0515 -71.6088
619 -33.0513 -71.6086
237 -33.0512 -71.6085
281 -33.0513 -71.6084
967 -33.0512 -71.6083
808 -33.0515 -71.6083
528 -33.0521 -71.6081
300 -33.052 -71.6076
748 -33.0519 -71.6076
768 -33.0518 -71.6076
474 -33.0516 -71.6082
751 -33.0514 -71.6075
491 -33.0512 -71.6075
331 -33.0512 -71.6084
154 -33.0512 -71.6089
259 -33.0512 -71.6086
419 -33.051 -71.6086
384 -33.0506 -71.6085
196 -33.0505 -71.6086
563 -33.0506 -71.6085
672 -33.0504 -71.6085
209 -33.0504 -71.6085
63 -33.0511 -71.6074
886 -33.051 -71.6074
112 -33.051 -71.6074
876 -33.0508 -71.6074
366 -33.0504 -71.6085
627 -33.0503 -71.6085
927 -33.0507 -71.6073
175 -33.052 -71.6068
280 -33.0518 -71.6064
679 -33.0517 -71.6061
903 -33.0517 -71.606
159 -33.0516 -71.6067
606 -33.0514 -71.6067
79 -33.0511 -71.6058
581 -33.0515 -71.6058
311 -33.0515 -71.6058
303 -33.0515 -71.6058
441 -33.0525 -71.6056
332 -33.0514 -71.6055
40 -33.0513 -71.6053
147 -33.0512 -71.6053
461 -33.0512 -71.6052
527 -33.0512 -71.6052
499 -33.0511 -71.6058
506 -33.0509 -71.6058
929 -33.0507 -71.6057
411 -33.0506 -71.6057
558 -33.0506 -71.6066
221 -33.0506 -71.6066
129 -33.0505 -71.6066
212 -33.0504 -71.6056
705 -33.0503 -71.6056
870 -33.051 -71.6051
223 -33.0509 -71.6051
473 -33.0509 -71.6051
551 -33.0507 -71.6047
858 -33.0507 -71.6049
90 -33.0504 -71.6048
335 -33.0503 -71.6066
977 -33.0502 -71.6085
362 -33.0502 -71.6085
454 -33.0501 -71.6084
452 -33.0501 -71.6084
535 -33.0498 -71.6091
61 -33.0497 -71.6084
12 -33.0497 -71.6084
934 -33.0502 -71.6072
797 -33.0501 -71.6071
848 -33.0502 -71.6069
657 -33.0502 -71.6066
512 -33.0501 -71.6072
11 -33.05 -71.6072
510 -33.05 -71.6072
296 -33.0499 -71.6072
190 -33.0496 -71.6091
912 -33.0493 -71.6083
676 -33.0492 -71.6083
424 -33.0491 -71.6083
888 -33.049 -71.6083
723 -33.0489 -71.6091
503 -33.0484 -71.6091
7 -33.0488 -71.6083
833 -33.0487 -71.6083
478 -33.0486 -71.6083
438 -33.0492 -71.607
138 -33.0488 -71.6069
62 -33.0485 -71.6066
49 -33.0483 -71.6081
350 -33.0485 -71.6066
285 -33.0501 -71.6066
700 -33.0501 -71.6066
168 -33.0501 -71.6056
645 -33.0501 -71.6056
477 -33.0498 -71.6065
918 -33.0497 -71.6054
878 -33.0496 -71.6053
458 -33.0494 -71.6053
980 -33.05 -71.6046
924 -33.05 -71.6046
489 -33.0499 -71.6046
557 -33.0497 -71.6042
156 -33.0497 -71.6044
540 -33.0497 -71.6044
73 -33.0497 -71.6043
706 -33.0493 -71.6036
664 -33.0493 -71.6052
78 -33.0491 -71.6052
593 -33.0491 -71.6052
421 -33.0491 -71.6051
227 -33.049 -71.605
753 -33.0487 -71.6065
228 -33.0488 -71.6065
381 -33.0489 -71.6049
532 -33.0489 -71.6049
502 -33.0484 -71.6039
752 -33.0483 -71.6038
169 -33.0484 -71.6038
620 -33.0483 -71.6038
181 -33.0483 -71.6038
966 -33.0483 -71.6038
15 -33.0482 -71.6113
446 -33.0475 -71.6134
23 -33.0476 -71.6133
813 -33.0476 -71.6133
272 -33.0474 -71.6134
143 -33.0473 -71.614
776 -33.0474 -71.6134
310 -33.0472 -71.6134
371 -33.0476 -71.6132
197 -33.0478 -71.6129
14 -33.0482 -71.6128
907 -33.0478 -71.6127
105 -33.0478 -71.6129
405 -33.0477 -71.6129
916 -33.0476 -71.6127
387 -33.0474 -71.6127
309 -33.0471 -71.6144
806 -33.0471 -71.6133
386 -33.047 -71.6133
986 -33.0468 -71.6133
410 -33.0468 -71.6133
552 -33.0463 -71.6135
567 -33.0465 -71.6133
759 -33.0464 -71.6132
616 -33.0464 -71.6132
423 -33.047 -71.6127
245 -33.0468 -71.6126
247 -33.0467 -71.6126
781 -33.0463 -71.6132
208 -33.0462 -71.6132
202 -33.046 -71.6131
615 -33.046 -71.6131
691 -33.0467 -71.6126
294 -33.0479 -71.6121
832 -33.0481 -71.6116
741 -33.0481 -71.6115
997 -33.0478 -71.6125
403 -33.0473 -71.6123
230 -33.0473 -71.6115
357 -33.0473 -71.6113
611 -33.0473 -71.6112
236 -33.0479 -71.6111
468 -33.0478 -71.6098
952 -33.0479 -71.6098
909 -33.0478 -71.6111
789 -33.0474 -71.611
736 -33.0473 -71.611
757 -33.0475 -71.6098
861 -33.047 -71.6098
359 -33.0464 -71.6125
347 -33.0467 -71.6109
742 -33.0466 -71.6109
171 -33.0462 -71.6124
151 -33.0462 -71.6124
102 -33.0462 -71.6123
397 -33.0462 -71.6112
670 -33.0466 -71.6109
16 -33.0468 -71.6098
243 -33.0469 -71.6098
845 -33.0469 -71.6098
172 -33.0467 -71.6098
905 -33.0462 -71.6108
395 -33.0463 -71.6098
8 -33.046 -71.6098
104 -33.046 -71.6131
837 -33.0458 -71.6131
108 -33.046 -71.6124
630 -33.0455 -71.613
584 -33.0455 -71.613
725 -33.0455 -71.613
877 -33.0454 -71.613
711 -33.046 -71.6124
200 -33.0459 -71.6123
70 -33.0456 -71.6122
490 -33.0455 -71.6122
37 -33.0455 -71.6122
135 -33.0454 -71.6122
87 -33.0453 -71.6122
45 -33.0452 -71.6121
330 -33.0452 -71.6129
739 -33.0448 -71.6131
898 -33.0448 -71.613
517 -33.0451 -71.6129
902 -33.0447 -71.6129
985 -33.044 -71.613
964 -33.0439 -71.613
915 -33.0445 -71.6129
969 -33.0449 -71.6129
744 -33.045 -71.6129
749 -33.0442 -71.6129
798 -33.0443 -71.6122
996 -33.0442 -71.6129
186 -33.0441 -71.6126
621 -33.0441 -71.6122
265 -33.0452 -71.6121
264 -33.0456 -71.611
720 -33.0458 -71.6108
875 -33.0456 -71.6108
667 -33.0453 -71.6107
585 -33.0449 -71.612
289 -33.0452 -71.6107
28 -33.0447 -71.6107
275 -33.0447 -71.6106
121 -33.0447 -71.6104
215 -33.0458 -71.6098
193 -33.0452 -71.6098
650 -33.0447 -71.6105
449 -33.0447 -71.6106
47 -33.0446 -71.6106
39 -33.0446 -71.6104
995 -33.0446 -71.6105
486 -33.0443 -71.612
814 -33.0444 -71.6119
824 -33.0445 -71.6116
100 -33.0443 -71.612
659 -33.0442 -71.6118
24 -33.0443 -71.6112
4 -33.0443 -71.6107
288 -33.0443 -71.6105
249 -33.0443 -71.6104
344 -33.0445 -71.6101
663 -33.0445 -71.6099
928 -33.0443 -71.61
494 -33.0443 -71.61
459 -33.0443 -71.6099
603 -33.048 -71.6098
126 -33.0478 -71.6098
22 -33.0477 -71.6098
575 -33.0477 -71.6098
681 -33.0477 -71.6098
990 -33.0473 -71.6098
653 -33.0473 -71.6098
183 -33.0476 -71.609
211 -33.0473 -71.609
715 -33.0482 -71.6082
256 -33.0478 -71.6082
89 -33.0479 -71.6076
601 -33.0478 -71.6082
595 -33.0478 -71.6082
224 -33.0477 -71.6082
863 -33.0474 -71.6071
885 -33.0472 -71.6098
324 -33.0471 -71.609
785 -33.047 -71.609
600 -33.0471 -71.6082
343 -33.0469 -71.6081
821 -33.0469 -71.609
406 -33.0464 -71.609
204 -33.0469 -71.6081
328 -33.0469 -71.6081
836 -33.0468 -71.6081
714 -33.0468 -71.6081
136 -33.0468 -71.6081
734 -33.0467 -71.6081
951 -33.0467 -71.6081
771 -33.0463 -71.6081
607 -33.0463 -71.6081
185 -33.0465 -71.607
690 -33.0476 -71.6067
471 -33.0473 -71.6066
369 -33.0473 -71.6064
460 -33.0473 -71.6063
56 -33.0473 -71.6063
233 -33.0473 -71.6061
365 -33.0473 -71.606
99 -33.0475 -71.6041
673 -33.0479 -71.6036
382 -33.048 -71.6036
815 -33.0481 -71.6035
770 -33.0478 -71.604
788 -33.0476 -71.6041
293 -33.0477 -71.6041
244 -33.0474 -71.6033
624 -33.0472 -71.606
957 -33.0467 -71.6069
498 -33.047 -71.6069
325 -33.0472 -71.6057
437 -33.0467 -71.6069
658 -33.0463 -71.6066
534 -33.0463 -71.6066
993 -33.0463 -71.6065
91 -33.0471 -71.6052
287 -33.0471 -71.6051
1 -33.0466 -71.6051
536 -33.0469 -71.604
564 -33.0464 -71.6046
358 -33.0463 -71.6046
122 -33.0464 -71.6042
65 -33.0463 -71.6046
235 -33.0462 -71.6081
68 -33.0461 -71.6081
417 -33.0461 -71.6081
125 -33.0459 -71.6081
707 -33.0459 -71.6089
623 -33.0453 -71.6089
82 -33.0459 -71.6081
738 -33.0459 -71.6081
306 -33.0459 -71.608
71 -33.0459 -71.608
625 -33.0456 -71.6075
975 -33.0456 -71.6071
544 -33.0454 -71.608
839 -33.0453 -71.6071
339 -33.0454 -71.6071
562 -33.0452 -71.608
3 -33.0443 -71.6098
702 -33.0442 -71.6096
865 -33.0444 -71.6091
33 -33.0442 -71.6095
695 -33.0441 -71.6086
353 -33.0441 -71.6085
54 -33.044 -71.6081
867 -33.0449 -71.6079
21 -33.0447 -71.6072
149 -33.0449 -71.6071
270 -33.0448 -71.6071
566 -33.0446 -71.6077
429 -33.0446 -71.6074
914 -33.0445 -71.6071
103 -33.0459 -71.6071
203 -33.0462 -71.6062
232 -33.0462 -71.6059
791 -33.0462 -71.6058
895 -33.0455 -71.6063
308 -33.0455 -71.6063
989 -33.0455 -71.6062
161 -33.0455 -71.6062
906 -33.0461 -71.6052
508 -33.0461 -71.6051
628 -33.0458 -71.6048
388 -33.046 -71.6047
913 -33.0457 -71.6048
826 -33.0455 -71.605
492 -33.0456 -71.6045
30 -33.0457 -71.6045
617 -33.0455 -71.6058
194 -33.0448 -71.607
59 -33.0442 -71.6063
717 -33.0454 -71.6055
380 -33.0442 -71.6062
533 -33.0434 -71.6068
618 -33.0441 -71.6059
162 -33.0433 -71.6057
188 -33.0452 -71.605
896 -33.0453 -71.605
568 -33.0452 -71.605
800 -33.0453 -71.6047
514 -33.045 -71.6048
346 -33.045 -71.6048
559 -33.0449 -71.6041
