550 -33.0543 -71.6242
66 -33.0543 -71.6242
85 -33.0543 -71.6241
142 -33.0543 -71.6241
176 -33.0543 -71.6244
497 -33.0543 -71.624
647 -33.0543 -71.6239
115 -33.0543 -71.6239
5 -33.0543 -71.6239
890 -33.0543 -71.6239
796 -33.0543 -71.6238
226 -33.0543 -71.6238
703 -33.0543 -71.6238
38 -33.0543 -71.6236
678 -33.0543 -71.6233
315 -33.0543 -71.6235
883 -33.0534 -71.6246
109 -33.0536 -71.6245
217 -33.0538 -71.6245
979 -33.0531 -71.6246
829 -33.053 -71.6246
786 -33.0529 -71.6246
589 -33.0528 -71.6246
697 -33.0538 -71.6245
940 -33.0542 -71.6244
500 -33.0543 -71.6235
327 -33.0543 -71.6234
313 -33.0541 -71.6243
479 -33.0538 -71.6245
961 -33.0541 -71.6244
53 -33.0539 -71.6242
260 -33.0543 -71.6231
177 -33.0545 -71.6226
880 -33.0547 -71.6222
179 -33.055 -71.6218
930 -33.0545 -71.6227
487 -33.0544 -71.623
266 -33.0545 -71.6228
253 -33.0545 -71.6227
210 -33.0551 -71.6212
377 -33.0551 -71.6211
646 -33.055 -71.6181
475 -33.0556 -71.6179
57 -33.0549 -71.6183
765 -33.0544 -71.6184
413 -33.0545 -71.6184
668 -33.0548 -71.6184
189 -33.0543 -71.6184
549 -33.0533 -71.6188
255 -33.0535 -71.6187
370 -33.0535 -71.6185
376 -33.0531 -71.6188
881 -33.053 -71.6187
816 -33.053 -71.6187
134 -33.0529 -71.6187
408 -33.0535 -71.6185
582 -33.0541 -71.6184
963 -33.0542 -71.6184
367 -33.0543 -71.6184
978 -33.054 -71.6184
537 -33.0537 -71.6185
407 -33.0538 -71.6184
598 -33.0527 -71.6245
25 -33.0525 -71.6245
987 -33.0523 -71.6244
710 -33.0522 -71.6244
92 -33.0522 -71.6244
629 -33.0516 -71.6252
849 -33.0514 -71.6252
409 -33.0519 -71.6247
633 -33.0508 -71.6226
116 -33.052 -71.6197
399 -33.052 -71.6197
547 -33.0513 -71.6189
844 -33.0511 -71.6186
713 -33.051 -71.6187
775 -33.051 -71.6187
838 -33.0511 -71.6186
447 -33.0506 -71.6225
101 -33.0505 -71.624
34 -33.0505 -71.6223
732 -33.0505 -71.6217
493 -33.0504 -71.6221
935 -33.0504 -71.6222
716 -33.0502 -71.6206
694 -33.0502 -71.6205
799 -33.0501 -71.6204
901 -33.0499 -71.6203
262 -33.05 -71.6188
340 -33.05 -71.6187
283 -33.0498 -71.6202
999 -33.0495 -71.6201
440 -33.0497 -71.6201
859 -33.0496 -71.6199
632 -33.0496 -71.6186
301 -33.0524 -71.6186
542 -33.0524 -71.6186
42 -33.0524 -71.6186
361 -33.0524 -71.6186
69 -33.0522 -71.6185
698 -33.052 -71.6185
754 -33.052 -71.6185
373 -33.0519 -71.6184
455 -33.0519 -71.6184
587 -33.0518 -71.6184
216 -33.0517 -71.6184
760 -33.0517 -71.6184
809 -33.0516 -71.6184
919 -33.0515 -71.6184
456 -33.0514 -71.6184
803 -33.0513 -71.6184
434 -33.0511 -71.6186
198 -33.051 -71.6186
761 -33.0512 -71.6186
973 -33.051 -71.6186
831 -33.05 -71.6186
448 -33.05 -71.6186
891 -33.0509 -71.6185
687 -33.05 -71.6185
341 -33.0512 -71.6184
355 -33.0513 -71.6184
767 -33.0507 -71.618
466 -33.0506 -71.618
166 -33.0503 -71.6183
323 -33.0502 -71.6183
869 -33.0552 -71.6178
118 -33.0561 -71.616
976 -33.056 -71.616
872 -33.056 -71.6159
945 -33.056 -71.6159
774 -33.0554 -71.6174
560 -33.0555 -71.6173
482 -33.0559 -71.6159
991 -33.0558 -71.6159
297 -33.0552 -71.6158
561 -33.0551 -71.6158
948 -33.0559 -71.6158
842 -33.0548 -71.6158
483 -33.0548 -71.6157
531 -33.0547 -71.6157
501 -33.0547 -71.6157
124 -33.0546 -71.6157
450 -33.0529 -71.6157
640 -33.0543 -71.6157
464 -33.0542 -71.6157
389 -33.0528 -71.6159
743 -33.0527 -71.6158
476 -33.0526 -71.6158
251 -33.0526 -71.6158
602 -33.0522 -71.6157
950 -33.0542 -71.6157
608 -33.0542 -71.6157
20 -33.0542 -71.6156
955 -33.0524 -71.6156
107 -33.0521 -71.6157
520 -33.0521 -71.6157
693 -33.0521 -71.6156
269 -33.052 -71.6156
60 -33.054 -71.6156
879 -33.0539 -71.6156
286 -33.0539 -71.6156
818 -33.0539 -71.6156
726 -33.0524 -71.6156
279 -33.0523 -71.6156
123 -33.0523 -71.6156
822 -33.053 -71.6156
994 -33.0548 -71.6151
686 -33.0537 -71.6143
127 -33.0534 -71.6141
18 -33.0531 -71.6155
931 -33.0519 -71.6134
762 -33.0522 -71.6134
943 -33.0519 -71.6133
936 -33.0519 -71.6132
146 -33.0517 -71.6156
442 -33.0517 -71.6156
356 -33.0519 -71.6136
580 -33.0516 -71.6156
271 -33.0516 -71.6156
150 -33.0513 -71.6156
641 -33.0512 -71.6156
105 -33.0516 -71.6131
405 -33.0516 -71.6131
907 -33.0516 -71.6131
268 -33.0511 -71.613
577 -33.0511 -71.6129
252 -33.0511 -71.613
387 -33.0511 -71.613
745 -33.0511 -71.613
495 -33.0502 -71.6178
730 -33.0504 -71.6158
546 -33.0502 -71.6157
992 -33.0498 -71.6158
431 -33.0497 -71.6177
892 -33.0497 -71.6159
812 -33.0497 -71.6158
117 -33.0499 -71.6157
488 -33.0509 -71.6156
446 -33.0511 -71.6131
415 -33.0511 -71.6131
819 -33.0509 -71.6156
254 -33.0499 -71.6157
292 -33.0499 -71.6157
290 -33.0508 -71.6155
953 -33.0497 -71.6132
721 -33.0496 -71.616
908 -33.0496 -71.616
864 -33.0496 -71.616
545 -33.0496 -71.6161
787 -33.0496 -71.6161
95 -33.0495 -71.6139
684 -33.0495 -71.6139
352 -33.0496 -71.6137
443 -33.0496 -71.6135
426 -33.0496 -71.6135
570 -33.0496 -71.6134
699 -33.0496 -71.6135
543 -33.0496 -71.6137
396 -33.0496 -71.6137
272 -33.051 -71.6131
423 -33.0508 -71.6131
310 -33.0508 -71.6131
403 -33.0508 -71.6131
160 -33.0508 -71.6131
998 -33.0507 -71.6131
649 -33.0507 -71.6131
143 -33.0506 -71.6131
386 -33.0505 -71.613
792 -33.0505 -71.613
145 -33.0505 -71.613
23 -33.0511 -71.613
141 -33.0504 -71.613
986 -33.0504 -71.613
309 -33.0502 -71.613
151 -33.05 -71.613
171 -33.05 -71.613
433 -33.05 -71.613
507 -33.05 -71.613
759 -33.05 -71.613
102 -33.0499 -71.6129
609 -33.0497 -71.613
391 -33.0499 -71.613
108 -33.0499 -71.6129
611 -33.0498 -71.6129
711 -33.0498 -71.6129
200 -33.0498 -71.6129
208 -33.0497 -71.6129
689 -33.0497 -71.6129
202 -33.0496 -71.6129
615 -33.0496 -71.6129
946 -33.0495 -71.6163
130 -33.0479 -71.6196
213 -33.0479 -71.6195
529 -33.0479 -71.6195
206 -33.0479 -71.62
453 -33.0478 -71.6197
165 -33.0478 -71.6196
263 -33.0479 -71.6196
897 -33.0479 -71.6195
412 -33.0495 -71.6195
394 -33.048 -71.6193
692 -33.048 -71.6193
868 -33.048 -71.6193
712 -33.0479 -71.6195
900 -33.048 -71.6194
36 -33.048 -71.6193
318 -33.0478 -71.6197
605 -33.0475 -71.6206
333 -33.0475 -71.6203
113 -33.0475 -71.6203
383 -33.0474 -71.6208
764 -33.0474 -71.6227
509 -33.0474 -71.6227
583 -33.0474 -71.6227
170 -33.0476 -71.6203
10 -33.0477 -71.6199
983 -33.0477 -71.6199
239 -33.0478 -71.6197
949 -33.0477 -71.6199
889 -33.0476 -71.6201
573 -33.0476 -71.62
416 -33.0477 -71.62
660 -33.048 -71.6193
597 -33.0494 -71.6192
17 -33.0494 -71.6188
250 -33.0495 -71.6188
144 -33.0494 -71.6191
111 -33.0494 -71.619
163 -33.0494 -71.6189
852 -33.0494 -71.6189
106 -33.0484 -71.6185
432 -33.0492 -71.6183
302 -33.0492 -71.6183
77 -33.0491 -71.6182
780 -33.0486 -71.6181
574 -33.0484 -71.6185
462 -33.0484 -71.6185
374 -33.0485 -71.6184
688 -33.0484 -71.6185
174 -33.0482 -71.619
364 -33.0482 -71.619
586 -33.0482 -71.619
904 -33.0482 -71.6191
854 -33.0481 -71.6192
631 -33.0481 -71.6192
834 -33.0481 -71.6191
191 -33.0482 -71.619
612 -33.0484 -71.6187
884 -33.0484 -71.6186
850 -33.0484 -71.6186
572 -33.0483 -71.6188
273 -33.0482 -71.619
13 -33.0483 -71.6189
911 -33.0474 -71.6225
80 -33.0472 -71.6228
485 -33.0472 -71.6228
484 -33.0474 -71.6225
360 -33.0469 -71.6228
516 -33.0467 -71.6229
222 -33.0467 -71.6229
718 -33.0469 -71.6228
939 -33.0474 -71.6223
9 -33.0474 -71.6223
55 -33.0474 -71.622
755 -33.0474 -71.622
722 -33.0473 -71.6218
152 -33.0473 -71.6217
530 -33.0473 -71.6217
511 -33.0472 -71.6215
696 -33.0466 -71.6229
277 -33.0464 -71.6229
322 -33.0464 -71.6229
802 -33.0464 -71.6229
938 -33.0463 -71.6229
205 -33.0462 -71.6229
820 -33.0463 -71.6229
139 -33.0463 -71.6229
735 -33.0465 -71.6229
982 -33.0457 -71.6222
88 -33.046 -71.6218
643 -33.0462 -71.6215
988 -33.0457 -71.6223
220 -33.0455 -71.6225
784 -33.0455 -71.6225
708 -33.0472 -71.6213
155 -33.0473 -71.6202
639 -33.0473 -71.6202
763 -33.0471 -71.6202
794 -33.0471 -71.6202
157 -33.047 -71.6201
140 -33.0471 -71.6188
853 -33.0471 -71.6187
941 -33.0471 -71.6186
84 -33.0473 -71.6182
855 -33.0473 -71.6182
436 -33.0473 -71.6181
314 -33.0473 -71.6182
862 -33.0472 -71.6186
435 -33.0472 -71.6185
50 -33.0472 -71.6184
604 -33.0469 -71.6193
968 -33.0465 -71.6205
610 -33.0465 -71.6205
793 -33.0466 -71.6203
724 -33.0464 -71.6208
827 -33.0463 -71.6212
427 -33.0463 -71.6212
644 -33.0464 -71.6211
972 -33.0466 -71.6202
933 -33.0468 -71.6195
81 -33.0469 -71.6194
348 -33.0469 -71.6194
48 -33.0468 -71.6196
635 -33.0466 -71.6202
553 -33.0468 -71.6197
541 -33.0473 -71.6181
727 -33.049 -71.6176
614 -33.0489 -71.6176
240 -33.0489 -71.6169
637 -33.0489 -71.618
430 -33.0489 -71.6171
425 -33.0489 -71.617
363 -33.0489 -71.617
64 -33.0489 -71.6169
278 -33.049 -71.6166
548 -33.049 -71.6166
76 -33.049 -71.6166
74 -33.049 -71.6167
93 -33.049 -71.6168
654 -33.049 -71.6167
27 -33.049 -71.6167
783 -33.0489 -71.6172
830 -33.0487 -71.6178
337 -33.0487 -71.6177
701 -33.0487 -71.6176
504 -33.0486 -71.6178
0 -33.0486 -71.6179
496 -33.0486 -71.6179
128 -33.0486 -71.6177
680 -33.0487 -71.6176
401 -33.0488 -71.6172
481 -33.0488 -71.6172
828 -33.0488 -71.6172
457 -33.0488 -71.6174
234 -33.0487 -71.6176
393 -33.0487 -71.6175
956 -33.0488 -71.6174
709 -33.049 -71.6166
428 -33.0493 -71.6153
539 -33.0493 -71.6152
164 -33.0493 -71.6152
180 -33.0493 -71.6154
860 -33.0492 -71.6165
565 -33.0492 -71.6165
258 -33.0492 -71.6155
750 -33.0493 -71.615
246 -33.0495 -71.6143
841 -33.0495 -71.6142
334 -33.0495 -71.6129
70 -33.0494 -71.6129
379 -33.0493 -71.6149
524 -33.0494 -71.6147
837 -33.0493 -71.6129
656 -33.0492 -71.6157
320 -33.0491 -71.6165
518 -33.0491 -71.6164
804 -33.0491 -71.6163
665 -33.049 -71.6165
207 -33.049 -71.6166
522 -33.049 -71.6166
795 -33.0489 -71.6165
86 -33.0491 -71.6163
329 -33.0492 -71.6159
801 -33.0491 -71.6129
87 -33.0491 -71.6129
661 -33.0491 -71.6129
725 -33.049 -71.6129
372 -33.049 -71.6129
148 -33.0486 -71.6164
195 -33.0486 -71.618
304 -33.048 -71.6174
756 -33.0485 -71.6166
823 -33.0478 -71.6164
758 -33.0478 -71.6165
418 -33.0478 -71.6164
971 -33.0478 -71.6164
119 -33.0478 -71.6164
385 -33.0485 -71.6164
683 -33.048 -71.6158
345 -33.048 -71.6158
153 -33.048 -71.6158
231 -33.0478 -71.6164
807 -33.0479 -71.6163
178 -33.048 -71.616
248 -33.0478 -71.6165
652 -33.0475 -71.6176
851 -33.0475 -71.6174
515 -33.0476 -71.6174
960 -33.0474 -71.6178
778 -33.0473 -71.6181
519 -33.0474 -71.6179
218 -33.0474 -71.6179
31 -33.0476 -71.6172
44 -33.0478 -71.6166
590 -33.0478 -71.6165
75 -33.0478 -71.6162
728 -33.0477 -71.6168
648 -33.0477 -71.617
538 -33.0477 -71.617
133 -33.048 -71.6157
666 -33.0483 -71.6147
894 -33.0483 -71.6146
651 -33.0483 -71.6146
638 -33.0483 -71.6147
719 -33.0482 -71.6149
779 -33.0483 -71.6149
342 -33.0483 -71.6148
58 -33.0483 -71.6145
817 -33.0485 -71.6138
336 -33.0486 -71.6135
974 -33.0486 -71.6135
439 -33.0484 -71.6141
805 -33.0484 -71.6143
465 -33.0484 -71.6142
932 -33.0484 -71.6142
920 -33.0482 -71.6149
685 -33.0482 -71.6152
596 -33.0482 -71.615
947 -33.0482 -71.615
444 -33.0481 -71.6155
847 -33.048 -71.6157
899 -33.0481 -71.6156
634 -33.0471 -71.6152
96 -33.0474 -71.6137
317 -33.0476 -71.6131
526 -33.0477 -71.613
996 -33.0477 -71.6129
588 -33.0475 -71.6134
241 -33.0474 -71.6137
312 -33.0475 -71.6136
877 -33.0489 -71.6129
19 -33.055 -71.6124
790 -33.0548 -71.6124
326 -33.0547 -71.6124
420 -33.0545 -71.6124
414 -33.0544 -71.6123
576 -33.0543 -71.6123
521 -33.0543 -71.6123
43 -33.0543 -71.6123
354 -33.0543 -71.6123
579 -33.0544 -71.6122
368 -33.0544 -71.6121
747 -33.0543 -71.6123
467 -33.0543 -71.6119
619 -33.0541 -71.6116
237 -33.054 -71.6113
154 -33.054 -71.6113
917 -33.0539 -71.6122
523 -33.0535 -71.6122
298 -33.0532 -71.6121
238 -33.0529 -71.6121
305 -33.0527 -71.6121
505 -33.0526 -71.6117
26 -33.0526 -71.6117
192 -33.0526 -71.6116
967 -33.0539 -71.6113
384 -33.0536 -71.6111
463 -33.0538 -71.6111
591 -33.0536 -71.6111
569 -33.053 -71.6116
874 -33.0531 -71.6115
866 -33.0532 -71.6115
563 -33.0535 -71.6111
209 -33.0534 -71.611
72 -33.0538 -71.611
259 -33.0538 -71.611
636 -33.0534 -71.611
366 -33.0533 -71.611
307 -33.0533 -71.611
627 -33.0533 -71.611
751 -33.0533 -71.611
132 -33.0541 -71.6105
970 -33.055 -71.6104
98 -33.0533 -71.6088
772 -33.0533 -71.61
52 -33.0532 -71.6109
810 -33.0533 -71.6099
592 -33.0532 -71.6098
922 -33.0532 -71.6095
402 -33.0531 -71.6109
452 -33.0531 -71.6109
175 -33.053 -71.6108
61 -33.0528 -71.6106
12 -33.0528 -71.6106
927 -33.0527 -71.6105
773 -33.0527 -71.6104
35 -33.0527 -71.6104
679 -33.0526 -71.6103
83 -33.0531 -71.6093
873 -33.053 -71.6092
274 -33.0526 -71.6103
190 -33.0525 -71.6101
424 -33.0525 -71.61
676 -33.0525 -71.61
962 -33.0525 -71.6121
51 -33.0523 -71.612
642 -33.0522 -71.612
958 -33.0521 -71.612
733 -33.0518 -71.612
2 -33.0518 -71.6118
737 -33.0518 -71.6118
187 -33.0519 -71.6118
675 -33.0521 -71.6117
811 -33.0522 -71.6117
782 -33.0522 -71.6117
556 -33.0521 -71.6117
276 -33.052 -71.6118
390 -33.0521 -71.6118
120 -33.0521 -71.6117
242 -33.0517 -71.6118
173 -33.0517 -71.612
480 -33.0514 -71.612
571 -33.0514 -71.6119
14 -33.0512 -71.6119
295 -33.0511 -71.6122
97 -33.0512 -71.6121
578 -33.0512 -71.612
214 -33.0513 -71.6119
910 -33.0514 -71.6119
909 -33.0515 -71.6115
789 -33.0513 -71.6114
15 -33.0513 -71.6118
351 -33.0512 -71.6119
29 -33.0512 -71.6118
303 -33.0524 -71.61
512 -33.0524 -71.6098
797 -33.0523 -71.6097
674 -33.0523 -71.6097
7 -33.0522 -71.6097
848 -33.0522 -71.6097
506 -33.0521 -71.6095
40 -33.0521 -71.6095
32 -33.0517 -71.6094
94 -33.052 -71.6091
622 -33.052 -71.609
212 -33.052 -71.6089
110 -33.0519 -71.6091
923 -33.0517 -71.6094
746 -33.0519 -71.6092
49 -33.0519 -71.6092
626 -33.0517 -71.6094
681 -33.0514 -71.6097
22 -33.0514 -71.6097
316 -33.0515 -71.6096
575 -33.0514 -71.6097
398 -33.0512 -71.6099
981 -33.0512 -71.6099
167 -33.0513 -71.6098
846 -33.0515 -71.6096
840 -33.0516 -71.6095
603 -33.0517 -71.6095
601 -33.0516 -71.6089
224 -33.0515 -71.6089
158 -33.0515 -71.6096
137 -33.0515 -71.6096
89 -33.0514 -71.6088
63 -33.0546 -71.6085
419 -33.0546 -71.6085
925 -33.0546 -71.6085
280 -33.0546 -71.6085
886 -33.0545 -71.6085
159 -33.0545 -71.6085
112 -33.0544 -71.6085
606 -33.0544 -71.6085
876 -33.0543 -71.6085
525 -33.0542 -71.6085
491 -33.0547 -71.6084
903 -33.0542 -71.6085
672 -33.054 -71.6085
581 -33.054 -71.6085
311 -33.0539 -71.6085
977 -33.0538 -71.6085
499 -33.0536 -71.6085
934 -33.0536 -71.6085
332 -33.0537 -71.6085
558 -33.0536 -71.6085
79 -33.0536 -71.6085
469 -33.0535 -71.6085
129 -33.0535 -71.6085
362 -33.0538 -71.6085
454 -33.0538 -71.6085
510 -33.0535 -71.6085
11 -33.0535 -71.6085
296 -33.0534 -71.6085
513 -33.0534 -71.6085
461 -33.0534 -71.6085
527 -33.0533 -71.6085
335 -33.0533 -71.6084
291 -33.0552 -71.6081
474 -33.0552 -71.6081
748 -33.0553 -71.608
677 -33.0551 -71.6082
331 -33.0548 -71.6084
281 -33.0549 -71.6083
808 -33.0551 -71.6082
300 -33.0554 -71.6079
528 -33.0556 -71.6078
147 -33.0546 -71.6046
441 -33.0556 -71.6044
870 -33.0545 -71.6046
768 -33.0545 -71.6053
90 -33.0538 -71.6048
924 -33.0534 -71.6047
929 -33.0533 -71.6084
400 -33.0532 -71.6084
411 -33.0532 -71.6084
657 -33.0532 -71.6084
223 -33.0531 -71.6084
700 -33.0531 -71.6084
473 -33.0531 -71.6084
613 -33.053 -71.6084
285 -33.053 -71.6083
535 -33.053 -71.6083
196 -33.0532 -71.6065
221 -33.0531 -71.6047
912 -33.053 -71.6083
705 -33.0529 -71.6083
477 -33.0529 -71.6083
225 -33.0528 -71.6083
888 -33.0527 -71.6082
438 -33.0527 -71.6082
858 -33.0527 -71.6082
168 -33.0527 -71.6082
740 -33.0526 -71.6082
46 -33.0525 -71.6082
857 -33.0525 -71.6082
282 -33.0525 -71.6082
422 -33.0524 -71.6082
472 -33.0524 -71.6081
833 -33.0524 -71.6081
138 -33.0524 -71.6081
219 -33.0522 -71.6081
555 -33.0524 -71.6081
478 -33.0523 -71.6081
662 -33.0522 -71.6083
378 -33.0521 -71.6085
551 -33.0522 -71.6084
769 -33.0522 -71.6084
825 -33.0521 -71.6085
470 -33.0521 -71.6087
645 -33.0521 -71.6085
228 -33.0512 -71.6084
954 -33.0522 -71.6084
503 -33.0517 -71.6082
843 -33.0517 -71.6081
723 -33.0522 -71.6081
256 -33.0516 -71.6082
595 -33.0515 -71.6083
261 -33.0516 -71.6082
944 -33.0523 -71.6081
918 -33.0523 -71.608
980 -33.0523 -71.608
878 -33.0522 -71.6078
489 -33.0522 -71.6078
937 -33.0522 -71.6079
458 -33.0522 -71.6077
753 -33.0522 -71.6077
664 -33.0522 -71.6075
540 -33.0522 -71.6075
156 -33.0522 -71.6075
593 -33.0522 -71.6074
73 -33.0522 -71.6073
421 -33.0521 -71.6072
557 -33.0521 -71.6071
78 -33.0521 -71.6048
227 -33.0521 -71.6071
62 -33.052 -71.6076
532 -33.0521 -71.6071
381 -33.0521 -71.6071
350 -33.052 -71.6076
984 -33.0519 -71.6081
715 -33.0519 -71.608
706 -33.0519 -71.6066
502 -33.0516 -71.606
181 -33.0515 -71.6059
620 -33.0515 -71.6052
169 -33.0515 -71.6052
966 -33.0515 -71.6059
752 -33.0515 -71.6059
815 -33.0512 -71.6059
299 -33.0511 -71.6124
916 -33.0511 -71.6126
197 -33.0511 -71.6125
871 -33.0498 -71.6122
921 -33.0498 -71.6122
41 -33.0498 -71.6126
6 -33.0498 -71.6124
184 -33.0498 -71.6123
682 -33.0499 -71.612
347 -33.0506 -71.6113
742 -33.0504 -71.6113
905 -33.0501 -71.6113
887 -33.0499 -71.6118
554 -33.0499 -71.6119
731 -33.0499 -71.6113
397 -33.0498 -71.6113
959 -33.0498 -71.6127
893 -33.0497 -71.6128
267 -33.0497 -71.6113
245 -33.0497 -71.6112
720 -33.0496 -71.6112
445 -33.049 -71.6118
247 -33.0496 -71.6112
691 -33.0496 -71.6112
806 -33.0496 -71.6112
875 -33.0494 -71.6112
410 -33.0494 -71.6112
67 -33.0494 -71.6112
264 -33.0493 -71.6112
359 -33.0492 -71.6112
667 -33.0492 -71.6112
567 -33.0491 -71.6112
289 -33.049 -71.6112
236 -33.0509 -71.6102
832 -33.0509 -71.6102
856 -33.0509 -71.6102
182 -33.0509 -71.6102
404 -33.0509 -71.6102
861 -33.0508 -71.6102
669 -33.0508 -71.6102
284 -33.0506 -71.6102
704 -33.051 -71.6101
885 -33.051 -71.6101
671 -33.0511 -71.61
741 -33.051 -71.6101
349 -33.0507 -71.6102
882 -33.0505 -71.6102
294 -33.0504 -71.6102
736 -33.0504 -71.6102
670 -33.0501 -71.6107
230 -33.0501 -71.6104
375 -33.0502 -71.6102
371 -33.0501 -71.6108
813 -33.05 -71.6111
257 -33.0501 -71.6109
776 -33.0494 -71.6104
997 -33.0502 -71.6102
199 -33.0504 -71.6102
319 -33.0503 -71.6102
321 -33.0504 -71.6101
229 -33.0503 -71.6101
357 -33.0503 -71.6102
193 -33.0491 -71.6099
265 -33.0489 -71.6129
599 -33.0488 -71.6129
585 -33.0487 -71.6129
655 -33.0487 -71.6129
517 -33.0485 -71.6129
744 -33.0485 -71.6129
835 -33.0485 -71.6129
942 -33.0483 -71.6129
201 -33.0483 -71.6129
392 -33.0482 -71.6129
739 -33.0482 -71.6128
777 -33.0489 -71.6125
100 -33.0482 -71.6128
902 -33.0481 -71.6128
729 -33.0481 -71.6117
330 -33.0481 -71.6117
451 -33.0481 -71.6118
915 -33.048 -71.6128
621 -33.0478 -71.6128
766 -33.0478 -71.6128
749 -33.0477 -71.6129
186 -33.0475 -71.6127
659 -33.0475 -71.6127
964 -33.0471 -71.6127
24 -33.047 -71.6127
338 -33.0479 -71.6124
898 -33.0479 -71.6123
969 -33.048 -71.612
494 -33.0466 -71.6126
353 -33.0455 -71.6122
54 -33.0452 -71.6121
131 -33.0481 -71.6116
45 -33.0482 -71.6113
594 -33.0483 -71.6112
616 -33.0489 -71.6112
630 -33.0482 -71.6114
926 -33.0481 -71.6115
114 -33.0482 -71.6114
584 -33.0482 -71.6114
552 -33.0488 -71.6112
781 -33.0488 -71.6112
965 -33.0488 -71.6112
104 -33.0485 -71.6112
490 -33.0484 -71.6111
135 -33.0483 -71.6112
37 -33.0483 -71.6111
121 -33.048 -71.6098
650 -33.048 -71.6098
275 -33.048 -71.6111
449 -33.0479 -71.6111
33 -33.0469 -71.6109
865 -33.0465 -71.6098
985 -33.0457 -71.6098
695 -33.0458 -71.6098
4 -33.0464 -71.6098
288 -33.0466 -71.6098
814 -33.0468 -71.6098
702 -33.0468 -71.6098
3 -33.0469 -71.6098
486 -33.0467 -71.6098
798 -33.0466 -71.6098
249 -33.0467 -71.6098
459 -33.047 -71.6098
324 -33.051 -71.6092
211 -33.0511 -71.6091
183 -33.051 -71.6086
600 -33.0509 -71.6085
821 -33.0508 -71.6092
952 -33.0509 -71.6085
204 -33.0508 -71.6085
343 -33.0508 -71.6085
468 -33.0507 -71.6085
126 -33.0508 -71.6085
328 -33.0508 -71.6085
836 -33.0507 -71.6085
863 -33.0507 -71.6085
136 -33.0506 -71.6085
714 -33.0506 -71.6085
951 -33.0505 -71.6085
406 -33.0503 -71.6092
243 -33.0502 -71.6092
845 -33.0502 -71.6092
172 -33.0501 -71.6091
215 -33.0495 -71.6098
8 -33.0496 -71.6094
395 -33.0496 -71.6092
16 -33.0501 -71.6091
757 -33.0505 -71.6086
785 -33.0505 -71.6086
734 -33.0505 -71.6085
653 -33.0504 -71.6088
707 -33.0498 -71.6091
990 -33.0504 -71.6088
771 -33.0502 -71.6085
607 -33.0502 -71.6085
690 -33.0511 -71.6074
471 -33.0507 -71.6073
369 -33.0505 -71.6073
460 -33.0505 -71.6073
56 -33.0505 -71.6073
624 -33.0502 -71.6072
365 -33.0501 -71.6072
957 -33.0506 -71.6066
382 -33.051 -71.6058
673 -33.051 -71.6058
770 -33.0509 -71.6058
293 -33.0508 -71.6051
788 -33.0507 -71.6057
244 -33.0501 -71.6055
99 -33.0506 -71.605
498 -33.05 -71.6084
235 -33.05 -71.6084
68 -33.05 -71.6084
417 -33.0499 -71.6084
125 -33.0499 -71.6084
233 -33.0498 -71.6084
82 -33.0498 -71.6084
738 -33.0498 -71.6084
437 -33.0498 -71.6084
306 -33.0497 -71.6084
71 -33.0497 -71.6084
325 -33.05 -71.6072
564 -33.0495 -71.6053
185 -33.0495 -71.6084
1 -33.0495 -71.6041
358 -33.0495 -71.6053
623 -33.0491 -71.6091
544 -33.0492 -71.6083
562 -33.0491 -71.6083
91 -33.049 -71.6083
28 -33.0479 -71.6098
625 -33.049 -71.6083
658 -33.049 -71.6083
534 -33.049 -71.6083
203 -33.0487 -71.6083
867 -33.0487 -71.6083
791 -33.0484 -71.6082
566 -33.0482 -71.6082
429 -33.048 -71.6082
270 -33.048 -71.6082
161 -33.0479 -71.6082
47 -33.0478 -71.6098
995 -33.0477 -71.6098
39 -33.0475 -71.6098
914 -33.0477 -71.6082
344 -33.0473 -71.6098
824 -33.047 -71.6098
928 -33.0471 -71.6098
663 -33.0472 -71.6098
617 -33.0476 -71.6082
717 -33.0474 -71.6082
59 -33.0469 -71.6081
568 -33.0469 -71.6081
188 -33.0469 -71.6081
380 -33.0469 -71.6081
618 -33.0467 -71.6081
346 -33.0465 -71.6081
287 -33.0494 -71.6071
103 -33.0494 -71.6071
993 -33.0493 -71.607
975 -33.0491 -71.607
232 -33.0489 -71.607
339 -33.0488 -71.6069
839 -33.0488 -71.6068
149 -33.0488 -71.6065
65 -33.0494 -71.6053
122 -33.0494 -71.6053
30 -33.0492 -71.6035
388 -33.0492 -71.6052
628 -33.049 -71.6051
913 -33.049 -71.605
826 -33.0492 -71.6035
492 -33.0488 -71.6046
536 -33.0482 -71.608
21 -33.0485 -71.6066
194 -33.0485 -71.6066
906 -33.048 -71.6078
559 -33.046 -71.6081
162 -33.0458 -71.608
508 -33.048 -71.6077
989 -33.0487 -71.6065
308 -33.0487 -71.6065
895 -33.0487 -71.6065
896 -33.0487 -71.6044
800 -33.0486 -71.6043
533 -33.0455 -71.6049
514 -33.0484 -71.6039
