301 -33.0572 -71.6183
754 -33.0568 -71.6183
698 -33.0568 -71.6183
455 -33.0567 -71.6182
760 -33.0565 -71.6182
809 -33.0565 -71.6182
271 -33.0563 -71.6181
549 -33.058 -71.6176
367 -33.0588 -71.6169
189 -33.0587 -71.6169
475 -33.0606 -71.6162
994 -33.0587 -71.6154
978 -33.0587 -71.6171
907 -33.0562 -71.6161
42 -33.0562 -71.616
542 -33.0562 -71.616
456 -33.0562 -71.6181
361 -33.0562 -71.616
641 -33.0562 -71.616
69 -33.0561 -71.6161
803 -33.0561 -71.6181
488 -33.056 -71.6159
819 -33.056 -71.6159
150 -33.0562 -71.6159
405 -33.0562 -71.6158
105 -33.0561 -71.6158
580 -33.056 -71.6155
146 -33.056 -71.6154
442 -33.056 -71.6154
134 -33.056 -71.6154
816 -33.0559 -71.6154
881 -33.056 -71.6153
483 -33.0589 -71.6153
286 -33.0582 -71.615
818 -33.0582 -71.6149
646 -33.0581 -71.615
57 -33.0579 -71.615
686 -33.0576 -71.6149
413 -33.0576 -71.6149
879 -33.0583 -71.6149
60 -33.0583 -71.6149
467 -33.0573 -71.6149
869 -33.0584 -71.6148
127 -33.0573 -71.6148
963 -33.0572 -71.6148
537 -33.0566 -71.6148
582 -33.0572 -71.6148
251 -33.0566 -71.6148
693 -33.0562 -71.6151
602 -33.0562 -71.6151
107 -33.0563 -71.6151
520 -33.0562 -71.6151
376 -33.0561 -71.6152
269 -33.0561 -71.6152
762 -33.0561 -71.6152
255 -33.0563 -71.615
370 -33.0565 -71.6149
408 -33.0565 -71.6149
955 -33.0565 -71.6149
726 -33.0565 -71.6149
123 -33.0564 -71.615
279 -33.0564 -71.615
446 -33.0559 -71.6158
409 -33.0552 -71.6216
92 -33.055 -71.6209
710 -33.055 -71.6209
987 -33.055 -71.6208
629 -33.0548 -71.6221
25 -33.0549 -71.6207
880 -33.0549 -71.6184
687 -33.0548 -71.6184
838 -33.0558 -71.618
198 -33.0557 -71.6179
290 -33.0557 -71.6179
179 -33.055 -71.618
323 -33.055 -71.6182
495 -33.055 -71.6181
166 -33.055 -71.6181
448 -33.0548 -71.6184
849 -33.0547 -71.6223
598 -33.0548 -71.6204
589 -33.0547 -71.6203
177 -33.0547 -71.6189
786 -33.0546 -71.6202
829 -33.0545 -71.6202
930 -33.0546 -71.6189
266 -33.0546 -71.6189
340 -33.0546 -71.6184
831 -33.0547 -71.6184
431 -33.0547 -71.6184
116 -33.0546 -71.6184
253 -33.0545 -71.6189
262 -33.0545 -71.6184
399 -33.0545 -71.6184
767 -33.0555 -71.6179
844 -33.0555 -71.6173
761 -33.0555 -71.6172
434 -33.0555 -71.6172
973 -33.0555 -71.6173
775 -33.0554 -71.6174
377 -33.0554 -71.6174
713 -33.0554 -71.6174
341 -33.0556 -71.6172
216 -33.0557 -71.6165
587 -33.0557 -71.6165
373 -33.0558 -71.6164
403 -33.0557 -71.6156
355 -33.0556 -71.617
919 -33.0557 -71.6168
423 -33.0557 -71.6156
145 -33.0554 -71.6154
466 -33.0553 -71.6179
210 -33.0554 -71.6176
891 -33.0554 -71.6175
547 -33.0553 -71.6177
730 -33.0552 -71.6158
546 -33.055 -71.6158
254 -33.0548 -71.6157
292 -33.0547 -71.6157
171 -33.055 -71.6152
711 -33.0548 -71.615
611 -33.0548 -71.615
117 -33.0547 -71.6157
992 -33.0545 -71.6157
812 -33.0545 -71.6157
822 -33.0571 -71.6148
774 -33.0588 -71.6148
531 -33.0589 -71.6147
501 -33.0589 -71.6147
464 -33.0585 -71.6147
640 -33.0584 -71.6148
950 -33.0584 -71.6148
608 -33.0584 -71.6148
945 -33.0598 -71.6146
482 -33.0598 -71.6137
976 -33.0598 -71.6136
118 -33.0599 -71.6135
297 -33.0592 -71.6143
561 -33.0592 -71.6144
521 -33.0583 -71.6134
238 -33.0583 -71.613
948 -33.0582 -71.6142
668 -33.0574 -71.6143
154 -33.0574 -71.6142
20 -33.0578 -71.6139
619 -33.0573 -71.6146
18 -33.0573 -71.6148
450 -33.057 -71.6148
765 -33.0573 -71.6147
962 -33.0575 -71.6139
560 -33.0581 -71.6134
842 -33.0581 -71.6134
967 -33.0582 -71.613
237 -33.0581 -71.613
636 -33.0573 -71.6137
124 -33.0581 -71.6136
591 -33.0574 -71.6135
305 -33.058 -71.613
917 -33.0592 -71.6129
19 -33.0594 -71.6129
747 -33.0596 -71.6128
579 -33.0591 -71.6129
523 -33.0587 -71.613
368 -33.059 -71.6129
991 -33.0591 -71.6129
354 -33.0596 -71.6128
414 -33.0598 -71.6128
326 -33.06 -71.6128
790 -33.0601 -71.6128
420 -33.0598 -71.6128
576 -33.0596 -71.6128
43 -33.0596 -71.6128
872 -33.0583 -71.6127
298 -33.0583 -71.6127
209 -33.0576 -71.6129
563 -33.0576 -71.6129
51 -33.0575 -71.6128
642 -33.0575 -71.6128
366 -33.0575 -71.6128
751 -33.0575 -71.6128
307 -33.0575 -71.6128
627 -33.0574 -71.6128
958 -33.0574 -71.6128
52 -33.0573 -71.6128
402 -33.0573 -71.6128
452 -33.0572 -71.6127
733 -33.057 -71.6127
173 -33.057 -71.6127
175 -33.0569 -71.6134
389 -33.0569 -71.6147
407 -33.0569 -71.6147
743 -33.0568 -71.6147
61 -33.0567 -71.6133
476 -33.0567 -71.6148
773 -33.0565 -71.6132
571 -33.0564 -71.6132
12 -33.0568 -71.6126
480 -33.0568 -71.6126
927 -33.0567 -71.6125
35 -33.0566 -71.6125
679 -33.0566 -71.6125
214 -33.0566 -71.6125
351 -33.0566 -71.6125
14 -33.0565 -71.6124
29 -33.0564 -71.6124
274 -33.0564 -71.6131
512 -33.0559 -71.6131
424 -33.0561 -71.6131
7 -33.0558 -71.6131
40 -33.0555 -71.6131
506 -33.0555 -71.6131
797 -33.0557 -71.6131
49 -33.0551 -71.6131
15 -33.0564 -71.6124
160 -33.0552 -71.6124
310 -33.0552 -71.6124
212 -33.0549 -71.613
89 -33.0547 -71.6128
551 -33.0546 -71.6127
649 -33.0551 -71.6124
676 -33.0563 -71.6124
295 -33.0563 -71.6124
303 -33.0562 -71.6124
197 -33.0561 -71.6123
998 -33.0551 -71.6124
272 -33.0554 -71.6124
909 -33.0561 -71.6123
252 -33.0556 -71.6123
674 -33.056 -71.6123
848 -33.0559 -71.6123
916 -33.0558 -71.6123
789 -33.0557 -71.6123
577 -33.0557 -71.6123
23 -33.0557 -71.6123
387 -33.0557 -71.6123
601 -33.055 -71.6124
347 -33.055 -71.6124
603 -33.055 -71.6124
386 -33.0549 -71.6124
224 -33.0549 -71.6124
742 -33.0548 -71.6124
986 -33.0549 -71.6124
645 -33.0548 -71.6124
575 -33.0547 -71.6124
309 -33.0547 -71.6124
22 -33.0546 -71.6124
151 -33.0545 -71.6124
759 -33.0545 -71.6123
734 -33.0545 -71.6122
421 -33.0545 -71.6122
979 -33.0544 -71.6201
883 -33.0541 -71.6199
109 -33.054 -71.6199
217 -33.0538 -71.6197
479 -33.0538 -71.6197
697 -33.0538 -71.6197
961 -33.0537 -71.6196
53 -33.0537 -71.6196
487 -33.0544 -71.6189
260 -33.0542 -71.6189
678 -33.0541 -71.6189
327 -33.0539 -71.6188
500 -33.0539 -71.6189
315 -33.0538 -71.6188
38 -33.0538 -71.6188
703 -33.0537 -71.6188
226 -33.0536 -71.6188
550 -33.0535 -71.6191
142 -33.0535 -71.619
85 -33.0535 -71.619
66 -33.0535 -71.6192
313 -33.0535 -71.6195
940 -33.0535 -71.6193
176 -33.0535 -71.6193
796 -33.0535 -71.6188
890 -33.0536 -71.6188
497 -33.0536 -71.6188
5 -33.0536 -71.6188
647 -33.0535 -71.6188
115 -33.0535 -71.6188
412 -33.0533 -71.6188
597 -33.0534 -71.6187
859 -33.0529 -71.6187
250 -33.0539 -71.6184
632 -33.054 -71.6184
614 -33.054 -71.6184
17 -33.0538 -71.6184
852 -33.0536 -71.6185
163 -33.0536 -71.6185
393 -33.0538 -71.6184
727 -33.054 -71.6184
908 -33.0543 -71.6169
892 -33.0544 -71.6157
721 -33.0543 -71.6157
545 -33.0542 -71.6157
946 -33.0541 -71.6168
864 -33.0542 -71.6157
787 -33.0541 -71.6156
128 -33.0536 -71.6185
999 -33.0528 -71.6187
144 -33.0535 -71.6186
111 -33.0535 -71.6185
364 -33.0525 -71.6186
904 -33.0525 -71.6186
130 -33.0521 -71.6185
165 -33.0521 -71.6185
504 -33.0535 -71.6185
830 -33.0535 -71.6185
75 -33.0525 -71.6157
783 -33.0529 -71.6157
496 -33.0525 -71.6157
106 -33.052 -71.6156
304 -33.0523 -71.6156
574 -33.052 -71.6156
983 -33.0518 -71.6184
10 -33.0517 -71.6184
949 -33.0517 -71.6184
708 -33.0506 -71.618
101 -33.0494 -71.6193
511 -33.0504 -71.6179
427 -33.0496 -71.6177
509 -33.0494 -71.6177
935 -33.0489 -71.617
493 -33.0489 -71.6169
764 -33.049 -71.6168
485 -33.0489 -71.617
360 -33.0488 -71.6173
34 -33.0489 -71.6172
80 -33.0489 -71.617
718 -33.0488 -71.6174
802 -33.0486 -71.618
277 -33.0486 -71.618
322 -33.0486 -71.618
139 -33.0486 -71.6181
205 -33.0485 -71.6181
820 -33.0486 -71.6181
938 -33.0486 -71.6181
735 -33.0486 -71.6179
516 -33.0487 -71.6177
633 -33.0487 -71.6176
447 -33.0488 -71.6175
222 -33.0487 -71.6177
696 -33.0486 -71.6179
988 -33.0487 -71.6178
220 -33.0477 -71.6167
113 -33.0504 -71.6158
639 -33.0503 -71.6158
333 -33.0504 -71.6158
605 -33.0502 -71.6158
610 -33.0495 -71.6163
635 -33.0496 -71.6161
155 -33.0502 -71.6158
170 -33.0505 -71.6157
850 -33.0519 -71.6156
688 -33.0519 -71.6156
884 -33.0518 -71.6156
572 -33.0518 -71.6156
763 -33.05 -71.6157
794 -33.05 -71.6157
157 -33.0499 -71.6157
530 -33.0492 -71.6159
484 -33.049 -71.6165
732 -33.049 -71.6165
644 -33.0491 -71.6165
911 -33.049 -71.6167
583 -33.049 -71.6167
784 -33.0478 -71.6167
982 -33.0478 -71.6165
9 -33.0491 -71.6165
755 -33.0491 -71.6162
722 -33.0492 -71.6159
152 -33.0492 -71.6159
55 -33.0491 -71.6162
939 -33.0491 -71.6164
88 -33.048 -71.6159
195 -33.0523 -71.6156
565 -33.0536 -71.6156
860 -33.0536 -71.6156
320 -33.0535 -71.6155
795 -33.0533 -71.6155
756 -33.053 -71.6156
430 -33.053 -71.6155
93 -33.0531 -71.6155
148 -33.053 -71.6155
228 -33.0544 -71.6125
600 -33.0543 -71.6124
885 -33.0542 -71.6124
585 -33.0538 -71.6144
835 -33.0537 -71.6143
739 -33.0535 -71.6142
100 -33.0534 -71.6141
385 -33.053 -71.6156
13 -33.0517 -71.6156
191 -33.0516 -71.6156
273 -33.0515 -71.6156
652 -33.0515 -71.6156
174 -33.0515 -71.6156
692 -33.0513 -71.6156
900 -33.0512 -71.6156
749 -33.0529 -71.6139
659 -33.0527 -71.6137
24 -33.0524 -71.6135
964 -33.0523 -71.6135
494 -33.052 -71.6132
345 -33.0511 -71.6125
133 -33.0511 -71.6125
683 -33.0511 -71.6124
905 -33.0544 -71.6123
102 -33.0544 -71.6123
108 -33.0543 -71.6123
208 -33.0542 -71.6123
204 -33.0542 -71.6123
211 -33.0541 -71.6123
200 -33.0541 -71.6123
343 -33.0541 -71.6123
202 -33.0541 -71.6123
863 -33.0542 -71.6122
324 -33.0543 -71.6122
593 -33.0543 -71.6122
615 -33.054 -71.6122
334 -33.0539 -71.6122
70 -33.0539 -71.6122
837 -33.0537 -71.6122
801 -33.0537 -71.6122
87 -33.0536 -71.6122
661 -33.0535 -71.6122
725 -33.0535 -71.6122
877 -33.0534 -71.6122
74 -33.0511 -71.6122
27 -33.0511 -71.6122
265 -33.0534 -71.6122
655 -33.0532 -71.6121
599 -33.0532 -71.6121
201 -33.0528 -71.6121
942 -33.0527 -71.6121
392 -33.0527 -71.6121
278 -33.0511 -71.6121
902 -33.0526 -71.6121
401 -33.0511 -71.6127
712 -33.0511 -71.6156
529 -33.051 -71.6156
263 -33.0508 -71.6156
453 -33.0508 -71.6156
889 -33.0505 -71.6156
573 -33.0505 -71.6155
239 -33.0507 -71.6155
416 -33.0505 -71.6155
318 -33.0496 -71.6137
213 -33.0496 -71.6136
897 -33.0496 -71.6136
206 -33.0495 -71.614
901 -33.0494 -71.6146
283 -33.0494 -71.6144
440 -33.0495 -71.6142
799 -33.0494 -71.6147
716 -33.0493 -71.615
694 -33.0493 -71.6149
383 -33.0493 -71.6149
968 -33.0484 -71.6144
643 -33.0481 -71.6154
827 -33.0482 -71.6152
724 -33.0483 -71.6149
793 -33.0484 -71.6142
933 -33.0486 -71.6135
81 -33.0486 -71.6133
348 -33.0486 -71.6133
48 -33.0486 -71.6135
972 -33.0484 -71.6142
553 -33.0486 -71.6136
868 -33.0496 -71.6132
758 -33.051 -71.6131
337 -33.0509 -71.6131
353 -33.0508 -71.6131
44 -33.0508 -71.6131
780 -33.0506 -71.6131
54 -33.0505 -71.613
77 -33.0505 -71.613
31 -33.0504 -71.613
851 -33.0502 -71.613
374 -33.0498 -71.6122
462 -33.0498 -71.6122
302 -33.0498 -71.6123
854 -33.0497 -71.6129
612 -33.0498 -71.6126
432 -33.0498 -71.6123
586 -33.0497 -71.6129
36 -33.0497 -71.6132
631 -33.0497 -71.613
834 -33.0497 -71.613
394 -33.0497 -71.6132
604 -33.0487 -71.6132
660 -33.0497 -71.6132
855 -33.0495 -71.6129
314 -33.0494 -71.6129
862 -33.0491 -71.6129
50 -33.0489 -71.6123
435 -33.0489 -71.6123
941 -33.0488 -71.6125
853 -33.0488 -71.6127
140 -33.0488 -71.6127
84 -33.0489 -71.6121
259 -33.0582 -71.6105
72 -33.0582 -71.6105
970 -33.0601 -71.6104
748 -33.0581 -71.6109
463 -33.058 -71.6104
384 -33.0577 -71.6102
886 -33.0576 -71.6102
454 -33.0582 -71.609
132 -33.0589 -71.6088
657 -33.0583 -71.6085
474 -33.0602 -71.6082
362 -33.0583 -71.609
535 -33.0575 -71.6088
438 -33.0578 -71.6082
858 -33.0578 -71.6082
606 -33.0575 -71.6101
876 -33.0574 -71.6101
866 -33.0572 -71.61
569 -33.0571 -71.6099
26 -33.0568 -71.6099
97 -33.0552 -71.6104
187 -33.056 -71.6103
190 -33.0563 -71.6101
558 -33.0568 -71.6097
510 -33.0566 -71.6096
540 -33.0559 -71.6091
874 -33.0567 -71.6087
706 -33.0559 -71.6083
2 -33.0556 -71.6094
624 -33.0551 -71.6082
669 -33.0551 -71.6082
888 -33.0578 -71.6082
677 -33.0601 -71.6082
225 -33.0579 -71.6082
740 -33.0578 -71.6082
46 -33.0577 -71.6081
282 -33.0577 -71.6081
422 -33.0576 -71.6081
833 -33.0576 -71.6081
138 -33.0576 -71.6081
912 -33.0582 -71.6081
285 -33.0582 -71.6081
473 -33.0582 -71.608
705 -33.0581 -71.6081
555 -33.0576 -71.6081
944 -33.0575 -71.6081
168 -33.0578 -71.6081
478 -33.0575 -71.6081
592 -33.0575 -71.6081
182 -33.0552 -71.6081
810 -33.0574 -71.6081
404 -33.0552 -71.6081
365 -33.0551 -71.6082
832 -33.0552 -71.6081
856 -33.0552 -71.6081
815 -33.0552 -71.6081
918 -33.0574 -71.6081
219 -33.0573 -71.6081
662 -33.0573 -71.6081
980 -33.0573 -71.6081
772 -33.0573 -71.6081
878 -33.0573 -71.608
349 -33.0551 -71.6082
681 -33.0548 -71.6104
997 -33.0545 -71.6085
675 -33.0545 -71.6085
811 -33.0545 -71.6085
607 -33.0544 -71.612
268 -33.0544 -71.6105
745 -33.0545 -71.6105
556 -33.0545 -71.6085
120 -33.0544 -71.6085
375 -33.0544 -71.6085
782 -33.0544 -71.6085
390 -33.0544 -71.6085
287 -33.0544 -71.6085
544 -33.0544 -71.6085
395 -33.0544 -71.6085
227 -33.0544 -71.612
771 -33.0543 -71.612
498 -33.0543 -71.6119
235 -33.0543 -71.6118
68 -33.0542 -71.6118
437 -33.0541 -71.6116
738 -33.0541 -71.6116
233 -33.0541 -71.6116
82 -33.0541 -71.6116
415 -33.0543 -71.6105
103 -33.0543 -71.6085
993 -33.0543 -71.6085
861 -33.0541 -71.6105
306 -33.0541 -71.6115
185 -33.054 -71.6113
276 -33.0543 -71.6085
505 -33.0549 -71.6083
71 -33.0549 -71.6083
845 -33.0549 -71.6083
325 -33.0548 -71.6084
172 -33.0548 -71.6084
736 -33.0548 -71.6084
16 -33.0548 -71.6084
882 -33.0549 -71.6083
284 -33.055 -71.6083
673 -33.055 -71.6082
417 -33.055 -71.6082
125 -33.055 -71.6083
243 -33.0549 -71.6083
192 -33.0549 -71.6083
770 -33.055 -71.6083
199 -33.0548 -71.6084
230 -33.0543 -71.6085
670 -33.0542 -71.6085
8 -33.0542 -71.6085
244 -33.0542 -71.6085
737 -33.0541 -71.6085
975 -33.054 -71.6085
371 -33.054 -71.6085
242 -33.054 -71.6085
229 -33.0547 -71.6084
321 -33.0548 -71.6084
294 -33.0548 -71.6084
319 -33.0547 -71.6084
357 -33.0546 -71.6085
788 -33.0547 -71.6084
236 -33.0553 -71.608
63 -33.0597 -71.6079
419 -33.0597 -71.6078
808 -33.0603 -71.6077
528 -33.059 -71.6079
79 -33.0588 -71.6078
499 -33.0588 -71.6078
332 -33.0589 -71.6078
977 -33.059 -71.6077
159 -33.0597 -71.6076
925 -33.0597 -71.6076
300 -33.0606 -71.6076
903 -33.0593 -71.6076
581 -33.0591 -71.6077
672 -33.0592 -71.6076
280 -33.0591 -71.6075
934 -33.0587 -71.6078
723 -33.0573 -71.608
489 -33.0572 -71.608
700 -33.0583 -71.608
715 -33.0571 -71.608
458 -33.057 -71.608
753 -33.057 -71.608
470 -33.057 -71.608
664 -33.057 -71.608
400 -33.0585 -71.6079
11 -33.0586 -71.6079
469 -33.0587 -71.6079
461 -33.0585 -71.608
378 -33.057 -71.608
929 -33.0584 -71.608
335 -33.0584 -71.608
613 -33.0577 -71.6073
281 -33.0597 -71.607
112 -33.0595 -71.6064
491 -33.0598 -71.6063
311 -33.0589 -71.6065
296 -33.0584 -71.6066
129 -33.0585 -71.6066
527 -33.0584 -71.6066
525 -33.059 -71.6063
331 -33.0599 -71.6063
291 -33.0601 -71.606
441 -33.0607 -71.6046
147 -33.0597 -71.6045
870 -33.0596 -71.6045
924 -33.0585 -71.6042
90 -33.0589 -71.6041
513 -33.0584 -71.6065
922 -33.0576 -71.6068
83 -33.0578 -71.6068
873 -33.0579 -71.6068
857 -33.0575 -71.6069
954 -33.057 -71.607
769 -33.0571 -71.607
472 -33.0573 -71.6067
411 -33.0582 -71.6067
223 -33.0581 -71.6064
221 -33.0582 -71.6048
196 -33.0578 -71.6045
477 -33.0576 -71.6064
768 -33.0576 -71.6049
78 -33.0574 -71.6048
156 -33.0569 -71.608
73 -33.0569 -71.608
62 -33.0568 -71.608
350 -33.0568 -71.608
557 -33.0566 -71.608
110 -33.0565 -71.608
381 -33.0565 -71.608
532 -33.0565 -71.608
94 -33.0565 -71.608
746 -33.0564 -71.608
626 -33.0561 -71.6079
923 -33.056 -71.6079
183 -33.056 -71.6079
952 -33.0559 -71.6079
137 -33.0559 -71.6079
690 -33.0559 -71.6079
846 -33.0558 -71.6079
369 -33.0554 -71.608
704 -33.0554 -71.608
460 -33.0554 -71.6079
56 -33.0554 -71.608
990 -33.0553 -71.608
741 -33.0553 -71.608
653 -33.0553 -71.608
752 -33.0554 -71.6079
398 -33.0555 -71.6079
502 -33.0555 -71.6079
757 -33.0555 -71.6079
671 -33.0555 -71.6079
966 -33.0555 -71.6079
785 -33.0555 -71.6079
328 -33.0558 -71.6079
840 -33.056 -71.6076
32 -33.056 -71.6075
503 -33.0567 -71.6074
158 -33.0559 -71.6076
468 -33.0558 -71.6079
126 -33.0558 -71.6078
316 -33.0558 -71.6076
261 -33.0566 -71.6073
843 -33.0567 -71.6072
984 -33.0568 -71.6071
825 -33.0569 -71.6071
622 -33.0566 -71.6072
620 -33.0565 -71.6045
169 -33.0565 -71.6045
937 -33.0561 -71.6043
836 -33.0557 -71.6078
167 -33.0557 -71.6078
714 -33.0556 -71.6078
136 -33.0556 -71.6078
951 -33.0555 -71.6078
981 -33.0555 -71.6079
471 -33.0555 -71.6079
406 -33.054 -71.6059
595 -33.0554 -71.6048
256 -33.0555 -71.6047
99 -33.0555 -71.6044
293 -33.0557 -71.6043
98 -33.0555 -71.6047
1 -33.0543 -71.6046
957 -33.0546 -71.6046
707 -33.0539 -71.6113
181 -33.0536 -71.6111
562 -33.0536 -71.6111
625 -33.0536 -71.6111
91 -33.0536 -71.6111
744 -33.053 -71.6116
372 -33.0534 -71.6114
658 -33.0536 -71.6111
534 -33.0535 -71.611
391 -33.0537 -71.6109
356 -33.0537 -71.6109
433 -33.0537 -71.6108
203 -33.0533 -71.6109
623 -33.0532 -71.6109
867 -33.0532 -71.6109
382 -33.0531 -71.6109
517 -33.053 -71.6116
275 -33.0524 -71.612
449 -33.0523 -71.612
996 -33.0522 -71.612
805 -33.052 -71.612
186 -33.0519 -71.612
588 -33.0518 -71.612
638 -33.0517 -71.612
666 -33.0516 -71.612
621 -33.0522 -71.6117
915 -33.0525 -71.6117
336 -33.0527 -71.6116
180 -33.052 -71.6118
33 -33.0512 -71.6119
920 -33.0515 -71.6119
894 -33.0517 -71.6118
791 -33.0529 -71.6107
141 -33.0536 -71.6105
821 -33.0539 -71.6105
143 -33.0539 -71.6105
931 -33.0536 -71.6107
943 -33.0536 -71.6106
566 -33.0528 -71.6106
936 -33.0535 -71.6105
536 -33.0528 -71.6105
429 -33.0527 -71.6105
161 -33.0527 -71.6104
270 -33.0527 -71.6104
906 -33.0526 -71.6102
508 -33.0526 -71.6102
914 -33.0525 -71.6101
617 -33.0525 -71.6101
995 -33.0524 -71.61
164 -33.0512 -71.6099
539 -33.0512 -71.6099
717 -33.0523 -71.6098
439 -33.0512 -71.6099
317 -33.0511 -71.61
932 -33.0511 -71.61
526 -33.0512 -71.6099
817 -33.0513 -71.6098
974 -33.0516 -71.6095
524 -33.0516 -71.6095
338 -33.0516 -71.6095
379 -33.0514 -71.6097
766 -33.0513 -71.6098
750 -33.0513 -71.6098
465 -33.0511 -71.61
119 -33.05 -71.6112
231 -33.05 -71.6112
807 -33.05 -71.6112
634 -33.05 -71.6113
234 -33.05 -71.6114
823 -33.05 -71.6113
418 -33.05 -71.6113
457 -33.05 -71.6111
425 -33.0501 -71.6108
153 -33.0501 -71.6108
363 -33.0501 -71.6107
178 -33.0501 -71.6108
956 -33.05 -71.6111
481 -33.0501 -71.6109
828 -33.0501 -71.6109
680 -33.05 -71.6114
637 -33.0499 -71.6118
218 -33.049 -71.6118
0 -33.0499 -71.6116
519 -33.049 -71.6118
541 -33.049 -71.612
778 -33.049 -71.612
436 -33.049 -71.6119
960 -33.0491 -71.6116
701 -33.05 -71.6114
590 -33.0499 -71.6113
728 -33.0496 -71.6112
538 -33.0495 -71.6112
515 -33.0492 -71.6113
648 -33.0495 -71.6112
240 -33.0501 -71.6107
651 -33.0509 -71.6102
58 -33.0509 -71.6102
656 -33.0508 -71.6102
342 -33.0507 -71.6102
719 -33.0507 -71.6102
779 -33.0506 -71.6102
312 -33.0506 -71.6102
96 -33.0505 -71.6102
329 -33.0506 -71.6102
428 -33.051 -71.6101
258 -33.051 -71.6101
241 -33.0506 -71.6102
596 -33.0505 -71.6102
947 -33.0505 -71.6102
804 -33.0503 -71.6101
685 -33.0503 -71.6102
207 -33.0502 -71.6104
76 -33.0502 -71.6104
444 -33.0502 -71.6104
847 -33.0501 -71.6105
64 -33.0501 -71.6106
654 -33.0501 -71.6106
248 -33.0494 -71.6103
665 -33.0502 -71.6103
548 -33.0502 -71.6103
86 -33.0503 -71.6101
518 -33.0503 -71.6101
709 -33.0502 -71.6103
522 -33.0502 -71.6103
971 -33.0494 -71.6103
899 -33.0496 -71.6094
910 -33.0537 -71.6085
232 -33.0539 -71.6085
339 -33.0539 -71.6085
839 -33.0537 -71.6085
578 -33.0535 -71.6087
564 -33.0536 -71.6085
731 -33.0535 -71.6085
65 -33.0535 -71.6085
257 -33.0539 -71.6085
215 -33.0538 -71.6085
813 -33.0538 -71.6085
358 -33.0535 -71.6085
122 -33.0534 -71.6085
397 -33.0534 -71.6085
267 -33.0534 -71.6085
895 -33.0534 -71.6085
245 -33.0533 -71.6085
193 -33.0533 -71.6085
989 -33.0533 -71.6084
308 -33.0533 -71.6084
299 -33.0532 -71.609
720 -33.0533 -71.6084
806 -33.0533 -71.6084
691 -33.0533 -71.6084
247 -33.0532 -71.6084
388 -33.0532 -71.6084
887 -33.0532 -71.6084
21 -33.0531 -71.6084
194 -33.0531 -71.6084
554 -33.0531 -71.6084
682 -33.053 -71.6084
67 -33.053 -71.6083
628 -33.053 -71.6083
875 -33.053 -71.6083
410 -33.053 -71.6083
264 -33.053 -71.6083
359 -33.0529 -71.6083
871 -33.0529 -71.6083
913 -33.0529 -71.6083
667 -33.0528 -71.6083
921 -33.0528 -71.6083
30 -33.0536 -71.6047
826 -33.0535 -71.6047
149 -33.0528 -71.6047
184 -33.0528 -71.6083
6 -33.0528 -71.6083
289 -33.0527 -71.6082
567 -33.0527 -71.6082
616 -33.0526 -71.6082
492 -33.0525 -71.6082
552 -33.0525 -71.6082
41 -33.0525 -71.6082
893 -33.0525 -71.6081
959 -33.0524 -71.6081
965 -33.0524 -71.6081
896 -33.0524 -71.6081
650 -33.0524 -71.6081
445 -33.0523 -71.6081
776 -33.0526 -71.6068
689 -33.0523 -71.6081
104 -33.0523 -71.6081
800 -33.0523 -71.6081
609 -33.0522 -71.6081
188 -33.0521 -71.6094
59 -33.0521 -71.6094
926 -33.0521 -71.6088
568 -33.052 -71.6094
380 -33.052 -71.6093
543 -33.052 -71.6088
396 -33.052 -71.6088
114 -33.0521 -71.6088
443 -33.0521 -71.6086
45 -33.0521 -71.6086
777 -33.0521 -71.6086
630 -33.0521 -71.6086
584 -33.0521 -71.6087
699 -33.0521 -71.6087
426 -33.0521 -71.6086
352 -33.052 -71.6089
618 -33.052 -71.6092
451 -33.052 -71.6091
95 -33.052 -71.6091
841 -33.0518 -71.6093
898 -33.0517 -71.6094
246 -33.0518 -71.6093
969 -33.0518 -71.6093
330 -33.052 -71.609
346 -33.0517 -71.609
684 -33.052 -71.609
131 -33.052 -71.6089
559 -33.0514 -71.6087
985 -33.0504 -71.6088
695 -33.0505 -71.6087
865 -33.051 -71.6086
37 -33.0522 -71.6084
135 -33.0522 -71.6084
490 -33.0522 -71.6082
953 -33.0522 -71.6084
570 -33.0521 -71.6085
594 -33.0521 -71.6085
663 -33.0515 -71.6083
344 -33.0517 -71.6082
781 -33.0522 -71.6078
121 -33.0522 -71.6076
514 -33.0522 -71.6075
28 -33.0521 -71.6081
507 -33.0517 -71.6081
47 -33.0521 -71.6081
39 -33.0519 -71.608
928 -33.0515 -71.6083
162 -33.0511 -71.6085
702 -33.0512 -71.6085
486 -33.0512 -71.6084
249 -33.0511 -71.6085
4 -33.0508 -71.6085
288 -33.051 -71.6085
798 -33.0511 -71.6085
814 -33.0513 -71.6084
729 -33.0514 -71.6084
459 -33.0514 -71.6083
824 -33.0514 -71.6083
792 -33.0513 -71.6084
3 -33.0513 -71.6084
533 -33.0502 -71.6047
