796 -33.0534 -71.6246
226 -33.0535 -71.6245
38 -33.0536 -71.6245
5 -33.0534 -71.6246
497 -33.0533 -71.6246
115 -33.0534 -71.6246
647 -33.0534 -71.6246
315 -33.0537 -71.6245
253 -33.0543 -71.6243
266 -33.0543 -71.6242
930 -33.0543 -71.6242
487 -33.0542 -71.6243
327 -33.0538 -71.6245
678 -33.0539 -71.6244
260 -33.0541 -71.6242
85 -33.0532 -71.6246
176 -33.053 -71.6246
550 -33.0531 -71.6246
66 -33.0531 -71.6246
940 -33.0529 -71.6246
598 -33.0518 -71.6251
786 -33.0519 -71.6248
829 -33.0519 -71.6247
142 -33.0532 -71.6246
961 -33.0527 -71.6246
697 -33.0525 -71.6245
479 -33.0525 -71.6245
217 -33.0524 -71.6245
109 -33.0523 -71.6244
883 -33.0521 -71.6244
979 -33.0518 -71.6243
500 -33.0538 -71.6241
177 -33.0543 -71.624
210 -33.0546 -71.6225
377 -33.0546 -71.6225
880 -33.0543 -71.6236
703 -33.0536 -71.624
890 -33.0535 -71.624
179 -33.0542 -71.6226
413 -33.0534 -71.6188
765 -33.0533 -71.6188
668 -33.0536 -71.6184
57 -33.0536 -71.6184
189 -33.0532 -71.6188
963 -33.0531 -71.6188
367 -33.0531 -71.6188
582 -33.053 -71.6187
978 -33.0529 -71.6187
313 -33.0529 -71.6237
53 -33.0527 -71.6237
547 -33.0522 -71.62
713 -33.052 -71.6197
775 -33.052 -71.6197
973 -33.0519 -71.6196
838 -33.0519 -71.6196
761 -33.0518 -71.6195
407 -33.0527 -71.6187
537 -33.0526 -71.6187
408 -33.0524 -71.6186
370 -33.0524 -71.6186
255 -33.0522 -71.6185
549 -33.052 -71.6185
341 -33.0517 -71.6194
987 -33.0515 -71.6252
92 -33.0515 -71.6252
589 -33.0515 -71.6243
25 -33.0512 -71.6243
409 -33.0509 -71.6251
101 -33.0509 -71.6251
710 -33.0509 -71.6243
633 -33.0508 -71.6237
493 -33.0512 -71.6231
116 -33.0514 -71.6203
399 -33.0514 -71.6203
935 -33.0512 -71.6232
447 -33.0509 -71.6235
34 -33.051 -71.6233
732 -33.051 -71.6229
901 -33.0506 -71.6213
694 -33.0505 -71.6216
799 -33.0506 -71.6214
283 -33.0506 -71.6211
716 -33.0505 -71.6218
849 -33.0501 -71.6252
629 -33.0503 -71.6252
999 -33.0493 -71.6213
859 -33.0493 -71.6211
440 -33.0505 -71.6211
412 -33.0494 -71.6208
597 -33.0493 -71.6205
852 -33.0493 -71.6202
144 -33.0493 -71.6203
111 -33.0493 -71.6203
163 -33.0493 -71.6202
17 -33.0496 -71.62
355 -33.0516 -71.6193
456 -33.0516 -71.6192
919 -33.0515 -71.6191
216 -33.0513 -71.6189
250 -33.0496 -71.62
632 -33.0496 -71.6199
587 -33.0512 -71.6189
891 -33.05 -71.6188
373 -33.0511 -71.6188
361 -33.0512 -71.6185
42 -33.0512 -71.6185
69 -33.0511 -71.6186
198 -33.05 -71.6186
434 -33.05 -71.6185
844 -33.05 -71.6185
432 -33.0496 -71.6197
302 -33.0495 -71.6197
77 -33.0495 -71.6196
340 -33.0494 -71.6192
448 -33.0494 -71.6191
637 -33.0494 -71.6193
262 -33.0494 -71.6193
831 -33.0494 -71.6191
687 -33.0494 -71.6191
680 -33.0494 -71.6189
166 -33.0495 -71.6188
323 -33.0494 -71.6188
956 -33.0494 -71.6186
234 -33.0494 -71.6189
401 -33.0493 -71.6185
542 -33.0512 -71.6184
560 -33.0548 -71.6184
118 -33.0548 -71.6157
872 -33.0547 -71.6157
774 -33.0547 -71.6184
646 -33.0538 -71.6184
869 -33.0541 -71.6184
475 -33.0545 -71.6171
945 -33.0547 -71.6157
976 -33.0547 -71.6157
482 -33.0546 -71.6157
991 -33.0545 -71.6157
297 -33.0539 -71.6156
20 -33.0529 -71.6157
608 -33.0529 -71.6156
561 -33.0538 -71.6156
60 -33.0529 -71.6158
376 -33.0518 -71.6184
286 -33.0528 -71.6159
818 -33.0528 -71.6159
881 -33.0518 -71.6184
816 -33.0517 -71.6184
301 -33.0512 -71.6184
134 -33.0516 -71.6184
879 -33.0529 -71.6158
18 -33.0521 -71.6156
822 -33.0519 -71.6156
450 -33.0518 -71.6156
389 -33.0515 -71.6156
743 -33.0515 -71.6156
476 -33.0514 -71.6156
251 -33.0513 -71.6156
726 -33.0511 -71.6156
842 -33.0535 -71.6155
483 -33.0535 -71.6155
531 -33.0534 -71.6155
501 -33.0533 -71.6155
950 -33.053 -71.6156
640 -33.053 -71.6155
464 -33.053 -71.6155
124 -33.0532 -71.6155
948 -33.0547 -71.615
994 -33.0537 -71.6144
686 -33.0525 -71.6136
127 -33.0522 -71.6134
356 -33.0518 -71.6148
268 -33.0518 -71.6136
792 -33.0518 -71.6132
299 -33.0518 -71.6132
955 -33.0511 -71.6156
931 -33.0517 -71.6146
943 -33.0516 -71.6146
279 -33.051 -71.6156
123 -33.051 -71.6156
602 -33.0509 -71.6156
107 -33.0508 -71.6156
936 -33.0516 -71.6145
578 -33.0514 -71.6131
507 -33.0513 -71.6131
910 -33.0511 -71.6131
480 -33.051 -71.6131
762 -33.0509 -71.6131
14 -33.0508 -71.6131
693 -33.0508 -71.6155
698 -33.0508 -71.6181
754 -33.0507 -71.6181
455 -33.0507 -71.618
760 -33.0506 -71.6184
809 -33.0504 -71.6179
803 -33.0501 -71.6178
730 -33.0494 -71.6164
150 -33.0501 -71.6157
271 -33.0505 -71.6157
580 -33.0505 -71.6157
146 -33.0505 -71.6157
641 -33.0501 -71.6157
290 -33.0498 -71.6157
819 -33.0498 -71.6157
488 -33.0498 -71.6157
767 -33.0494 -71.6177
425 -33.0492 -71.6183
466 -33.0493 -71.6176
292 -33.049 -71.6166
254 -33.049 -71.6166
74 -33.049 -71.6181
539 -33.049 -71.6167
164 -33.049 -71.6167
546 -33.0492 -71.6165
524 -33.0491 -71.6162
246 -33.0492 -71.6159
841 -33.0492 -71.6157
750 -33.0491 -71.6165
379 -33.0491 -71.6165
117 -33.049 -71.6165
442 -33.0505 -71.6157
520 -33.0508 -71.6155
269 -33.0507 -71.6155
871 -33.0495 -71.6138
184 -33.0495 -71.6138
41 -33.0495 -71.6142
433 -33.0495 -71.6141
6 -33.0495 -71.614
921 -33.0495 -71.6138
351 -33.0507 -71.6131
97 -33.0506 -71.6131
295 -33.0505 -71.613
887 -33.0496 -71.6133
141 -33.0496 -71.6137
682 -33.0496 -71.6136
554 -33.0496 -71.6134
959 -33.0495 -71.6142
543 -33.0493 -71.6152
699 -33.0493 -71.6151
443 -33.0493 -71.615
396 -33.0493 -71.6152
95 -33.0492 -71.6155
684 -33.0493 -71.6154
352 -33.0493 -71.6153
426 -33.0493 -71.615
689 -33.0494 -71.6145
893 -33.0495 -71.6142
391 -33.0495 -71.6142
609 -33.0494 -71.6145
570 -33.0493 -71.6149
953 -33.0494 -71.6148
992 -33.049 -71.6168
206 -33.0481 -71.6211
213 -33.0484 -71.6208
660 -33.0474 -71.6206
692 -33.0474 -71.6207
36 -33.0474 -71.6208
394 -33.0474 -71.6207
868 -33.0474 -71.6207
631 -33.0475 -71.6206
586 -33.0475 -71.6203
191 -33.0475 -71.6203
273 -33.0475 -71.6203
174 -33.0475 -71.6203
854 -33.0475 -71.6205
834 -33.0475 -71.6205
904 -33.0475 -71.6203
900 -33.0474 -71.6208
708 -33.0473 -71.6228
383 -33.0474 -71.6223
605 -33.0474 -71.622
511 -33.0471 -71.6228
722 -33.0469 -71.6228
530 -33.047 -71.6228
152 -33.047 -71.6228
889 -33.0472 -71.6216
130 -33.0473 -71.621
897 -33.0473 -71.621
529 -33.0474 -71.6209
263 -33.0473 -71.621
983 -33.0472 -71.6213
453 -33.0473 -71.6212
318 -33.0473 -71.6211
13 -33.0476 -71.6202
688 -33.0477 -71.6198
106 -33.0477 -71.6198
462 -33.0477 -71.6198
574 -33.0477 -71.6198
612 -33.0477 -71.62
884 -33.0477 -71.6199
850 -33.0477 -71.6199
374 -33.0478 -71.6197
496 -33.0481 -71.6192
830 -33.0481 -71.6192
337 -33.0481 -71.6191
504 -33.0481 -71.6193
780 -33.0479 -71.6195
195 -33.0479 -71.6194
0 -33.048 -71.6193
572 -33.0476 -71.6202
712 -33.047 -71.6201
165 -33.0469 -71.6201
239 -33.0468 -71.6201
855 -33.0468 -71.6197
50 -33.0467 -71.6199
84 -33.0468 -71.6197
314 -33.0468 -71.6197
364 -33.0472 -71.6196
519 -33.0469 -71.6194
218 -33.0469 -71.6193
960 -33.0469 -71.6192
541 -33.0468 -71.6195
778 -33.0468 -71.6196
436 -33.0468 -71.6196
435 -33.0467 -71.62
80 -33.046 -71.6232
485 -33.046 -71.6231
764 -33.0461 -71.623
718 -33.0458 -71.6235
516 -33.0457 -71.6238
222 -33.0458 -71.6237
360 -33.0458 -71.6235
509 -33.0461 -71.623
9 -33.0465 -71.6229
755 -33.0466 -71.6229
55 -33.0467 -71.6229
939 -33.0464 -71.6229
583 -33.0462 -71.623
911 -33.0463 -71.6229
484 -33.0463 -71.6229
139 -33.0457 -71.6241
820 -33.0457 -71.6241
205 -33.0457 -71.6241
938 -33.0457 -71.6241
735 -33.0456 -71.6239
277 -33.0456 -71.624
802 -33.0456 -71.624
322 -33.0456 -71.624
696 -33.0457 -71.6239
982 -33.0449 -71.6235
88 -33.0452 -71.6231
643 -33.0453 -71.6227
988 -33.0449 -71.6236
784 -33.0447 -71.6238
220 -33.0447 -71.6238
827 -33.0455 -71.6225
113 -33.0465 -71.6206
170 -33.0466 -71.6205
333 -33.0465 -71.6203
639 -33.0465 -71.6208
933 -33.0464 -71.621
81 -33.0464 -71.6209
348 -33.0464 -71.6209
140 -33.0466 -71.6203
10 -33.0467 -71.6201
941 -33.0467 -71.62
862 -33.0467 -71.62
949 -33.0467 -71.6201
573 -33.0466 -71.6202
416 -33.0466 -71.6202
853 -33.0466 -71.6202
794 -33.0464 -71.6211
610 -33.0459 -71.6219
793 -33.0461 -71.6217
972 -33.0461 -71.6217
968 -33.0459 -71.6219
427 -33.0455 -71.6225
644 -33.0456 -71.6223
724 -33.0458 -71.6221
635 -33.0461 -71.6216
553 -33.0463 -71.6212
157 -33.0463 -71.6212
48 -33.0464 -71.6211
155 -33.0463 -71.6203
604 -33.0462 -71.6203
763 -33.046 -71.6202
652 -33.047 -71.6191
207 -33.0486 -71.618
665 -33.0486 -71.618
431 -33.0486 -71.618
522 -33.0486 -71.6181
278 -33.0486 -71.6181
548 -33.0486 -71.6181
709 -33.0486 -71.6181
76 -33.0489 -71.618
804 -33.0488 -71.6178
495 -33.0488 -71.6176
656 -33.0488 -71.6172
329 -33.0488 -71.6174
518 -33.0487 -71.6178
565 -33.0487 -71.6178
86 -33.0488 -71.6178
27 -33.0485 -71.6182
481 -33.0484 -71.6187
828 -33.0484 -71.6187
783 -33.0484 -71.6186
727 -33.0483 -71.6187
701 -33.0482 -71.6191
457 -33.0483 -71.6188
614 -33.0483 -71.6188
430 -33.0484 -71.6185
64 -33.0485 -71.6184
93 -33.0485 -71.6183
654 -33.0485 -71.6182
240 -33.0485 -71.6184
363 -33.0484 -71.6185
795 -33.0482 -71.6175
320 -33.0483 -71.6173
787 -33.0489 -71.6172
180 -33.0489 -71.6169
812 -33.049 -71.6169
428 -33.049 -71.6168
864 -33.0489 -71.617
860 -33.0483 -71.6171
721 -33.0489 -71.6171
258 -33.0489 -71.6171
892 -33.0487 -71.6164
908 -33.0486 -71.6164
545 -33.0485 -71.6164
445 -33.0486 -71.6133
801 -33.0485 -71.6139
946 -33.0483 -71.6163
974 -33.0482 -71.615
777 -33.0485 -71.614
336 -33.0482 -71.615
666 -33.0479 -71.6162
894 -33.0479 -71.6162
638 -33.0479 -71.6162
342 -33.0479 -71.6163
920 -33.0478 -71.6164
719 -33.0478 -71.6164
779 -33.0479 -71.6163
651 -33.0479 -71.6161
932 -33.048 -71.6156
439 -33.0481 -71.6156
817 -33.0481 -71.6154
465 -33.048 -71.6157
58 -33.0479 -71.616
805 -33.048 -71.6158
947 -33.0478 -71.6165
153 -33.0476 -71.6173
756 -33.0477 -71.6173
683 -33.0476 -71.6173
178 -33.0475 -71.6175
418 -33.0474 -71.6179
231 -33.0474 -71.6179
807 -33.0474 -71.6178
393 -33.0476 -71.6172
444 -33.0477 -71.617
685 -33.0478 -71.6167
596 -33.0478 -71.6165
899 -33.0476 -71.6171
345 -33.0476 -71.6172
847 -33.0476 -71.6172
128 -33.0474 -71.6172
971 -33.0474 -71.6179
538 -33.0472 -71.6184
728 -33.0473 -71.6182
304 -33.0473 -71.6182
648 -33.0472 -71.6185
851 -33.0471 -71.6189
515 -33.0471 -71.6189
31 -33.0471 -71.6187
44 -33.0473 -71.6181
823 -33.047 -71.6171
119 -33.047 -71.6171
148 -33.0473 -71.6162
758 -33.0469 -71.6171
248 -33.0469 -71.6171
590 -33.0469 -71.6171
385 -33.0471 -71.6161
835 -33.0475 -71.6135
744 -33.0475 -71.6134
969 -33.0475 -71.6134
942 -33.0474 -71.6137
338 -33.0474 -71.6138
392 -33.0474 -71.6138
201 -33.0474 -71.6137
517 -33.0475 -71.6134
451 -33.0476 -71.6132
599 -33.0476 -71.6132
131 -33.0476 -71.6131
729 -33.0476 -71.6132
898 -33.0473 -71.6134
655 -33.0476 -71.6133
330 -33.0476 -71.6132
766 -33.0472 -71.6142
133 -33.047 -71.6161
96 -33.0471 -71.6152
588 -33.0471 -71.6148
312 -33.0468 -71.6147
75 -33.0465 -71.616
634 -33.0464 -71.616
241 -33.0467 -71.6147
317 -33.0471 -71.6145
526 -33.0471 -71.6144
739 -33.0472 -71.6134
902 -33.0471 -71.6133
915 -33.047 -71.6133
749 -33.0467 -71.6133
996 -33.0467 -71.6133
926 -33.0477 -71.613
354 -33.0541 -71.6115
772 -33.0538 -71.6113
810 -33.0538 -71.6113
19 -33.0537 -71.6122
790 -33.0534 -71.6122
326 -33.0534 -71.6122
420 -33.0532 -71.6121
132 -33.0539 -71.6112
579 -33.0537 -71.6112
592 -33.0539 -71.6111
922 -33.0537 -71.6109
83 -33.0536 -71.6107
368 -33.0535 -71.6111
467 -33.0532 -71.6109
873 -33.0536 -71.6106
414 -33.0531 -71.6121
576 -33.053 -71.6121
521 -33.053 -71.6121
43 -33.053 -71.6121
747 -33.0529 -71.6121
917 -33.0525 -71.6121
523 -33.0521 -71.612
298 -33.0518 -71.612
569 -33.0517 -71.6118
72 -33.0529 -71.6116
619 -33.053 -71.6108
259 -33.0529 -71.6107
237 -33.0528 -71.6106
874 -33.0518 -71.6118
866 -33.0519 -71.6118
463 -33.0528 -71.6116
154 -33.0528 -71.6106
967 -33.0528 -71.6106
970 -33.0537 -71.6105
98 -33.0534 -71.6102
384 -33.0526 -71.6102
591 -33.0525 -71.6102
563 -33.0525 -71.6101
209 -33.0524 -71.61
636 -33.0524 -71.61
366 -33.0524 -71.6099
307 -33.0524 -71.6099
751 -33.0524 -71.6099
627 -33.0524 -71.6099
52 -33.0523 -71.6098
402 -33.0523 -71.6097
452 -33.0522 -71.6097
175 -33.0522 -71.6096
61 -33.052 -71.6093
422 -33.0518 -71.6093
12 -33.052 -71.6093
472 -33.0518 -71.6093
219 -33.0516 -71.6095
944 -33.0517 -71.6094
555 -33.0517 -71.6094
773 -33.0518 -71.6093
46 -33.0519 -71.6092
927 -33.0519 -71.6091
679 -33.052 -71.609
857 -33.0519 -71.6092
35 -33.0519 -71.6093
274 -33.0518 -71.6091
238 -33.0516 -71.612
675 -33.0511 -71.6123
556 -33.0511 -71.6123
51 -33.0511 -71.6122
642 -33.0511 -71.6123
390 -33.0511 -71.6124
120 -33.0511 -71.6124
811 -33.0511 -71.6123
782 -33.0511 -71.6122
305 -33.0514 -71.6119
192 -33.0513 -71.6119
733 -33.0514 -71.6114
173 -33.0513 -71.6114
962 -33.0512 -71.6119
505 -33.0513 -71.6119
26 -33.0513 -71.6119
958 -33.0511 -71.6124
405 -33.0503 -71.613
242 -33.0511 -71.6129
737 -33.0511 -71.6128
197 -33.0503 -71.613
105 -33.0503 -71.613
907 -33.0503 -71.613
916 -33.0501 -71.613
2 -33.0511 -71.6127
187 -33.0511 -71.6126
276 -33.0511 -71.6125
571 -33.051 -71.6114
214 -33.051 -71.6114
29 -33.0507 -71.6113
15 -33.0506 -71.6113
909 -33.0503 -71.6113
746 -33.0509 -71.6102
110 -33.051 -71.6101
94 -33.051 -71.6101
32 -33.0506 -71.6102
923 -33.0506 -71.6102
626 -33.0505 -71.6102
603 -33.0505 -71.6102
622 -33.0511 -71.61
954 -33.0515 -71.6097
769 -33.0515 -71.6096
662 -33.0515 -71.6096
378 -33.0514 -71.6097
470 -33.0512 -71.6099
674 -33.0513 -71.6098
825 -33.0513 -71.6098
840 -33.0505 -71.6102
981 -33.0501 -71.6104
167 -33.0502 -71.6103
316 -33.0503 -71.6102
398 -33.0501 -71.6105
741 -33.0501 -71.6107
704 -33.0501 -71.6107
671 -33.0501 -71.6106
137 -33.0503 -71.6102
846 -33.0503 -71.6102
158 -33.0503 -71.6101
22 -33.0502 -71.6101
681 -33.0502 -71.6101
575 -33.0502 -71.6101
183 -33.0501 -71.6091
225 -33.052 -71.609
528 -33.0544 -71.6085
300 -33.0542 -71.6085
748 -33.0541 -71.6085
474 -33.054 -71.6085
281 -33.0536 -71.6085
331 -33.0535 -71.6085
291 -33.0539 -71.6085
808 -33.0538 -71.6085
677 -33.0538 -71.6085
491 -33.0534 -71.6085
419 -33.0533 -71.6084
63 -33.0533 -71.6084
280 -33.0533 -71.6084
925 -33.0532 -71.6084
886 -33.0532 -71.6084
159 -33.0532 -71.6084
112 -33.0531 -71.6084
606 -33.0531 -71.6084
876 -33.053 -71.6083
525 -33.053 -71.6083
303 -33.0521 -71.6086
400 -33.0522 -71.6084
903 -33.0529 -71.6083
513 -33.0522 -71.6083
672 -33.0527 -71.6082
581 -33.0527 -71.6082
311 -33.0527 -71.6082
977 -33.0526 -71.6082
362 -33.0525 -71.6082
454 -33.0525 -71.6082
332 -33.0524 -71.6081
558 -33.0524 -71.6081
934 -33.0524 -71.6081
499 -33.0523 -71.6081
79 -33.0523 -71.6081
506 -33.0523 -71.608
469 -33.0523 -71.6081
40 -33.0523 -71.608
11 -33.0523 -71.608
129 -33.0523 -71.608
768 -33.0535 -71.6063
147 -33.0533 -71.6047
441 -33.0543 -71.6046
870 -33.0532 -71.6047
510 -33.0523 -71.608
296 -33.0522 -71.6079
90 -33.0524 -71.6048
461 -33.0522 -71.6079
527 -33.0522 -71.6078
335 -33.0522 -71.6077
929 -33.0522 -71.6077
657 -33.0522 -71.6076
411 -33.0522 -71.6076
223 -33.0522 -71.6076
700 -33.0522 -71.6076
285 -33.0522 -71.6075
473 -33.0522 -71.6075
212 -33.0522 -71.6073
196 -33.0522 -71.6072
705 -33.0522 -71.6073
477 -33.0521 -71.6072
924 -33.0521 -71.6048
858 -33.0521 -71.6071
190 -33.0516 -71.6089
424 -33.0516 -71.6089
676 -33.0516 -71.6089
512 -33.0514 -71.6088
7 -33.0513 -71.6087
797 -33.0513 -71.6087
848 -33.0512 -71.6086
282 -33.0513 -71.6084
912 -33.0518 -71.6081
613 -33.0518 -71.6081
535 -33.0518 -71.6081
438 -33.0517 -71.6076
740 -33.0514 -71.6084
888 -33.0515 -71.6083
138 -33.0514 -71.6075
833 -33.0512 -71.6084
723 -33.051 -71.6086
937 -33.051 -71.6085
49 -33.0507 -71.6085
715 -33.0507 -71.6085
261 -33.0505 -71.6087
843 -33.0505 -71.6086
503 -33.0505 -71.6086
984 -33.0506 -71.6085
256 -33.0504 -71.6085
601 -33.0503 -71.6085
478 -33.0511 -71.6085
224 -33.0503 -71.6085
595 -33.0502 -71.6085
89 -33.0501 -71.6084
228 -33.0509 -71.6074
168 -33.0521 -71.607
645 -33.0521 -71.607
551 -33.052 -71.6069
918 -33.0519 -71.6065
980 -33.0519 -71.6065
878 -33.0518 -71.6064
489 -33.0518 -71.6064
458 -33.0517 -71.6062
664 -33.0517 -71.6061
540 -33.0517 -71.6061
221 -33.0518 -71.6047
156 -33.0517 -71.6061
593 -33.0516 -71.606
73 -33.0516 -71.6059
557 -33.0515 -71.6057
421 -33.0515 -71.6059
227 -33.0514 -71.6059
532 -33.0513 -71.6059
381 -33.0513 -71.6059
753 -33.0509 -71.6074
62 -33.0507 -71.6073
350 -33.0507 -71.6073
502 -33.0503 -71.6056
752 -33.0502 -71.6056
78 -33.0512 -71.6052
706 -33.0512 -71.6052
169 -33.0503 -71.6048
620 -33.0502 -71.6048
181 -33.0502 -71.6055
966 -33.0502 -71.6055
236 -33.0501 -71.6108
577 -33.0499 -71.6129
387 -33.0499 -71.6129
252 -33.0499 -71.6129
23 -33.0498 -71.6129
745 -33.0498 -71.6129
415 -33.0498 -71.6129
446 -33.0498 -71.6129
272 -33.0497 -71.6129
257 -33.0498 -71.6124
145 -33.0498 -71.6123
375 -33.0499 -71.6118
423 -33.0495 -71.6129
403 -33.0495 -71.6129
310 -33.0495 -71.6129
160 -33.0494 -71.6129
998 -33.0494 -71.6129
649 -33.0493 -71.6129
143 -33.0493 -71.6129
386 -33.0492 -71.6129
986 -33.049 -71.6129
309 -33.0488 -71.6129
171 -33.0487 -71.6129
151 -33.0487 -71.6129
759 -33.0486 -71.6129
67 -33.0488 -71.6125
267 -33.0489 -71.6121
731 -33.049 -71.6119
102 -33.0486 -71.6129
108 -33.0485 -71.6129
711 -33.0485 -71.6129
611 -33.0485 -71.6129
229 -33.05 -71.6115
199 -33.05 -71.6115
321 -33.05 -71.6115
882 -33.05 -71.6112
319 -33.05 -71.6115
789 -33.0499 -71.6113
294 -33.0499 -71.6113
736 -33.0499 -71.6113
284 -33.05 -71.6112
856 -33.0501 -71.6109
404 -33.0501 -71.6109
832 -33.0501 -71.6109
182 -33.0501 -71.6109
349 -33.05 -71.6111
669 -33.05 -71.611
885 -33.0497 -71.61
357 -33.0497 -71.6112
997 -33.0495 -71.6112
230 -33.0494 -71.6112
347 -33.0493 -71.6112
670 -33.0492 -71.6112
742 -33.0491 -71.6112
371 -33.049 -71.6112
813 -33.0488 -71.6112
905 -33.0487 -71.6112
861 -33.0495 -71.6099
845 -33.0494 -71.6099
243 -33.0494 -71.6099
16 -33.0493 -71.6099
172 -33.0493 -71.6099
395 -33.0488 -71.6099
776 -33.0485 -71.6111
208 -33.0484 -71.6129
200 -33.0484 -71.6129
202 -33.0483 -71.6129
615 -33.0483 -71.6129
661 -33.0478 -71.6129
334 -33.0482 -71.6128
837 -33.048 -71.6128
70 -33.0481 -71.6128
37 -33.0478 -71.6126
490 -33.0479 -71.6124
104 -33.0479 -71.6124
87 -33.0478 -71.6128
630 -33.0477 -71.6128
594 -33.0478 -71.6127
135 -33.0478 -71.6127
725 -33.0477 -71.6129
372 -33.0477 -71.6129
584 -33.0477 -71.6129
114 -33.0477 -71.6129
45 -33.0477 -71.6128
877 -33.0477 -71.613
265 -33.0476 -71.6127
585 -33.0474 -71.6127
100 -33.0469 -71.6126
621 -33.0465 -71.6125
659 -33.0462 -71.6124
186 -33.0462 -71.6124
964 -33.0458 -71.6123
24 -33.0457 -71.6123
494 -33.0454 -71.6122
965 -33.048 -71.612
359 -33.0482 -71.6115
410 -33.0482 -71.6114
397 -33.0485 -71.6111
567 -33.0481 -71.6117
552 -33.048 -71.612
781 -33.048 -71.612
616 -33.048 -71.6119
245 -33.0483 -71.6111
691 -33.0483 -71.6111
806 -33.0483 -71.6111
720 -33.0483 -71.6111
247 -33.0483 -71.6111
875 -33.048 -71.6111
264 -33.048 -71.6111
667 -33.0479 -71.6111
289 -33.0478 -71.6111
275 -33.0466 -71.6109
449 -33.0466 -71.6109
33 -33.0455 -71.6108
353 -33.0447 -71.6113
54 -33.0447 -71.6109
985 -33.0447 -71.6102
695 -33.0447 -71.6101
459 -33.0457 -71.6098
824 -33.0457 -71.6098
928 -33.0458 -71.6098
663 -33.0459 -71.6098
3 -33.0456 -71.6098
702 -33.0455 -71.6098
814 -33.0455 -71.6098
344 -33.046 -71.6098
952 -33.05 -71.6091
468 -33.0499 -71.6091
126 -33.0499 -71.6091
211 -33.0498 -71.6091
990 -33.0496 -71.6095
653 -33.0496 -71.6094
757 -33.0496 -71.6093
324 -33.0497 -71.6091
785 -33.0495 -71.6091
600 -33.0496 -71.6084
204 -33.0495 -71.6084
343 -33.0495 -71.6084
821 -33.0494 -71.6091
328 -33.0494 -71.6084
863 -33.0494 -71.6083
836 -33.0494 -71.6083
136 -33.0493 -71.6083
714 -33.0493 -71.6083
951 -33.0492 -71.6083
734 -33.0492 -71.6083
8 -33.0486 -71.6098
406 -33.0489 -71.6091
707 -33.0485 -71.6091
771 -33.0489 -71.6083
607 -33.0488 -71.6083
498 -33.0487 -71.6083
235 -33.0487 -71.6083
68 -33.0487 -71.6083
417 -33.0486 -71.6083
125 -33.0485 -71.6082
306 -33.0484 -71.6082
82 -33.0484 -71.6082
690 -33.0497 -71.6071
471 -33.0493 -71.607
957 -33.0493 -71.6065
369 -33.0492 -71.607
460 -33.0492 -71.607
56 -33.0492 -71.607
624 -33.0489 -71.6069
815 -33.0499 -71.6054
673 -33.0497 -71.6054
770 -33.0497 -71.6054
382 -33.0497 -71.6054
293 -33.0496 -71.6044
788 -33.0494 -71.6053
244 -33.0489 -71.6049
99 -33.0495 -71.6042
365 -33.0489 -71.6069
233 -33.0485 -71.6082
325 -33.0488 -71.6068
103 -33.0485 -71.6066
738 -33.0484 -71.6082
71 -33.0484 -71.6082
437 -33.0484 -71.6082
993 -33.0484 -71.6066
287 -33.0485 -71.6066
564 -33.0486 -71.6043
358 -33.0486 -71.6042
1 -33.0485 -71.6037
65 -33.0485 -71.6042
122 -33.0485 -71.6041
388 -33.0484 -71.6039
215 -33.0483 -71.6098
193 -33.0478 -71.6098
623 -33.0478 -71.6091
544 -33.0479 -71.6082
121 -33.0467 -71.6098
47 -33.0464 -71.6098
28 -33.0465 -71.6098
650 -33.0467 -71.6098
562 -33.0477 -71.6082
625 -33.0477 -71.6082
867 -33.0474 -71.6082
185 -33.0482 -71.6081
566 -33.0469 -71.6081
429 -33.0467 -71.6081
270 -33.0467 -71.6081
161 -33.0466 -71.6081
914 -33.0464 -71.6081
486 -33.0454 -71.6098
39 -33.0462 -71.6098
995 -33.0463 -71.6098
249 -33.0453 -71.6098
798 -33.0453 -71.6098
288 -33.0452 -71.6098
865 -33.0452 -71.6098
4 -33.0451 -71.6098
617 -33.0463 -71.6081
717 -33.046 -71.6081
188 -33.0456 -71.608
59 -33.0456 -71.608
380 -33.0455 -71.608
618 -33.0454 -71.608
568 -33.0456 -71.608
91 -33.0479 -71.6077
658 -33.0479 -71.6076
232 -33.0479 -71.6067
534 -33.0479 -71.6076
203 -33.0476 -71.6075
839 -33.0477 -71.6067
339 -33.0479 -71.6067
975 -33.0481 -71.6066
913 -33.0482 -71.6039
628 -33.0483 -71.6038
30 -33.0481 -71.6035
492 -33.048 -71.6036
896 -33.0477 -71.604
826 -33.0479 -71.604
800 -33.0477 -71.6037
149 -33.0475 -71.6068
791 -33.0474 -71.6073
536 -33.0474 -71.607
194 -33.0472 -71.6068
21 -33.0472 -71.6068
162 -33.0446 -71.6077
346 -33.0456 -71.6074
559 -33.0456 -71.6069
508 -33.0473 -71.6068
308 -33.0474 -71.6068
895 -33.0474 -71.6068
514 -33.0474 -71.6038
989 -33.0473 -71.6068
906 -33.0473 -71.6068
533 -33.0443 -71.6055
