301 -33.0585 -71.6172
978 -33.0602 -71.6164
475 -33.0622 -71.6158
549 -33.0584 -71.6165
698 -33.0582 -71.6175
754 -33.0582 -71.6175
619 -33.0583 -71.6158
127 -33.0586 -71.6155
189 -33.0587 -71.6154
467 -33.0587 -71.6154
686 -33.059 -71.6152
367 -33.0587 -71.6154
408 -33.0581 -71.615
251 -33.0582 -71.615
537 -33.0582 -71.6149
962 -33.0581 -71.615
456 -33.0577 -71.6179
271 -33.0578 -71.6178
809 -33.0579 -71.6177
803 -33.0576 -71.618
290 -33.0572 -71.6183
198 -33.0573 -71.6183
838 -33.0573 -71.6182
760 -33.0579 -71.6177
455 -33.0581 -71.6176
370 -33.0581 -71.615
726 -33.058 -71.615
123 -33.0579 -71.615
154 -33.0579 -71.6158
279 -33.0579 -71.615
255 -33.0578 -71.615
107 -33.0578 -71.6149
582 -33.0587 -71.6147
450 -33.0586 -71.6147
413 -33.0591 -71.6145
407 -33.0584 -71.6148
636 -33.0578 -71.6149
693 -33.0577 -71.6149
476 -33.0579 -71.6144
945 -33.0603 -71.6143
994 -33.06 -71.6143
483 -33.0602 -71.6143
818 -33.0595 -71.614
646 -33.0594 -71.614
57 -33.0593 -71.6142
948 -33.0582 -71.6142
286 -33.0594 -71.6141
762 -33.0576 -71.6149
269 -33.0576 -71.6149
816 -33.0573 -71.6149
134 -33.0573 -71.6149
881 -33.0573 -71.6147
442 -33.0573 -71.6149
580 -33.0573 -71.6148
146 -33.0572 -71.6148
61 -33.0573 -71.6147
773 -33.0574 -71.6144
274 -33.0574 -71.6142
955 -33.0575 -71.614
602 -33.0574 -71.6144
376 -33.0574 -71.6146
520 -33.0574 -71.6144
767 -33.0571 -71.6184
466 -33.0569 -71.6183
446 -33.0569 -71.6171
907 -33.057 -71.617
423 -33.0568 -71.6169
179 -33.0566 -71.6182
166 -33.0565 -71.6182
495 -33.0565 -71.6182
403 -33.0567 -71.6169
145 -33.0564 -71.6167
171 -33.0563 -71.6163
775 -33.0562 -71.616
377 -33.0562 -71.616
711 -33.0562 -71.616
992 -33.0561 -71.616
611 -33.0562 -71.616
448 -33.0561 -71.6181
431 -33.056 -71.618
262 -33.0559 -71.618
908 -33.0557 -71.6179
930 -33.0556 -71.6179
116 -33.0556 -71.6172
340 -33.0556 -71.6172
399 -33.0556 -71.6172
831 -33.0556 -71.6171
210 -33.0561 -71.6161
891 -33.0561 -71.6161
812 -33.0561 -71.616
547 -33.056 -71.6162
687 -33.0556 -71.617
880 -33.0556 -71.6169
323 -33.0557 -71.6167
892 -33.0559 -71.6159
373 -33.0564 -71.615
819 -33.0565 -71.6149
488 -33.0565 -71.6149
587 -33.0562 -71.6151
973 -33.0562 -71.6159
117 -33.0562 -71.6159
292 -33.0562 -71.6159
69 -33.0567 -71.6148
105 -33.0569 -71.6147
405 -33.0569 -71.6147
150 -33.0568 -71.6147
542 -33.0568 -71.6147
641 -33.0567 -71.6148
361 -33.0567 -71.6147
42 -33.0568 -71.6147
713 -33.0562 -71.6159
254 -33.0562 -71.6158
844 -33.0562 -71.6158
434 -33.0561 -71.6158
721 -33.0559 -71.6159
864 -33.0558 -71.6159
545 -33.0558 -71.6159
787 -33.0557 -71.6159
761 -33.0561 -71.6158
341 -33.0561 -71.6157
546 -33.0561 -71.6156
216 -33.0562 -71.6151
919 -33.056 -71.6153
355 -33.056 -71.6154
730 -33.056 -71.6154
879 -33.0595 -71.6139
608 -33.0597 -71.6137
640 -33.0597 -71.6137
354 -33.06 -71.6135
869 -33.0596 -71.6138
60 -33.0596 -71.6139
464 -33.0591 -71.6136
950 -33.0591 -71.6134
774 -33.06 -71.6133
501 -33.0601 -71.6133
561 -33.0603 -71.613
297 -33.0604 -71.6129
531 -33.06 -71.6133
402 -33.0589 -71.613
52 -33.0589 -71.6129
958 -33.059 -71.6129
124 -33.0588 -71.6129
175 -33.0584 -71.6137
521 -33.0583 -71.6134
668 -33.0584 -71.6133
765 -33.0581 -71.6134
822 -33.0581 -71.6138
963 -33.0581 -71.6136
18 -33.0581 -71.6135
927 -33.0583 -71.613
12 -33.0584 -71.613
733 -33.0586 -71.613
452 -33.0588 -71.613
480 -33.0584 -71.613
679 -33.0582 -71.613
214 -33.0581 -71.613
351 -33.0581 -71.613
627 -33.059 -71.6129
579 -33.0607 -71.6126
917 -33.0608 -71.6125
976 -33.061 -71.6124
523 -33.0604 -71.6128
967 -33.0598 -71.6128
238 -33.0599 -71.6128
414 -33.06 -71.6128
482 -33.061 -71.6124
420 -33.0613 -71.6122
326 -33.0614 -71.6121
790 -33.0616 -71.6121
43 -33.0612 -71.6122
747 -33.061 -71.6123
576 -33.0611 -71.6123
118 -33.0611 -71.6122
237 -33.0597 -71.6128
642 -33.0591 -71.6129
209 -33.0592 -71.6129
19 -33.0594 -71.6129
51 -33.0591 -71.6129
307 -33.0591 -71.6129
751 -33.0591 -71.6129
366 -33.0591 -71.6129
305 -33.0595 -71.6128
20 -33.0589 -71.6128
991 -33.0595 -71.6125
563 -33.0588 -71.6124
560 -33.0588 -71.6121
872 -33.0583 -71.6127
842 -33.0583 -71.6126
14 -33.0581 -71.613
389 -33.0578 -71.6139
571 -33.0579 -71.6139
29 -33.058 -71.613
743 -33.0577 -71.6139
424 -33.0575 -71.6139
591 -33.0576 -71.6134
35 -33.0577 -71.6131
15 -33.058 -71.613
676 -33.0578 -71.6129
295 -33.0578 -71.6129
303 -33.0578 -71.6129
197 -33.0577 -71.6129
909 -33.0576 -71.6129
173 -33.0576 -71.6129
674 -33.0575 -71.6128
848 -33.0575 -71.6128
512 -33.0573 -71.6137
7 -33.0573 -71.6137
797 -33.0572 -71.6136
506 -33.0571 -71.6135
40 -33.057 -71.6134
49 -33.0567 -71.6133
212 -33.0565 -71.6132
204 -33.0555 -71.6131
89 -33.0562 -71.6131
551 -33.0562 -71.6131
916 -33.0574 -71.6128
228 -33.0559 -71.6131
600 -33.0557 -71.6131
885 -33.0557 -71.6131
789 -33.0573 -71.6128
23 -33.0572 -71.6128
387 -33.0572 -71.6128
577 -33.0572 -71.6128
252 -33.0572 -71.6127
272 -33.057 -71.6127
310 -33.0568 -71.6126
160 -33.0568 -71.6126
998 -33.0567 -71.6126
649 -33.0567 -71.6125
601 -33.0566 -71.6125
347 -33.0566 -71.6125
603 -33.0566 -71.6125
224 -33.0565 -71.6125
386 -33.0565 -71.6124
986 -33.0565 -71.6124
742 -33.0565 -71.6124
645 -33.0564 -71.6124
575 -33.0563 -71.6124
309 -33.0563 -71.6124
22 -33.0562 -71.6124
151 -33.0562 -71.6123
759 -33.0561 -71.6123
102 -33.056 -71.6123
615 -33.0556 -71.6123
905 -33.056 -71.6123
108 -33.0559 -71.6123
208 -33.0558 -71.6123
200 -33.0557 -71.6123
863 -33.0557 -71.6123
202 -33.0557 -71.6123
946 -33.0555 -71.6178
849 -33.0549 -71.6206
647 -33.0549 -71.6185
115 -33.0549 -71.6184
796 -33.0549 -71.6185
629 -33.0548 -71.6204
142 -33.0548 -71.6186
85 -33.0548 -71.6186
890 -33.0549 -71.6184
703 -33.0549 -71.6183
144 -33.0549 -71.6182
315 -33.055 -71.6182
597 -33.0549 -71.6183
226 -33.0549 -71.6184
497 -33.0549 -71.6184
5 -33.0549 -71.6184
550 -33.0548 -71.6188
940 -33.0547 -71.6189
313 -33.0546 -71.6189
176 -33.0547 -71.6189
961 -33.0544 -71.6189
409 -33.0544 -71.6201
53 -33.0544 -71.6189
697 -33.0542 -71.6189
479 -33.0542 -71.6189
66 -33.0548 -71.6188
859 -33.0542 -71.6184
412 -33.0547 -71.6184
217 -33.0541 -71.6189
364 -33.0539 -71.6184
904 -33.054 -71.6184
999 -33.0541 -71.6184
38 -33.055 -71.6182
727 -33.0553 -71.6179
487 -33.0553 -71.6179
614 -33.0553 -71.6179
17 -33.0552 -71.6178
678 -33.0551 -71.6179
393 -33.0551 -71.6178
250 -33.0552 -71.6178
260 -33.0552 -71.6178
266 -33.0554 -71.6175
253 -33.0554 -71.6175
177 -33.0554 -71.6174
632 -33.0553 -71.6177
565 -33.0552 -71.6158
860 -33.0552 -71.6158
320 -33.0551 -71.6158
163 -33.055 -71.618
500 -33.055 -71.618
852 -33.055 -71.618
128 -33.055 -71.618
327 -33.055 -71.618
111 -33.055 -71.6182
504 -33.055 -71.6181
830 -33.055 -71.6181
795 -33.0549 -71.6158
93 -33.0548 -71.6157
148 -33.0546 -71.6157
430 -33.0546 -71.6157
756 -33.0545 -71.6157
385 -33.0545 -71.6157
783 -33.0544 -71.6157
109 -33.0539 -71.6189
710 -33.0538 -71.6197
92 -33.0538 -71.6197
987 -33.0537 -71.6196
25 -33.0536 -71.6196
598 -33.0535 -71.6193
589 -33.0535 -71.6192
786 -33.0535 -71.6191
829 -33.0535 -71.619
979 -33.0535 -71.6188
883 -33.0538 -71.6188
130 -33.0535 -71.6185
165 -33.0535 -71.6185
983 -33.0533 -71.6188
10 -33.0533 -71.6188
949 -33.0533 -71.6188
708 -33.0521 -71.6185
511 -33.0519 -71.6185
427 -33.0511 -71.6182
509 -33.0509 -71.6181
516 -33.0502 -71.6179
101 -33.0487 -71.6177
277 -33.0493 -71.6165
820 -33.0493 -71.6165
938 -33.0493 -71.6165
205 -33.0492 -71.6165
988 -33.0494 -71.6164
696 -33.0491 -71.616
322 -33.0491 -71.6161
139 -33.0491 -71.6162
802 -33.0491 -71.6162
735 -33.0491 -71.616
652 -33.0529 -71.6157
273 -33.0529 -71.6157
174 -33.0529 -71.6157
692 -33.0528 -71.6159
900 -33.0527 -71.6159
712 -33.0527 -71.6158
529 -33.0526 -71.6158
453 -33.0524 -71.6157
191 -33.0529 -71.6156
75 -33.0538 -71.6156
496 -33.0537 -71.6156
263 -33.0524 -71.6157
416 -33.0521 -71.6156
573 -33.052 -71.6156
239 -33.0523 -71.6156
889 -33.052 -71.6156
644 -33.0503 -71.6158
911 -33.0501 -71.6157
170 -33.0519 -71.6156
764 -33.05 -71.6157
222 -33.0492 -71.6159
633 -33.0492 -71.6158
447 -33.0492 -71.6156
333 -33.0518 -71.6156
113 -33.0518 -71.6156
639 -33.0517 -71.6156
155 -33.0516 -71.6156
605 -33.0516 -71.6156
763 -33.0514 -71.6156
794 -33.0513 -71.6156
157 -33.0512 -71.6156
585 -33.0553 -71.6154
343 -33.0555 -71.6131
211 -33.0555 -71.6131
593 -33.0553 -71.6131
835 -33.0551 -71.6153
734 -33.0552 -71.6131
421 -33.0551 -71.6131
837 -33.0553 -71.6124
801 -33.0553 -71.6124
227 -33.0552 -71.6124
607 -33.0552 -71.6124
661 -33.0552 -71.6124
87 -33.0551 -71.6124
771 -33.0551 -71.6124
498 -33.0551 -71.6124
725 -33.0551 -71.6124
739 -33.0549 -71.6151
100 -33.0548 -71.6151
749 -33.0544 -71.6148
659 -33.0541 -71.6146
195 -33.0536 -71.6156
304 -33.0536 -71.6155
106 -33.0533 -71.6155
24 -33.0538 -71.6144
877 -33.055 -71.6124
235 -33.055 -71.6124
265 -33.055 -71.6124
68 -33.0547 -71.6128
964 -33.0538 -71.6144
494 -33.0534 -71.6141
185 -33.0544 -71.6125
437 -33.0548 -71.6124
599 -33.0548 -71.6124
655 -33.0548 -71.6124
70 -33.0555 -71.6124
738 -33.0547 -71.6124
82 -33.0547 -71.6124
233 -33.0547 -71.6124
306 -33.0547 -71.6124
334 -33.0555 -71.6124
324 -33.0555 -71.6124
203 -33.0545 -71.6122
623 -33.0544 -71.6121
382 -33.0544 -71.612
707 -33.0544 -71.6123
942 -33.0544 -71.6123
867 -33.0544 -71.612
201 -33.0543 -71.6123
392 -33.0543 -71.6123
658 -33.0542 -71.6122
91 -33.0542 -71.6122
902 -33.0542 -71.6123
181 -33.0541 -71.6123
625 -33.0542 -71.6122
562 -33.0542 -71.6122
275 -33.054 -71.6122
534 -33.0543 -71.6122
449 -33.0539 -71.6122
996 -33.0538 -71.6122
805 -33.0536 -71.6122
186 -33.0535 -71.6122
588 -33.0534 -71.6122
574 -33.0533 -71.6155
850 -33.0532 -71.6155
688 -33.0532 -71.6155
884 -33.0531 -71.6155
572 -33.053 -71.6154
635 -33.0508 -71.6156
610 -33.0506 -71.6155
13 -33.053 -71.6155
9 -33.0494 -71.6146
152 -33.0495 -71.614
530 -33.0495 -71.614
353 -33.0524 -71.6135
722 -33.0495 -71.6141
939 -33.0494 -71.6145
755 -33.0494 -71.6143
55 -33.0495 -71.6143
484 -33.0494 -71.6147
485 -33.0493 -71.6151
935 -33.0493 -71.6151
493 -33.0493 -71.615
80 -33.0493 -71.6152
718 -33.0492 -71.6156
360 -33.0492 -71.6155
34 -33.0493 -71.6153
784 -33.0482 -71.6149
583 -33.0494 -71.6149
732 -33.0494 -71.6147
643 -33.0486 -71.6136
88 -33.0485 -71.614
220 -33.0482 -71.6149
982 -33.0483 -71.6146
827 -33.0486 -71.6133
54 -33.0521 -71.6133
660 -33.0511 -71.6131
394 -33.0511 -71.6131
855 -33.0511 -71.6131
314 -33.051 -71.6131
862 -33.0507 -71.6131
604 -33.0501 -71.613
834 -33.0511 -71.6129
638 -33.0532 -71.6121
666 -33.0532 -71.6121
33 -33.0528 -71.6121
683 -33.0523 -71.6121
851 -33.0511 -71.6123
31 -33.0512 -71.612
758 -33.0517 -71.612
348 -33.0499 -71.613
901 -33.0499 -71.613
81 -33.0499 -71.613
553 -33.0498 -71.6129
383 -33.0497 -71.613
716 -33.0497 -71.6131
694 -33.0497 -71.6131
724 -33.0487 -71.613
972 -33.0492 -71.6129
283 -33.0498 -71.6126
440 -33.0498 -71.6123
206 -33.0499 -71.6121
799 -33.0497 -71.6129
793 -33.0492 -71.6129
968 -33.0488 -71.6125
44 -33.0515 -71.612
368 -33.0596 -71.6116
463 -33.0596 -71.6104
72 -33.0598 -71.6104
298 -33.0591 -71.6116
259 -33.0589 -71.6112
748 -33.0589 -71.6112
866 -33.0587 -71.6103
474 -33.061 -71.6096
677 -33.061 -71.6093
63 -33.0609 -71.6089
419 -33.0609 -71.6089
970 -33.0608 -71.6096
362 -33.0589 -71.6095
132 -33.06 -71.6088
903 -33.0607 -71.6085
657 -33.0586 -71.6101
606 -33.0582 -71.6113
886 -33.0584 -71.6113
26 -33.0582 -71.6105
558 -33.0582 -71.6106
876 -33.0582 -71.6113
569 -33.0581 -71.6109
510 -33.0578 -71.6106
190 -33.0578 -71.6103
454 -33.0582 -71.609
138 -33.0585 -71.6089
73 -33.0584 -71.6085
384 -33.0577 -71.6102
187 -33.0575 -71.6101
874 -33.0576 -71.6088
535 -33.0575 -71.6088
672 -33.0606 -71.6085
581 -33.0605 -71.6085
499 -33.0603 -71.6083
79 -33.0602 -71.6082
934 -33.0602 -71.6082
332 -33.0602 -71.6083
469 -33.0601 -71.6081
11 -33.0601 -71.6081
461 -33.06 -71.608
400 -33.0599 -71.608
335 -33.0599 -71.608
700 -33.0598 -71.6079
528 -33.059 -71.6079
470 -33.0586 -71.6079
378 -33.0586 -71.6079
753 -33.0586 -71.6079
458 -33.0586 -71.6079
626 -33.0577 -71.6082
746 -33.058 -71.6081
94 -33.0581 -71.6081
923 -33.0576 -71.6081
183 -33.0576 -71.6081
952 -33.0576 -71.6081
137 -33.0575 -71.6081
532 -33.0581 -71.6081
62 -33.0584 -71.608
156 -33.0585 -71.608
664 -33.0586 -71.6079
350 -33.0584 -71.608
381 -33.0581 -71.6081
557 -33.0582 -71.608
690 -33.0575 -71.6081
846 -33.0574 -71.6081
328 -33.0574 -71.6081
468 -33.0574 -71.6081
126 -33.0574 -71.6081
97 -33.0567 -71.6099
2 -33.0572 -71.6094
836 -33.0573 -71.6081
714 -33.0573 -71.608
167 -33.0573 -71.608
471 -33.0571 -71.608
757 -33.0571 -71.608
502 -33.0571 -71.608
981 -33.0571 -71.608
398 -33.057 -71.608
966 -33.057 -71.608
540 -33.0565 -71.6096
415 -33.0559 -71.6103
681 -33.0563 -71.6101
706 -33.0558 -71.6094
861 -33.0557 -71.6104
821 -33.0555 -71.6104
143 -33.0555 -71.6104
141 -33.0552 -71.6104
745 -33.0556 -71.6094
815 -33.056 -71.609
770 -33.056 -71.6087
673 -33.056 -71.6087
268 -33.0556 -71.6094
839 -33.0552 -71.6081
910 -33.0552 -71.6081
671 -33.057 -71.608
785 -33.057 -71.608
752 -33.057 -71.608
56 -33.0569 -71.608
704 -33.0569 -71.608
369 -33.0569 -71.608
653 -33.0569 -71.608
741 -33.0569 -71.608
236 -33.0568 -71.608
832 -33.0567 -71.608
856 -33.0567 -71.608
182 -33.0567 -71.608
365 -33.0566 -71.608
624 -33.0565 -71.608
192 -33.0564 -71.608
71 -33.0564 -71.608
243 -33.0564 -71.608
882 -33.0564 -71.608
736 -33.0563 -71.608
325 -33.0563 -71.608
232 -33.0554 -71.608
813 -33.0553 -71.608
215 -33.0553 -71.608
339 -33.0553 -71.608
199 -33.0563 -71.608
294 -33.0562 -71.608
321 -33.0562 -71.608
229 -33.0562 -71.608
788 -33.0562 -71.608
257 -33.0554 -71.6079
242 -33.0554 -71.6079
811 -33.056 -71.6079
473 -33.0597 -71.6079
285 -33.0597 -71.6078
977 -33.0607 -71.6077
705 -33.0596 -71.6078
225 -33.0595 -71.6077
422 -33.0592 -71.6076
282 -33.0592 -71.6076
740 -33.0593 -71.6076
281 -33.0602 -71.607
159 -33.0608 -71.6069
925 -33.0607 -71.6069
912 -33.0594 -71.6071
888 -33.0594 -71.6076
438 -33.0594 -71.6076
858 -33.0594 -71.6076
46 -33.0591 -71.6076
878 -33.0589 -71.6078
662 -33.0589 -71.6078
772 -33.0589 -71.6078
929 -33.0589 -71.6078
715 -33.0586 -71.6079
489 -33.0588 -71.6078
723 -33.0588 -71.6078
219 -33.0589 -71.6078
478 -33.0591 -71.6077
833 -33.0591 -71.6076
280 -33.0591 -71.6075
944 -33.0591 -71.6077
918 -33.0589 -71.6078
810 -33.0589 -71.6078
592 -33.059 -71.6077
300 -33.0606 -71.6068
808 -33.0612 -71.6068
129 -33.0601 -71.6063
491 -33.061 -71.6055
296 -33.06 -71.6061
83 -33.0594 -71.6064
411 -33.0598 -71.6063
311 -33.06 -71.6062
441 -33.0621 -71.6054
291 -33.0614 -71.6048
147 -33.0613 -71.6047
870 -33.0612 -71.6047
331 -33.0611 -71.605
112 -33.0608 -71.6053
90 -33.0604 -71.6046
924 -33.06 -71.6045
873 -33.0593 -71.6064
769 -33.0587 -71.6066
857 -33.0591 -71.6065
922 -33.0591 -71.6065
954 -33.0586 -71.6066
555 -33.0586 -71.6068
168 -33.0584 -71.6067
825 -33.0584 -71.6066
527 -33.0592 -71.6063
513 -33.0591 -71.6063
525 -33.059 -71.6063
221 -33.0591 -71.6054
78 -33.0589 -71.6041
223 -33.0585 -71.6062
196 -33.0587 -71.6051
980 -33.0583 -71.607
997 -33.056 -71.6079
110 -33.058 -71.6079
319 -33.0562 -71.6076
675 -33.056 -71.6079
556 -33.0559 -71.6079
375 -33.0559 -71.6079
395 -33.0559 -71.6079
357 -33.056 -71.6075
284 -33.0564 -71.6074
125 -33.0564 -71.6074
613 -33.0577 -71.6073
845 -33.0563 -71.6074
172 -33.0562 -71.6074
16 -33.0562 -71.6074
505 -33.0563 -71.6074
390 -33.0558 -71.6077
287 -33.0558 -71.6079
103 -33.0558 -71.6078
993 -33.0558 -71.6078
244 -33.0556 -71.6078
371 -33.0555 -71.6079
975 -33.0555 -71.6079
737 -33.0556 -71.6078
8 -33.0556 -71.6077
120 -33.0558 -71.6076
544 -33.0558 -71.6076
782 -33.0558 -71.6076
276 -33.0557 -71.6077
670 -33.0556 -71.6077
230 -33.0557 -71.6077
349 -33.0565 -71.6073
261 -33.0581 -71.6067
622 -33.0581 -71.6067
843 -33.0582 -71.6067
503 -33.0578 -71.6068
158 -33.0574 -71.6069
32 -33.0575 -71.6069
840 -33.0574 -71.6068
472 -33.0575 -71.6061
984 -33.0581 -71.606
477 -33.058 -71.6059
169 -33.058 -71.6045
620 -33.058 -71.6045
768 -33.0576 -71.6049
293 -33.0572 -71.6047
937 -33.0576 -71.6047
136 -33.0571 -71.607
990 -33.0567 -71.6072
951 -33.057 -71.607
460 -33.0568 -71.607
404 -33.0566 -71.6072
669 -33.0565 -71.6073
417 -33.0565 -71.6073
316 -33.0566 -71.6064
406 -33.0553 -71.6048
99 -33.0571 -71.6047
256 -33.057 -71.6046
98 -33.0569 -71.6046
595 -33.0568 -71.6046
957 -33.0562 -71.6044
1 -33.0559 -71.6043
30 -33.0552 -71.6045
791 -33.0542 -71.6117
566 -33.0541 -71.6116
429 -33.0541 -71.6115
536 -33.054 -71.6114
161 -33.054 -71.6114
270 -33.054 -71.6114
180 -33.0536 -71.6113
621 -33.0538 -71.6113
906 -33.0539 -71.6112
508 -33.0539 -71.6112
617 -33.0538 -71.6112
915 -33.0538 -71.611
914 -33.0538 -71.6112
995 -33.0537 -71.6111
336 -33.0537 -71.6109
517 -33.0535 -71.6106
74 -33.0525 -71.6117
27 -33.0525 -71.6117
278 -33.0526 -71.6117
133 -33.0523 -71.6117
337 -33.0516 -71.6118
401 -33.0521 -71.6118
345 -33.0523 -71.6117
920 -33.0531 -71.6116
894 -33.0533 -71.6115
717 -33.0535 -71.6111
188 -33.0531 -71.6109
59 -33.0531 -71.6109
568 -33.0531 -71.6109
380 -33.053 -71.6108
618 -33.0529 -71.6108
744 -33.0535 -71.6106
391 -33.0548 -71.6104
433 -33.0549 -71.6104
931 -33.0549 -71.6104
372 -33.0538 -71.6105
346 -33.0528 -71.6105
559 -33.0525 -71.6101
356 -33.0531 -71.6091
312 -33.0519 -71.6091
943 -33.0532 -71.609
936 -33.0533 -71.6089
428 -33.0521 -71.6087
651 -33.052 -71.6088
342 -33.052 -71.6091
656 -33.052 -71.609
58 -33.052 -71.6088
329 -33.0519 -71.6091
86 -33.0516 -71.6095
518 -33.0517 -71.6094
685 -33.0517 -71.6094
548 -33.0515 -71.6096
522 -33.0515 -71.6096
665 -33.0515 -71.6096
709 -33.0515 -71.6096
804 -33.0517 -71.6094
241 -33.0519 -71.6092
779 -33.0519 -71.6092
719 -33.0519 -71.6091
96 -33.0519 -71.6092
947 -33.0518 -71.6093
596 -33.0518 -71.6093
444 -33.0515 -71.6096
77 -33.0512 -71.6119
780 -33.0514 -71.6119
519 -33.0501 -71.6109
586 -33.05 -71.611
631 -33.05 -71.6111
436 -33.05 -71.6111
854 -33.05 -71.6111
218 -33.0501 -71.6109
515 -33.0502 -71.6104
374 -33.0502 -71.6103
462 -33.0502 -71.6103
302 -33.0501 -71.6104
960 -33.0501 -71.6108
612 -33.0501 -71.6107
432 -33.0501 -71.6104
541 -33.05 -71.6112
897 -33.0499 -71.6117
868 -33.05 -71.6114
36 -33.05 -71.6113
213 -33.0499 -71.6117
318 -33.0499 -71.6118
48 -33.049 -71.6117
933 -33.0491 -71.6116
50 -33.0498 -71.6113
941 -33.0497 -71.6112
84 -33.05 -71.6112
778 -33.05 -71.6111
140 -33.0495 -71.6112
853 -33.0495 -71.6112
435 -33.0493 -71.6105
634 -33.0509 -71.6102
828 -33.0511 -71.61
425 -33.0512 -71.6099
153 -33.0512 -71.6099
481 -33.0511 -71.61
807 -33.051 -71.6101
457 -33.051 -71.6101
956 -33.051 -71.6101
178 -33.0512 -71.6099
847 -33.0514 -71.6097
207 -33.0514 -71.6097
76 -33.0515 -71.6097
654 -33.0513 -71.6098
363 -33.0512 -71.6099
240 -33.0512 -71.6099
64 -33.0513 -71.6098
119 -33.0509 -71.6102
231 -33.0508 -71.6102
418 -33.0508 -71.6102
823 -33.0508 -71.6102
590 -33.0508 -71.6102
234 -33.0508 -71.6102
680 -33.0507 -71.6102
701 -33.0507 -71.6102
637 -33.0505 -71.6102
0 -33.0505 -71.6102
728 -33.0505 -71.6102
538 -33.0503 -71.6102
648 -33.0503 -71.6101
248 -33.0503 -71.6092
971 -33.0503 -71.6092
258 -33.0521 -71.6087
875 -33.0546 -71.6085
264 -33.0546 -71.6085
410 -33.0546 -71.6085
871 -33.0545 -71.6085
913 -33.0545 -71.6085
359 -33.0545 -71.6085
667 -33.0544 -71.6085
921 -33.0544 -71.6085
6 -33.0543 -71.6085
184 -33.0543 -71.6085
67 -33.0546 -71.6085
567 -33.0543 -71.6085
289 -33.0543 -71.6085
492 -33.0541 -71.6085
616 -33.0541 -71.6085
552 -33.0541 -71.6085
28 -33.0536 -71.6085
490 -33.0537 -71.6085
893 -33.054 -71.6085
47 -33.0536 -71.6085
135 -33.0536 -71.6085
953 -33.0535 -71.6085
37 -33.0535 -71.6085
41 -33.054 -71.6085
959 -33.054 -71.6085
965 -33.0539 -71.6085
896 -33.0539 -71.6085
650 -33.0539 -71.6085
104 -33.0538 -71.6085
800 -33.0538 -71.6085
594 -33.0535 -71.6085
445 -33.0539 -71.6085
895 -33.0549 -71.6083
122 -33.0549 -71.6083
397 -33.0549 -71.6083
193 -33.0549 -71.6083
806 -33.0549 -71.6083
720 -33.0549 -71.6083
245 -33.0549 -71.6083
989 -33.0549 -71.6083
358 -33.055 -71.6082
564 -33.0551 -71.6082
826 -33.0551 -71.6045
731 -33.055 -71.6082
65 -33.055 -71.6082
267 -33.055 -71.6082
578 -33.055 -71.6082
691 -33.0548 -71.6083
299 -33.0546 -71.6085
554 -33.0547 -71.6085
194 -33.0547 -71.6084
682 -33.0546 -71.6085
689 -33.0539 -71.6085
609 -33.0538 -71.6085
628 -33.0546 -71.6085
887 -33.0548 -71.6084
388 -33.0548 -71.6084
247 -33.0548 -71.6084
308 -33.0548 -71.6084
21 -33.0548 -71.6084
776 -33.0539 -71.606
149 -33.0544 -71.6046
39 -33.0534 -71.6085
570 -33.0534 -71.6085
777 -33.0534 -71.6085
45 -33.0534 -71.6085
630 -33.0534 -71.6085
426 -33.0533 -71.6085
514 -33.0533 -71.6084
443 -33.0533 -71.6084
699 -33.0533 -71.6084
926 -33.0533 -71.6084
584 -33.0532 -71.6084
114 -33.0532 -71.6084
543 -33.0532 -71.6084
344 -33.0532 -71.6084
396 -33.0532 -71.6084
131 -33.0531 -71.6084
352 -33.0531 -71.6084
526 -33.0521 -71.6085
439 -33.0522 -71.6084
164 -33.0522 -71.6084
317 -33.0521 -71.6085
465 -33.0521 -71.6086
932 -33.0521 -71.6086
899 -33.0505 -71.6085
539 -33.0522 -71.6084
684 -33.0531 -71.6084
928 -33.053 -71.6083
663 -33.053 -71.6083
330 -33.053 -71.6083
95 -33.0529 -71.6083
451 -33.0529 -71.6083
824 -33.0529 -71.6083
459 -33.0529 -71.6083
969 -33.0528 -71.6083
3 -33.0528 -71.6083
814 -33.0527 -71.6082
841 -33.0527 -71.6082
246 -33.0527 -71.6082
486 -33.0527 -71.6082
702 -33.0526 -71.6082
507 -33.0526 -71.6068
121 -33.0532 -71.6065
781 -33.053 -71.6065
162 -33.0526 -71.6082
249 -33.0526 -71.6082
798 -33.0526 -71.6082
898 -33.0525 -71.6082
288 -33.0525 -71.6082
524 -33.0525 -71.6082
338 -33.0524 -71.6081
865 -33.0524 -71.6081
379 -33.0522 -71.6082
750 -33.0522 -71.6083
817 -33.0522 -71.6083
766 -33.0522 -71.6082
974 -33.0524 -71.6081
4 -33.0523 -71.6081
792 -33.0522 -71.6072
729 -33.0523 -71.6071
695 -33.0518 -71.6081
985 -33.0518 -71.6081
533 -33.0516 -71.6051
