760 -33.0596 -71.6166
455 -33.0597 -71.6166
754 -33.0599 -71.6165
619 -33.0595 -71.6167
803 -33.0592 -71.6167
271 -33.0595 -71.6167
456 -33.0593 -71.6166
301 -33.0603 -71.6163
978 -33.062 -71.6158
475 -33.0626 -71.615
962 -33.0596 -71.6148
123 -33.0595 -71.6148
762 -33.0592 -71.6149
279 -33.0594 -71.6149
549 -33.0594 -71.6148
154 -33.059 -71.6168
198 -33.0588 -71.6169
838 -33.0589 -71.6169
907 -33.0589 -71.6169
290 -33.0588 -71.617
466 -33.0585 -71.6172
767 -33.0587 -71.6171
446 -33.0585 -71.6169
809 -33.0584 -71.6162
773 -33.0586 -71.6155
61 -33.0588 -71.6153
405 -33.0588 -71.6148
636 -33.0586 -71.6149
274 -33.0585 -71.6154
424 -33.0584 -71.6151
488 -33.0584 -71.6151
150 -33.0587 -71.6147
945 -33.0603 -71.6143
467 -33.0604 -71.6142
686 -33.0606 -71.614
189 -33.0603 -71.614
726 -33.0595 -71.6147
367 -33.06 -71.6144
127 -33.0602 -71.6141
483 -33.0607 -71.6139
967 -33.0598 -71.6138
354 -33.0598 -71.6137
407 -33.0599 -71.6135
537 -33.0597 -71.6137
370 -33.0596 -71.6138
408 -33.0597 -71.6138
251 -33.0597 -71.6137
255 -33.0594 -71.6141
450 -33.0591 -71.6145
134 -33.0591 -71.6145
816 -33.0591 -71.6145
580 -33.059 -71.6146
69 -33.0585 -71.6147
641 -33.0586 -71.6147
146 -33.059 -71.6146
269 -33.0593 -71.6143
107 -33.0594 -71.6142
693 -33.0594 -71.6141
402 -33.0591 -71.6136
464 -33.0591 -71.6136
175 -33.0584 -71.6139
571 -33.0584 -71.6138
819 -33.0584 -71.6151
166 -33.0582 -71.6175
179 -33.0583 -71.6174
403 -33.0582 -71.617
495 -33.0582 -71.6175
431 -33.0578 -71.6178
448 -33.0579 -71.6178
145 -33.0579 -71.617
423 -33.0583 -71.6169
698 -33.0583 -71.6159
512 -33.0581 -71.615
373 -33.0582 -71.6149
7 -33.0581 -71.615
506 -33.0577 -71.6154
797 -33.058 -71.615
361 -33.0578 -71.6149
262 -33.0576 -71.6179
946 -33.0573 -71.6182
930 -33.0574 -71.6181
908 -33.0575 -71.6181
487 -33.0572 -71.6183
727 -33.0572 -71.6183
393 -33.057 -71.6183
614 -33.0572 -71.6183
611 -33.0572 -71.617
171 -33.0575 -71.617
355 -33.0576 -71.6149
49 -33.0575 -71.6149
341 -33.0574 -71.6149
546 -33.0574 -71.6149
761 -33.0573 -71.6148
434 -33.0572 -71.6148
254 -33.0572 -71.6148
105 -33.0583 -71.6148
476 -33.0581 -71.6144
948 -33.0582 -71.6142
228 -33.0575 -71.6141
89 -33.0574 -71.6144
551 -33.0574 -71.6143
919 -33.0574 -71.6143
587 -33.0575 -71.614
42 -33.058 -71.6138
542 -33.058 -71.6138
212 -33.0581 -71.6136
389 -33.0579 -71.6139
216 -33.0575 -71.614
885 -33.0575 -71.6138
600 -33.0574 -71.6138
730 -33.0574 -71.6145
844 -33.0572 -71.6148
973 -33.0572 -71.6148
117 -33.0571 -71.6148
713 -33.0571 -71.6148
292 -33.0571 -71.6148
775 -33.0571 -71.6148
711 -33.0571 -71.6148
377 -33.0571 -71.6148
204 -33.0574 -71.6137
211 -33.0573 -71.6137
343 -33.0573 -71.6137
593 -33.0572 -71.6136
812 -33.057 -71.6148
734 -33.057 -71.6135
40 -33.0574 -71.6135
994 -33.061 -71.6134
751 -33.0602 -71.6133
413 -33.0604 -71.6129
582 -33.0601 -71.6133
14 -33.06 -71.6128
679 -33.0601 -71.6128
351 -33.0601 -71.6128
927 -33.0602 -71.6128
452 -33.0607 -71.6126
118 -33.0627 -71.6126
286 -33.0608 -71.6125
57 -33.0606 -71.6127
480 -33.0603 -71.6128
12 -33.0603 -71.6128
733 -33.0606 -71.6127
414 -33.06 -71.6128
252 -33.0591 -71.6129
23 -33.0591 -71.6129
789 -33.0592 -71.6129
577 -33.0591 -71.6129
950 -33.0591 -71.6134
916 -33.059 -71.6134
955 -33.059 -71.6129
387 -33.0592 -71.6129
295 -33.0597 -71.6128
909 -33.0595 -71.6128
991 -33.0595 -71.6125
19 -33.0594 -71.6129
743 -33.0593 -71.6129
674 -33.0594 -71.6129
303 -33.0591 -71.6125
52 -33.0608 -71.6125
976 -33.0627 -71.6122
917 -33.0626 -71.6121
579 -33.0625 -71.6121
238 -33.0616 -71.6121
640 -33.0612 -71.6122
747 -33.0613 -71.6122
774 -33.0616 -71.6121
531 -33.0616 -71.6121
482 -33.0629 -71.6121
420 -33.0631 -71.612
326 -33.0633 -71.6119
523 -33.0621 -71.612
501 -33.0616 -71.6121
561 -33.062 -71.612
297 -33.0619 -71.6118
608 -33.0611 -71.6123
818 -33.0609 -71.6124
366 -33.0609 -71.6124
51 -33.0609 -71.6124
642 -33.0609 -71.6124
646 -33.0608 -71.6125
958 -33.0609 -71.6125
237 -33.0603 -71.6124
879 -33.061 -71.6124
60 -33.061 -71.6123
209 -33.061 -71.6123
869 -33.0611 -71.6123
563 -33.0593 -71.6116
676 -33.0591 -71.6122
298 -33.0593 -71.6116
272 -33.0589 -71.6129
376 -33.0587 -71.6134
822 -33.0589 -71.6133
602 -33.0588 -71.6133
668 -33.0586 -71.6133
18 -33.0584 -71.613
386 -33.0584 -71.613
986 -33.0583 -71.613
603 -33.0584 -71.613
160 -33.0586 -71.613
310 -33.0587 -71.613
124 -33.0588 -71.6129
998 -33.0586 -71.613
224 -33.0584 -71.613
347 -33.0584 -71.613
601 -33.0585 -71.613
881 -33.0583 -71.6134
521 -33.0583 -71.6134
442 -33.0582 -71.6132
963 -33.0582 -71.6131
848 -33.0581 -71.6133
421 -33.057 -71.6134
591 -33.0576 -71.6134
520 -33.0577 -71.6131
35 -33.0577 -71.6131
575 -33.0582 -71.613
742 -33.0583 -71.613
22 -33.0581 -71.613
309 -33.0581 -71.613
151 -33.058 -71.613
759 -33.058 -71.613
102 -33.0579 -71.6129
905 -33.0578 -71.6129
649 -33.0578 -71.6129
645 -33.0582 -71.6129
108 -33.0577 -71.6129
208 -33.0577 -71.6129
200 -33.0577 -71.6129
173 -33.0576 -71.6129
202 -33.0576 -71.6129
20 -33.0589 -71.6127
29 -33.0588 -71.6126
560 -33.0588 -71.6117
197 -33.0585 -71.6124
872 -33.0583 -71.6127
214 -33.0583 -71.6127
842 -33.0583 -71.6126
863 -33.0575 -71.6128
615 -33.0575 -71.6128
324 -33.0574 -71.6128
70 -33.0573 -71.6128
334 -33.0573 -71.6128
837 -33.0572 -71.6127
801 -33.0571 -71.6127
227 -33.0571 -71.6127
87 -33.057 -71.6127
607 -33.057 -71.6127
661 -33.057 -71.6127
771 -33.057 -71.6127
498 -33.057 -71.6127
877 -33.057 -71.6127
725 -33.057 -71.6127
992 -33.0569 -71.6147
327 -33.0568 -71.6183
830 -33.0568 -71.6183
128 -33.0568 -71.6183
504 -33.0567 -71.6182
597 -33.0566 -71.6182
703 -33.0566 -71.6182
66 -33.0561 -71.6181
961 -33.0557 -71.6179
585 -33.0566 -71.6167
890 -33.0557 -71.6166
226 -33.0557 -71.6166
497 -33.0557 -71.6166
796 -33.0557 -71.6167
115 -33.0557 -71.6167
647 -33.0557 -71.6166
85 -33.0557 -71.6168
904 -33.0556 -71.6179
364 -33.0555 -71.6179
53 -33.0554 -71.6174
697 -33.0554 -71.6175
109 -33.0552 -71.6178
217 -33.0553 -71.6176
479 -33.0554 -71.6176
999 -33.0555 -71.6173
550 -33.0556 -71.617
142 -33.0556 -71.6168
412 -33.0557 -71.6168
176 -33.0556 -71.6171
313 -33.0555 -71.6172
859 -33.0556 -71.6172
940 -33.0556 -71.6172
5 -33.0557 -71.6165
100 -33.0563 -71.6163
632 -33.0562 -71.616
783 -33.0562 -71.6159
250 -33.0561 -71.6161
260 -33.0561 -71.6161
17 -33.0561 -71.6161
749 -33.056 -71.6159
756 -33.0562 -71.6158
266 -33.0561 -71.6158
385 -33.0561 -71.6158
253 -33.0561 -71.6157
430 -33.0561 -71.6157
148 -33.0561 -71.6157
177 -33.056 -71.6156
739 -33.056 -71.6156
678 -33.056 -71.6162
500 -33.0559 -71.6163
852 -33.0559 -71.6163
163 -33.056 -71.6162
38 -33.0558 -71.6164
144 -33.0557 -71.6165
315 -33.0557 -71.6164
111 -33.0558 -71.6164
75 -33.0557 -71.6159
496 -33.0556 -71.6159
659 -33.0558 -71.6157
93 -33.056 -71.6155
24 -33.0555 -71.6155
195 -33.0555 -71.6159
304 -33.0555 -71.6159
574 -33.0552 -71.6158
10 -33.0549 -71.6182
979 -33.055 -71.6182
165 -33.0551 -71.6179
983 -33.0549 -71.6182
786 -33.0549 -71.6184
949 -33.0549 -71.6183
829 -33.0549 -71.6183
883 -33.0551 -71.6178
130 -33.0552 -71.6178
106 -33.0552 -71.6158
850 -33.0551 -71.6158
688 -33.0551 -71.6158
884 -33.0551 -71.6158
13 -33.0549 -71.6158
572 -33.0549 -71.6158
589 -33.0549 -71.6184
25 -33.0547 -71.6189
987 -33.0546 -71.6189
92 -33.0545 -71.6189
710 -33.0545 -71.6189
849 -33.0535 -71.6193
629 -33.0535 -71.619
409 -33.0539 -71.6189
427 -33.053 -71.6187
598 -33.0548 -71.6187
511 -33.0536 -71.6185
708 -33.0539 -71.6184
509 -33.0528 -71.6187
516 -33.052 -71.6185
635 -33.0527 -71.6158
191 -33.0548 -71.6157
174 -33.0547 -71.6157
273 -33.0547 -71.6157
652 -33.0547 -71.6157
692 -33.0545 -71.6157
900 -33.0544 -71.6157
712 -33.0544 -71.6157
529 -33.0543 -71.6157
263 -33.0541 -71.6156
453 -33.054 -71.6156
239 -33.0539 -71.6156
416 -33.0537 -71.6156
573 -33.0536 -71.6156
889 -33.0536 -71.6155
170 -33.0535 -71.6155
333 -33.0534 -71.6155
113 -33.0534 -71.6155
610 -33.0525 -71.6157
157 -33.0529 -71.6156
794 -33.053 -71.6156
644 -33.0519 -71.6156
911 -33.0518 -71.6156
764 -33.0517 -71.6156
988 -33.0507 -71.6155
277 -33.0506 -71.6155
205 -33.0505 -71.6155
763 -33.053 -71.6155
639 -33.0533 -71.6155
820 -33.0505 -71.6155
938 -33.0505 -71.6155
101 -33.0492 -71.6155
964 -33.0555 -71.6155
323 -33.0563 -71.6151
787 -33.0565 -71.6149
545 -33.0567 -71.6148
565 -33.0562 -71.6151
687 -33.0561 -71.6152
860 -33.0561 -71.6152
880 -33.0561 -71.6152
864 -33.0567 -71.6148
891 -33.0569 -71.6147
210 -33.0569 -71.6147
721 -33.0568 -71.6147
547 -33.0568 -71.6147
892 -33.0568 -71.6147
68 -33.0566 -71.6132
185 -33.0562 -71.6131
320 -33.0561 -71.6152
340 -33.056 -71.6154
835 -33.056 -71.6153
831 -33.056 -71.6153
399 -33.0559 -71.6154
116 -33.0559 -71.6154
795 -33.0559 -71.6153
494 -33.0551 -71.6152
91 -33.0557 -71.6131
625 -33.0557 -71.6131
181 -33.0558 -71.6131
382 -33.0553 -71.6131
867 -33.0552 -71.6131
536 -33.0547 -71.6128
429 -33.0547 -71.6128
161 -33.0547 -71.6128
235 -33.0569 -71.6126
265 -33.0569 -71.6126
599 -33.0566 -71.6125
738 -33.0566 -71.6125
655 -33.0566 -71.6125
82 -33.0566 -71.6125
306 -33.0566 -71.6125
233 -33.0566 -71.6125
437 -33.0566 -71.6125
707 -33.0563 -71.6124
201 -33.0563 -71.6124
942 -33.0563 -71.6124
392 -33.0562 -71.6124
902 -33.0562 -71.6124
562 -33.0559 -71.6123
275 -33.0559 -71.6123
658 -33.0559 -71.6123
588 -33.0553 -71.6124
791 -33.0552 -71.6124
666 -33.0551 -71.6124
638 -33.0551 -71.6124
566 -33.055 -71.6124
270 -33.0548 -71.6124
33 -33.0548 -71.6124
186 -33.0554 -71.6124
996 -33.0557 -71.6123
534 -33.0558 -71.6123
449 -33.0558 -71.6123
203 -33.0556 -71.6123
805 -33.0555 -71.6124
623 -33.0555 -71.6124
906 -33.0547 -71.6124
155 -33.0532 -71.6155
353 -33.0541 -71.6146
54 -33.0538 -71.6144
605 -33.0532 -71.6155
793 -33.0511 -71.6131
972 -33.0511 -71.613
827 -33.0503 -71.613
9 -33.0502 -71.613
732 -33.0498 -71.6124
553 -33.0511 -71.6124
484 -33.0498 -71.6124
583 -33.0498 -71.6126
935 -33.0497 -71.6128
485 -33.0497 -71.6128
493 -33.0497 -71.6128
80 -33.0497 -71.6129
735 -33.0496 -71.6137
222 -33.0496 -71.6136
633 -33.0496 -71.6136
696 -33.0495 -71.6138
139 -33.0495 -71.6139
322 -33.0495 -71.6139
802 -33.0495 -71.6139
447 -33.0496 -71.6134
718 -33.0496 -71.6133
360 -33.0497 -71.6132
34 -33.0497 -71.613
982 -33.0489 -71.6124
784 -33.0488 -71.6127
220 -33.0488 -71.6127
508 -33.0546 -71.6124
617 -33.0546 -71.6124
914 -33.0545 -71.6124
568 -33.0545 -71.6122
59 -33.0544 -71.6122
683 -33.0543 -71.6123
717 -33.0542 -71.6123
188 -33.0544 -71.6122
758 -33.0536 -71.6122
380 -33.0545 -71.6121
618 -33.0544 -71.6121
346 -33.0542 -71.6118
44 -33.0535 -71.6122
851 -33.0528 -71.6121
660 -33.0521 -71.6117
834 -33.0523 -71.6117
394 -33.0521 -71.6117
81 -33.0511 -71.6122
604 -33.0512 -71.612
862 -33.0517 -71.612
348 -33.0511 -71.6122
939 -33.0498 -71.6123
901 -33.0511 -71.6122
755 -33.0499 -71.6121
55 -33.0499 -71.612
314 -33.052 -71.6118
855 -33.052 -71.6118
530 -33.0499 -71.6117
722 -33.0499 -71.6118
88 -33.049 -71.6119
152 -33.0499 -71.6118
368 -33.0598 -71.6116
790 -33.0634 -71.6115
474 -33.0618 -71.6108
576 -33.0618 -71.6107
43 -33.0618 -71.6106
903 -33.0615 -71.6104
581 -33.0614 -71.6101
934 -33.0611 -71.6099
63 -33.0625 -71.6097
499 -33.0615 -71.6094
677 -33.0625 -71.6092
400 -33.0615 -71.6089
79 -33.0615 -71.6094
469 -33.0614 -71.6094
11 -33.0613 -71.6094
335 -33.0611 -71.6093
700 -33.061 -71.6094
627 -33.0599 -71.6116
307 -33.06 -71.6116
26 -33.0602 -71.6104
876 -33.0598 -71.6116
305 -33.0596 -71.6106
886 -33.0598 -71.6105
866 -33.0596 -71.6098
970 -33.0608 -71.6096
473 -33.061 -71.6092
285 -33.061 -71.6092
705 -33.061 -71.6091
225 -33.061 -71.6089
463 -33.0608 -71.6095
72 -33.0608 -71.6093
138 -33.0604 -71.6089
858 -33.0609 -71.6089
438 -33.0609 -71.6088
740 -33.0608 -71.6088
461 -33.061 -71.6086
422 -33.0607 -71.6088
282 -33.0607 -71.6088
944 -33.0607 -71.6086
478 -33.0607 -71.6086
918 -33.0606 -71.6085
219 -33.0606 -71.6085
672 -33.0622 -71.6084
419 -33.0617 -71.608
878 -33.0606 -71.6085
723 -33.0606 -71.6085
489 -33.0605 -71.6084
715 -33.0604 -71.6083
470 -33.0603 -71.6083
332 -33.0602 -71.6083
458 -33.0603 -71.6083
664 -33.0603 -71.6083
156 -33.0602 -71.6082
132 -33.06 -71.6088
73 -33.0598 -71.6088
2 -33.0591 -71.6088
810 -33.0598 -71.6082
350 -33.0602 -71.6082
62 -33.0601 -71.6082
94 -33.0599 -71.608
532 -33.0598 -71.6079
846 -33.059 -71.6079
746 -33.0598 -71.6079
528 -33.059 -71.6079
190 -33.0589 -71.6112
259 -33.0589 -71.6112
748 -33.0589 -71.6112
187 -33.0586 -71.6113
15 -33.058 -71.6113
606 -33.0583 -71.6113
765 -33.058 -71.6112
558 -33.0584 -71.6106
657 -33.0586 -71.6101
362 -33.0589 -71.6095
626 -33.059 -71.6088
97 -33.0585 -71.6105
454 -33.0582 -71.609
236 -33.0583 -71.6088
856 -33.0584 -71.6087
811 -33.0579 -71.6082
569 -33.0579 -71.6113
681 -33.0578 -71.6105
384 -33.0577 -71.6102
510 -33.0577 -71.6107
540 -33.0575 -71.6103
415 -33.0577 -71.6102
706 -33.0576 -71.6101
861 -33.0575 -71.6101
745 -33.0575 -71.6097
874 -33.0576 -71.6088
535 -33.0575 -71.6088
268 -33.0574 -71.6096
821 -33.0573 -71.61
143 -33.0572 -71.61
675 -33.0579 -71.6082
199 -33.0581 -71.6081
229 -33.0582 -71.6081
325 -33.0582 -71.6081
321 -33.0581 -71.6081
997 -33.0579 -71.6082
375 -33.0578 -71.6082
788 -33.0581 -71.6081
736 -33.0582 -71.6081
192 -33.0584 -71.608
624 -33.0584 -71.608
365 -33.0585 -71.6079
71 -33.0583 -71.608
294 -33.0582 -71.6081
243 -33.0583 -71.608
882 -33.0583 -71.608
556 -33.0578 -71.6082
395 -33.0578 -71.6082
287 -33.0577 -71.6082
103 -33.0577 -71.6082
993 -33.0577 -71.6081
244 -33.0576 -71.6081
737 -33.0574 -71.6081
371 -33.0574 -71.6081
242 -33.0573 -71.6081
257 -33.0573 -71.608
339 -33.0572 -71.608
215 -33.0572 -71.608
232 -33.0572 -71.608
813 -33.0572 -71.608
839 -33.0571 -71.608
832 -33.0586 -71.6079
833 -33.061 -71.6075
592 -33.0609 -71.6074
977 -33.0617 -71.6073
662 -33.0607 -71.6076
753 -33.0605 -71.6077
557 -33.0601 -71.6077
46 -33.0601 -71.6072
912 -33.0602 -71.6072
808 -33.0612 -71.6068
441 -33.0634 -71.6065
159 -33.0609 -71.6065
925 -33.0607 -71.6064
281 -33.0602 -71.607
300 -33.0606 -71.6068
772 -33.0601 -71.6065
888 -33.0601 -71.6078
381 -33.06 -71.6077
952 -33.0594 -71.6076
183 -33.0594 -71.6076
714 -33.0591 -71.6076
757 -33.059 -71.6077
167 -33.0591 -71.6077
836 -33.0591 -71.6076
468 -33.0592 -71.6076
923 -33.0595 -71.6076
137 -33.0594 -71.6076
954 -33.0594 -71.6064
690 -33.0593 -71.6076
328 -33.0593 -71.6076
280 -33.0591 -71.6075
378 -33.0592 -71.6068
158 -33.0593 -71.6064
291 -33.063 -71.6061
147 -33.0628 -71.606
870 -33.0628 -71.6059
331 -33.0626 -71.6058
83 -33.0601 -71.6063
825 -33.0602 -71.6059
769 -33.0604 -71.6057
112 -33.0624 -71.6056
90 -33.0621 -71.6054
924 -33.0618 -71.6052
296 -33.0615 -71.6049
491 -33.061 -71.6055
857 -33.0607 -71.6054
922 -33.0608 -71.6054
78 -33.0608 -71.6046
129 -33.0601 -71.6063
32 -33.0595 -71.6064
311 -33.06 -71.6062
261 -33.06 -71.6062
873 -33.0593 -71.6064
527 -33.0592 -71.6063
513 -33.0591 -71.6063
525 -33.059 -71.6063
411 -33.0599 -71.6062
622 -33.06 -71.6062
843 -33.0601 -71.6061
169 -33.0597 -71.6045
620 -33.0597 -71.6045
221 -33.0591 -71.6054
293 -33.059 -71.6041
471 -33.0589 -71.6078
56 -33.0588 -71.6078
929 -33.0589 -71.6078
785 -33.0589 -71.6078
752 -33.0588 -71.6078
741 -33.0587 -71.6079
653 -33.0587 -71.6079
369 -33.0587 -71.6079
966 -33.0589 -71.6078
398 -33.0589 -71.6078
981 -33.0589 -71.6078
502 -33.0589 -71.6078
126 -33.0587 -71.6067
110 -33.0584 -71.6073
671 -33.0586 -71.6073
704 -33.0584 -71.6072
168 -33.0584 -71.6067
319 -33.0577 -71.6076
613 -33.0577 -71.6073
182 -33.0582 -71.6073
390 -33.0577 -71.6074
8 -33.0574 -71.6069
670 -33.0575 -71.6069
276 -33.0575 -71.6069
230 -33.0575 -71.6069
172 -33.058 -71.6067
16 -33.058 -71.6067
125 -33.0582 -71.6067
544 -33.0576 -71.6068
120 -33.0576 -71.6068
782 -33.0576 -71.6067
505 -33.0581 -71.6067
404 -33.0585 -71.6067
555 -33.0587 -71.6066
951 -33.0589 -71.6065
980 -33.0584 -71.6067
417 -33.0583 -71.6067
669 -33.0583 -71.6067
349 -33.0584 -71.6066
840 -33.0584 -71.6062
196 -33.0587 -71.6051
256 -33.0586 -71.605
99 -33.0588 -71.604
937 -33.0586 -71.6051
223 -33.0585 -71.6062
984 -33.0583 -71.6058
595 -33.0583 -71.6051
136 -33.0582 -71.6059
845 -33.0582 -71.6067
284 -33.0582 -71.6067
990 -33.058 -71.6062
477 -33.058 -71.6059
503 -33.0578 -71.6066
357 -33.0577 -71.6064
472 -33.0575 -71.6061
316 -33.0577 -71.6058
460 -33.0578 -71.6058
957 -33.058 -71.6046
1 -33.0577 -71.6046
768 -33.0576 -71.6049
98 -33.0575 -71.6051
30 -33.0571 -71.6047
141 -33.057 -71.6098
391 -33.0566 -71.61
815 -33.0567 -71.6097
673 -33.0564 -71.6096
372 -33.0557 -71.6104
517 -33.0553 -71.6104
336 -33.055 -71.6104
744 -33.0551 -71.6099
770 -33.0564 -71.6096
931 -33.0564 -71.6096
433 -33.0563 -71.6095
895 -33.0561 -71.6089
388 -33.0561 -71.6088
975 -33.0555 -71.6094
358 -33.056 -71.609
65 -33.056 -71.609
915 -33.0549 -71.6104
559 -33.054 -71.6114
401 -33.0539 -71.6112
345 -33.0538 -71.611
133 -33.0538 -71.611
74 -33.0537 -71.6108
278 -33.0536 -71.6107
27 -33.0536 -71.6107
920 -33.0539 -71.6105
180 -33.0544 -71.6105
995 -33.0545 -71.6105
621 -33.0546 -71.6104
894 -33.0541 -71.6105
258 -33.0536 -71.6085
695 -33.0536 -71.6085
428 -33.0535 -71.6085
465 -33.0537 -71.6085
246 -33.0546 -71.6085
841 -33.0546 -71.6085
486 -33.0546 -71.6085
162 -33.0545 -71.6085
702 -33.0545 -71.6085
249 -33.0544 -71.6085
798 -33.0544 -71.6085
898 -33.0544 -71.6085
3 -33.0546 -71.6085
969 -33.0547 -71.6085
459 -33.0547 -71.6084
814 -33.0546 -71.6085
524 -33.0544 -71.6085
288 -33.0544 -71.6085
338 -33.0543 -71.6085
865 -33.0543 -71.6085
974 -33.0543 -71.6085
4 -33.0541 -71.6085
817 -33.054 -71.6085
317 -33.0537 -71.6085
985 -33.0535 -71.6085
932 -33.0537 -71.6085
58 -33.0535 -71.6085
766 -33.054 -71.6085
379 -33.054 -71.6085
750 -33.0539 -71.6085
526 -33.0538 -71.6085
539 -33.0538 -71.6085
439 -33.0538 -71.6085
164 -33.0538 -71.6085
651 -33.0535 -71.6085
77 -33.053 -71.6116
780 -33.0533 -71.6115
337 -33.0535 -71.6114
31 -33.053 -71.6116
941 -33.0508 -71.6102
897 -33.0508 -71.6102
213 -33.0508 -71.6102
50 -33.051 -71.6101
631 -33.0512 -71.6099
541 -33.0512 -71.6099
854 -33.0512 -71.6099
436 -33.0512 -71.6099
868 -33.051 -71.6101
36 -33.0511 -71.61
84 -33.0512 -71.6099
318 -33.0507 -71.6102
694 -33.0501 -71.6108
383 -33.0501 -71.6108
799 -33.0501 -71.6106
716 -33.0501 -71.6109
643 -33.0491 -71.6114
968 -33.05 -71.6113
724 -33.0495 -71.6112
48 -33.0501 -71.6105
140 -33.0506 -71.6102
853 -33.0506 -71.6102
206 -33.0504 -71.6102
440 -33.0502 -71.6101
933 -33.0501 -71.6104
283 -33.0502 -71.6103
778 -33.0512 -71.6099
234 -33.0521 -71.6086
119 -33.0521 -71.6086
823 -33.0521 -71.6086
701 -33.0521 -71.6086
728 -33.052 -71.6089
680 -33.0521 -71.6087
590 -33.0521 -71.6087
418 -33.0521 -71.6086
656 -33.0533 -71.6084
342 -33.0532 -71.6084
312 -33.0532 -71.6084
457 -33.0522 -71.6084
231 -33.0521 -71.6086
634 -33.0521 -71.6085
807 -33.0521 -71.6085
0 -33.052 -71.609
612 -33.0515 -71.6096
302 -33.0517 -71.6094
432 -33.0517 -71.6094
960 -33.0515 -71.6096
586 -33.0513 -71.6098
519 -33.0513 -71.6098
218 -33.0514 -71.6097
515 -33.0517 -71.6094
648 -33.0519 -71.6092
538 -33.0519 -71.6091
637 -33.052 -71.609
462 -33.0518 -71.6093
374 -33.0517 -71.6094
435 -33.0504 -71.6091
329 -33.0532 -71.6084
731 -33.0568 -71.608
989 -33.0567 -71.608
397 -33.0567 -71.608
122 -33.0567 -71.608
806 -33.0567 -71.608
245 -33.0567 -71.608
691 -33.0566 -71.608
720 -33.0567 -71.608
887 -33.0565 -71.608
308 -33.0566 -71.608
21 -33.0566 -71.608
194 -33.0565 -71.608
875 -33.0564 -71.608
299 -33.0564 -71.608
554 -33.0564 -71.608
682 -33.0564 -71.608
953 -33.0553 -71.608
410 -33.0563 -71.608
264 -33.0563 -71.608
594 -33.0553 -71.608
570 -33.0552 -71.6081
39 -33.0553 -71.608
37 -33.0553 -71.608
871 -33.0563 -71.608
913 -33.0563 -71.608
359 -33.0562 -71.608
667 -33.0562 -71.608
921 -33.0562 -71.6079
135 -33.0554 -71.6079
47 -33.0554 -71.6079
28 -33.0554 -71.6079
289 -33.0561 -71.6079
67 -33.0562 -71.6074
193 -33.0567 -71.6074
628 -33.0563 -71.6074
184 -33.056 -71.6075
616 -33.0558 -71.6079
6 -33.056 -71.6075
567 -33.056 -71.6075
247 -33.0565 -71.6073
910 -33.057 -71.607
406 -33.057 -71.6046
826 -33.057 -71.6046
564 -33.0568 -71.6071
267 -33.0567 -71.6072
578 -33.0567 -71.6072
149 -33.0563 -71.6044
492 -33.0558 -71.6077
893 -33.0558 -71.6078
959 -33.0557 -71.6078
896 -33.0557 -71.6078
965 -33.0557 -71.6078
490 -33.0555 -71.6079
609 -33.0555 -71.6078
445 -33.0556 -71.6078
650 -33.0556 -71.6078
689 -33.0556 -71.6078
41 -33.0557 -71.6077
552 -33.0558 -71.6076
104 -33.0556 -71.6078
800 -33.0556 -71.6078
776 -33.0555 -71.6047
630 -33.0552 -71.6081
356 -33.0548 -71.6084
330 -33.0548 -71.6083
928 -33.0548 -71.6083
824 -33.0548 -71.6084
451 -33.0548 -71.6084
719 -33.0532 -71.6084
95 -33.0548 -71.6084
663 -33.0549 -71.6083
396 -33.055 -71.6082
936 -33.055 -71.6082
344 -33.055 -71.6082
131 -33.055 -71.6082
684 -33.0549 -71.6083
943 -33.0549 -71.6083
352 -33.055 -71.6083
779 -33.0532 -71.6084
241 -33.0531 -71.6084
596 -33.0531 -71.6084
96 -33.0531 -71.6084
947 -33.053 -71.6083
956 -33.0522 -71.6084
804 -33.0529 -71.6083
518 -33.0529 -71.6083
685 -33.0529 -71.6083
86 -33.0528 -71.6083
522 -33.0527 -71.6082
548 -33.0527 -71.6082
665 -33.0527 -71.6082
709 -33.0526 -71.6082
207 -33.0526 -71.6082
444 -33.0526 -71.6082
514 -33.0551 -71.6081
699 -33.0551 -71.6081
443 -33.0551 -71.6081
584 -33.0551 -71.6082
114 -33.0551 -71.6082
543 -33.0551 -71.6082
926 -33.0551 -71.6082
426 -33.0552 -71.6081
45 -33.0552 -71.6081
777 -33.0552 -71.6081
121 -33.0547 -71.6052
781 -33.0545 -71.6053
792 -33.0537 -71.6061
729 -33.0538 -71.6061
507 -33.0541 -71.6057
533 -33.0532 -71.6047
76 -33.0526 -71.6082
847 -33.0525 -71.6082
425 -33.0522 -71.6081
481 -33.0522 -71.6082
828 -33.0522 -71.6082
248 -33.0517 -71.6082
971 -33.0517 -71.6082
654 -33.0524 -71.6081
240 -33.0523 -71.6081
64 -33.0523 -71.6081
363 -33.0523 -71.6081
153 -33.0523 -71.6081
178 -33.0522 -71.6081
899 -33.0522 -71.6077
