978 -33.058 -71.6177
367 -33.0582 -71.6175
189 -33.0583 -71.6174
549 -33.0573 -71.6182
301 -33.0564 -71.6181
754 -33.056 -71.618
698 -33.056 -71.618
475 -33.0598 -71.6165
376 -33.0562 -71.616
269 -33.0562 -71.616
762 -33.0562 -71.6159
881 -33.0561 -71.6161
134 -33.056 -71.6162
816 -33.056 -71.6162
146 -33.0559 -71.6159
442 -33.0559 -71.6159
455 -33.0559 -71.618
760 -33.0557 -71.6179
809 -33.0557 -71.6179
271 -33.0555 -71.6178
456 -33.0553 -71.6179
803 -33.0553 -71.6179
919 -33.0553 -71.6176
587 -33.0555 -71.6173
542 -33.0557 -71.6167
42 -33.0557 -71.6166
580 -33.0558 -71.6159
361 -33.0557 -71.6167
216 -33.0555 -71.6173
373 -33.0556 -71.6172
69 -33.0557 -71.6168
520 -33.0562 -71.6159
693 -33.0562 -71.6159
407 -33.0562 -71.6152
945 -33.0591 -71.6151
602 -33.0562 -71.6158
107 -33.0561 -71.6158
255 -33.0561 -71.6157
389 -33.0561 -71.6152
450 -33.0563 -71.6151
483 -33.0583 -71.615
501 -33.0582 -71.615
531 -33.0582 -71.615
774 -33.0581 -71.615
822 -33.0564 -71.615
582 -33.0564 -71.615
994 -33.058 -71.615
123 -33.0561 -71.6157
279 -33.0561 -71.6157
105 -33.0556 -71.6156
726 -33.056 -71.6156
405 -33.0556 -71.6156
150 -33.0554 -71.6159
641 -33.0554 -71.6158
907 -33.0556 -71.6156
370 -33.056 -71.6155
408 -33.056 -71.6155
955 -33.056 -71.6155
743 -33.0561 -71.6152
476 -33.056 -71.6153
251 -33.0559 -71.6154
537 -33.0559 -71.6153
355 -33.0553 -71.6178
25 -33.0552 -71.6216
598 -33.0551 -71.6213
589 -33.0551 -71.6211
987 -33.0551 -71.6217
409 -33.0547 -71.6224
92 -33.055 -71.6218
710 -33.055 -71.6218
786 -33.0551 -71.621
829 -33.0551 -71.6209
979 -33.055 -71.6207
883 -33.0548 -71.6205
179 -33.0547 -71.6189
109 -33.0547 -71.6203
697 -33.0546 -71.6202
217 -33.0546 -71.6202
479 -33.0545 -71.6202
629 -33.0544 -71.6229
53 -33.0544 -71.6201
961 -33.0544 -71.6201
849 -33.0543 -71.6232
313 -33.0543 -71.62
940 -33.0541 -71.6199
176 -33.0541 -71.6199
66 -33.054 -71.6198
550 -33.054 -71.6198
880 -33.0543 -71.6189
831 -33.0539 -71.6184
142 -33.0539 -71.6198
85 -33.0539 -71.6198
177 -33.0539 -71.6188
431 -33.0539 -71.6184
687 -33.054 -71.6184
198 -33.055 -71.6181
844 -33.055 -71.618
838 -33.055 -71.618
973 -33.055 -71.6181
377 -33.055 -71.6182
775 -33.055 -71.6181
713 -33.055 -71.6181
761 -33.055 -71.6179
341 -33.0552 -71.6178
488 -33.0551 -71.6158
446 -33.0552 -71.6153
819 -33.0551 -71.6158
434 -33.055 -71.6179
290 -33.0549 -71.6175
403 -33.055 -71.6152
423 -33.0549 -71.6151
466 -33.0548 -71.6184
547 -33.0548 -71.6184
767 -33.0549 -71.6183
495 -33.0544 -71.6184
448 -33.0539 -71.6184
323 -33.0542 -71.6184
166 -33.0543 -71.6184
210 -33.0549 -71.6183
891 -33.0549 -71.6183
730 -33.0543 -71.6157
145 -33.0547 -71.615
546 -33.0542 -71.6156
254 -33.0539 -71.6156
117 -33.0539 -71.6156
963 -33.0565 -71.615
464 -33.0577 -71.6149
561 -33.0585 -71.6148
297 -33.0586 -71.6147
640 -33.0577 -71.6149
608 -33.0577 -71.6149
950 -33.0577 -71.6149
869 -33.0576 -71.6149
482 -33.0592 -71.6144
976 -33.0592 -71.6143
118 -33.0593 -71.6142
991 -33.0585 -71.6135
521 -33.0583 -71.6134
948 -33.0582 -71.6142
560 -33.0576 -71.6139
842 -33.0576 -71.6139
60 -33.0575 -71.6149
879 -33.0575 -71.6149
818 -33.0574 -71.6149
286 -33.0573 -71.6149
646 -33.0573 -71.6149
18 -33.0566 -71.6149
765 -33.0567 -71.6148
57 -33.0571 -71.6148
668 -33.057 -71.6148
124 -33.0575 -71.614
467 -33.0575 -71.6139
619 -33.0574 -71.6138
20 -33.0574 -71.6145
413 -33.0567 -71.6147
686 -33.0568 -71.6147
154 -33.057 -71.6135
962 -33.0568 -71.6133
354 -33.0588 -71.6129
43 -33.0588 -71.6129
576 -33.0588 -71.6129
747 -33.0587 -71.613
368 -33.0582 -71.613
579 -33.0583 -71.613
917 -33.0584 -71.613
523 -33.0579 -71.6129
326 -33.0592 -71.6129
790 -33.0593 -71.6129
19 -33.0594 -71.6129
414 -33.059 -71.6129
420 -33.059 -71.6129
872 -33.0582 -71.6129
298 -33.0576 -71.6129
238 -33.0575 -71.6128
967 -33.0573 -71.6128
237 -33.0573 -71.6128
305 -33.0572 -71.6127
209 -33.0568 -71.6126
591 -33.0567 -71.6133
563 -33.0568 -71.6126
642 -33.0567 -71.6125
51 -33.0567 -71.6125
366 -33.0567 -71.6125
751 -33.0567 -71.6125
627 -33.0566 -71.6125
307 -33.0566 -71.6125
958 -33.0566 -71.6125
52 -33.0566 -71.6125
636 -33.0565 -71.6132
127 -33.0565 -71.6149
61 -33.0559 -71.6131
175 -33.0562 -71.6131
773 -33.0556 -71.6131
274 -33.0555 -71.6131
571 -33.0556 -71.6131
424 -33.0553 -71.6131
402 -33.0565 -71.6124
197 -33.0553 -71.6124
452 -33.0563 -71.6124
303 -33.0554 -71.6124
909 -33.0552 -71.6124
674 -33.0551 -71.6124
848 -33.0551 -71.6124
916 -33.055 -71.6124
512 -33.055 -71.6131
7 -33.055 -71.613
797 -33.0548 -71.6129
506 -33.0548 -71.6129
40 -33.0547 -71.6128
171 -33.0543 -71.6147
611 -33.054 -71.6146
711 -33.054 -71.6146
49 -33.0545 -71.6126
577 -33.0548 -71.6124
387 -33.0548 -71.6124
789 -33.0548 -71.6124
23 -33.0548 -71.6124
212 -33.0543 -71.6124
252 -33.0548 -71.6124
272 -33.0546 -71.6124
733 -33.0563 -71.6124
173 -33.0562 -71.6124
12 -33.056 -71.6123
29 -33.0556 -71.6123
295 -33.0555 -71.6124
676 -33.0555 -71.6124
15 -33.0556 -71.6123
480 -33.056 -71.6123
927 -33.0559 -71.6123
35 -33.0558 -71.6123
679 -33.0558 -71.6123
214 -33.0558 -71.6123
14 -33.0557 -71.6123
351 -33.0557 -71.6123
22 -33.0544 -71.6122
310 -33.0544 -71.6123
160 -33.0544 -71.6123
998 -33.0543 -71.6123
649 -33.0543 -71.6123
601 -33.0542 -71.6123
603 -33.0542 -71.6123
347 -33.0542 -71.6123
386 -33.0541 -71.6123
224 -33.0542 -71.6123
89 -33.0543 -71.6122
551 -33.0543 -71.6122
575 -33.0543 -71.6122
645 -33.0542 -71.6122
986 -33.054 -71.6122
742 -33.054 -71.6122
292 -33.0538 -71.6156
647 -33.0537 -71.6197
115 -33.0537 -71.6197
497 -33.0537 -71.6197
796 -33.0537 -71.6197
5 -33.0537 -71.6197
890 -33.0537 -71.6196
226 -33.0536 -71.6196
703 -33.0536 -71.6196
930 -33.0538 -71.6188
266 -33.0537 -71.6188
253 -33.0537 -71.6188
487 -33.0535 -71.6188
38 -33.0535 -71.6195
678 -33.0535 -71.6192
260 -33.0535 -71.6191
327 -33.0535 -71.6194
315 -33.0535 -71.6195
500 -33.0535 -71.6194
632 -33.0534 -71.6188
727 -33.0534 -71.6188
614 -33.0534 -71.6188
250 -33.0532 -71.6188
17 -33.0532 -71.6188
393 -33.0532 -71.6188
163 -33.053 -71.6187
852 -33.053 -71.6187
128 -33.0529 -71.6187
830 -33.0529 -71.6187
504 -33.0529 -71.6187
111 -33.0528 -71.6187
144 -33.0528 -71.6187
597 -33.0527 -71.6187
262 -33.0537 -71.6184
116 -33.0537 -71.6184
340 -33.0538 -71.6184
399 -33.0537 -71.6184
412 -33.0525 -71.6186
859 -33.052 -71.6185
908 -33.0536 -71.6164
946 -33.0534 -71.6163
320 -33.0529 -71.6158
860 -33.0529 -71.6157
565 -33.0529 -71.6157
795 -33.0527 -71.6159
93 -33.0526 -71.6158
148 -33.0525 -71.6157
430 -33.0524 -71.6157
999 -33.0519 -71.6185
364 -33.0517 -71.6184
904 -33.0517 -71.6184
130 -33.0513 -71.6183
165 -33.0512 -71.6183
983 -33.051 -71.6182
10 -33.051 -71.6182
949 -33.0509 -71.6181
529 -33.0504 -71.6158
453 -33.0503 -71.6158
712 -33.0505 -71.6157
900 -33.0505 -71.6157
263 -33.0502 -71.6158
239 -33.0502 -71.6158
416 -33.0499 -71.6157
573 -33.0498 -71.6157
101 -33.0498 -71.6201
633 -33.0493 -71.6184
447 -33.0492 -71.6182
34 -33.0489 -71.618
360 -33.0485 -71.6183
80 -33.0486 -71.618
485 -33.0486 -71.6179
935 -33.0488 -71.6179
493 -33.0488 -71.6178
708 -33.0498 -71.6177
511 -33.0496 -71.6177
911 -33.0487 -71.6176
764 -33.0487 -71.6178
509 -33.0487 -71.6177
583 -33.0487 -71.6177
718 -33.0485 -71.6183
802 -33.0483 -71.6189
277 -33.0483 -71.6189
322 -33.0483 -71.6189
139 -33.0482 -71.619
205 -33.0482 -71.619
938 -33.0482 -71.619
820 -33.0482 -71.619
735 -33.0483 -71.6188
988 -33.0483 -71.6187
222 -33.0484 -71.6186
516 -33.0484 -71.6186
696 -33.0483 -71.6188
220 -33.0474 -71.6177
784 -33.0475 -71.6176
427 -33.0488 -71.6175
763 -33.0495 -71.6163
605 -33.0496 -71.6161
155 -33.0496 -71.6161
794 -33.0495 -71.6164
610 -33.049 -71.6168
635 -33.049 -71.6166
157 -33.0494 -71.6164
639 -33.0496 -71.6161
113 -33.0497 -71.6159
333 -33.0497 -71.6159
170 -33.0497 -71.6158
799 -33.0492 -71.6157
716 -33.0492 -71.616
694 -33.0492 -71.6159
383 -33.0492 -71.6159
152 -33.049 -71.6168
9 -33.0488 -71.6174
939 -33.0488 -71.6174
755 -33.0488 -71.6172
644 -33.0488 -71.6174
484 -33.0488 -71.6175
732 -33.0488 -71.6175
982 -33.0475 -71.6174
55 -33.0489 -71.6171
722 -33.049 -71.6169
530 -33.049 -71.6168
724 -33.048 -71.6158
827 -33.0479 -71.6162
88 -33.0477 -71.6168
643 -33.0478 -71.6164
889 -33.0498 -71.6157
812 -33.0537 -71.6156
992 -33.0537 -71.6156
892 -33.0536 -71.6155
721 -33.0534 -71.6155
783 -33.0523 -71.6156
385 -33.0524 -71.6156
756 -33.0523 -71.6156
864 -33.0534 -71.6155
545 -33.0534 -71.6155
787 -33.0533 -71.6155
585 -33.0531 -71.6139
835 -33.0529 -71.6138
739 -33.0527 -71.6137
100 -33.0526 -71.6137
749 -33.0522 -71.6134
659 -33.052 -71.6132
75 -33.0517 -71.6156
496 -33.0517 -71.6156
195 -33.0515 -71.6156
304 -33.0514 -71.6156
106 -33.0512 -71.6156
574 -33.0512 -71.6156
688 -33.0511 -71.6156
850 -33.0511 -71.6156
884 -33.051 -71.6156
13 -33.0508 -71.6156
572 -33.0509 -71.6156
191 -33.0507 -71.6155
174 -33.0506 -71.6155
273 -33.0507 -71.6155
652 -33.0506 -71.6155
24 -33.0516 -71.6131
309 -33.0538 -71.6122
151 -33.0536 -71.6122
759 -33.0536 -71.6122
905 -33.0536 -71.6122
102 -33.0535 -71.6122
108 -33.0534 -71.6122
208 -33.0534 -71.6122
200 -33.0533 -71.6122
202 -33.0533 -71.6122
615 -33.0532 -71.6121
70 -33.053 -71.6121
334 -33.053 -71.6121
837 -33.0529 -71.6121
801 -33.0528 -71.6121
87 -33.0527 -71.6121
661 -33.0527 -71.6121
964 -33.0516 -71.6131
494 -33.0512 -71.6131
278 -33.0511 -71.6131
27 -33.051 -71.6131
74 -33.051 -71.6131
683 -33.0508 -71.6131
133 -33.0508 -71.6131
345 -33.0507 -71.6131
894 -33.0511 -71.6123
588 -33.0511 -71.6122
725 -33.0526 -71.6121
638 -33.0511 -71.6123
920 -33.0511 -71.6125
666 -33.0511 -71.6124
401 -33.0505 -71.613
692 -33.0505 -71.6156
897 -33.0494 -71.6145
868 -33.0495 -71.6142
213 -33.0494 -71.6145
440 -33.0493 -71.6152
206 -33.0493 -71.615
318 -33.0494 -71.6146
394 -33.0495 -71.6142
854 -33.0495 -71.6139
586 -33.0495 -71.6139
612 -33.0496 -71.6135
834 -33.0495 -71.614
36 -33.0495 -71.6142
660 -33.0495 -71.6141
631 -33.0495 -71.614
283 -33.0493 -71.6154
901 -33.0492 -71.6156
48 -33.0484 -71.6144
933 -33.0484 -71.6144
553 -33.0483 -71.6146
968 -33.0481 -71.6154
793 -33.0482 -71.6152
972 -33.0482 -71.6152
348 -33.0484 -71.6143
140 -33.0485 -71.6136
941 -33.0486 -71.6135
862 -33.0486 -71.6134
853 -33.0485 -71.6136
81 -33.0484 -71.6143
604 -33.0484 -71.6142
432 -33.0496 -71.6133
758 -33.0502 -71.613
337 -33.0501 -71.613
44 -33.05 -71.613
353 -33.05 -71.613
374 -33.0496 -71.6133
462 -33.0497 -71.6132
77 -33.0497 -71.6131
780 -33.0498 -71.6129
234 -33.0498 -71.6124
680 -33.0498 -71.6123
457 -33.0499 -71.6121
701 -33.0498 -71.6124
54 -33.0497 -71.6129
637 -33.0497 -71.6127
0 -33.0498 -71.6126
302 -33.0496 -71.6133
855 -33.0487 -71.613
778 -33.0487 -71.6129
541 -33.0487 -71.6129
84 -33.0487 -71.613
435 -33.0486 -71.6133
50 -33.0486 -71.6133
314 -33.0487 -71.6131
31 -33.0495 -71.6129
851 -33.0493 -71.6129
960 -33.0488 -71.6126
515 -33.0489 -71.6122
218 -33.0488 -71.6127
436 -33.0487 -71.6129
519 -33.0488 -71.6127
877 -33.0526 -71.6121
970 -33.0593 -71.6105
748 -33.0577 -71.6102
259 -33.0575 -71.6101
72 -33.0574 -71.6101
26 -33.056 -71.6103
569 -33.0563 -71.6101
866 -33.0565 -71.61
463 -33.0573 -71.61
384 -33.0569 -71.6098
132 -33.058 -71.609
535 -33.057 -71.6088
886 -33.0568 -71.6097
606 -33.0567 -71.6097
876 -33.0567 -71.6096
874 -33.056 -71.609
558 -33.0559 -71.6095
190 -33.0555 -71.6104
187 -33.0552 -71.6104
2 -33.055 -71.6101
228 -33.0544 -71.6121
600 -33.0543 -71.6119
885 -33.0543 -71.6119
97 -33.0544 -71.6105
510 -33.0558 -71.6095
653 -33.0546 -71.6085
741 -33.0546 -71.6085
990 -33.0546 -71.6085
236 -33.0545 -71.6085
815 -33.0545 -71.6085
404 -33.0544 -71.6085
182 -33.0544 -71.6085
856 -33.0544 -71.6085
362 -33.0581 -71.6084
454 -33.0581 -71.6083
167 -33.0549 -71.6083
136 -33.0549 -71.6083
471 -33.0548 -71.6084
951 -33.0548 -71.6083
714 -33.0549 -71.6083
540 -33.0559 -71.6083
469 -33.0579 -71.6082
11 -33.0578 -71.6082
846 -33.0551 -71.6082
328 -33.0551 -71.6082
836 -33.055 -71.6083
126 -33.055 -71.6082
468 -33.055 -71.6082
981 -33.0548 -71.6084
56 -33.0546 -71.6085
704 -33.0546 -71.6085
460 -33.0547 -71.6085
369 -33.0546 -71.6085
832 -33.0544 -71.6085
365 -33.0543 -71.6085
669 -33.0543 -71.6085
752 -33.0547 -71.6085
398 -33.0547 -71.6084
502 -33.0548 -71.6084
757 -33.0548 -71.6084
785 -33.0547 -71.6084
966 -33.0547 -71.6084
671 -33.0547 -71.6084
624 -33.0543 -71.6085
204 -33.0542 -71.6118
211 -33.0542 -71.6118
343 -33.0542 -71.6117
863 -33.0542 -71.6117
324 -33.0541 -71.6115
593 -33.0541 -71.6115
734 -33.054 -71.6114
421 -33.054 -71.6113
141 -33.0539 -71.6112
227 -33.0539 -71.6112
681 -33.0539 -71.6105
607 -33.0539 -71.6112
771 -33.0539 -71.6112
498 -33.0538 -71.6112
821 -33.0538 -71.611
936 -33.0538 -71.6113
943 -33.0537 -71.6113
235 -33.0537 -71.6111
143 -33.0538 -71.611
68 -33.0537 -71.6111
433 -33.0535 -71.6114
931 -33.0536 -71.6113
861 -33.0536 -71.6108
415 -33.0535 -71.6106
745 -33.0536 -71.6105
782 -33.0536 -71.6085
556 -33.0536 -71.6085
390 -33.0536 -71.6086
268 -33.0536 -71.6105
120 -33.0536 -71.6086
375 -33.0536 -71.6085
349 -33.0543 -71.6085
417 -33.0543 -71.6085
673 -33.0542 -71.6085
284 -33.0542 -71.6085
192 -33.0541 -71.6085
770 -33.0542 -71.6085
125 -33.0542 -71.6085
845 -33.0541 -71.6085
243 -33.0541 -71.6085
71 -33.0541 -71.6085
505 -33.0541 -71.6085
882 -33.0541 -71.6085
325 -33.054 -71.6085
736 -33.054 -71.6085
16 -33.054 -71.6085
294 -33.054 -71.6085
811 -33.0537 -71.6085
675 -33.0537 -71.6085
997 -33.0537 -71.6085
287 -33.0536 -71.6085
544 -33.0536 -71.6085
395 -33.0535 -71.6085
103 -33.0535 -71.6085
321 -33.0539 -71.6085
172 -33.0539 -71.6085
199 -33.054 -71.6085
319 -33.0539 -71.6085
229 -33.0539 -71.6085
788 -33.0539 -71.6085
357 -33.0538 -71.6085
934 -33.0579 -71.6082
499 -33.058 -71.6081
332 -33.0581 -71.6081
977 -33.0582 -71.608
79 -33.058 -71.6081
400 -33.0577 -71.6081
461 -33.0577 -71.6081
335 -33.0576 -71.6081
581 -33.0583 -71.608
528 -33.059 -71.6079
280 -33.0589 -71.6078
419 -33.0589 -71.6078
925 -33.0589 -71.6078
672 -33.0584 -71.608
903 -33.0585 -71.6079
159 -33.0589 -71.6078
657 -33.0576 -71.6081
929 -33.0576 -71.6081
700 -33.0575 -71.6081
473 -33.0574 -71.6081
285 -33.0574 -71.6081
912 -33.0573 -71.6081
705 -33.0573 -71.6081
225 -33.0571 -71.608
438 -33.057 -71.608
858 -33.057 -71.608
168 -33.057 -71.608
888 -33.057 -71.608
740 -33.0569 -71.608
46 -33.0568 -71.608
282 -33.0568 -71.608
422 -33.0568 -71.608
63 -33.0589 -71.6078
474 -33.0595 -71.6077
300 -33.0598 -71.6077
808 -33.0595 -71.6076
677 -33.0594 -71.6077
281 -33.0592 -71.6075
311 -33.0581 -71.6067
112 -33.0587 -71.6066
491 -33.0589 -71.6065
331 -33.059 -71.6065
291 -33.0594 -71.6064
441 -33.0599 -71.6045
147 -33.0589 -71.6041
525 -33.0584 -71.6065
90 -33.0581 -71.6044
870 -33.0589 -71.604
924 -33.0578 -71.6046
613 -33.0573 -71.6075
411 -33.0574 -71.6069
223 -33.0573 -71.6069
477 -33.0571 -71.607
922 -33.0568 -71.6072
83 -33.057 -71.6071
873 -33.0571 -71.607
296 -33.0576 -71.6068
129 -33.0576 -71.6068
527 -33.0576 -71.6068
768 -33.0576 -71.6049
513 -33.0576 -71.6068
221 -33.0575 -71.6047
196 -33.057 -71.6047
833 -33.0568 -71.608
555 -33.0567 -71.608
138 -33.0567 -71.608
944 -33.0567 -71.608
478 -33.0567 -71.608
592 -33.0566 -71.608
772 -33.0565 -71.608
980 -33.0565 -71.608
810 -33.0565 -71.608
918 -33.0565 -71.608
219 -33.0565 -71.608
878 -33.0564 -71.608
662 -33.0564 -71.608
723 -33.0564 -71.608
489 -33.0564 -71.608
715 -33.0562 -71.608
458 -33.0562 -71.608
952 -33.0552 -71.6081
840 -33.0552 -71.6081
183 -33.0553 -71.6081
158 -33.0551 -71.6081
316 -33.0551 -71.6082
137 -33.0551 -71.6081
690 -33.0551 -71.6081
923 -33.0553 -71.608
378 -33.0562 -71.608
753 -33.0562 -71.608
664 -33.0562 -71.6079
32 -33.0553 -71.608
626 -33.0553 -71.608
706 -33.0553 -71.608
470 -33.0562 -71.6079
156 -33.0561 -71.6079
73 -33.056 -71.6079
62 -33.056 -71.6079
350 -33.056 -71.6079
622 -33.0558 -71.6076
503 -33.0559 -71.6076
261 -33.0558 -71.6076
843 -33.0559 -71.6076
472 -33.0566 -71.6072
857 -33.0567 -71.6072
78 -33.0566 -71.6045
769 -33.0563 -71.6074
984 -33.0561 -71.6075
825 -33.0561 -71.6075
954 -33.0562 -71.6074
557 -33.0558 -71.6079
381 -33.0557 -71.6078
532 -33.0557 -71.6078
110 -33.0557 -71.6078
94 -33.0557 -71.6078
746 -33.0556 -71.6078
595 -33.0546 -71.6052
98 -33.0547 -71.6052
256 -33.0548 -71.6051
937 -33.0554 -71.6048
169 -33.0557 -71.6043
620 -33.0557 -71.6043
293 -33.0549 -71.6045
957 -33.0538 -71.6048
99 -33.0547 -71.6046
276 -33.0535 -71.6087
356 -33.0534 -71.6114
391 -33.0535 -71.6114
437 -33.0535 -71.611
372 -33.0526 -71.6117
265 -33.0525 -71.6121
599 -33.0523 -71.6121
655 -33.0523 -71.612
738 -33.0535 -71.611
233 -33.0535 -71.611
82 -33.0534 -71.611
306 -33.0534 -71.611
185 -33.0532 -71.6109
707 -33.0531 -71.6109
562 -33.0529 -71.6107
181 -33.0529 -71.6106
744 -33.0522 -71.6117
201 -33.0519 -71.612
942 -33.0519 -71.612
392 -33.0518 -71.612
902 -33.0518 -71.612
186 -33.0512 -71.612
275 -33.0515 -71.612
449 -33.0514 -71.6119
996 -33.0513 -71.6119
915 -33.0517 -71.6118
336 -33.0518 -71.6118
517 -33.0521 -71.6117
621 -33.0514 -71.6119
805 -33.0512 -71.6119
180 -33.0512 -71.6119
33 -33.0513 -71.6114
91 -33.0528 -71.6106
625 -33.0528 -71.6106
658 -33.0528 -71.6106
534 -33.0528 -71.6106
203 -33.0527 -71.6103
623 -33.0526 -71.6103
867 -33.0526 -71.6102
382 -33.0526 -71.6102
791 -33.0524 -71.6099
299 -33.0533 -71.6099
566 -33.0523 -71.6098
536 -33.0523 -71.6097
429 -33.0522 -71.6097
161 -33.0522 -71.6096
270 -33.0522 -71.6096
584 -33.0516 -71.6095
114 -33.0516 -71.6095
969 -33.0512 -71.6099
95 -33.0513 -71.6098
451 -33.0513 -71.6098
841 -33.0512 -71.6099
338 -33.051 -71.6101
898 -33.051 -71.6101
246 -33.0512 -71.6099
330 -33.0514 -71.6097
543 -33.0515 -71.6096
926 -33.0515 -71.6096
396 -33.0516 -71.6095
352 -33.0515 -71.6096
684 -33.0514 -71.6097
131 -33.0515 -71.6096
524 -33.051 -71.6101
363 -33.0499 -71.6118
240 -33.0499 -71.6117
64 -33.0499 -71.6116
425 -33.0499 -71.6118
956 -33.0499 -71.612
481 -33.0499 -71.6119
828 -33.0499 -71.6119
654 -33.05 -71.6115
548 -33.05 -71.6113
665 -33.05 -71.6113
709 -33.05 -71.6113
522 -33.05 -71.6113
207 -33.05 -71.6114
76 -33.05 -71.6113
444 -33.05 -71.6113
847 -33.0498 -71.6113
248 -33.0492 -71.6113
971 -33.0492 -71.6113
418 -33.0492 -71.6112
590 -33.0491 -71.6113
648 -33.049 -71.6118
538 -33.049 -71.6118
728 -33.0491 -71.6117
153 -33.0496 -71.6112
178 -33.0495 -71.6112
807 -33.0493 -71.6112
231 -33.0492 -71.6112
119 -33.0492 -71.6112
823 -33.0492 -71.6112
634 -33.0492 -71.6112
86 -33.05 -71.611
379 -33.0507 -71.6102
817 -33.0506 -71.6102
766 -33.0506 -71.6102
750 -33.0506 -71.6102
651 -33.0502 -71.6103
258 -33.0502 -71.6102
526 -33.0504 -71.6102
164 -33.0505 -71.6102
439 -33.0504 -71.6102
539 -33.0505 -71.6102
974 -33.051 -71.6101
317 -33.0503 -71.6102
932 -33.0503 -71.6101
465 -33.0503 -71.6101
428 -33.0502 -71.6101
58 -33.0502 -71.6103
947 -33.0501 -71.6108
96 -33.0501 -71.6107
779 -33.0501 -71.6107
596 -33.0501 -71.6108
518 -33.05 -71.611
685 -33.05 -71.611
804 -33.05 -71.611
241 -33.0501 -71.6107
719 -33.0501 -71.6106
342 -33.0501 -71.6106
656 -33.0501 -71.6104
329 -33.0501 -71.6106
312 -33.0501 -71.6106
899 -33.0494 -71.6104
699 -33.0516 -71.6095
230 -33.0535 -71.6085
993 -33.0535 -71.6085
670 -33.0534 -71.6085
737 -33.0534 -71.6088
578 -33.0531 -71.6094
910 -33.0531 -71.6091
242 -33.0533 -71.6089
8 -33.0533 -71.6085
244 -33.0533 -71.6084
975 -33.0532 -71.6084
371 -33.0532 -71.6084
257 -33.0531 -71.6084
232 -33.0531 -71.6084
339 -33.053 -71.6083
215 -33.053 -71.6083
813 -33.053 -71.6083
184 -33.0522 -71.6084
921 -33.0522 -71.6084
667 -33.0522 -71.6083
567 -33.0521 -71.6085
906 -33.0521 -71.6094
289 -33.0521 -71.6085
6 -33.0521 -71.6085
359 -33.0522 -71.6083
839 -33.0529 -71.6083
564 -33.0528 -71.6083
731 -33.0527 -71.6082
358 -33.0527 -71.6082
871 -33.0522 -71.6083
65 -33.0527 -71.6082
267 -33.0526 -71.6082
397 -33.0525 -71.6082
193 -33.0525 -71.6082
122 -33.0525 -71.6082
989 -33.0525 -71.6082
895 -33.0525 -71.6082
245 -33.0525 -71.6082
720 -33.0525 -71.6082
691 -33.0525 -71.6082
806 -33.0525 -71.6082
406 -33.0533 -71.6064
30 -33.0527 -71.6047
1 -33.0534 -71.6047
826 -33.0527 -71.6048
308 -33.0525 -71.6081
247 -33.0524 -71.6081
388 -33.0524 -71.6081
887 -33.0524 -71.6081
67 -33.0522 -71.6081
21 -33.0524 -71.6081
194 -33.0523 -71.6081
682 -33.0522 -71.6081
264 -33.0522 -71.6082
410 -33.0522 -71.6082
875 -33.0522 -71.6081
554 -33.0523 -71.6081
628 -33.0523 -71.608
913 -33.0522 -71.6078
776 -33.0522 -71.6075
492 -33.0522 -71.6074
896 -33.0521 -71.6073
800 -33.0521 -71.6071
616 -33.0521 -71.6087
508 -33.0521 -71.6094
914 -33.052 -71.6093
617 -33.052 -71.6093
995 -33.0519 -71.6092
953 -33.0518 -71.6093
135 -33.0518 -71.6093
37 -33.0518 -71.6093
490 -33.0519 -71.6091
965 -33.052 -71.6089
959 -33.052 -71.6088
893 -33.052 -71.6088
445 -33.052 -71.609
609 -33.052 -71.6091
104 -33.052 -71.609
689 -33.052 -71.609
594 -33.0518 -71.6093
45 -33.0517 -71.6094
777 -33.0517 -71.6094
570 -33.0517 -71.6094
426 -33.0517 -71.6094
630 -33.0517 -71.6094
443 -33.0517 -71.6094
695 -33.0499 -71.6091
985 -33.0498 -71.6091
717 -33.0518 -71.6091
798 -33.0504 -71.6088
188 -33.0514 -71.6088
288 -33.0504 -71.6089
4 -33.0504 -71.6091
865 -33.0504 -71.6089
59 -33.0514 -71.6088
41 -33.0521 -71.6088
380 -33.0514 -71.6087
552 -33.0521 -71.6087
568 -33.0514 -71.6087
618 -33.0513 -71.6086
346 -33.051 -71.6086
507 -33.051 -71.6086
39 -33.0512 -71.6085
121 -33.0516 -71.6082
514 -33.0519 -71.6066
149 -33.0519 -71.6048
650 -33.0516 -71.6082
47 -33.0513 -71.6084
28 -33.0514 -71.6083
781 -33.0515 -71.6083
344 -33.0509 -71.6085
792 -33.0505 -71.6085
663 -33.0507 -71.6085
928 -33.0507 -71.6085
814 -33.0505 -71.6086
249 -33.0504 -71.6088
486 -33.0505 -71.6087
702 -33.0505 -71.6087
824 -33.0506 -71.6085
459 -33.0506 -71.6085
729 -33.0505 -71.6085
559 -33.0506 -71.6085
3 -33.0505 -71.6085
162 -33.0503 -71.6085
533 -33.0495 -71.6042
