115 -33.0542 -71.6244
647 -33.0542 -71.6244
5 -33.0542 -71.6244
497 -33.0542 -71.6244
66 -33.054 -71.6244
142 -33.0541 -71.6244
85 -33.0541 -71.6244
796 -33.0542 -71.6244
226 -33.0543 -71.6244
703 -33.0543 -71.6244
38 -33.0543 -71.6242
500 -33.0543 -71.6241
890 -33.0543 -71.6243
315 -33.0543 -71.6241
327 -33.0543 -71.624
550 -33.0539 -71.6244
479 -33.0533 -71.6246
697 -33.0533 -71.6246
961 -33.0536 -71.6245
217 -33.0533 -71.6246
883 -33.053 -71.6246
109 -33.0531 -71.6246
979 -33.0526 -71.6245
940 -33.0537 -71.6245
176 -33.0538 -71.6245
313 -33.0537 -71.624
53 -33.0535 -71.624
829 -33.0525 -71.6245
786 -33.0524 -71.6245
589 -33.0523 -71.6244
598 -33.0522 -71.6244
678 -33.0543 -71.6238
930 -33.0543 -71.6232
177 -33.0543 -71.6231
880 -33.0545 -71.6227
253 -33.0543 -71.6233
260 -33.0543 -71.6237
487 -33.0543 -71.6235
266 -33.0543 -71.6233
179 -33.0547 -71.6222
210 -33.0551 -71.6217
377 -33.0551 -71.6217
646 -33.0547 -71.6184
57 -33.0544 -71.6184
765 -33.0539 -71.6184
413 -33.054 -71.6184
668 -33.0544 -71.6184
189 -33.0538 -71.6184
537 -33.0534 -71.6188
408 -33.0532 -71.6188
370 -33.0532 -71.6188
255 -33.053 -71.6187
549 -33.0528 -71.6187
376 -33.0526 -71.6187
881 -33.0526 -71.6187
407 -33.0535 -71.6187
582 -33.0536 -71.6185
963 -33.0537 -71.6184
367 -33.0538 -71.6184
978 -33.0535 -71.6185
816 -33.0525 -71.6186
134 -33.0524 -71.6186
399 -33.0521 -71.62
92 -33.0519 -71.6246
987 -33.0519 -71.6245
25 -33.052 -71.6243
409 -33.0518 -71.6252
629 -33.0512 -71.6251
849 -33.0509 -71.6251
710 -33.0518 -71.6243
633 -33.0511 -71.623
116 -33.052 -71.62
547 -33.0516 -71.6193
775 -33.0514 -71.619
447 -33.051 -71.6229
34 -33.0508 -71.6227
935 -33.0507 -71.6226
493 -33.0506 -71.6225
101 -33.0504 -71.6243
732 -33.0504 -71.6222
716 -33.0504 -71.621
694 -33.0503 -71.6209
901 -33.0502 -71.6207
799 -33.0502 -71.6208
283 -33.0502 -71.6205
440 -33.0501 -71.6204
412 -33.0496 -71.62
597 -33.0495 -71.6197
144 -33.0495 -71.6196
111 -33.0495 -71.6196
163 -33.0494 -71.6195
852 -33.0494 -71.6195
17 -33.0494 -71.6192
250 -33.0494 -71.6191
713 -33.0514 -71.619
301 -33.052 -71.6185
542 -33.052 -71.6185
42 -33.0519 -71.6185
361 -33.0519 -71.6185
973 -33.0513 -71.6189
838 -33.0512 -71.6189
761 -33.0512 -71.6188
69 -33.0517 -71.6184
698 -33.0515 -71.6184
754 -33.0515 -71.6184
373 -33.0514 -71.6184
455 -33.0514 -71.6184
760 -33.0512 -71.6184
587 -33.0513 -71.6184
216 -33.0512 -71.6183
919 -33.0512 -71.6186
341 -33.0511 -71.6187
456 -33.051 -71.6186
355 -33.051 -71.6186
323 -33.05 -71.6187
687 -33.0498 -71.6187
831 -33.0497 -71.6187
448 -33.0497 -71.6186
166 -33.05 -71.6186
844 -33.0507 -71.6185
434 -33.0507 -71.6184
198 -33.0506 -71.6184
891 -33.0504 -71.6184
340 -33.0497 -71.6186
262 -33.0496 -71.6186
869 -33.0549 -71.6183
118 -33.0556 -71.6159
976 -33.0555 -71.6159
872 -33.0555 -71.6159
945 -33.0555 -71.6159
774 -33.0552 -71.6178
560 -33.0553 -71.6178
475 -33.0552 -71.6176
482 -33.0554 -71.6158
991 -33.0553 -71.6158
297 -33.0547 -71.6157
561 -33.0546 -71.6157
842 -33.0543 -71.6157
483 -33.0543 -71.6157
531 -33.0543 -71.6157
501 -33.0541 -71.6156
124 -33.0541 -71.6156
18 -33.0528 -71.6159
822 -33.0527 -71.6158
450 -33.0526 -71.6158
743 -33.0523 -71.6156
809 -33.0512 -71.6183
476 -33.0522 -71.6157
251 -33.0522 -71.6157
955 -33.0519 -71.6156
726 -33.0519 -71.6156
279 -33.0519 -71.6156
389 -33.0524 -71.6156
123 -33.0519 -71.6156
602 -33.0517 -71.6156
107 -33.0517 -71.6156
520 -33.0516 -71.6156
693 -33.0516 -71.6156
640 -33.0538 -71.6156
464 -33.0538 -71.6156
950 -33.0537 -71.6156
608 -33.0537 -71.6156
20 -33.0537 -71.6156
60 -33.0535 -71.6155
879 -33.0535 -71.6155
818 -33.0534 -71.6155
286 -33.0534 -71.6155
948 -33.0554 -71.6155
994 -33.0544 -71.6148
686 -33.0533 -71.6141
127 -33.0529 -71.6138
936 -33.0518 -71.6137
762 -33.0518 -71.6131
943 -33.0517 -71.6138
269 -33.0515 -71.6156
356 -33.0516 -71.614
931 -33.0517 -71.6139
442 -33.0512 -71.6156
146 -33.0512 -71.6156
580 -33.0512 -71.6156
271 -33.0511 -71.6156
268 -33.0515 -71.6131
105 -33.0511 -71.6131
907 -33.0511 -71.6131
405 -33.0511 -71.6131
299 -33.0511 -71.613
792 -33.051 -71.6131
197 -33.0511 -71.613
916 -33.051 -71.6131
803 -33.0509 -71.6181
767 -33.0502 -71.6179
466 -33.0501 -71.6178
495 -33.0497 -71.6177
292 -33.0496 -71.6161
254 -33.0496 -71.616
117 -33.0496 -71.616
546 -33.0497 -71.6158
290 -33.0505 -71.6157
150 -33.0508 -71.6155
641 -33.0507 -71.6155
819 -33.0505 -71.6156
730 -33.0499 -71.6157
488 -33.0505 -71.6156
689 -33.0496 -71.6135
609 -33.0496 -71.6135
812 -33.0495 -71.6163
992 -33.0495 -71.6163
352 -33.0495 -71.6143
892 -33.0494 -71.6164
864 -33.0494 -71.6165
95 -33.0494 -71.6145
684 -33.0494 -71.6144
396 -33.0495 -71.6142
443 -33.0495 -71.614
570 -33.0495 -71.614
953 -33.0495 -71.6138
426 -33.0495 -71.614
543 -33.0495 -71.6142
699 -33.0495 -71.6141
893 -33.0496 -71.6133
577 -33.0508 -71.6131
387 -33.0507 -71.6131
252 -33.0507 -71.6131
745 -33.0507 -71.6131
23 -33.0507 -71.6131
415 -33.0506 -71.6131
446 -33.0506 -71.6131
272 -33.0505 -71.613
507 -33.0505 -71.613
423 -33.0503 -71.613
310 -33.0503 -71.613
403 -33.0503 -71.613
160 -33.0503 -71.613
998 -33.0502 -71.613
649 -33.0502 -71.613
143 -33.0501 -71.613
6 -33.0497 -71.613
386 -33.0501 -71.613
145 -33.05 -71.613
433 -33.0497 -71.6132
391 -33.0496 -71.6133
959 -33.0497 -71.6132
41 -33.0497 -71.6132
141 -33.0499 -71.613
986 -33.0499 -71.6129
309 -33.0497 -71.6129
151 -33.0496 -71.6129
171 -33.0496 -71.6129
759 -33.0495 -71.6129
102 -33.0494 -71.6129
632 -33.0494 -71.619
999 -33.0493 -71.6205
206 -33.0482 -71.6204
859 -33.0493 -71.6203
318 -33.0476 -71.6202
983 -33.0475 -71.6204
239 -33.0476 -71.6202
453 -33.0476 -71.6202
165 -33.0476 -71.6202
213 -33.0479 -71.62
712 -33.0477 -71.62
900 -33.0477 -71.6198
897 -33.0477 -71.62
263 -33.0476 -71.6201
130 -33.0476 -71.62
529 -33.0477 -71.62
10 -33.0475 -71.6203
55 -33.0474 -71.6226
755 -33.0474 -71.6226
722 -33.0474 -71.6223
530 -33.0474 -71.6223
939 -33.0472 -71.6228
9 -33.0473 -71.6228
152 -33.0474 -71.6222
511 -33.0474 -71.622
889 -33.0474 -71.6206
949 -33.0474 -71.6203
416 -33.0473 -71.6202
573 -33.0473 -71.6202
708 -33.0473 -71.6218
383 -33.0472 -71.6213
605 -33.0473 -71.6211
36 -33.0477 -71.6198
106 -33.0482 -71.619
688 -33.0482 -71.619
462 -33.0482 -71.619
850 -33.0482 -71.6191
572 -33.048 -71.6193
612 -33.0481 -71.6191
884 -33.0481 -71.6191
574 -33.0482 -71.619
432 -33.0494 -71.6188
302 -33.0494 -71.6188
77 -33.0494 -71.6186
0 -33.0484 -71.6184
374 -33.0483 -71.6189
780 -33.0484 -71.6187
195 -33.0484 -71.6186
13 -33.048 -71.6193
854 -33.0478 -71.6196
631 -33.0478 -71.6196
834 -33.0479 -71.6196
660 -33.0478 -71.6197
868 -33.0477 -71.6198
394 -33.0478 -71.6198
692 -33.0478 -71.6197
904 -33.0479 -71.6195
586 -33.0479 -71.6195
191 -33.0479 -71.6194
273 -33.0479 -71.6194
364 -33.0479 -71.6195
174 -33.0479 -71.6195
218 -33.0472 -71.6184
519 -33.0472 -71.6184
718 -33.0464 -71.6229
80 -33.0467 -71.6229
485 -33.0468 -71.6229
360 -33.0464 -71.6229
696 -33.0461 -71.623
516 -33.0462 -71.623
222 -33.0462 -71.623
764 -33.0469 -71.6228
583 -33.047 -71.6228
911 -33.0471 -71.6228
484 -33.0471 -71.6228
509 -33.047 -71.6228
427 -33.0461 -71.6217
644 -33.0461 -71.6216
724 -33.0462 -71.6213
827 -33.0461 -71.6217
322 -33.046 -71.6232
277 -33.046 -71.6231
802 -33.046 -71.6231
938 -33.0459 -71.6232
205 -33.0459 -71.6233
820 -33.0459 -71.6233
139 -33.0459 -71.6233
735 -33.046 -71.6231
982 -33.0454 -71.6227
88 -33.0457 -71.6223
643 -33.0459 -71.622
988 -33.0453 -71.6227
220 -33.0452 -71.623
784 -33.0452 -71.6229
968 -33.0463 -71.6211
170 -33.0471 -71.6202
333 -33.0471 -71.6202
862 -33.047 -71.6191
113 -33.047 -71.6201
140 -33.0469 -71.6193
853 -33.0469 -71.6193
941 -33.047 -71.6191
435 -33.047 -71.619
436 -33.0471 -71.6186
778 -33.0471 -71.6186
541 -33.0471 -71.6186
855 -33.0471 -71.6187
50 -33.047 -71.6189
314 -33.0471 -71.6188
84 -33.0471 -71.6188
639 -33.0469 -71.6201
553 -33.0466 -71.6202
157 -33.0466 -71.6202
48 -33.0467 -71.6201
635 -33.0465 -71.6207
610 -33.0464 -71.621
793 -33.0464 -71.6208
972 -33.0465 -71.6208
794 -33.0467 -71.6201
155 -33.0468 -71.6201
81 -33.0467 -71.62
604 -33.0467 -71.6199
348 -33.0467 -71.62
763 -33.0467 -71.6201
933 -33.0467 -71.6201
496 -33.0485 -71.6184
637 -33.0493 -71.6184
680 -33.049 -71.6181
431 -33.0492 -71.6176
234 -33.049 -71.618
956 -33.0488 -71.6179
64 -33.0488 -71.6174
93 -33.0488 -71.6173
654 -33.0488 -71.6173
709 -33.0489 -71.6171
76 -33.0489 -71.6171
207 -33.0489 -71.6171
548 -33.0489 -71.6172
27 -33.0488 -71.6173
74 -33.0488 -71.6173
278 -33.0489 -71.6172
240 -33.0488 -71.6175
457 -33.0486 -71.6179
614 -33.0486 -71.6179
727 -33.0486 -71.6179
701 -33.0485 -71.6182
504 -33.0485 -71.6184
830 -33.0485 -71.6183
337 -33.0485 -71.6182
828 -33.0487 -71.6178
401 -33.0487 -71.6177
363 -33.0487 -71.6175
425 -33.0487 -71.6175
430 -33.0487 -71.6176
481 -33.0487 -71.6177
783 -33.0487 -71.6177
393 -33.0484 -71.6175
522 -33.0489 -71.6171
545 -33.0493 -71.6165
721 -33.0494 -71.6165
908 -33.0494 -71.6165
787 -33.0493 -71.6165
946 -33.0492 -71.6165
180 -33.0492 -71.616
428 -33.0492 -71.6159
164 -33.0492 -71.6157
246 -33.0493 -71.6149
841 -33.0494 -71.6148
108 -33.0494 -71.6129
524 -33.0493 -71.6152
539 -33.0492 -71.6157
750 -33.0492 -71.6155
379 -33.0492 -71.6155
258 -33.0491 -71.6161
804 -33.0489 -71.6169
565 -33.0489 -71.6169
329 -33.0491 -71.6165
86 -33.0489 -71.6169
665 -33.0489 -71.6171
518 -33.0489 -71.6169
795 -33.0485 -71.6166
860 -33.0488 -71.6164
656 -33.0491 -71.6163
777 -33.0487 -71.613
801 -33.0487 -71.613
320 -33.0486 -71.6164
974 -33.0485 -71.614
336 -33.0485 -71.614
817 -33.0484 -71.6144
128 -33.0482 -71.6175
756 -33.0483 -71.6171
178 -33.0478 -71.6166
807 -33.0477 -71.6168
119 -33.0477 -71.617
231 -33.0477 -71.6169
823 -33.0477 -71.6169
153 -33.0478 -71.6164
148 -33.0481 -71.6163
385 -33.048 -71.6163
899 -33.0479 -71.6162
847 -33.0479 -71.6163
683 -33.0479 -71.6163
345 -33.0479 -71.6163
133 -33.0478 -71.6162
971 -33.0477 -71.617
31 -33.0474 -71.6178
648 -33.0475 -71.6175
538 -33.0475 -71.6175
515 -33.0474 -71.6179
960 -33.0472 -71.6183
652 -33.0473 -71.6181
851 -33.0474 -71.6179
728 -33.0476 -71.6173
248 -33.0476 -71.6171
758 -33.0476 -71.6171
418 -33.0477 -71.617
590 -33.0476 -71.6171
304 -33.0476 -71.6173
44 -33.0476 -71.6172
75 -33.0473 -71.6162
719 -33.0481 -71.6154
342 -33.0481 -71.6153
638 -33.0482 -71.6152
779 -33.0481 -71.6154
596 -33.0481 -71.6155
947 -33.0481 -71.6155
920 -33.0481 -71.6155
666 -33.0482 -71.6152
465 -33.0483 -71.6148
932 -33.0483 -71.6147
439 -33.0483 -71.6146
805 -33.0483 -71.6148
894 -33.0482 -71.6152
651 -33.0482 -71.6151
58 -33.0482 -71.6151
685 -33.048 -71.6157
444 -33.0479 -71.6161
588 -33.0473 -71.6139
317 -33.0475 -71.6136
312 -33.0472 -71.6141
634 -33.047 -71.6158
96 -33.0472 -71.6143
241 -33.0472 -71.6142
526 -33.0475 -71.6135
915 -33.0477 -71.6131
902 -33.0477 -71.613
338 -33.0477 -71.6129
766 -33.0476 -71.6133
996 -33.0475 -71.6134
749 -33.0475 -71.6134
711 -33.0493 -71.6129
19 -33.0545 -71.6124
790 -33.0543 -71.6123
354 -33.0544 -71.6122
326 -33.0542 -71.6123
420 -33.054 -71.6122
414 -33.054 -71.6122
576 -33.0538 -71.6122
43 -33.0538 -71.6122
579 -33.0543 -71.6118
368 -33.0542 -71.6116
467 -33.054 -71.6114
521 -33.0538 -71.6122
747 -33.0538 -71.6122
619 -33.0538 -71.6112
259 -33.0537 -71.6111
72 -33.0537 -71.6113
917 -33.0534 -71.6122
523 -33.053 -71.6121
298 -33.0527 -71.6121
569 -33.0525 -71.6117
238 -33.0524 -71.6121
305 -33.0522 -71.612
192 -33.0522 -71.6117
874 -33.0526 -71.6116
463 -33.0536 -71.6114
237 -33.0535 -71.6111
154 -33.0535 -71.6111
967 -33.0535 -71.6111
866 -33.0527 -71.6116
384 -33.0531 -71.6109
591 -33.0531 -71.6109
563 -33.0531 -71.6109
209 -33.053 -71.6108
636 -33.0529 -71.6108
132 -33.0536 -71.6105
627 -33.0529 -71.6107
366 -33.0529 -71.6107
751 -33.0529 -71.6107
307 -33.0529 -71.6107
772 -33.0535 -71.6105
970 -33.0545 -71.6105
810 -33.0535 -71.6104
592 -33.0534 -71.6103
922 -33.0533 -71.6101
83 -33.0533 -71.6098
873 -33.0532 -71.6097
98 -33.0531 -71.6093
52 -33.0528 -71.6106
402 -33.0528 -71.6105
452 -33.0527 -71.6105
175 -33.0527 -71.6104
61 -33.0525 -71.6102
12 -33.0525 -71.6101
927 -33.0524 -71.61
35 -33.0524 -71.6099
773 -33.0524 -71.6099
274 -33.0523 -71.6098
679 -33.0524 -71.6098
190 -33.0522 -71.6096
676 -33.0522 -71.6096
424 -33.0522 -71.6096
303 -33.0521 -71.6095
26 -33.0521 -71.6117
962 -33.052 -71.612
51 -33.0518 -71.612
642 -33.0517 -71.612
958 -33.0516 -71.612
187 -33.0514 -71.6119
276 -33.0515 -71.6119
390 -33.0516 -71.6118
120 -33.0516 -71.6118
811 -33.0517 -71.6118
782 -33.0517 -71.6118
505 -33.0521 -71.6117
675 -33.0517 -71.6118
556 -33.0516 -71.6118
29 -33.0515 -71.6114
15 -33.0515 -71.6114
214 -33.0514 -71.6116
14 -33.0511 -71.6124
480 -33.0511 -71.6122
910 -33.0511 -71.6121
351 -33.0511 -71.6125
295 -33.0511 -71.6128
97 -33.0511 -71.6127
578 -33.0511 -71.6125
733 -33.0513 -71.6119
737 -33.0513 -71.6119
2 -33.0513 -71.6119
571 -33.0514 -71.6117
909 -33.0512 -71.6114
242 -33.0512 -71.6119
173 -33.0512 -71.6119
789 -33.0508 -71.6113
512 -33.0521 -71.6094
797 -33.052 -71.6093
674 -33.052 -71.6092
622 -33.0517 -71.6094
746 -33.0515 -71.6096
110 -33.0516 -71.6095
94 -33.0516 -71.6095
7 -33.052 -71.6092
378 -33.052 -71.609
40 -33.052 -71.609
954 -33.052 -71.6089
506 -33.052 -71.609
848 -33.052 -71.6092
470 -33.0519 -71.6092
825 -33.052 -71.6091
32 -33.0513 -71.6098
681 -33.051 -71.6101
22 -33.051 -71.6101
316 -33.0511 -71.61
575 -33.051 -71.6101
981 -33.0508 -71.6102
398 -33.0508 -71.6102
167 -33.0509 -71.6102
846 -33.0511 -71.61
603 -33.0513 -71.6098
626 -33.0513 -71.6098
923 -33.0513 -71.6098
840 -33.0512 -71.6099
158 -33.0511 -71.61
137 -33.0511 -71.61
769 -33.052 -71.6089
281 -33.0545 -71.6085
331 -33.0543 -71.6085
491 -33.0542 -71.6085
63 -33.0541 -71.6085
280 -33.0541 -71.6085
419 -33.0541 -71.6085
925 -33.0541 -71.6085
886 -33.054 -71.6085
677 -33.0547 -71.6085
291 -33.0548 -71.6084
474 -33.0548 -71.6084
808 -33.0547 -71.6085
159 -33.054 -71.6085
112 -33.054 -71.6085
606 -33.0539 -71.6085
876 -33.0538 -71.6085
672 -33.0536 -71.6085
903 -33.0537 -71.6085
525 -33.0538 -71.6085
581 -33.0535 -71.6085
311 -33.0535 -71.6085
977 -33.0533 -71.6085
362 -33.0533 -71.6085
454 -33.0533 -71.6084
332 -33.0533 -71.6084
934 -33.0532 -71.6084
558 -33.0532 -71.6084
79 -33.0531 -71.6084
499 -33.0531 -71.6084
469 -33.0531 -71.6084
129 -33.053 -71.6083
11 -33.053 -71.6083
510 -33.053 -71.6083
748 -33.0549 -71.6083
300 -33.055 -71.6082
513 -33.0529 -71.6083
296 -33.0529 -71.6083
461 -33.0529 -71.6083
527 -33.0529 -71.6083
528 -33.0552 -71.6081
768 -33.0541 -71.6056
147 -33.0542 -71.6047
441 -33.0551 -71.6045
870 -33.0541 -71.6047
196 -33.0529 -71.6066
924 -33.0529 -71.6047
90 -33.0533 -71.6047
335 -33.0528 -71.6083
400 -33.0528 -71.6083
929 -33.0528 -71.6083
411 -33.0527 -71.6082
657 -33.0527 -71.6082
223 -33.0527 -71.6082
700 -33.0526 -71.6082
613 -33.0526 -71.6082
473 -33.0526 -71.6082
912 -33.0525 -71.6082
285 -33.0526 -71.6082
221 -33.0526 -71.6048
535 -33.0525 -71.6082
705 -33.0525 -71.6081
477 -33.0524 -71.6081
225 -33.0523 -71.6081
472 -33.0521 -71.6085
422 -33.0522 -71.6084
212 -33.0522 -71.6083
555 -33.0521 -71.6085
662 -33.052 -71.6089
219 -33.0521 -71.6087
944 -33.0521 -71.6086
857 -33.0522 -71.6083
438 -33.0523 -71.6081
858 -33.0523 -71.608
168 -33.0523 -71.608
888 -33.0522 -71.6081
46 -33.0522 -71.6083
740 -33.0521 -71.6081
282 -33.0521 -71.6081
833 -33.052 -71.608
49 -33.0515 -71.6089
601 -33.0512 -71.6086
256 -33.0512 -71.6084
261 -33.0511 -71.6085
224 -33.0511 -71.6086
89 -33.051 -71.6086
595 -33.051 -71.6085
503 -33.0513 -71.6084
723 -33.0517 -71.6081
937 -33.0518 -71.6081
478 -33.0519 -71.608
715 -33.0515 -71.6083
843 -33.0513 -71.6084
984 -33.0514 -71.6083
645 -33.0522 -71.608
551 -33.0522 -71.6079
138 -33.0522 -71.6077
918 -33.0522 -71.6075
980 -33.0522 -71.6074
878 -33.0522 -71.6073
489 -33.0522 -71.6073
458 -33.0521 -71.6071
664 -33.052 -71.607
540 -33.052 -71.607
156 -33.052 -71.607
593 -33.052 -71.6068
73 -33.052 -71.6068
421 -33.0519 -71.6067
557 -33.0519 -71.6066
227 -33.0519 -71.6066
381 -33.0519 -71.6066
753 -33.0517 -71.6076
532 -33.0519 -71.6066
706 -33.0517 -71.6061
62 -33.0515 -71.6075
228 -33.0513 -71.6079
350 -33.0515 -71.6075
502 -33.0511 -71.6058
752 -33.051 -71.6058
169 -33.0511 -71.6051
620 -33.0511 -71.6051
78 -33.0517 -71.6048
966 -33.051 -71.6058
181 -33.051 -71.6058
815 -33.0507 -71.6057
671 -33.0507 -71.6102
682 -33.0498 -71.6126
554 -33.0498 -71.6124
887 -33.0498 -71.6123
921 -33.0497 -71.6128
611 -33.0493 -71.6129
184 -33.0497 -71.6128
871 -33.0497 -71.6128
257 -33.05 -71.6114
347 -33.0502 -71.6113
742 -33.0499 -71.6113
670 -33.05 -71.6112
371 -33.0499 -71.6113
813 -33.0497 -71.6112
905 -33.0496 -71.6112
731 -33.0494 -71.6112
397 -33.0493 -71.6112
200 -33.0493 -71.6129
208 -33.0492 -71.6129
202 -33.0491 -71.6129
615 -33.0491 -71.6129
334 -33.049 -71.6129
70 -33.0489 -71.6129
837 -33.0488 -71.6129
445 -33.0489 -71.6124
267 -33.0492 -71.6112
245 -33.0492 -71.6112
720 -33.0492 -71.6112
247 -33.0491 -71.6112
67 -33.0491 -71.6115
691 -33.0491 -71.6112
806 -33.0491 -71.6112
410 -33.0489 -71.6112
704 -33.0506 -71.6102
741 -33.0505 -71.6102
236 -33.0504 -71.6102
284 -33.0502 -71.6103
736 -33.0501 -71.6104
294 -33.0501 -71.6104
882 -33.0502 -71.6103
404 -33.0504 -71.6102
885 -33.0506 -71.6102
832 -33.0504 -71.6102
856 -33.0504 -71.6102
182 -33.0504 -71.6102
349 -33.0502 -71.6102
669 -33.0503 -71.6101
861 -33.0503 -71.6101
199 -33.0501 -71.6105
776 -33.0492 -71.611
230 -33.05 -71.611
997 -33.0501 -71.6108
875 -33.0489 -71.6112
264 -33.0488 -71.6112
359 -33.0488 -71.6112
667 -33.0487 -71.6112
375 -33.0501 -71.6108
229 -33.0501 -71.6106
319 -33.0501 -71.6105
321 -33.0501 -71.6105
357 -33.0501 -71.6107
8 -33.0494 -71.6099
215 -33.0491 -71.6099
87 -33.0487 -71.6129
661 -33.0486 -71.6129
725 -33.0486 -71.6129
372 -33.0485 -71.6129
877 -33.0484 -71.6129
265 -33.0484 -71.6129
599 -33.0483 -71.6129
655 -33.0482 -71.6128
585 -33.0482 -71.6128
517 -33.0481 -71.6128
744 -33.048 -71.6128
835 -33.048 -71.6128
926 -33.048 -71.6121
451 -33.0479 -71.6123
330 -33.0479 -71.6123
131 -33.0479 -71.6121
729 -33.0479 -71.6123
201 -33.0478 -71.6129
942 -33.0478 -71.6129
898 -33.0477 -71.6128
392 -33.0477 -71.6129
739 -33.0477 -71.6129
100 -33.0477 -71.6128
621 -33.0473 -71.6127
186 -33.047 -71.6127
659 -33.047 -71.6127
969 -33.0478 -71.6126
964 -33.0466 -71.6125
24 -33.0466 -71.6125
494 -33.0462 -71.6124
353 -33.045 -71.6121
114 -33.048 -71.612
135 -33.0481 -71.6117
37 -33.0481 -71.6116
490 -33.0482 -71.6115
594 -33.0481 -71.6117
584 -33.048 -71.612
630 -33.048 -71.6119
45 -33.048 -71.6119
104 -33.0482 -71.6114
567 -33.0486 -71.6112
289 -33.0486 -71.6111
193 -33.0486 -71.6098
616 -33.0484 -71.6111
781 -33.0483 -71.6111
965 -33.0483 -71.6111
552 -33.0483 -71.6111
275 -33.0475 -71.611
449 -33.0474 -71.611
33 -33.0464 -71.6109
288 -33.0461 -71.6098
865 -33.046 -71.6098
54 -33.0448 -71.6119
4 -33.0459 -71.6098
695 -33.0454 -71.6098
798 -33.0461 -71.6098
702 -33.0463 -71.6098
814 -33.0463 -71.6098
3 -33.0464 -71.6098
486 -33.0462 -71.6098
985 -33.0452 -71.6098
249 -33.0462 -71.6098
459 -33.0465 -71.6098
211 -33.0507 -71.6092
324 -33.0505 -71.6092
126 -33.0504 -71.6088
785 -33.0504 -71.6092
757 -33.0503 -71.6092
821 -33.0503 -71.6092
653 -33.0502 -71.6092
468 -33.0505 -71.6087
952 -33.0505 -71.6086
183 -33.0505 -71.6085
600 -33.0505 -71.6085
204 -33.0503 -71.6085
343 -33.0503 -71.6085
328 -33.0503 -71.6085
863 -33.0502 -71.6085
836 -33.0502 -71.6085
990 -33.0502 -71.6092
406 -33.0498 -71.6091
845 -33.0497 -71.6091
243 -33.0497 -71.6091
395 -33.0495 -71.6097
172 -33.0496 -71.6092
16 -33.0496 -71.6092
707 -33.0493 -71.6091
714 -33.0502 -71.6085
136 -33.0501 -71.6085
951 -33.0501 -71.6084
734 -33.05 -71.6084
771 -33.0497 -71.6084
607 -33.0497 -71.6084
498 -33.0496 -71.6084
68 -33.0495 -71.6084
690 -33.0506 -71.6073
471 -33.0502 -71.6072
369 -33.05 -71.6072
56 -33.05 -71.6072
460 -33.05 -71.6072
624 -33.0497 -71.6071
365 -33.0497 -71.6071
957 -33.0501 -71.6066
382 -33.0505 -71.6057
673 -33.0505 -71.6057
770 -33.0505 -71.6057
293 -33.0504 -71.6049
788 -33.0502 -71.6056
244 -33.0497 -71.6054
99 -33.0502 -71.6047
235 -33.0495 -71.6084
417 -33.0494 -71.6084
125 -33.0494 -71.6083
233 -33.0493 -71.6083
82 -33.0493 -71.6083
738 -33.0493 -71.6083
306 -33.0493 -71.6083
437 -33.0493 -71.6083
71 -33.0493 -71.6083
325 -33.0495 -71.6071
564 -33.0491 -71.6052
1 -33.0493 -71.6036
358 -33.049 -71.6051
185 -33.049 -71.6083
65 -33.049 -71.605
122 -33.049 -71.605
623 -33.0486 -71.6091
544 -33.0487 -71.6083
562 -33.0486 -71.6082
91 -33.0486 -71.6082
121 -33.0476 -71.6098
650 -33.0475 -71.6098
625 -33.0485 -71.6082
658 -33.0485 -71.6082
534 -33.0485 -71.6082
867 -33.0482 -71.6082
203 -33.0483 -71.6081
566 -33.0477 -71.6082
270 -33.0475 -71.6082
429 -33.0475 -71.6082
161 -33.0475 -71.6082
28 -33.0474 -71.6098
39 -33.047 -71.6098
995 -33.0471 -71.6098
47 -33.0473 -71.6098
344 -33.0468 -71.6098
824 -33.0465 -71.6098
928 -33.0466 -71.6098
663 -33.0467 -71.6098
914 -33.0472 -71.6082
617 -33.0471 -71.6082
717 -33.0469 -71.6081
59 -33.0465 -71.6081
188 -33.0464 -71.6081
568 -33.0464 -71.6081
380 -33.0464 -71.6081
618 -33.0462 -71.6081
103 -33.0489 -71.607
287 -33.0489 -71.607
993 -33.0489 -71.6069
232 -33.0488 -71.6065
975 -33.0488 -71.6067
839 -33.0486 -71.6066
339 -33.0487 -71.6065
388 -33.0489 -71.6047
628 -33.0488 -71.6046
913 -33.0487 -71.6045
30 -33.0489 -71.6032
826 -33.0487 -71.6036
492 -33.0485 -71.6041
896 -33.0484 -71.6039
800 -33.0483 -71.6038
149 -33.0483 -71.6066
791 -33.048 -71.6078
536 -33.0478 -71.6076
906 -33.0476 -71.6075
508 -33.0475 -71.6075
346 -33.046 -71.6081
162 -33.0453 -71.608
559 -33.0456 -71.6079
21 -33.048 -71.6067
989 -33.0482 -71.6066
308 -33.0482 -71.6066
895 -33.0482 -71.6066
514 -33.0481 -71.6035
194 -33.0481 -71.6067
533 -33.0451 -71.6051
