53 -33.0543 -71.6242
961 -33.0543 -71.6241
313 -33.0543 -71.624
479 -33.0543 -71.6244
940 -33.0543 -71.6239
176 -33.0543 -71.6238
550 -33.0543 -71.6237
66 -33.0543 -71.6236
38 -33.0543 -71.6231
315 -33.0544 -71.623
500 -33.0544 -71.623
703 -33.0543 -71.6232
796 -33.0543 -71.6233
890 -33.0543 -71.6233
226 -33.0543 -71.6232
85 -33.0543 -71.6235
829 -33.0535 -71.6245
979 -33.0536 -71.6245
883 -33.0539 -71.6244
786 -33.0534 -71.6246
598 -33.0531 -71.6246
25 -33.0529 -71.6246
589 -33.0533 -71.6246
109 -33.0541 -71.6244
697 -33.0543 -71.6244
142 -33.0543 -71.6235
497 -33.0543 -71.6234
647 -33.0543 -71.6234
217 -33.0542 -71.6244
5 -33.0543 -71.6233
115 -33.0543 -71.6233
327 -33.0544 -71.6229
177 -33.0548 -71.6221
880 -33.0551 -71.6217
179 -33.0551 -71.6212
930 -33.0547 -71.6222
487 -33.0546 -71.6224
266 -33.0547 -71.6223
253 -33.0547 -71.6222
210 -33.0549 -71.6207
765 -33.0549 -71.6183
413 -33.0549 -71.6182
475 -33.0561 -71.6181
377 -33.0549 -71.6206
963 -33.0547 -71.6184
367 -33.0548 -71.6184
189 -33.0548 -71.6184
582 -33.0546 -71.6184
678 -33.0545 -71.6227
260 -33.0545 -71.6226
376 -33.0535 -71.6186
881 -33.0535 -71.6187
134 -33.0534 -71.6188
816 -33.0534 -71.6187
42 -33.0529 -71.6187
549 -33.0536 -71.6185
537 -33.0541 -71.6184
407 -33.0543 -71.6184
978 -33.0545 -71.6184
408 -33.054 -71.6184
255 -33.0538 -71.6184
370 -33.0539 -71.6184
301 -33.0529 -71.6187
987 -33.0527 -71.6246
710 -33.0527 -71.6245
92 -33.0527 -71.6245
409 -33.0521 -71.6244
849 -33.0518 -71.6251
629 -33.0519 -71.6248
101 -33.0508 -71.6236
116 -33.0517 -71.6193
542 -33.0529 -71.6187
361 -33.0528 -71.6187
69 -33.0527 -71.6187
698 -33.0525 -71.6186
399 -33.0517 -71.6193
547 -33.0511 -71.6186
754 -33.0525 -71.6186
732 -33.0507 -71.6212
34 -33.0504 -71.6218
935 -33.0505 -71.6216
493 -33.0505 -71.6215
633 -33.0504 -71.6222
447 -33.0504 -71.6221
716 -33.0499 -71.6202
694 -33.0499 -71.6202
799 -33.0497 -71.62
632 -33.05 -71.6188
250 -33.0498 -71.6187
17 -33.0498 -71.6187
901 -33.0496 -71.6199
283 -33.0496 -71.6197
111 -33.0495 -71.6187
852 -33.0496 -71.6186
163 -33.0496 -71.6186
373 -33.0524 -71.6186
455 -33.0523 -71.6186
587 -33.0523 -71.6186
216 -33.0522 -71.6185
760 -33.0521 -71.6185
809 -33.0521 -71.6185
919 -33.052 -71.6185
456 -33.0518 -71.6184
803 -33.0518 -71.6184
355 -33.0518 -71.6184
341 -33.0516 -71.6184
761 -33.0515 -71.6184
434 -33.0515 -71.6184
844 -33.0515 -71.6184
838 -33.0514 -71.6184
973 -33.0513 -71.6184
775 -33.0512 -71.6184
198 -33.0513 -71.6184
713 -33.0512 -71.6183
891 -33.0512 -71.6184
166 -33.0507 -71.6185
323 -33.0506 -71.6184
687 -33.0503 -71.6183
448 -33.0503 -71.6183
767 -33.0512 -71.6182
466 -33.0511 -71.6182
495 -33.0506 -71.618
831 -33.0503 -71.6183
340 -33.0502 -71.6183
262 -33.0501 -71.6183
668 -33.0551 -71.6179
297 -33.0557 -71.6159
991 -33.0562 -71.6159
948 -33.0562 -71.6159
560 -33.0557 -71.6168
646 -33.0553 -71.6177
869 -33.0554 -71.6174
774 -33.0556 -71.617
561 -33.0555 -71.6159
482 -33.0562 -71.6158
945 -33.0561 -71.6157
976 -33.0561 -71.6157
872 -33.0561 -71.6157
842 -33.0553 -71.6158
483 -33.0553 -71.6158
531 -33.0552 -71.6158
501 -33.0552 -71.6158
57 -33.0551 -71.6179
955 -33.0528 -71.6159
124 -33.0551 -71.6158
726 -33.0528 -71.6159
279 -33.0528 -71.6159
123 -33.0528 -71.6159
602 -33.0526 -71.6158
107 -33.0526 -71.6158
640 -33.0547 -71.6157
464 -33.0547 -71.6157
950 -33.0547 -71.6157
608 -33.0547 -71.6157
520 -33.0526 -71.6158
693 -33.0526 -71.6158
20 -33.0546 -71.6157
60 -33.0545 -71.6157
879 -33.0544 -71.6157
818 -33.0544 -71.6157
118 -33.056 -71.6156
286 -33.0544 -71.6157
251 -33.0529 -71.6157
476 -33.0529 -71.6157
18 -33.0536 -71.6155
743 -33.053 -71.6155
994 -33.0553 -71.6154
686 -33.0541 -71.6146
127 -33.0538 -71.6144
822 -33.0534 -71.6155
450 -33.0533 -71.6155
389 -33.053 -71.6155
762 -33.0527 -71.6137
269 -33.0525 -71.6157
146 -33.0522 -71.6157
442 -33.0521 -71.6157
580 -33.0521 -71.6156
105 -33.0521 -71.6133
271 -33.052 -71.6156
150 -33.0518 -71.6156
641 -33.0516 -71.6156
405 -33.0521 -71.6133
907 -33.052 -71.6133
356 -33.0518 -71.6132
931 -33.0516 -71.6131
446 -33.0516 -71.6131
943 -33.0515 -71.6131
936 -33.0515 -71.6131
819 -33.0514 -71.6156
254 -33.0504 -71.6158
117 -33.0504 -71.6158
546 -33.0505 -71.6156
292 -33.0503 -71.6158
431 -33.0502 -71.6178
992 -33.0502 -71.6158
812 -33.0501 -71.6157
488 -33.0514 -71.6156
290 -33.0513 -71.6156
403 -33.0513 -71.6131
423 -33.0513 -71.6131
386 -33.051 -71.6131
730 -33.0506 -71.6155
145 -33.051 -71.6131
141 -33.0509 -71.6131
892 -33.05 -71.6157
864 -33.05 -71.6157
721 -33.0499 -71.6157
908 -33.0499 -71.6157
545 -33.0499 -71.6157
565 -33.0495 -71.6162
860 -33.0495 -71.6162
946 -33.0497 -71.6158
787 -33.0498 -71.6157
684 -33.0496 -71.6133
352 -33.0497 -71.6132
543 -33.0497 -71.6131
95 -33.0496 -71.6134
246 -33.0496 -71.6137
841 -33.0496 -71.6137
143 -33.0511 -71.6131
986 -33.0508 -71.6131
309 -33.0506 -71.6131
649 -33.0511 -71.613
151 -33.0505 -71.613
171 -33.0505 -71.613
433 -33.0505 -71.613
759 -33.0505 -71.613
391 -33.0504 -71.613
998 -33.0511 -71.613
160 -33.0511 -71.6129
310 -33.0511 -71.6129
102 -33.0504 -71.613
108 -33.0503 -71.613
611 -33.0503 -71.613
711 -33.0503 -71.613
200 -33.0502 -71.613
208 -33.0502 -71.613
202 -33.0501 -71.613
615 -33.0501 -71.613
792 -33.05 -71.613
396 -33.0497 -71.6131
699 -33.0497 -71.613
334 -33.05 -71.613
70 -33.0499 -71.6129
443 -33.0497 -71.6129
837 -33.0498 -71.6129
426 -33.0497 -71.6129
801 -33.0496 -71.6129
87 -33.0496 -71.6129
661 -33.0496 -71.6129
725 -33.0495 -71.6129
440 -33.0495 -71.6196
999 -33.0495 -71.6196
859 -33.0494 -71.6194
130 -33.0482 -71.6191
453 -33.0481 -71.6192
165 -33.0481 -71.6191
263 -33.0481 -71.6191
213 -33.0482 -71.6191
412 -33.0494 -71.6189
36 -33.0483 -71.6189
597 -33.0494 -71.6188
900 -33.0483 -71.6189
529 -33.0482 -71.619
897 -33.0482 -71.619
712 -33.0482 -71.619
318 -33.0481 -71.6192
113 -33.0477 -71.6199
333 -33.0477 -71.6198
170 -33.0478 -71.6197
605 -33.0476 -71.62
383 -33.0476 -71.6202
639 -33.0476 -71.62
155 -33.0476 -71.62
889 -33.0479 -71.6196
10 -33.048 -71.6194
983 -33.048 -71.6194
239 -33.0481 -71.6193
949 -33.0479 -71.6194
573 -33.0479 -71.6195
416 -33.0479 -71.6195
206 -33.0479 -71.6195
868 -33.0483 -71.6188
144 -33.0495 -71.6187
106 -33.0486 -71.6179
432 -33.0489 -71.6179
574 -33.0486 -71.6179
850 -33.0486 -71.6181
884 -33.0486 -71.6181
688 -33.0486 -71.618
462 -33.0486 -71.6179
727 -33.0495 -71.6177
614 -33.0494 -71.6177
393 -33.0492 -71.6176
302 -33.0489 -71.6179
374 -33.0486 -71.6179
77 -33.0487 -71.6177
780 -33.0487 -71.6176
612 -33.0485 -71.6181
631 -33.0484 -71.6187
834 -33.0484 -71.6186
904 -33.0484 -71.6185
854 -33.0484 -71.6187
394 -33.0483 -71.6188
692 -33.0483 -71.6188
660 -33.0483 -71.6188
174 -33.0484 -71.6185
191 -33.0484 -71.6184
13 -33.0485 -71.6183
572 -33.0485 -71.6183
273 -33.0484 -71.6184
364 -33.0484 -71.6185
586 -33.0484 -71.6185
794 -33.0476 -71.6203
718 -33.0474 -71.6227
360 -33.0474 -71.6227
485 -33.0474 -71.6223
80 -33.0474 -71.6224
222 -33.0472 -71.6228
764 -33.0474 -71.6221
509 -33.0474 -71.6221
583 -33.0474 -71.6221
911 -33.0473 -71.6219
484 -33.0473 -71.6219
939 -33.0473 -71.6218
9 -33.0473 -71.6217
755 -33.0472 -71.6215
55 -33.0472 -71.6215
722 -33.0472 -71.6212
516 -33.0472 -71.6228
802 -33.0469 -71.6228
277 -33.0469 -71.6228
322 -33.0469 -71.6228
938 -33.0468 -71.6228
205 -33.0467 -71.6229
820 -33.0467 -71.6229
139 -33.0468 -71.6229
735 -33.0469 -71.6228
696 -33.047 -71.6228
982 -33.046 -71.6218
88 -33.0462 -71.6213
988 -33.046 -71.6218
220 -33.0458 -71.6221
784 -33.0458 -71.6221
152 -33.0473 -71.6212
708 -33.0474 -71.6207
763 -33.0475 -71.6203
157 -33.0474 -71.6203
511 -33.0473 -71.621
530 -33.0473 -71.6212
604 -33.0471 -71.6188
140 -33.0473 -71.6182
853 -33.0473 -71.6182
314 -33.0474 -71.6177
855 -33.0475 -71.6177
84 -33.0475 -71.6177
50 -33.0474 -71.6179
941 -33.0473 -71.6181
862 -33.0473 -71.618
435 -33.0474 -71.6179
81 -33.0471 -71.6189
724 -33.0466 -71.6203
635 -33.047 -71.6201
610 -33.0467 -71.62
644 -33.0465 -71.6205
643 -33.0464 -71.621
827 -33.0465 -71.6207
427 -33.0465 -71.6206
968 -33.0467 -71.62
48 -33.047 -71.619
933 -33.047 -71.619
348 -33.0471 -71.6189
553 -33.047 -71.6191
793 -33.0468 -71.6198
972 -33.0468 -71.6197
830 -33.049 -71.6176
93 -33.0493 -71.6165
795 -33.0494 -71.6165
148 -33.0491 -71.6165
425 -33.0491 -71.6165
128 -33.049 -71.6176
783 -33.049 -71.6166
430 -33.0491 -71.6165
363 -33.0491 -71.6164
320 -33.0495 -71.6163
74 -33.0491 -71.6162
278 -33.0491 -71.6161
654 -33.0491 -71.6162
240 -33.0491 -71.6164
64 -33.0491 -71.6163
27 -33.0491 -71.6162
828 -33.049 -71.6166
504 -33.049 -71.6176
337 -33.0489 -71.6172
701 -33.0489 -71.6171
496 -33.0488 -71.6173
195 -33.0487 -71.6175
637 -33.0488 -71.6175
0 -33.0488 -71.6174
234 -33.0489 -71.6171
457 -33.049 -71.6168
401 -33.049 -71.6167
481 -33.049 -71.6166
956 -33.049 -71.6168
680 -33.0489 -71.6171
385 -33.0489 -71.6165
756 -33.0489 -71.6165
548 -33.0491 -71.616
428 -33.0494 -71.6148
539 -33.0494 -71.6146
164 -33.0494 -71.6146
180 -33.0494 -71.6149
329 -33.0493 -71.6153
656 -33.0493 -71.6152
258 -33.0493 -71.615
750 -33.0494 -71.6144
379 -33.0494 -71.6143
524 -33.0495 -71.6141
372 -33.0495 -71.6129
877 -33.0494 -71.6129
265 -33.0494 -71.6129
599 -33.0492 -71.6129
585 -33.0492 -71.6129
655 -33.0492 -71.6129
665 -33.0492 -71.616
518 -33.0492 -71.6158
86 -33.0492 -71.6158
522 -33.0492 -71.616
76 -33.0491 -71.616
207 -33.0492 -71.616
709 -33.0492 -71.616
804 -33.0492 -71.6157
517 -33.049 -71.6129
744 -33.049 -71.6129
835 -33.049 -71.6129
942 -33.0488 -71.6129
974 -33.0487 -71.6129
201 -33.0488 -71.6129
392 -33.0487 -71.6129
304 -33.0483 -71.6171
75 -33.0482 -71.6163
119 -33.048 -71.6159
971 -33.048 -71.6159
590 -33.048 -71.616
758 -33.048 -71.616
418 -33.048 -71.6159
823 -33.048 -71.6158
345 -33.0482 -71.6152
683 -33.0482 -71.6152
133 -33.0482 -71.6152
153 -33.0481 -71.6153
231 -33.048 -71.6158
807 -33.048 -71.6157
178 -33.0481 -71.6154
248 -33.048 -71.616
218 -33.0476 -71.6173
652 -33.0478 -71.6173
960 -33.0476 -71.6172
519 -33.0475 -71.6174
436 -33.0475 -71.6175
541 -33.0475 -71.6175
778 -33.0475 -71.6175
851 -33.0477 -71.6169
538 -33.0478 -71.6164
728 -33.0479 -71.6162
44 -33.0479 -71.6161
648 -33.0478 -71.6164
515 -33.0477 -71.6168
31 -33.0478 -71.6167
847 -33.0482 -71.6151
58 -33.0485 -71.614
805 -33.0485 -71.6137
465 -33.0485 -71.6137
651 -33.0485 -71.614
666 -33.0484 -71.6141
638 -33.0484 -71.6141
894 -33.0484 -71.6141
932 -33.0485 -71.6136
336 -33.0487 -71.6129
739 -33.0487 -71.6129
100 -33.0487 -71.6129
817 -33.0486 -71.6133
439 -33.0486 -71.6136
902 -33.0486 -71.6129
915 -33.0485 -71.6129
342 -33.0484 -71.6142
947 -33.0484 -71.6144
596 -33.0484 -71.6144
920 -33.0484 -71.6143
685 -33.0483 -71.6146
899 -33.0482 -71.6151
444 -33.0482 -71.615
634 -33.0471 -71.6146
719 -33.0484 -71.6143
779 -33.0484 -71.6143
588 -33.0478 -71.6129
749 -33.0482 -71.6128
312 -33.0476 -71.6131
96 -33.0476 -71.6132
241 -33.0476 -71.6131
996 -33.0482 -71.6128
790 -33.0553 -71.6124
326 -33.0552 -71.6124
420 -33.055 -71.6124
414 -33.055 -71.6124
521 -33.0548 -71.6124
43 -33.0548 -71.6124
576 -33.0548 -71.6124
354 -33.0548 -71.6124
747 -33.0548 -71.6124
19 -33.0555 -71.6124
619 -33.0544 -71.6121
917 -33.0544 -71.6123
579 -33.0543 -71.6123
467 -33.0543 -71.6122
237 -33.0543 -71.6118
154 -33.0542 -71.6118
368 -33.0542 -71.6123
523 -33.054 -71.6122
967 -33.0542 -71.6118
298 -33.0537 -71.6122
238 -33.0534 -71.6122
305 -33.0532 -71.6121
962 -33.0529 -71.6121
26 -33.0531 -71.6116
591 -33.054 -71.6114
866 -33.0537 -71.6113
563 -33.054 -71.6113
874 -33.0536 -71.6114
505 -33.0531 -71.6115
192 -33.0531 -71.6115
569 -33.0535 -71.6114
209 -33.0539 -71.6112
636 -33.0538 -71.6112
366 -33.0538 -71.6112
307 -33.0538 -71.6112
751 -33.0537 -71.6112
627 -33.0537 -71.6112
52 -33.0537 -71.6111
402 -33.0536 -71.6111
384 -33.0538 -71.6111
463 -33.0536 -71.6106
132 -33.0546 -71.6105
970 -33.0555 -71.6104
72 -33.0536 -71.6105
452 -33.0535 -71.6111
175 -33.0535 -71.611
259 -33.0536 -71.6105
873 -33.0534 -71.6088
61 -33.0532 -71.6109
12 -33.0532 -71.6109
927 -33.0531 -71.6109
35 -33.053 -71.6108
773 -33.053 -71.6108
679 -33.0529 -71.6108
274 -33.0529 -71.6108
190 -33.0528 -71.6106
772 -33.0531 -71.6094
922 -33.0532 -71.609
83 -33.0533 -71.6089
810 -33.0531 -71.6094
676 -33.0528 -71.6105
592 -33.053 -71.6092
424 -33.0528 -71.6105
51 -33.0527 -71.6121
642 -33.0527 -71.6121
120 -33.0526 -71.6117
958 -33.0526 -71.6121
187 -33.0524 -71.6117
276 -33.0525 -71.6117
390 -33.0525 -71.6117
556 -33.0526 -71.6117
811 -33.0527 -71.6116
782 -33.0527 -71.6116
303 -33.0527 -71.6104
675 -33.0526 -71.6116
512 -33.0526 -71.6103
674 -33.0526 -71.6102
797 -33.0525 -71.6102
737 -33.0523 -71.6117
733 -33.0522 -71.612
173 -33.0521 -71.612
480 -33.0519 -71.612
571 -33.0518 -71.612
214 -33.0517 -71.612
14 -33.0517 -71.612
351 -33.0517 -71.612
29 -33.0515 -71.612
910 -33.0519 -71.6118
242 -33.0522 -71.6117
2 -33.0523 -71.6117
578 -33.0516 -71.6118
15 -33.0515 -71.612
97 -33.0515 -71.6119
7 -33.0525 -71.6102
848 -33.0525 -71.6101
506 -33.0524 -71.61
40 -33.0524 -71.6099
49 -33.0522 -71.6096
212 -33.0521 -71.6094
603 -33.052 -71.6093
601 -33.052 -71.6092
645 -33.052 -71.6091
746 -33.0521 -71.6086
110 -33.0521 -71.6086
94 -33.0521 -71.6086
32 -33.052 -71.609
626 -33.052 -71.609
551 -33.052 -71.609
923 -33.052 -71.609
840 -33.0519 -71.6091
575 -33.0517 -71.6094
22 -33.0518 -71.6093
681 -33.0518 -71.6093
167 -33.0517 -71.6094
671 -33.0515 -71.6096
398 -33.0515 -71.6096
981 -33.0516 -71.6095
846 -33.0518 -71.6093
137 -33.0519 -71.6092
158 -33.0519 -71.6092
224 -33.0519 -71.6092
316 -33.0519 -71.6092
89 -33.0518 -71.6091
228 -33.0515 -71.6088
700 -33.0536 -71.6085
672 -33.0545 -71.6085
581 -33.0545 -71.6085
311 -33.0544 -71.6085
977 -33.0543 -71.6085
362 -33.0543 -71.6085
454 -33.0543 -71.6085
332 -33.0542 -71.6085
934 -33.0541 -71.6085
499 -33.0541 -71.6085
79 -33.0541 -71.6085
558 -33.0541 -71.6085
469 -33.054 -71.6085
129 -33.0539 -71.6085
510 -33.0539 -71.6085
11 -33.0539 -71.6085
296 -33.0539 -71.6085
657 -33.0536 -71.6085
411 -33.0537 -71.6085
335 -33.0537 -71.6085
223 -33.0536 -71.6085
613 -33.0535 -71.6085
473 -33.0535 -71.6085
285 -33.0535 -71.6085
400 -33.0537 -71.6085
513 -33.0539 -71.6085
527 -33.0538 -71.6085
461 -33.0538 -71.6085
929 -33.0537 -71.6085
912 -33.0535 -71.6085
535 -33.0535 -71.6085
705 -33.0534 -71.6085
903 -33.0547 -71.6085
281 -33.0553 -71.608
748 -33.0557 -71.608
528 -33.0561 -71.6079
331 -33.0552 -71.6081
419 -33.055 -71.6082
63 -33.055 -71.6082
491 -33.0551 -71.6081
300 -33.0559 -71.6079
474 -33.0557 -71.6078
291 -33.0556 -71.6078
441 -33.0561 -71.6044
808 -33.0555 -71.6078
677 -33.0555 -71.6079
870 -33.055 -71.6045
147 -33.0551 -71.6045
925 -33.055 -71.6082
606 -33.0548 -71.6083
112 -33.0549 -71.6083
159 -33.0549 -71.6083
876 -33.0548 -71.6084
477 -33.0533 -71.6084
525 -33.0547 -71.6084
98 -33.0537 -71.6084
886 -33.0549 -71.6083
280 -33.055 -71.6083
768 -33.0549 -71.605
90 -33.0543 -71.6047
924 -33.0539 -71.6048
196 -33.0536 -71.6062
221 -33.0536 -71.6047
225 -33.0532 -71.6084
438 -33.0532 -71.6084
888 -33.0532 -71.6084
858 -33.0532 -71.6084
168 -33.0531 -71.6084
740 -33.053 -71.6084
857 -33.053 -71.6083
46 -33.053 -71.6083
282 -33.0529 -71.6083
422 -33.0529 -71.6083
833 -33.0529 -71.6083
472 -33.0529 -71.6083
478 -33.0528 -71.6083
555 -33.0528 -71.6083
138 -33.0528 -71.6083
944 -33.0528 -71.6083
918 -33.0527 -71.6082
219 -33.0527 -71.6082
980 -33.0526 -71.6082
723 -33.0526 -71.6082
878 -33.0525 -71.6082
622 -33.0522 -71.6084
662 -33.0525 -71.6082
489 -33.0525 -71.6082
954 -33.0525 -71.6082
769 -33.0525 -71.6082
378 -33.0524 -71.6081
458 -33.0524 -71.6081
715 -33.0524 -71.6081
825 -33.0523 -71.6081
470 -33.0522 -71.6081
843 -33.0521 -71.6081
753 -33.0523 -71.6081
984 -33.0523 -71.6081
664 -33.0523 -71.6081
540 -33.0523 -71.6081
156 -33.0523 -71.6081
62 -33.0523 -71.608
593 -33.0522 -71.608
350 -33.0522 -71.6079
73 -33.0522 -71.6079
421 -33.0522 -71.6078
78 -33.0526 -71.6048
557 -33.0522 -71.6077
381 -33.0522 -71.6077
227 -33.0522 -71.6077
532 -33.0522 -71.6076
937 -33.0522 -71.6073
503 -33.0521 -71.6081
256 -33.0521 -71.6079
706 -33.0521 -71.6071
261 -33.052 -71.6081
595 -33.052 -71.608
690 -33.0515 -71.6075
502 -33.0518 -71.6065
181 -33.0518 -71.6063
752 -33.0518 -71.6063
966 -33.0518 -71.6063
169 -33.0517 -71.6048
620 -33.0517 -71.6048
815 -33.0517 -71.606
382 -33.0515 -71.6059
673 -33.0514 -71.6059
745 -33.0511 -71.6124
252 -33.0511 -71.6124
387 -33.0511 -71.6124
268 -33.0511 -71.6125
272 -33.0511 -71.6126
415 -33.0511 -71.6126
23 -33.0511 -71.6125
577 -33.0511 -71.6124
295 -33.0514 -71.612
299 -33.0512 -71.6119
789 -33.0514 -71.6116
909 -33.0512 -71.6119
916 -33.0512 -71.6121
197 -33.0512 -71.6119
347 -33.0511 -71.6114
742 -33.0509 -71.6114
6 -33.0499 -71.6119
184 -33.0499 -71.6117
921 -33.0499 -71.6117
41 -33.0499 -71.6121
689 -33.0498 -71.6123
893 -33.0498 -71.6122
959 -33.0499 -71.6121
871 -33.0499 -71.6117
905 -33.0505 -71.6113
554 -33.05 -71.6113
887 -33.05 -71.6112
682 -33.05 -71.6114
875 -33.0499 -71.6113
67 -33.0499 -71.6113
410 -33.0498 -71.6113
691 -33.05 -71.6112
736 -33.0509 -71.6102
294 -33.0509 -71.6102
882 -33.051 -71.6101
199 -33.0509 -71.6102
319 -33.0508 -71.6102
321 -33.0508 -71.6102
229 -33.0508 -71.6102
284 -33.051 -71.6101
856 -33.0513 -71.6098
182 -33.0513 -71.6098
832 -33.0513 -71.6098
404 -33.0512 -71.6099
349 -33.0511 -71.61
669 -33.0512 -71.6099
861 -33.0512 -71.6099
357 -33.0507 -71.6102
267 -33.05 -71.611
397 -33.05 -71.611
731 -33.0501 -71.6108
245 -33.05 -71.6111
247 -33.05 -71.6112
720 -33.05 -71.6111
806 -33.05 -71.6111
813 -33.0501 -71.6105
997 -33.0506 -71.6102
375 -33.0506 -71.6102
230 -33.0504 -71.6102
670 -33.0502 -71.6101
257 -33.0502 -71.6103
371 -33.0502 -71.6102
264 -33.0498 -71.6113
953 -33.0498 -71.6127
507 -33.0498 -71.6127
609 -33.0498 -71.6125
570 -33.0497 -71.6128
621 -33.0483 -71.6128
777 -33.049 -71.6119
445 -33.0492 -71.6113
359 -33.0497 -71.6112
667 -33.0497 -71.6112
567 -33.0496 -71.6112
289 -33.0495 -71.6112
616 -33.0494 -71.6112
552 -33.0493 -71.6112
965 -33.0492 -71.6112
729 -33.0483 -71.6112
330 -33.0482 -71.6112
186 -33.048 -71.6128
659 -33.048 -71.6128
526 -33.0479 -71.6125
317 -33.0478 -71.6125
964 -33.0475 -71.6127
24 -33.0475 -71.6127
494 -33.0471 -71.6127
353 -33.0459 -71.6124
898 -33.0481 -71.6117
969 -33.0481 -71.6115
451 -33.0482 -71.6112
338 -33.0481 -71.6118
54 -33.0456 -71.6123
766 -33.0479 -71.6122
104 -33.049 -71.6112
490 -33.0489 -71.6112
37 -33.0488 -71.6112
135 -33.0487 -71.6112
594 -33.0487 -71.6112
45 -33.0486 -71.6112
630 -33.0486 -71.6112
584 -33.0485 -71.6111
114 -33.0485 -71.6111
781 -33.0492 -71.6111
776 -33.0495 -71.6099
650 -33.0485 -71.6098
121 -33.0485 -71.6098
275 -33.0485 -71.6111
926 -33.0484 -71.6111
449 -33.0484 -71.6111
28 -33.0483 -71.6098
131 -33.0483 -71.6111
47 -33.0483 -71.6098
995 -33.0482 -71.6098
39 -33.048 -71.6098
33 -33.0473 -71.611
985 -33.0462 -71.6098
695 -33.0463 -71.6098
4 -33.0469 -71.6098
344 -33.0478 -71.6098
249 -33.0471 -71.6098
663 -33.0476 -71.6098
798 -33.0471 -71.6098
865 -33.047 -71.6098
288 -33.047 -71.6098
486 -33.0472 -71.6098
885 -33.0514 -71.6097
704 -33.0514 -71.6097
600 -33.0514 -71.6087
741 -33.0514 -71.6097
236 -33.0513 -71.6098
821 -33.0511 -71.609
324 -33.0512 -71.6088
204 -33.0513 -71.6087
211 -33.0512 -71.6086
343 -33.0512 -71.6086
863 -33.0512 -71.6086
714 -33.0511 -71.6085
734 -33.051 -71.6086
785 -33.0509 -71.6085
951 -33.051 -71.6085
757 -33.0509 -71.6085
243 -33.0504 -71.6088
845 -33.0504 -71.6088
406 -33.0505 -71.6087
16 -33.0504 -71.6089
707 -33.0503 -71.6092
395 -33.0501 -71.6091
172 -33.0504 -71.6089
990 -33.0507 -71.6085
653 -33.0507 -71.6085
771 -33.0507 -71.6085
607 -33.0507 -71.6085
235 -33.0505 -71.6085
498 -33.0505 -71.6085
68 -33.0505 -71.6085
417 -33.0504 -71.6085
136 -33.0511 -71.6085
328 -33.0512 -71.6084
952 -33.0514 -71.6083
183 -33.0514 -71.6083
126 -33.0512 -71.6084
836 -33.0512 -71.6084
468 -33.0512 -71.6084
471 -33.0511 -71.6074
369 -33.051 -71.6074
770 -33.0514 -71.6059
788 -33.0512 -71.6058
293 -33.0513 -71.6052
99 -33.0511 -71.6052
460 -33.051 -71.6074
56 -33.0509 -71.6074
957 -33.0509 -71.6064
624 -33.0506 -71.6073
125 -33.0503 -71.6085
233 -33.0503 -71.6085
82 -33.0503 -71.6085
437 -33.0502 -71.6085
738 -33.0502 -71.6085
306 -33.0502 -71.6085
71 -33.0502 -71.6085
185 -33.05 -71.6084
365 -33.0506 -71.6073
325 -33.0504 -71.6073
244 -33.0506 -71.6057
564 -33.05 -71.6055
287 -33.0499 -71.6072
358 -33.0499 -71.6055
103 -33.0499 -71.6072
215 -33.0496 -71.6092
8 -33.0499 -71.6091
544 -33.0497 -71.6084
623 -33.0496 -71.6091
193 -33.0495 -71.6098
562 -33.0496 -71.6084
91 -33.0495 -71.6084
625 -33.0495 -71.6084
534 -33.0495 -71.6084
658 -33.0495 -71.6084
203 -33.0492 -71.6083
867 -33.0492 -71.6083
791 -33.0488 -71.6083
566 -33.0487 -71.6083
536 -33.0486 -71.6082
429 -33.0485 -71.6082
928 -33.0476 -71.6098
824 -33.0475 -71.6098
270 -33.0485 -71.6082
459 -33.0475 -71.6098
814 -33.0473 -71.6098
702 -33.0473 -71.6098
3 -33.0474 -71.6098
161 -33.0485 -71.6082
914 -33.0482 -71.6082
617 -33.0481 -71.6082
906 -33.0483 -71.6082
717 -33.0478 -71.6082
59 -33.0474 -71.6082
188 -33.0474 -71.6082
568 -33.0474 -71.6082
993 -33.0498 -71.6072
975 -33.0496 -71.6071
65 -33.0499 -71.6054
232 -33.0494 -71.6071
339 -33.0493 -71.607
839 -33.0492 -71.607
149 -33.0493 -71.6065
122 -33.0498 -71.6054
388 -33.0496 -71.6053
628 -33.0495 -71.6053
1 -33.0498 -71.6045
30 -33.0494 -71.604
913 -33.0493 -71.6053
492 -33.049 -71.605
826 -33.0494 -71.6039
896 -33.049 -71.6049
380 -33.0474 -71.6082
508 -33.0483 -71.6081
895 -33.0488 -71.6069
618 -33.0472 -71.6082
346 -33.047 -71.6081
559 -33.0465 -71.6081
162 -33.0463 -71.6081
308 -33.0488 -71.6069
989 -33.0488 -71.6069
194 -33.0488 -71.6067
800 -33.0489 -71.6048
21 -33.0488 -71.6068
533 -33.046 -71.6047
514 -33.0487 -71.6044
