115 -33.0541 -71.6244
5 -33.0541 -71.6244
796 -33.0541 -71.6244
647 -33.0541 -71.6244
142 -33.054 -71.6244
85 -33.054 -71.6244
497 -33.0541 -71.6244
226 -33.0542 -71.6244
38 -33.0543 -71.6243
315 -33.0543 -71.6242
500 -33.0543 -71.6242
327 -33.0543 -71.6241
703 -33.0542 -71.6243
890 -33.0542 -71.6243
678 -33.0543 -71.6239
66 -33.0539 -71.6245
697 -33.0532 -71.6246
961 -33.0535 -71.6245
940 -33.0536 -71.6245
479 -33.0532 -71.6246
109 -33.053 -71.6247
217 -33.0532 -71.6246
883 -33.0529 -71.6246
176 -33.0537 -71.6245
550 -33.0538 -71.6245
313 -33.0536 -71.624
53 -33.0534 -71.6239
979 -33.0525 -71.6245
829 -33.0524 -71.6245
786 -33.0523 -71.6244
589 -33.0523 -71.6244
260 -33.0543 -71.6238
177 -33.0543 -71.6232
880 -33.0544 -71.6228
179 -33.0547 -71.6223
487 -33.0543 -71.6236
266 -33.0543 -71.6234
253 -33.0543 -71.6234
930 -33.0543 -71.6234
210 -33.055 -71.6218
377 -33.0551 -71.6217
646 -33.0546 -71.6184
869 -33.0549 -71.6184
57 -33.0544 -71.6184
765 -33.0539 -71.6184
413 -33.0539 -71.6184
668 -33.0543 -71.6184
189 -33.0537 -71.6184
537 -33.0533 -71.6188
407 -33.0534 -71.6188
408 -33.0531 -71.6188
370 -33.0531 -71.6187
255 -33.0529 -71.6187
549 -33.0528 -71.6187
376 -33.0525 -71.6186
881 -33.0525 -71.6186
582 -33.0535 -71.6185
963 -33.0536 -71.6185
367 -33.0537 -71.6184
978 -33.0535 -71.6186
816 -33.0524 -71.6186
134 -33.0524 -71.6186
598 -33.0521 -71.6243
92 -33.0519 -71.6247
987 -33.0519 -71.6246
25 -33.0519 -71.6243
409 -33.0517 -71.6252
629 -33.0511 -71.6251
849 -33.0508 -71.6251
710 -33.0517 -71.6243
633 -33.0512 -71.6231
399 -33.052 -71.6199
116 -33.0519 -71.6199
547 -33.0517 -71.6193
447 -33.0511 -71.623
34 -33.0509 -71.6228
935 -33.0508 -71.6227
493 -33.0507 -71.6226
716 -33.0505 -71.6211
101 -33.0505 -71.6244
732 -33.0504 -71.6223
694 -33.0504 -71.621
283 -33.0502 -71.6206
799 -33.0502 -71.6209
901 -33.0502 -71.6208
440 -33.0502 -71.6205
412 -33.0495 -71.6201
597 -33.0496 -71.6198
144 -33.0495 -71.6197
111 -33.0495 -71.6197
852 -33.0495 -71.6196
163 -33.0495 -71.6196
17 -33.0494 -71.6193
250 -33.0494 -71.6193
775 -33.0515 -71.6191
713 -33.0515 -71.6191
973 -33.0514 -71.619
838 -33.0513 -71.6189
761 -33.0513 -71.6189
341 -33.0512 -71.6188
760 -33.0512 -71.6185
216 -33.0512 -71.6185
301 -33.0519 -71.6184
542 -33.0519 -71.6184
42 -33.0518 -71.6184
361 -33.0518 -71.6184
69 -33.0516 -71.6184
698 -33.0514 -71.6184
754 -33.0514 -71.6184
373 -33.0513 -71.6184
919 -33.0511 -71.6186
166 -33.05 -71.6187
355 -33.051 -71.6187
456 -33.051 -71.6186
323 -33.05 -71.6188
632 -33.0494 -71.6191
432 -33.0494 -71.6189
262 -33.0496 -71.6187
687 -33.0497 -71.6186
844 -33.0506 -71.6184
434 -33.0506 -71.6184
198 -33.0505 -71.6184
831 -33.0497 -71.6186
340 -33.0496 -71.6186
448 -33.0496 -71.6186
587 -33.0512 -71.6184
118 -33.0555 -71.6159
976 -33.0554 -71.6159
872 -33.0554 -71.6159
945 -33.0554 -71.6159
774 -33.0551 -71.6179
560 -33.0552 -71.6178
475 -33.0551 -71.6176
482 -33.0553 -71.6158
991 -33.0552 -71.6158
297 -33.0547 -71.6157
561 -33.0545 -71.6157
842 -33.0542 -71.6157
483 -33.0542 -71.6156
531 -33.0542 -71.6156
501 -33.054 -71.6156
124 -33.054 -71.6156
18 -33.0528 -71.6159
822 -33.0526 -71.6158
450 -33.0525 -71.6157
743 -33.0522 -71.6157
455 -33.0513 -71.6183
809 -33.0511 -71.6182
476 -33.0521 -71.6156
251 -33.0521 -71.6156
389 -33.0523 -71.6156
726 -33.0518 -71.6156
955 -33.0518 -71.6156
279 -33.0518 -71.6156
123 -33.0518 -71.6156
602 -33.0516 -71.6156
107 -33.0516 -71.6156
520 -33.0515 -71.6156
640 -33.0537 -71.6156
464 -33.0537 -71.6156
950 -33.0536 -71.6156
608 -33.0536 -71.6156
20 -33.0536 -71.6155
60 -33.0534 -71.6155
879 -33.0534 -71.6155
818 -33.0533 -71.6155
286 -33.0533 -71.6155
948 -33.0554 -71.6154
994 -33.0544 -71.6148
686 -33.0532 -71.614
936 -33.0517 -71.6138
127 -33.0528 -71.6138
762 -33.0517 -71.6131
943 -33.0517 -71.6139
693 -33.0515 -71.6156
356 -33.0515 -71.6141
931 -33.0516 -71.614
269 -33.0514 -71.6156
442 -33.0511 -71.6156
146 -33.0511 -71.6156
580 -33.0511 -71.6156
268 -33.0516 -71.6131
792 -33.0511 -71.6131
299 -33.0511 -71.6131
295 -33.0511 -71.6129
105 -33.051 -71.6131
197 -33.051 -71.6131
907 -33.051 -71.6131
271 -33.051 -71.6156
891 -33.0503 -71.6183
803 -33.0508 -71.6181
767 -33.0501 -71.6178
466 -33.05 -71.6178
495 -33.0496 -71.6177
117 -33.0496 -71.6161
546 -33.0497 -71.6159
290 -33.0505 -71.6157
488 -33.0505 -71.6157
150 -33.0507 -71.6155
641 -33.0506 -71.6155
819 -33.0505 -71.6157
730 -33.0498 -71.6157
609 -33.0496 -71.6137
689 -33.0496 -71.6136
254 -33.0496 -71.6161
992 -33.0494 -71.6163
292 -33.0495 -71.6162
352 -33.0494 -71.6144
812 -33.0494 -71.6164
892 -33.0494 -71.6165
95 -33.0494 -71.6146
684 -33.0494 -71.6146
543 -33.0494 -71.6144
443 -33.0495 -71.6141
570 -33.0495 -71.6141
953 -33.0495 -71.6139
426 -33.0495 -71.6141
396 -33.0494 -71.6144
699 -33.0495 -71.6142
391 -33.0496 -71.6134
405 -33.051 -71.6131
916 -33.0509 -71.6131
577 -33.0506 -71.6131
387 -33.0506 -71.6131
252 -33.0506 -71.6131
745 -33.0506 -71.6131
23 -33.0506 -71.613
507 -33.0506 -71.613
415 -33.0505 -71.613
446 -33.0505 -71.613
272 -33.0504 -71.613
423 -33.0502 -71.613
403 -33.0502 -71.613
310 -33.0502 -71.613
160 -33.0501 -71.613
998 -33.0501 -71.613
6 -33.0497 -71.6131
649 -33.0501 -71.613
143 -33.05 -71.613
433 -33.0496 -71.6133
893 -33.0496 -71.6134
959 -33.0496 -71.6133
41 -33.0496 -71.6133
386 -33.05 -71.613
145 -33.0499 -71.6129
141 -33.0498 -71.6129
986 -33.0498 -71.6129
871 -33.0497 -71.6129
184 -33.0497 -71.6129
309 -33.0496 -71.6129
302 -33.0494 -71.6189
999 -33.0494 -71.6206
206 -33.0483 -71.6205
859 -33.0493 -71.6204
165 -33.0476 -71.6203
453 -33.0475 -71.6203
239 -33.0475 -71.6203
318 -33.0475 -71.6203
263 -33.0476 -71.6202
213 -33.0479 -71.6201
900 -33.0477 -71.6199
36 -33.0477 -71.6199
712 -33.0476 -71.6201
130 -33.0476 -71.6201
529 -33.0476 -71.6201
897 -33.0476 -71.6201
983 -33.0475 -71.6205
55 -33.0474 -71.6227
755 -33.0474 -71.6227
722 -33.0474 -71.6224
530 -33.0474 -71.6224
9 -33.0472 -71.6228
152 -33.0474 -71.6224
511 -33.0474 -71.6221
708 -33.0473 -71.6219
889 -33.0474 -71.6207
10 -33.0474 -71.6203
949 -33.0473 -71.6202
605 -33.0473 -71.6212
383 -33.0472 -71.6214
416 -33.0472 -71.6202
573 -33.0472 -71.6202
868 -33.0477 -71.6199
106 -33.0481 -71.6191
688 -33.0482 -71.6191
574 -33.0482 -71.6191
850 -33.0481 -71.6192
572 -33.048 -71.6194
612 -33.0481 -71.6192
884 -33.0481 -71.6192
462 -33.0482 -71.6191
77 -33.0494 -71.6187
504 -33.0484 -71.6185
496 -33.0484 -71.6185
0 -33.0484 -71.6185
374 -33.0482 -71.619
780 -33.0483 -71.6188
195 -33.0484 -71.6187
13 -33.048 -71.6194
854 -33.0478 -71.6197
834 -33.0478 -71.6197
904 -33.0478 -71.6196
631 -33.0478 -71.6197
394 -33.0477 -71.6199
692 -33.0477 -71.6198
660 -33.0477 -71.6198
174 -33.0479 -71.6196
586 -33.0479 -71.6196
191 -33.0479 -71.6195
273 -33.0479 -71.6195
364 -33.0479 -71.6196
519 -33.0472 -71.6186
218 -33.0472 -71.6185
939 -33.0471 -71.6228
718 -33.0463 -71.6229
80 -33.0466 -71.6229
485 -33.0467 -71.6229
360 -33.0463 -71.6229
696 -33.046 -71.6231
516 -33.0461 -71.623
222 -33.0461 -71.623
764 -33.0468 -71.6228
583 -33.0469 -71.6228
911 -33.047 -71.6228
484 -33.047 -71.6228
509 -33.0469 -71.6228
427 -33.046 -71.6218
644 -33.0461 -71.6217
724 -33.0462 -71.6214
827 -33.046 -71.6218
277 -33.0459 -71.6232
322 -33.0459 -71.6232
802 -33.0459 -71.6232
938 -33.0459 -71.6233
205 -33.0459 -71.6234
820 -33.0459 -71.6234
139 -33.0459 -71.6234
735 -33.046 -71.6232
982 -33.0453 -71.6228
88 -33.0456 -71.6223
643 -33.0458 -71.622
988 -33.0453 -71.6228
220 -33.0452 -71.6231
784 -33.0452 -71.623
968 -33.0463 -71.6212
170 -33.047 -71.6201
333 -33.047 -71.6201
862 -33.047 -71.6192
941 -33.0469 -71.6192
113 -33.0469 -71.6201
140 -33.0469 -71.6194
853 -33.0469 -71.6194
435 -33.047 -71.6191
436 -33.0471 -71.6187
778 -33.0471 -71.6187
541 -33.0471 -71.6187
855 -33.0471 -71.6188
50 -33.047 -71.619
84 -33.0471 -71.6189
314 -33.0471 -71.6189
639 -33.0468 -71.62
157 -33.0466 -71.6203
553 -33.0466 -71.6203
48 -33.0466 -71.6202
635 -33.0464 -71.6208
610 -33.0463 -71.6212
793 -33.0464 -71.6209
972 -33.0464 -71.6209
794 -33.0466 -71.6202
348 -33.0467 -71.6201
155 -33.0467 -71.62
604 -33.0467 -71.62
81 -33.0467 -71.6201
763 -33.0466 -71.6202
933 -33.0466 -71.6202
637 -33.0494 -71.6185
680 -33.0491 -71.6181
234 -33.0491 -71.6181
431 -33.0491 -71.6176
956 -33.0489 -71.618
401 -33.0488 -71.6178
654 -33.0488 -71.6174
27 -33.0488 -71.6174
74 -33.0488 -71.6174
207 -33.0488 -71.6172
522 -33.0488 -71.6172
665 -33.0488 -71.6172
76 -33.0488 -71.6172
278 -33.0488 -71.6173
548 -33.0488 -71.6172
709 -33.0488 -71.6172
93 -33.0488 -71.6174
614 -33.0486 -71.618
727 -33.0486 -71.618
828 -33.0486 -71.6179
457 -33.0486 -71.618
830 -33.0484 -71.6184
337 -33.0485 -71.6184
701 -33.0485 -71.6183
481 -33.0486 -71.6178
425 -33.0487 -71.6176
240 -33.0487 -71.6176
64 -33.0487 -71.6175
363 -33.0487 -71.6177
783 -33.0487 -71.6178
430 -33.0487 -71.6177
756 -33.0483 -71.6172
518 -33.0489 -71.617
864 -33.0493 -71.6165
908 -33.0493 -71.6165
721 -33.0493 -71.6165
545 -33.0492 -71.6165
787 -33.0492 -71.6165
258 -33.0491 -71.6162
180 -33.0491 -71.6161
428 -33.0492 -71.616
524 -33.0493 -71.6153
246 -33.0493 -71.615
841 -33.0493 -71.6149
379 -33.0492 -71.6156
164 -33.0492 -71.6159
539 -33.0492 -71.6158
750 -33.0492 -71.6156
656 -33.0491 -71.6164
565 -33.0489 -71.617
329 -33.049 -71.6166
946 -33.0491 -71.6165
804 -33.0489 -71.617
86 -33.0489 -71.617
795 -33.0485 -71.6167
320 -33.0486 -71.6165
860 -33.0487 -71.6164
974 -33.0484 -71.6141
777 -33.0487 -71.6131
801 -33.0487 -71.6131
336 -33.0484 -71.6141
439 -33.0483 -71.6148
817 -33.0483 -71.6145
393 -33.0483 -71.6175
128 -33.0481 -71.6174
178 -33.0478 -71.6167
153 -33.0478 -71.6165
807 -33.0477 -71.617
119 -33.0476 -71.6171
231 -33.0476 -71.6171
823 -33.0476 -71.6171
683 -33.0478 -71.6164
148 -33.0481 -71.6163
385 -33.0479 -71.6163
444 -33.0479 -71.6162
899 -33.0479 -71.6163
345 -33.0478 -71.6164
847 -33.0478 -71.6164
133 -33.0477 -71.6162
971 -33.0476 -71.6171
31 -33.0474 -71.6179
648 -33.0475 -71.6176
538 -33.0475 -71.6176
515 -33.0473 -71.618
960 -33.0472 -71.6184
652 -33.0473 -71.6182
851 -33.0473 -71.6181
728 -33.0475 -71.6174
248 -33.0476 -71.6172
758 -33.0476 -71.6172
418 -33.0476 -71.6171
590 -33.0476 -71.6172
304 -33.0475 -71.6174
44 -33.0476 -71.6173
75 -33.0472 -71.6162
719 -33.0481 -71.6155
779 -33.0481 -71.6155
342 -33.0481 -71.6154
920 -33.0481 -71.6156
685 -33.048 -71.6158
947 -33.048 -71.6157
596 -33.048 -71.6156
638 -33.0481 -71.6154
805 -33.0482 -71.6149
465 -33.0482 -71.6149
932 -33.0483 -71.6148
58 -33.0482 -71.6152
666 -33.0481 -71.6153
894 -33.0481 -71.6153
651 -33.0482 -71.6152
392 -33.0477 -71.613
588 -33.0473 -71.614
317 -33.0474 -71.6137
526 -33.0475 -71.6136
312 -33.0472 -71.6142
634 -33.047 -71.6159
96 -33.0472 -71.6144
241 -33.0472 -71.6143
749 -33.0474 -71.6134
902 -33.0477 -71.6131
338 -33.0477 -71.613
739 -33.0477 -71.613
915 -33.0476 -71.6132
996 -33.0474 -71.6134
766 -33.0475 -71.6134
171 -33.0495 -71.6129
19 -33.0544 -71.6123
790 -33.0542 -71.6123
326 -33.0541 -71.6123
420 -33.0539 -71.6122
414 -33.0539 -71.6122
576 -33.0538 -71.6122
43 -33.0537 -71.6122
521 -33.0537 -71.6122
354 -33.0545 -71.6122
579 -33.0542 -71.6118
368 -33.0541 -71.6116
467 -33.0539 -71.6113
747 -33.0537 -71.6122
619 -33.0537 -71.6111
259 -33.0536 -71.6111
72 -33.0536 -71.6114
917 -33.0533 -71.6122
523 -33.0529 -71.6121
298 -33.0526 -71.6121
569 -33.0524 -71.6117
238 -33.0523 -71.6121
305 -33.0521 -71.612
192 -33.0521 -71.6118
874 -33.0525 -71.6117
463 -33.0535 -71.6114
237 -33.0534 -71.611
154 -33.0534 -71.611
967 -33.0534 -71.611
866 -33.0526 -71.6116
384 -33.0531 -71.6109
591 -33.053 -71.6108
563 -33.053 -71.6108
209 -33.0529 -71.6107
636 -33.0529 -71.6107
772 -33.0536 -71.6106
627 -33.0528 -71.6106
751 -33.0528 -71.6106
366 -33.0528 -71.6106
307 -33.0528 -71.6106
810 -33.0535 -71.6105
132 -33.0535 -71.6105
970 -33.0544 -71.6105
592 -33.0535 -71.6104
922 -33.0534 -71.6102
83 -33.0533 -71.6099
873 -33.0533 -71.6098
98 -33.0531 -71.6094
52 -33.0528 -71.6105
402 -33.0527 -71.6104
452 -33.0527 -71.6104
175 -33.0526 -71.6103
61 -33.0525 -71.6101
12 -33.0524 -71.61
927 -33.0524 -71.6099
35 -33.0523 -71.6098
773 -33.0523 -71.6098
274 -33.0523 -71.6098
679 -33.0523 -71.6097
190 -33.0522 -71.6095
676 -33.0521 -71.6095
424 -33.0521 -71.6095
303 -33.0521 -71.6094
26 -33.052 -71.6118
962 -33.0519 -71.612
51 -33.0517 -71.612
642 -33.0516 -71.612
120 -33.0515 -71.6119
958 -33.0515 -71.612
276 -33.0514 -71.6119
390 -33.0515 -71.6119
556 -33.0516 -71.6119
811 -33.0516 -71.6118
782 -33.0516 -71.6118
505 -33.052 -71.6118
675 -33.0516 -71.6118
571 -33.0514 -71.6116
214 -33.0515 -71.6115
29 -33.0515 -71.6114
15 -33.0514 -71.6114
480 -33.0511 -71.6123
910 -33.0511 -71.6123
242 -33.0512 -71.612
14 -33.0511 -71.6126
97 -33.0511 -71.6128
578 -33.0511 -71.6127
351 -33.0511 -71.6126
733 -33.0512 -71.6119
2 -33.0512 -71.6119
187 -33.0513 -71.6119
173 -33.0512 -71.6118
737 -33.0512 -71.6119
909 -33.0511 -71.6114
789 -33.0507 -71.6113
681 -33.0509 -71.6102
512 -33.052 -71.6093
470 -33.0518 -71.6093
674 -33.0519 -71.6092
622 -33.0516 -71.6095
746 -33.0515 -71.6096
110 -33.0515 -71.6096
94 -33.0515 -71.6096
825 -33.0519 -71.6092
954 -33.052 -71.609
769 -33.052 -71.609
662 -33.052 -71.609
378 -33.0519 -71.6091
797 -33.0519 -71.6092
7 -33.0519 -71.6091
848 -33.0519 -71.6091
32 -33.0512 -71.6099
22 -33.0509 -71.6101
846 -33.051 -71.6101
316 -33.051 -71.6101
575 -33.0509 -71.6102
167 -33.0508 -71.6102
398 -33.0507 -71.6102
981 -33.0507 -71.6102
158 -33.051 -71.6101
603 -33.0512 -71.6099
626 -33.0512 -71.6099
923 -33.0512 -71.6099
840 -33.0511 -71.6099
137 -33.0511 -71.61
211 -33.0506 -71.6092
506 -33.052 -71.6089
677 -33.0546 -71.6085
808 -33.0546 -71.6085
281 -33.0544 -71.6085
331 -33.0542 -71.6085
491 -33.0541 -71.6085
63 -33.054 -71.6085
280 -33.054 -71.6085
419 -33.054 -71.6085
291 -33.0547 -71.6085
474 -33.0547 -71.6084
748 -33.0548 -71.6084
925 -33.0539 -71.6085
886 -33.0539 -71.6085
159 -33.0539 -71.6085
112 -33.0539 -71.6085
606 -33.0538 -71.6085
903 -33.0536 -71.6085
525 -33.0537 -71.6085
876 -33.0537 -71.6085
672 -33.0535 -71.6085
581 -33.0534 -71.6085
311 -33.0534 -71.6085
977 -33.0533 -71.6084
362 -33.0532 -71.6084
454 -33.0532 -71.6084
332 -33.0532 -71.6084
934 -33.0531 -71.6084
558 -33.0531 -71.6084
79 -33.053 -71.6083
499 -33.053 -71.6083
469 -33.053 -71.6083
129 -33.0529 -71.6083
300 -33.0549 -71.6083
11 -33.0529 -71.6083
510 -33.0529 -71.6083
513 -33.0528 -71.6083
296 -33.0528 -71.6083
461 -33.0528 -71.6083
527 -33.0528 -71.6082
528 -33.0551 -71.6081
768 -33.0541 -71.6057
147 -33.0541 -71.6047
441 -33.055 -71.6045
870 -33.054 -71.6047
196 -33.0528 -71.6066
924 -33.0528 -71.6047
90 -33.0532 -71.6047
335 -33.0527 -71.6082
400 -33.0527 -71.6082
929 -33.0527 -71.6082
411 -33.0526 -71.6082
657 -33.0526 -71.6082
223 -33.0526 -71.6082
700 -33.0525 -71.6082
613 -33.0525 -71.6082
912 -33.0524 -71.6082
473 -33.0525 -71.6081
285 -33.0525 -71.6081
221 -33.0525 -71.6048
535 -33.0524 -71.6081
705 -33.0524 -71.6081
477 -33.0523 -71.6081
438 -33.0522 -71.608
472 -33.0521 -71.6086
422 -33.0521 -71.6085
857 -33.0521 -71.6084
555 -33.0521 -71.6086
40 -33.052 -71.6089
219 -33.052 -71.6088
944 -33.0521 -71.6087
46 -33.0522 -71.6084
225 -33.0522 -71.6081
858 -33.0522 -71.6079
168 -33.0522 -71.6079
212 -33.0522 -71.6082
888 -33.0522 -71.6081
740 -33.052 -71.6081
282 -33.052 -71.608
833 -33.0519 -71.608
49 -33.0515 -71.6088
601 -33.0511 -71.6086
256 -33.0511 -71.6085
261 -33.0511 -71.6085
224 -33.051 -71.6086
595 -33.051 -71.6086
89 -33.0509 -71.6085
503 -33.0512 -71.6085
723 -33.0517 -71.6082
937 -33.0517 -71.6082
478 -33.0518 -71.6081
715 -33.0514 -71.6083
843 -33.0512 -71.6084
984 -33.0513 -71.6084
645 -33.0522 -71.6079
551 -33.0522 -71.6078
918 -33.0522 -71.6074
980 -33.0522 -71.6073
878 -33.0521 -71.6072
138 -33.0521 -71.6076
489 -33.0521 -71.6072
458 -33.0521 -71.607
664 -33.052 -71.6069
540 -33.052 -71.6069
156 -33.052 -71.6069
593 -33.0519 -71.6067
73 -33.0519 -71.6067
421 -33.0519 -71.6066
557 -33.0519 -71.6065
227 -33.0519 -71.6065
381 -33.0518 -71.6065
753 -33.0516 -71.6075
532 -33.0518 -71.6064
706 -33.0516 -71.606
350 -33.0514 -71.6075
228 -33.0514 -71.6077
62 -33.0514 -71.6075
502 -33.051 -71.6058
752 -33.0509 -71.6058
169 -33.051 -71.6051
620 -33.051 -71.6051
78 -33.0517 -71.6049
966 -33.0509 -71.6058
181 -33.0509 -71.6058
815 -33.0506 -71.6057
671 -33.0506 -71.6102
682 -33.0497 -71.6127
554 -33.0498 -71.6125
887 -33.0498 -71.6125
921 -33.0497 -71.6129
151 -33.0495 -71.6129
759 -33.0494 -71.6129
102 -33.0493 -71.6129
257 -33.05 -71.6115
347 -33.0501 -71.6113
670 -33.0499 -71.6113
742 -33.0498 -71.6113
371 -33.0498 -71.6113
813 -33.0496 -71.6112
905 -33.0495 -71.6112
731 -33.0493 -71.6112
108 -33.0493 -71.6129
711 -33.0493 -71.6129
611 -33.0492 -71.6129
200 -33.0491 -71.6129
208 -33.0491 -71.6129
202 -33.049 -71.6129
615 -33.049 -71.6129
334 -33.0489 -71.6129
70 -33.0488 -71.6129
267 -33.0492 -71.6112
397 -33.0492 -71.6112
245 -33.0491 -71.6112
720 -33.0491 -71.6112
837 -33.0487 -71.6129
445 -33.0488 -71.6125
67 -33.0491 -71.6116
247 -33.049 -71.6112
349 -33.0502 -71.6103
669 -33.0502 -71.6102
704 -33.0505 -71.6102
284 -33.0502 -71.6104
736 -33.0501 -71.6105
294 -33.0501 -71.6105
882 -33.0501 -71.6104
741 -33.0504 -71.6102
236 -33.0504 -71.6102
832 -33.0503 -71.6101
885 -33.0505 -71.6101
404 -33.0503 -71.6102
182 -33.0503 -71.6102
856 -33.0503 -71.6101
861 -33.0502 -71.6101
321 -33.0501 -71.6106
776 -33.0492 -71.6111
230 -33.05 -71.6111
375 -33.0501 -71.6109
691 -33.049 -71.6112
806 -33.049 -71.6112
410 -33.0488 -71.6112
875 -33.0488 -71.6112
997 -33.0501 -71.6109
229 -33.0501 -71.6107
319 -33.0501 -71.6107
199 -33.0501 -71.6106
357 -33.0501 -71.6108
8 -33.0493 -71.6099
215 -33.049 -71.6099
264 -33.0487 -71.6112
87 -33.0485 -71.6129
661 -33.0485 -71.6129
725 -33.0485 -71.6129
372 -33.0484 -71.6129
877 -33.0483 -71.6129
265 -33.0483 -71.6129
599 -33.0482 -71.6128
655 -33.0481 -71.6128
585 -33.0481 -71.6128
517 -33.048 -71.6128
114 -33.048 -71.6121
584 -33.048 -71.6121
744 -33.0479 -71.6128
131 -33.0479 -71.6123
926 -33.0479 -71.6122
835 -33.0479 -71.6128
201 -33.0477 -71.6129
942 -33.0477 -71.6129
969 -33.0478 -71.6127
898 -33.0477 -71.6129
100 -33.0476 -71.6127
621 -33.0472 -71.6127
186 -33.0469 -71.6126
659 -33.0469 -71.6126
729 -33.0479 -71.6124
451 -33.0479 -71.6124
330 -33.0479 -71.6124
964 -33.0465 -71.6125
24 -33.0465 -71.6125
494 -33.0461 -71.6124
353 -33.0449 -71.612
37 -33.0481 -71.6117
490 -33.0481 -71.6116
104 -33.0481 -71.6115
135 -33.0481 -71.6118
630 -33.048 -71.612
45 -33.048 -71.612
594 -33.048 -71.6118
965 -33.0482 -71.6112
359 -33.0487 -71.6112
667 -33.0486 -71.6112
567 -33.0485 -71.6112
289 -33.0485 -71.6111
552 -33.0483 -71.6112
781 -33.0483 -71.6112
616 -33.0483 -71.6111
275 -33.0474 -71.611
449 -33.0473 -71.611
33 -33.0463 -71.6109
798 -33.046 -71.6098
288 -33.046 -71.6098
54 -33.0448 -71.6118
4 -33.0458 -71.6098
865 -33.0459 -71.6098
249 -33.0461 -71.6098
814 -33.0462 -71.6098
702 -33.0462 -71.6098
3 -33.0463 -71.6098
486 -33.0461 -71.6098
695 -33.0453 -71.6098
985 -33.0451 -71.6098
459 -33.0464 -71.6098
324 -33.0504 -71.6092
126 -33.0504 -71.6089
468 -33.0504 -71.6089
785 -33.0503 -71.6092
757 -33.0502 -71.6092
821 -33.0502 -71.6092
653 -33.0501 -71.6091
952 -33.0505 -71.6087
183 -33.0505 -71.6086
600 -33.0504 -71.6085
343 -33.0502 -71.6085
204 -33.0502 -71.6085
328 -33.0502 -71.6085
863 -33.0501 -71.6085
836 -33.0501 -71.6084
990 -33.0501 -71.6091
243 -33.0496 -71.6092
845 -33.0496 -71.6092
406 -33.0497 -71.6091
16 -33.0496 -71.6093
395 -33.0495 -71.6098
172 -33.0496 -71.6093
707 -33.0493 -71.6091
136 -33.0501 -71.6084
714 -33.0501 -71.6084
951 -33.05 -71.6084
734 -33.0499 -71.6084
771 -33.0496 -71.6084
607 -33.0496 -71.6084
498 -33.0495 -71.6084
68 -33.0494 -71.6084
235 -33.0494 -71.6084
690 -33.0505 -71.6073
471 -33.0501 -71.6072
369 -33.0499 -71.6072
56 -33.0499 -71.6072
460 -33.0499 -71.6072
624 -33.0496 -71.6071
365 -33.0496 -71.6071
957 -33.05 -71.6066
382 -33.0504 -71.6056
673 -33.0504 -71.6056
770 -33.0504 -71.6056
293 -33.0503 -71.6048
788 -33.0501 -71.6055
244 -33.0496 -71.6053
99 -33.0501 -71.6047
325 -33.0494 -71.6071
417 -33.0493 -71.6083
125 -33.0493 -71.6083
233 -33.0492 -71.6083
82 -33.0492 -71.6083
738 -33.0492 -71.6083
306 -33.0492 -71.6083
437 -33.0492 -71.6083
71 -33.0492 -71.6083
564 -33.049 -71.6051
358 -33.049 -71.605
1 -33.0492 -71.6035
65 -33.0489 -71.6049
185 -33.0489 -71.6083
122 -33.0489 -71.6049
287 -33.0489 -71.6069
193 -33.0485 -71.6098
623 -33.0485 -71.6091
544 -33.0486 -71.6083
562 -33.0485 -71.6082
121 -33.0475 -71.6098
650 -33.0474 -71.6098
625 -33.0484 -71.6082
91 -33.0485 -71.6082
658 -33.0484 -71.6082
534 -33.0484 -71.6082
867 -33.0481 -71.6082
566 -33.0476 -71.6082
429 -33.0474 -71.6082
270 -33.0474 -71.6082
161 -33.0474 -71.6082
28 -33.0473 -71.6098
39 -33.0469 -71.6098
995 -33.0471 -71.6098
47 -33.0472 -71.6098
344 -33.0467 -71.6098
824 -33.0465 -71.6098
928 -33.0465 -71.6098
663 -33.0466 -71.6098
914 -33.0471 -71.6082
617 -33.047 -71.6081
717 -33.0468 -71.6081
59 -33.0464 -71.6081
188 -33.0463 -71.6081
568 -33.0463 -71.6081
380 -33.0463 -71.6081
618 -33.0461 -71.6081
103 -33.0488 -71.6069
993 -33.0488 -71.6069
975 -33.0488 -71.6066
232 -33.0487 -71.6065
203 -33.0482 -71.608
839 -33.0485 -71.6066
339 -33.0486 -71.6065
388 -33.0488 -71.6046
628 -33.0487 -71.6045
913 -33.0486 -71.6044
30 -33.0488 -71.6033
826 -33.0486 -71.6037
492 -33.0484 -71.604
896 -33.0484 -71.6039
800 -33.0483 -71.6037
149 -33.0482 -71.6066
791 -33.048 -71.6077
536 -33.0478 -71.6075
906 -33.0475 -71.6075
508 -33.0474 -71.6075
346 -33.0459 -71.608
162 -33.0452 -71.608
559 -33.0456 -71.6078
21 -33.0479 -71.6067
989 -33.0481 -71.6067
895 -33.0481 -71.6066
308 -33.0481 -71.6066
514 -33.048 -71.6036
194 -33.048 -71.6067
533 -33.045 -71.6052
