978 -33.0581 -71.6176
367 -33.0583 -71.6174
189 -33.0584 -71.6173
549 -33.0574 -71.6181
301 -33.0565 -71.6182
754 -33.0562 -71.6181
698 -33.0561 -71.6181
475 -33.0599 -71.6165
816 -33.0562 -71.616
881 -33.0562 -71.616
376 -33.0562 -71.6159
269 -33.0562 -71.6158
134 -33.0561 -71.6161
442 -33.0561 -71.616
762 -33.0561 -71.6158
146 -33.056 -71.616
455 -33.056 -71.618
809 -33.0558 -71.618
760 -33.0558 -71.618
271 -33.0557 -71.6179
456 -33.0555 -71.6179
216 -33.0556 -71.6172
587 -33.0556 -71.6172
373 -33.0556 -71.6171
542 -33.0557 -71.6165
42 -33.0557 -71.6165
580 -33.056 -71.6159
361 -33.0557 -71.6165
69 -33.0557 -71.6166
150 -33.0556 -71.6159
641 -33.0555 -71.6159
520 -33.0561 -71.6157
483 -33.0584 -71.6151
994 -33.0582 -71.615
945 -33.0593 -71.615
407 -33.0563 -71.6151
693 -33.0561 -71.6157
743 -33.0562 -71.6151
389 -33.0562 -71.6151
450 -33.0564 -71.615
464 -33.0579 -71.615
774 -33.0582 -71.615
608 -33.0578 -71.615
950 -33.0578 -71.615
640 -33.0578 -71.615
869 -33.0577 -71.6149
60 -33.0577 -71.6149
476 -33.0561 -71.6152
602 -33.0561 -71.6157
107 -33.0561 -71.6156
255 -33.056 -71.6155
123 -33.056 -71.6155
105 -33.0558 -71.6157
405 -33.0558 -71.6157
907 -33.0557 -71.6157
279 -33.056 -71.6155
726 -33.0559 -71.6154
251 -33.056 -71.6153
537 -33.0561 -71.6152
408 -33.0559 -71.6153
370 -33.0559 -71.6154
955 -33.0559 -71.6153
803 -33.0554 -71.6179
710 -33.0551 -71.6216
987 -33.0552 -71.6215
25 -33.0551 -71.6214
92 -33.0551 -71.6217
629 -33.0545 -71.6228
409 -33.0547 -71.6222
598 -33.0551 -71.6211
589 -33.0551 -71.621
786 -33.055 -71.6208
829 -33.055 -71.6208
979 -33.0549 -71.6206
179 -33.0548 -71.6187
883 -33.0547 -71.6203
109 -33.0546 -71.6202
880 -33.0545 -71.6189
697 -33.0544 -71.6201
849 -33.0544 -71.623
217 -33.0544 -71.6201
479 -33.0544 -71.6201
53 -33.0543 -71.62
961 -33.0543 -71.62
313 -33.0541 -71.6199
940 -33.054 -71.6198
176 -33.054 -71.6198
448 -33.0541 -71.6184
687 -33.0541 -71.6184
323 -33.0544 -71.6184
831 -33.0541 -71.6184
177 -33.054 -71.6189
930 -33.0539 -71.6189
431 -33.054 -71.6184
166 -33.0545 -71.6184
761 -33.0551 -71.6178
434 -33.0551 -71.6178
341 -33.0553 -71.6178
838 -33.0551 -71.6179
973 -33.055 -71.6179
198 -33.055 -71.6179
844 -33.0551 -71.6179
355 -33.0553 -71.6176
919 -33.0554 -71.6174
488 -33.0553 -71.6158
446 -33.0553 -71.6154
819 -33.0553 -71.6158
290 -33.0551 -71.6175
403 -33.0551 -71.6153
423 -33.0551 -71.6152
713 -33.055 -71.6179
210 -33.055 -71.6181
891 -33.055 -71.6181
377 -33.055 -71.618
767 -33.055 -71.6181
495 -33.0545 -71.6184
466 -33.0549 -71.6183
547 -33.0549 -71.6183
775 -33.055 -71.618
730 -33.0545 -71.6157
546 -33.0543 -71.6157
145 -33.0548 -71.6151
254 -33.0541 -71.6156
292 -33.054 -71.6156
117 -33.054 -71.6156
582 -33.0565 -71.6149
531 -33.0583 -71.6149
297 -33.0587 -71.6148
561 -33.0586 -71.6147
501 -33.0583 -71.6149
879 -33.0576 -71.6149
818 -33.0576 -71.6149
948 -33.0582 -71.6142
482 -33.0593 -71.6142
976 -33.0593 -71.6142
118 -33.0594 -71.614
991 -33.0587 -71.6134
521 -33.0583 -71.6134
560 -33.0577 -71.6139
842 -33.0578 -71.6139
124 -33.0576 -71.6139
619 -33.0575 -71.6139
286 -33.0575 -71.6149
646 -33.0574 -71.6149
57 -33.0573 -71.6148
668 -33.0571 -71.6148
963 -33.0566 -71.6149
127 -33.0566 -71.6148
18 -33.0567 -71.6148
686 -33.057 -71.6148
20 -33.0574 -71.6143
467 -33.0575 -71.6141
154 -33.0572 -71.6136
962 -33.0569 -71.6134
413 -33.0569 -71.6147
765 -33.0568 -71.6147
591 -33.0568 -71.6133
636 -33.0567 -71.6133
747 -33.0589 -71.6129
354 -33.0589 -71.6129
43 -33.0589 -71.6129
917 -33.0585 -71.613
368 -33.0583 -71.613
579 -33.0584 -71.613
523 -33.0581 -71.613
576 -33.059 -71.6129
326 -33.0593 -71.6129
19 -33.0594 -71.6129
790 -33.0594 -71.6129
414 -33.0591 -71.6129
298 -33.0578 -71.6129
420 -33.0591 -71.6129
872 -33.0583 -71.6128
238 -33.0576 -71.6129
967 -33.0575 -71.6128
237 -33.0574 -71.6128
305 -33.0573 -71.6128
209 -33.0569 -71.6126
563 -33.0569 -71.6126
642 -33.0569 -71.6126
51 -33.0569 -71.6126
366 -33.0568 -71.6126
751 -33.0568 -71.6126
627 -33.0568 -71.6126
307 -33.0568 -71.6126
958 -33.0568 -71.6126
52 -33.0567 -71.6125
402 -33.0566 -71.6125
822 -33.0565 -71.6149
773 -33.0558 -71.6131
61 -33.0561 -71.6131
175 -33.0563 -71.6131
571 -33.0558 -71.6131
424 -33.0554 -71.6131
274 -33.0557 -71.6131
512 -33.0552 -71.6131
452 -33.0565 -71.6124
733 -33.0564 -71.6124
173 -33.0563 -71.6124
197 -33.0554 -71.6124
909 -33.0554 -71.6124
674 -33.0553 -71.6124
848 -33.0552 -71.6124
916 -33.0552 -71.6124
7 -33.0551 -71.6131
797 -33.055 -71.613
506 -33.0549 -71.613
40 -33.0549 -71.6129
49 -33.0546 -71.6127
171 -33.0544 -71.6148
711 -33.0542 -71.6147
611 -33.0542 -71.6147
212 -33.0544 -71.6125
387 -33.055 -71.6124
577 -33.055 -71.6124
789 -33.055 -71.6124
23 -33.055 -71.6124
252 -33.0549 -71.6124
272 -33.0547 -71.6124
310 -33.0545 -71.6124
12 -33.0562 -71.6124
480 -33.0561 -71.6123
927 -33.056 -71.6123
676 -33.0556 -71.6123
160 -33.0545 -71.6124
303 -33.0556 -71.6123
295 -33.0556 -71.6123
35 -33.056 -71.6123
679 -33.056 -71.6123
214 -33.0559 -71.6123
351 -33.0559 -71.6123
14 -33.0558 -71.6123
15 -33.0557 -71.6123
29 -33.0558 -71.6123
228 -33.0545 -71.6122
998 -33.0544 -71.6123
649 -33.0544 -71.6123
601 -33.0543 -71.6123
603 -33.0543 -71.6123
347 -33.0543 -71.6123
386 -33.0542 -71.6123
224 -33.0542 -71.6123
986 -33.0542 -71.6123
742 -33.0542 -71.6123
645 -33.0542 -71.6123
575 -33.0542 -71.6123
22 -33.0543 -71.6122
551 -33.0541 -71.6123
89 -33.0541 -71.6123
309 -33.054 -71.6122
340 -33.0539 -71.6184
66 -33.0539 -71.6198
550 -33.0538 -71.6197
142 -33.0537 -71.6197
85 -33.0537 -71.6197
647 -33.0536 -71.6196
115 -33.0536 -71.6196
796 -33.0536 -71.6196
497 -33.0536 -71.6196
266 -33.0538 -71.6188
253 -33.0539 -71.6188
487 -33.0537 -71.6188
5 -33.0536 -71.6196
890 -33.0536 -71.6196
678 -33.0535 -71.619
260 -33.0535 -71.6189
327 -33.0535 -71.6192
38 -33.0535 -71.6194
315 -33.0535 -71.6194
500 -33.0535 -71.6192
703 -33.0535 -71.6195
226 -33.0535 -71.6195
250 -33.0534 -71.6188
17 -33.0533 -71.6188
393 -33.0533 -71.6188
163 -33.0531 -71.6188
852 -33.0531 -71.6188
128 -33.0531 -71.6187
830 -33.0531 -71.6187
504 -33.053 -71.6187
111 -33.053 -71.6187
144 -33.0529 -71.6187
614 -33.0534 -71.6187
262 -33.0538 -71.6184
399 -33.0538 -71.6184
116 -33.0539 -71.6184
632 -33.0535 -71.6187
597 -33.0528 -71.6187
727 -33.0535 -71.6187
412 -33.0526 -71.6187
908 -33.0537 -71.6165
946 -33.0535 -71.6164
795 -33.0528 -71.6159
320 -33.0529 -71.6156
93 -33.0527 -71.6159
148 -33.0526 -71.6158
430 -33.0526 -71.6158
385 -33.0525 -71.6157
756 -33.0525 -71.6157
859 -33.0522 -71.6185
999 -33.0521 -71.6185
364 -33.0519 -71.6184
904 -33.0519 -71.6184
130 -33.0514 -71.6184
165 -33.0514 -71.6184
983 -33.0511 -71.6182
10 -33.0511 -71.6182
949 -33.0511 -71.6182
529 -33.0505 -71.6157
783 -33.0524 -71.6157
453 -33.0504 -71.6158
263 -33.0504 -71.6158
239 -33.0503 -71.6158
416 -33.0501 -71.6157
101 -33.0497 -71.62
633 -33.0492 -71.6183
708 -33.05 -71.6178
447 -33.049 -71.6181
360 -33.0486 -71.6181
34 -33.0488 -71.6179
80 -33.0487 -71.6178
485 -33.0487 -71.6178
511 -33.0497 -71.6177
427 -33.0489 -71.6176
583 -33.0487 -71.6175
935 -33.0487 -71.6177
493 -33.0487 -71.6177
764 -33.0487 -71.6176
509 -33.0487 -71.6176
718 -33.0485 -71.6181
277 -33.0483 -71.6188
802 -33.0483 -71.6188
322 -33.0483 -71.6187
139 -33.0483 -71.6188
205 -33.0483 -71.6189
938 -33.0483 -71.6188
820 -33.0483 -71.6188
735 -33.0484 -71.6187
988 -33.0484 -71.6186
222 -33.0484 -71.6185
516 -33.0484 -71.6184
696 -33.0484 -71.6186
220 -33.0475 -71.6175
784 -33.0475 -71.6175
911 -33.0488 -71.6174
605 -33.0497 -71.6159
155 -33.0497 -71.6159
639 -33.0497 -71.6159
763 -33.0496 -71.6162
635 -33.0491 -71.6165
157 -33.0495 -71.6163
794 -33.0495 -71.6162
716 -33.0492 -71.6158
573 -33.05 -71.6157
889 -33.05 -71.6157
170 -33.0498 -71.6157
333 -33.0498 -71.6157
694 -33.0492 -71.6158
113 -33.0498 -71.6158
383 -33.0492 -71.6157
610 -33.049 -71.6166
9 -33.0488 -71.6172
939 -33.0489 -71.6172
755 -33.0489 -71.617
644 -33.0488 -71.6173
484 -33.0488 -71.6173
732 -33.0488 -71.6173
982 -33.0476 -71.6172
55 -33.0489 -71.617
722 -33.049 -71.6167
530 -33.049 -71.6167
152 -33.049 -71.6167
827 -33.048 -71.616
88 -33.0478 -71.6166
643 -33.0479 -71.6162
724 -33.048 -71.6156
992 -33.0539 -71.6156
812 -33.0538 -71.6156
892 -33.0537 -71.6156
721 -33.0536 -71.6156
864 -33.0536 -71.6155
545 -33.0535 -71.6155
787 -33.0535 -71.6155
860 -33.053 -71.6155
565 -33.053 -71.6155
585 -33.0532 -71.614
835 -33.0531 -71.6139
739 -33.0528 -71.6138
100 -33.0528 -71.6137
749 -33.0524 -71.6135
659 -33.0521 -71.6133
75 -33.0518 -71.6156
496 -33.0518 -71.6156
195 -33.0517 -71.6156
304 -33.0516 -71.6156
106 -33.0513 -71.6156
574 -33.0513 -71.6156
688 -33.0513 -71.6156
850 -33.0512 -71.6156
884 -33.0511 -71.6156
572 -33.051 -71.6156
13 -33.051 -71.6156
24 -33.0518 -71.6131
191 -33.0509 -71.6156
174 -33.0508 -71.6156
273 -33.0508 -71.6156
652 -33.0508 -71.6155
964 -33.0517 -71.6131
151 -33.0538 -71.6122
759 -33.0538 -71.6122
905 -33.0537 -71.6122
102 -33.0537 -71.6122
108 -33.0536 -71.6122
208 -33.0535 -71.6122
200 -33.0535 -71.6122
202 -33.0534 -71.6122
615 -33.0533 -71.6122
70 -33.0532 -71.6121
334 -33.0532 -71.6121
837 -33.0531 -71.6121
801 -33.053 -71.6121
87 -33.0529 -71.6121
661 -33.0528 -71.6121
725 -33.0528 -71.6121
494 -33.0513 -71.6131
74 -33.0511 -71.613
27 -33.0511 -71.613
683 -33.051 -71.6131
133 -33.0509 -71.6131
345 -33.0509 -71.6131
401 -33.0507 -71.6131
278 -33.0511 -71.6129
877 -33.0527 -71.6121
894 -33.0512 -71.6121
265 -33.0527 -71.6121
638 -33.0511 -71.6121
920 -33.0511 -71.6124
666 -33.0511 -71.6122
692 -33.0506 -71.6155
712 -33.0505 -71.6156
900 -33.0505 -71.6155
868 -33.0495 -71.614
897 -33.0494 -71.6143
206 -33.0494 -71.6148
318 -33.0494 -71.6145
213 -33.0494 -71.6144
36 -33.0495 -71.614
854 -33.0496 -71.6137
586 -33.0496 -71.6137
612 -33.0496 -71.6133
834 -33.0495 -71.6138
394 -33.0495 -71.614
660 -33.0495 -71.614
631 -33.0495 -71.6138
440 -33.0493 -71.615
799 -33.0492 -71.6155
901 -33.0493 -71.6154
283 -33.0493 -71.6152
553 -33.0484 -71.6144
968 -33.0482 -71.6152
793 -33.0482 -71.615
972 -33.0482 -71.615
48 -33.0484 -71.6143
604 -33.0485 -71.614
853 -33.0486 -71.6135
140 -33.0486 -71.6134
81 -33.0484 -71.6141
933 -33.0484 -71.6143
348 -33.0484 -71.6141
941 -33.0486 -71.6133
758 -33.0503 -71.613
337 -33.0503 -71.613
353 -33.0501 -71.613
44 -33.0501 -71.613
374 -33.0497 -71.6131
462 -33.0497 -71.613
780 -33.0499 -71.613
54 -33.0498 -71.6129
701 -33.0498 -71.6122
234 -33.0498 -71.6122
680 -33.0498 -71.6122
0 -33.0498 -71.6124
77 -33.0498 -71.6129
31 -33.0497 -71.6129
637 -33.0498 -71.6126
302 -33.0497 -71.6131
432 -33.0497 -71.6132
851 -33.0495 -71.6129
855 -33.0488 -71.6129
314 -33.0487 -71.6129
862 -33.0486 -71.6133
435 -33.0487 -71.6131
50 -33.0487 -71.6131
84 -33.0487 -71.6129
519 -33.0488 -71.6126
218 -33.0488 -71.6126
960 -33.0489 -71.6124
436 -33.0488 -71.6127
541 -33.0488 -71.6128
778 -33.0488 -71.6128
600 -33.0544 -71.6121
970 -33.0595 -71.6104
748 -33.0579 -71.6103
259 -33.0576 -71.6101
72 -33.0576 -71.6101
26 -33.0561 -71.6102
569 -33.0564 -71.6101
463 -33.0574 -71.6101
866 -33.0566 -71.61
384 -33.057 -71.6099
132 -33.0582 -71.6089
535 -33.0572 -71.6088
886 -33.057 -71.6098
606 -33.0569 -71.6098
876 -33.0568 -71.6097
874 -33.0561 -71.609
558 -33.0561 -71.6095
190 -33.0557 -71.6104
187 -33.0554 -71.6104
510 -33.056 -71.6095
2 -33.0551 -71.61
97 -33.0546 -71.6105
182 -33.0546 -71.6085
404 -33.0546 -71.6085
856 -33.0546 -71.6085
832 -33.0546 -71.6085
365 -33.0545 -71.6085
815 -33.0546 -71.6085
669 -33.0545 -71.6085
349 -33.0544 -71.6085
624 -33.0544 -71.6085
417 -33.0544 -71.6085
236 -33.0547 -71.6085
362 -33.0583 -71.6084
540 -33.056 -71.6084
454 -33.0582 -71.6084
714 -33.0551 -71.6082
471 -33.0549 -71.6083
951 -33.055 -71.6083
136 -33.0551 -71.6082
167 -33.0551 -71.6082
400 -33.0578 -71.6082
461 -33.0578 -71.6082
11 -33.058 -71.6081
335 -33.0578 -71.6082
657 -33.0577 -71.6082
929 -33.0577 -71.6082
836 -33.0551 -71.6082
981 -33.0549 -71.6083
369 -33.0548 -71.6084
704 -33.0548 -71.6084
460 -33.0548 -71.6084
56 -33.0548 -71.6084
990 -33.0547 -71.6084
741 -33.0547 -71.6084
653 -33.0547 -71.6084
752 -33.0548 -71.6084
398 -33.0549 -71.6083
757 -33.0549 -71.6083
502 -33.0549 -71.6083
671 -33.0549 -71.6083
966 -33.0548 -71.6083
785 -33.0549 -71.6083
885 -33.0544 -71.612
204 -33.0543 -71.6119
211 -33.0543 -71.6119
343 -33.0543 -71.6119
863 -33.0543 -71.6118
324 -33.0542 -71.6117
593 -33.0542 -71.6117
734 -33.0541 -71.6116
421 -33.0541 -71.6115
227 -33.054 -71.6113
607 -33.054 -71.6113
681 -33.0541 -71.6105
771 -33.054 -71.6113
943 -33.0539 -71.6113
498 -33.0539 -71.6112
936 -33.0539 -71.6112
235 -33.0538 -71.6112
931 -33.0538 -71.6113
68 -33.0538 -71.6112
141 -33.0538 -71.6111
821 -33.0537 -71.6109
433 -33.0537 -71.6113
143 -33.0537 -71.6108
415 -33.0536 -71.6105
268 -33.0537 -71.6105
745 -33.0537 -71.6105
103 -33.0536 -71.6085
395 -33.0537 -71.6085
993 -33.0536 -71.6085
276 -33.0536 -71.6085
230 -33.0536 -71.6085
544 -33.0537 -71.6085
673 -33.0544 -71.6085
284 -33.0543 -71.6085
125 -33.0543 -71.6085
770 -33.0543 -71.6085
192 -33.0543 -71.6085
243 -33.0543 -71.6085
845 -33.0543 -71.6085
71 -33.0543 -71.6085
505 -33.0543 -71.6085
882 -33.0543 -71.6085
325 -33.0542 -71.6085
16 -33.0542 -71.6085
736 -33.0541 -71.6085
294 -33.0541 -71.6085
172 -33.0541 -71.6085
199 -33.0541 -71.6085
321 -33.0541 -71.6085
319 -33.0541 -71.6085
229 -33.0541 -71.6085
788 -33.0541 -71.6085
287 -33.0537 -71.6085
120 -33.0537 -71.6085
390 -33.0537 -71.6085
357 -33.0539 -71.6085
675 -33.0538 -71.6085
997 -33.0538 -71.6085
811 -33.0538 -71.6085
556 -33.0538 -71.6085
375 -33.0538 -71.6085
782 -33.0538 -71.6085
700 -33.0576 -71.6081
499 -33.0582 -71.6081
332 -33.0582 -71.6081
977 -33.0584 -71.608
79 -33.0581 -71.6081
469 -33.058 -71.6081
473 -33.0575 -71.6081
934 -33.0581 -71.6081
581 -33.0585 -71.608
528 -33.059 -71.6079
474 -33.0597 -71.6078
677 -33.0596 -71.6077
159 -33.059 -71.6077
672 -33.0585 -71.6079
903 -33.0586 -71.6079
925 -33.059 -71.6077
285 -33.0575 -71.6081
912 -33.0575 -71.6081
705 -33.0574 -71.6081
225 -33.0572 -71.608
438 -33.0572 -71.608
858 -33.0572 -71.608
168 -33.0572 -71.608
888 -33.0571 -71.608
740 -33.0571 -71.608
282 -33.057 -71.608
46 -33.057 -71.608
422 -33.0569 -71.608
833 -33.0569 -71.608
555 -33.0569 -71.608
138 -33.0569 -71.608
944 -33.0568 -71.608
280 -33.059 -71.6077
300 -33.06 -71.6077
808 -33.0597 -71.6076
281 -33.0592 -71.6074
63 -33.0591 -71.6077
419 -33.0591 -71.6077
311 -33.0583 -71.6067
112 -33.0588 -71.6065
491 -33.0591 -71.6065
331 -33.0592 -71.6064
291 -33.0595 -71.6063
441 -33.0601 -71.6045
147 -33.059 -71.6042
525 -33.0586 -71.6064
90 -33.0583 -71.6043
870 -33.059 -71.6042
924 -33.0579 -71.6045
613 -33.0575 -71.6075
411 -33.0576 -71.6069
296 -33.0578 -71.6068
477 -33.0572 -71.6069
922 -33.0569 -71.6071
83 -33.0571 -71.607
873 -33.0572 -71.607
129 -33.0578 -71.6068
527 -33.0578 -71.6068
513 -33.0577 -71.6068
221 -33.0577 -71.6046
768 -33.0576 -71.6049
223 -33.0575 -71.6068
196 -33.0572 -71.6047
478 -33.0568 -71.608
592 -33.0568 -71.608
810 -33.0567 -71.608
918 -33.0567 -71.608
219 -33.0567 -71.608
772 -33.0566 -71.608
980 -33.0566 -71.608
662 -33.0566 -71.608
723 -33.0566 -71.608
489 -33.0565 -71.608
878 -33.0566 -71.608
715 -33.0564 -71.608
458 -33.0564 -71.608
378 -33.0564 -71.608
753 -33.0563 -71.608
470 -33.0563 -71.608
664 -33.0563 -71.608
316 -33.0552 -71.6081
690 -33.0553 -71.608
158 -33.0553 -71.608
846 -33.0552 -71.6081
126 -33.0551 -71.6081
468 -33.0552 -71.6081
328 -33.0552 -71.6081
137 -33.0553 -71.608
156 -33.0562 -71.608
73 -33.0562 -71.6079
923 -33.0554 -71.6079
183 -33.0554 -71.608
952 -33.0553 -71.608
840 -33.0554 -71.608
62 -33.0561 -71.6079
350 -33.0561 -71.6079
503 -33.0561 -71.6076
843 -33.056 -71.6075
261 -33.056 -71.6076
557 -33.0559 -71.6079
381 -33.0559 -71.6079
622 -33.0559 -71.6076
984 -33.0562 -71.6074
472 -33.0567 -71.6072
857 -33.0568 -71.6071
78 -33.0568 -71.6046
769 -33.0564 -71.6073
825 -33.0562 -71.6074
954 -33.0564 -71.6073
620 -33.0558 -71.6043
110 -33.0558 -71.6079
532 -33.0558 -71.6079
94 -33.0558 -71.6079
746 -33.0558 -71.6078
32 -33.0554 -71.6079
626 -33.0554 -71.6079
706 -33.0554 -71.6079
595 -33.0548 -71.6051
98 -33.0548 -71.6051
937 -33.0555 -71.6047
293 -33.055 -71.6045
169 -33.0558 -71.6043
256 -33.0549 -71.6051
957 -33.054 -71.6047
99 -33.0549 -71.6045
437 -33.0536 -71.6111
356 -33.0536 -71.6114
391 -33.0536 -71.6113
738 -33.0536 -71.6111
372 -33.0527 -71.6116
599 -33.0525 -71.6121
655 -33.0525 -71.6121
744 -33.0523 -71.6117
233 -33.0536 -71.6111
82 -33.0536 -71.6111
306 -33.0536 -71.6111
185 -33.0534 -71.611
707 -33.0533 -71.611
562 -33.053 -71.6108
181 -33.053 -71.6108
91 -33.0529 -71.6108
517 -33.0523 -71.6117
201 -33.0521 -71.612
942 -33.0521 -71.612
392 -33.052 -71.612
902 -33.0519 -71.612
588 -33.0512 -71.612
275 -33.0517 -71.612
449 -33.0516 -71.612
996 -33.0515 -71.612
621 -33.0515 -71.6118
915 -33.0518 -71.6118
336 -33.052 -71.6118
33 -33.0515 -71.6114
805 -33.0513 -71.6119
186 -33.0512 -71.6119
180 -33.0513 -71.6119
625 -33.0529 -71.6108
658 -33.0529 -71.6108
534 -33.0529 -71.6107
861 -33.0536 -71.6106
203 -33.0527 -71.6105
623 -33.0527 -71.6104
867 -33.0527 -71.6104
382 -33.0527 -71.6103
791 -33.0525 -71.61
566 -33.0524 -71.6099
536 -33.0523 -71.6098
299 -33.0532 -71.6097
429 -33.0523 -71.6098
161 -33.0523 -71.6098
270 -33.0523 -71.6097
906 -33.0522 -71.6096
508 -33.0522 -71.6096
246 -33.0513 -71.6098
841 -33.0513 -71.6098
969 -33.0513 -71.6098
898 -33.0512 -71.6099
524 -33.0511 -71.61
974 -33.0511 -71.61
338 -33.0511 -71.61
451 -33.0515 -71.6096
131 -33.0516 -71.6095
352 -33.0516 -71.6095
543 -33.0516 -71.6095
684 -33.0515 -71.6096
95 -33.0515 -71.6096
330 -33.0515 -71.6096
379 -33.0508 -71.6102
363 -33.0499 -71.6116
240 -33.05 -71.6115
64 -33.05 -71.6114
425 -33.0499 -71.6116
956 -33.0499 -71.6119
481 -33.0499 -71.6117
828 -33.0499 -71.6117
654 -33.05 -71.6113
522 -33.05 -71.6111
548 -33.05 -71.6111
665 -33.05 -71.6111
444 -33.05 -71.6111
847 -33.05 -71.6113
207 -33.05 -71.6112
76 -33.05 -71.6111
457 -33.0499 -71.6119
153 -33.0497 -71.6113
178 -33.0497 -71.6112
807 -33.0494 -71.6112
728 -33.0491 -71.6115
515 -33.049 -71.6121
648 -33.0491 -71.6117
538 -33.0491 -71.6116
823 -33.0493 -71.6112
119 -33.0493 -71.6112
231 -33.0494 -71.6112
634 -33.0493 -71.6112
418 -33.0493 -71.6112
590 -33.0492 -71.6112
248 -33.0492 -71.6111
709 -33.05 -71.6111
817 -33.0508 -71.6102
766 -33.0507 -71.6102
750 -33.0507 -71.6102
164 -33.0506 -71.6102
656 -33.0502 -71.6103
526 -33.0506 -71.6102
439 -33.0506 -71.6102
539 -33.0506 -71.6102
317 -33.0505 -71.6102
932 -33.0505 -71.6102
465 -33.0504 -71.6101
428 -33.0503 -71.6101
58 -33.0502 -71.6102
258 -33.0503 -71.6101
651 -33.0502 -71.6101
342 -33.0501 -71.6104
804 -33.0501 -71.6108
596 -33.0501 -71.6106
947 -33.0501 -71.6106
518 -33.0501 -71.6108
971 -33.0492 -71.6111
86 -33.0501 -71.6109
685 -33.0501 -71.6108
96 -33.0501 -71.6106
312 -33.0501 -71.6104
329 -33.0501 -71.6104
719 -33.0501 -71.6104
241 -33.0501 -71.6105
779 -33.0501 -71.6105
899 -33.0494 -71.6102
926 -33.0517 -71.6095
737 -33.0535 -71.6087
670 -33.0535 -71.6085
244 -33.0535 -71.6085
8 -33.0535 -71.6085
578 -33.0531 -71.6093
910 -33.0532 -71.609
242 -33.0534 -71.6088
975 -33.0533 -71.6085
371 -33.0533 -71.6084
257 -33.0533 -71.6084
232 -33.0532 -71.6084
339 -33.0532 -71.6084
215 -33.0532 -71.6084
813 -33.0531 -71.6084
839 -33.053 -71.6083
564 -33.0529 -71.6083
567 -33.0522 -71.6083
6 -33.0522 -71.6083
731 -33.0528 -71.6083
289 -33.0522 -71.6083
41 -33.0521 -71.6086
552 -33.0521 -71.6086
616 -33.0521 -71.6085
65 -33.0528 -71.6083
358 -33.0528 -71.6083
267 -33.0527 -71.6082
193 -33.0527 -71.6082
122 -33.0527 -71.6082
184 -33.0522 -71.6082
397 -33.0527 -71.6082
245 -33.0527 -71.6082
989 -33.0527 -71.6082
895 -33.0527 -71.6082
720 -33.0526 -71.6082
691 -33.0526 -71.6082
308 -33.0526 -71.6082
806 -33.0526 -71.6082
247 -33.0526 -71.6082
887 -33.0525 -71.6082
388 -33.0526 -71.6082
406 -33.0534 -71.6063
1 -33.0536 -71.6047
30 -33.0529 -71.6047
826 -33.0528 -71.6047
21 -33.0525 -71.6082
194 -33.0524 -71.6081
554 -33.0524 -71.6081
628 -33.0524 -71.6081
67 -33.0524 -71.6081
682 -33.0524 -71.6081
875 -33.0523 -71.6081
264 -33.0523 -71.6081
921 -33.0522 -71.6082
667 -33.0522 -71.6082
871 -33.0522 -71.6081
410 -33.0523 -71.6081
359 -33.0522 -71.6081
913 -33.0523 -71.608
492 -33.0522 -71.6076
896 -33.0522 -71.6074
776 -33.0522 -71.6073
800 -33.0521 -71.6073
149 -33.0521 -71.6048
914 -33.0521 -71.6094
617 -33.0521 -71.6094
995 -33.052 -71.6093
953 -33.0519 -71.6092
777 -33.0518 -71.6093
570 -33.0519 -71.6093
594 -33.0519 -71.6092
717 -33.0519 -71.6092
104 -33.052 -71.6089
689 -33.052 -71.6088
445 -33.052 -71.6088
609 -33.052 -71.6089
135 -33.0519 -71.6092
37 -33.0519 -71.6091
490 -33.052 -71.609
45 -33.0518 -71.6093
630 -33.0518 -71.6093
426 -33.0518 -71.6093
443 -33.0518 -71.6093
699 -33.0517 -71.6094
396 -33.0517 -71.6094
114 -33.0517 -71.6094
584 -33.0517 -71.6094
695 -33.0501 -71.6091
188 -33.0516 -71.6089
59 -33.0516 -71.6089
568 -33.0515 -71.6088
380 -33.0515 -71.6088
985 -33.05 -71.6091
4 -33.0504 -71.6089
865 -33.0504 -71.6087
965 -33.0521 -71.6087
959 -33.0521 -71.6087
893 -33.0521 -71.6086
618 -33.0514 -71.6087
346 -33.0512 -71.6086
663 -33.0509 -71.6085
344 -33.0511 -71.6085
507 -33.0511 -71.6085
650 -33.0517 -71.6081
121 -33.0518 -71.6081
514 -33.052 -71.6068
781 -33.0516 -71.6082
39 -33.0513 -71.6084
47 -33.0515 -71.6083
28 -33.0515 -71.6083
928 -33.0509 -71.6085
824 -33.0508 -71.6085
459 -33.0508 -71.6085
559 -33.0507 -71.6085
729 -33.0507 -71.6085
288 -33.0505 -71.6087
798 -33.0505 -71.6086
249 -33.0505 -71.6086
3 -33.0506 -71.6085
792 -33.0506 -71.6085
814 -33.0506 -71.6085
702 -33.0505 -71.6085
486 -33.0505 -71.6085
162 -33.0504 -71.6085
533 -33.0496 -71.6043
