497 -33.0545 -71.6226
647 -33.0545 -71.6226
5 -33.0545 -71.6226
142 -33.0545 -71.6227
550 -33.0544 -71.6229
66 -33.0544 -71.6229
85 -33.0545 -71.6228
115 -33.0545 -71.6226
38 -33.0546 -71.6224
315 -33.0547 -71.6223
500 -33.0547 -71.6223
703 -33.0546 -71.6225
890 -33.0546 -71.6226
796 -33.0546 -71.6226
226 -33.0546 -71.6225
176 -33.0544 -71.623
829 -33.0541 -71.6244
979 -33.0542 -71.6244
883 -33.0543 -71.624
786 -33.0541 -71.6244
25 -33.0536 -71.6245
598 -33.0538 -71.6245
589 -33.0539 -71.6244
109 -33.0543 -71.6239
697 -33.0543 -71.6236
313 -33.0543 -71.6233
940 -33.0543 -71.6231
217 -33.0543 -71.6236
479 -33.0543 -71.6236
53 -33.0543 -71.6234
961 -33.0543 -71.6233
327 -33.0547 -71.6222
253 -33.0551 -71.6216
930 -33.0552 -71.6216
177 -33.0552 -71.6215
266 -33.0551 -71.6217
260 -33.0549 -71.6219
487 -33.055 -71.6218
880 -33.0551 -71.621
179 -33.0548 -71.6205
475 -33.0568 -71.6183
367 -33.0551 -71.6178
189 -33.0552 -71.6178
963 -33.0551 -71.6179
407 -33.0549 -71.6183
978 -33.055 -71.6181
582 -33.055 -71.618
678 -33.0548 -71.622
210 -33.0545 -71.6201
377 -33.0544 -71.6201
816 -33.0539 -71.6184
134 -33.0538 -71.6184
542 -33.0535 -71.6187
301 -33.0535 -71.6186
42 -33.0535 -71.6186
881 -33.054 -71.6184
370 -33.0546 -71.6184
408 -33.0547 -71.6184
537 -33.0548 -71.6184
255 -33.0545 -71.6184
376 -33.0541 -71.6184
549 -33.0543 -71.6184
361 -33.0535 -71.6187
710 -33.0534 -71.6246
987 -33.0534 -71.6246
69 -33.0534 -71.6188
92 -33.0533 -71.6246
409 -33.0528 -71.6246
698 -33.0531 -71.6188
754 -33.0531 -71.6188
373 -33.053 -71.6187
455 -33.053 -71.6187
587 -33.0529 -71.6187
216 -33.0528 -71.6187
760 -33.0528 -71.6187
809 -33.0528 -71.6187
919 -33.0526 -71.6187
456 -33.0525 -71.6186
803 -33.0524 -71.6186
629 -33.0522 -71.6244
849 -33.052 -71.6243
101 -33.0512 -71.6231
447 -33.0506 -71.6213
633 -33.0505 -71.6215
34 -33.0506 -71.6211
935 -33.0504 -71.621
493 -33.0503 -71.621
732 -33.0502 -71.6207
116 -33.0511 -71.6188
399 -33.0511 -71.6188
111 -33.05 -71.6187
597 -33.05 -71.6188
144 -33.05 -71.6187
412 -33.0497 -71.6187
355 -33.0524 -71.6186
341 -33.0523 -71.6186
434 -33.0521 -71.6185
844 -33.0521 -71.6185
761 -33.0521 -71.6185
838 -33.0521 -71.6185
198 -33.052 -71.6185
973 -33.052 -71.6185
713 -33.0519 -71.6185
775 -33.0519 -71.6184
891 -33.0518 -71.6184
767 -33.0518 -71.6184
466 -33.0517 -71.6184
547 -33.0516 -71.6184
166 -33.0512 -71.6183
495 -33.0512 -71.6183
323 -33.0512 -71.6185
687 -33.051 -71.6186
448 -33.051 -71.6186
831 -33.0509 -71.6186
340 -33.0509 -71.6185
852 -33.05 -71.6185
163 -33.05 -71.6185
262 -33.0508 -71.6185
632 -33.0503 -71.6183
250 -33.0501 -71.6183
431 -33.0508 -71.6181
727 -33.0501 -71.6178
614 -33.0501 -71.6178
17 -33.0501 -71.6183
393 -33.0499 -71.6178
765 -33.0553 -71.6178
774 -33.0559 -71.6163
560 -33.056 -71.6162
561 -33.0562 -71.616
869 -33.0557 -71.6168
668 -33.0555 -71.6173
57 -33.0555 -71.6172
646 -33.0556 -71.6172
842 -33.056 -71.6159
483 -33.0559 -71.6159
531 -33.0559 -71.6159
297 -33.0561 -71.6158
994 -33.0559 -71.6157
501 -33.0558 -71.6159
124 -33.0558 -71.6159
640 -33.0554 -71.6159
464 -33.0554 -71.6159
950 -33.0554 -71.6158
608 -33.0554 -71.6158
20 -33.0553 -71.6158
413 -33.0553 -71.6177
146 -33.0528 -71.6159
442 -33.0528 -71.6159
580 -33.0527 -71.6159
271 -33.0527 -71.6158
60 -33.0552 -71.6158
879 -33.0551 -71.6158
818 -33.055 -71.6158
286 -33.055 -71.6158
18 -33.0542 -71.6157
150 -33.0524 -71.6157
641 -33.0523 -71.6156
269 -33.0529 -71.6156
948 -33.0561 -71.6152
482 -33.0561 -71.6152
945 -33.0562 -71.6151
991 -33.056 -71.6153
822 -33.054 -71.6156
450 -33.0539 -71.6156
389 -33.0537 -71.6156
872 -33.0562 -71.6151
976 -33.0562 -71.6151
118 -33.0563 -71.6151
917 -33.055 -71.6124
686 -33.0547 -71.615
127 -33.0544 -71.6148
467 -33.0544 -71.6126
619 -33.0543 -71.6124
743 -33.0536 -71.6156
476 -33.0535 -71.6155
251 -33.0535 -71.6155
955 -33.0533 -71.6155
726 -33.0533 -71.6155
520 -33.053 -71.6155
693 -33.053 -71.6155
279 -33.0532 -71.6155
123 -33.0532 -71.6155
107 -33.053 -71.6155
602 -33.053 -71.6155
762 -33.0533 -71.6141
105 -33.0527 -71.6137
405 -33.0526 -71.6137
907 -33.0526 -71.6137
446 -33.0522 -71.6134
819 -33.0521 -71.6156
488 -33.052 -71.6156
290 -33.052 -71.6156
403 -33.052 -71.6132
730 -33.0513 -71.6156
546 -33.0511 -71.6156
423 -33.052 -71.6132
145 -33.0517 -71.6131
171 -33.0512 -71.6131
356 -33.0511 -71.6131
102 -33.0511 -71.6131
391 -33.051 -71.6131
108 -33.051 -71.6131
611 -33.051 -71.6131
711 -33.051 -71.6131
117 -33.0508 -71.6156
787 -33.0505 -71.6157
545 -33.0505 -71.6157
721 -33.0505 -71.6156
946 -33.0504 -71.6158
860 -33.05 -71.6157
565 -33.0499 -71.6157
320 -33.0499 -71.6157
908 -33.0505 -71.6156
254 -33.0508 -71.6156
292 -33.0508 -71.6156
992 -33.0506 -71.6155
812 -33.0506 -71.6155
864 -33.0505 -71.6156
892 -33.0505 -71.6155
200 -33.0509 -71.6131
208 -33.0509 -71.6131
759 -33.0511 -71.6131
433 -33.0511 -71.613
202 -33.0508 -71.6131
615 -33.0507 -71.6131
334 -33.0506 -71.6131
70 -33.0506 -71.613
931 -33.0511 -71.613
986 -33.0511 -71.6126
141 -33.0511 -71.6126
386 -33.0511 -71.6124
936 -33.0511 -71.6128
151 -33.0511 -71.6129
309 -33.0511 -71.6128
943 -33.0511 -71.6128
837 -33.0505 -71.613
801 -33.0503 -71.613
87 -33.0503 -71.613
661 -33.0502 -71.613
725 -33.0502 -71.613
372 -33.0502 -71.613
877 -33.0501 -71.613
265 -33.0501 -71.613
599 -33.0499 -71.6129
585 -33.0499 -71.6129
655 -33.0499 -71.6129
352 -33.0498 -71.6124
792 -33.0498 -71.6125
95 -33.0498 -71.6126
684 -33.0498 -71.6125
795 -33.0497 -71.6158
716 -33.0495 -71.6196
694 -33.0495 -71.6195
859 -33.0495 -71.6188
901 -33.0494 -71.6192
799 -33.0494 -71.6193
283 -33.0494 -71.619
440 -33.0494 -71.6188
999 -33.0493 -71.6188
897 -33.0485 -71.6183
712 -33.0485 -71.6182
900 -33.0485 -71.6181
529 -33.0485 -71.6183
165 -33.0484 -71.6184
213 -33.0485 -71.6183
130 -33.0485 -71.6183
263 -33.0484 -71.6184
170 -33.0481 -71.6191
889 -33.0483 -71.6189
573 -33.0483 -71.6189
333 -33.0481 -71.6191
639 -33.048 -71.6193
605 -33.048 -71.6193
113 -33.0481 -71.6192
206 -33.0483 -71.6189
239 -33.0484 -71.6185
318 -33.0484 -71.6185
453 -33.0484 -71.6185
983 -33.0483 -71.6187
416 -33.0483 -71.6189
949 -33.0483 -71.6188
10 -33.0483 -71.6188
36 -33.0485 -71.6181
128 -33.0497 -71.6177
830 -33.0497 -71.6177
504 -33.0496 -71.6177
850 -33.0488 -71.6173
572 -33.0488 -71.6175
612 -33.0488 -71.6174
884 -33.0488 -71.6173
688 -33.0488 -71.6172
462 -33.0489 -71.6172
374 -33.0489 -71.6171
77 -33.0489 -71.617
106 -33.0488 -71.6172
432 -33.0488 -71.6172
302 -33.0488 -71.6172
574 -33.0488 -71.6172
13 -33.0487 -71.6176
631 -33.0486 -71.6179
854 -33.0486 -71.6179
834 -33.0486 -71.6179
692 -33.0486 -71.618
868 -33.0486 -71.6181
394 -33.0486 -71.6181
660 -33.0486 -71.6181
174 -33.0487 -71.6178
586 -33.0487 -71.6177
273 -33.0487 -71.6177
191 -33.0487 -71.6177
904 -33.0487 -71.6177
364 -33.0487 -71.6178
652 -33.0483 -71.6172
155 -33.048 -71.6194
205 -33.0474 -71.6227
139 -33.0474 -71.6227
277 -33.0474 -71.6226
820 -33.0474 -71.6227
938 -33.0474 -71.6227
802 -33.0474 -71.6225
322 -33.0474 -71.6225
735 -33.0474 -71.6225
755 -33.0474 -71.6208
55 -33.0474 -71.6208
722 -33.0475 -71.6205
696 -33.0474 -71.6223
516 -33.0474 -71.6222
222 -33.0474 -71.6222
718 -33.0473 -71.6219
360 -33.0473 -71.6219
485 -33.0472 -71.6216
509 -33.0472 -71.6214
583 -33.0472 -71.6213
80 -33.0472 -71.6216
764 -33.0472 -71.6214
220 -33.0462 -71.6214
784 -33.0462 -71.6214
911 -33.0473 -71.6212
484 -33.0473 -71.6212
939 -33.0473 -71.621
9 -33.0473 -71.621
88 -33.0465 -71.6206
988 -33.0463 -71.6211
982 -33.0463 -71.6211
152 -33.0475 -71.6204
157 -33.0478 -71.6197
794 -33.0479 -71.6196
763 -33.0479 -71.6196
708 -33.0477 -71.62
530 -33.0475 -71.6204
511 -33.0476 -71.6202
635 -33.0476 -71.6201
383 -33.0479 -71.6195
435 -33.0476 -71.6172
50 -33.0476 -71.6171
314 -33.0477 -71.6169
862 -33.0476 -71.6173
140 -33.0475 -71.6175
853 -33.0475 -71.6174
941 -33.0476 -71.6173
610 -33.0474 -71.6203
644 -33.0469 -71.6201
968 -33.0469 -71.6192
793 -33.047 -71.619
724 -33.0468 -71.6195
643 -33.0466 -71.6202
427 -33.0468 -71.6201
827 -33.0467 -71.6199
972 -33.047 -71.6189
348 -33.0473 -71.6181
81 -33.0473 -71.6181
604 -33.0473 -71.618
933 -33.0473 -71.6182
553 -33.0472 -71.6184
48 -33.0473 -71.6182
855 -33.0477 -71.6169
430 -33.0495 -71.6162
148 -33.0496 -71.6161
93 -33.0497 -71.616
385 -33.0495 -71.6163
783 -33.0495 -71.6163
756 -33.0495 -71.6163
363 -33.0492 -71.6157
240 -33.0492 -71.6156
278 -33.0493 -71.6153
76 -33.0493 -71.6153
548 -33.0493 -71.6152
74 -33.0493 -71.6153
64 -33.0492 -71.6155
654 -33.0493 -71.6154
27 -33.0493 -71.6154
425 -33.0492 -71.6157
0 -33.049 -71.6166
496 -33.049 -71.6166
337 -33.0491 -71.6164
637 -33.049 -71.6167
780 -33.049 -71.6168
195 -33.049 -71.6167
75 -33.0489 -71.6165
701 -33.0491 -71.6164
401 -33.0492 -71.6159
481 -33.0492 -71.6159
828 -33.0492 -71.6158
457 -33.0491 -71.6161
680 -33.0491 -71.6163
234 -33.0491 -71.6163
956 -33.0491 -71.6161
207 -33.0493 -71.6152
164 -33.0495 -71.6138
750 -33.0496 -71.6136
379 -33.0496 -71.6136
539 -33.0495 -71.6138
258 -33.0495 -71.6141
180 -33.0495 -71.6141
428 -33.0495 -71.614
524 -33.0496 -71.6133
517 -33.0497 -71.6129
246 -33.0497 -71.6129
841 -33.0497 -71.6129
835 -33.0497 -71.6129
744 -33.0497 -71.6129
942 -33.0495 -71.6129
201 -33.0495 -71.6129
656 -33.0494 -71.6143
86 -33.0493 -71.615
804 -33.0493 -71.615
329 -33.0494 -71.6145
518 -33.0493 -71.615
522 -33.0493 -71.6152
709 -33.0493 -71.6152
665 -33.0493 -71.6152
392 -33.0494 -71.6129
739 -33.0494 -71.6129
336 -33.0493 -71.6129
100 -33.0493 -71.6129
902 -33.0493 -71.6129
915 -33.0492 -71.6129
621 -33.0489 -71.6129
749 -33.0489 -71.6129
304 -33.0486 -71.6164
823 -33.0482 -71.6151
119 -33.0482 -71.6151
971 -33.0482 -71.6151
590 -33.0482 -71.6152
758 -33.0482 -71.6152
418 -33.0482 -71.6151
231 -33.0482 -71.6151
683 -33.0484 -71.6144
133 -33.0484 -71.6144
847 -33.0484 -71.6143
345 -33.0483 -71.6145
807 -33.0482 -71.615
178 -33.0483 -71.6147
153 -33.0483 -71.6146
248 -33.0482 -71.6152
519 -33.0478 -71.6166
218 -33.0478 -71.6166
960 -33.0478 -71.6164
778 -33.0477 -71.6168
84 -33.0477 -71.6169
541 -33.0477 -71.6168
436 -33.0477 -71.6168
851 -33.0479 -71.6161
538 -33.048 -71.6157
728 -33.0481 -71.6155
44 -33.0481 -71.6153
648 -33.048 -71.6157
515 -33.0479 -71.6161
31 -33.048 -71.6159
899 -33.0484 -71.6143
894 -33.0486 -71.6133
651 -33.0487 -71.6132
58 -33.0487 -71.6132
638 -33.0486 -71.6133
920 -33.0486 -71.6135
342 -33.0486 -71.6134
666 -33.0486 -71.6134
805 -33.0487 -71.6129
996 -33.0489 -71.6129
439 -33.0488 -71.6128
817 -33.0488 -71.6125
932 -33.0487 -71.6129
465 -33.0487 -71.6129
186 -33.0486 -71.6129
659 -33.0486 -71.6129
779 -33.0486 -71.6135
596 -33.0485 -71.6137
947 -33.0485 -71.6137
719 -33.0486 -71.6135
685 -33.0485 -71.6139
444 -33.0484 -71.6142
634 -33.0473 -71.6139
588 -33.0485 -71.6129
964 -33.0482 -71.6128
24 -33.0482 -71.6128
96 -33.0478 -71.6125
241 -33.0479 -71.6124
494 -33.0478 -71.6128
353 -33.0466 -71.6126
54 -33.0463 -71.6125
579 -33.055 -71.6124
521 -33.0555 -71.6124
43 -33.0555 -71.6124
576 -33.0555 -71.6124
354 -33.0555 -71.6124
368 -33.0549 -71.6124
523 -33.0546 -71.6124
747 -33.0555 -71.6124
19 -33.0562 -71.6124
420 -33.0557 -71.6123
790 -33.056 -71.6123
326 -33.0559 -71.6123
414 -33.0556 -71.6123
298 -33.0543 -71.6123
591 -33.0544 -71.612
563 -33.0543 -71.612
209 -33.0543 -71.6119
967 -33.0542 -71.6122
154 -33.0542 -71.6122
636 -33.0543 -71.6118
237 -33.0542 -71.6122
238 -33.0541 -71.6123
305 -33.0538 -71.6122
962 -33.0536 -71.6122
366 -33.0542 -71.6118
307 -33.0542 -71.6117
627 -33.0542 -71.6117
751 -33.0542 -71.6117
52 -33.0542 -71.6117
402 -33.0541 -71.6115
452 -33.0541 -71.6115
175 -33.054 -71.6115
26 -33.0537 -71.6113
61 -33.0539 -71.6112
463 -33.0541 -71.6105
72 -33.0543 -71.6105
12 -33.0538 -71.6112
505 -33.0537 -71.6113
192 -33.0538 -71.6113
569 -33.0538 -71.611
259 -33.0542 -71.6105
970 -33.0561 -71.6102
132 -33.0551 -71.61
748 -33.056 -71.6086
510 -33.0546 -71.6085
296 -33.0546 -71.6085
513 -33.0545 -71.6085
461 -33.0545 -71.6085
874 -33.0537 -71.6109
927 -33.0537 -71.6111
866 -33.0537 -71.6108
384 -33.0537 -71.6105
35 -33.0536 -71.6111
773 -33.0536 -71.6111
679 -33.0536 -71.6111
274 -33.0536 -71.6111
592 -33.0535 -71.6087
46 -33.0536 -71.6085
857 -33.0536 -71.6085
922 -33.0537 -71.6085
282 -33.0536 -71.6085
422 -33.0535 -71.6085
833 -33.0535 -71.6085
810 -33.0534 -71.6088
51 -33.0534 -71.6122
642 -33.0534 -71.6122
958 -33.0533 -71.6122
390 -33.0532 -71.6115
737 -33.0529 -71.6116
187 -33.0531 -71.6116
276 -33.0531 -71.6115
120 -33.0532 -71.6115
675 -33.0533 -71.6115
782 -33.0533 -71.6114
190 -33.0533 -71.611
811 -33.0533 -71.6115
556 -33.0533 -71.6115
424 -33.0533 -71.611
676 -33.0533 -71.611
2 -33.0529 -71.6116
733 -33.0529 -71.6121
173 -33.0528 -71.6121
480 -33.0526 -71.6121
571 -33.0525 -71.6121
214 -33.0524 -71.6121
14 -33.0524 -71.6121
351 -33.0523 -71.612
29 -33.0522 -71.612
578 -33.0523 -71.6117
910 -33.0526 -71.6117
242 -33.0528 -71.6116
15 -33.0522 -71.612
295 -33.052 -71.612
97 -33.0522 -71.6117
303 -33.0532 -71.6109
512 -33.0531 -71.6109
674 -33.053 -71.6108
797 -33.053 -71.6108
7 -33.053 -71.6108
848 -33.0529 -71.6108
506 -33.0528 -71.6106
40 -33.0528 -71.6106
49 -33.0526 -71.6103
212 -33.0525 -71.61
603 -33.0524 -71.6099
772 -33.0534 -71.6088
601 -33.0524 -71.6099
224 -33.0523 -71.6098
645 -33.0523 -71.6097
89 -33.0523 -71.6097
551 -33.0522 -71.6097
681 -33.0522 -71.6096
22 -33.0522 -71.6096
575 -33.0522 -71.6096
228 -33.052 -71.6094
600 -33.052 -71.6092
704 -33.0519 -71.6092
671 -33.052 -71.6091
398 -33.052 -71.609
421 -33.0521 -71.6086
316 -33.0521 -71.6085
846 -33.0521 -71.6085
593 -33.0521 -71.6087
981 -33.052 -71.6089
167 -33.0521 -71.6088
527 -33.0545 -71.6085
11 -33.0546 -71.6085
469 -33.0546 -71.6085
934 -33.0547 -71.6084
129 -33.0546 -71.6085
400 -33.0544 -71.6085
929 -33.0544 -71.6085
335 -33.0544 -71.6085
558 -33.0547 -71.6084
362 -33.0549 -71.6083
977 -33.055 -71.6083
311 -33.055 -71.6082
454 -33.0549 -71.6083
79 -33.0547 -71.6084
499 -33.0548 -71.6084
332 -33.0548 -71.6083
411 -33.0544 -71.6085
657 -33.0543 -71.6085
700 -33.0543 -71.6085
223 -33.0543 -71.6085
613 -33.0542 -71.6085
473 -33.0542 -71.6085
912 -33.0541 -71.6085
535 -33.0542 -71.6085
285 -33.0542 -71.6085
705 -33.0541 -71.6085
477 -33.054 -71.6085
873 -33.054 -71.6085
83 -33.0539 -71.6085
225 -33.0539 -71.6085
438 -33.0538 -71.6085
888 -33.0538 -71.6085
581 -33.0551 -71.6082
528 -33.0568 -71.608
300 -33.0566 -71.608
474 -33.0563 -71.608
677 -33.0562 -71.608
808 -33.0562 -71.608
281 -33.056 -71.6079
63 -33.0556 -71.6078
419 -33.0556 -71.6078
291 -33.0562 -71.6075
441 -33.0568 -71.6046
147 -33.0558 -71.6043
331 -33.0558 -71.6076
491 -33.0557 -71.6077
768 -33.0556 -71.6047
870 -33.0557 -71.6043
925 -33.0556 -71.6078
606 -33.0554 -71.6079
112 -33.0555 -71.6079
886 -33.0555 -71.6079
876 -33.0553 -71.608
672 -33.0551 -71.6081
903 -33.0552 -71.6081
525 -33.0553 -71.608
159 -33.0555 -71.6078
280 -33.0555 -71.6078
924 -33.0545 -71.6046
90 -33.0549 -71.6045
221 -33.0542 -71.6047
98 -33.0539 -71.6076
196 -33.0541 -71.6057
858 -33.0538 -71.6085
472 -33.0535 -71.6085
740 -33.0537 -71.6085
168 -33.0538 -71.6085
478 -33.0535 -71.6085
555 -33.0535 -71.6085
138 -33.0535 -71.6085
944 -33.0534 -71.6085
918 -33.0533 -71.6084
219 -33.0533 -71.6084
980 -33.0533 -71.6084
723 -33.0532 -71.6084
878 -33.0532 -71.6084
662 -33.0532 -71.6084
489 -33.0532 -71.6084
954 -33.0531 -71.6084
769 -33.0531 -71.6084
378 -33.0531 -71.6084
458 -33.053 -71.6083
715 -33.053 -71.6083
840 -33.0522 -71.6083
137 -33.0521 -71.6085
158 -33.0521 -71.6084
227 -33.0522 -71.6084
825 -33.053 -71.6083
753 -33.053 -71.6083
664 -33.053 -71.6083
984 -33.0529 -71.6083
540 -33.0529 -71.6083
470 -33.0529 -71.6083
156 -33.0529 -71.6083
626 -33.0522 -71.6083
62 -33.0528 -71.6083
843 -33.0528 -71.6083
73 -33.0528 -71.6083
350 -33.0528 -71.6083
503 -33.0528 -71.6083
261 -33.0526 -71.6082
622 -33.0526 -71.6082
557 -33.0526 -71.6082
381 -33.0526 -71.6082
937 -33.0526 -71.6068
78 -33.0533 -71.6047
532 -33.0525 -71.6082
110 -33.0525 -71.6082
94 -33.0525 -71.6082
746 -33.0524 -71.6081
620 -33.0523 -71.6048
923 -33.0522 -71.6082
32 -33.0522 -71.6082
706 -33.0522 -71.6079
690 -33.0522 -71.6077
183 -33.052 -71.6081
952 -33.052 -71.608
595 -33.0522 -71.6074
256 -33.0522 -71.6073
502 -33.0521 -71.6072
752 -33.0521 -71.6071
169 -33.0523 -71.6048
181 -33.0521 -71.6071
966 -33.0521 -71.6071
815 -33.052 -71.6068
885 -33.0519 -71.6092
197 -33.0518 -71.612
909 -33.0519 -71.612
916 -33.0517 -71.612
577 -33.0515 -71.612
252 -33.0514 -71.612
23 -33.0514 -71.612
387 -33.0514 -71.612
789 -33.0514 -71.612
299 -33.0519 -71.6118
347 -33.0514 -71.6116
742 -33.0515 -71.6115
745 -33.0514 -71.6119
415 -33.0513 -71.6119
268 -33.0514 -71.6119
905 -33.0512 -71.6114
272 -33.0512 -71.6119
998 -33.0511 -71.6122
160 -33.0512 -71.6121
310 -33.0512 -71.612
649 -33.0511 -71.6122
143 -33.0511 -71.6123
893 -33.05 -71.6114
959 -33.05 -71.6113
41 -33.05 -71.6113
184 -33.0501 -71.611
921 -33.0501 -71.6109
667 -33.0501 -71.6108
567 -33.0501 -71.6109
616 -33.05 -71.6112
6 -33.05 -71.6111
289 -33.05 -71.611
871 -33.0501 -71.6108
670 -33.0509 -71.6102
230 -33.0511 -71.61
375 -33.0512 -71.6099
371 -33.0508 -71.6102
257 -33.0507 -71.6102
813 -33.0506 -71.6102
731 -33.0503 -71.6101
997 -33.0512 -71.6099
321 -33.0514 -71.6097
294 -33.0515 -71.6096
736 -33.0515 -71.6096
199 -33.0514 -71.6097
357 -33.0513 -71.6098
229 -33.0513 -71.6098
319 -33.0514 -71.6097
397 -33.0502 -71.6102
875 -33.0501 -71.6106
682 -33.0501 -71.6106
554 -33.0501 -71.6105
410 -33.0501 -71.6107
359 -33.0501 -71.6108
264 -33.0501 -71.6107
67 -33.0501 -71.6107
887 -33.0501 -71.6104
720 -33.0502 -71.6103
245 -33.0502 -71.6103
267 -33.0502 -71.6102
806 -33.0502 -71.6103
247 -33.0501 -71.6104
691 -33.0502 -71.6104
552 -33.05 -71.6113
426 -33.0498 -71.6121
570 -33.0499 -71.612
953 -33.0499 -71.6119
443 -33.0498 -71.6121
543 -33.0498 -71.6123
396 -33.0498 -71.6123
699 -33.0498 -71.6122
507 -33.0499 -71.6119
609 -33.0499 -71.6117
689 -33.05 -71.6115
965 -33.0499 -71.6113
445 -33.0498 -71.6113
104 -33.0497 -71.6112
490 -33.0496 -71.6112
37 -33.0495 -71.6112
135 -33.0494 -71.6112
974 -33.0489 -71.6121
594 -33.0494 -71.6112
777 -33.0493 -71.6112
766 -33.0482 -71.6115
312 -33.0479 -71.6124
317 -33.0481 -71.6118
526 -33.0481 -71.6117
630 -33.0493 -71.6112
45 -33.0493 -71.6112
584 -33.0492 -71.6112
114 -33.0492 -71.6112
275 -33.0491 -71.6112
926 -33.0491 -71.6112
449 -33.049 -71.6112
131 -33.049 -71.6112
729 -33.0489 -71.6112
330 -33.0489 -71.6112
781 -33.0494 -71.6103
451 -33.0489 -71.6112
969 -33.0486 -71.6112
898 -33.0484 -71.6111
338 -33.0483 -71.6111
650 -33.0492 -71.6099
121 -33.0492 -71.6099
28 -33.049 -71.6099
47 -33.0489 -71.6099
995 -33.0489 -71.6099
39 -33.0487 -71.6098
344 -33.0485 -71.6098
663 -33.0483 -71.6098
928 -33.0482 -71.6098
824 -33.0482 -71.6098
459 -33.0482 -71.6098
3 -33.0481 -71.6098
33 -33.048 -71.6111
814 -33.048 -71.6098
985 -33.0469 -71.6098
702 -33.048 -71.6098
486 -33.0479 -71.6098
249 -33.0478 -71.6098
798 -33.0478 -71.6098
288 -33.0477 -71.6098
865 -33.0477 -71.6098
695 -33.047 -71.6098
4 -33.0476 -71.6098
882 -33.0515 -71.6096
856 -33.0518 -71.6093
832 -33.0518 -71.6093
182 -33.0518 -71.6093
404 -33.0518 -71.6093
349 -33.0517 -71.6095
669 -33.0517 -71.6094
861 -33.0517 -71.6094
236 -33.0518 -71.6093
741 -33.0519 -71.6092
204 -33.0519 -71.6091
211 -33.0518 -71.6091
343 -33.0518 -71.6091
863 -33.0518 -71.609
324 -33.0516 -71.6089
734 -33.0516 -71.6089
284 -33.0516 -71.6096
821 -33.0515 -71.6088
771 -33.0513 -71.6087
607 -33.0513 -71.6087
498 -33.0512 -71.6086
707 -33.051 -71.6092
235 -33.0512 -71.6086
68 -33.0511 -71.6086
406 -33.051 -71.6086
233 -33.051 -71.6086
437 -33.0509 -71.6085
125 -33.051 -71.6085
82 -33.0509 -71.6085
845 -33.0509 -71.6085
738 -33.0509 -71.6085
243 -33.0509 -71.6085
306 -33.0509 -71.6085
126 -33.0518 -71.6081
468 -33.0518 -71.6081
328 -33.0519 -71.6081
836 -33.0518 -71.6081
951 -33.0516 -71.6082
714 -33.0517 -71.6081
136 -33.0517 -71.6081
471 -33.0518 -71.6076
382 -33.0519 -71.6065
770 -33.0518 -71.6065
673 -33.0518 -71.6065
788 -33.0517 -71.6062
369 -33.0517 -71.6075
99 -33.0517 -71.6051
293 -33.0517 -71.6049
460 -33.0516 -71.6075
990 -33.0514 -71.6083
653 -33.0514 -71.6083
757 -33.0515 -71.6083
417 -33.0511 -71.6085
71 -33.0509 -71.6085
16 -33.0508 -71.6085
172 -33.0508 -71.6085
785 -33.0515 -71.6083
56 -33.0516 -71.6075
624 -33.0513 -71.6075
365 -33.0513 -71.6075
244 -33.0513 -71.6059
325 -33.0511 -71.6074
957 -33.0511 -71.6056
185 -33.0507 -71.6085
8 -33.0504 -71.6089
395 -33.0505 -71.6087
544 -33.0504 -71.6085
623 -33.0503 -71.6092
215 -33.0502 -71.6092
776 -33.0497 -71.6091
193 -33.0497 -71.6091
562 -33.0503 -71.6085
91 -33.0502 -71.6085
625 -33.0502 -71.6085
534 -33.0502 -71.6085
658 -33.0501 -71.6085
203 -33.0499 -71.6084
867 -33.0498 -71.6084
791 -33.0495 -71.6084
566 -33.0494 -71.6083
536 -33.0492 -71.6083
429 -33.0492 -71.6083
270 -33.0492 -71.6083
161 -33.0491 -71.6083
906 -33.049 -71.6083
508 -33.0489 -71.6083
914 -33.0488 -71.6083
617 -33.0487 -71.6083
717 -33.0485 -71.6082
188 -33.0481 -71.6082
59 -33.0481 -71.6082
380 -33.0481 -71.6082
568 -33.0481 -71.6082
618 -33.0478 -71.6082
346 -33.0476 -71.6082
287 -33.0506 -71.6073
103 -33.0505 -71.6073
993 -33.0505 -71.6073
975 -33.0502 -71.6072
232 -33.05 -71.6072
339 -33.05 -71.6072
149 -33.05 -71.6066
564 -33.0507 -71.6057
358 -33.0506 -71.6057
65 -33.0505 -71.6057
122 -33.0505 -71.6057
1 -33.0504 -71.6049
388 -33.0503 -71.6056
628 -33.0501 -71.6055
913 -33.05 -71.6055
30 -33.0499 -71.6046
839 -33.0499 -71.6072
989 -33.0495 -71.6071
895 -33.0495 -71.6071
308 -33.0495 -71.6071
559 -33.0472 -71.6082
162 -33.0469 -71.6081
21 -33.0493 -71.607
194 -33.0493 -71.607
492 -33.0496 -71.6054
896 -33.0495 -71.6053
826 -33.0498 -71.6045
800 -33.0494 -71.6053
514 -33.049 -71.605
533 -33.0466 -71.6045
