754 -33.0588 -71.617
301 -33.0591 -71.6168
978 -33.0608 -71.6161
698 -33.0587 -71.617
809 -33.0585 -71.6172
760 -33.0585 -71.6172
455 -33.0586 -71.6171
962 -33.0586 -71.6155
475 -33.0625 -71.6152
367 -33.0592 -71.615
127 -33.0592 -71.615
726 -33.0585 -71.6154
123 -33.0585 -71.6153
279 -33.0585 -71.6152
636 -33.0584 -71.6151
619 -33.0584 -71.6166
803 -33.0582 -71.6175
456 -33.0582 -71.6175
271 -33.0584 -71.6173
838 -33.0579 -71.6177
767 -33.0576 -71.6179
290 -33.0578 -71.6178
198 -33.0578 -71.6178
907 -33.0577 -71.617
154 -33.0583 -71.616
549 -33.0583 -71.6157
762 -33.0583 -71.6151
816 -33.058 -71.615
134 -33.058 -71.615
580 -33.0579 -71.615
146 -33.0579 -71.615
467 -33.0593 -71.615
189 -33.0593 -71.6149
686 -33.0595 -71.6148
537 -33.0589 -71.6147
251 -33.0588 -71.6148
255 -33.0585 -71.6148
408 -33.0587 -71.6148
370 -33.0587 -71.6147
407 -33.059 -71.6145
945 -33.0603 -71.6143
483 -33.0607 -71.6139
994 -33.0605 -71.6138
354 -33.0598 -71.6137
450 -33.0591 -71.6145
582 -33.0592 -71.6143
413 -33.0595 -71.6139
571 -33.0584 -71.6138
269 -33.0582 -71.6149
693 -33.0584 -71.6148
107 -33.0584 -71.6148
61 -33.0578 -71.615
405 -33.0576 -71.6149
105 -33.0576 -71.6149
773 -33.0576 -71.6149
476 -33.0581 -71.6144
948 -33.0582 -71.6142
175 -33.0584 -71.6139
955 -33.0581 -71.6138
389 -33.0579 -71.6139
602 -33.0577 -71.6139
376 -33.0576 -71.6139
150 -33.0575 -71.6149
495 -33.0571 -71.6184
166 -33.0572 -71.6183
179 -33.0572 -71.6183
448 -33.0568 -71.6183
431 -33.0567 -71.6182
262 -33.0566 -71.6182
908 -33.0563 -71.6181
930 -33.0563 -71.6181
466 -33.0575 -71.6181
446 -33.0573 -71.6171
423 -33.0571 -71.617
403 -33.057 -71.617
145 -33.057 -71.6171
171 -33.0567 -71.6168
611 -33.0564 -71.6166
787 -33.0562 -71.6159
946 -33.0561 -71.6181
323 -33.0561 -71.6161
545 -33.0561 -71.6157
864 -33.0561 -71.6156
487 -33.056 -71.618
727 -33.056 -71.618
614 -33.056 -71.618
721 -33.056 -71.6156
892 -33.056 -71.6156
547 -33.056 -71.6156
377 -33.056 -71.6153
775 -33.056 -71.6153
210 -33.056 -71.6155
891 -33.056 -71.6154
711 -33.056 -71.6153
713 -33.056 -71.6153
641 -33.0574 -71.6149
274 -33.0575 -71.6149
361 -33.0574 -71.6149
69 -33.0574 -71.6149
488 -33.0572 -71.6148
819 -33.0571 -71.6148
424 -33.0573 -71.6147
42 -33.0573 -71.6147
506 -33.0575 -71.6141
442 -33.0575 -71.6141
881 -33.0575 -71.614
797 -33.0574 -71.6142
542 -33.0573 -71.6147
512 -33.0574 -71.6144
7 -33.0574 -71.6143
373 -33.057 -71.6148
254 -33.0561 -71.6152
434 -33.0561 -71.6152
761 -33.0562 -71.6152
844 -33.0561 -71.6152
292 -33.056 -71.6153
117 -33.056 -71.6153
973 -33.056 -71.6153
341 -33.0562 -71.6151
919 -33.0566 -71.6149
216 -33.0568 -71.6147
587 -33.0568 -71.6147
730 -33.0565 -71.615
546 -33.0563 -71.6151
355 -33.0564 -71.615
49 -33.0573 -71.6137
818 -33.06 -71.6134
879 -33.06 -71.6134
60 -33.0601 -71.6133
646 -33.0599 -71.6135
57 -33.0597 -71.6137
402 -33.0591 -71.6136
286 -33.0599 -71.6135
869 -33.0601 -71.6132
608 -33.0602 -71.6131
640 -33.0602 -71.6131
958 -33.0597 -71.6128
52 -33.0597 -71.6128
733 -33.0593 -71.6129
19 -33.0594 -71.6129
452 -33.0595 -71.6129
12 -33.0591 -71.6129
464 -33.0591 -71.6136
950 -33.0591 -71.6134
822 -33.0587 -71.6134
668 -33.0586 -71.6133
18 -33.0584 -71.613
303 -33.0584 -71.613
295 -33.0585 -71.613
676 -33.0585 -71.613
679 -33.0588 -71.6129
927 -33.059 -71.6129
480 -33.0591 -71.6129
124 -33.0588 -71.6129
29 -33.0587 -71.613
14 -33.0588 -71.6129
351 -33.0588 -71.6129
751 -33.0598 -71.6128
579 -33.0613 -71.6122
747 -33.0613 -71.6122
917 -33.0614 -71.6122
523 -33.061 -71.6124
238 -33.0606 -71.6127
561 -33.0609 -71.6125
297 -33.0609 -71.6124
976 -33.0616 -71.6121
790 -33.0622 -71.612
326 -33.0621 -71.612
420 -33.062 -71.612
43 -33.0619 -71.612
482 -33.0616 -71.6121
576 -33.0618 -71.612
118 -33.0618 -71.612
531 -33.0605 -71.6127
414 -33.06 -71.6128
967 -33.0605 -71.6128
774 -33.0605 -71.6128
209 -33.0599 -71.6128
642 -33.0598 -71.6128
366 -33.0598 -71.6128
51 -33.0598 -71.6128
501 -33.0605 -71.6127
237 -33.0603 -71.6127
307 -33.0595 -71.6126
991 -33.0595 -71.6125
627 -33.0595 -71.6126
20 -33.0589 -71.6127
305 -33.0595 -71.612
743 -33.0584 -71.6136
521 -33.0583 -71.6134
963 -33.0582 -71.6131
909 -33.0583 -71.613
674 -33.0582 -71.613
591 -33.0576 -71.6134
35 -33.0577 -71.6131
848 -33.0582 -71.613
916 -33.0581 -71.613
789 -33.0579 -71.613
23 -33.0579 -71.6129
387 -33.0579 -71.6129
252 -33.0579 -71.6129
577 -33.0579 -71.6129
272 -33.0577 -71.6129
173 -33.0576 -71.6129
520 -33.0576 -71.6137
40 -33.0574 -71.6135
212 -33.0571 -71.6134
551 -33.0568 -71.6134
89 -33.0568 -71.6134
228 -33.0566 -71.6132
885 -33.0564 -71.6131
600 -33.0564 -71.6131
343 -33.0562 -71.6131
310 -33.0575 -71.6128
160 -33.0574 -71.6128
998 -33.0574 -71.6128
649 -33.0574 -71.6128
211 -33.0562 -71.6131
204 -33.0562 -71.6131
601 -33.0573 -71.6128
347 -33.0572 -71.6128
224 -33.0572 -71.6128
197 -33.0583 -71.6127
603 -33.0572 -71.6127
386 -33.0571 -71.6127
986 -33.0571 -71.6127
742 -33.0571 -71.6127
872 -33.0583 -71.6127
214 -33.0583 -71.6127
765 -33.0582 -71.6126
842 -33.0583 -71.6126
15 -33.0581 -71.6125
645 -33.0571 -71.6127
575 -33.057 -71.6126
309 -33.0569 -71.6126
22 -33.0569 -71.6126
151 -33.0568 -71.6126
759 -33.0568 -71.6126
102 -33.0567 -71.6125
905 -33.0566 -71.6125
108 -33.0566 -71.6125
208 -33.0565 -71.6124
200 -33.0565 -71.6124
863 -33.0564 -71.6124
202 -33.0564 -71.6124
615 -33.0563 -71.6124
324 -33.0562 -71.6124
70 -33.0562 -71.6123
334 -33.0561 -71.6123
837 -33.056 -71.6123
593 -33.056 -71.6131
393 -33.0558 -71.618
128 -33.0556 -71.6179
327 -33.0556 -71.6179
830 -33.0556 -71.6179
504 -33.0555 -71.6179
703 -33.0554 -71.6179
597 -33.0553 -71.6179
647 -33.0552 -71.6178
5 -33.0553 -71.6178
144 -33.0553 -71.6177
315 -33.0553 -71.6176
890 -33.0553 -71.6178
115 -33.0552 -71.6178
226 -33.0552 -71.6178
497 -33.0552 -71.6178
796 -33.0552 -71.6178
53 -33.0548 -71.6186
961 -33.0548 -71.6186
313 -33.0549 -71.6183
999 -33.0548 -71.6184
217 -33.0548 -71.6188
479 -33.0548 -71.6187
697 -33.0548 -71.6187
859 -33.0549 -71.6183
142 -33.0551 -71.6179
85 -33.0551 -71.6179
412 -33.0551 -71.6179
550 -33.055 -71.618
940 -33.0549 -71.6182
176 -33.055 -71.6181
66 -33.055 -71.6181
38 -33.0553 -71.6176
399 -33.0557 -71.6165
340 -33.0557 -71.6165
116 -33.0557 -71.6165
177 -33.0557 -71.6167
632 -33.0556 -71.6171
266 -33.0556 -71.6169
253 -33.0556 -71.6169
831 -33.0558 -71.6164
687 -33.0559 -71.6163
880 -33.0559 -71.6163
565 -33.0559 -71.6159
585 -33.0559 -71.6158
860 -33.0559 -71.6159
320 -33.0558 -71.6159
835 -33.0557 -71.6157
795 -33.0556 -71.6159
678 -33.0555 -71.6173
260 -33.0555 -71.6172
250 -33.0555 -71.6172
163 -33.0554 -71.6174
111 -33.0553 -71.6176
852 -33.0554 -71.6174
500 -33.0554 -71.6174
17 -33.0555 -71.6172
93 -33.0554 -71.6159
148 -33.0553 -71.6158
430 -33.0553 -71.6158
385 -33.0552 -71.6158
756 -33.0552 -71.6158
783 -33.0551 -71.6158
904 -33.0547 -71.6184
849 -33.0544 -71.6201
109 -33.0546 -71.6189
883 -33.0545 -71.6189
629 -33.0542 -71.62
409 -33.0537 -71.6197
979 -33.0542 -71.6189
829 -33.0541 -71.6189
786 -33.054 -71.6189
165 -33.0542 -71.6184
130 -33.0542 -71.6184
364 -33.0546 -71.6184
589 -33.0539 -71.6189
598 -33.0538 -71.6188
10 -33.0538 -71.6184
983 -33.0538 -71.6184
949 -33.0537 -71.6184
92 -33.0535 -71.6191
987 -33.0535 -71.619
25 -33.0535 -71.6189
710 -33.0535 -71.6191
708 -33.0528 -71.6187
511 -33.0526 -71.6187
427 -33.0518 -71.6184
509 -33.0515 -71.6184
516 -33.0509 -71.6181
938 -33.0497 -71.6159
277 -33.0497 -71.6159
205 -33.0497 -71.6159
101 -33.0489 -71.617
820 -33.0497 -71.616
416 -33.0528 -71.6159
75 -33.0544 -71.6157
496 -33.0544 -71.6157
195 -33.0543 -71.6157
304 -33.0543 -71.6157
239 -33.0529 -71.6158
453 -33.0529 -71.6157
263 -33.0529 -71.6156
106 -33.054 -71.6156
574 -33.054 -71.6156
850 -33.0539 -71.6156
688 -33.0539 -71.6156
884 -33.0538 -71.6156
13 -33.0537 -71.6156
572 -33.0537 -71.6156
191 -33.0536 -71.6155
573 -33.0527 -71.6158
889 -33.0526 -71.6158
170 -33.0526 -71.6158
333 -33.0525 -71.6157
113 -33.0524 -71.6157
988 -33.0498 -71.6157
763 -33.0521 -71.6156
794 -33.052 -71.6156
605 -33.0523 -71.6156
155 -33.0523 -71.6156
157 -33.0519 -71.6156
639 -33.0523 -71.6156
635 -33.0515 -71.6156
764 -33.0505 -71.6156
610 -33.0513 -71.6156
644 -33.0507 -71.6155
992 -33.0559 -71.6154
812 -33.0559 -71.6154
734 -33.0558 -71.6131
421 -33.0558 -71.6131
739 -33.0555 -71.6155
100 -33.0554 -71.6155
68 -33.0554 -71.6131
306 -33.0554 -71.6124
738 -33.0554 -71.6124
437 -33.0554 -71.6124
82 -33.0554 -71.6124
233 -33.0554 -71.6124
707 -33.0551 -71.6124
942 -33.055 -71.6124
201 -33.055 -71.6124
392 -33.055 -71.6124
749 -33.055 -71.6152
659 -33.0547 -71.615
185 -33.055 -71.613
24 -33.0544 -71.6148
174 -33.0535 -71.6155
964 -33.0544 -71.6148
494 -33.054 -71.6145
181 -33.0546 -71.6127
902 -33.0549 -71.6124
275 -33.0547 -71.6124
562 -33.0547 -71.6124
658 -33.0547 -71.6124
625 -33.0546 -71.6127
91 -33.0546 -71.6127
382 -33.0542 -71.6124
449 -33.0546 -71.6124
801 -33.0559 -71.6123
265 -33.0557 -71.6123
607 -33.0559 -71.6123
655 -33.0555 -71.6124
599 -33.0554 -71.6124
534 -33.0546 -71.6124
996 -33.0544 -71.6123
227 -33.0558 -71.6123
661 -33.0558 -71.6123
87 -33.0558 -71.6123
771 -33.0558 -71.6123
877 -33.0558 -71.6123
235 -33.0557 -71.6123
725 -33.0557 -71.6123
498 -33.0558 -71.6123
429 -33.0544 -71.6121
203 -33.0544 -71.6123
623 -33.0543 -71.6123
791 -33.0543 -71.6122
805 -33.0542 -71.6123
867 -33.0542 -71.6124
186 -33.0542 -71.6123
588 -33.0541 -71.6123
638 -33.0539 -71.6122
566 -33.0544 -71.6122
536 -33.0544 -71.6121
161 -33.0544 -71.612
270 -33.0544 -71.612
666 -33.0539 -71.6122
33 -33.0535 -71.6122
652 -33.0535 -71.6155
273 -33.0534 -71.6155
692 -33.0532 -71.6155
900 -33.0531 -71.6155
712 -33.0531 -71.6155
911 -33.0506 -71.6155
529 -33.053 -71.6155
485 -33.0494 -71.6143
935 -33.0494 -71.6143
353 -33.053 -71.6139
9 -33.0495 -71.6138
939 -33.0496 -71.6137
484 -33.0495 -71.6138
493 -33.0495 -71.6142
583 -33.0495 -71.6141
732 -33.0495 -71.6139
80 -33.0494 -71.6144
735 -33.0493 -71.6152
222 -33.0493 -71.6151
633 -33.0493 -71.615
696 -33.0493 -71.6152
139 -33.0493 -71.6154
322 -33.0493 -71.6153
802 -33.0493 -71.6153
447 -33.0494 -71.6148
718 -33.0494 -71.6148
360 -33.0494 -71.6146
34 -33.0494 -71.6145
982 -33.0485 -71.6138
784 -33.0484 -71.6141
220 -33.0484 -71.6141
54 -33.0527 -71.6137
604 -33.0507 -71.6131
862 -33.0511 -71.6128
314 -33.0511 -71.6124
81 -33.0506 -71.6131
348 -33.0506 -71.6131
901 -33.0506 -71.6131
553 -33.0505 -71.613
855 -33.0511 -71.6123
683 -33.053 -71.6121
758 -33.0524 -71.6121
44 -33.0522 -71.612
851 -33.0515 -71.612
660 -33.0511 -71.6123
394 -33.0511 -71.6123
834 -33.0512 -71.612
972 -33.0499 -71.6129
152 -33.0497 -71.6132
530 -33.0497 -71.6131
793 -33.0498 -71.6129
722 -33.0496 -71.6133
755 -33.0496 -71.6135
55 -33.0496 -71.6134
88 -33.0486 -71.6132
827 -33.049 -71.6129
694 -33.0498 -71.6123
383 -33.0498 -71.6122
799 -33.0499 -71.612
716 -33.0498 -71.6123
643 -33.0488 -71.6128
724 -33.0489 -71.6122
906 -33.0543 -71.6119
72 -33.0604 -71.6104
474 -33.0614 -71.6102
970 -33.0608 -71.6096
463 -33.0603 -71.6104
298 -33.0593 -71.6116
368 -33.0598 -71.6116
866 -33.0593 -71.61
677 -33.0617 -71.6094
63 -33.0613 -71.6093
419 -33.0616 -71.6089
672 -33.0611 -71.6089
903 -33.061 -71.6091
581 -33.0609 -71.6089
132 -33.06 -71.6088
499 -33.0607 -71.6088
138 -33.0592 -71.6088
563 -33.0589 -71.6117
748 -33.0589 -71.6112
886 -33.0591 -71.6112
259 -33.0589 -71.6112
560 -33.0588 -71.6117
606 -33.0583 -71.6113
876 -33.0588 -71.6112
190 -33.0581 -71.6109
26 -33.0589 -71.6105
657 -33.0586 -71.6101
362 -33.0589 -71.6095
73 -33.0586 -71.6089
558 -33.0584 -71.6106
187 -33.0581 -71.6105
454 -33.0582 -71.609
79 -33.0607 -71.6087
934 -33.0607 -71.6087
469 -33.0607 -71.6086
11 -33.0607 -71.6085
400 -33.0605 -71.6085
461 -33.0605 -71.6085
335 -33.0605 -71.6084
700 -33.0604 -71.6084
332 -33.0602 -71.6083
473 -33.0603 -71.6083
285 -33.0603 -71.6083
705 -33.0602 -71.6082
225 -33.06 -71.6081
438 -33.06 -71.608
858 -33.06 -71.608
740 -33.0599 -71.608
422 -33.0598 -71.6079
626 -33.0583 -71.6085
328 -33.0581 -71.6081
846 -33.0581 -71.6081
468 -33.0581 -71.6081
167 -33.0579 -71.6082
714 -33.058 -71.6082
836 -33.058 -71.6081
690 -33.0582 -71.6081
183 -33.0583 -71.608
923 -33.0583 -71.608
528 -33.059 -71.6079
952 -33.0582 -71.608
137 -33.0582 -71.6081
126 -33.0579 -71.6079
569 -33.0579 -71.6113
2 -33.0578 -71.6091
471 -33.0578 -71.6082
757 -33.0578 -71.6082
502 -33.0578 -71.6082
510 -33.0577 -71.6107
384 -33.0577 -71.6102
874 -33.0576 -71.6088
981 -33.0577 -71.6082
966 -33.0577 -71.6082
398 -33.0577 -71.6082
671 -33.0577 -71.6081
785 -33.0577 -71.6081
752 -33.0576 -71.6081
704 -33.0576 -71.6081
56 -33.0576 -71.6081
369 -33.0576 -71.6081
415 -33.0565 -71.61
97 -33.0574 -71.61
540 -33.0571 -71.6099
861 -33.0563 -71.6101
141 -33.0559 -71.6103
143 -33.0561 -71.6102
821 -33.0562 -71.6102
681 -33.0569 -71.6098
706 -33.0564 -71.6096
535 -33.0575 -71.6088
653 -33.0576 -71.6081
745 -33.0563 -71.6095
268 -33.0562 -71.6095
975 -33.0559 -71.6084
741 -33.0575 -71.6081
236 -33.0575 -71.6081
856 -33.0574 -71.6081
832 -33.0574 -71.6081
182 -33.0574 -71.6081
365 -33.0573 -71.6081
624 -33.0572 -71.608
192 -33.0571 -71.608
71 -33.0571 -71.608
882 -33.0571 -71.608
243 -33.0571 -71.608
736 -33.057 -71.608
325 -33.057 -71.608
229 -33.0569 -71.608
294 -33.0569 -71.608
321 -33.0569 -71.608
199 -33.0569 -71.608
788 -33.0569 -71.608
997 -33.0567 -71.608
811 -33.0566 -71.608
675 -33.0566 -71.608
375 -33.0566 -71.608
556 -33.0566 -71.608
395 -33.0565 -71.608
103 -33.0564 -71.608
993 -33.0564 -71.608
287 -33.0565 -71.608
244 -33.0563 -71.608
737 -33.0562 -71.608
371 -33.0561 -71.6079
242 -33.0561 -71.6079
282 -33.0598 -71.6079
944 -33.0597 -71.6078
478 -33.0597 -71.6078
888 -33.0601 -71.6078
918 -33.0595 -71.6077
810 -33.0595 -71.6078
219 -33.0595 -71.6077
878 -33.0595 -71.6077
833 -33.0598 -71.6077
977 -33.0613 -71.6074
281 -33.0602 -71.607
300 -33.0606 -71.6068
912 -33.0601 -71.6072
592 -33.0597 -71.6077
662 -33.0595 -71.6076
46 -33.0595 -71.6071
723 -33.0595 -71.6077
350 -33.0591 -71.6077
489 -33.0594 -71.6077
156 -33.0591 -71.6077
62 -33.059 -71.6077
381 -33.0588 -71.6078
929 -33.0589 -71.6078
557 -33.0589 -71.6078
664 -33.0592 -71.6076
753 -33.0593 -71.6076
715 -33.0593 -71.6076
772 -33.0593 -71.6072
458 -33.0592 -71.6076
470 -33.0592 -71.6076
378 -33.0591 -71.6075
280 -33.0591 -71.6075
808 -33.0612 -71.6068
159 -33.0609 -71.6065
925 -33.0607 -71.6064
441 -33.0627 -71.6059
296 -33.0605 -71.6056
83 -33.06 -71.6063
129 -33.0601 -71.6063
311 -33.06 -71.6062
491 -33.061 -71.6055
291 -33.0619 -71.6053
147 -33.0618 -71.6052
870 -33.0618 -71.6051
331 -33.0616 -71.605
112 -33.0613 -71.6048
90 -33.061 -71.6047
924 -33.0607 -71.6046
411 -33.0599 -71.6062
954 -33.0593 -71.6065
769 -33.0593 -71.6064
873 -33.0593 -71.6064
825 -33.0591 -71.6065
261 -33.0588 -71.6065
622 -33.0588 -71.6065
843 -33.0589 -71.6065
527 -33.0592 -71.6063
857 -33.0597 -71.6063
922 -33.0598 -71.6063
78 -33.0595 -71.6045
221 -33.0591 -71.6054
513 -33.0591 -71.6063
525 -33.059 -71.6063
196 -33.0587 -71.6051
746 -33.0587 -71.6079
532 -33.0587 -71.6079
94 -33.0587 -71.6079
110 -33.0584 -71.6073
319 -33.0568 -71.6074
613 -33.0577 -71.6073
357 -33.0567 -71.6072
172 -33.0568 -71.6071
125 -33.057 -71.607
417 -33.0571 -71.607
669 -33.0571 -71.607
284 -33.057 -71.607
16 -33.0569 -71.6071
505 -33.0569 -71.6071
845 -33.0569 -71.6071
390 -33.0565 -71.6075
257 -33.0561 -71.6079
215 -33.056 -71.6079
232 -33.056 -71.6079
339 -33.056 -71.6079
813 -33.056 -71.6079
839 -33.0558 -71.6079
910 -33.0558 -71.6076
8 -33.0562 -71.6074
120 -33.0564 -71.6073
544 -33.0564 -71.6073
782 -33.0564 -71.6073
230 -33.0563 -71.6074
670 -33.0563 -71.6074
276 -33.0563 -71.6074
349 -33.0571 -71.607
168 -33.0584 -71.6067
980 -33.0584 -71.6067
555 -33.0587 -71.6066
32 -33.0582 -71.6067
158 -33.0581 -71.6067
503 -33.0578 -71.6066
840 -33.0581 -71.6064
223 -33.0585 -71.6062
984 -33.0583 -71.6058
620 -33.0586 -71.6041
169 -33.0586 -71.6041
937 -33.0581 -71.6047
477 -33.058 -71.6059
99 -33.0577 -71.6046
293 -33.0578 -71.6045
951 -33.0577 -71.6068
136 -33.0576 -71.6065
472 -33.0575 -71.6061
768 -33.0576 -71.6049
990 -33.0573 -71.6068
404 -33.0573 -71.6069
460 -33.0566 -71.6063
316 -33.0571 -71.6061
98 -33.0575 -71.6048
595 -33.0575 -71.6048
256 -33.0576 -71.6047
957 -33.0569 -71.6046
1 -33.0566 -71.6045
406 -33.0559 -71.6044
30 -33.0559 -71.6043
826 -33.0558 -71.6043
508 -33.0543 -71.6119
617 -33.0543 -71.6118
914 -33.0542 -71.6118
717 -33.0541 -71.6115
920 -33.0537 -71.6113
188 -33.0538 -71.6112
894 -33.0539 -71.6112
59 -33.0537 -71.6112
372 -33.0545 -71.6105
391 -33.0554 -71.6104
433 -33.0552 -71.6098
744 -33.0541 -71.6105
180 -33.0537 -71.6109
336 -33.0538 -71.6105
517 -33.0541 -71.6105
568 -33.0537 -71.6111
133 -33.053 -71.6116
74 -33.0532 -71.6115
27 -33.0532 -71.6115
345 -33.0529 -71.6116
780 -33.0521 -71.6118
337 -33.0523 -71.6117
401 -33.0527 -71.6116
278 -33.0532 -71.6115
380 -33.0536 -71.6111
995 -33.0537 -71.6108
915 -33.0537 -71.6105
621 -33.0536 -71.6107
618 -33.0536 -71.6111
346 -33.0533 -71.611
559 -33.0529 -71.6107
931 -33.0553 -71.6097
815 -33.0555 -71.6094
673 -33.0557 -71.6092
770 -33.0557 -71.6092
330 -33.0536 -71.6085
356 -33.0536 -71.6086
95 -33.0536 -71.6085
824 -33.0536 -71.6085
928 -33.0536 -71.6085
650 -33.0546 -71.6085
445 -33.0546 -71.6085
689 -33.0545 -71.6085
104 -33.0545 -71.6085
663 -33.0537 -71.6085
800 -33.0545 -71.6085
609 -33.0545 -71.6085
451 -33.0536 -71.6085
665 -33.052 -71.609
522 -33.052 -71.609
548 -33.052 -71.609
709 -33.052 -71.609
76 -33.0519 -71.6091
207 -33.052 -71.6091
444 -33.052 -71.6091
86 -33.052 -71.6088
947 -33.0521 -71.6086
596 -33.0521 -71.6085
459 -33.0535 -71.6085
804 -33.0521 -71.6087
685 -33.0521 -71.6088
518 -33.0521 -71.6087
847 -33.0519 -71.6092
31 -33.0518 -71.6118
77 -33.0518 -71.6118
436 -33.0502 -71.6103
778 -33.0502 -71.6103
84 -33.0501 -71.6104
541 -33.0502 -71.6103
631 -33.0502 -71.6103
854 -33.0502 -71.6103
462 -33.0508 -71.6102
374 -33.0507 -71.6102
515 -33.0507 -71.6102
432 -33.0507 -71.6102
586 -33.0502 -71.6102
302 -33.0506 -71.6102
612 -33.0504 -71.6102
36 -33.0501 -71.6105
440 -33.05 -71.6115
206 -33.05 -71.6113
853 -33.05 -71.6111
283 -33.0499 -71.6118
968 -33.049 -71.6117
933 -33.0495 -71.6112
48 -33.0494 -71.6112
140 -33.05 -71.611
897 -33.0501 -71.6109
50 -33.0501 -71.6106
868 -33.0501 -71.6106
941 -33.0501 -71.6109
318 -33.0501 -71.611
213 -33.0501 -71.6109
648 -33.0509 -71.6102
457 -33.0515 -71.6096
956 -33.0515 -71.6096
828 -33.0517 -71.6095
634 -33.0515 -71.6096
231 -33.0514 -71.6097
418 -33.0514 -71.6097
807 -33.0515 -71.6096
481 -33.0517 -71.6095
240 -33.0518 -71.6093
64 -33.0518 -71.6093
654 -33.0518 -71.6093
363 -33.0517 -71.6094
425 -33.0517 -71.6094
153 -33.0517 -71.6094
178 -33.0517 -71.6094
119 -33.0514 -71.6097
637 -33.0511 -71.61
0 -33.0511 -71.61
728 -33.0512 -71.6099
538 -33.051 -71.6101
960 -33.0504 -71.6102
519 -33.0502 -71.6102
218 -33.0502 -71.6101
701 -33.0513 -71.6098
234 -33.0513 -71.6098
590 -33.0513 -71.6098
823 -33.0514 -71.6097
680 -33.0513 -71.6098
435 -33.0495 -71.6097
248 -33.0505 -71.6085
490 -33.0544 -71.6085
616 -33.0548 -71.6084
492 -33.0548 -71.6084
567 -33.0549 -71.6083
552 -33.0547 -71.6084
959 -33.0546 -71.6085
893 -33.0547 -71.6085
41 -33.0547 -71.6084
289 -33.0549 -71.6083
359 -33.0551 -71.6082
913 -33.0551 -71.6082
871 -33.0551 -71.6081
921 -33.0551 -71.6082
184 -33.055 -71.6083
6 -33.055 -71.6083
667 -33.0551 -71.6082
896 -33.0546 -71.6085
28 -33.0543 -71.6085
135 -33.0543 -71.6085
47 -33.0543 -71.6085
953 -33.0542 -71.6085
37 -33.0542 -71.6085
594 -33.0541 -71.6085
570 -33.0541 -71.6085
39 -33.0541 -71.6085
965 -33.0546 -71.6085
630 -33.054 -71.6085
777 -33.0541 -71.6085
45 -33.054 -71.6085
514 -33.054 -71.6085
443 -33.054 -71.6085
426 -33.054 -71.6085
410 -33.0552 -71.6081
245 -33.0555 -71.6079
193 -33.0555 -71.6079
122 -33.0555 -71.6079
895 -33.0555 -71.6079
691 -33.0554 -71.6079
806 -33.0555 -71.6079
720 -33.0555 -71.6079
397 -33.0555 -71.6079
358 -33.0556 -71.6078
731 -33.0556 -71.6078
564 -33.0556 -71.6077
578 -33.0556 -71.6078
989 -33.0555 -71.6078
65 -33.0556 -71.6078
267 -33.0556 -71.6078
247 -33.0554 -71.6079
299 -33.0552 -71.6081
682 -33.0552 -71.6081
628 -33.0552 -71.6081
554 -33.0552 -71.6081
264 -33.0552 -71.6081
67 -33.0552 -71.6081
875 -33.0552 -71.6081
194 -33.0553 -71.608
887 -33.0554 -71.608
388 -33.0554 -71.608
308 -33.0554 -71.6079
21 -33.0554 -71.608
776 -33.0544 -71.6054
149 -33.055 -71.6045
699 -33.0539 -71.6085
926 -33.0539 -71.6085
584 -33.0539 -71.6085
114 -33.0539 -71.6085
543 -33.0539 -71.6085
684 -33.0537 -71.6085
344 -33.0539 -71.6085
396 -33.0538 -71.6085
936 -33.0539 -71.6085
352 -33.0538 -71.6085
131 -33.0538 -71.6085
943 -33.0538 -71.6085
969 -33.0534 -71.6085
3 -33.0534 -71.6085
814 -33.0534 -71.6085
246 -33.0534 -71.6085
841 -33.0534 -71.6085
486 -33.0533 -71.6085
162 -33.0533 -71.6084
779 -33.0522 -71.6084
241 -33.0521 -71.6084
971 -33.0505 -71.6085
96 -33.0521 -71.6085
899 -33.0512 -71.6085
702 -33.0533 -71.6084
249 -33.0532 -71.6084
798 -33.0532 -71.6084
898 -33.0532 -71.6084
288 -33.0532 -71.6084
719 -33.0522 -71.6084
524 -33.0531 -71.6084
865 -33.0531 -71.6084
338 -33.0531 -71.6084
974 -33.0531 -71.6084
4 -33.0529 -71.6083
379 -33.0528 -71.6083
766 -33.0528 -71.6083
817 -33.0528 -71.6083
750 -33.0528 -71.6083
539 -33.0527 -71.6082
507 -33.0531 -71.6066
781 -33.0536 -71.6062
121 -33.0537 -71.6061
729 -33.0528 -71.6066
439 -33.0526 -71.6082
164 -33.0526 -71.6082
792 -33.0528 -71.6066
526 -33.0526 -71.6082
932 -33.0525 -71.6082
317 -33.0525 -71.6082
465 -33.0525 -71.6082
656 -33.0522 -71.6082
329 -33.0522 -71.6084
312 -33.0522 -71.6083
342 -33.0522 -71.6083
695 -33.0524 -71.6081
258 -33.0524 -71.6081
985 -33.0523 -71.6081
428 -33.0523 -71.6081
651 -33.0523 -71.6081
58 -33.0523 -71.6081
533 -33.052 -71.6048
