171 -33.0633 -71.6155
448 -33.0633 -71.6154
271 -33.0646 -71.6154
946 -33.0628 -71.6157
393 -33.0624 -71.6158
506 -33.0625 -71.6157
727 -33.0624 -71.6155
930 -33.0627 -71.6153
619 -33.0644 -71.6153
754 -33.0641 -71.6152
290 -33.0641 -71.6151
179 -33.0637 -71.6152
145 -33.0636 -71.6153
978 -33.0627 -71.6151
495 -33.0626 -71.615
327 -33.0623 -71.6158
128 -33.0622 -71.6158
597 -33.062 -71.6158
487 -33.0621 -71.6154
585 -33.0619 -71.6158
904 -33.061 -71.616
614 -33.0611 -71.6155
423 -33.061 -71.6154
456 -33.0609 -71.6154
166 -33.0621 -71.6151
403 -33.0622 -71.6151
908 -33.0622 -71.6151
760 -33.0621 -71.6151
803 -33.061 -71.6154
838 -33.062 -71.6152
907 -33.0621 -71.6151
301 -33.0626 -71.615
466 -33.0631 -71.615
455 -33.0633 -71.6149
286 -33.0627 -71.6136
582 -33.0627 -71.6136
475 -33.0626 -71.615
14 -33.0627 -71.6136
958 -33.0627 -71.6136
878 -33.0626 -71.6135
531 -33.0639 -71.6133
238 -33.0639 -71.6133
118 -33.0639 -71.6133
224 -33.0633 -71.6129
52 -33.0629 -71.6132
255 -33.0626 -71.6131
489 -33.0629 -71.6129
62 -33.0624 -71.6131
917 -33.0623 -71.6135
160 -33.0623 -71.6135
51 -33.0623 -71.6135
501 -33.0622 -71.6135
351 -33.0622 -71.6134
819 -33.061 -71.6134
994 -33.061 -71.6134
809 -33.061 -71.6134
762 -33.061 -71.6134
22 -33.0623 -71.6132
579 -33.0621 -71.6131
274 -33.061 -71.6134
189 -33.061 -71.6134
198 -33.061 -71.6134
446 -33.0608 -71.6155
109 -33.0607 -71.6162
593 -33.0607 -71.6162
154 -33.0607 -71.6155
130 -33.0606 -71.6162
611 -33.0604 -71.6156
7 -33.0604 -71.6142
767 -33.0605 -71.6142
431 -33.0605 -71.6141
262 -33.0606 -71.614
148 -33.0607 -71.614
686 -33.0607 -71.614
123 -33.0606 -71.6141
61 -33.0606 -71.6141
467 -33.0606 -71.6141
739 -33.0606 -71.6141
749 -33.0604 -71.6142
949 -33.0601 -71.6164
964 -33.0603 -71.6163
100 -33.0603 -71.6156
367 -33.06 -71.6144
703 -33.06 -71.6144
89 -33.06 -71.6144
228 -33.06 -71.6144
117 -33.0601 -71.6144
711 -33.0603 -71.6143
945 -33.0603 -71.6143
49 -33.0603 -71.6142
830 -33.0602 -71.6143
546 -33.0601 -71.6144
279 -33.0602 -71.6143
504 -33.06 -71.6142
424 -33.0607 -71.6139
483 -33.0607 -71.6139
600 -33.0607 -71.6139
127 -33.0608 -71.6136
615 -33.0602 -71.6134
632 -33.0601 -71.6134
580 -33.0601 -71.6134
751 -33.0601 -71.6134
500 -33.0601 -71.6133
134 -33.0604 -71.613
150 -33.0605 -71.6129
783 -33.0605 -71.6128
250 -33.0602 -71.6131
852 -33.0601 -71.6132
163 -33.0602 -71.6132
678 -33.0602 -71.6131
666 -33.06 -71.6128
195 -33.0599 -71.6135
315 -33.0599 -71.6135
75 -33.0599 -71.6134
144 -33.0599 -71.6135
354 -33.0598 -71.6137
497 -33.0599 -71.6135
304 -33.0599 -71.6135
111 -33.06 -71.6134
38 -33.06 -71.6134
414 -33.06 -71.6128
235 -33.06 -71.6128
70 -33.0599 -71.6128
295 -33.0598 -71.6128
906 -33.0599 -71.6128
562 -33.0604 -71.6128
700 -33.0645 -71.6125
251 -33.0645 -71.6125
705 -33.0645 -71.6125
309 -33.0634 -71.6126
57 -33.0633 -71.6126
285 -33.0634 -71.6124
324 -33.0632 -71.6122
641 -33.0636 -71.6122
69 -33.0635 -71.6122
816 -33.0637 -71.6122
976 -33.0646 -71.6121
607 -33.0628 -71.6121
661 -33.0627 -71.6122
87 -33.0628 -71.6121
498 -33.0627 -71.612
269 -33.0627 -71.6124
200 -33.0626 -71.6128
208 -33.0626 -71.6127
738 -33.0624 -71.6121
599 -33.0624 -71.6121
366 -33.0622 -71.6126
437 -33.0623 -71.6121
655 -33.0623 -71.6121
752 -33.0623 -71.612
341 -33.0625 -71.612
233 -33.0623 -71.612
434 -33.0623 -71.612
761 -33.0623 -71.612
973 -33.0622 -71.612
254 -33.0622 -71.612
707 -33.0621 -71.612
292 -33.0621 -71.612
674 -33.0633 -71.6119
373 -33.0633 -71.6119
370 -33.0649 -71.6112
202 -33.0633 -71.6119
209 -33.0631 -71.6112
347 -33.0632 -71.6112
387 -33.0632 -71.6112
407 -33.0637 -71.6112
408 -33.065 -71.6112
473 -33.0648 -71.6105
482 -33.0648 -71.6105
790 -33.064 -71.6108
523 -33.0639 -71.6112
11 -33.064 -71.6111
499 -33.064 -71.6107
561 -33.0631 -71.6112
733 -33.0623 -71.612
837 -33.0622 -71.6119
789 -33.0629 -71.6117
759 -33.0619 -71.612
392 -33.0619 -71.612
201 -33.0619 -71.612
452 -33.0619 -71.6118
642 -33.063 -71.6113
986 -33.063 -71.6113
934 -33.0619 -71.6112
918 -33.0618 -71.611
297 -33.0618 -71.6108
146 -33.0618 -71.6108
474 -33.0618 -71.6108
892 -33.0618 -71.612
565 -33.061 -71.6123
863 -33.0611 -71.6123
880 -33.0611 -71.6122
860 -33.061 -71.6123
791 -33.061 -71.6124
320 -33.061 -71.6123
679 -33.061 -71.6123
623 -33.0613 -71.6122
996 -33.0614 -71.6121
449 -33.0614 -71.6121
534 -33.0616 -71.6121
203 -33.0613 -71.6122
693 -33.0613 -71.6122
747 -33.0613 -71.6122
992 -33.0611 -71.6121
575 -33.0609 -71.6124
265 -33.0606 -71.6127
33 -33.0606 -71.6127
177 -33.0607 -71.6126
430 -33.0605 -71.6127
914 -33.0604 -71.6128
756 -33.0605 -71.6128
617 -33.0603 -71.6127
566 -33.0607 -71.6126
795 -33.0608 -71.6125
340 -33.0608 -71.6125
116 -33.0609 -71.6125
93 -33.0607 -71.6126
237 -33.0603 -71.6124
306 -33.0603 -71.6121
275 -33.0617 -71.6121
864 -33.0617 -71.612
577 -33.0617 -71.612
942 -33.0617 -71.612
12 -33.0612 -71.6115
272 -33.0608 -71.612
771 -33.0608 -71.6116
627 -33.0609 -71.6115
844 -33.0613 -71.6115
740 -33.0617 -71.6107
43 -33.0618 -71.6106
818 -33.0618 -71.6105
537 -33.0617 -71.6105
903 -33.0614 -71.6107
458 -33.0615 -71.6107
839 -33.0616 -71.6104
307 -33.0607 -71.6116
603 -33.0605 -71.612
658 -33.0607 -71.612
252 -33.0605 -71.6116
334 -33.0603 -71.6119
601 -33.0603 -71.6118
787 -33.0603 -71.6117
919 -33.06 -71.6116
82 -33.0603 -71.6111
815 -33.0603 -71.611
876 -33.0603 -71.611
998 -33.0602 -71.6106
190 -33.0602 -71.6104
902 -33.0601 -71.6106
770 -33.0599 -71.6106
927 -33.0598 -71.6137
494 -33.0598 -71.6165
659 -33.0593 -71.615
961 -33.0593 -71.615
91 -33.0592 -71.6168
867 -33.0588 -71.6169
382 -33.0588 -71.6169
364 -33.0591 -71.6151
962 -33.0596 -71.6148
773 -33.0596 -71.6148
698 -33.0597 -71.6147
549 -33.0597 -71.6146
66 -33.0596 -71.6148
712 -33.0589 -71.6147
900 -33.059 -71.6145
529 -33.059 -71.6145
263 -33.0588 -71.6148
511 -33.0588 -71.617
409 -33.0588 -71.617
353 -33.0587 -71.6169
708 -33.0586 -71.6168
10 -33.0585 -71.6156
983 -33.0585 -71.6156
979 -33.0585 -71.6156
165 -33.0587 -71.6154
488 -33.0588 -71.6148
883 -33.0588 -71.6148
239 -33.0587 -71.6147
797 -33.0586 -71.6146
636 -33.0586 -71.6149
829 -33.0585 -71.6148
416 -33.0586 -71.6147
726 -33.0597 -71.6145
204 -33.0598 -71.6145
24 -33.0596 -71.6139
884 -33.0596 -71.6139
405 -33.0595 -71.614
734 -33.0595 -71.6141
859 -33.0594 -71.6141
572 -33.0594 -71.614
176 -33.0596 -71.6139
385 -33.0597 -71.6139
185 -33.0597 -71.6139
967 -33.0598 -71.6138
355 -33.0597 -71.6139
142 -33.0597 -71.6139
574 -33.0596 -71.6139
106 -33.0596 -71.6138
13 -33.0594 -71.6141
652 -33.0592 -71.6143
421 -33.0593 -71.6143
174 -33.0593 -71.6142
692 -33.0591 -71.6144
450 -33.0591 -71.6145
512 -33.0586 -71.6144
697 -33.0591 -71.6144
273 -33.0593 -71.6142
107 -33.0594 -71.6142
313 -33.0593 -71.6142
191 -33.0593 -71.6142
717 -33.0591 -71.6137
545 -33.0589 -71.6139
496 -33.059 -71.6138
573 -33.0584 -71.6148
536 -33.0584 -71.6165
161 -33.0584 -71.6164
54 -33.0583 -71.6151
786 -33.0583 -71.6157
509 -33.058 -71.6177
427 -33.0582 -71.6175
343 -33.0583 -71.6151
380 -33.0582 -71.615
618 -33.0581 -71.615
598 -33.0582 -71.615
113 -33.0582 -71.615
605 -33.0581 -71.615
639 -33.0581 -71.615
155 -33.0581 -71.615
25 -33.058 -71.615
835 -33.0579 -71.6149
516 -33.0574 -71.6182
988 -33.0562 -71.6159
59 -33.0579 -71.6158
205 -33.0562 -71.616
277 -33.0561 -71.616
820 -33.0561 -71.616
938 -33.0561 -71.616
764 -33.0563 -71.6151
763 -33.0578 -71.615
157 -33.0577 -71.6149
625 -33.0579 -71.6149
92 -33.0577 -71.6149
911 -33.0564 -71.615
849 -33.0564 -71.615
361 -33.0578 -71.6149
170 -33.0583 -71.6149
889 -33.0583 -71.6149
721 -33.0583 -71.6148
105 -33.0583 -71.6148
333 -33.0583 -71.6149
323 -33.0582 -71.6148
476 -33.0581 -71.6144
68 -33.0581 -71.6144
551 -33.0582 -71.6142
175 -33.0584 -71.6139
571 -33.0584 -71.6138
948 -33.0582 -71.6142
713 -33.0581 -71.6144
389 -33.0579 -71.6139
453 -33.0582 -71.6138
5 -33.0578 -71.6139
710 -33.0577 -71.6149
794 -33.0577 -71.6149
812 -33.0576 -71.6149
181 -33.0576 -71.6149
644 -33.0565 -71.6149
850 -33.0575 -71.6149
629 -33.0566 -71.6148
635 -33.0572 -71.6148
377 -33.0577 -71.6145
429 -33.0578 -71.6139
17 -33.0578 -71.6139
885 -33.0577 -71.6144
610 -33.057 -71.6148
987 -33.0574 -71.6142
211 -33.0585 -71.6137
890 -33.0598 -71.6136
115 -33.0598 -71.6136
226 -33.0598 -71.6136
399 -33.0591 -71.6135
464 -33.0591 -71.6136
402 -33.0591 -71.6136
916 -33.0591 -71.6135
102 -33.0591 -71.6135
19 -33.0594 -71.6129
758 -33.0595 -71.6128
188 -33.0597 -71.6128
44 -33.0593 -71.6129
730 -33.0593 -71.6129
346 -33.0592 -71.6129
801 -33.0592 -71.6128
950 -33.0591 -71.6134
891 -33.0588 -71.6135
687 -33.059 -71.6134
822 -33.0589 -71.6133
668 -33.0586 -71.6133
53 -33.0585 -71.6136
217 -33.0585 -71.6135
42 -33.0585 -71.613
260 -33.0586 -71.613
412 -33.059 -71.6129
742 -33.0589 -71.6128
386 -33.0589 -71.6127
20 -33.0589 -71.6127
851 -33.0586 -71.613
124 -33.0588 -71.6129
559 -33.0588 -71.6129
23 -33.0592 -71.6126
991 -33.0595 -71.6125
266 -33.0595 -71.612
270 -33.0597 -71.6116
955 -33.0595 -71.612
298 -33.0593 -71.6116
563 -33.0593 -71.6116
216 -33.0594 -71.6116
368 -33.0598 -71.6116
831 -33.0595 -71.6114
877 -33.0597 -71.6106
909 -33.0598 -71.6106
388 -33.0595 -71.6112
743 -33.0595 -71.6109
706 -33.0594 -71.6105
920 -33.0594 -71.6105
187 -33.0592 -71.6112
29 -33.0588 -71.6126
303 -33.0591 -71.6125
676 -33.0591 -71.6122
905 -33.0588 -71.6121
197 -33.0585 -71.6124
568 -33.0588 -71.612
151 -33.0584 -71.6117
560 -33.0588 -71.6117
748 -33.0589 -71.6112
775 -33.0591 -71.6106
765 -33.0592 -71.6104
259 -33.0589 -71.6112
547 -33.0588 -71.6113
27 -33.0584 -71.6106
18 -33.0584 -71.613
521 -33.0583 -71.6134
881 -33.0583 -71.6134
479 -33.0582 -71.613
227 -33.0582 -71.6131
85 -33.0581 -71.6134
848 -33.0581 -71.6133
963 -33.0582 -71.6131
999 -33.0582 -71.6128
214 -33.0583 -71.6127
842 -33.0583 -71.6126
588 -33.0583 -71.6124
645 -33.0583 -71.6127
872 -33.0583 -71.6127
940 -33.0581 -71.6125
688 -33.0581 -71.6123
508 -33.0581 -71.613
212 -33.0581 -71.6136
35 -33.0577 -71.6131
725 -33.058 -71.613
520 -33.0577 -71.6131
40 -33.0574 -71.6135
591 -33.0576 -71.6134
589 -33.0564 -71.6131
186 -33.0578 -71.6129
649 -33.0578 -71.6129
173 -33.0576 -71.6129
862 -33.0576 -71.6129
553 -33.0566 -71.6125
972 -33.0561 -71.6123
793 -33.0561 -71.6123
550 -33.0581 -71.6123
108 -33.0582 -71.6123
358 -33.0583 -71.6117
805 -33.0584 -71.6117
647 -33.0581 -71.612
638 -33.0581 -71.6121
796 -33.0581 -71.612
442 -33.058 -71.6119
621 -33.0582 -71.6113
606 -33.0583 -71.6113
372 -33.0583 -71.6113
558 -33.0584 -71.6106
253 -33.0582 -71.6107
821 -33.0581 -71.6108
278 -33.0581 -71.6104
337 -33.058 -71.6104
683 -33.058 -71.6118
15 -33.058 -71.6113
569 -33.0579 -71.6113
915 -33.058 -71.611
345 -33.0576 -71.611
861 -33.0575 -71.6119
681 -33.0575 -71.6116
447 -33.0537 -71.6109
510 -33.0577 -71.6107
673 -33.0574 -71.6106
604 -33.0558 -71.6104
540 -33.0575 -71.6103
348 -33.0556 -71.6105
9 -33.0541 -71.6105
827 -33.0541 -71.6105
886 -33.0602 -71.6103
480 -33.0646 -71.6101
413 -33.0646 -71.6101
470 -33.0634 -71.6101
882 -33.0633 -71.6101
63 -33.0632 -71.61
757 -33.0632 -71.61
774 -33.0631 -71.61
282 -33.0632 -71.61
326 -33.0645 -71.6099
469 -33.0648 -71.6098
869 -33.0644 -71.6091
677 -33.0644 -71.6095
741 -33.0634 -71.6094
690 -33.064 -71.6092
328 -33.0641 -71.6092
715 -33.0631 -71.6099
858 -33.063 -71.6099
471 -33.0626 -71.6096
294 -33.0626 -71.6096
646 -33.0624 -71.6096
581 -33.0617 -71.6103
576 -33.0617 -71.6103
879 -33.0623 -71.6096
422 -33.062 -71.6095
624 -33.063 -71.6093
788 -33.0627 -71.6092
952 -33.0623 -71.6091
339 -33.062 -71.6092
691 -33.0617 -71.6094
813 -33.062 -71.6092
375 -33.0617 -71.6092
640 -33.0644 -71.6091
79 -33.0646 -71.609
438 -33.0642 -71.609
532 -33.0643 -71.6089
420 -33.064 -71.6089
944 -33.0637 -71.6088
183 -33.0637 -71.6088
219 -33.0635 -71.6087
664 -33.064 -71.6085
335 -33.064 -71.6083
723 -33.0641 -71.6081
225 -33.0632 -71.6077
369 -33.0629 -71.608
156 -33.0623 -71.6083
350 -33.0625 -71.6082
463 -33.0625 -71.608
736 -33.0623 -71.6083
194 -33.0618 -71.6087
806 -33.0619 -71.6086
731 -33.0621 -71.6085
653 -33.0617 -71.609
682 -33.0617 -71.6089
21 -33.0617 -71.6088
245 -33.0617 -71.6087
72 -33.0622 -71.6085
103 -33.0622 -71.6084
232 -33.0621 -71.6079
199 -33.0622 -71.6078
714 -33.0619 -71.6084
419 -33.0617 -71.608
981 -33.0617 -71.6077
913 -33.0617 -71.6089
310 -33.0616 -71.6103
871 -33.0613 -71.6094
921 -33.0612 -71.6093
667 -33.0612 -71.6093
415 -33.061 -71.6103
26 -33.061 -71.6103
94 -33.0612 -71.6098
289 -33.0611 -71.6093
215 -33.0614 -71.6089
71 -33.0614 -71.6089
616 -33.0612 -71.6089
959 -33.061 -71.6092
896 -33.061 -71.6091
609 -33.0609 -71.6089
28 -33.0609 -71.6088
970 -33.0608 -71.6096
305 -33.0601 -71.6101
97 -33.0603 -71.6101
376 -33.0598 -71.61
602 -33.0598 -71.61
141 -33.0595 -71.6098
866 -33.0596 -71.6098
895 -33.0597 -71.6098
542 -33.0608 -71.6097
138 -33.0605 -71.6096
37 -33.0607 -71.6088
39 -33.0607 -71.6087
73 -33.0605 -71.6093
626 -33.06 -71.6088
132 -33.06 -71.6088
192 -33.061 -71.6086
461 -33.061 -71.6086
45 -33.0607 -71.6086
746 -33.0606 -71.6085
584 -33.0606 -71.6085
114 -33.0606 -71.6085
410 -33.0604 -71.6084
663 -33.0604 -71.6084
332 -33.0602 -71.6083
359 -33.0607 -71.608
753 -33.0607 -71.6079
398 -33.0613 -71.6077
264 -33.0605 -71.6078
824 -33.0603 -71.6083
468 -33.0601 -71.6079
3 -33.0603 -71.6077
486 -33.0601 -71.6082
242 -33.0601 -71.6083
490 -33.06 -71.6083
288 -33.06 -71.6081
249 -33.06 -71.6081
810 -33.0598 -71.6082
167 -33.0598 -71.6082
814 -33.0596 -71.608
974 -33.0599 -71.608
888 -33.0601 -71.6078
229 -33.0599 -71.6078
4 -33.0598 -71.6077
817 -33.0596 -71.6078
526 -33.0595 -71.6077
439 -33.0596 -71.6076
60 -33.0627 -71.6076
296 -33.0643 -71.6071
769 -33.0642 -71.6068
331 -33.0642 -71.6068
620 -33.0642 -71.6068
825 -33.0642 -71.6067
922 -33.0642 -71.6067
441 -33.0634 -71.6065
293 -33.0634 -71.6065
622 -33.0637 -71.6064
291 -33.0637 -71.6064
951 -33.0639 -71.6063
669 -33.0634 -71.6064
147 -33.0633 -71.6065
284 -33.0633 -71.6064
845 -33.0633 -71.6063
505 -33.0632 -71.6063
400 -33.0631 -71.6075
832 -33.0629 -71.6074
608 -33.0624 -71.6073
478 -33.0622 -71.6074
977 -33.0617 -71.6073
737 -33.0617 -71.6073
965 -33.0614 -71.607
997 -33.0619 -71.6069
672 -33.0625 -71.6068
592 -33.0623 -71.6062
112 -33.0632 -71.6062
720 -33.0621 -71.6062
122 -33.0619 -71.6069
833 -33.0619 -71.6069
662 -33.0619 -71.6068
16 -33.0631 -71.6062
870 -33.0648 -71.606
261 -33.0647 -71.606
90 -33.0645 -71.6059
99 -33.0641 -71.6061
172 -33.0631 -71.6062
32 -33.0639 -71.6061
924 -33.064 -71.6061
544 -33.0628 -71.6059
843 -33.0639 -71.6059
78 -33.0638 -71.6059
158 -33.0634 -71.6058
169 -33.0628 -71.6052
276 -33.0627 -71.6059
230 -33.0627 -71.6058
349 -33.0627 -71.6058
417 -33.0626 -71.6057
287 -33.0622 -71.6061
8 -33.0626 -71.6058
30 -33.0625 -71.6057
557 -33.0619 -71.6058
923 -33.0619 -71.6057
966 -33.0619 -71.6057
325 -33.0619 -71.6057
826 -33.0624 -71.6056
910 -33.0622 -71.6055
857 -33.0624 -71.6055
267 -33.062 -71.6053
578 -33.062 -71.6053
67 -33.0615 -71.605
184 -33.0614 -71.6048
785 -33.0613 -71.6064
630 -33.0609 -71.6074
502 -33.0607 -71.6074
594 -33.061 -71.6073
365 -33.0607 -71.6071
556 -33.0607 -71.6075
570 -33.0606 -71.6071
281 -33.0602 -71.607
300 -33.0606 -71.6068
808 -33.0612 -71.6068
381 -33.0611 -71.6066
395 -33.0609 -71.6065
159 -33.0609 -71.6065
137 -33.0609 -71.6065
925 -33.0607 -71.6064
989 -33.0607 -71.6064
397 -33.0602 -71.6069
912 -33.0602 -71.6072
299 -33.0601 -71.6068
321 -33.0601 -71.6067
247 -33.0601 -71.6063
46 -33.0601 -71.6072
772 -33.0601 -71.6065
243 -33.0601 -71.6065
766 -33.0597 -71.6063
83 -33.0601 -71.6063
898 -33.06 -71.6063
129 -33.0601 -71.6063
702 -33.06 -71.6062
311 -33.06 -71.6062
411 -33.0599 -71.6062
56 -33.0611 -71.6061
836 -33.061 -71.606
777 -33.0607 -71.6056
491 -33.061 -71.6055
543 -33.0607 -71.6057
443 -33.0606 -71.6057
936 -33.0605 -71.6056
926 -33.0606 -71.6056
47 -33.0608 -71.6054
41 -33.0611 -71.605
552 -33.0611 -71.605
6 -33.0613 -71.6048
104 -33.061 -71.6051
953 -33.0608 -71.6053
135 -33.0609 -71.6053
689 -33.061 -71.6051
352 -33.0605 -71.6058
95 -33.0602 -71.606
459 -33.0602 -71.6059
356 -33.0603 -71.6058
670 -33.0602 -71.6061
841 -33.0601 -71.6061
246 -33.0601 -71.606
969 -33.0601 -71.606
344 -33.0604 -71.6057
567 -33.0605 -71.6057
396 -33.0605 -71.6057
120 -33.0603 -71.605
406 -33.0597 -71.6054
149 -33.0596 -71.6055
1 -33.0595 -71.6051
143 -33.0595 -71.6098
336 -33.0592 -71.6102
210 -33.0594 -71.61
517 -33.0594 -71.6099
800 -33.0586 -71.6101
657 -33.0586 -71.6101
995 -33.0586 -71.6101
894 -33.0584 -71.6099
391 -33.0595 -71.6098
587 -33.0595 -71.6098
362 -33.0589 -71.6095
236 -33.0588 -71.6088
856 -33.0587 -71.6093
74 -33.0586 -71.6095
131 -33.0587 -71.6092
931 -33.0587 -71.6089
133 -33.0584 -71.6096
975 -33.0584 -71.6101
180 -33.0583 -71.6101
433 -33.0583 -71.6099
745 -33.0582 -71.6101
384 -33.0577 -71.6102
65 -33.058 -71.6099
268 -33.058 -71.6099
162 -33.0583 -71.6098
338 -33.0584 -71.6094
875 -33.0583 -71.6092
684 -33.0583 -71.609
454 -33.0582 -71.609
401 -33.0582 -71.6097
744 -33.0578 -71.6096
874 -33.0576 -71.6088
699 -33.0589 -71.6088
524 -33.0594 -71.6088
451 -33.0593 -71.6088
2 -33.0592 -71.6088
650 -33.0584 -71.6086
257 -33.0583 -71.6087
96 -33.0583 -71.6084
426 -33.0582 -71.6084
656 -33.0582 -71.6084
554 -33.0587 -71.6083
308 -33.0593 -71.6083
675 -33.0584 -71.608
444 -33.0583 -71.608
847 -33.0581 -71.6081
207 -33.0582 -71.6081
76 -33.0582 -71.608
654 -33.0581 -71.6081
244 -33.058 -71.6083
811 -33.0579 -71.6083
363 -33.058 -71.6083
425 -33.0579 -71.6082
481 -33.0579 -71.6082
828 -33.0579 -71.6082
634 -33.0577 -71.6081
64 -33.058 -71.6081
240 -33.058 -71.6081
807 -33.0576 -71.6081
153 -33.058 -71.6081
231 -33.0576 -71.6081
956 -33.0576 -71.6081
457 -33.0576 -71.6081
893 -33.0575 -71.6081
394 -33.0567 -71.6099
834 -33.0568 -71.6099
780 -33.0574 -71.6096
855 -33.0567 -71.61
901 -33.0553 -71.6097
81 -33.0553 -71.6096
660 -33.0565 -71.6096
314 -33.0564 -71.6096
77 -33.0573 -71.6095
535 -33.0575 -71.6088
31 -33.0571 -71.6088
383 -33.0546 -71.6085
694 -33.0546 -71.6085
716 -33.0545 -71.6085
968 -33.0542 -71.6085
530 -33.0538 -71.6085
722 -33.0537 -71.6085
152 -33.0537 -71.6085
724 -33.0537 -71.6085
55 -33.0536 -71.6085
101 -33.0505 -71.6086
755 -33.0534 -71.6085
939 -33.0533 -71.6085
732 -33.0533 -71.6084
643 -33.0533 -71.6084
484 -33.0532 -71.6084
583 -33.053 -71.6083
696 -33.0522 -71.6083
322 -33.0522 -71.6084
139 -33.0522 -71.6084
933 -33.0549 -71.6083
823 -33.0575 -71.6081
418 -33.0575 -71.6081
701 -33.0574 -71.6081
206 -33.0552 -71.6081
48 -33.0549 -71.6083
283 -33.0549 -71.6083
440 -33.0551 -71.6081
590 -33.0574 -71.6081
680 -33.0574 -71.6081
728 -33.0573 -71.608
0 -33.0572 -71.608
637 -33.0571 -71.608
538 -33.057 -71.608
648 -33.057 -71.608
462 -33.0567 -71.608
493 -33.0529 -71.6083
935 -33.0529 -71.6083
80 -33.0528 -71.6083
485 -33.0528 -71.6083
88 -33.0528 -71.6083
802 -33.0522 -71.6083
34 -33.0527 -71.6083
784 -33.0522 -71.6082
360 -33.0526 -71.6082
718 -33.0525 -71.6082
982 -33.0524 -71.6081
633 -33.0522 -71.6081
220 -33.0522 -71.6082
735 -33.0522 -71.6082
222 -33.0522 -71.6082
374 -33.0567 -71.608
330 -33.0593 -71.608
317 -33.0594 -71.6077
695 -33.0593 -71.6076
258 -33.0593 -71.6076
846 -33.059 -71.6079
985 -33.0591 -71.6076
58 -33.0592 -71.6076
371 -33.0593 -71.6076
465 -33.0594 -71.6076
932 -33.0594 -71.6076
798 -33.0592 -71.6068
378 -33.0592 -71.6068
280 -33.0591 -71.6075
671 -33.0591 -71.6067
445 -33.0591 -71.6067
528 -33.059 -71.6079
947 -33.0587 -71.6079
929 -33.0589 -71.6078
779 -33.0588 -71.6078
709 -33.0584 -71.608
548 -33.0584 -71.608
665 -33.0584 -71.608
522 -33.0584 -71.608
719 -33.0588 -71.6078
980 -33.0584 -71.6067
887 -33.0586 -71.6067
555 -33.0587 -71.6066
110 -33.0584 -71.6073
514 -33.0584 -71.6073
182 -33.0583 -71.6071
168 -33.0584 -71.6067
126 -33.0588 -71.6066
404 -33.0595 -71.6065
954 -33.0594 -71.6064
125 -33.0594 -71.6064
164 -33.0594 -71.6064
651 -33.0591 -71.6065
428 -33.0591 -71.6065
873 -33.0593 -71.6064
527 -33.0592 -71.6063
256 -33.0594 -71.6055
781 -33.0594 -71.6055
221 -33.0591 -71.6054
513 -33.0591 -71.6063
525 -33.059 -71.6063
533 -33.059 -71.6042
792 -33.0589 -71.6041
729 -33.0588 -71.6052
704 -33.0588 -71.6066
596 -33.0586 -71.6066
329 -33.0587 -71.6066
685 -33.0585 -71.6066
804 -33.0585 -71.6066
840 -33.0584 -71.6062
782 -33.0583 -71.6062
628 -33.0588 -71.6062
928 -33.0587 -71.6062
196 -33.0587 -71.6051
957 -33.0587 -71.6051
776 -33.0586 -71.6051
223 -33.0585 -71.6062
937 -33.0586 -71.6051
595 -33.0583 -71.6051
515 -33.0567 -71.608
302 -33.0567 -71.608
750 -33.0579 -71.608
612 -33.0564 -71.608
960 -33.0564 -71.608
218 -33.0563 -71.608
519 -33.0562 -71.608
778 -33.0561 -71.6079
993 -33.0581 -71.6078
613 -33.0577 -71.6073
379 -33.0578 -71.6073
193 -33.0577 -71.6076
539 -33.0575 -71.6076
319 -33.0577 -71.6076
432 -33.0565 -71.6073
586 -33.0561 -71.6075
854 -33.0561 -71.6079
541 -33.0561 -71.6079
631 -33.056 -71.6079
84 -33.056 -71.6079
853 -33.0554 -71.6079
436 -33.056 -71.6079
36 -33.0559 -71.6079
140 -33.0555 -71.6079
50 -33.0558 -71.6079
941 -33.0556 -71.6077
868 -33.0558 -71.6076
213 -33.0556 -71.6078
318 -33.0555 -71.6079
897 -33.0555 -71.6078
390 -33.0577 -71.6072
865 -33.0583 -71.6069
86 -33.0583 -71.6066
943 -33.058 -71.6062
990 -33.058 -71.6062
178 -33.0578 -71.6068
503 -33.0578 -71.6066
357 -33.0578 -71.6062
492 -33.0582 -71.6062
136 -33.0582 -71.6059
984 -33.0583 -71.6058
564 -33.0583 -71.6057
241 -33.0582 -71.6059
477 -33.058 -71.6059
342 -33.0578 -71.6058
460 -33.0578 -71.6058
316 -33.0577 -71.6058
518 -33.0576 -71.6071
472 -33.0575 -71.6061
312 -33.0575 -71.6058
119 -33.0574 -71.6069
234 -33.0573 -71.6069
799 -33.0535 -71.6063
435 -33.0545 -71.6053
98 -33.0575 -71.6051
507 -33.0575 -71.6051
121 -33.0575 -71.6051
768 -33.0576 -71.6049
899 -33.0566 -71.6045
248 -33.056 -71.6043
971 -33.0559 -71.6043
