978 -33.0581 -71.6176
367 -33.0583 -71.6174
189 -33.0583 -71.6174
549 -33.0574 -71.6182
301 -33.0565 -71.6182
754 -33.0561 -71.6181
698 -33.0561 -71.618
475 -33.0599 -71.6165
881 -33.0562 -71.616
376 -33.0562 -71.616
269 -33.0562 -71.6159
762 -33.0562 -71.6158
134 -33.0561 -71.6161
816 -33.0561 -71.6161
442 -33.056 -71.6159
146 -33.056 -71.6159
455 -33.056 -71.618
760 -33.0558 -71.618
809 -33.0558 -71.618
271 -33.0556 -71.6179
456 -33.0554 -71.6179
587 -33.0555 -71.6172
373 -33.0556 -71.6172
216 -33.0555 -71.6172
542 -33.0557 -71.6165
42 -33.0557 -71.6165
580 -33.0559 -71.6159
361 -33.0557 -71.6166
69 -33.0557 -71.6167
150 -33.0555 -71.6159
641 -33.0555 -71.6159
520 -33.0561 -71.6158
483 -33.0583 -71.6151
945 -33.0592 -71.615
994 -33.0582 -71.615
407 -33.0562 -71.6151
693 -33.0561 -71.6158
743 -33.0561 -71.6152
389 -33.0562 -71.6151
450 -33.0564 -71.615
774 -33.0582 -71.615
464 -33.0578 -71.615
608 -33.0578 -71.6149
640 -33.0578 -71.6149
822 -33.0565 -71.6149
582 -33.0565 -71.6149
950 -33.0578 -71.6149
602 -33.0561 -71.6157
107 -33.0561 -71.6157
255 -33.056 -71.6156
123 -33.056 -71.6156
279 -33.056 -71.6156
105 -33.0557 -71.6157
405 -33.0557 -71.6156
907 -33.0557 -71.6156
726 -33.056 -71.6154
251 -33.056 -71.6153
537 -33.056 -71.6153
476 -33.056 -71.6152
370 -33.056 -71.6154
955 -33.0559 -71.6154
408 -33.0559 -71.6154
919 -33.0554 -71.6175
987 -33.0552 -71.6216
25 -33.0552 -71.6215
598 -33.0551 -71.6212
589 -33.0551 -71.621
409 -33.0547 -71.6222
92 -33.0551 -71.6217
710 -33.0551 -71.6217
786 -33.0551 -71.6209
829 -33.055 -71.6208
979 -33.0549 -71.6207
883 -33.0548 -71.6204
179 -33.0548 -71.6188
109 -33.0547 -71.6203
697 -33.0545 -71.6202
217 -33.0545 -71.6202
479 -33.0544 -71.6201
849 -33.0543 -71.6231
629 -33.0544 -71.6228
53 -33.0543 -71.6201
961 -33.0543 -71.62
313 -33.0542 -71.62
940 -33.054 -71.6199
176 -33.054 -71.6199
66 -33.0539 -71.6198
880 -33.0544 -71.6189
687 -33.0541 -71.6184
323 -33.0543 -71.6184
448 -33.054 -71.6184
177 -33.0539 -71.6189
431 -33.054 -71.6184
831 -33.054 -71.6184
166 -33.0544 -71.6184
803 -33.0554 -71.6179
761 -33.0551 -71.6179
434 -33.0551 -71.6178
838 -33.0551 -71.6179
973 -33.055 -71.618
198 -33.055 -71.618
844 -33.055 -71.6179
341 -33.0552 -71.6178
355 -33.0553 -71.6177
488 -33.0552 -71.6158
446 -33.0553 -71.6154
819 -33.0552 -71.6158
290 -33.055 -71.6175
403 -33.055 -71.6152
423 -33.055 -71.6152
713 -33.055 -71.618
210 -33.0549 -71.6182
891 -33.055 -71.6182
377 -33.055 -71.6181
767 -33.0549 -71.6182
495 -33.0545 -71.6184
466 -33.0549 -71.6184
547 -33.0549 -71.6183
775 -33.055 -71.618
730 -33.0544 -71.6157
546 -33.0542 -71.6157
145 -33.0547 -71.615
254 -33.054 -71.6156
117 -33.0539 -71.6156
292 -33.0539 -71.6156
869 -33.0577 -71.6149
297 -33.0587 -71.6147
561 -33.0586 -71.6147
482 -33.0592 -71.6143
531 -33.0583 -71.6149
501 -33.0583 -71.6149
60 -33.0576 -71.6149
879 -33.0576 -71.6149
976 -33.0593 -71.6143
118 -33.0594 -71.6141
991 -33.0586 -71.6135
521 -33.0583 -71.6134
948 -33.0582 -71.6142
560 -33.0577 -71.6139
842 -33.0577 -71.6139
124 -33.0575 -71.6139
818 -33.0575 -71.6149
286 -33.0574 -71.6149
646 -33.0574 -71.6149
57 -33.0572 -71.6148
668 -33.0571 -71.6148
127 -33.0566 -71.6149
18 -33.0567 -71.6148
765 -33.0567 -71.6147
686 -33.0569 -71.6147
20 -33.0574 -71.6144
467 -33.0575 -71.614
619 -33.0575 -71.6138
154 -33.0571 -71.6135
413 -33.0568 -71.6147
962 -33.0569 -71.6134
591 -33.0568 -71.6133
636 -33.0566 -71.6133
747 -33.0588 -71.6129
354 -33.0589 -71.6129
43 -33.0589 -71.6129
917 -33.0585 -71.613
368 -33.0583 -71.613
579 -33.0584 -71.613
523 -33.058 -71.613
576 -33.0589 -71.6129
326 -33.0593 -71.6129
790 -33.0594 -71.6129
19 -33.0594 -71.6129
414 -33.0591 -71.6129
420 -33.0591 -71.6129
298 -33.0577 -71.6129
872 -33.0582 -71.6128
238 -33.0576 -71.6129
967 -33.0574 -71.6128
237 -33.0574 -71.6128
305 -33.0572 -71.6128
209 -33.0569 -71.6126
563 -33.0569 -71.6126
51 -33.0568 -71.6126
642 -33.0568 -71.6126
366 -33.0568 -71.6126
751 -33.0567 -71.6126
627 -33.0567 -71.6125
307 -33.0567 -71.6125
958 -33.0567 -71.6125
52 -33.0566 -71.6125
402 -33.0566 -71.6125
963 -33.0565 -71.6149
773 -33.0557 -71.6131
61 -33.056 -71.6131
175 -33.0563 -71.6131
571 -33.0557 -71.6131
274 -33.0556 -71.6131
424 -33.0554 -71.6131
512 -33.0551 -71.6131
452 -33.0564 -71.6124
733 -33.0564 -71.6124
197 -33.0554 -71.6124
173 -33.0563 -71.6124
909 -33.0553 -71.6124
674 -33.0552 -71.6124
848 -33.0552 -71.6124
916 -33.0551 -71.6124
7 -33.055 -71.6131
797 -33.0549 -71.613
506 -33.0549 -71.6129
40 -33.0548 -71.6129
49 -33.0546 -71.6127
171 -33.0544 -71.6148
711 -33.0541 -71.6146
611 -33.0541 -71.6146
212 -33.0543 -71.6125
23 -33.0549 -71.6124
387 -33.0549 -71.6124
577 -33.0549 -71.6124
789 -33.0549 -71.6124
252 -33.0549 -71.6124
272 -33.0547 -71.6124
303 -33.0555 -71.6124
12 -33.0561 -71.6123
480 -33.0561 -71.6123
927 -33.056 -71.6123
676 -33.0556 -71.6123
295 -33.0556 -71.6123
310 -33.0545 -71.6123
160 -33.0545 -71.6123
35 -33.0559 -71.6123
679 -33.0559 -71.6123
214 -33.0559 -71.6123
351 -33.0558 -71.6123
14 -33.0558 -71.6123
15 -33.0557 -71.6123
29 -33.0557 -71.6123
228 -33.0545 -71.6122
998 -33.0544 -71.6123
649 -33.0543 -71.6123
601 -33.0543 -71.6123
603 -33.0543 -71.6123
347 -33.0542 -71.6123
386 -33.0542 -71.6123
224 -33.0541 -71.6123
986 -33.0541 -71.6123
742 -33.0541 -71.6123
551 -33.0542 -71.6122
575 -33.0542 -71.6122
22 -33.0543 -71.6122
89 -33.0542 -71.6122
645 -33.0541 -71.6123
309 -33.0539 -71.6122
550 -33.0539 -71.6198
142 -33.0538 -71.6197
85 -33.0538 -71.6197
647 -33.0537 -71.6196
115 -33.0536 -71.6196
796 -33.0536 -71.6196
497 -33.0536 -71.6196
5 -33.0536 -71.6196
890 -33.0536 -71.6196
930 -33.0539 -71.6188
266 -33.0538 -71.6188
253 -33.0538 -71.6188
487 -33.0536 -71.6188
226 -33.0535 -71.6196
678 -33.0535 -71.6191
260 -33.0535 -71.6189
327 -33.0535 -71.6193
38 -33.0535 -71.6194
315 -33.0535 -71.6194
500 -33.0535 -71.6193
703 -33.0535 -71.6195
250 -33.0533 -71.6188
17 -33.0533 -71.6188
393 -33.0533 -71.6188
614 -33.0534 -71.6188
727 -33.0534 -71.6188
632 -33.0534 -71.6188
163 -33.0531 -71.6187
852 -33.0531 -71.6187
128 -33.053 -71.6187
830 -33.053 -71.6187
504 -33.053 -71.6187
111 -33.053 -71.6187
262 -33.0538 -71.6184
116 -33.0538 -71.6184
340 -33.0539 -71.6184
399 -33.0538 -71.6184
144 -33.0529 -71.6187
597 -33.0528 -71.6187
412 -33.0525 -71.6186
908 -33.0537 -71.6165
946 -33.0535 -71.6164
795 -33.0528 -71.6159
320 -33.0529 -71.6157
93 -33.0527 -71.6158
148 -33.0526 -71.6158
430 -33.0525 -71.6157
385 -33.0524 -71.6157
859 -33.0521 -71.6185
999 -33.052 -71.6185
364 -33.0518 -71.6184
904 -33.0518 -71.6184
130 -33.0514 -71.6184
165 -33.0513 -71.6184
983 -33.0511 -71.6182
10 -33.0511 -71.6182
949 -33.051 -71.6182
263 -33.0504 -71.6158
529 -33.0505 -71.6157
712 -33.0505 -71.6157
453 -33.0503 -71.6158
239 -33.0503 -71.6158
416 -33.05 -71.6157
573 -33.0499 -71.6157
101 -33.0497 -71.6201
633 -33.0492 -71.6183
447 -33.0491 -71.6181
34 -33.0489 -71.6179
360 -33.0485 -71.6182
80 -33.0486 -71.6179
485 -33.0486 -71.6178
935 -33.0488 -71.6178
708 -33.0499 -71.6178
511 -33.0497 -71.6177
427 -33.0489 -71.6176
493 -33.0487 -71.6177
764 -33.0487 -71.6176
509 -33.0487 -71.6176
583 -33.0487 -71.6176
718 -33.0485 -71.6182
277 -33.0483 -71.6188
802 -33.0483 -71.6188
322 -33.0483 -71.6188
139 -33.0483 -71.6189
205 -33.0482 -71.6189
938 -33.0483 -71.6189
820 -33.0483 -71.6189
735 -33.0483 -71.6187
988 -33.0484 -71.6186
222 -33.0484 -71.6185
516 -33.0484 -71.6185
696 -33.0484 -71.6187
220 -33.0475 -71.6176
784 -33.0475 -71.6175
911 -33.0488 -71.6175
763 -33.0495 -71.6162
605 -33.0496 -71.616
155 -33.0496 -71.616
794 -33.0495 -71.6162
610 -33.049 -71.6167
635 -33.0491 -71.6165
157 -33.0495 -71.6163
639 -33.0497 -71.6159
333 -33.0497 -71.6158
170 -33.0498 -71.6157
889 -33.0499 -71.6157
113 -33.0497 -71.6158
716 -33.0492 -71.6159
694 -33.0492 -71.6158
383 -33.0492 -71.6158
530 -33.049 -71.6167
9 -33.0488 -71.6173
939 -33.0488 -71.6172
755 -33.0489 -71.6171
644 -33.0488 -71.6173
484 -33.0488 -71.6174
732 -33.0488 -71.6173
982 -33.0476 -71.6173
55 -33.0489 -71.617
722 -33.049 -71.6167
152 -33.049 -71.6167
724 -33.048 -71.6157
827 -33.0479 -71.616
88 -33.0478 -71.6167
643 -33.0479 -71.6163
756 -33.0524 -71.6157
992 -33.0538 -71.6156
812 -33.0538 -71.6156
892 -33.0537 -71.6156
721 -33.0535 -71.6155
783 -33.0524 -71.6156
565 -33.053 -71.6156
860 -33.053 -71.6156
864 -33.0535 -71.6155
545 -33.0535 -71.6155
787 -33.0534 -71.6155
585 -33.0532 -71.614
835 -33.053 -71.6139
739 -33.0528 -71.6137
100 -33.0527 -71.6137
749 -33.0523 -71.6134
659 -33.0521 -71.6133
75 -33.0518 -71.6156
496 -33.0517 -71.6156
195 -33.0516 -71.6156
304 -33.0515 -71.6156
106 -33.0513 -71.6156
574 -33.0513 -71.6156
688 -33.0512 -71.6156
850 -33.0512 -71.6156
884 -33.0511 -71.6156
572 -33.051 -71.6156
13 -33.0509 -71.6156
191 -33.0508 -71.6155
273 -33.0508 -71.6155
174 -33.0507 -71.6155
652 -33.0507 -71.6155
24 -33.0517 -71.6131
151 -33.0537 -71.6122
759 -33.0537 -71.6122
905 -33.0537 -71.6122
102 -33.0536 -71.6122
108 -33.0535 -71.6122
208 -33.0535 -71.6122
200 -33.0534 -71.6122
202 -33.0534 -71.6122
615 -33.0533 -71.6122
70 -33.0531 -71.6121
334 -33.0531 -71.6121
837 -33.053 -71.6121
801 -33.0529 -71.6121
87 -33.0528 -71.6121
661 -33.0528 -71.6121
725 -33.0527 -71.6121
964 -33.0517 -71.6131
494 -33.0513 -71.6131
27 -33.0511 -71.6131
74 -33.0511 -71.6131
683 -33.0509 -71.6131
133 -33.0509 -71.6131
345 -33.0508 -71.6131
401 -33.0506 -71.6131
638 -33.0511 -71.6122
894 -33.0511 -71.6122
877 -33.0527 -71.6121
666 -33.0511 -71.6123
278 -33.0511 -71.613
920 -33.0511 -71.6124
692 -33.0505 -71.6155
900 -33.0505 -71.6156
897 -33.0494 -71.6144
868 -33.0495 -71.6141
213 -33.0494 -71.6144
440 -33.0493 -71.6151
206 -33.0493 -71.6149
318 -33.0494 -71.6145
36 -33.0495 -71.6141
854 -33.0495 -71.6138
586 -33.0496 -71.6138
612 -33.0496 -71.6134
834 -33.0495 -71.6139
394 -33.0495 -71.614
660 -33.0495 -71.614
631 -33.0495 -71.6139
283 -33.0493 -71.6153
799 -33.0492 -71.6156
901 -33.0493 -71.6154
48 -33.0484 -71.6143
553 -33.0484 -71.6144
968 -33.0481 -71.6153
793 -33.0482 -71.6151
972 -33.0482 -71.6151
933 -33.0484 -71.6143
853 -33.0486 -71.6135
140 -33.0486 -71.6135
941 -33.0486 -71.6133
604 -33.0484 -71.6141
348 -33.0484 -71.6142
81 -33.0484 -71.6142
862 -33.0486 -71.6133
758 -33.0503 -71.613
337 -33.0502 -71.613
353 -33.0501 -71.613
44 -33.0501 -71.613
302 -33.0497 -71.6131
374 -33.0497 -71.6131
462 -33.0497 -71.6131
77 -33.0497 -71.6129
780 -33.0499 -71.6129
234 -33.0498 -71.6123
680 -33.0498 -71.6122
701 -33.0498 -71.6123
54 -33.0498 -71.6129
637 -33.0498 -71.6126
0 -33.0498 -71.6125
432 -33.0497 -71.6132
84 -33.0487 -71.6129
31 -33.0496 -71.6129
851 -33.0494 -71.6129
855 -33.0487 -71.6129
435 -33.0487 -71.6132
50 -33.0487 -71.6132
314 -33.0487 -71.613
541 -33.0488 -71.6128
218 -33.0488 -71.6126
960 -33.0488 -71.6125
515 -33.0489 -71.6121
519 -33.0488 -71.6126
778 -33.0488 -71.6128
436 -33.0488 -71.6128
265 -33.0526 -71.6121
970 -33.0594 -71.6105
748 -33.0578 -71.6103
259 -33.0575 -71.6101
72 -33.0575 -71.6101
26 -33.0561 -71.6102
569 -33.0564 -71.6101
463 -33.0574 -71.61
866 -33.0566 -71.61
384 -33.057 -71.6098
132 -33.0581 -71.609
535 -33.0571 -71.6088
886 -33.0569 -71.6098
606 -33.0568 -71.6097
876 -33.0568 -71.6097
874 -33.056 -71.609
558 -33.056 -71.6095
190 -33.0556 -71.6105
187 -33.0553 -71.6104
510 -33.0559 -71.6095
2 -33.0551 -71.61
600 -33.0544 -71.612
97 -33.0545 -71.6105
815 -33.0546 -71.6085
182 -33.0545 -71.6085
404 -33.0545 -71.6085
856 -33.0545 -71.6085
832 -33.0545 -71.6085
365 -33.0544 -71.6085
669 -33.0544 -71.6085
349 -33.0544 -71.6085
624 -33.0544 -71.6085
236 -33.0546 -71.6085
362 -33.0582 -71.6084
454 -33.0582 -71.6084
540 -33.0559 -71.6084
714 -33.055 -71.6082
471 -33.0549 -71.6083
951 -33.0549 -71.6083
136 -33.055 -71.6082
167 -33.055 -71.6082
400 -33.0578 -71.6082
11 -33.0579 -71.6082
461 -33.0578 -71.6082
335 -33.0577 -71.6082
836 -33.0551 -71.6082
126 -33.0551 -71.6082
468 -33.0551 -71.6081
981 -33.0549 -71.6083
369 -33.0547 -71.6084
704 -33.0547 -71.6084
460 -33.0548 -71.6084
56 -33.0547 -71.6084
990 -33.0547 -71.6085
741 -33.0547 -71.6085
653 -33.0547 -71.6085
752 -33.0548 -71.6084
398 -33.0548 -71.6084
502 -33.0548 -71.6083
757 -33.0549 -71.6083
785 -33.0548 -71.6084
966 -33.0548 -71.6084
671 -33.0548 -71.6084
417 -33.0544 -71.6085
885 -33.0544 -71.612
204 -33.0543 -71.6119
211 -33.0543 -71.6119
343 -33.0543 -71.6118
863 -33.0542 -71.6118
324 -33.0541 -71.6116
593 -33.0541 -71.6116
734 -33.0541 -71.6115
421 -33.054 -71.6114
227 -33.0539 -71.6113
681 -33.054 -71.6105
607 -33.0539 -71.6113
771 -33.0539 -71.6113
936 -33.0539 -71.6113
498 -33.0539 -71.6112
141 -33.0539 -71.6112
943 -33.0538 -71.6113
235 -33.0538 -71.6112
68 -33.0537 -71.6112
821 -33.0537 -71.6109
433 -33.0536 -71.6113
931 -33.0537 -71.6113
143 -33.0537 -71.6109
861 -33.0536 -71.6107
268 -33.0537 -71.6105
745 -33.0537 -71.6105
395 -33.0536 -71.6085
103 -33.0536 -71.6085
993 -33.0536 -71.6085
230 -33.0536 -71.6085
544 -33.0536 -71.6085
673 -33.0543 -71.6085
284 -33.0543 -71.6085
770 -33.0543 -71.6085
125 -33.0543 -71.6085
192 -33.0542 -71.6085
243 -33.0542 -71.6085
845 -33.0542 -71.6085
71 -33.0542 -71.6085
505 -33.0542 -71.6085
882 -33.0542 -71.6085
325 -33.0541 -71.6085
16 -33.0541 -71.6085
294 -33.0541 -71.6085
736 -33.0541 -71.6085
172 -33.0541 -71.6085
199 -33.0541 -71.6085
782 -33.0537 -71.6085
556 -33.0537 -71.6085
321 -33.054 -71.6085
375 -33.0537 -71.6085
287 -33.0537 -71.6085
390 -33.0537 -71.6085
120 -33.0537 -71.6085
788 -33.054 -71.6085
319 -33.054 -71.6085
229 -33.054 -71.6085
357 -33.0539 -71.6085
997 -33.0538 -71.6085
675 -33.0538 -71.6085
811 -33.0538 -71.6085
469 -33.058 -71.6081
499 -33.0581 -71.6081
332 -33.0581 -71.6081
977 -33.0583 -71.608
79 -33.0581 -71.6081
929 -33.0577 -71.6081
657 -33.0577 -71.6081
934 -33.058 -71.6081
581 -33.0584 -71.608
528 -33.059 -71.6079
474 -33.0596 -71.6078
280 -33.059 -71.6077
925 -33.0589 -71.6077
672 -33.0585 -71.6079
903 -33.0586 -71.6079
159 -33.0589 -71.6077
700 -33.0576 -71.6081
473 -33.0575 -71.6081
285 -33.0575 -71.6081
912 -33.0574 -71.6081
705 -33.0574 -71.6081
225 -33.0572 -71.608
438 -33.0571 -71.608
168 -33.0571 -71.608
858 -33.0571 -71.608
888 -33.0571 -71.608
740 -33.057 -71.608
282 -33.0569 -71.608
46 -33.0569 -71.608
422 -33.0569 -71.608
833 -33.0569 -71.608
555 -33.0568 -71.608
419 -33.059 -71.6077
677 -33.0595 -71.6077
300 -33.0599 -71.6077
808 -33.0596 -71.6076
281 -33.0592 -71.6074
63 -33.059 -71.6077
311 -33.0582 -71.6067
112 -33.0588 -71.6065
491 -33.059 -71.6065
331 -33.0591 -71.6065
291 -33.0595 -71.6064
441 -33.06 -71.6045
147 -33.059 -71.6042
525 -33.0585 -71.6064
90 -33.0582 -71.6043
870 -33.0589 -71.6041
924 -33.0579 -71.6045
613 -33.0574 -71.6075
411 -33.0575 -71.6069
223 -33.0574 -71.6068
477 -33.0572 -71.607
922 -33.0569 -71.6071
83 -33.0571 -71.607
873 -33.0571 -71.607
296 -33.0577 -71.6068
129 -33.0577 -71.6068
513 -33.0577 -71.6068
527 -33.0577 -71.6068
768 -33.0576 -71.6049
196 -33.0571 -71.6047
221 -33.0576 -71.6047
138 -33.0568 -71.608
944 -33.0568 -71.608
478 -33.0568 -71.608
592 -33.0567 -71.608
810 -33.0566 -71.608
772 -33.0566 -71.608
980 -33.0566 -71.608
918 -33.0566 -71.608
219 -33.0566 -71.608
662 -33.0565 -71.608
723 -33.0565 -71.608
878 -33.0565 -71.608
489 -33.0564 -71.608
715 -33.0563 -71.608
458 -33.0563 -71.608
378 -33.0563 -71.608
753 -33.0563 -71.608
158 -33.0552 -71.6081
137 -33.0552 -71.6081
952 -33.0553 -71.608
690 -33.0552 -71.6081
328 -33.0552 -71.6081
846 -33.0552 -71.6081
316 -33.0552 -71.6081
840 -33.0553 -71.608
470 -33.0563 -71.608
664 -33.0563 -71.608
706 -33.0554 -71.608
626 -33.0554 -71.608
183 -33.0553 -71.608
923 -33.0553 -71.608
32 -33.0554 -71.6079
156 -33.0561 -71.6079
73 -33.0561 -71.6079
62 -33.0561 -71.6079
350 -33.056 -71.6079
503 -33.056 -71.6076
622 -33.0559 -71.6076
261 -33.0559 -71.6076
843 -33.056 -71.6075
472 -33.0567 -71.6072
857 -33.0568 -71.6072
78 -33.0567 -71.6046
769 -33.0564 -71.6073
984 -33.0562 -71.6075
825 -33.0562 -71.6074
954 -33.0563 -71.6074
557 -33.0559 -71.6079
381 -33.0558 -71.6079
532 -33.0558 -71.6078
110 -33.0558 -71.6078
94 -33.0558 -71.6078
746 -33.0557 -71.6078
595 -33.0547 -71.6052
98 -33.0548 -71.6051
256 -33.0549 -71.6051
937 -33.0555 -71.6047
169 -33.0558 -71.6043
620 -33.0558 -71.6043
293 -33.055 -71.6045
957 -33.0539 -71.6047
99 -33.0548 -71.6045
276 -33.0536 -71.6086
356 -33.0535 -71.6114
391 -33.0536 -71.6114
437 -33.0536 -71.6111
372 -33.0527 -71.6116
599 -33.0524 -71.6121
655 -33.0524 -71.6121
744 -33.0522 -71.6117
738 -33.0536 -71.6111
233 -33.0535 -71.6111
82 -33.0535 -71.6111
306 -33.0535 -71.6111
185 -33.0533 -71.611
707 -33.0532 -71.6109
562 -33.0529 -71.6107
181 -33.0529 -71.6107
517 -33.0522 -71.6117
201 -33.052 -71.612
942 -33.052 -71.612
392 -33.0519 -71.612
902 -33.0519 -71.612
588 -33.0512 -71.6121
275 -33.0516 -71.612
449 -33.0515 -71.612
996 -33.0514 -71.612
621 -33.0515 -71.6119
915 -33.0518 -71.6118
336 -33.0519 -71.6118
33 -33.0514 -71.6114
805 -33.0512 -71.6119
186 -33.0512 -71.6119
180 -33.0513 -71.6119
91 -33.0529 -71.6107
625 -33.0529 -71.6107
658 -33.0529 -71.6107
415 -33.0536 -71.6105
534 -33.0529 -71.6107
203 -33.0527 -71.6104
623 -33.0527 -71.6104
867 -33.0527 -71.6103
382 -33.0526 -71.6103
791 -33.0524 -71.61
566 -33.0524 -71.6099
299 -33.0532 -71.6098
536 -33.0523 -71.6098
429 -33.0523 -71.6098
161 -33.0523 -71.6097
270 -33.0522 -71.6097
906 -33.0522 -71.6095
841 -33.0512 -71.6099
969 -33.0513 -71.6098
95 -33.0514 -71.6097
246 -33.0512 -71.6099
974 -33.051 -71.6101
338 -33.0511 -71.61
898 -33.0511 -71.61
451 -33.0514 -71.6097
352 -33.0516 -71.6095
508 -33.0521 -71.6095
543 -33.0516 -71.6095
131 -33.0515 -71.6096
330 -33.0515 -71.6097
684 -33.0515 -71.6096
524 -33.051 -71.6101
240 -33.0499 -71.6116
64 -33.05 -71.6115
654 -33.05 -71.6114
363 -33.0499 -71.6116
481 -33.0499 -71.6118
828 -33.0499 -71.6117
425 -33.0499 -71.6117
847 -33.0499 -71.6113
522 -33.05 -71.6112
665 -33.05 -71.6112
709 -33.05 -71.6112
548 -33.05 -71.6112
207 -33.05 -71.6113
76 -33.05 -71.6112
444 -33.05 -71.6112
956 -33.0499 -71.6119
457 -33.0499 -71.612
153 -33.0497 -71.6112
178 -33.0496 -71.6112
807 -33.0493 -71.6112
648 -33.049 -71.6117
538 -33.049 -71.6117
728 -33.0491 -71.6115
119 -33.0493 -71.6112
823 -33.0493 -71.6112
231 -33.0493 -71.6112
634 -33.0493 -71.6112
418 -33.0492 -71.6112
590 -33.0492 -71.6112
248 -33.0492 -71.6112
971 -33.0492 -71.6111
379 -33.0508 -71.6102
817 -33.0507 -71.6102
766 -33.0507 -71.6102
750 -33.0507 -71.6102
58 -33.0502 -71.6102
651 -33.0502 -71.6102
526 -33.0505 -71.6102
164 -33.0506 -71.6102
439 -33.0505 -71.6102
317 -33.0504 -71.6102
539 -33.0505 -71.6102
932 -33.0504 -71.6102
465 -33.0504 -71.6101
258 -33.0503 -71.6101
428 -33.0503 -71.6101
656 -33.0502 -71.6103
596 -33.0501 -71.6107
947 -33.0501 -71.6106
96 -33.0501 -71.6106
804 -33.0501 -71.6109
86 -33.0501 -71.6109
518 -33.0501 -71.6109
685 -33.0501 -71.6109
779 -33.0501 -71.6106
329 -33.0501 -71.6105
719 -33.0501 -71.6105
342 -33.0501 -71.6105
312 -33.0501 -71.6105
241 -33.0501 -71.6106
899 -33.0494 -71.6103
926 -33.0516 -71.6095
737 -33.0534 -71.6087
670 -33.0535 -71.6085
244 -33.0534 -71.6085
8 -33.0534 -71.6085
578 -33.0531 -71.6093
910 -33.0532 -71.609
242 -33.0533 -71.6089
975 -33.0533 -71.6084
371 -33.0533 -71.6084
257 -33.0532 -71.6084
232 -33.0532 -71.6084
339 -33.0531 -71.6084
215 -33.0531 -71.6084
813 -33.0531 -71.6084
839 -33.053 -71.6083
564 -33.0529 -71.6083
567 -33.0522 -71.6084
6 -33.0522 -71.6084
184 -33.0522 -71.6083
289 -33.0522 -71.6084
41 -33.0521 -71.6087
552 -33.0521 -71.6086
616 -33.0521 -71.6086
921 -33.0522 -71.6083
731 -33.0528 -71.6083
65 -33.0528 -71.6082
358 -33.0528 -71.6082
267 -33.0527 -71.6082
667 -33.0522 -71.6082
397 -33.0526 -71.6082
193 -33.0526 -71.6082
122 -33.0526 -71.6082
245 -33.0526 -71.6082
989 -33.0526 -71.6082
895 -33.0526 -71.6082
720 -33.0526 -71.6082
691 -33.0526 -71.6082
806 -33.0525 -71.6082
247 -33.0525 -71.6082
308 -33.0526 -71.6082
406 -33.0534 -71.6064
1 -33.0535 -71.6047
30 -33.0528 -71.6047
826 -33.0528 -71.6047
887 -33.0525 -71.6082
388 -33.0525 -71.6082
21 -33.0524 -71.6081
194 -33.0524 -71.6081
554 -33.0524 -71.6081
682 -33.0523 -71.6081
628 -33.0523 -71.6081
67 -33.0523 -71.6081
871 -33.0522 -71.6082
359 -33.0522 -71.6082
875 -33.0523 -71.6081
264 -33.0523 -71.6081
410 -33.0523 -71.6081
913 -33.0522 -71.6079
492 -33.0522 -71.6075
896 -33.0522 -71.6074
776 -33.0522 -71.6074
800 -33.0521 -71.6072
893 -33.0521 -71.6087
914 -33.0521 -71.6094
617 -33.0521 -71.6094
995 -33.052 -71.6093
953 -33.0519 -71.6092
777 -33.0518 -71.6093
570 -33.0518 -71.6093
594 -33.0518 -71.6093
135 -33.0519 -71.6092
104 -33.052 -71.6089
689 -33.052 -71.6089
445 -33.052 -71.6088
609 -33.052 -71.6089
37 -33.0519 -71.6092
717 -33.0519 -71.6091
490 -33.052 -71.609
45 -33.0518 -71.6093
630 -33.0517 -71.6094
426 -33.0517 -71.6094
443 -33.0518 -71.6094
699 -33.0517 -71.6094
396 -33.0516 -71.6095
114 -33.0516 -71.6095
584 -33.0517 -71.6094
695 -33.05 -71.6091
188 -33.0515 -71.6088
59 -33.0515 -71.6088
568 -33.0515 -71.6088
865 -33.0504 -71.6088
985 -33.0499 -71.6091
4 -33.0504 -71.609
380 -33.0515 -71.6088
965 -33.052 -71.6088
959 -33.0521 -71.6087
618 -33.0513 -71.6087
346 -33.0511 -71.6086
663 -33.0508 -71.6085
344 -33.051 -71.6085
507 -33.0511 -71.6085
39 -33.0513 -71.6084
121 -33.0517 -71.6081
514 -33.0519 -71.6067
149 -33.052 -71.6048
650 -33.0517 -71.6082
47 -33.0514 -71.6083
28 -33.0515 -71.6083
781 -33.0516 -71.6082
928 -33.0508 -71.6085
702 -33.0505 -71.6085
824 -33.0507 -71.6085
459 -33.0507 -71.6085
486 -33.0505 -71.6085
288 -33.0504 -71.6088
798 -33.0505 -71.6087
249 -33.0505 -71.6086
729 -33.0506 -71.6085
559 -33.0506 -71.6085
3 -33.0506 -71.6085
792 -33.0506 -71.6085
814 -33.0505 -71.6085
162 -33.0504 -71.6085
533 -33.0496 -71.6043
