301 -33.0578 -71.6178
549 -33.0586 -71.6172
978 -33.0593 -71.6168
698 -33.0574 -71.6181
809 -33.0572 -71.6183
455 -33.0573 -71.6182
754 -33.0574 -71.6181
367 -33.0584 -71.6163
189 -33.0584 -71.6162
475 -33.0612 -71.6159
686 -33.0583 -71.6151
467 -33.058 -71.615
619 -33.0576 -71.6154
127 -33.058 -71.615
582 -33.0579 -71.615
760 -33.0572 -71.6183
271 -33.057 -71.6183
456 -33.0569 -71.6183
803 -33.0568 -71.6183
907 -33.0565 -71.6167
838 -33.0565 -71.6182
198 -33.0564 -71.6181
290 -33.0563 -71.6181
446 -33.0563 -71.6164
580 -33.0564 -71.615
442 -33.0564 -71.615
134 -33.0565 -71.6149
146 -33.0564 -71.615
423 -33.0562 -71.6161
403 -33.0562 -71.6161
216 -33.0562 -71.6159
154 -33.0574 -71.6149
994 -33.0592 -71.6149
413 -33.0583 -71.6149
483 -33.0594 -71.6149
450 -33.0577 -71.6149
407 -33.0576 -71.6149
537 -33.0573 -71.6149
251 -33.0573 -71.6148
408 -33.0572 -71.6148
646 -33.0588 -71.6148
818 -33.0589 -71.6147
879 -33.0589 -71.6147
286 -33.0588 -71.6148
476 -33.0573 -71.6148
57 -33.0585 -71.6147
743 -33.0573 -71.6147
370 -33.0572 -71.6148
955 -33.0572 -71.6148
726 -33.0571 -71.6148
279 -33.057 -71.6148
269 -33.0567 -71.6148
816 -33.0565 -71.6149
881 -33.0565 -71.6149
376 -33.0566 -71.6148
123 -33.057 -71.6148
255 -33.0569 -71.6148
107 -33.0569 -71.6147
602 -33.0568 -71.6147
693 -33.0568 -71.6147
762 -33.0567 -71.6147
520 -33.0568 -71.6147
587 -33.0562 -71.6159
767 -33.0562 -71.6181
466 -33.056 -71.618
179 -33.0557 -71.6179
166 -33.0556 -71.6179
495 -33.0555 -71.6179
880 -33.0553 -71.6178
323 -33.0554 -71.6176
547 -33.0556 -71.6171
713 -33.0557 -71.6167
973 -33.0557 -71.6167
844 -33.0557 -71.6166
377 -33.0557 -71.6168
210 -33.0556 -71.6169
891 -33.0556 -71.6169
775 -33.0557 -71.6168
687 -33.0552 -71.6178
849 -33.0551 -71.6217
629 -33.0551 -71.6214
409 -33.055 -71.6208
177 -33.0549 -71.6182
266 -33.0549 -71.6184
253 -33.0549 -71.6183
930 -33.0549 -71.6182
262 -33.055 -71.618
431 -33.0551 -71.6179
831 -33.0551 -71.6178
448 -33.0552 -71.6178
116 -33.055 -71.6179
399 -33.055 -71.618
340 -33.055 -71.6179
908 -33.0549 -71.6174
434 -33.0557 -71.6166
919 -33.056 -71.6162
373 -33.0561 -71.6158
819 -33.056 -71.6156
488 -33.056 -71.6155
355 -33.0559 -71.6163
730 -33.0559 -71.6159
145 -33.056 -71.6158
69 -33.0559 -71.6154
150 -33.056 -71.6153
105 -33.0561 -71.6152
405 -33.0561 -71.6152
542 -33.056 -71.6153
361 -33.056 -71.6153
641 -33.056 -71.6153
42 -33.056 -71.6153
341 -33.0558 -71.6164
761 -33.0557 -71.6165
546 -33.0556 -71.6159
254 -33.0555 -71.6159
292 -33.0554 -71.6158
117 -33.0554 -71.6158
812 -33.0552 -71.6158
992 -33.0552 -71.6158
892 -33.0551 -71.6158
171 -33.0556 -71.6156
711 -33.0554 -71.6154
611 -33.0554 -71.6154
721 -33.055 -71.6158
864 -33.0549 -71.6158
545 -33.0549 -71.6158
962 -33.0573 -71.6147
945 -33.0603 -71.6143
774 -33.0594 -71.6141
531 -33.0594 -71.6141
640 -33.059 -71.6145
60 -33.0589 -71.6146
869 -33.059 -71.6146
608 -33.059 -71.6145
501 -33.0594 -71.6141
297 -33.0597 -71.6137
976 -33.0603 -71.613
482 -33.0603 -71.613
561 -33.0596 -71.6138
950 -33.0588 -71.6141
464 -33.0589 -71.6141
20 -33.0584 -71.6136
124 -33.0584 -71.613
948 -33.0582 -71.6142
668 -33.0578 -71.6139
521 -33.0583 -71.6134
591 -33.0576 -71.6134
18 -33.0575 -71.614
765 -33.0575 -71.6139
175 -33.0575 -71.6139
51 -33.0582 -71.613
642 -33.0582 -71.613
366 -33.0582 -71.613
209 -33.0583 -71.613
751 -33.0582 -71.613
307 -33.0581 -71.613
627 -33.0581 -71.613
958 -33.0581 -71.613
52 -33.058 -71.613
118 -33.0604 -71.6129
414 -33.06 -71.6128
747 -33.0603 -71.6128
917 -33.0599 -71.6128
19 -33.0594 -71.6129
523 -33.0594 -71.6129
579 -33.0598 -71.6128
354 -33.0603 -71.6128
420 -33.0605 -71.6128
326 -33.0607 -71.6126
790 -33.0608 -71.6125
43 -33.0604 -71.6128
576 -33.0603 -71.6128
368 -33.0595 -71.6127
991 -33.0595 -71.6126
238 -33.0589 -71.6129
305 -33.0587 -71.613
237 -33.0588 -71.6129
967 -33.0589 -71.6129
402 -33.058 -71.613
452 -33.0579 -71.6129
733 -33.0577 -71.6129
173 -33.0576 -71.6129
563 -33.0582 -71.6129
842 -33.0583 -71.6126
560 -33.0583 -71.6126
298 -33.0588 -71.6124
872 -33.0583 -71.6127
12 -33.0575 -71.6128
480 -33.0575 -71.6128
963 -33.0575 -71.6141
389 -33.0574 -71.6146
636 -33.0574 -71.6143
822 -33.0574 -71.6142
61 -33.0573 -71.6137
773 -33.0571 -71.6135
571 -33.0571 -71.6135
274 -33.057 -71.6134
927 -33.0574 -71.6128
35 -33.0573 -71.6128
214 -33.0573 -71.6128
679 -33.0573 -71.6128
351 -33.0572 -71.6128
14 -33.0572 -71.6127
29 -33.0571 -71.6127
15 -33.0571 -71.6127
676 -33.0569 -71.6126
424 -33.0568 -71.6133
512 -33.0566 -71.6132
7 -33.0565 -71.6132
797 -33.0564 -71.6131
212 -33.0556 -71.6131
49 -33.0559 -71.6131
506 -33.0562 -71.6131
40 -33.0562 -71.6131
295 -33.0569 -71.6126
303 -33.0569 -71.6126
197 -33.0568 -71.6126
89 -33.0553 -71.6131
551 -33.0552 -71.6131
228 -33.0549 -71.613
909 -33.0567 -71.6126
674 -33.0566 -71.6125
848 -33.0566 -71.6125
916 -33.0565 -71.6125
387 -33.0564 -71.6124
789 -33.0564 -71.6124
23 -33.0564 -71.6124
577 -33.0563 -71.6124
252 -33.0563 -71.6124
272 -33.0561 -71.6123
310 -33.0559 -71.6123
160 -33.0559 -71.6123
998 -33.0558 -71.6123
347 -33.0557 -71.6123
601 -33.0557 -71.6123
649 -33.0558 -71.6123
603 -33.0557 -71.6123
22 -33.0553 -71.6124
151 -33.0552 -71.6124
309 -33.0554 -71.6124
759 -33.0552 -71.6124
905 -33.0551 -71.6124
102 -33.0551 -71.6124
108 -33.0549 -71.6124
208 -33.0549 -71.6124
986 -33.0556 -71.6123
386 -33.0556 -71.6123
224 -33.0556 -71.6123
742 -33.0556 -71.6123
575 -33.0554 -71.6124
645 -33.0555 -71.6124
487 -33.0548 -71.6186
92 -33.0546 -71.6202
710 -33.0546 -71.6202
500 -33.0546 -71.6189
327 -33.0546 -71.6189
987 -33.0545 -71.6202
25 -33.0544 -71.6201
315 -33.0545 -71.6189
38 -33.0545 -71.6189
703 -33.0544 -71.6189
226 -33.0543 -71.6189
678 -33.0548 -71.6189
890 -33.0543 -71.6189
497 -33.0543 -71.6189
115 -33.0542 -71.6189
5 -33.0543 -71.6189
647 -33.0542 -71.6189
598 -33.0542 -71.62
589 -33.0541 -71.6199
786 -33.054 -71.6199
829 -33.0539 -71.6198
979 -33.0538 -71.6197
883 -33.0535 -71.6195
109 -33.0535 -71.6194
217 -33.0535 -71.6191
796 -33.0542 -71.6189
85 -33.0541 -71.6189
142 -33.0541 -71.6189
961 -33.0535 -71.6189
697 -33.0535 -71.6191
479 -33.0535 -71.6191
53 -33.0535 -71.6189
550 -33.054 -71.6189
260 -33.0548 -71.6188
17 -33.0545 -71.6184
393 -33.0545 -71.6184
163 -33.0543 -71.6184
830 -33.0542 -71.6184
128 -33.0543 -71.6184
852 -33.0543 -71.6184
250 -33.0546 -71.6184
632 -33.0547 -71.6184
946 -33.0547 -71.6173
787 -33.0548 -71.6157
727 -33.0547 -71.6184
614 -33.0547 -71.6184
565 -33.0543 -71.6157
860 -33.0543 -71.6157
504 -33.0542 -71.6184
66 -33.0539 -71.6188
176 -33.0538 -71.6188
940 -33.0538 -71.6188
313 -33.0536 -71.6188
999 -33.0534 -71.6188
364 -33.0532 -71.6188
904 -33.0532 -71.6188
859 -33.0535 -71.6187
144 -33.0541 -71.6184
111 -33.0542 -71.6184
320 -33.0542 -71.6157
795 -33.054 -71.6156
412 -33.0538 -71.6184
597 -33.054 -71.6184
496 -33.0529 -71.6157
130 -33.0528 -71.6187
165 -33.0528 -71.6187
983 -33.0524 -71.6186
10 -33.0524 -71.6186
949 -33.0524 -71.6186
101 -33.0494 -71.6185
708 -33.0512 -71.6183
511 -33.0511 -71.6182
427 -33.0503 -71.6179
509 -33.0501 -71.6178
911 -33.0495 -71.6163
764 -33.0494 -71.6164
516 -33.0493 -71.6176
34 -33.0491 -71.6164
80 -33.0491 -71.6162
360 -33.049 -71.6165
802 -33.0488 -71.6172
277 -33.0488 -71.6172
322 -33.0488 -71.6172
139 -33.0488 -71.6172
205 -33.0488 -71.6174
820 -33.0488 -71.6173
938 -33.0488 -71.6173
735 -33.0489 -71.6171
633 -33.049 -71.6169
447 -33.049 -71.6167
718 -33.049 -71.6166
222 -33.0489 -71.617
696 -33.0489 -71.6171
988 -33.0489 -71.617
485 -33.0491 -71.6162
106 -33.0527 -71.6158
304 -33.0529 -71.6158
195 -33.0529 -71.6158
574 -33.0527 -71.6158
850 -33.0526 -71.6158
688 -33.0526 -71.6158
884 -33.0525 -71.6157
572 -33.0524 -71.6157
174 -33.0522 -71.6157
13 -33.0524 -71.6156
191 -33.0523 -71.6156
652 -33.0522 -71.6157
273 -33.0522 -71.6157
692 -33.0519 -71.6156
900 -33.0519 -71.6156
712 -33.0518 -71.6156
644 -33.0496 -71.6161
583 -33.0492 -71.6159
484 -33.0492 -71.6157
493 -33.0491 -71.6161
935 -33.0491 -71.6162
220 -33.048 -71.6159
784 -33.048 -71.6159
635 -33.0501 -71.6157
157 -33.0505 -71.6157
610 -33.0499 -71.6157
794 -33.0505 -71.6156
9 -33.0492 -71.6157
732 -33.0492 -71.6157
982 -33.048 -71.6157
529 -33.0517 -71.6156
600 -33.0548 -71.6129
885 -33.0548 -71.6129
204 -33.0547 -71.6128
211 -33.0547 -71.6128
585 -33.0545 -71.6148
343 -33.0547 -71.6128
593 -33.0545 -71.6126
734 -33.0544 -71.6125
200 -33.0548 -71.6124
202 -33.0548 -71.6124
863 -33.0547 -71.6124
615 -33.0547 -71.6124
421 -33.0543 -71.6125
70 -33.0546 -71.6124
324 -33.0546 -71.6124
835 -33.0543 -71.6147
93 -33.0538 -71.6156
148 -33.0537 -71.6156
430 -33.0537 -71.6156
756 -33.0536 -71.6155
75 -33.0529 -71.6156
263 -33.0515 -71.6156
385 -33.0536 -71.6155
783 -33.0535 -71.6155
739 -33.0541 -71.6146
100 -33.054 -71.6145
749 -33.0535 -71.6142
659 -33.0533 -71.6141
24 -33.053 -71.6139
964 -33.053 -71.6139
494 -33.0526 -71.6136
334 -33.0545 -71.6124
837 -33.0544 -71.6123
801 -33.0544 -71.6123
87 -33.0542 -71.6123
607 -33.0542 -71.6123
661 -33.0542 -71.6123
227 -33.0542 -71.6123
771 -33.0542 -71.6123
725 -33.0541 -71.6123
437 -33.0544 -71.6122
233 -33.0544 -71.6122
306 -33.0545 -71.6122
82 -33.0544 -71.6122
498 -33.0541 -71.6123
68 -33.0542 -71.6122
738 -33.0544 -71.6122
235 -33.0541 -71.6123
877 -33.0541 -71.6123
265 -33.0541 -71.6123
599 -33.0539 -71.6122
655 -33.0538 -71.6122
201 -33.0534 -71.6122
942 -33.0534 -71.6122
392 -33.0534 -71.6122
902 -33.0533 -71.6122
275 -33.0531 -71.6121
449 -33.0529 -71.6121
996 -33.0529 -71.6121
805 -33.0526 -71.6121
186 -33.0526 -71.6121
588 -33.0525 -71.6121
453 -33.0515 -71.6156
239 -33.0514 -71.6156
416 -33.0512 -71.6156
573 -33.0511 -71.6156
889 -33.0511 -71.6156
170 -33.051 -71.6156
333 -33.0509 -71.6156
113 -33.0509 -71.6156
639 -33.0507 -71.6155
155 -33.0507 -71.6155
605 -33.0507 -71.6155
763 -33.0505 -71.6155
283 -33.0496 -71.6136
383 -33.0495 -71.6141
799 -33.0495 -71.6139
901 -33.0496 -71.6137
694 -33.0495 -71.6141
722 -33.0493 -71.6151
152 -33.0493 -71.6151
530 -33.0493 -71.615
55 -33.0493 -71.6154
939 -33.0492 -71.6156
755 -33.0493 -71.6154
88 -33.0482 -71.6151
643 -33.0483 -71.6147
716 -33.0495 -71.6142
972 -33.0486 -71.6134
793 -33.0486 -71.6134
968 -33.0486 -71.6136
827 -33.0484 -71.6144
724 -33.0484 -71.6141
440 -33.0496 -71.6134
353 -33.0515 -71.6131
54 -33.0512 -71.6131
77 -33.0511 -71.613
31 -33.0511 -71.6131
851 -33.0509 -71.6131
834 -33.0503 -71.613
394 -33.0502 -71.613
660 -33.0502 -71.613
44 -33.0511 -71.6126
337 -33.0511 -71.6125
758 -33.0511 -71.6124
780 -33.0511 -71.6128
855 -33.0502 -71.613
314 -33.0501 -71.613
586 -33.0499 -71.6121
854 -33.0499 -71.6121
206 -33.0497 -71.6132
862 -33.0497 -71.6129
318 -33.0497 -71.6129
604 -33.0492 -71.6129
81 -33.049 -71.6129
348 -33.049 -71.6129
553 -33.0488 -71.6129
213 -33.0497 -71.6128
868 -33.0498 -71.6124
36 -33.0498 -71.6124
631 -33.0498 -71.6122
897 -33.0497 -71.6128
48 -33.0488 -71.6128
933 -33.0488 -71.6127
638 -33.0524 -71.6121
72 -33.0588 -71.6105
970 -33.0608 -71.6103
362 -33.0589 -71.6095
463 -33.0587 -71.6105
748 -33.0584 -71.6113
886 -33.0582 -71.6106
606 -33.0581 -71.6105
657 -33.0583 -71.6092
474 -33.0607 -71.6087
677 -33.0607 -71.6086
63 -33.0603 -71.6083
419 -33.0603 -71.6083
454 -33.0582 -71.609
132 -33.0596 -71.6088
138 -33.0582 -71.6084
259 -33.0581 -71.6113
876 -33.058 -71.6104
866 -33.0579 -71.6103
384 -33.0577 -71.6102
569 -33.0577 -71.6102
558 -33.0574 -71.6101
26 -33.0574 -71.6101
510 -33.0573 -71.61
190 -33.057 -71.6098
489 -33.0579 -71.6082
715 -33.0578 -71.6082
723 -33.0579 -71.6082
753 -33.0577 -71.6082
874 -33.0574 -71.6088
535 -33.0575 -71.6088
470 -33.0577 -71.6082
458 -33.0577 -71.6082
219 -33.058 -71.6081
810 -33.0581 -71.6081
592 -33.0582 -71.6081
918 -33.058 -71.6081
878 -33.058 -71.6082
662 -33.058 -71.6081
772 -33.058 -71.6081
944 -33.0582 -71.6081
282 -33.0583 -71.608
903 -33.0599 -71.608
740 -33.0584 -71.608
46 -33.0583 -71.608
478 -33.0582 -71.6081
833 -33.0583 -71.608
422 -33.0583 -71.608
378 -33.0577 -71.6081
664 -33.0577 -71.6081
156 -33.0576 -71.6081
73 -33.0576 -71.6081
62 -33.0575 -71.6081
350 -33.0575 -71.6081
557 -33.0573 -71.6081
381 -33.0572 -71.608
110 -33.0572 -71.608
532 -33.0572 -71.608
94 -33.0572 -71.608
746 -33.0571 -71.608
626 -33.0568 -71.608
923 -33.0567 -71.608
183 -33.0567 -71.608
187 -33.0567 -71.61
681 -33.0555 -71.6104
97 -33.0559 -71.6103
2 -33.0563 -71.6095
745 -33.055 -71.6102
861 -33.0548 -71.6104
415 -33.055 -71.6104
268 -33.055 -71.6102
540 -33.0556 -71.6094
706 -33.056 -71.609
230 -33.0549 -71.6083
276 -33.055 -71.6083
670 -33.0549 -71.6083
737 -33.0548 -71.6084
8 -33.0548 -71.6084
244 -33.0548 -71.6083
975 -33.0547 -71.6084
821 -33.0546 -71.6105
143 -33.0546 -71.6105
257 -33.0546 -71.6085
232 -33.0546 -71.6085
185 -33.0544 -71.612
707 -33.0543 -71.6119
141 -33.0543 -71.6105
339 -33.0545 -71.6085
215 -33.0545 -71.6085
242 -33.0547 -71.6085
371 -33.0547 -71.6085
813 -33.0545 -71.6085
910 -33.0544 -71.6085
839 -33.0544 -71.6085
993 -33.055 -71.6083
952 -33.0567 -71.608
137 -33.0566 -71.608
690 -33.0565 -71.608
846 -33.0565 -71.608
815 -33.0557 -71.6081
468 -33.0565 -71.608
126 -33.0565 -71.608
328 -33.0565 -71.608
836 -33.0564 -71.608
167 -33.0564 -71.608
714 -33.0563 -71.608
172 -33.0554 -71.608
319 -33.0554 -71.608
229 -33.0554 -71.608
294 -33.0554 -71.608
321 -33.0553 -71.608
390 -33.055 -71.6082
120 -33.055 -71.6082
782 -33.055 -71.6082
395 -33.055 -71.6082
103 -33.055 -71.6083
287 -33.055 -71.6082
544 -33.055 -71.6082
375 -33.0551 -71.6082
997 -33.0551 -71.6081
357 -33.0552 -71.6081
788 -33.0553 -71.608
675 -33.0551 -71.6081
811 -33.0551 -71.6082
556 -33.0551 -71.6081
199 -33.0554 -71.608
672 -33.0598 -71.6079
159 -33.0604 -71.6077
925 -33.0604 -71.6077
581 -33.0597 -71.6079
332 -33.0595 -71.6077
499 -33.0595 -71.6077
79 -33.0594 -71.6077
977 -33.0597 -71.6077
934 -33.0594 -71.6076
469 -33.0593 -71.6076
808 -33.0608 -71.6073
11 -33.0593 -71.6076
461 -33.0591 -71.6076
400 -33.0591 -71.6076
280 -33.0591 -71.6075
335 -33.0591 -71.6077
528 -33.059 -71.6079
225 -33.0586 -71.6079
705 -33.0588 -71.6078
888 -33.0585 -71.6079
980 -33.0579 -71.608
858 -33.0585 -71.6079
438 -33.0585 -71.6079
929 -33.0589 -71.6078
285 -33.0589 -71.6078
473 -33.0589 -71.6078
700 -33.059 -71.6077
912 -33.0589 -71.6078
555 -33.0581 -71.6077
168 -33.0581 -71.6073
613 -33.0577 -71.6073
281 -33.0602 -71.607
300 -33.0606 -71.6068
311 -33.0596 -71.6063
112 -33.0601 -71.606
129 -33.0592 -71.6064
296 -33.0591 -71.6065
527 -33.0591 -71.6064
513 -33.0591 -71.6063
491 -33.0604 -71.6059
331 -33.0604 -71.6057
291 -33.0607 -71.6055
441 -33.0614 -71.6048
147 -33.0604 -71.6046
870 -33.0603 -71.6046
90 -33.0595 -71.6045
924 -33.0591 -71.6043
525 -33.059 -71.6063
922 -33.0582 -71.6067
83 -33.0584 -71.6066
873 -33.0586 -71.6066
857 -33.0582 -71.6067
825 -33.0575 -71.6069
954 -33.0577 -71.6068
769 -33.0578 -71.6068
411 -33.0589 -71.6065
223 -33.0585 -71.6062
221 -33.0588 -71.6052
196 -33.0584 -71.6049
78 -33.0581 -71.6044
477 -33.058 -71.6059
768 -33.0576 -71.6049
472 -33.0575 -71.6061
981 -33.0562 -71.6079
471 -33.0562 -71.6079
757 -33.0562 -71.6079
502 -33.0562 -71.6079
398 -33.0561 -71.6079
966 -33.0561 -71.6079
785 -33.0561 -71.6079
671 -33.0561 -71.6079
752 -33.0561 -71.6079
704 -33.056 -71.6079
56 -33.056 -71.6079
369 -33.056 -71.6079
741 -33.056 -71.6079
653 -33.0559 -71.6079
236 -33.0559 -71.6079
856 -33.0558 -71.6079
505 -33.0555 -71.6079
882 -33.0555 -71.6079
71 -33.0555 -71.6079
243 -33.0555 -71.6079
16 -33.0554 -71.6079
325 -33.0554 -71.6079
736 -33.0554 -71.6079
845 -33.0555 -71.6079
182 -33.0558 -71.6079
832 -33.0558 -71.6079
365 -33.0557 -71.6078
125 -33.0556 -71.6078
192 -33.0555 -71.6079
770 -33.0555 -71.6078
673 -33.0556 -71.6078
503 -33.0574 -71.6075
32 -33.0567 -71.6072
261 -33.0572 -71.6069
840 -33.0566 -71.6072
136 -33.0562 -71.6074
158 -33.0565 -71.6073
316 -33.0564 -71.6072
622 -33.0572 -71.6069
843 -33.0573 -71.6069
984 -33.0574 -71.6067
169 -33.0572 -71.6047
620 -33.0571 -71.6047
937 -33.0567 -71.6046
293 -33.0563 -71.6044
99 -33.0562 -71.6044
951 -33.0562 -71.6075
669 -33.0556 -71.6077
404 -33.0558 -71.6077
990 -33.0559 -71.6076
624 -33.0556 -71.6078
284 -33.0556 -71.6078
417 -33.0556 -71.6077
349 -33.0556 -71.6077
460 -33.056 -71.6075
256 -33.0561 -71.6044
98 -33.056 -71.6043
595 -33.0559 -71.6043
957 -33.0553 -71.6044
406 -33.0544 -71.6053
1 -33.055 -71.6045
30 -33.0543 -71.6046
181 -33.0541 -71.6116
562 -33.0541 -71.6116
625 -33.0541 -71.6116
91 -33.0541 -71.6116
658 -33.0541 -71.6115
534 -33.054 -71.6115
517 -33.0536 -71.6113
744 -33.0536 -71.6113
203 -33.0539 -71.6112
623 -33.0539 -71.6112
372 -33.0538 -71.6111
867 -33.0538 -71.6112
382 -33.0538 -71.6112
791 -33.0535 -71.6111
566 -33.0534 -71.611
336 -33.0534 -71.6114
666 -33.0523 -71.612
33 -33.0519 -71.612
27 -33.0516 -71.6118
74 -33.0516 -71.6118
683 -33.0514 -71.612
345 -33.0513 -71.6119
133 -33.0514 -71.6119
278 -33.0517 -71.6118
915 -33.0532 -71.6115
536 -33.0533 -71.611
429 -33.0533 -71.6109
621 -33.0529 -71.6116
920 -33.0522 -71.6117
894 -33.0524 -71.6117
180 -33.0527 -71.6116
161 -33.0532 -71.6109
270 -33.0532 -71.6109
906 -33.0531 -71.6109
391 -33.0539 -71.6105
508 -33.053 -71.6109
617 -33.0529 -71.6108
914 -33.0529 -71.6108
995 -33.0529 -71.6107
433 -33.0539 -71.6105
931 -33.054 -71.6105
356 -33.0534 -71.6101
943 -33.0533 -71.6099
936 -33.0532 -71.6098
717 -33.0528 -71.6105
188 -33.0525 -71.6101
59 -33.0525 -71.6101
568 -33.0525 -71.61
380 -33.0524 -71.61
618 -33.0524 -71.6099
342 -33.0513 -71.6098
312 -33.0513 -71.6098
241 -33.0512 -71.6099
779 -33.0512 -71.6099
329 -33.0512 -71.6098
719 -33.0513 -71.6098
346 -33.0522 -71.6096
428 -33.0515 -71.6096
258 -33.0516 -71.6095
651 -33.0515 -71.6096
656 -33.0513 -71.6098
58 -33.0514 -71.6097
401 -33.0512 -71.6119
538 -33.05 -71.6111
637 -33.0501 -71.6109
728 -33.0501 -71.6109
648 -33.05 -71.6111
302 -33.05 -71.6115
374 -33.05 -71.6114
462 -33.05 -71.6114
0 -33.0501 -71.6108
823 -33.0501 -71.6105
418 -33.0501 -71.6105
231 -33.0501 -71.6105
234 -33.0501 -71.6106
701 -33.0501 -71.6106
680 -33.0501 -71.6106
590 -33.0501 -71.6105
432 -33.05 -71.6115
612 -33.0499 -71.6118
50 -33.0491 -71.6115
84 -33.0492 -71.6113
435 -33.0491 -71.6115
853 -33.049 -71.6119
140 -33.049 -71.6119
941 -33.049 -71.6117
515 -33.0498 -71.6113
960 -33.0495 -71.6112
218 -33.0494 -71.6112
519 -33.0494 -71.6112
436 -33.0492 -71.6112
541 -33.0492 -71.6112
778 -33.0492 -71.6112
119 -33.0501 -71.6104
548 -33.0508 -71.6102
709 -33.0508 -71.6102
522 -33.0508 -71.6102
665 -33.0507 -71.6102
444 -33.0507 -71.6102
207 -33.0507 -71.6102
76 -33.0507 -71.6102
847 -33.0506 -71.6102
947 -33.0511 -71.61
596 -33.0511 -71.61
96 -33.0512 -71.6099
804 -33.051 -71.6101
86 -33.0509 -71.6102
518 -33.051 -71.6101
685 -33.051 -71.6101
654 -33.0505 -71.6102
64 -33.0505 -71.6102
240 -33.0504 -71.6102
425 -33.0503 -71.6102
956 -33.0502 -71.6103
634 -33.0501 -71.6104
457 -33.0502 -71.6103
807 -33.0502 -71.6103
363 -33.0504 -71.6102
178 -33.0503 -71.6102
153 -33.0504 -71.6101
828 -33.0503 -71.6101
481 -33.0502 -71.6101
248 -33.0496 -71.6095
971 -33.0496 -71.6095
465 -33.0516 -71.6095
564 -33.0543 -71.6085
731 -33.0542 -71.6085
65 -33.0541 -71.6085
358 -33.0541 -71.6085
578 -33.0541 -71.6085
267 -33.0541 -71.6085
122 -33.054 -71.6085
989 -33.054 -71.6085
895 -33.054 -71.6085
397 -33.054 -71.6085
245 -33.054 -71.6085
193 -33.054 -71.6085
806 -33.054 -71.6085
308 -33.054 -71.6085
720 -33.054 -71.6085
691 -33.054 -71.6085
264 -33.0536 -71.6085
875 -33.0537 -71.6085
410 -33.0537 -71.6085
871 -33.0536 -71.6085
359 -33.0536 -71.6085
913 -33.0535 -71.6085
667 -33.0535 -71.6085
921 -33.0535 -71.6085
247 -33.0539 -71.6085
887 -33.0539 -71.6085
388 -33.0539 -71.6085
21 -33.0538 -71.6085
67 -33.0537 -71.6085
628 -33.0537 -71.6085
682 -33.0537 -71.6085
554 -33.0538 -71.6085
299 -33.0537 -71.6085
194 -33.0538 -71.6085
184 -33.0534 -71.6085
6 -33.0534 -71.6085
289 -33.0534 -71.6085
567 -33.0534 -71.6085
616 -33.0532 -71.6084
492 -33.0532 -71.6084
552 -33.0532 -71.6084
149 -33.0535 -71.6047
826 -33.0542 -71.6047
41 -33.0531 -71.6084
893 -33.0531 -71.6084
959 -33.0531 -71.6084
776 -33.0531 -71.6065
896 -33.0531 -71.6084
965 -33.053 -71.6084
650 -33.053 -71.6083
445 -33.053 -71.6083
689 -33.0529 -71.6083
104 -33.0529 -71.6083
609 -33.0529 -71.6083
800 -33.0529 -71.6083
490 -33.0528 -71.6083
28 -33.0528 -71.6083
47 -33.0527 -71.6082
135 -33.0527 -71.6082
953 -33.0527 -71.6082
37 -33.0526 -71.6082
594 -33.0526 -71.6082
570 -33.0525 -71.6082
524 -33.052 -71.6089
898 -33.052 -71.6088
246 -33.0521 -71.6086
338 -33.052 -71.6089
559 -33.052 -71.6092
379 -33.0519 -71.6092
974 -33.052 -71.6089
969 -33.0521 -71.6086
684 -33.0522 -71.6082
39 -33.0525 -71.6082
45 -33.0525 -71.6082
330 -33.0522 -71.6083
841 -33.0521 -71.6085
451 -33.0522 -71.6083
95 -33.0522 -71.6083
766 -33.0519 -71.6092
164 -33.0517 -71.6094
539 -33.0518 -71.6093
817 -33.0519 -71.6093
439 -33.0517 -71.6094
932 -33.0517 -71.6095
317 -33.0517 -71.6095
526 -33.0517 -71.6094
750 -33.0519 -71.6092
4 -33.0515 -71.6083
865 -33.0516 -71.6082
288 -33.0517 -71.6082
695 -33.051 -71.6085
899 -33.05 -71.6091
985 -33.0509 -71.6085
777 -33.0525 -71.6082
426 -33.0525 -71.6082
630 -33.0525 -71.6082
514 -33.0525 -71.6081
443 -33.0524 -71.6081
131 -33.0522 -71.6081
699 -33.0524 -71.6081
584 -33.0524 -71.6081
926 -33.0523 -71.6081
114 -33.0523 -71.6081
781 -33.0523 -71.6071
121 -33.0525 -71.6069
543 -33.0523 -71.6081
344 -33.0523 -71.6081
396 -33.0523 -71.6081
352 -33.0522 -71.6081
507 -33.0522 -71.6076
928 -33.0522 -71.6081
663 -33.0521 -71.6081
486 -33.0518 -71.6081
702 -33.0518 -71.6081
798 -33.0517 -71.6081
249 -33.0517 -71.6081
162 -33.0518 -71.6081
824 -33.0521 -71.6081
459 -33.052 -71.608
792 -33.052 -71.608
729 -33.052 -71.608
3 -33.0519 -71.608
814 -33.0519 -71.608
533 -33.0508 -71.605
