549 -33.0576 -71.618
978 -33.0582 -71.6174
367 -33.0585 -71.6172
301 -33.0567 -71.6182
754 -33.0563 -71.6181
698 -33.0563 -71.6181
455 -33.0562 -71.6181
189 -33.0585 -71.6172
475 -33.0601 -71.6164
146 -33.0562 -71.616
442 -33.0562 -71.616
134 -33.0562 -71.616
580 -33.0562 -71.616
816 -33.0562 -71.6159
881 -33.0561 -71.6158
376 -33.0561 -71.6157
809 -33.056 -71.618
760 -33.056 -71.618
271 -33.0559 -71.618
542 -33.0558 -71.6164
456 -33.0557 -71.6179
69 -33.0557 -71.6164
361 -33.0558 -71.6164
42 -33.0559 -71.6163
105 -33.0559 -71.6158
269 -33.0561 -71.6157
762 -33.056 -71.6156
405 -33.0559 -71.6158
150 -33.0558 -71.6159
641 -33.0557 -71.6159
907 -33.0559 -71.6158
520 -33.056 -71.6155
483 -33.0585 -71.6153
994 -33.0584 -71.6151
464 -33.058 -71.615
950 -33.058 -71.615
608 -33.058 -71.615
640 -33.058 -71.615
407 -33.0564 -71.615
869 -33.0579 -71.615
60 -33.0578 -71.615
879 -33.0578 -71.615
945 -33.0594 -71.6149
818 -33.0577 -71.6149
286 -33.0577 -71.6149
646 -33.0576 -71.6149
57 -33.0574 -71.6149
389 -33.0564 -71.615
693 -33.056 -71.6155
602 -33.056 -71.6155
726 -33.056 -71.6152
107 -33.056 -71.6154
255 -33.0559 -71.6154
123 -33.0559 -71.6153
279 -33.0559 -71.6153
370 -33.056 -71.6152
537 -33.0562 -71.6151
476 -33.0562 -71.6151
743 -33.0564 -71.615
251 -33.0562 -71.6151
408 -33.0561 -71.6152
955 -33.0561 -71.6152
373 -33.0556 -71.6169
92 -33.0552 -71.6215
710 -33.0552 -71.6214
987 -33.0551 -71.6213
25 -33.0551 -71.6212
409 -33.0549 -71.622
598 -33.0551 -71.6209
589 -33.055 -71.6208
786 -33.0549 -71.6207
829 -33.0549 -71.6206
466 -33.055 -71.6181
547 -33.055 -71.6181
179 -33.0548 -71.6185
979 -33.0548 -71.6204
166 -33.0547 -71.6184
495 -33.0547 -71.6184
880 -33.0547 -71.6189
629 -33.0545 -71.6226
883 -33.0546 -71.6202
109 -33.0544 -71.6201
849 -33.0544 -71.6228
217 -33.0543 -71.62
697 -33.0543 -71.62
479 -33.0543 -71.62
961 -33.0541 -71.6199
448 -33.0543 -71.6184
687 -33.0543 -71.6184
323 -33.0546 -71.6184
831 -33.0542 -71.6184
53 -33.0541 -71.6199
177 -33.0542 -71.6189
431 -33.0542 -71.6184
767 -33.055 -71.6179
803 -33.0556 -71.6179
761 -33.0553 -71.6177
341 -33.0554 -71.6176
838 -33.0553 -71.6179
844 -33.0552 -71.6178
434 -33.0553 -71.6178
290 -33.0552 -71.6176
355 -33.0554 -71.6174
919 -33.0555 -71.6172
587 -33.0556 -71.6171
216 -33.0556 -71.617
446 -33.0555 -71.6155
488 -33.0555 -71.6159
819 -33.0555 -71.6159
403 -33.0553 -71.6154
423 -33.0552 -71.6153
713 -33.0552 -71.6178
973 -33.0552 -71.6178
198 -33.0552 -71.6178
775 -33.0551 -71.6178
210 -33.055 -71.6179
891 -33.055 -71.6179
377 -33.0551 -71.6178
730 -33.0547 -71.6157
546 -33.0545 -71.6157
145 -33.055 -71.6152
171 -33.0546 -71.6149
254 -33.0543 -71.6157
292 -33.0542 -71.6156
117 -33.0542 -71.6156
450 -33.0566 -71.6149
561 -33.0588 -71.6148
297 -33.0589 -71.6147
482 -33.0594 -71.6141
531 -33.0585 -71.6148
774 -33.0584 -71.6148
501 -33.0585 -71.6148
948 -33.0582 -71.6142
976 -33.0594 -71.6141
118 -33.0596 -71.6139
521 -33.0583 -71.6134
991 -33.0588 -71.6133
523 -33.0582 -71.613
560 -33.0579 -71.6139
124 -33.0578 -71.6139
842 -33.0579 -71.6139
619 -33.0575 -71.6141
668 -33.0573 -71.6149
686 -33.0571 -71.6148
413 -33.0571 -71.6148
765 -33.057 -71.6148
822 -33.0567 -71.6148
582 -33.0567 -71.6148
963 -33.0567 -71.6148
18 -33.0569 -71.6147
467 -33.0574 -71.6143
20 -33.0575 -71.6141
154 -33.0573 -71.6137
962 -33.0571 -71.6135
127 -33.0568 -71.6147
591 -33.057 -71.6134
636 -33.0568 -71.6134
368 -33.0585 -71.613
747 -33.0591 -71.6129
354 -33.0591 -71.6129
43 -33.0591 -71.6129
917 -33.0587 -71.613
579 -33.0586 -71.613
298 -33.0579 -71.6129
238 -33.0578 -71.6129
576 -33.0591 -71.6129
19 -33.0594 -71.6129
326 -33.0595 -71.6128
790 -33.0596 -71.6128
414 -33.0593 -71.6129
967 -33.0577 -71.6129
420 -33.0593 -71.6129
872 -33.0583 -71.6127
237 -33.0576 -71.6129
305 -33.0575 -71.6128
563 -33.0571 -71.6127
209 -33.0571 -71.6127
642 -33.057 -71.6127
51 -33.057 -71.6127
751 -33.057 -71.6127
366 -33.057 -71.6127
307 -33.057 -71.6127
627 -33.057 -71.6127
958 -33.057 -71.6126
52 -33.0569 -71.6126
402 -33.0568 -71.6126
452 -33.0567 -71.6125
733 -33.0566 -71.6125
173 -33.0565 -71.6125
175 -33.0565 -71.6132
571 -33.0559 -71.6131
773 -33.056 -71.6131
274 -33.0559 -71.6131
424 -33.0556 -71.6131
512 -33.0554 -71.6131
7 -33.0553 -71.6131
61 -33.0563 -71.6131
12 -33.0563 -71.6124
848 -33.0554 -71.6124
674 -33.0554 -71.6124
916 -33.0553 -71.6124
387 -33.0552 -71.6124
577 -33.0552 -71.6124
789 -33.0552 -71.6124
23 -33.0552 -71.6124
797 -33.0551 -71.6131
506 -33.055 -71.6131
40 -33.055 -71.6131
49 -33.0547 -71.6128
711 -33.0543 -71.6148
611 -33.0543 -71.6147
212 -33.0545 -71.6126
89 -33.0542 -71.6124
252 -33.0551 -71.6124
272 -33.0549 -71.6124
310 -33.0547 -71.6124
160 -33.0547 -71.6124
649 -33.0546 -71.6124
551 -33.0542 -71.6124
998 -33.0546 -71.6124
480 -33.0563 -71.6124
927 -33.0562 -71.6124
679 -33.0561 -71.6123
35 -33.0561 -71.6123
601 -33.0545 -71.6124
909 -33.0556 -71.6123
214 -33.0561 -71.6123
351 -33.0561 -71.6123
14 -33.056 -71.6123
29 -33.0559 -71.6123
15 -33.0559 -71.6123
676 -33.0558 -71.6123
197 -33.0556 -71.6123
303 -33.0557 -71.6123
295 -33.0558 -71.6123
347 -33.0545 -71.6123
603 -33.0545 -71.6123
386 -33.0544 -71.6123
224 -33.0544 -71.6123
986 -33.0544 -71.6123
742 -33.0543 -71.6123
645 -33.0543 -71.6123
575 -33.0542 -71.6123
309 -33.0541 -71.6123
885 -33.0545 -71.6122
204 -33.0544 -71.6121
211 -33.0544 -71.6121
600 -33.0544 -71.6122
22 -33.0541 -71.6123
228 -33.0543 -71.6122
340 -33.0541 -71.6184
313 -33.054 -71.6198
176 -33.0538 -71.6197
940 -33.0538 -71.6197
66 -33.0537 -71.6197
550 -33.0537 -71.6196
142 -33.0536 -71.6196
85 -33.0536 -71.6196
500 -33.0535 -71.619
930 -33.0541 -71.6189
266 -33.054 -71.6189
253 -33.054 -71.6189
487 -33.0539 -71.6188
327 -33.0535 -71.619
260 -33.0537 -71.6188
678 -33.0535 -71.6188
315 -33.0535 -71.6192
5 -33.0535 -71.6194
890 -33.0535 -71.6194
226 -33.0535 -71.6193
497 -33.0535 -71.6194
647 -33.0535 -71.6194
796 -33.0535 -71.6194
115 -33.0535 -71.6194
703 -33.0535 -71.6193
38 -33.0535 -71.6192
163 -33.0533 -71.6188
852 -33.0533 -71.6188
128 -33.0533 -71.6188
830 -33.0532 -71.6188
504 -33.0532 -71.6188
111 -33.0532 -71.6188
144 -33.0531 -71.6188
614 -33.0535 -71.6185
727 -33.0535 -71.6185
632 -33.0535 -71.6185
250 -33.0535 -71.6186
597 -33.053 -71.6187
393 -33.0534 -71.6187
17 -33.0534 -71.6187
262 -33.054 -71.6184
399 -33.054 -71.6184
116 -33.0541 -71.6184
908 -33.0539 -71.6166
946 -33.0537 -71.6165
148 -33.0528 -71.6159
93 -33.0529 -71.6159
795 -33.0529 -71.6157
412 -33.0528 -71.6187
859 -33.0524 -71.6186
999 -33.0523 -71.6186
364 -33.0521 -71.6185
904 -33.052 -71.6185
130 -33.0516 -71.6184
165 -33.0516 -71.6184
983 -33.0513 -71.6183
10 -33.0512 -71.6183
430 -33.0527 -71.6159
385 -33.0526 -71.6158
756 -33.0526 -71.6158
783 -33.0526 -71.6158
949 -33.0512 -71.6183
75 -33.052 -71.6156
453 -33.0505 -71.6157
101 -33.0496 -71.6199
708 -33.0501 -71.6178
511 -33.0499 -71.6178
633 -33.049 -71.6181
447 -33.0489 -71.6179
360 -33.0486 -71.6179
34 -33.0487 -71.6177
427 -33.0491 -71.6176
509 -33.0489 -71.6176
764 -33.0488 -71.6174
583 -33.0488 -71.6173
493 -33.0488 -71.6175
80 -33.0487 -71.6176
485 -33.0487 -71.6176
935 -33.0487 -71.6175
718 -33.0486 -71.6179
802 -33.0484 -71.6186
277 -33.0484 -71.6186
322 -33.0484 -71.6185
139 -33.0484 -71.6186
205 -33.0483 -71.6187
820 -33.0484 -71.6186
938 -33.0484 -71.6186
735 -33.0484 -71.6185
988 -33.0485 -71.6184
222 -33.0485 -71.6183
516 -33.0485 -71.6182
696 -33.0485 -71.6184
220 -33.0476 -71.6173
784 -33.0476 -71.6173
911 -33.0488 -71.6172
416 -33.0503 -71.6158
605 -33.0498 -71.6158
573 -33.0502 -71.6158
763 -33.0497 -71.616
635 -33.0493 -71.6165
157 -33.0496 -71.6161
794 -33.0496 -71.616
889 -33.0501 -71.6157
239 -33.0505 -71.6157
170 -33.05 -71.6157
263 -33.0505 -71.6157
333 -33.0499 -71.6157
155 -33.0498 -71.6157
639 -33.0498 -71.6157
113 -33.0499 -71.6157
610 -33.0491 -71.6165
9 -33.0489 -71.617
939 -33.0489 -71.617
755 -33.049 -71.6168
644 -33.0489 -71.6171
484 -33.0489 -71.6171
732 -33.0489 -71.6171
982 -33.0477 -71.617
55 -33.049 -71.6168
722 -33.0491 -71.6165
152 -33.0491 -71.6165
530 -33.0491 -71.6165
827 -33.048 -71.6158
88 -33.0478 -71.6164
643 -33.0479 -71.616
496 -33.052 -71.6156
992 -33.054 -71.6156
812 -33.054 -71.6156
892 -33.0539 -71.6156
721 -33.0538 -71.6156
864 -33.0537 -71.6156
545 -33.0537 -71.6156
787 -33.0536 -71.6156
565 -33.0531 -71.6155
860 -33.0531 -71.6155
585 -33.0534 -71.6141
835 -33.0532 -71.614
320 -33.053 -71.6155
739 -33.053 -71.6139
100 -33.0529 -71.6138
749 -33.0525 -71.6136
659 -33.0523 -71.6134
195 -33.0519 -71.6156
304 -33.0517 -71.6156
106 -33.0515 -71.6156
574 -33.0515 -71.6156
688 -33.0514 -71.6156
850 -33.0514 -71.6156
884 -33.0513 -71.6156
572 -33.0512 -71.6156
13 -33.0512 -71.6156
191 -33.0511 -71.6156
273 -33.051 -71.6156
174 -33.051 -71.6156
652 -33.051 -71.6156
692 -33.0508 -71.6155
900 -33.0507 -71.6155
24 -33.0519 -71.6132
151 -33.054 -71.6122
759 -33.0539 -71.6122
905 -33.0539 -71.6122
102 -33.0539 -71.6122
108 -33.0537 -71.6122
208 -33.0537 -71.6122
200 -33.0536 -71.6122
202 -33.0536 -71.6122
615 -33.0535 -71.6122
70 -33.0534 -71.6122
334 -33.0534 -71.6122
837 -33.0533 -71.6121
801 -33.0531 -71.6121
87 -33.0531 -71.6121
661 -33.053 -71.6121
725 -33.053 -71.6121
964 -33.0519 -71.6132
494 -33.0515 -71.6131
74 -33.0511 -71.6128
683 -33.0511 -71.613
345 -33.0511 -71.6131
401 -33.0509 -71.6131
133 -33.0511 -71.6131
27 -33.0511 -71.6128
877 -33.0529 -71.6121
265 -33.0529 -71.6121
599 -33.0526 -71.6121
655 -33.0526 -71.6121
278 -33.0511 -71.6127
920 -33.0511 -71.6121
712 -33.0506 -71.6155
529 -33.0505 -71.6155
213 -33.0495 -71.6141
897 -33.0495 -71.6141
318 -33.0495 -71.6143
283 -33.0493 -71.615
440 -33.0494 -71.6148
206 -33.0494 -71.6146
868 -33.0495 -71.6138
834 -33.0496 -71.6136
854 -33.0496 -71.6135
586 -33.0496 -71.6135
631 -33.0496 -71.6136
394 -33.0495 -71.6138
36 -33.0495 -71.6138
660 -33.0495 -71.6138
901 -33.0493 -71.6151
694 -33.0492 -71.6156
383 -33.0492 -71.6155
799 -33.0493 -71.6153
716 -33.0492 -71.6156
724 -33.0481 -71.6154
968 -33.0482 -71.615
793 -33.0483 -71.6148
972 -33.0483 -71.6148
348 -33.0485 -71.6139
81 -33.0485 -71.6139
604 -33.0485 -71.6138
933 -33.0484 -71.6141
553 -33.0484 -71.6142
48 -33.0484 -71.6141
853 -33.0486 -71.6133
758 -33.0505 -71.613
337 -33.0504 -71.613
353 -33.0503 -71.613
44 -33.0503 -71.613
612 -33.0497 -71.6131
780 -33.0501 -71.613
54 -33.05 -71.613
77 -33.0499 -71.613
31 -33.0499 -71.6129
637 -33.0498 -71.6124
0 -33.0498 -71.6122
462 -33.0497 -71.6128
432 -33.0497 -71.6129
302 -33.0497 -71.6129
374 -33.0497 -71.6128
851 -33.0496 -71.6129
50 -33.0487 -71.6129
855 -33.0489 -71.6129
314 -33.0489 -71.6129
435 -33.0487 -71.6129
140 -33.0486 -71.6132
941 -33.0487 -71.6131
862 -33.0487 -71.6131
84 -33.0488 -71.6127
519 -33.0489 -71.6124
218 -33.0489 -71.6124
960 -33.0489 -71.6122
436 -33.0488 -71.6125
778 -33.0488 -71.6126
541 -33.0488 -71.6126
343 -33.0544 -71.6121
970 -33.0596 -71.6104
748 -33.058 -71.6104
259 -33.0578 -71.6102
72 -33.0577 -71.6102
463 -33.0576 -71.6101
569 -33.0566 -71.61
384 -33.0572 -71.6099
886 -33.0571 -71.6099
132 -33.0584 -71.6089
362 -33.0584 -71.6085
454 -33.0584 -71.6085
535 -33.0573 -71.6088
866 -33.0568 -71.6099
606 -33.0571 -71.6099
876 -33.057 -71.6098
26 -33.0563 -71.6101
558 -33.0563 -71.6095
510 -33.0561 -71.6095
874 -33.0563 -71.6089
190 -33.0558 -71.6104
187 -33.0556 -71.6105
97 -33.0547 -71.6104
2 -33.0552 -71.6098
540 -33.056 -71.6086
832 -33.0547 -71.6084
856 -33.0547 -71.6084
404 -33.0547 -71.6084
365 -33.0546 -71.6085
349 -33.0546 -71.6085
624 -33.0546 -71.6085
669 -33.0546 -71.6085
182 -33.0547 -71.6084
657 -33.0579 -71.6082
929 -33.0579 -71.6082
700 -33.0578 -71.6082
473 -33.0577 -71.6082
757 -33.0551 -71.6082
981 -33.0551 -71.6082
471 -33.0551 -71.6082
335 -33.0579 -71.6082
285 -33.0577 -71.6082
461 -33.058 -71.6081
400 -33.058 -71.6081
912 -33.0577 -71.6081
951 -33.0551 -71.6082
705 -33.0576 -71.6081
136 -33.0552 -71.6081
502 -33.055 -71.6082
653 -33.0549 -71.6083
56 -33.0549 -71.6083
369 -33.0549 -71.6083
741 -33.0549 -71.6083
815 -33.0548 -71.6084
236 -33.0548 -71.6084
990 -33.0548 -71.6083
704 -33.0549 -71.6083
671 -33.055 -71.6082
785 -33.055 -71.6082
398 -33.055 -71.6082
966 -33.055 -71.6082
460 -33.055 -71.6083
752 -33.055 -71.6083
417 -33.0546 -71.6085
863 -33.0544 -71.612
324 -33.0543 -71.6118
593 -33.0543 -71.6118
734 -33.0542 -71.6118
421 -33.0542 -71.6117
227 -33.0541 -71.6115
607 -33.0541 -71.6115
771 -33.0541 -71.6115
673 -33.0545 -71.6085
125 -33.0545 -71.6085
284 -33.0545 -71.6085
770 -33.0545 -71.6085
498 -33.054 -71.6114
681 -33.0543 -71.6105
192 -33.0545 -71.6085
235 -33.054 -71.6113
68 -33.0539 -71.6113
433 -33.0538 -71.6113
931 -33.0539 -71.6112
391 -33.0538 -71.6113
356 -33.0538 -71.6113
437 -33.0538 -71.6112
738 -33.0538 -71.6112
233 -33.0538 -71.6112
943 -33.0538 -71.6111
268 -33.0539 -71.6105
745 -33.0539 -71.6105
936 -33.0538 -71.611
82 -33.0538 -71.6112
415 -33.0538 -71.6105
243 -33.0544 -71.6085
845 -33.0544 -71.6085
71 -33.0544 -71.6085
505 -33.0544 -71.6085
882 -33.0544 -71.6085
325 -33.0544 -71.6085
736 -33.0543 -71.6085
294 -33.0543 -71.6085
16 -33.0543 -71.6085
321 -33.0543 -71.6085
199 -33.0543 -71.6085
172 -33.0543 -71.6085
229 -33.0543 -71.6085
788 -33.0542 -71.6085
319 -33.0542 -71.6085
357 -33.0541 -71.6085
997 -33.054 -71.6085
675 -33.054 -71.6085
556 -33.054 -71.6085
811 -33.054 -71.6085
375 -33.0539 -71.6085
120 -33.0539 -71.6085
287 -33.0539 -71.6085
544 -33.0539 -71.6085
390 -33.0539 -71.6085
782 -33.0539 -71.6085
103 -33.0538 -71.6085
395 -33.0538 -71.6085
993 -33.0538 -71.6085
276 -33.0538 -71.6085
230 -33.0538 -71.6085
714 -33.0552 -71.6081
332 -33.0584 -71.608
528 -33.059 -71.6079
474 -33.0598 -71.6079
499 -33.0583 -71.608
469 -33.0582 -71.6081
934 -33.0583 -71.608
79 -33.0583 -71.608
977 -33.0586 -71.6079
677 -33.0597 -71.6079
300 -33.0602 -71.6077
808 -33.0598 -71.6077
925 -33.0592 -71.6076
581 -33.0586 -71.6079
672 -33.0587 -71.6079
903 -33.0588 -71.6078
11 -33.0581 -71.6081
225 -33.0574 -71.6081
438 -33.0574 -71.6081
168 -33.0574 -71.6081
858 -33.0573 -71.6081
888 -33.0573 -71.6081
740 -33.0573 -71.608
282 -33.0572 -71.608
46 -33.0572 -71.608
422 -33.0571 -71.608
833 -33.0571 -71.608
555 -33.0571 -71.608
138 -33.057 -71.608
944 -33.057 -71.608
478 -33.057 -71.608
592 -33.057 -71.608
159 -33.0592 -71.6076
63 -33.0592 -71.6076
281 -33.0593 -71.6072
491 -33.0592 -71.6064
419 -33.0592 -71.6076
280 -33.0591 -71.6075
311 -33.0585 -71.6066
112 -33.059 -71.6065
331 -33.0594 -71.6064
291 -33.0597 -71.6063
441 -33.0602 -71.6046
147 -33.0592 -71.6044
870 -33.0591 -71.6043
525 -33.0587 -71.6064
924 -33.0581 -71.6044
90 -33.0584 -71.6042
129 -33.058 -71.6067
613 -33.0576 -71.6074
873 -33.0574 -71.6069
411 -33.0577 -71.6068
477 -33.0573 -71.6068
857 -33.057 -71.6071
922 -33.0571 -71.607
83 -33.0573 -71.6069
296 -33.058 -71.6068
527 -33.0579 -71.6067
513 -33.0579 -71.6067
221 -33.0578 -71.6045
768 -33.0576 -71.6049
223 -33.0576 -71.6067
196 -33.0574 -71.6048
78 -33.0569 -71.6046
810 -33.0569 -71.608
918 -33.0569 -71.608
219 -33.0568 -71.608
772 -33.0568 -71.608
980 -33.0568 -71.608
662 -33.0568 -71.608
878 -33.0568 -71.608
723 -33.0567 -71.608
489 -33.0567 -71.608
458 -33.0565 -71.608
715 -33.0566 -71.608
753 -33.0565 -71.608
664 -33.0565 -71.608
378 -33.0565 -71.608
470 -33.0565 -71.608
156 -33.0564 -71.608
73 -33.0564 -71.608
328 -33.0553 -71.608
62 -33.0563 -71.608
468 -33.0553 -71.608
167 -33.0552 -71.6081
836 -33.0553 -71.608
126 -33.0553 -71.608
350 -33.0563 -71.608
557 -33.0561 -71.6079
137 -33.0554 -71.6079
158 -33.0554 -71.6079
690 -33.0554 -71.6079
846 -33.0554 -71.608
316 -33.0554 -71.608
381 -33.056 -71.6079
503 -33.0562 -71.6075
622 -33.0561 -71.6075
261 -33.0561 -71.6075
110 -33.056 -71.6079
532 -33.056 -71.6079
94 -33.056 -71.6079
746 -33.0559 -71.6079
843 -33.0562 -71.6074
954 -33.0565 -71.6073
769 -33.0566 -71.6072
472 -33.0569 -71.6071
825 -33.0564 -71.6073
984 -33.0564 -71.6074
620 -33.056 -71.6043
169 -33.056 -71.6043
937 -33.0557 -71.6046
626 -33.0556 -71.6078
706 -33.0556 -71.6078
32 -33.0556 -71.6078
923 -33.0555 -71.6078
952 -33.0555 -71.6079
840 -33.0555 -71.6078
183 -33.0555 -71.6078
595 -33.0549 -71.605
256 -33.0551 -71.605
99 -33.055 -71.6045
293 -33.0552 -71.6045
98 -33.055 -71.605
1 -33.0538 -71.6048
957 -33.0541 -71.6047
141 -33.0537 -71.6109
372 -33.0529 -71.6116
306 -33.0537 -71.6111
185 -33.0535 -71.6111
744 -33.0525 -71.6117
201 -33.0523 -71.612
942 -33.0522 -71.612
517 -33.0525 -71.6117
707 -33.0535 -71.611
562 -33.0531 -71.6109
181 -33.0531 -71.6109
821 -33.0536 -71.6107
625 -33.0531 -71.6109
658 -33.0531 -71.6109
91 -33.0531 -71.6109
534 -33.053 -71.6108
392 -33.0522 -71.612
902 -33.0521 -71.612
275 -33.0518 -71.612
449 -33.0518 -71.612
996 -33.0516 -71.612
666 -33.0512 -71.612
805 -33.0515 -71.612
186 -33.0514 -71.6119
588 -33.0513 -71.6119
621 -33.0517 -71.6118
915 -33.052 -71.6118
336 -33.0522 -71.6117
180 -33.0515 -71.6119
638 -33.0512 -71.6119
894 -33.0512 -71.6119
33 -33.0515 -71.6115
203 -33.0529 -71.6107
143 -33.0536 -71.6106
623 -33.0528 -71.6106
861 -33.0536 -71.6105
867 -33.0528 -71.6105
382 -33.0528 -71.6105
791 -33.0526 -71.6102
566 -33.0525 -71.6101
536 -33.0525 -71.61
429 -33.0524 -71.61
161 -33.0524 -71.6099
299 -33.0531 -71.6095
270 -33.0524 -71.6099
906 -33.0523 -71.6098
508 -33.0523 -71.6097
914 -33.0522 -71.6096
617 -33.0522 -71.6096
974 -33.0512 -71.6099
338 -33.0512 -71.6099
898 -33.0513 -71.6098
524 -33.0512 -71.6099
750 -33.0509 -71.6102
766 -33.0509 -71.6102
379 -33.051 -71.6101
246 -33.0514 -71.6097
995 -33.0521 -71.6095
95 -33.0516 -71.6095
330 -33.0516 -71.6095
451 -33.0516 -71.6095
841 -33.0514 -71.6097
969 -33.0514 -71.6097
817 -33.0509 -71.6102
425 -33.05 -71.6114
363 -33.05 -71.6114
240 -33.05 -71.6113
828 -33.05 -71.6115
457 -33.0499 -71.6117
956 -33.0499 -71.6117
481 -33.05 -71.6115
153 -33.0499 -71.6113
207 -33.05 -71.611
76 -33.0501 -71.6109
444 -33.0501 -71.6109
847 -33.05 -71.6111
178 -33.0499 -71.6113
64 -33.05 -71.6112
654 -33.05 -71.6111
680 -33.0499 -71.612
701 -33.0499 -71.612
234 -33.0499 -71.612
807 -33.0496 -71.6112
728 -33.0492 -71.6113
515 -33.049 -71.6119
648 -33.0491 -71.6115
538 -33.0491 -71.6114
119 -33.0495 -71.6112
823 -33.0495 -71.6112
231 -33.0495 -71.6112
634 -33.0495 -71.6112
418 -33.0495 -71.6112
590 -33.0494 -71.6112
248 -33.0492 -71.6109
522 -33.0501 -71.6109
164 -33.0508 -71.6102
539 -33.0508 -71.6102
439 -33.0508 -71.6102
526 -33.0507 -71.6102
329 -33.0502 -71.6102
719 -33.0502 -71.6102
342 -33.0502 -71.6102
317 -33.0507 -71.6102
932 -33.0507 -71.6102
465 -33.0506 -71.6102
428 -33.0505 -71.6102
258 -33.0505 -71.6102
58 -33.0504 -71.6102
651 -33.0504 -71.6102
656 -33.0503 -71.6101
312 -33.0502 -71.6102
86 -33.0501 -71.6107
518 -33.0501 -71.6106
685 -33.0501 -71.6106
709 -33.0501 -71.6109
548 -33.0501 -71.6109
665 -33.0501 -71.6109
971 -33.0493 -71.6109
804 -33.0501 -71.6106
96 -33.0502 -71.6104
779 -33.0502 -71.6103
241 -33.0502 -71.6103
947 -33.0501 -71.6104
596 -33.0501 -71.6104
899 -33.0495 -71.61
684 -33.0517 -71.6094
244 -33.0537 -71.6085
8 -33.0537 -71.6085
670 -33.0537 -71.6085
737 -33.0536 -71.6085
578 -33.0531 -71.6091
910 -33.0533 -71.6088
242 -33.0535 -71.6087
975 -33.0535 -71.6085
371 -33.0535 -71.6085
257 -33.0534 -71.6085
232 -33.0534 -71.6085
339 -33.0534 -71.6085
215 -33.0533 -71.6085
813 -33.0533 -71.6084
839 -33.0532 -71.6084
564 -33.0531 -71.6084
731 -33.053 -71.6083
65 -33.053 -71.6083
358 -33.053 -71.6083
267 -33.0529 -71.6083
41 -33.0522 -71.6084
552 -33.0522 -71.6084
397 -33.0529 -71.6083
193 -33.0529 -71.6083
122 -33.0529 -71.6083
245 -33.0528 -71.6083
989 -33.0528 -71.6083
895 -33.0528 -71.6083
616 -33.0522 -71.6083
720 -33.0528 -71.6083
806 -33.0528 -71.6083
691 -33.0528 -71.6083
247 -33.0527 -71.6083
308 -33.0528 -71.6083
388 -33.0527 -71.6082
887 -33.0527 -71.6082
21 -33.0527 -71.6082
194 -33.0526 -71.6082
554 -33.0526 -71.6082
67 -33.0525 -71.6082
406 -33.0536 -71.6062
826 -33.053 -71.6047
30 -33.0531 -71.6047
628 -33.0525 -71.6082
682 -33.0525 -71.6082
875 -33.0525 -71.6082
410 -33.0525 -71.6082
264 -33.0525 -71.6082
359 -33.0524 -71.6081
871 -33.0524 -71.6081
913 -33.0524 -71.6081
667 -33.0524 -71.6081
289 -33.0522 -71.6081
567 -33.0522 -71.6081
921 -33.0523 -71.6081
184 -33.0523 -71.6081
492 -33.0522 -71.6078
776 -33.0523 -71.6071
149 -33.0523 -71.6048
6 -33.0522 -71.6081
896 -33.0522 -71.6076
800 -33.0522 -71.6074
893 -33.0522 -71.6084
717 -33.052 -71.6093
443 -33.0519 -71.6092
45 -33.0519 -71.6092
426 -33.0519 -71.6092
584 -33.0518 -71.6093
699 -33.0519 -71.6092
630 -33.0519 -71.6092
777 -33.0519 -71.6091
37 -33.052 -71.6089
490 -33.0521 -71.6088
609 -33.0521 -71.6087
135 -33.052 -71.609
570 -33.052 -71.6091
594 -33.052 -71.609
953 -33.052 -71.609
114 -33.0518 -71.6093
543 -33.0518 -71.6093
926 -33.0518 -71.6093
396 -33.0518 -71.6093
352 -33.0517 -71.6094
131 -33.0517 -71.6094
695 -33.0503 -71.6092
985 -33.0502 -71.6091
188 -33.0517 -71.609
59 -33.0517 -71.609
568 -33.0517 -71.609
380 -33.0517 -71.609
618 -33.0515 -71.6088
4 -33.0505 -71.6087
346 -33.0513 -71.6087
104 -33.0521 -71.6086
445 -33.0521 -71.6086
965 -33.0521 -71.6085
959 -33.0521 -71.6085
689 -33.0521 -71.6086
928 -33.051 -71.6085
663 -33.0511 -71.6085
344 -33.0512 -71.6084
507 -33.0513 -71.6084
650 -33.0519 -71.608
121 -33.052 -71.608
514 -33.052 -71.607
781 -33.0518 -71.6081
39 -33.0515 -71.6083
47 -33.0516 -71.6082
28 -33.0517 -71.6082
824 -33.051 -71.6086
459 -33.0509 -71.6086
729 -33.0509 -71.6085
559 -33.0509 -71.6085
3 -33.0508 -71.6085
792 -33.0508 -71.6085
814 -33.0508 -71.6085
865 -33.0505 -71.6085
702 -33.0507 -71.6085
486 -33.0507 -71.6085
162 -33.0506 -71.6085
249 -33.0506 -71.6085
798 -33.0506 -71.6085
288 -33.0505 -71.6085
533 -33.0497 -71.6044
