367 -33.0581 -71.6175
189 -33.0582 -71.6175
475 -33.0597 -71.6166
978 -33.0579 -71.6177
549 -33.0572 -71.6183
301 -33.0563 -71.6181
816 -33.0559 -71.6163
881 -33.056 -71.6162
693 -33.0562 -71.616
602 -33.0562 -71.616
107 -33.0562 -71.6159
520 -33.0562 -71.616
376 -33.0561 -71.6161
269 -33.0561 -71.616
762 -33.0562 -71.6159
134 -33.0559 -71.6163
754 -33.0559 -71.618
698 -33.0559 -71.618
455 -33.0557 -71.618
760 -33.0555 -71.6179
809 -33.0555 -71.6179
456 -33.0552 -71.6178
271 -33.0555 -71.6178
919 -33.0553 -71.6177
361 -33.0557 -71.6168
542 -33.0557 -71.6168
42 -33.0557 -71.6168
69 -33.0556 -71.617
587 -33.0554 -71.6174
216 -33.0554 -71.6174
373 -33.0555 -71.6173
146 -33.0558 -71.6159
123 -33.0562 -71.6158
945 -33.059 -71.6152
450 -33.0562 -71.6151
255 -33.0562 -71.6158
279 -33.0561 -71.6158
726 -33.0561 -71.6157
370 -33.0561 -71.6157
822 -33.0563 -71.6151
483 -33.0581 -71.615
531 -33.0581 -71.615
501 -33.058 -71.615
774 -33.0579 -71.615
582 -33.0563 -71.6151
963 -33.0563 -71.615
127 -33.0564 -71.615
955 -33.0561 -71.6156
442 -33.0558 -71.6159
580 -33.0557 -71.6159
408 -33.0561 -71.6156
105 -33.0555 -71.6155
150 -33.0553 -71.6158
641 -33.0552 -71.6158
405 -33.0555 -71.6155
907 -33.0555 -71.6155
251 -33.056 -71.6155
389 -33.056 -71.6153
407 -33.056 -71.6152
537 -33.056 -71.6154
476 -33.056 -71.6154
743 -33.0559 -71.6153
355 -33.0552 -71.6178
25 -33.0551 -71.6217
598 -33.0552 -71.6214
589 -33.0551 -71.6213
987 -33.055 -71.6218
409 -33.0546 -71.6225
92 -33.0549 -71.6219
710 -33.0549 -71.6219
786 -33.0551 -71.6212
829 -33.0551 -71.6211
979 -33.0551 -71.6209
883 -33.0549 -71.6206
109 -33.0548 -71.6204
217 -33.0547 -71.6203
697 -33.0547 -71.6203
479 -33.0546 -71.6203
53 -33.0545 -71.6202
629 -33.0543 -71.6231
961 -33.0545 -71.6202
313 -33.0544 -71.6201
849 -33.0543 -71.6233
940 -33.0542 -71.62
176 -33.0542 -71.62
66 -33.0541 -71.6199
550 -33.0541 -71.6199
142 -33.054 -71.6198
85 -33.054 -71.6198
647 -33.0539 -71.6198
497 -33.0538 -71.6197
115 -33.0538 -71.6197
796 -33.0538 -71.6197
5 -33.0538 -71.6197
179 -33.0546 -71.6189
973 -33.0549 -71.6182
198 -33.0549 -71.6182
844 -33.055 -71.6182
713 -33.0549 -71.6183
210 -33.0549 -71.6184
377 -33.0549 -71.6183
775 -33.0549 -71.6183
838 -33.055 -71.6181
341 -33.055 -71.6179
803 -33.0552 -71.6178
446 -33.0551 -71.6152
488 -33.055 -71.6158
761 -33.055 -71.6181
434 -33.055 -71.6181
819 -33.055 -71.6158
403 -33.0548 -71.6151
166 -33.0542 -71.6184
495 -33.0542 -71.6184
466 -33.0547 -71.6184
880 -33.0542 -71.6189
687 -33.0539 -71.6184
448 -33.0538 -71.6184
323 -33.0541 -71.6184
547 -33.0547 -71.6184
767 -33.0548 -71.6184
891 -33.0548 -71.6184
423 -33.0548 -71.6151
290 -33.0548 -71.6174
730 -33.0542 -71.6157
546 -33.054 -71.6156
994 -33.0579 -71.615
561 -33.0584 -71.6148
297 -33.0585 -71.6148
482 -33.0591 -71.6145
464 -33.0576 -71.6149
640 -33.0575 -71.6149
950 -33.0575 -71.6149
608 -33.0575 -71.6149
976 -33.0591 -71.6144
118 -33.0592 -71.6143
991 -33.0584 -71.6136
521 -33.0583 -71.6134
948 -33.0582 -71.6142
124 -33.0575 -71.6141
560 -33.0575 -71.6139
842 -33.0575 -71.6139
869 -33.0575 -71.6149
60 -33.0574 -71.6149
879 -33.0573 -71.6149
818 -33.0573 -71.6148
286 -33.0572 -71.6148
18 -33.0565 -71.6149
765 -33.0566 -71.6149
413 -33.0566 -71.6148
646 -33.0571 -71.6148
20 -33.0573 -71.6146
467 -33.0574 -71.6138
619 -33.0573 -71.6137
57 -33.057 -71.6148
686 -33.0567 -71.6148
668 -33.0569 -71.6147
154 -33.0569 -71.6134
962 -33.0567 -71.6133
747 -33.0586 -71.613
354 -33.0586 -71.613
43 -33.0587 -71.613
917 -33.0583 -71.613
872 -33.0582 -71.6131
579 -33.0582 -71.613
368 -33.0581 -71.613
576 -33.0587 -71.613
326 -33.0591 -71.6129
790 -33.0591 -71.6129
19 -33.0594 -71.6129
420 -33.0588 -71.6129
414 -33.0588 -71.6129
523 -33.0578 -71.6129
298 -33.0575 -71.6128
238 -33.0573 -71.6128
967 -33.0572 -71.6128
237 -33.0572 -71.6127
305 -33.057 -71.6127
209 -33.0567 -71.6125
591 -33.0566 -71.6132
563 -33.0567 -71.6125
51 -33.0566 -71.6125
642 -33.0566 -71.6125
366 -33.0565 -71.6125
751 -33.0565 -71.6125
307 -33.0565 -71.6125
627 -33.0565 -71.6125
958 -33.0565 -71.6125
52 -33.0564 -71.6124
636 -33.0564 -71.6131
571 -33.0555 -71.6131
61 -33.0558 -71.6131
175 -33.056 -71.6131
773 -33.0555 -71.6131
274 -33.0554 -71.6131
424 -33.0552 -71.6131
512 -33.0549 -71.613
402 -33.0564 -71.6124
295 -33.0553 -71.6124
303 -33.0553 -71.6124
676 -33.0553 -71.6124
197 -33.0551 -71.6124
909 -33.0551 -71.6124
674 -33.055 -71.6124
848 -33.0549 -71.6124
916 -33.0549 -71.6124
7 -33.0549 -71.6129
797 -33.0547 -71.6128
506 -33.0547 -71.6128
145 -33.0545 -71.6149
171 -33.0542 -71.6147
611 -33.054 -71.6145
711 -33.0539 -71.6145
40 -33.0546 -71.6127
23 -33.0547 -71.6124
577 -33.0547 -71.6124
789 -33.0547 -71.6124
387 -33.0547 -71.6124
49 -33.0544 -71.6125
252 -33.0547 -71.6124
15 -33.0555 -71.6124
452 -33.0562 -71.6124
733 -33.0561 -71.6123
173 -33.0561 -71.6123
351 -33.0556 -71.6123
29 -33.0555 -71.6124
14 -33.0556 -71.6123
272 -33.0544 -71.6123
679 -33.0557 -71.6123
12 -33.0559 -71.6123
480 -33.0558 -71.6123
927 -33.0558 -71.6123
35 -33.0557 -71.6123
214 -33.0557 -71.6123
575 -33.0544 -71.6122
22 -33.0544 -71.6121
551 -33.0544 -71.6122
310 -33.0543 -71.6123
160 -33.0542 -71.6123
601 -33.0542 -71.6123
212 -33.0542 -71.6123
998 -33.0542 -71.6123
649 -33.0541 -71.6123
603 -33.0542 -71.6123
347 -33.054 -71.6122
224 -33.0543 -71.6122
645 -33.0543 -71.6122
89 -33.0544 -71.6122
386 -33.054 -71.6122
986 -33.0539 -71.6122
742 -33.0539 -71.6122
890 -33.0538 -71.6197
226 -33.0537 -71.6197
703 -33.0537 -71.6197
38 -33.0536 -71.6196
315 -33.0536 -71.6196
500 -33.0535 -71.6195
327 -33.0535 -71.6195
678 -33.0535 -71.6193
260 -33.0535 -71.6192
177 -33.0537 -71.6188
930 -33.0536 -71.6188
253 -33.0536 -71.6188
262 -33.0536 -71.6185
487 -33.0535 -71.619
266 -33.0536 -71.6188
399 -33.0536 -71.6185
632 -33.0533 -71.6188
727 -33.0532 -71.6188
614 -33.0532 -71.6188
250 -33.0531 -71.6188
393 -33.053 -71.6187
101 -33.0499 -71.6202
17 -33.053 -71.6187
163 -33.0529 -71.6187
852 -33.0528 -71.6187
830 -33.0528 -71.6187
504 -33.0528 -71.6187
128 -33.0528 -71.6187
111 -33.0527 -71.6187
144 -33.0526 -71.6187
597 -33.0525 -71.6186
412 -33.0523 -71.6186
116 -33.0536 -71.6185
340 -33.0536 -71.6185
431 -33.0537 -71.6184
831 -33.0538 -71.6184
908 -33.0535 -71.6163
859 -33.0519 -71.6185
999 -33.0518 -71.6184
364 -33.0516 -71.6184
946 -33.0533 -71.6162
320 -33.0528 -71.6159
565 -33.0529 -71.6158
860 -33.0529 -71.6158
795 -33.0526 -71.6158
93 -33.0525 -71.6157
756 -33.0522 -71.6157
385 -33.0522 -71.6157
904 -33.0516 -71.6184
130 -33.0512 -71.6183
165 -33.0512 -71.6182
983 -33.0509 -71.6181
10 -33.0508 -71.6181
949 -33.0508 -71.6181
712 -33.0503 -71.6158
529 -33.0503 -71.6158
900 -33.0504 -71.6158
453 -33.0501 -71.6157
263 -33.0501 -71.6157
692 -33.0505 -71.6157
239 -33.05 -71.6157
573 -33.0498 -71.6158
416 -33.0498 -71.6157
889 -33.0497 -71.6158
633 -33.0494 -71.6185
447 -33.0492 -71.6183
34 -33.049 -71.6181
935 -33.0489 -71.618
360 -33.0484 -71.6184
80 -33.0486 -71.6181
485 -33.0486 -71.6181
493 -33.0489 -71.6179
708 -33.0497 -71.6177
511 -33.0495 -71.6177
427 -33.0487 -71.6177
911 -33.0487 -71.6177
764 -33.0486 -71.6179
509 -33.0486 -71.6179
583 -33.0486 -71.6178
718 -33.0484 -71.6185
277 -33.0482 -71.619
802 -33.0482 -71.619
322 -33.0482 -71.619
139 -33.0482 -71.6191
205 -33.0481 -71.6192
820 -33.0481 -71.6191
938 -33.0481 -71.6191
735 -33.0482 -71.6189
988 -33.0483 -71.6189
222 -33.0483 -71.6188
516 -33.0483 -71.6187
696 -33.0483 -71.6189
220 -33.0474 -71.6178
784 -33.0474 -71.6178
484 -33.0487 -71.6176
605 -33.0495 -71.6162
155 -33.0495 -71.6162
639 -33.0495 -71.6162
763 -33.0494 -71.6164
635 -33.049 -71.6167
157 -33.0493 -71.6165
794 -33.0494 -71.6165
716 -33.0491 -71.6161
113 -33.0496 -71.6161
333 -33.0496 -71.616
170 -33.0497 -71.6159
901 -33.0492 -71.6157
694 -33.0491 -71.6161
383 -33.0492 -71.616
799 -33.0492 -71.6158
610 -33.0489 -71.617
939 -33.0488 -71.6175
755 -33.0488 -71.6174
55 -33.0488 -71.6173
9 -33.0487 -71.6176
732 -33.0487 -71.6176
644 -33.0487 -71.6176
982 -33.0475 -71.6175
722 -33.0489 -71.617
530 -33.0489 -71.617
152 -33.0489 -71.617
724 -33.048 -71.6159
827 -33.0479 -71.6163
88 -33.0477 -71.617
643 -33.0478 -71.6165
783 -33.0521 -71.6157
254 -33.0538 -71.6156
292 -33.0537 -71.6156
117 -33.0537 -71.6156
992 -33.0536 -71.6155
148 -33.0524 -71.6156
812 -33.0535 -71.6155
892 -33.0534 -71.6155
721 -33.0533 -71.6155
864 -33.0533 -71.6155
545 -33.0533 -71.6155
787 -33.0532 -71.6155
585 -33.053 -71.6139
835 -33.0528 -71.6138
739 -33.0526 -71.6136
100 -33.0525 -71.6136
430 -33.0523 -71.6156
75 -33.0515 -71.6156
496 -33.0515 -71.6156
195 -33.0514 -71.6156
304 -33.0513 -71.6156
106 -33.0511 -71.6156
574 -33.051 -71.6156
688 -33.051 -71.6156
850 -33.0509 -71.6156
884 -33.0509 -71.6156
572 -33.0507 -71.6155
749 -33.0521 -71.6133
13 -33.0507 -71.6155
191 -33.0506 -71.6155
174 -33.0505 -71.6155
273 -33.0505 -71.6155
659 -33.0519 -71.6132
309 -33.0537 -71.6122
151 -33.0535 -71.6122
759 -33.0535 -71.6122
905 -33.0535 -71.6122
24 -33.0515 -71.6131
102 -33.0534 -71.6122
108 -33.0533 -71.6122
208 -33.0532 -71.6121
200 -33.0532 -71.6121
202 -33.0531 -71.6121
615 -33.053 -71.6121
334 -33.0529 -71.6121
70 -33.0529 -71.6121
837 -33.0528 -71.6121
801 -33.0527 -71.6121
964 -33.0514 -71.6131
494 -33.051 -71.6131
278 -33.0509 -71.6131
27 -33.0509 -71.6131
74 -33.0508 -71.6131
683 -33.0507 -71.6131
133 -33.0507 -71.6131
345 -33.0506 -71.6131
920 -33.0511 -71.6127
588 -33.0511 -71.6123
186 -33.0511 -71.6121
805 -33.0512 -71.6121
894 -33.0511 -71.6124
666 -33.0511 -71.6125
638 -33.0511 -71.6125
652 -33.0505 -71.6155
897 -33.0494 -71.6147
868 -33.0494 -71.6143
36 -33.0494 -71.6143
213 -33.0494 -71.6147
440 -33.0493 -71.6153
206 -33.0493 -71.6152
318 -33.0494 -71.6148
394 -33.0494 -71.6143
586 -33.0495 -71.614
612 -33.0496 -71.6137
432 -33.0496 -71.6135
854 -33.0495 -71.6141
660 -33.0494 -71.6143
631 -33.0495 -71.6142
834 -33.0495 -71.6141
283 -33.0492 -71.6156
48 -33.0483 -71.6146
933 -33.0483 -71.6146
348 -33.0484 -71.6144
553 -33.0483 -71.6147
968 -33.0481 -71.6155
793 -33.0481 -71.6154
972 -33.0481 -71.6153
81 -33.0484 -71.6144
941 -33.0485 -71.6136
862 -33.0486 -71.6136
435 -33.0486 -71.6135
140 -33.0485 -71.6138
604 -33.0484 -71.6143
853 -33.0485 -71.6138
50 -33.0486 -71.6135
401 -33.0504 -71.613
758 -33.05 -71.613
337 -33.05 -71.613
44 -33.0499 -71.6129
462 -33.0496 -71.6133
77 -33.0497 -71.6132
780 -33.0497 -71.613
353 -33.0499 -71.6129
680 -33.0498 -71.6125
457 -33.0498 -71.6122
956 -33.0498 -71.6122
234 -33.0498 -71.6125
637 -33.0497 -71.6129
0 -33.0497 -71.6128
701 -33.0498 -71.6125
374 -33.0496 -71.6134
302 -33.0496 -71.6134
541 -33.0487 -71.6131
436 -33.0487 -71.6131
778 -33.0487 -71.6131
314 -33.0486 -71.6132
84 -33.0487 -71.6132
855 -33.0487 -71.6132
54 -33.0495 -71.6129
31 -33.0494 -71.6129
851 -33.0492 -71.6129
515 -33.0489 -71.6124
960 -33.0488 -71.6127
519 -33.0487 -71.6129
218 -33.0487 -71.6129
87 -33.0526 -71.6121
970 -33.0592 -71.6105
748 -33.0576 -71.6101
259 -33.0573 -71.61
72 -33.0573 -71.61
26 -33.0559 -71.6103
569 -33.0561 -71.6102
866 -33.0564 -71.6101
463 -33.0572 -71.6099
384 -33.0568 -71.6099
132 -33.0579 -71.6091
535 -33.0569 -71.6088
886 -33.0567 -71.6097
606 -33.0566 -71.6096
876 -33.0566 -71.6096
874 -33.0558 -71.6091
558 -33.0558 -71.6095
228 -33.0543 -71.6119
190 -33.0554 -71.6104
187 -33.0551 -71.6104
97 -33.0543 -71.6105
600 -33.0543 -71.6118
885 -33.0542 -71.6118
204 -33.0542 -71.6117
2 -33.055 -71.6103
510 -33.0557 -71.6094
966 -33.0546 -71.6085
752 -33.0546 -71.6085
460 -33.0545 -71.6085
704 -33.0545 -71.6085
56 -33.0545 -71.6085
369 -33.0545 -71.6085
741 -33.0544 -71.6085
167 -33.0548 -71.6084
836 -33.0549 -71.6083
126 -33.0549 -71.6083
714 -33.0548 -71.6084
471 -33.0547 -71.6084
951 -33.0547 -71.6084
136 -33.0548 -71.6084
468 -33.0549 -71.6083
362 -33.058 -71.6083
454 -33.058 -71.6083
137 -33.055 -71.6082
690 -33.055 -71.6082
328 -33.055 -71.6083
846 -33.055 -71.6082
316 -33.055 -71.6082
981 -33.0547 -71.6085
653 -33.0544 -71.6085
990 -33.0544 -71.6085
671 -33.0546 -71.6085
236 -33.0544 -71.6085
815 -33.0543 -71.6085
404 -33.0543 -71.6085
856 -33.0543 -71.6085
182 -33.0543 -71.6085
398 -33.0546 -71.6085
502 -33.0547 -71.6085
757 -33.0547 -71.6085
785 -33.0546 -71.6085
832 -33.0543 -71.6085
365 -33.0542 -71.6085
669 -33.0542 -71.6085
211 -33.0542 -71.6116
343 -33.0541 -71.6116
863 -33.0541 -71.6115
324 -33.054 -71.6114
593 -33.054 -71.6114
734 -33.054 -71.6113
141 -33.0538 -71.6113
421 -33.0539 -71.6112
821 -33.0539 -71.6111
143 -33.0538 -71.6111
681 -33.0538 -71.6105
227 -33.0538 -71.6112
607 -33.0537 -71.6112
771 -33.0537 -71.6112
861 -33.0537 -71.6109
498 -33.0536 -71.6111
936 -33.0536 -71.6113
235 -33.0536 -71.6111
415 -33.0536 -71.6107
943 -33.0536 -71.6114
433 -33.0534 -71.6114
931 -33.0535 -71.6114
68 -33.0535 -71.6111
268 -33.0535 -71.6106
745 -33.0535 -71.6106
782 -33.0535 -71.6086
556 -33.0535 -71.6086
390 -33.0535 -71.6087
276 -33.0534 -71.6088
120 -33.0535 -71.6087
675 -33.0535 -71.6086
349 -33.0541 -71.6085
624 -33.0542 -71.6085
417 -33.0541 -71.6085
673 -33.0541 -71.6085
192 -33.054 -71.6085
770 -33.054 -71.6085
125 -33.054 -71.6085
284 -33.054 -71.6085
845 -33.054 -71.6085
243 -33.054 -71.6085
505 -33.054 -71.6085
71 -33.054 -71.6085
325 -33.0539 -71.6085
882 -33.054 -71.6085
16 -33.0539 -71.6085
736 -33.0539 -71.6085
321 -33.0538 -71.6085
294 -33.0538 -71.6085
788 -33.0538 -71.6085
357 -33.0536 -71.6085
811 -33.0536 -71.6086
997 -33.0536 -71.6085
375 -33.0535 -71.6085
172 -33.0538 -71.6085
199 -33.0538 -71.6085
319 -33.0538 -71.6085
229 -33.0538 -71.6085
544 -33.0534 -71.6085
287 -33.0534 -71.6085
395 -33.0534 -71.6085
158 -33.055 -71.6082
79 -33.0578 -71.6082
499 -33.0579 -71.6082
332 -33.0579 -71.6082
934 -33.0578 -71.6082
469 -33.0578 -71.6082
11 -33.0577 -71.6081
400 -33.0576 -71.6081
977 -33.0581 -71.6081
528 -33.059 -71.6079
925 -33.0587 -71.6079
280 -33.0588 -71.6078
159 -33.0587 -71.6079
581 -33.0582 -71.6081
672 -33.0583 -71.608
903 -33.0584 -71.608
461 -33.0575 -71.6081
335 -33.0575 -71.6081
929 -33.0575 -71.6081
657 -33.0574 -71.6081
700 -33.0574 -71.6081
285 -33.0573 -71.608
473 -33.0573 -71.608
912 -33.0572 -71.608
705 -33.0572 -71.608
225 -33.057 -71.608
858 -33.0569 -71.608
438 -33.0569 -71.608
168 -33.0569 -71.608
888 -33.0569 -71.608
740 -33.0568 -71.608
46 -33.0567 -71.608
419 -33.0588 -71.6078
474 -33.0594 -71.6077
300 -33.0597 -71.6077
808 -33.0594 -71.6076
677 -33.0593 -71.6076
63 -33.0588 -71.6078
281 -33.0591 -71.6077
311 -33.058 -71.6067
112 -33.0586 -71.6066
331 -33.0589 -71.6065
291 -33.0593 -71.6064
441 -33.0598 -71.6045
147 -33.0588 -71.604
491 -33.0588 -71.6065
525 -33.0583 -71.6065
870 -33.0587 -71.6041
90 -33.058 -71.6044
223 -33.0572 -71.6069
411 -33.0573 -71.6069
296 -33.0575 -71.6069
613 -33.0572 -71.6075
83 -33.0568 -71.6071
873 -33.0569 -71.6071
477 -33.057 -71.6071
513 -33.0574 -71.6069
129 -33.0575 -71.6069
768 -33.0576 -71.6049
924 -33.0577 -71.6046
527 -33.0575 -71.6069
221 -33.0574 -71.6048
196 -33.0569 -71.6046
282 -33.0567 -71.608
555 -33.0566 -71.608
833 -33.0566 -71.608
422 -33.0566 -71.608
138 -33.0566 -71.608
944 -33.0565 -71.608
592 -33.0565 -71.608
478 -33.0565 -71.608
810 -33.0564 -71.608
918 -33.0564 -71.608
219 -33.0564 -71.608
980 -33.0564 -71.608
772 -33.0564 -71.608
878 -33.0563 -71.608
723 -33.0563 -71.608
662 -33.0563 -71.608
489 -33.0562 -71.608
540 -33.0558 -71.6081
706 -33.0552 -71.6081
626 -33.0552 -71.6081
923 -33.0552 -71.6081
952 -33.0551 -71.6082
840 -33.0551 -71.6081
183 -33.0551 -71.6081
32 -33.0552 -71.6081
715 -33.0561 -71.6079
458 -33.0561 -71.6079
378 -33.0561 -71.6079
753 -33.0561 -71.6079
664 -33.056 -71.6079
470 -33.056 -71.6079
156 -33.0559 -71.6079
73 -33.0559 -71.6079
62 -33.0559 -71.6079
350 -33.0558 -71.6079
503 -33.0558 -71.6077
622 -33.0557 -71.6077
261 -33.0557 -71.6077
843 -33.0558 -71.6076
984 -33.056 -71.6076
472 -33.0565 -71.6073
857 -33.0565 -71.6073
922 -33.0567 -71.6072
78 -33.0565 -71.6045
825 -33.056 -71.6075
954 -33.0561 -71.6075
769 -33.0562 -71.6075
557 -33.0557 -71.6078
110 -33.0556 -71.6078
532 -33.0556 -71.6078
381 -33.0556 -71.6078
94 -33.0555 -71.6078
746 -33.0555 -71.6079
595 -33.0545 -71.6053
98 -33.0546 -71.6052
256 -33.0547 -71.6052
937 -33.0553 -71.6048
169 -33.0555 -71.6044
620 -33.0556 -71.6044
293 -33.0547 -71.6045
957 -33.0537 -71.6048
99 -33.0546 -71.6046
230 -33.0534 -71.6085
661 -33.0526 -71.6121
356 -33.0533 -71.6115
391 -33.0534 -71.6114
725 -33.0525 -71.6121
877 -33.0525 -71.6121
265 -33.0524 -71.6121
372 -33.0525 -71.6117
437 -33.0533 -71.611
738 -33.0533 -71.611
233 -33.0533 -71.611
82 -33.0533 -71.611
306 -33.0533 -71.611
185 -33.0531 -71.6109
707 -33.053 -71.6108
562 -33.0528 -71.6105
599 -33.0522 -71.612
655 -33.0522 -71.612
201 -33.0518 -71.612
942 -33.0518 -71.612
392 -33.0517 -71.612
180 -33.0512 -71.6121
902 -33.0517 -71.612
275 -33.0514 -71.6119
449 -33.0513 -71.6119
336 -33.0517 -71.6118
517 -33.052 -71.6118
744 -33.052 -71.6118
915 -33.0515 -71.6119
996 -33.0512 -71.6119
621 -33.0513 -71.6119
33 -33.0512 -71.6114
181 -33.0528 -71.6105
625 -33.0528 -71.6105
91 -33.0528 -71.6105
658 -33.0528 -71.6105
534 -33.0527 -71.6105
203 -33.0526 -71.6102
623 -33.0525 -71.6102
867 -33.0525 -71.6101
382 -33.0525 -71.6101
299 -33.0533 -71.61
791 -33.0523 -71.6098
578 -33.0532 -71.6096
566 -33.0522 -71.6097
699 -33.0515 -71.6096
536 -33.0522 -71.6096
429 -33.0522 -71.6095
584 -33.0515 -71.6096
451 -33.0512 -71.6099
95 -33.0512 -71.6099
330 -33.0513 -71.6098
969 -33.0511 -71.61
898 -33.0509 -71.6102
841 -33.0511 -71.61
246 -33.0511 -71.61
684 -33.0513 -71.6098
543 -33.0514 -71.6097
396 -33.0515 -71.6096
114 -33.0515 -71.6096
926 -33.0514 -71.6097
131 -33.0514 -71.6097
352 -33.0514 -71.6097
338 -33.0509 -71.6102
240 -33.0499 -71.6119
64 -33.0499 -71.6118
654 -33.0499 -71.6116
363 -33.0499 -71.6119
481 -33.0499 -71.612
828 -33.0499 -71.612
425 -33.0499 -71.6119
207 -33.05 -71.6115
709 -33.05 -71.6114
665 -33.05 -71.6114
86 -33.05 -71.6112
548 -33.05 -71.6114
76 -33.05 -71.6115
522 -33.05 -71.6115
444 -33.0498 -71.6113
847 -33.0497 -71.6112
248 -33.0491 -71.6114
418 -33.0491 -71.6114
971 -33.0491 -71.6114
590 -33.0491 -71.6114
648 -33.049 -71.612
538 -33.049 -71.612
728 -33.049 -71.6118
119 -33.0491 -71.6114
807 -33.0492 -71.6113
153 -33.0495 -71.6112
178 -33.0494 -71.6112
231 -33.0491 -71.6113
823 -33.0491 -71.6114
634 -33.049 -71.6112
518 -33.05 -71.6112
974 -33.0508 -71.6102
524 -33.0508 -71.6102
379 -33.0505 -71.6102
766 -33.0505 -71.6102
258 -33.0502 -71.6103
428 -33.0502 -71.6103
465 -33.0502 -71.6102
817 -33.0505 -71.6102
750 -33.0505 -71.6102
164 -33.0503 -71.6101
539 -33.0503 -71.6101
439 -33.0503 -71.6101
526 -33.0503 -71.6102
317 -33.0502 -71.6101
932 -33.0502 -71.6101
651 -33.0501 -71.6104
96 -33.0501 -71.6109
779 -33.0501 -71.6109
241 -33.0501 -71.6108
947 -33.0501 -71.6109
685 -33.05 -71.6111
804 -33.05 -71.6111
596 -33.0501 -71.6109
329 -33.0501 -71.6108
342 -33.0501 -71.6107
656 -33.0501 -71.6106
58 -33.0501 -71.6105
719 -33.0501 -71.6107
312 -33.0501 -71.6108
899 -33.0493 -71.6106
630 -33.0516 -71.6095
737 -33.0533 -71.6089
103 -33.0534 -71.6085
993 -33.0534 -71.6085
670 -33.0533 -71.6084
910 -33.0531 -71.6093
242 -33.0532 -71.609
8 -33.0532 -71.6084
244 -33.0532 -71.6084
975 -33.0531 -71.6084
371 -33.053 -71.6084
257 -33.053 -71.6083
232 -33.053 -71.6083
339 -33.0529 -71.6083
215 -33.0529 -71.6083
813 -33.0529 -71.6083
682 -33.0522 -71.6083
161 -33.0521 -71.6095
270 -33.0521 -71.6095
184 -33.0521 -71.6086
567 -33.0521 -71.6086
616 -33.052 -71.6088
289 -33.0521 -71.6087
6 -33.0521 -71.6086
921 -33.0521 -71.6085
410 -33.0522 -71.6083
875 -33.0522 -71.6083
67 -33.0522 -71.6083
264 -33.0522 -71.6083
667 -33.0521 -71.6085
359 -33.0521 -71.6085
871 -33.0521 -71.6084
839 -33.0527 -71.6082
564 -33.0526 -71.6082
731 -33.0526 -71.6082
358 -33.0525 -71.6082
65 -33.0525 -71.6082
267 -33.0524 -71.6082
397 -33.0524 -71.6081
193 -33.0524 -71.6081
245 -33.0524 -71.6081
406 -33.0532 -71.6065
30 -33.0526 -71.6048
1 -33.0533 -71.6047
826 -33.0526 -71.6048
122 -33.0524 -71.6081
895 -33.0524 -71.6081
989 -33.0524 -71.6081
720 -33.0524 -71.6081
691 -33.0523 -71.6081
806 -33.0523 -71.6081
308 -33.0523 -71.6081
247 -33.0523 -71.6081
554 -33.0522 -71.6082
887 -33.0523 -71.6081
388 -33.0523 -71.6081
21 -33.0523 -71.6081
194 -33.0522 -71.608
628 -33.0522 -71.6079
913 -33.0522 -71.6077
776 -33.0522 -71.6076
492 -33.0521 -71.6073
896 -33.0521 -71.6071
800 -33.052 -71.607
906 -33.052 -71.6093
508 -33.052 -71.6093
609 -33.0519 -71.6092
490 -33.0519 -71.6093
953 -33.0517 -71.6094
37 -33.0517 -71.6094
995 -33.0518 -71.6093
104 -33.0519 -71.6092
965 -33.052 -71.609
893 -33.052 -71.609
959 -33.052 -71.609
445 -33.052 -71.6091
914 -33.0519 -71.6092
617 -33.0519 -71.6092
689 -33.0519 -71.6092
135 -33.0517 -71.6094
45 -33.0516 -71.6095
570 -33.0516 -71.6095
594 -33.0517 -71.6094
777 -33.0516 -71.6095
426 -33.0516 -71.6095
443 -33.0516 -71.6095
4 -33.0503 -71.6092
695 -33.0498 -71.6091
798 -33.0504 -71.609
717 -33.0517 -71.609
249 -33.0504 -71.6089
288 -33.0504 -71.609
985 -33.0497 -71.6091
865 -33.0504 -71.6091
41 -33.052 -71.6089
552 -33.052 -71.6089
188 -33.0513 -71.6087
59 -33.0513 -71.6087
380 -33.0513 -71.6087
568 -33.0513 -71.6087
618 -33.0511 -71.6086
346 -33.0509 -71.6085
39 -33.051 -71.6085
121 -33.0515 -71.6083
514 -33.0518 -71.6065
149 -33.0518 -71.6047
650 -33.0515 -71.6083
47 -33.0512 -71.6084
28 -33.0513 -71.6084
781 -33.0514 -71.6083
507 -33.0509 -71.6085
3 -33.0505 -71.6086
729 -33.0505 -71.6086
344 -33.0508 -71.6085
792 -33.0505 -71.6087
486 -33.0504 -71.6088
702 -33.0504 -71.6088
814 -33.0505 -71.6087
663 -33.0506 -71.6085
928 -33.0506 -71.6085
459 -33.0505 -71.6085
824 -33.0505 -71.6085
559 -33.0504 -71.6085
162 -33.0501 -71.6085
533 -33.0494 -71.604
