271 -33.0613 -71.6159
619 -33.0614 -71.6159
760 -33.0614 -71.6159
838 -33.0608 -71.6161
466 -33.0603 -71.6163
290 -33.0607 -71.6162
907 -33.0608 -71.6161
301 -33.0622 -71.6158
754 -33.0618 -71.6158
978 -33.0627 -71.6151
475 -33.0626 -71.615
455 -33.0616 -71.6158
154 -33.0607 -71.6155
803 -33.0609 -71.6155
456 -33.0609 -71.6154
446 -33.0603 -71.6159
166 -33.06 -71.6165
179 -33.06 -71.6165
403 -33.0601 -71.6164
495 -33.0599 -71.6165
171 -33.0594 -71.6167
448 -33.0595 -71.6167
145 -33.0598 -71.6165
423 -33.0601 -71.6161
698 -33.0597 -71.6147
549 -33.0597 -71.6146
726 -33.0597 -71.6145
7 -33.0596 -71.6148
962 -33.0596 -71.6148
773 -33.0596 -71.6148
809 -33.0596 -71.6146
424 -33.0599 -71.6145
123 -33.0606 -71.6141
686 -33.0607 -71.614
483 -33.0607 -71.6139
467 -33.0606 -71.6141
279 -33.0602 -71.6143
945 -33.0603 -71.6143
61 -33.0605 -71.6141
127 -33.0608 -71.6136
917 -33.0623 -71.6135
118 -33.0639 -71.6133
531 -33.0627 -71.613
579 -33.0621 -71.6131
762 -33.0608 -71.6135
994 -33.061 -71.6134
189 -33.061 -71.6134
751 -33.0601 -71.6134
819 -33.0598 -71.6144
367 -33.06 -71.6144
274 -33.0601 -71.6142
967 -33.0598 -71.6138
107 -33.0594 -71.6142
355 -33.0594 -71.6142
405 -33.0595 -71.614
927 -33.0598 -71.6137
580 -33.0601 -71.6134
641 -33.06 -71.6133
150 -33.0601 -71.6133
69 -33.06 -71.6134
354 -33.0598 -71.6137
373 -33.0598 -71.6136
341 -33.0592 -71.6144
930 -33.0591 -71.6169
908 -33.0591 -71.6168
611 -33.0591 -71.6168
946 -33.059 -71.6169
727 -33.0588 -71.617
614 -33.0588 -71.617
487 -33.0588 -71.617
767 -33.0587 -71.6154
198 -33.0589 -71.6152
546 -33.0591 -71.6151
49 -33.0592 -71.6151
117 -33.0588 -71.6153
711 -33.0588 -71.6154
488 -33.0588 -71.6148
992 -33.0588 -71.6148
506 -33.0587 -71.6168
830 -33.0585 -71.6173
327 -33.0585 -71.6172
393 -33.0586 -71.6172
128 -33.0585 -71.6173
703 -33.0583 -71.6174
504 -33.0584 -71.6173
262 -33.0584 -71.6166
431 -33.0584 -71.6164
89 -33.0587 -71.6154
228 -33.0585 -71.6153
636 -33.0586 -71.6149
787 -33.0584 -71.6148
600 -33.0583 -71.6151
105 -33.0583 -71.6148
721 -33.0583 -71.6148
545 -33.0585 -71.6147
434 -33.059 -71.6145
761 -33.059 -71.6145
450 -33.0591 -71.6145
844 -33.059 -71.6146
292 -33.0589 -71.6146
254 -33.059 -71.6146
973 -33.059 -71.6146
464 -33.0591 -71.6136
402 -33.0591 -71.6136
916 -33.0591 -71.6135
102 -33.0591 -71.6135
950 -33.0591 -71.6134
730 -33.0588 -71.6133
822 -33.0589 -71.6133
919 -33.0589 -71.6132
892 -33.0586 -71.6147
864 -33.0586 -71.6147
797 -33.0586 -71.6146
512 -33.0586 -71.6144
211 -33.0585 -71.6137
175 -33.0584 -71.6139
571 -33.0584 -71.6138
521 -33.0583 -71.6134
881 -33.0583 -71.6134
668 -33.0586 -71.6133
42 -33.0585 -71.613
233 -33.0585 -71.613
306 -33.0585 -71.613
707 -33.0583 -71.613
18 -33.0584 -71.613
655 -33.0585 -71.613
238 -33.0627 -71.613
501 -33.0626 -71.613
51 -33.0627 -71.6123
408 -33.0612 -71.6122
679 -33.061 -71.6123
387 -33.061 -71.6123
370 -33.0611 -71.6123
537 -33.0612 -71.6122
366 -33.0627 -71.6122
958 -33.0627 -71.6122
286 -33.0626 -71.6121
407 -33.0614 -71.6121
251 -33.0612 -71.6122
674 -33.0612 -71.6122
747 -33.0613 -71.6122
789 -33.061 -71.6123
134 -33.0604 -71.613
816 -33.0605 -71.6128
160 -33.0606 -71.6127
224 -33.0604 -71.6128
146 -33.0603 -71.613
347 -33.0604 -71.6128
603 -33.0603 -71.6127
310 -33.0606 -71.6127
693 -33.0608 -71.6125
255 -33.0608 -71.6125
577 -33.061 -71.6124
272 -33.0608 -71.6126
269 -33.0606 -71.6127
601 -33.0603 -71.6126
237 -33.0603 -71.6124
52 -33.0626 -71.6121
976 -33.0646 -71.6121
869 -33.063 -71.612
640 -33.0631 -71.612
642 -33.0628 -71.6121
57 -33.0624 -71.6121
413 -33.0622 -71.612
480 -33.0621 -71.612
733 -33.0623 -71.612
482 -33.0647 -71.6113
420 -33.065 -71.6112
326 -33.0649 -71.6109
523 -33.0638 -71.6112
209 -33.0629 -71.6119
774 -33.063 -71.6113
561 -33.0631 -71.6112
452 -33.0619 -71.6118
14 -33.0618 -71.612
351 -33.0619 -71.612
700 -33.0619 -71.6114
582 -33.0617 -71.612
307 -33.0607 -71.6116
627 -33.0609 -71.6115
12 -33.0612 -71.6115
934 -33.0619 -71.6112
285 -33.0619 -71.6112
646 -33.0618 -71.6111
705 -33.0618 -71.6111
818 -33.0618 -71.611
876 -33.0603 -71.611
879 -33.0618 -71.6109
986 -33.0603 -71.6128
19 -33.0594 -71.6129
615 -33.0594 -71.6129
863 -33.0595 -71.6128
324 -33.0593 -71.6129
837 -33.0591 -71.6129
334 -33.0593 -71.6129
70 -33.0593 -71.6129
202 -33.0595 -71.6128
759 -33.06 -71.6128
309 -33.06 -71.6128
22 -33.0601 -71.6128
414 -33.06 -71.6128
208 -33.0596 -71.6128
200 -33.0596 -71.6128
295 -33.0598 -71.6128
801 -33.0591 -71.6129
124 -33.0588 -71.6129
265 -33.0588 -71.6129
235 -33.0588 -71.6129
82 -33.0586 -71.613
599 -33.0585 -71.613
437 -33.0585 -71.613
738 -33.0585 -71.613
498 -33.0589 -71.6129
216 -33.0589 -71.6129
607 -33.059 -71.6129
87 -33.059 -71.6129
661 -33.0589 -71.6129
771 -33.0589 -71.6129
877 -33.0589 -71.6129
575 -33.0601 -71.6128
991 -33.0595 -71.6125
955 -33.0595 -71.612
376 -33.0595 -71.6118
602 -33.0595 -71.6117
23 -33.0592 -71.6126
303 -33.0591 -71.6125
676 -33.0591 -71.6122
298 -33.0593 -71.6116
368 -33.0598 -71.6116
252 -33.0601 -71.6116
998 -33.0595 -71.6116
743 -33.0595 -71.6109
563 -33.0593 -71.6116
748 -33.0589 -71.6112
187 -33.0592 -71.6112
259 -33.0589 -71.6112
742 -33.0589 -71.6128
386 -33.0589 -71.6127
20 -33.0589 -71.6127
842 -33.0583 -71.6126
872 -33.0583 -71.6127
645 -33.0583 -71.6127
214 -33.0583 -71.6127
29 -33.0588 -71.6126
905 -33.0588 -71.6121
560 -33.0588 -71.6117
706 -33.0586 -71.6113
197 -33.0585 -71.6124
151 -33.0584 -71.6117
606 -33.0583 -71.6113
597 -33.0583 -71.6174
109 -33.0571 -71.6184
364 -33.0574 -71.6182
904 -33.0575 -71.6181
130 -33.0571 -71.6184
165 -33.057 -71.6183
979 -33.0567 -71.6183
10 -33.0567 -71.6182
961 -33.0575 -71.618
585 -33.0581 -71.617
204 -33.0582 -71.615
343 -33.0581 -71.615
66 -33.0578 -71.6178
100 -33.0576 -71.617
964 -33.0568 -71.6169
593 -33.0577 -71.6155
983 -33.0567 -71.6182
949 -33.0566 -71.6182
786 -33.0565 -71.6182
494 -33.0564 -71.6167
529 -33.0562 -71.616
712 -33.0562 -71.6159
217 -33.0562 -71.6159
900 -33.0562 -71.6159
574 -33.0561 -71.6152
115 -33.0563 -71.615
796 -33.0564 -71.615
24 -33.0564 -71.615
85 -33.0563 -71.6151
106 -33.0562 -71.6152
142 -33.0562 -71.6151
412 -33.0562 -71.6151
890 -33.0564 -71.615
323 -33.0581 -71.615
565 -33.058 -71.615
880 -33.058 -71.615
860 -33.0579 -71.615
320 -33.0579 -71.615
734 -33.0579 -71.615
421 -33.0577 -71.6149
361 -33.0578 -71.6149
795 -33.0577 -71.6149
340 -33.0577 -71.6149
835 -33.0578 -71.6149
116 -33.0577 -71.6149
399 -33.0577 -71.6149
93 -33.0576 -71.6149
812 -33.0576 -71.6149
177 -33.0575 -71.6149
5 -33.0564 -71.615
496 -33.0565 -71.6149
195 -33.0565 -71.6149
304 -33.0564 -71.615
647 -33.0564 -71.615
226 -33.0564 -71.615
497 -33.0564 -71.615
144 -33.0565 -71.6149
739 -33.0575 -71.6149
148 -33.0574 -71.6149
430 -33.0573 -71.6149
111 -33.0566 -71.6149
315 -33.0565 -71.6149
75 -33.0566 -71.6149
850 -33.0561 -71.6152
598 -33.0557 -71.6168
589 -33.0557 -71.6165
829 -33.0558 -71.6164
25 -33.0556 -71.6171
708 -33.0555 -71.6179
987 -33.0556 -71.6172
92 -33.0555 -71.6172
883 -33.0561 -71.6161
263 -33.056 -71.616
453 -33.056 -71.6159
479 -33.0561 -71.6158
239 -33.0559 -71.6159
416 -33.0557 -71.6159
573 -33.0556 -71.6159
889 -33.0555 -71.6159
170 -33.0555 -71.6159
629 -33.0549 -71.6182
409 -33.0553 -71.6179
511 -33.0552 -71.6178
849 -33.0548 -71.6185
516 -33.0538 -71.6184
509 -33.0545 -71.6184
427 -33.0548 -71.6184
710 -33.0555 -71.6172
333 -33.0554 -71.6158
113 -33.0553 -71.6158
605 -33.0552 -71.6158
639 -33.0552 -71.6158
155 -33.0552 -71.6158
988 -33.0526 -71.6158
697 -33.0561 -71.6158
692 -33.0561 -71.6158
652 -33.056 -71.6156
53 -33.056 -71.6156
174 -33.056 -71.6155
999 -33.056 -71.6155
191 -33.056 -71.6155
273 -33.056 -71.6155
313 -33.056 -71.6154
884 -33.0561 -71.6152
550 -33.0561 -71.6152
688 -33.0561 -71.6152
176 -33.056 -71.6152
859 -33.056 -71.6154
572 -33.056 -71.6153
940 -33.056 -71.6153
13 -33.0559 -71.6153
763 -33.0549 -71.6158
794 -33.0548 -71.6158
353 -33.0558 -71.6157
157 -33.0548 -71.6158
277 -33.0525 -71.6157
820 -33.0525 -71.6157
205 -33.0525 -71.6157
635 -33.0543 -71.6157
610 -33.0541 -71.6156
644 -33.0536 -71.6156
54 -33.0555 -71.6155
911 -33.0534 -71.6155
938 -33.0524 -71.6157
764 -33.0533 -71.6155
266 -33.0573 -71.6148
713 -33.0581 -71.6144
948 -33.0582 -71.6142
551 -33.0582 -71.6142
476 -33.0581 -71.6144
377 -33.0577 -71.6145
885 -33.0577 -71.6144
68 -33.0579 -71.6144
389 -33.0579 -71.6139
891 -33.0582 -71.6138
848 -33.0581 -71.6133
963 -33.0582 -71.6131
775 -33.0581 -71.6134
547 -33.058 -71.6138
210 -33.0581 -71.6137
212 -33.0581 -71.6136
520 -33.0577 -71.6131
253 -33.0573 -71.6147
185 -33.0574 -71.6144
831 -33.0574 -71.6143
756 -33.0572 -71.6148
385 -33.0572 -71.6148
783 -33.0572 -71.6148
632 -33.0571 -71.6148
687 -33.0575 -71.6141
181 -33.0575 -71.614
625 -33.0575 -71.6139
591 -33.0576 -71.6134
91 -33.0574 -71.6138
382 -33.0572 -71.6136
867 -33.0571 -71.6135
40 -33.0574 -71.6135
35 -33.0577 -71.6131
227 -33.0582 -71.6131
942 -33.0581 -71.613
201 -33.0581 -71.613
392 -33.0581 -71.613
902 -33.0581 -71.613
725 -33.058 -71.613
275 -33.0578 -71.6129
562 -33.0578 -71.6129
587 -33.0581 -71.6123
108 -33.0582 -71.6123
815 -33.0581 -71.611
442 -33.058 -71.6119
542 -33.058 -71.6115
15 -33.058 -71.6113
569 -33.0579 -71.6113
649 -33.0578 -71.6129
658 -33.0577 -71.6129
534 -33.0577 -71.6129
449 -33.0577 -71.6129
996 -33.0576 -71.6129
173 -33.0576 -71.6129
203 -33.0575 -71.6128
805 -33.0574 -71.6128
623 -33.0574 -71.6128
186 -33.0573 -71.6128
861 -33.0575 -71.6119
681 -33.0575 -71.6116
588 -33.0572 -71.6127
791 -33.0571 -71.6127
666 -33.0571 -71.6127
638 -33.057 -71.6127
17 -33.057 -71.6148
260 -33.0569 -71.6148
250 -33.0569 -71.6147
852 -33.0567 -71.6148
38 -33.0566 -71.6148
659 -33.0567 -71.6148
500 -33.0567 -71.6148
749 -33.0569 -71.6147
678 -33.0568 -71.6147
566 -33.0569 -71.6126
270 -33.0568 -71.6126
163 -33.0568 -71.6147
429 -33.0566 -71.6133
536 -33.0566 -71.6132
33 -33.0567 -71.6125
508 -33.0566 -71.6125
161 -33.0565 -71.6132
59 -33.0555 -71.6131
617 -33.0566 -71.6125
380 -33.0554 -71.6131
101 -33.0497 -71.6132
618 -33.0553 -71.6131
447 -33.0511 -71.6129
906 -33.0565 -71.6125
914 -33.0565 -71.6124
44 -33.0554 -71.6124
683 -33.0562 -71.6124
346 -33.0553 -71.6124
559 -33.0549 -71.6124
851 -33.0547 -71.6124
717 -33.0562 -71.6124
758 -33.0555 -71.6123
568 -33.0557 -71.6123
188 -33.0558 -71.6123
862 -33.0536 -71.6122
553 -33.0527 -71.6121
972 -33.0522 -71.612
901 -33.0528 -71.6116
348 -33.0528 -71.6116
855 -33.0539 -71.6112
314 -33.0539 -71.6112
394 -33.0539 -71.6112
660 -33.0539 -71.6111
81 -33.0529 -71.6116
604 -33.053 -71.6116
834 -33.0538 -71.611
793 -33.0521 -71.612
9 -33.0512 -71.6119
827 -33.0513 -71.6119
735 -33.05 -71.6115
696 -33.05 -71.6115
322 -33.0499 -71.6116
139 -33.0499 -71.6116
802 -33.0499 -71.6116
222 -33.05 -71.6114
982 -33.05 -71.6112
718 -33.05 -71.6111
360 -33.0501 -71.6109
633 -33.05 -71.6113
220 -33.0499 -71.6113
784 -33.0498 -71.6113
60 -33.0618 -71.6108
790 -33.064 -71.6108
11 -33.0631 -71.6104
499 -33.0633 -71.6103
297 -33.0618 -71.6108
474 -33.0618 -71.6108
740 -33.0618 -71.6107
43 -33.0618 -71.6106
63 -33.0632 -71.61
677 -33.0644 -71.6097
858 -33.0624 -71.6097
282 -33.0623 -71.6096
944 -33.062 -71.6094
422 -33.062 -71.6095
219 -33.062 -71.6095
723 -33.0619 -71.6094
608 -33.0617 -71.6107
918 -33.0615 -71.6103
581 -33.0617 -71.6103
576 -33.0617 -71.6103
903 -33.0614 -71.6107
190 -33.0604 -71.6106
26 -33.061 -71.6103
878 -33.0614 -71.6102
489 -33.0613 -71.6102
458 -33.0612 -71.61
715 -33.0617 -71.6094
664 -33.0616 -71.6094
62 -33.0611 -71.6098
138 -33.0605 -71.6096
970 -33.0608 -71.6096
94 -33.061 -71.6095
470 -33.0616 -71.6094
79 -33.063 -71.6093
469 -33.063 -71.6093
335 -33.0627 -71.6092
473 -33.0624 -71.6091
532 -33.061 -71.6093
438 -33.0621 -71.609
952 -33.0609 -71.6089
350 -33.0618 -71.6088
463 -33.062 -71.6086
72 -33.0622 -71.6085
225 -33.0624 -71.6079
478 -33.062 -71.6081
156 -33.0618 -71.6088
461 -33.061 -71.6086
419 -33.0617 -71.608
183 -33.0609 -71.6089
328 -33.0608 -71.6088
690 -33.0608 -71.6088
714 -33.0607 -71.6087
757 -33.0607 -71.6085
73 -33.0605 -71.6093
471 -33.0606 -71.6085
981 -33.0606 -71.6085
746 -33.0606 -71.6085
752 -33.0605 -71.6084
369 -33.0605 -71.6084
753 -33.0607 -71.6079
741 -33.0605 -71.6084
653 -33.0605 -71.6084
832 -33.0603 -71.6083
97 -33.0603 -71.6101
886 -33.0602 -71.6103
305 -33.0601 -71.6101
866 -33.0596 -71.6098
415 -33.0596 -71.6104
909 -33.0596 -71.6106
765 -33.0592 -71.6104
143 -33.059 -71.6101
626 -33.06 -71.6088
332 -33.0602 -71.6083
192 -33.0602 -71.6082
624 -33.0602 -71.6082
71 -33.0601 -71.6082
132 -33.06 -71.6088
2 -33.0592 -71.6088
810 -33.0598 -71.6082
362 -33.0589 -71.6095
391 -33.0584 -71.6104
141 -33.0588 -71.6102
657 -33.0586 -71.6101
558 -33.0584 -71.6106
770 -33.0582 -71.6105
745 -33.0582 -71.6101
433 -33.0583 -71.6098
856 -33.0587 -71.6093
236 -33.0588 -71.6088
257 -33.0583 -71.6087
554 -33.0583 -71.6085
875 -33.0583 -71.6084
454 -33.0582 -71.609
931 -33.0582 -71.6089
167 -33.0598 -71.6082
882 -33.0601 -71.6081
736 -33.06 -71.6081
294 -33.06 -71.608
788 -33.0599 -71.608
199 -33.0599 -71.608
846 -33.059 -71.6079
528 -33.059 -71.6079
806 -33.0586 -71.6079
375 -33.0597 -71.6079
468 -33.0601 -71.6079
888 -33.0601 -71.6078
731 -33.0587 -71.6079
989 -33.0586 -71.6079
122 -33.0587 -71.6079
397 -33.0587 -71.6079
245 -33.0586 -71.6079
675 -33.0584 -71.608
410 -33.0582 -71.608
264 -33.0583 -71.608
913 -33.0582 -71.6081
359 -33.0581 -71.6081
667 -33.0581 -71.6081
871 -33.0582 -71.6081
682 -33.0583 -71.608
308 -33.0585 -71.6079
691 -33.0586 -71.6079
720 -33.0586 -71.6079
21 -33.0585 -71.608
299 -33.0583 -71.608
194 -33.0584 -71.608
929 -33.0589 -71.6078
400 -33.0629 -71.6076
833 -33.0619 -71.6069
331 -33.0642 -71.6068
662 -33.0619 -71.6068
977 -33.0617 -71.6073
923 -33.0612 -71.607
808 -33.0612 -71.6068
672 -33.0625 -71.6068
924 -33.0635 -71.6065
291 -33.0637 -71.6064
90 -33.0637 -71.6064
441 -33.0634 -71.6065
381 -33.0611 -71.6066
557 -33.0617 -71.6065
147 -33.0633 -71.6065
836 -33.061 -71.6074
785 -33.0608 -71.6076
966 -33.0607 -71.6075
398 -33.0607 -71.6075
502 -33.0607 -71.6074
365 -33.0604 -71.6077
325 -33.06 -71.6077
56 -33.0607 -71.6076
46 -33.0601 -71.6072
137 -33.0608 -71.6068
159 -33.0609 -71.6065
925 -33.0607 -71.6064
300 -33.0606 -71.6068
912 -33.0602 -71.6072
281 -33.0602 -71.607
772 -33.0601 -71.6065
83 -33.0601 -71.6063
112 -33.0632 -71.6062
296 -33.0631 -71.6062
870 -33.0644 -71.6059
78 -33.0625 -71.6057
592 -33.0623 -71.6062
922 -33.0623 -71.6056
857 -33.0624 -71.6055
769 -33.0619 -71.6053
825 -33.0617 -71.6051
620 -33.0616 -71.605
169 -33.0616 -71.605
843 -33.0616 -71.605
32 -33.061 -71.6051
622 -33.0615 -71.6049
261 -33.0614 -71.6049
491 -33.061 -71.6055
129 -33.0601 -71.6063
505 -33.0601 -71.6061
284 -33.0601 -71.6061
845 -33.06 -71.6061
16 -33.0599 -71.6062
311 -33.06 -71.6062
411 -33.0599 -71.6062
417 -33.0602 -71.606
158 -33.0609 -71.6052
293 -33.0608 -71.6047
99 -33.0607 -71.6046
951 -33.0606 -71.6055
669 -33.0602 -71.6059
349 -33.0602 -71.6059
229 -33.0599 -71.6078
997 -33.0597 -71.6077
556 -33.0597 -71.6077
395 -33.0596 -71.6076
103 -33.0595 -71.6077
215 -33.0591 -71.6077
339 -33.0591 -71.6077
242 -33.0592 -71.6076
287 -33.0595 -71.6076
737 -33.0593 -71.6076
321 -33.0597 -71.6069
243 -33.0599 -71.6067
371 -33.0593 -71.6076
280 -33.0591 -71.6075
378 -33.0592 -71.6068
671 -33.0591 -71.6067
232 -33.0591 -71.6077
839 -33.059 -71.6077
813 -33.0591 -71.6077
980 -33.0584 -71.6067
110 -33.0584 -71.6073
887 -33.0582 -71.6075
182 -33.0583 -71.6071
168 -33.0584 -71.6067
247 -33.0584 -71.6066
126 -33.0588 -71.6066
704 -33.0588 -71.6066
910 -33.0589 -71.6065
555 -33.0587 -71.6066
267 -33.0586 -71.6066
578 -33.0586 -71.6066
628 -33.0582 -71.6065
404 -33.0595 -71.6065
954 -33.0594 -71.6064
125 -33.0594 -71.6064
230 -33.0594 -71.6064
8 -33.0593 -71.6064
670 -33.0593 -71.6064
873 -33.0593 -71.6064
276 -33.0594 -71.6064
120 -33.0595 -71.6064
544 -33.0595 -71.6063
172 -33.0599 -71.6063
256 -33.0594 -71.6055
527 -33.0592 -71.6063
221 -33.0591 -71.6054
1 -33.0593 -71.6047
513 -33.0591 -71.6063
525 -33.059 -71.6063
840 -33.0584 -71.6062
223 -33.0585 -71.6062
782 -33.0583 -71.6062
136 -33.0582 -71.6059
984 -33.0583 -71.6058
564 -33.0583 -71.6057
196 -33.0587 -71.6051
957 -33.0587 -71.6051
826 -33.0588 -71.6041
30 -33.0589 -71.604
406 -33.0587 -71.605
595 -33.0583 -71.6051
937 -33.0586 -71.6051
921 -33.0581 -71.6081
821 -33.0581 -71.6108
510 -33.0577 -71.6107
384 -33.0577 -71.6102
372 -33.0576 -71.6101
673 -33.0574 -71.6106
540 -33.0575 -71.6103
915 -33.0568 -71.6099
268 -33.058 -71.6099
975 -33.0573 -71.6096
874 -33.0576 -71.6088
535 -33.0575 -71.6088
517 -33.0571 -71.6099
336 -33.0569 -71.6098
358 -33.0568 -71.6097
744 -33.0568 -71.6095
65 -33.0567 -71.6096
27 -33.0553 -71.6104
278 -33.0552 -71.6104
920 -33.0557 -71.6104
345 -33.0549 -71.6104
337 -33.0543 -71.6105
401 -33.0548 -71.6104
133 -33.0549 -71.6103
74 -33.055 -71.6101
621 -33.0565 -71.61
895 -33.0566 -71.6096
388 -33.0565 -71.6096
162 -33.056 -71.6085
180 -33.056 -71.6095
995 -33.0559 -71.6095
894 -33.0556 -71.6094
522 -33.0546 -71.6085
804 -33.0548 -71.6084
244 -33.058 -71.6083
947 -33.0549 -71.6083
518 -33.0548 -71.6084
548 -33.0546 -71.6085
86 -33.0547 -71.6085
685 -33.0548 -71.6084
811 -33.0579 -71.6083
779 -33.055 -71.6082
342 -33.055 -71.6082
329 -33.055 -71.6082
719 -33.055 -71.6082
596 -33.0549 -71.6083
96 -33.0549 -71.6083
241 -33.055 -71.6082
709 -33.0546 -71.6085
665 -33.0546 -71.6085
444 -33.0545 -71.6085
207 -33.0545 -71.6085
76 -33.0545 -71.6085
847 -33.0544 -71.6085
654 -33.0543 -71.6085
153 -33.0542 -71.6085
64 -33.0542 -71.6085
240 -33.0542 -71.6085
363 -33.0542 -71.6085
178 -33.0541 -71.6085
425 -33.0541 -71.6085
828 -33.0541 -71.6085
481 -33.0541 -71.6085
780 -33.0541 -71.6105
31 -33.0537 -71.6105
77 -33.0538 -71.6105
383 -33.0514 -71.6097
716 -33.0514 -71.6097
530 -33.0508 -71.6102
724 -33.0507 -71.6102
968 -33.0511 -71.61
694 -33.0515 -71.6096
206 -33.052 -71.609
853 -33.052 -71.6088
140 -33.0521 -71.6087
440 -33.0519 -71.6092
48 -33.0516 -71.6095
933 -33.0517 -71.6094
283 -33.0518 -71.6094
722 -33.0507 -71.6102
485 -33.0501 -71.6106
493 -33.0501 -71.6105
583 -33.0502 -71.6104
935 -33.0501 -71.6106
34 -33.0501 -71.6107
80 -33.0501 -71.6107
88 -33.0501 -71.6106
152 -33.0507 -71.6102
55 -33.0506 -71.6102
755 -33.0505 -71.6102
939 -33.0503 -71.6102
643 -33.0502 -71.6101
484 -33.0502 -71.6102
732 -33.0502 -71.6101
318 -33.0521 -71.6087
119 -33.0537 -71.6085
418 -33.0537 -71.6085
823 -33.0537 -71.6085
234 -33.0537 -71.6085
680 -33.0536 -71.6085
590 -33.0536 -71.6085
701 -33.0536 -71.6085
807 -33.0539 -71.6085
457 -33.0539 -71.6085
956 -33.0539 -71.6085
634 -33.0538 -71.6085
231 -33.0538 -71.6085
728 -33.0535 -71.6085
0 -33.0534 -71.6085
637 -33.0534 -71.6085
538 -33.0532 -71.6084
648 -33.0532 -71.6084
462 -33.053 -71.6083
50 -33.0522 -71.6083
941 -33.0521 -71.6085
213 -33.0521 -71.6086
897 -33.0521 -71.6085
799 -33.0506 -71.6085
374 -33.0529 -71.6083
515 -33.0529 -71.6083
302 -33.0529 -71.6083
432 -33.0528 -71.6083
612 -33.0527 -71.6082
868 -33.0522 -71.6083
36 -33.0522 -71.6082
960 -33.0526 -71.6082
616 -33.0578 -71.6082
959 -33.0577 -71.6081
289 -33.058 -71.6081
965 -33.0576 -71.6081
896 -33.0576 -71.6081
445 -33.0576 -71.6081
650 -33.0576 -71.6081
893 -33.0575 -71.6081
993 -33.0581 -71.6078
193 -33.0577 -71.6076
613 -33.0577 -71.6073
319 -33.0577 -71.6076
609 -33.0575 -71.6081
800 -33.0575 -71.6081
390 -33.0577 -71.6072
490 -33.0574 -71.6081
28 -33.0574 -71.6081
37 -33.0572 -71.608
594 -33.0572 -71.608
570 -33.0572 -71.608
39 -33.0571 -71.608
630 -33.0571 -71.608
45 -33.0571 -71.608
699 -33.057 -71.608
514 -33.057 -71.608
426 -33.057 -71.608
584 -33.0569 -71.608
114 -33.0569 -71.608
131 -33.0568 -71.608
684 -33.0567 -71.608
663 -33.0567 -71.608
352 -33.0567 -71.6072
6 -33.0579 -71.6068
184 -33.0579 -71.6068
67 -33.0581 -71.6067
567 -33.0578 -71.6068
41 -33.0576 -71.6069
552 -33.0576 -71.6068
503 -33.0578 -71.6066
357 -33.0578 -71.6062
990 -33.058 -71.6062
477 -33.058 -71.6059
149 -33.0581 -71.6047
460 -33.0578 -71.6058
316 -33.0577 -71.6058
98 -33.0575 -71.6051
768 -33.0576 -71.6049
492 -33.0575 -71.6067
543 -33.0568 -71.6071
443 -33.0569 -71.6071
777 -33.0569 -71.6071
926 -33.0568 -71.6071
344 -33.0567 -71.6072
396 -33.0568 -71.6072
936 -33.0568 -71.6072
953 -33.0571 -71.607
689 -33.0574 -71.6069
104 -33.0574 -71.6069
472 -33.0575 -71.6061
776 -33.0572 -71.6047
47 -33.0572 -71.607
135 -33.0572 -71.607
943 -33.0566 -71.6072
330 -33.0566 -71.608
451 -33.0566 -71.608
824 -33.0566 -71.608
814 -33.0564 -71.608
3 -33.0564 -71.608
486 -33.0563 -71.608
249 -33.0562 -71.608
798 -33.0562 -71.608
288 -33.0562 -71.6079
524 -33.0561 -71.6079
338 -33.0561 -71.6079
865 -33.0561 -71.6079
428 -33.0554 -71.608
974 -33.0561 -71.6079
258 -33.0554 -71.6079
651 -33.0553 -71.608
312 -33.0551 -71.6082
218 -33.0525 -71.6082
519 -33.0524 -71.6081
586 -33.0524 -71.6081
778 -33.0524 -71.6081
541 -33.0523 -71.6081
436 -33.0522 -71.6081
854 -33.0523 -71.6081
656 -33.0552 -71.6081
58 -33.0553 -71.608
985 -33.0553 -71.608
84 -33.0523 -71.6081
631 -33.0523 -71.6081
435 -33.0519 -71.6081
695 -33.0555 -71.6079
702 -33.0562 -71.6075
841 -33.0563 -71.6074
246 -33.0563 -71.6074
898 -33.0561 -71.6075
4 -33.0559 -71.6079
817 -33.0558 -71.6078
766 -33.0558 -71.6077
969 -33.0564 -71.6074
95 -33.0565 -71.6073
928 -33.0565 -71.6073
356 -33.0565 -71.6073
121 -33.0564 -71.6045
459 -33.0564 -71.6073
507 -33.0558 -71.6046
781 -33.0562 -71.6044
379 -33.0557 -71.6077
750 -33.0557 -71.6078
539 -33.0557 -71.6078
439 -33.0557 -71.6078
164 -33.0556 -71.6078
317 -33.0555 -71.6079
932 -33.0555 -71.6078
465 -33.0555 -71.6078
526 -33.0556 -71.6078
792 -33.0554 -71.6048
729 -33.0554 -71.6048
533 -33.0552 -71.6045
899 -33.0533 -71.6064
971 -33.0528 -71.6066
248 -33.0528 -71.6066
