497 -33.0517 -71.6252
38 -33.0518 -71.625
315 -33.0518 -71.625
115 -33.0517 -71.6252
66 -33.0514 -71.6252
142 -33.0516 -71.6252
85 -33.0516 -71.6252
327 -33.0519 -71.6248
253 -33.0522 -71.6244
880 -33.0527 -71.6238
177 -33.0523 -71.6238
930 -33.0522 -71.6244
266 -33.0521 -71.6244
678 -33.0517 -71.6243
487 -33.052 -71.6234
176 -33.0513 -71.6253
961 -33.0512 -71.6255
940 -33.0512 -71.6254
935 -33.051 -71.6251
479 -33.0508 -71.6251
217 -33.0508 -71.6256
109 -33.0506 -71.6251
732 -33.0506 -71.6247
226 -33.0513 -71.6243
796 -33.0511 -71.6243
5 -33.0511 -71.6243
647 -33.0511 -71.6243
799 -33.0509 -71.6234
550 -33.0508 -71.6243
716 -33.0507 -71.6237
694 -33.0508 -71.6236
260 -33.0519 -71.6234
377 -33.0526 -71.6223
210 -33.0525 -71.6223
179 -33.052 -71.6222
500 -33.0516 -71.6233
703 -33.0513 -71.6232
775 -33.0513 -71.6212
216 -33.0513 -71.6203
587 -33.0514 -71.6202
301 -33.052 -71.62
816 -33.052 -71.6198
881 -33.052 -71.6197
376 -33.0519 -71.6197
373 -33.0515 -71.6201
542 -33.0519 -71.6199
69 -33.0517 -71.6199
713 -33.0513 -71.6212
890 -33.0512 -71.6231
440 -33.0512 -71.6231
283 -33.0511 -71.6231
547 -33.0511 -71.6212
313 -33.0506 -71.6231
901 -33.0509 -71.6231
637 -33.0506 -71.6213
919 -33.0511 -71.6202
456 -33.051 -71.6202
355 -33.0509 -71.6202
341 -33.0507 -71.6201
761 -33.0506 -71.6201
838 -33.0506 -71.6201
680 -33.0505 -71.6201
973 -33.0505 -71.6201
633 -33.0502 -71.6252
883 -33.0504 -71.6252
34 -33.0505 -71.6251
101 -33.05 -71.6259
598 -33.0498 -71.6259
786 -33.0498 -71.6252
829 -33.05 -71.6252
493 -33.0493 -71.6243
53 -33.0505 -71.6232
116 -33.0504 -71.622
399 -33.0504 -71.622
697 -33.0503 -71.6242
589 -33.0492 -71.6243
979 -33.0495 -71.6243
250 -33.0493 -71.6222
987 -33.0492 -71.6253
92 -33.0492 -71.6253
447 -33.0488 -71.6243
25 -33.0488 -71.6243
859 -33.0487 -71.6232
409 -33.0486 -71.6252
710 -33.0486 -71.6243
999 -33.0485 -71.6232
206 -33.0487 -71.6231
597 -33.0489 -71.6225
144 -33.0489 -71.6223
852 -33.0491 -71.6223
213 -33.0489 -71.6225
412 -33.0488 -71.6227
111 -33.0487 -71.6223
163 -33.0487 -71.6221
77 -33.0492 -71.6219
432 -33.0505 -71.6217
302 -33.0505 -71.6217
956 -33.0502 -71.6209
425 -33.0502 -71.6205
401 -33.0494 -71.6208
74 -33.05 -71.6204
891 -33.0493 -71.6202
76 -33.0499 -71.6202
86 -33.0495 -71.6201
434 -33.0495 -71.6201
844 -33.0496 -71.62
656 -33.0495 -71.6196
198 -33.0495 -71.6201
804 -33.0495 -71.6201
760 -33.0494 -71.6193
448 -33.0493 -71.6214
340 -33.0493 -71.6215
831 -33.0493 -71.6214
687 -33.0493 -71.6214
262 -33.0492 -71.6216
632 -33.0488 -71.6218
17 -33.0488 -71.6218
374 -33.0485 -71.6216
234 -33.0493 -71.6211
166 -33.0493 -71.6209
323 -33.0492 -71.6208
430 -33.0484 -71.6207
363 -33.0484 -71.6208
783 -33.0483 -71.6209
481 -33.0484 -71.6209
134 -33.0509 -71.6193
869 -33.0521 -71.6185
646 -33.0518 -71.6184
560 -33.0525 -71.6181
57 -33.0515 -71.6184
370 -33.0515 -71.6192
537 -33.0514 -71.619
668 -33.0515 -71.6184
774 -33.0524 -71.6181
475 -33.0526 -71.6172
931 -33.0519 -71.6167
936 -33.052 -71.6166
286 -33.0515 -71.6166
356 -33.0515 -71.6166
818 -33.0515 -71.6165
943 -33.0515 -71.6164
413 -33.0512 -71.6185
189 -33.0511 -71.6186
963 -33.0511 -71.6186
765 -33.0512 -71.6186
367 -33.051 -71.6186
428 -33.0497 -71.6189
549 -33.0501 -71.6184
255 -33.0502 -71.6183
582 -33.0508 -71.6181
978 -33.0507 -71.6181
407 -33.0506 -71.618
18 -33.051 -71.6163
389 -33.0504 -71.6165
408 -33.0502 -71.6179
426 -33.0501 -71.6166
743 -33.0503 -71.6165
20 -33.0515 -71.6163
118 -33.0527 -71.6159
945 -33.0526 -71.6158
991 -33.0525 -71.6157
872 -33.0525 -71.6151
297 -33.052 -71.6156
792 -33.0519 -71.6151
976 -33.0525 -71.615
299 -33.0519 -71.615
482 -33.0524 -71.615
507 -33.0519 -71.6148
578 -33.052 -71.6147
561 -33.0518 -71.6148
910 -33.0517 -71.6147
483 -33.0516 -71.6145
242 -33.0516 -71.6145
531 -33.0515 -71.6144
640 -33.0515 -71.6161
842 -33.0515 -71.6156
464 -33.051 -71.6156
608 -33.0509 -71.6156
450 -33.0498 -71.6158
268 -33.0506 -71.6157
822 -33.0498 -71.6157
950 -33.0509 -71.6156
501 -33.0515 -71.6144
737 -33.0515 -71.6144
2 -33.0514 -71.6143
124 -33.0514 -71.6143
879 -33.0507 -71.6155
60 -33.0506 -71.6155
689 -33.0497 -71.6166
379 -33.0494 -71.6188
42 -33.0495 -71.6188
361 -33.0495 -71.6188
539 -33.0494 -71.6191
524 -33.0494 -71.6185
841 -33.0491 -71.6182
95 -33.0489 -71.618
352 -33.0488 -71.6179
959 -33.0489 -71.6169
146 -33.0489 -71.6169
41 -33.049 -71.6168
391 -33.0489 -71.6169
641 -33.0488 -71.6174
150 -33.0488 -71.6174
609 -33.0488 -71.6172
570 -33.0487 -71.6175
684 -33.0486 -71.618
455 -33.0486 -71.618
543 -33.0486 -71.6179
809 -33.0485 -71.6183
803 -33.0484 -71.6186
730 -33.0484 -71.6186
246 -33.0484 -71.6185
396 -33.0486 -71.6179
698 -33.0487 -71.6178
699 -33.0487 -71.6178
443 -33.0487 -71.6176
754 -33.0487 -71.6178
488 -33.0483 -71.6171
953 -33.0485 -71.6168
433 -33.0494 -71.6166
123 -33.0493 -71.6165
726 -33.0494 -71.6165
893 -33.0494 -71.6165
279 -33.0493 -71.6165
602 -33.0492 -71.6165
6 -33.0492 -71.6165
107 -33.0492 -71.6165
955 -33.0494 -71.6165
476 -33.0495 -71.6162
251 -33.0495 -71.6162
375 -33.0494 -71.6145
295 -33.0494 -71.6147
887 -33.0492 -71.616
415 -33.0492 -71.6155
257 -33.0493 -71.6151
554 -33.0491 -71.6161
693 -33.0491 -71.6165
520 -33.0491 -71.6165
269 -33.0491 -71.6165
921 -33.0491 -71.6164
871 -33.0491 -71.6165
184 -33.049 -71.6165
442 -33.0487 -71.6164
580 -33.0486 -71.6164
271 -33.0486 -71.6164
141 -33.0491 -71.6164
682 -33.0491 -71.6163
731 -33.0483 -71.6146
160 -33.0483 -71.6148
267 -33.0483 -71.6147
780 -33.0483 -71.6215
849 -33.0478 -71.6253
735 -33.0475 -71.6253
629 -33.048 -71.6253
36 -33.0474 -71.6232
360 -33.0472 -71.6252
484 -33.0467 -71.6242
868 -33.0474 -71.6232
453 -33.0468 -71.6232
854 -33.0473 -71.623
586 -33.0473 -71.6229
631 -33.047 -71.6228
394 -33.0469 -71.6228
130 -33.0468 -71.623
529 -33.0468 -71.6229
900 -33.0468 -71.6228
897 -33.0466 -71.6229
718 -33.0466 -71.6257
80 -33.0465 -71.6254
485 -33.0465 -71.6254
764 -33.0465 -71.6251
516 -33.0464 -71.6257
222 -33.0465 -71.6256
583 -33.0465 -71.6251
509 -33.0465 -71.6251
911 -33.0465 -71.625
318 -33.0465 -71.6229
263 -33.0466 -71.6229
983 -33.0464 -71.6229
939 -33.0463 -71.6248
9 -33.0463 -71.6248
755 -33.0463 -71.6244
660 -33.0469 -71.6228
337 -33.048 -71.6213
701 -33.0481 -71.6211
457 -33.0482 -71.621
612 -33.0474 -71.6226
884 -33.0474 -71.6226
688 -33.0474 -71.6223
462 -33.0474 -71.6223
240 -33.0474 -71.6208
654 -33.0482 -71.6205
665 -33.0475 -71.6204
431 -33.0475 -71.6204
278 -33.0474 -71.6206
64 -33.0474 -71.6207
93 -33.0474 -71.6206
27 -33.0474 -71.6206
195 -33.0473 -71.6219
191 -33.0472 -71.6228
0 -33.0473 -71.6217
828 -33.0473 -71.6211
834 -33.0471 -71.6228
692 -33.0469 -71.6228
31 -33.0463 -71.6213
574 -33.0463 -71.6212
648 -33.0464 -71.621
496 -33.0466 -71.6205
231 -33.0466 -71.6204
830 -33.0466 -71.6204
418 -33.0466 -71.6205
538 -33.0464 -71.621
728 -33.0465 -71.6208
13 -33.0462 -71.6214
696 -33.0462 -71.6257
802 -33.0461 -71.6256
322 -33.0461 -71.6255
277 -33.0461 -71.6257
938 -33.046 -71.6256
139 -33.0459 -71.6255
205 -33.046 -71.6254
820 -33.046 -71.6254
55 -33.0462 -71.6246
722 -33.0461 -71.6243
152 -33.0461 -71.624
530 -33.0459 -71.6243
511 -33.0459 -71.6241
383 -33.0458 -71.6236
605 -33.0459 -71.6233
708 -33.0456 -71.624
220 -33.0436 -71.6255
643 -33.0436 -71.6244
827 -33.0438 -71.6243
784 -33.0435 -71.6255
988 -33.0434 -71.6253
982 -33.0434 -71.6252
88 -33.0434 -71.6247
427 -33.0439 -71.6243
972 -33.0447 -71.6238
635 -33.0447 -71.6238
933 -33.0451 -71.6232
793 -33.0446 -71.6238
644 -33.044 -71.6242
724 -33.0442 -71.6241
348 -33.0451 -71.6232
889 -33.0461 -71.623
435 -33.0456 -71.6224
855 -33.0457 -71.6222
862 -33.0456 -71.6224
170 -33.0453 -71.6227
573 -33.0454 -71.6226
941 -33.0456 -71.6224
314 -33.0458 -71.6221
519 -33.046 -71.6219
904 -33.0461 -71.6216
572 -33.0462 -71.6214
273 -33.0457 -71.6204
84 -33.0454 -71.621
778 -33.0455 -71.6208
174 -33.0457 -71.6204
712 -33.0453 -71.6204
639 -33.0452 -71.623
113 -33.0452 -71.6229
81 -33.045 -71.6226
48 -33.0449 -71.6225
794 -33.0448 -71.6225
553 -33.0448 -71.6224
157 -33.0448 -71.6224
968 -33.0441 -71.6222
333 -33.0448 -71.6209
604 -33.0446 -71.6208
10 -33.045 -71.6205
155 -33.0445 -71.6208
610 -33.0441 -71.622
763 -33.0444 -71.6207
548 -33.0482 -71.6204
709 -33.0481 -71.6203
522 -33.0481 -71.6203
207 -33.0481 -71.6203
565 -33.048 -71.6201
258 -33.0479 -71.6195
721 -33.0479 -71.6195
864 -33.0479 -71.6195
180 -33.048 -71.6194
254 -33.0481 -71.6191
292 -33.0482 -71.619
750 -33.0482 -71.619
164 -33.0481 -71.6192
812 -33.048 -71.6194
767 -33.048 -71.6193
992 -33.0481 -71.6193
787 -33.0478 -71.6197
518 -33.0476 -71.6202
727 -33.0469 -71.6201
329 -33.0477 -71.6199
614 -33.0468 -71.6201
971 -33.0465 -71.6204
807 -33.0466 -71.6203
178 -33.0467 -71.6201
495 -33.0477 -71.6199
444 -33.0468 -71.6195
685 -33.0469 -71.6192
947 -33.047 -71.6191
683 -33.0468 -71.6198
345 -33.0468 -71.6198
847 -33.0466 -71.6194
153 -33.0465 -71.6194
920 -33.047 -71.619
439 -33.0473 -71.6182
817 -33.0474 -71.618
974 -33.0473 -71.6172
932 -33.0473 -71.6182
805 -33.0472 -71.6185
465 -33.0472 -71.6183
336 -33.0473 -71.6172
777 -33.0478 -71.6166
67 -33.0482 -71.6151
649 -33.0482 -71.6149
998 -33.0483 -71.6148
445 -33.048 -71.6159
819 -33.0479 -71.6163
290 -33.0479 -71.6163
801 -33.0476 -71.6162
466 -33.0472 -71.6172
779 -33.047 -71.6189
860 -33.0471 -71.6188
651 -33.0471 -71.6187
546 -33.0469 -71.6161
342 -33.0468 -71.6183
320 -33.0468 -71.6183
117 -33.0467 -71.6161
131 -33.047 -71.6157
594 -33.0471 -71.6153
334 -33.0469 -71.6148
965 -33.0471 -71.6146
661 -33.0466 -71.6147
114 -33.0465 -71.6147
372 -33.0465 -71.6147
892 -33.0464 -71.616
106 -33.0459 -71.6202
850 -33.0459 -71.6202
504 -33.0461 -71.6192
44 -33.0458 -71.6192
515 -33.0457 -71.6201
851 -33.0456 -71.6201
218 -33.0453 -71.6199
304 -33.0457 -71.6191
58 -33.0463 -71.617
638 -33.0463 -71.617
894 -33.0463 -71.617
719 -33.0461 -71.6169
248 -33.0452 -71.6178
596 -33.046 -71.6169
795 -33.0459 -71.6169
541 -33.0451 -71.6199
239 -33.0449 -71.6199
436 -33.0451 -71.6199
50 -33.0449 -71.6199
949 -33.0447 -71.6199
853 -33.0446 -71.6199
416 -33.0446 -71.6199
140 -33.0446 -71.6199
165 -33.0449 -71.6198
652 -33.045 -71.6189
364 -33.045 -71.6189
960 -33.0448 -71.6189
119 -33.0447 -71.6169
590 -33.0446 -71.6169
823 -33.0447 -71.6169
758 -33.0446 -71.6169
908 -33.0463 -71.616
926 -33.0464 -71.6147
451 -33.0463 -71.6147
545 -33.0462 -71.616
946 -33.046 -71.616
317 -33.046 -71.616
666 -33.0456 -71.616
599 -33.0463 -71.6147
729 -33.0462 -71.6147
655 -33.0461 -71.6147
835 -33.046 -71.6146
942 -33.0458 -71.6146
201 -33.0458 -71.6146
392 -33.0457 -71.6146
338 -33.0456 -71.6146
96 -33.0454 -71.616
756 -33.0454 -71.6169
899 -33.0454 -71.6169
393 -33.0453 -71.6169
128 -33.0451 -71.6168
148 -33.045 -71.6159
385 -33.0448 -71.6159
133 -33.0447 -71.6159
75 -33.0442 -71.6159
766 -33.0453 -71.6145
588 -33.0448 -71.6145
526 -33.0451 -71.6145
312 -33.0445 -71.6145
634 -33.0441 -71.6159
241 -33.0444 -71.6145
745 -33.0484 -71.6143
948 -33.0527 -71.6137
505 -33.0518 -71.6136
192 -33.0519 -71.6135
298 -33.0517 -71.6131
782 -33.0516 -71.6139
556 -33.0515 -71.6138
675 -33.0515 -71.6137
874 -33.0517 -71.6131
994 -33.0517 -71.6131
592 -33.0517 -71.6118
922 -33.0519 -71.6118
132 -33.0517 -71.6118
866 -33.0516 -71.6131
810 -33.0516 -71.6118
772 -33.0516 -71.6118
811 -33.0514 -71.6138
276 -33.0513 -71.6139
390 -33.0514 -71.6138
120 -33.0514 -71.6138
72 -33.0511 -71.6125
686 -33.0503 -71.613
238 -33.0502 -71.613
463 -33.0511 -71.6127
747 -33.0511 -71.6125
19 -33.0514 -71.6119
790 -33.0512 -71.6119
326 -33.0512 -71.6118
414 -33.0511 -71.6123
521 -33.0511 -71.6125
576 -33.0511 -71.6125
420 -33.0511 -71.6123
83 -33.0522 -71.6117
873 -33.0523 -71.6117
970 -33.0525 -71.6117
98 -33.0526 -71.6117
43 -33.0515 -71.6115
917 -33.0512 -71.6114
523 -33.0508 -71.6113
469 -33.0509 -71.6102
636 -33.0508 -71.6102
354 -33.0523 -71.6098
579 -33.0521 -71.6094
368 -33.0519 -71.6092
925 -33.0517 -71.6094
513 -33.0507 -71.6102
591 -33.051 -71.6101
525 -33.0515 -71.6096
307 -33.0507 -71.6102
569 -33.0503 -71.6113
422 -33.0501 -71.6107
937 -33.0501 -71.6106
472 -33.0501 -71.6107
219 -33.0501 -71.611
944 -33.0501 -71.6108
555 -33.0501 -71.6108
46 -33.0501 -71.6106
400 -33.0506 -71.6102
402 -33.0505 -71.6102
52 -33.0506 -71.6102
225 -33.0502 -71.6102
857 -33.0501 -71.6106
613 -33.0501 -71.6091
662 -33.05 -71.6111
958 -33.0496 -71.6134
704 -33.0496 -71.6133
671 -33.0496 -71.6132
856 -33.0496 -71.6136
284 -33.0495 -71.6139
349 -33.0495 -71.6138
669 -33.0496 -71.6137
127 -33.0499 -71.613
26 -33.05 -71.613
626 -33.0498 -71.6124
923 -33.0498 -71.6124
137 -33.0498 -71.6127
51 -33.0495 -71.6129
158 -33.0497 -71.6127
316 -33.0498 -71.6127
882 -33.0495 -71.6139
762 -33.0495 -71.6142
321 -33.0495 -71.6142
480 -33.0495 -71.6141
199 -33.0495 -71.6142
319 -33.0495 -71.6142
229 -33.0495 -71.6142
577 -33.0484 -71.6141
97 -33.0486 -71.6134
642 -33.0495 -71.6129
187 -33.0492 -71.6129
182 -33.0488 -71.6125
404 -33.0488 -71.6125
351 -33.0485 -71.6129
14 -33.0484 -71.6129
32 -33.0498 -71.6123
470 -33.0499 -71.6116
305 -33.05 -71.6113
378 -33.05 -71.6112
622 -33.0499 -71.6118
746 -33.0499 -71.612
825 -33.0499 -71.6113
962 -33.0498 -71.6113
94 -33.0495 -71.6112
954 -33.05 -71.6112
769 -33.05 -71.6112
35 -33.0498 -71.61
773 -33.0498 -71.61
110 -33.0494 -71.6112
282 -33.0496 -71.6094
740 -33.0496 -71.6093
984 -33.0492 -71.6099
840 -33.0491 -71.6115
733 -33.0492 -71.6112
173 -33.049 -71.6112
398 -33.0489 -71.6121
846 -33.0488 -71.6112
571 -33.0487 -71.6112
214 -33.0487 -71.6112
981 -33.0485 -71.6111
674 -33.0491 -71.6099
843 -33.0491 -71.6099
261 -33.049 -71.6099
145 -33.0486 -71.6111
167 -33.0485 -71.6111
29 -33.0485 -71.6111
274 -33.05 -71.6091
467 -33.0517 -71.609
677 -33.052 -71.6088
291 -33.0521 -71.6087
281 -33.0515 -71.6083
619 -33.0515 -71.6088
259 -33.0514 -71.6087
331 -33.0514 -71.6083
808 -33.0517 -71.6082
528 -33.0522 -71.6081
300 -33.0522 -71.6077
748 -33.0522 -71.6076
768 -33.052 -71.6076
474 -33.0518 -71.6081
751 -33.0514 -71.6078
491 -33.0514 -71.6075
63 -33.0514 -71.6075
237 -33.0513 -71.6087
154 -33.0512 -71.6086
967 -33.0512 -71.6086
384 -33.0508 -71.6085
563 -33.0508 -71.6085
196 -33.0507 -71.6085
672 -33.0506 -71.6085
366 -33.0506 -71.6085
419 -33.0512 -71.6084
886 -33.0512 -71.6075
112 -33.0512 -71.6075
876 -33.051 -71.6074
209 -33.0506 -71.6085
627 -33.0505 -71.6085
927 -33.0509 -71.6074
175 -33.0521 -71.607
280 -33.0519 -71.6066
679 -33.0518 -71.6064
903 -33.0518 -71.6063
159 -33.0517 -71.6068
606 -33.0516 -71.6068
311 -33.0517 -71.606
581 -33.0517 -71.606
303 -33.0517 -71.606
332 -33.0515 -71.6057
40 -33.0514 -71.6055
441 -33.0526 -71.6054
147 -33.0513 -71.6053
79 -33.0513 -71.6059
461 -33.0513 -71.6054
527 -33.0513 -71.6054
499 -33.0513 -71.6059
558 -33.0509 -71.6067
506 -33.0512 -71.6058
929 -33.0509 -71.6058
411 -33.0509 -71.6058
221 -33.0508 -71.6067
129 -33.0508 -71.6066
212 -33.0506 -71.6057
705 -33.0505 -71.6057
870 -33.0513 -71.6052
223 -33.0512 -71.6052
473 -33.0511 -71.6051
858 -33.0508 -71.605
551 -33.0506 -71.605
90 -33.0506 -71.605
335 -33.0505 -71.6066
977 -33.0505 -71.6085
362 -33.0504 -71.6085
454 -33.0504 -71.6085
452 -33.0503 -71.6085
535 -33.05 -71.6091
61 -33.0499 -71.6084
12 -33.0499 -71.6084
934 -33.0504 -71.6073
512 -33.0503 -71.6073
11 -33.0502 -71.6072
657 -33.0504 -71.6066
510 -33.0502 -71.6072
797 -33.0502 -71.6072
296 -33.0501 -71.6072
848 -33.0501 -71.6072
190 -33.0498 -71.6091
912 -33.0496 -71.6084
676 -33.0494 -71.6083
424 -33.0493 -71.6083
888 -33.0492 -71.6083
723 -33.0491 -71.6091
503 -33.0486 -71.6091
7 -33.049 -71.6083
833 -33.0489 -71.6083
478 -33.0488 -71.6083
438 -33.0495 -71.6071
138 -33.0491 -71.607
228 -33.0488 -71.6068
49 -33.0484 -71.6082
753 -33.0488 -71.6067
700 -33.0503 -71.6066
285 -33.0503 -71.6066
645 -33.0504 -71.6056
168 -33.0503 -71.6056
477 -33.0501 -71.6066
918 -33.0499 -71.6055
878 -33.0498 -71.6054
458 -33.0496 -71.6054
664 -33.0495 -71.6053
980 -33.0502 -71.6048
924 -33.0502 -71.6047
489 -33.0501 -71.6047
540 -33.0499 -71.6046
156 -33.0499 -71.6046
73 -33.0498 -71.6045
557 -33.0496 -71.6044
706 -33.0494 -71.6038
593 -33.0494 -71.6053
78 -33.0493 -71.6053
421 -33.0492 -71.6052
227 -33.0492 -71.6052
350 -33.0488 -71.6065
62 -33.0488 -71.6065
381 -33.0491 -71.6052
532 -33.0491 -71.6051
502 -33.0485 -71.6041
620 -33.0485 -71.6037
169 -33.0486 -71.6037
752 -33.0485 -71.604
181 -33.0484 -71.604
966 -33.0484 -71.604
252 -33.0484 -71.6142
272 -33.0476 -71.6133
446 -33.0476 -71.6132
23 -33.0476 -71.6131
776 -33.0475 -71.6134
143 -33.0474 -71.6137
310 -33.0475 -71.6134
806 -33.0473 -71.6134
813 -33.0477 -71.6131
405 -33.048 -71.6128
197 -33.048 -71.6128
105 -33.048 -71.6128
907 -33.0479 -71.6128
371 -33.0477 -71.6129
916 -33.0478 -71.6128
387 -33.0476 -71.6127
423 -33.0472 -71.6127
309 -33.0472 -71.6142
386 -33.0472 -71.6134
986 -33.0471 -71.6133
410 -33.047 -71.6133
552 -33.0465 -71.6133
567 -33.0467 -71.6133
759 -33.0466 -71.6132
616 -33.0466 -71.6132
245 -33.047 -71.6127
691 -33.0469 -71.6126
247 -33.0469 -71.6126
781 -33.0465 -71.6132
208 -33.0464 -71.6132
202 -33.0463 -71.6132
615 -33.0463 -71.6132
403 -33.0473 -71.6126
832 -33.0482 -71.6114
741 -33.0482 -71.6113
15 -33.0483 -71.6111
236 -33.0481 -71.6111
997 -33.0479 -71.6123
294 -33.048 -71.6119
909 -33.048 -71.6111
789 -33.0476 -71.611
468 -33.0481 -71.6098
603 -33.0482 -71.6098
952 -33.0481 -71.6098
126 -33.048 -71.6098
736 -33.0475 -71.611
357 -33.0474 -71.611
757 -33.0477 -71.6098
230 -33.0473 -71.6113
359 -33.0466 -71.6125
171 -33.0464 -71.6125
611 -33.0473 -71.6114
151 -33.0464 -71.6125
102 -33.0463 -71.6125
108 -33.0462 -71.6124
711 -33.0462 -71.6124
347 -33.047 -71.611
670 -33.0469 -71.6109
742 -33.0468 -71.6109
172 -33.0469 -71.6098
395 -33.0465 -71.6098
905 -33.0465 -71.6109
8 -33.0463 -71.6098
397 -33.0462 -71.6109
104 -33.0462 -71.6131
837 -33.046 -71.6131
630 -33.0458 -71.6131
725 -33.0457 -71.613
584 -33.0457 -71.613
877 -33.0456 -71.613
330 -33.0454 -71.613
200 -33.0461 -71.6124
490 -33.0458 -71.6123
70 -33.0458 -71.6123
37 -33.0457 -71.6123
135 -33.0456 -71.6122
87 -33.0455 -71.6122
45 -33.0455 -71.6122
265 -33.0454 -71.6122
517 -33.0452 -71.613
744 -33.0452 -71.6129
969 -33.0452 -71.6129
739 -33.0449 -71.6129
902 -33.0449 -71.6129
996 -33.0444 -71.6129
749 -33.0444 -71.6129
915 -33.0447 -71.6129
898 -33.045 -71.6129
186 -33.0442 -71.6124
585 -33.0451 -71.6121
621 -33.0442 -71.612
659 -33.0441 -71.6121
964 -33.044 -71.6128
985 -33.0441 -71.6128
100 -33.0446 -71.612
720 -33.046 -71.6108
875 -33.0458 -71.6108
264 -33.0457 -71.6108
667 -33.0456 -71.6108
289 -33.0454 -71.6108
995 -33.0447 -71.6107
39 -33.0447 -71.6106
47 -33.0447 -71.6106
28 -33.0447 -71.6105
215 -33.046 -71.6098
193 -33.0454 -71.6098
650 -33.0447 -71.6102
449 -33.0447 -71.6105
275 -33.0447 -71.6105
121 -33.0447 -71.6102
344 -33.0446 -71.6104
486 -33.0444 -71.6117
814 -33.0445 -71.6116
824 -33.0445 -71.6114
798 -33.0444 -71.6119
24 -33.0442 -71.6115
4 -33.0443 -71.6104
288 -33.0443 -71.6102
663 -33.0445 -71.6102
928 -33.0445 -71.6101
494 -33.0444 -71.6101
459 -33.0444 -71.6101
3 -33.0443 -71.61
249 -33.0443 -71.6102
702 -33.0443 -71.6099
22 -33.0479 -71.6098
681 -33.0479 -71.6098
575 -33.0479 -71.6098
183 -33.0479 -71.6091
653 -33.0476 -71.6098
990 -33.0475 -71.6098
885 -33.0474 -71.6098
211 -33.0475 -71.609
324 -33.0473 -71.609
715 -33.0484 -71.6082
601 -33.0481 -71.6082
256 -33.0481 -71.6082
595 -33.048 -71.6082
785 -33.0472 -71.609
224 -33.048 -71.6082
600 -33.0473 -71.6082
861 -33.0472 -71.6098
821 -33.0471 -71.609
204 -33.0472 -71.6082
343 -33.0472 -71.6082
845 -33.0471 -71.6098
16 -33.0471 -71.6098
243 -33.0471 -71.6098
406 -33.0466 -71.609
328 -33.0471 -71.6082
836 -33.0471 -71.6082
714 -33.047 -71.6082
136 -33.047 -71.6081
734 -33.0469 -71.6081
951 -33.0469 -71.6081
771 -33.0465 -71.6081
607 -33.0465 -71.6081
89 -33.048 -71.6078
863 -33.0474 -71.6074
471 -33.0474 -71.6068
690 -33.0478 -71.6067
369 -33.0473 -71.6067
460 -33.0473 -71.6066
56 -33.0473 -71.6066
233 -33.0473 -71.6063
99 -33.0477 -71.604
815 -33.0483 -71.6037
673 -33.0482 -71.6035
382 -33.0482 -71.6035
770 -33.048 -71.6039
788 -33.0478 -71.604
293 -33.0479 -71.604
244 -33.0476 -71.6033
365 -33.0473 -71.6063
498 -33.0472 -71.6068
624 -33.0473 -71.6063
325 -33.0472 -71.606
91 -33.0472 -71.6055
185 -33.0467 -71.6069
437 -33.0469 -71.6069
957 -33.047 -71.6069
287 -33.0471 -71.6054
1 -33.0468 -71.6049
564 -33.0466 -71.6045
536 -33.047 -71.6043
122 -33.0466 -71.6041
65 -33.0465 -71.6045
358 -33.0465 -71.6045
235 -33.0464 -71.6081
68 -33.0463 -71.6081
417 -33.0463 -71.6081
125 -33.0462 -71.6081
707 -33.0462 -71.609
623 -33.0456 -71.6089
82 -33.0461 -71.6081
306 -33.0461 -71.6081
738 -33.0461 -71.6081
71 -33.0461 -71.6081
103 -33.0462 -71.607
658 -33.0463 -71.6068
975 -33.0458 -71.6071
544 -33.0456 -71.608
625 -33.0456 -71.6077
339 -33.0456 -71.6071
839 -33.0455 -71.6071
865 -33.0444 -71.6094
562 -33.0454 -71.608
867 -33.045 -71.608
33 -33.0442 -71.6097
695 -33.0441 -71.6088
353 -33.0441 -71.6088
54 -33.0441 -71.6084
566 -33.0446 -71.6079
21 -33.0449 -71.6071
194 -33.0449 -71.6071
149 -33.0451 -71.6071
270 -33.0448 -71.6073
429 -33.0446 -71.6076
914 -33.0446 -71.6073
534 -33.0463 -71.6068
993 -33.0463 -71.6068
203 -33.0463 -71.6065
232 -33.0462 -71.6062
791 -33.0462 -71.6061
895 -33.0456 -71.6065
308 -33.0456 -71.6065
161 -33.0455 -71.6064
906 -33.0461 -71.6054
508 -33.0461 -71.6054
628 -33.0461 -71.6047
388 -33.0462 -71.6046
913 -33.046 -71.6047
826 -33.0457 -71.6049
492 -33.0458 -71.6045
30 -33.0459 -71.6044
989 -33.0455 -71.6064
59 -33.0443 -71.6065
617 -33.0455 -71.606
717 -33.0454 -71.6058
380 -33.0442 -71.6064
533 -33.0433 -71.6066
618 -33.0442 -71.6062
162 -33.0435 -71.6058
188 -33.0453 -71.6053
568 -33.0453 -71.6053
896 -33.0455 -71.6049
800 -33.0455 -71.6046
514 -33.0452 -71.6047
346 -33.0451 -71.6048
559 -33.045 -71.6043
