698 -33.0571 -71.6184
754 -33.0571 -71.6184
455 -33.057 -71.6183
760 -33.0568 -71.6183
809 -33.0568 -71.6183
271 -33.0567 -71.6182
456 -33.0565 -71.6182
803 -33.0564 -71.6181
978 -33.0589 -71.6169
475 -33.0609 -71.6161
994 -33.0589 -71.6152
367 -33.0585 -71.6167
301 -33.0574 -71.6181
549 -33.0583 -71.6174
189 -33.0585 -71.6167
907 -33.0563 -71.6165
446 -33.0562 -71.616
819 -33.0562 -71.6159
488 -33.0562 -71.6159
69 -33.0561 -71.6158
838 -33.0561 -71.6181
373 -33.0561 -71.6161
641 -33.0561 -71.6157
361 -33.0561 -71.6157
134 -33.0561 -71.6152
816 -33.0562 -71.6152
881 -33.0562 -71.6151
442 -33.0561 -71.6152
42 -33.0561 -71.6157
580 -33.0561 -71.6152
146 -33.0561 -71.6152
483 -33.0591 -71.6151
686 -33.0579 -71.615
413 -33.0579 -71.615
57 -33.0582 -71.6149
467 -33.0576 -71.6149
619 -33.0574 -71.615
127 -33.0576 -71.6149
582 -33.0575 -71.6149
450 -33.0574 -71.6149
640 -33.0587 -71.6148
608 -33.0587 -71.6148
869 -33.0587 -71.6147
286 -33.0584 -71.6148
389 -33.0572 -71.6148
407 -33.0572 -71.6148
646 -33.0584 -71.6148
743 -33.0571 -71.6148
693 -33.0565 -71.6149
602 -33.0565 -71.6149
107 -33.0565 -71.6149
520 -33.0565 -71.6149
376 -33.0563 -71.615
269 -33.0564 -71.615
762 -33.0564 -71.615
255 -33.0566 -71.6148
476 -33.057 -71.6148
537 -33.0569 -71.6147
251 -33.0569 -71.6147
726 -33.0567 -71.6148
123 -33.0566 -71.6148
279 -33.0567 -71.6148
542 -33.0561 -71.6156
409 -33.0551 -71.6212
198 -33.056 -71.618
290 -33.056 -71.618
629 -33.055 -71.6218
448 -33.055 -71.6181
687 -33.055 -71.6181
880 -33.055 -71.618
767 -33.0558 -71.618
466 -33.0556 -71.6179
547 -33.0554 -71.6174
210 -33.0555 -71.6172
179 -33.0553 -71.6179
323 -33.0551 -71.6179
166 -33.0552 -71.6178
495 -33.0552 -71.6178
831 -33.0549 -71.6182
849 -33.0549 -71.622
92 -33.0549 -71.6206
710 -33.0549 -71.6205
987 -33.0548 -71.6204
25 -33.0548 -71.6204
487 -33.0547 -71.6189
266 -33.0548 -71.6188
253 -33.0548 -71.6188
116 -33.0549 -71.6183
340 -33.0549 -71.6183
431 -33.0549 -71.6182
399 -33.0549 -71.6184
930 -33.0548 -71.6187
177 -33.0548 -71.6186
262 -33.0548 -71.6184
891 -33.0555 -71.6172
341 -33.0557 -71.6168
355 -33.0557 -71.6166
919 -33.0557 -71.6164
761 -33.0556 -71.617
973 -33.0556 -71.6171
844 -33.0556 -71.6171
434 -33.0556 -71.617
216 -33.056 -71.6162
150 -33.056 -71.6156
405 -33.056 -71.6155
105 -33.056 -71.6155
423 -33.056 -71.6158
587 -33.056 -71.6162
403 -33.056 -71.6158
145 -33.0557 -71.6156
713 -33.0556 -71.6172
377 -33.0556 -71.6172
775 -33.0556 -71.6172
730 -33.0555 -71.6159
546 -33.0553 -71.6158
254 -33.0551 -71.6158
292 -33.055 -71.6158
117 -33.055 -71.6158
812 -33.0548 -71.6158
171 -33.0553 -71.6154
711 -33.0551 -71.6152
611 -33.055 -71.6152
992 -33.0548 -71.6158
892 -33.0547 -71.6157
721 -33.0546 -71.6157
818 -33.0585 -71.6147
774 -33.0591 -71.6145
531 -33.0591 -71.6144
501 -33.0591 -71.6144
464 -33.0587 -71.6144
60 -33.0586 -71.6147
879 -33.0585 -71.6147
950 -33.0586 -71.6145
945 -33.0601 -71.6144
482 -33.06 -71.6134
976 -33.06 -71.6134
118 -33.0601 -71.6132
297 -33.0595 -71.614
561 -33.0594 -71.6141
237 -33.0584 -71.613
967 -33.0585 -71.613
521 -33.0583 -71.6134
765 -33.0574 -71.6143
948 -33.0582 -71.6142
962 -33.0574 -71.6142
18 -33.0574 -71.6144
822 -33.0573 -71.6147
963 -33.0574 -71.6146
154 -33.0574 -71.6145
668 -33.0575 -71.6139
560 -33.0582 -71.613
842 -33.0582 -71.613
305 -33.0583 -71.613
124 -33.0582 -71.6132
636 -33.0575 -71.6139
20 -33.0581 -71.6138
591 -33.0576 -71.6134
238 -33.0586 -71.613
579 -33.0594 -71.6129
917 -33.0596 -71.6128
354 -33.0599 -71.6128
19 -33.0594 -71.6129
523 -33.0591 -71.6129
368 -33.0593 -71.6129
991 -33.0594 -71.6129
747 -33.0599 -71.6128
420 -33.0601 -71.6128
326 -33.0603 -71.6128
790 -33.0604 -71.6128
43 -33.06 -71.6128
576 -33.0599 -71.6128
414 -33.06 -71.6128
298 -33.0584 -71.6124
872 -33.0583 -71.6127
209 -33.0579 -71.613
563 -33.0579 -71.613
642 -33.0578 -71.6129
51 -33.0578 -71.6129
751 -33.0578 -71.6129
366 -33.0578 -71.6129
307 -33.0578 -71.6129
627 -33.0578 -71.6129
958 -33.0577 -71.6129
52 -33.0576 -71.6129
402 -33.0576 -71.6129
452 -33.0575 -71.6128
733 -33.0574 -71.6128
173 -33.0573 -71.6128
175 -33.0572 -71.6136
408 -33.0568 -71.6147
61 -33.057 -71.6135
12 -33.0571 -71.6127
955 -33.0568 -71.6147
370 -33.0568 -71.6147
773 -33.0568 -71.6133
571 -33.0567 -71.6133
480 -33.0571 -71.6127
927 -33.057 -71.6127
35 -33.0569 -71.6126
679 -33.0569 -71.6126
214 -33.0569 -71.6126
351 -33.0569 -71.6126
14 -33.0568 -71.6126
29 -33.0567 -71.6126
15 -33.0567 -71.6125
274 -33.0567 -71.6133
424 -33.0564 -71.6132
7 -33.0561 -71.6131
797 -33.056 -71.6131
49 -33.0555 -71.6131
40 -33.0559 -71.6131
506 -33.0559 -71.6131
512 -33.0562 -71.6131
212 -33.0552 -71.6131
676 -33.0566 -71.6125
295 -33.0566 -71.6125
89 -33.0549 -71.613
551 -33.0549 -71.613
228 -33.0546 -71.6127
303 -33.0565 -71.6125
197 -33.0565 -71.6124
909 -33.0564 -71.6124
674 -33.0563 -71.6124
848 -33.0562 -71.6124
649 -33.0554 -71.6124
998 -33.0555 -71.6124
160 -33.0555 -71.6124
310 -33.0555 -71.6124
916 -33.0562 -71.6123
789 -33.056 -71.6123
387 -33.056 -71.6123
23 -33.056 -71.6123
577 -33.056 -71.6123
252 -33.0559 -71.6123
272 -33.0557 -71.6123
601 -33.0553 -71.6124
347 -33.0553 -71.6124
603 -33.0553 -71.6124
224 -33.0552 -71.6124
386 -33.0552 -71.6124
742 -33.0552 -71.6124
986 -33.0552 -71.6124
645 -33.0552 -71.6124
575 -33.055 -71.6124
309 -33.055 -71.6124
22 -33.0549 -71.6124
151 -33.0548 -71.6124
759 -33.0548 -71.6124
905 -33.0547 -71.6124
102 -33.0547 -71.6124
108 -33.0546 -71.6124
598 -33.0545 -71.6202
589 -33.0544 -71.6201
260 -33.0545 -71.6189
678 -33.0544 -71.6189
786 -33.0543 -71.6201
829 -33.0543 -71.62
979 -33.0541 -71.6199
500 -33.0542 -71.6189
327 -33.0542 -71.6189
315 -33.0541 -71.6189
38 -33.0541 -71.6189
703 -33.054 -71.6189
890 -33.0539 -71.6189
226 -33.0539 -71.6188
5 -33.0539 -71.6188
883 -33.0539 -71.6198
109 -33.0537 -71.6197
217 -33.0535 -71.6196
697 -33.0535 -71.6195
313 -33.0535 -71.6191
479 -33.0535 -71.6195
53 -33.0535 -71.6194
961 -33.0535 -71.6194
940 -33.0535 -71.619
497 -33.0539 -71.6188
115 -33.0538 -71.6188
647 -33.0538 -71.6188
796 -33.0538 -71.6188
176 -33.0535 -71.619
66 -33.0535 -71.6188
142 -33.0537 -71.6188
85 -33.0537 -71.6188
250 -33.0542 -71.6184
17 -33.0541 -71.6184
632 -33.0543 -71.6184
393 -33.0541 -71.6184
128 -33.0539 -71.6184
852 -33.0539 -71.6184
163 -33.0539 -71.6184
614 -33.0543 -71.6184
908 -33.0546 -71.6171
864 -33.0545 -71.6157
545 -33.0545 -71.6157
787 -33.0544 -71.6157
727 -33.0543 -71.6184
946 -33.0544 -71.617
565 -33.0539 -71.6156
830 -33.0539 -71.6184
550 -33.0536 -71.6188
412 -33.0535 -71.6186
597 -33.0536 -71.6185
859 -33.0532 -71.6188
999 -33.0531 -71.6187
364 -33.0528 -71.6187
904 -33.0528 -71.6187
111 -33.0538 -71.6184
144 -33.0537 -71.6184
504 -33.0538 -71.6184
75 -33.0527 -71.6159
496 -33.0527 -71.6159
195 -33.0526 -71.6158
304 -33.0526 -71.6158
130 -33.0524 -71.6186
165 -33.0524 -71.6186
983 -33.0521 -71.6185
10 -33.052 -71.6185
949 -33.052 -71.6185
101 -33.0494 -71.6189
708 -33.0509 -71.6181
511 -33.0507 -71.618
427 -33.0499 -71.6178
509 -33.0497 -71.6177
935 -33.049 -71.6166
493 -33.049 -71.6165
80 -33.049 -71.6167
516 -33.0489 -71.6176
34 -33.049 -71.6168
485 -33.049 -71.6167
360 -33.0489 -71.617
802 -33.0487 -71.6177
277 -33.0487 -71.6176
322 -33.0487 -71.6176
139 -33.0487 -71.6177
205 -33.0487 -71.6178
820 -33.0487 -71.6177
938 -33.0487 -71.6177
735 -33.0487 -71.6175
633 -33.0488 -71.6173
447 -33.0489 -71.6171
718 -33.0489 -71.617
222 -33.0488 -71.6174
696 -33.0488 -71.6175
988 -33.0488 -71.6175
911 -33.0492 -71.6165
639 -33.0505 -71.6157
884 -33.0521 -71.6157
688 -33.0523 -71.6156
155 -33.0505 -71.6157
763 -33.0503 -71.6158
794 -33.0503 -71.6158
605 -33.0505 -71.6157
572 -33.0521 -71.6156
850 -33.0523 -71.6156
13 -33.052 -71.6156
574 -33.0523 -71.6156
191 -33.0519 -71.6156
273 -33.0518 -71.6156
652 -33.0518 -71.6156
174 -33.0518 -71.6156
157 -33.0502 -71.6158
644 -33.0494 -71.6165
484 -33.0491 -71.6162
732 -33.0491 -71.6162
583 -33.0491 -71.6164
764 -33.0491 -71.6165
220 -33.0478 -71.6164
784 -33.0479 -71.6163
982 -33.0479 -71.6161
610 -33.0496 -71.616
755 -33.0492 -71.6158
635 -33.0498 -71.6158
55 -33.0492 -71.6158
9 -33.0491 -71.6161
939 -33.0491 -71.616
106 -33.0523 -71.6156
860 -33.0539 -71.6156
585 -33.0541 -71.6146
835 -33.054 -71.6145
320 -33.0538 -71.6156
795 -33.0536 -71.6155
739 -33.0537 -71.6144
100 -33.0537 -71.6143
600 -33.0545 -71.6126
885 -33.0545 -71.6126
208 -33.0545 -71.6123
200 -33.0545 -71.6123
204 -33.0544 -71.6125
211 -33.0544 -71.6125
343 -33.0543 -71.6125
202 -33.0544 -71.6123
93 -33.0534 -71.6155
692 -33.0516 -71.6156
148 -33.0534 -71.6155
430 -33.0533 -71.6155
900 -33.0515 -71.6156
712 -33.0514 -71.6156
529 -33.0514 -71.6156
263 -33.0512 -71.6156
756 -33.0532 -71.6155
385 -33.0532 -71.6155
783 -33.0531 -71.6155
749 -33.0532 -71.614
659 -33.053 -71.6139
24 -33.0527 -71.6137
964 -33.0526 -71.6136
494 -33.0523 -71.6134
593 -33.0542 -71.6123
863 -33.0543 -71.6123
615 -33.0543 -71.6123
324 -33.0542 -71.6123
70 -33.0542 -71.6123
334 -33.0542 -71.6123
734 -33.0541 -71.6123
837 -33.054 -71.6122
421 -33.0542 -71.6122
771 -33.0544 -71.6122
498 -33.0545 -71.6122
235 -33.0545 -71.6122
68 -33.0544 -71.6121
801 -33.054 -71.6122
607 -33.0544 -71.6122
227 -33.0544 -71.6122
87 -33.0539 -71.6122
661 -33.0539 -71.6122
725 -33.0538 -71.6122
877 -33.0537 -71.6122
265 -33.0537 -71.6122
599 -33.0535 -71.6122
655 -33.0535 -71.6122
201 -33.0531 -71.6121
942 -33.053 -71.6121
392 -33.053 -71.6121
902 -33.053 -71.6121
275 -33.0527 -71.6121
449 -33.0526 -71.6121
996 -33.0525 -71.6121
805 -33.0523 -71.612
133 -33.0512 -71.6121
453 -33.0511 -71.6156
239 -33.0511 -71.6156
416 -33.0508 -71.6156
573 -33.0508 -71.6155
889 -33.0507 -71.6155
170 -33.0506 -71.6155
113 -33.0505 -71.6155
333 -33.0505 -71.6155
318 -33.0496 -71.6133
213 -33.0497 -71.6132
897 -33.0497 -71.6132
206 -33.0496 -71.6136
901 -33.0495 -71.6142
283 -33.0495 -71.6141
440 -33.0495 -71.6138
799 -33.0494 -71.6143
152 -33.0492 -71.6155
530 -33.0492 -71.6155
716 -33.0494 -71.6146
722 -33.0492 -71.6156
88 -33.0481 -71.6155
643 -33.0482 -71.6151
827 -33.0483 -71.6148
694 -33.0494 -71.6146
383 -33.0494 -71.6145
972 -33.0485 -71.6138
553 -33.0487 -71.6132
793 -33.0485 -71.6139
724 -33.0483 -71.6145
968 -33.0485 -71.614
48 -33.0487 -71.6132
353 -33.0511 -71.6131
780 -33.0509 -71.6131
44 -33.0511 -71.613
54 -33.0508 -71.6131
77 -33.0508 -71.6131
31 -33.0507 -71.6131
851 -33.0505 -71.613
834 -33.05 -71.613
758 -33.0511 -71.6128
401 -33.0511 -71.6124
345 -33.0511 -71.6122
337 -33.0511 -71.6129
394 -33.0498 -71.6129
660 -33.0498 -71.6129
612 -33.0498 -71.6122
855 -33.0498 -71.6129
314 -33.0497 -71.6129
862 -33.0494 -71.6129
868 -33.0497 -71.6129
604 -33.0488 -71.6129
933 -33.0487 -71.6131
81 -33.0487 -71.613
348 -33.0487 -71.613
36 -33.0497 -71.6128
631 -33.0498 -71.6127
854 -33.0498 -71.6125
586 -33.0498 -71.6125
941 -33.0489 -71.6121
853 -33.0489 -71.6123
140 -33.0489 -71.6123
683 -33.0512 -71.612
72 -33.0585 -71.6105
970 -33.0604 -71.6104
362 -33.0586 -71.6092
463 -33.0583 -71.6105
748 -33.058 -71.6113
259 -33.0581 -71.6109
886 -33.0579 -71.6103
454 -33.0582 -71.609
132 -33.0592 -71.6088
474 -33.0605 -71.6084
677 -33.0604 -71.6084
657 -33.0583 -71.6088
138 -33.0579 -71.6082
944 -33.0579 -71.6082
833 -33.0579 -71.6082
478 -33.0578 -71.6082
606 -33.0578 -71.6103
876 -33.0577 -71.6102
384 -33.0577 -71.6102
866 -33.0575 -71.6101
187 -33.0563 -71.6101
569 -33.0573 -71.61
190 -33.0566 -71.61
26 -33.0571 -71.6099
558 -33.0571 -71.6099
535 -33.0575 -71.6088
592 -33.0578 -71.6082
874 -33.057 -71.6088
510 -33.0569 -71.6098
2 -33.0559 -71.6095
706 -33.056 -71.6086
422 -33.0579 -71.6082
46 -33.058 -71.6082
810 -33.0577 -71.6082
282 -33.058 -71.6081
918 -33.0577 -71.6081
219 -33.0577 -71.6081
772 -33.0576 -71.6081
980 -33.0576 -71.6081
740 -33.0581 -71.6081
63 -33.06 -71.6081
225 -33.0582 -71.6081
419 -33.0599 -71.608
888 -33.0581 -71.6081
438 -33.0581 -71.6081
858 -33.0581 -71.6081
555 -33.0578 -71.6081
662 -33.0576 -71.6081
878 -33.0576 -71.6081
723 -33.0576 -71.6081
489 -33.0575 -71.6081
715 -33.0574 -71.6081
753 -33.0574 -71.6081
470 -33.0573 -71.6081
458 -33.0573 -71.6081
378 -33.0573 -71.6081
664 -33.0573 -71.6081
156 -33.0572 -71.608
73 -33.0572 -71.608
62 -33.0572 -71.608
350 -33.0571 -71.608
557 -33.0569 -71.608
540 -33.0556 -71.6093
97 -33.0555 -71.6104
745 -33.0548 -71.6104
681 -33.0551 -71.6104
268 -33.0547 -71.6104
861 -33.0544 -71.6105
415 -33.0546 -71.6104
670 -33.0545 -71.6085
8 -33.0545 -71.6085
276 -33.0546 -71.6085
993 -33.0546 -71.6085
287 -33.0547 -71.6085
103 -33.0546 -71.6085
244 -33.0545 -71.6085
737 -33.0544 -71.6085
230 -33.0546 -71.6085
975 -33.0543 -71.6085
738 -33.0543 -71.6119
437 -33.0543 -71.6119
82 -33.0543 -71.6119
233 -33.0543 -71.6119
306 -33.0543 -71.6118
185 -33.0541 -71.6116
821 -33.0542 -71.6105
143 -33.0542 -71.6105
371 -33.0543 -71.6085
242 -33.0543 -71.6085
257 -33.0542 -71.6085
232 -33.0542 -71.6085
339 -33.0542 -71.6085
215 -33.0541 -71.6085
395 -33.0547 -71.6085
325 -33.0551 -71.6082
71 -33.0552 -71.6081
505 -33.0552 -71.6081
736 -33.0551 -71.6082
172 -33.055 -71.6082
199 -33.0551 -71.6082
16 -33.0551 -71.6082
882 -33.0552 -71.6081
125 -33.0552 -71.6081
284 -33.0552 -71.6081
673 -33.0552 -71.6081
770 -33.0552 -71.6081
845 -33.0552 -71.6081
243 -33.0552 -71.6081
192 -33.0552 -71.6081
294 -33.055 -71.6082
375 -33.0547 -71.6084
811 -33.0548 -71.6084
556 -33.0548 -71.6084
782 -33.0547 -71.6084
544 -33.0547 -71.6085
390 -33.0547 -71.6084
120 -33.0547 -71.6084
675 -33.0548 -71.6084
319 -33.055 -71.6082
321 -33.055 -71.6082
229 -33.055 -71.6082
788 -33.055 -71.6082
997 -33.0548 -71.6084
357 -33.0549 -71.6083
110 -33.0568 -71.608
903 -33.0596 -71.6077
159 -33.06 -71.6077
925 -33.06 -71.6077
672 -33.0595 -71.6077
528 -33.059 -71.6079
469 -33.059 -71.6077
934 -33.059 -71.6077
79 -33.0591 -71.6077
808 -33.0606 -71.6076
581 -33.0594 -71.6076
300 -33.0606 -71.6072
977 -33.0593 -71.6076
499 -33.0591 -71.6077
332 -33.0591 -71.6077
280 -33.0591 -71.6075
11 -33.0589 -71.6078
700 -33.0586 -71.6079
929 -33.0587 -71.6079
335 -33.0587 -71.6079
473 -33.0585 -71.6079
705 -33.0584 -71.608
912 -33.0585 -71.6079
285 -33.0585 -71.6079
461 -33.0588 -71.6078
400 -33.0588 -71.6078
168 -33.058 -71.6078
613 -33.0577 -71.6073
984 -33.0571 -71.607
503 -33.057 -71.6074
622 -33.0569 -71.6071
843 -33.057 -71.6071
281 -33.0601 -71.607
311 -33.0593 -71.6064
112 -33.0598 -71.6063
525 -33.059 -71.6063
129 -33.0588 -71.6065
296 -33.0588 -71.6065
527 -33.0587 -71.6065
513 -33.0587 -71.6064
491 -33.06 -71.6062
331 -33.0601 -71.606
291 -33.0604 -71.6058
441 -33.0611 -71.6047
147 -33.06 -71.6045
870 -33.0599 -71.6045
90 -33.0591 -71.6043
924 -33.0588 -71.604
411 -33.0585 -71.6066
922 -33.0579 -71.6068
83 -33.0581 -71.6067
873 -33.0582 -71.6067
857 -33.0578 -71.6068
825 -33.0572 -71.607
954 -33.0573 -71.6069
769 -33.0574 -71.6069
472 -33.0574 -71.6064
223 -33.0584 -71.6063
221 -33.0585 -71.605
196 -33.0581 -71.6047
477 -33.0579 -71.6061
768 -33.0576 -71.6049
78 -33.0577 -71.6046
261 -33.0569 -71.6071
381 -33.0569 -71.608
532 -33.0568 -71.608
94 -33.0568 -71.608
746 -33.0568 -71.608
626 -33.0564 -71.608
923 -33.0564 -71.608
183 -33.0563 -71.608
952 -33.0563 -71.608
137 -33.0562 -71.608
690 -33.0562 -71.6079
846 -33.0561 -71.6079
328 -33.0561 -71.6079
126 -33.0561 -71.6079
468 -33.0561 -71.6079
836 -33.056 -71.6079
167 -33.056 -71.6079
365 -33.0554 -71.608
832 -33.0554 -71.6079
856 -33.0554 -71.6079
669 -33.0553 -71.608
417 -33.0553 -71.608
624 -33.0553 -71.608
349 -33.0553 -71.608
404 -33.0555 -71.6079
714 -33.056 -71.6079
981 -33.0558 -71.6079
471 -33.0558 -71.6079
502 -33.0558 -71.6079
182 -33.0555 -71.6079
815 -33.0555 -71.6079
757 -33.0558 -71.6078
158 -33.0562 -71.6075
316 -33.0561 -71.6074
840 -33.0563 -71.6074
136 -33.0559 -71.6076
398 -33.0558 -71.6078
671 -33.0557 -71.6078
951 -33.0558 -71.6076
32 -33.0563 -71.6074
169 -33.0568 -71.6046
620 -33.0568 -71.6046
937 -33.0564 -71.6044
293 -33.056 -71.6043
98 -33.0557 -71.6046
256 -33.0558 -71.6045
99 -33.0558 -71.6043
966 -33.0557 -71.6078
785 -33.0557 -71.6078
752 -33.0557 -71.6078
704 -33.0556 -71.6078
369 -33.0556 -71.6078
236 -33.0555 -71.6078
990 -33.0555 -71.6078
56 -33.0556 -71.6078
653 -33.0556 -71.6078
741 -33.0556 -71.6078
460 -33.0556 -71.6077
595 -33.0557 -71.6046
957 -33.0549 -71.6045
406 -33.0542 -71.6056
1 -33.0546 -71.6046
813 -33.0541 -71.6085
707 -33.0541 -71.6116
181 -33.0539 -71.6112
562 -33.0539 -71.6112
625 -33.0539 -71.6112
517 -33.0533 -71.6115
744 -33.0533 -71.6115
372 -33.0537 -71.6113
91 -33.0539 -71.6112
658 -33.0539 -71.6112
534 -33.0538 -71.6112
203 -33.0536 -71.6111
623 -33.0535 -71.6111
867 -33.0535 -71.611
382 -33.0534 -71.611
791 -33.0532 -71.6109
566 -33.053 -71.6108
186 -33.0522 -71.612
588 -33.0521 -71.612
638 -33.052 -71.612
666 -33.0519 -71.612
33 -33.0515 -71.612
74 -33.0512 -71.6119
27 -33.0513 -71.6119
278 -33.0513 -71.6119
915 -33.0528 -71.6116
336 -33.053 -71.6116
536 -33.0529 -71.6108
621 -33.0525 -71.6117
920 -33.0518 -71.6118
894 -33.052 -71.6118
180 -33.0523 -71.6117
429 -33.0529 -71.6108
391 -33.0535 -71.6105
356 -33.0535 -71.6105
433 -33.0536 -71.6105
161 -33.0529 -71.6107
270 -33.0529 -71.6107
906 -33.0528 -71.6106
508 -33.0528 -71.6105
931 -33.0536 -71.6105
141 -33.0539 -71.6105
943 -33.0534 -71.6103
936 -33.0534 -71.6102
914 -33.0527 -71.6104
617 -33.0527 -71.6104
995 -33.0526 -71.6103
717 -33.0525 -71.6101
188 -33.0523 -71.6097
428 -33.0512 -71.6099
258 -33.0513 -71.6098
465 -33.0513 -71.6098
651 -33.0512 -71.6099
719 -33.051 -71.6101
656 -33.0511 -71.61
58 -33.0512 -71.6099
317 -33.0514 -71.6097
59 -33.0523 -71.6097
568 -33.0522 -71.6097
380 -33.0522 -71.6096
439 -33.0514 -71.6097
932 -33.0514 -71.6097
526 -33.0514 -71.6097
342 -33.051 -71.6101
701 -33.05 -71.611
680 -33.05 -71.611
234 -33.05 -71.611
0 -33.05 -71.6113
462 -33.0499 -71.6118
637 -33.05 -71.6114
728 -33.05 -71.6113
590 -33.05 -71.611
231 -33.0501 -71.6109
807 -33.0501 -71.6108
457 -33.0501 -71.6108
119 -33.0501 -71.6109
418 -33.0501 -71.6109
823 -33.0501 -71.6109
634 -33.0501 -71.6109
374 -33.0499 -71.6119
432 -33.0499 -71.612
302 -33.0499 -71.6119
778 -33.0491 -71.6116
541 -33.0491 -71.6116
50 -33.049 -71.612
435 -33.049 -71.6119
84 -33.049 -71.6117
436 -33.0491 -71.6116
538 -33.0498 -71.6113
648 -33.0498 -71.6113
515 -33.0494 -71.6112
960 -33.0492 -71.6113
519 -33.0491 -71.6114
218 -33.0491 -71.6114
956 -33.0501 -71.6107
779 -33.0509 -71.6102
241 -33.0509 -71.6102
96 -33.0508 -71.6102
596 -33.0508 -71.6102
947 -33.0508 -71.6102
685 -33.0506 -71.6102
804 -33.0506 -71.6102
86 -33.0506 -71.6102
518 -33.0506 -71.6102
329 -33.0509 -71.6101
312 -33.051 -71.6101
548 -33.0504 -71.6102
665 -33.0504 -71.6102
709 -33.0504 -71.6101
522 -33.0504 -71.6101
76 -33.0503 -71.6101
153 -33.0501 -71.6104
363 -33.0502 -71.6104
240 -33.0502 -71.6103
425 -33.0501 -71.6104
481 -33.0501 -71.6105
828 -33.0501 -71.6105
178 -33.0501 -71.6104
64 -33.0502 -71.6103
207 -33.0503 -71.6102
444 -33.0503 -71.6102
847 -33.0502 -71.6102
654 -33.0502 -71.6102
248 -33.0495 -71.6099
971 -33.0495 -71.6099
164 -33.0515 -71.6096
895 -33.0537 -71.6085
397 -33.0537 -71.6085
245 -33.0537 -71.6085
122 -33.0537 -71.6085
806 -33.0536 -71.6085
989 -33.0536 -71.6085
193 -33.0536 -71.6085
267 -33.0537 -71.6085
910 -33.0541 -71.6085
839 -33.054 -71.6085
564 -33.0539 -71.6085
731 -33.0538 -71.6085
65 -33.0538 -71.6085
358 -33.0538 -71.6085
578 -33.0538 -71.6085
720 -33.0536 -71.6085
308 -33.0536 -71.6085
691 -33.0536 -71.6085
247 -33.0535 -71.6085
388 -33.0535 -71.6085
299 -33.0534 -71.6087
887 -33.0535 -71.6085
21 -33.0534 -71.6085
194 -33.0534 -71.6085
554 -33.0534 -71.6085
682 -33.0533 -71.6085
628 -33.0533 -71.6085
67 -33.0533 -71.6085
875 -33.0533 -71.6084
410 -33.0533 -71.6084
264 -33.0533 -71.6084
871 -33.0532 -71.6084
359 -33.0532 -71.6084
913 -33.0532 -71.6084
667 -33.0532 -71.6084
921 -33.0531 -71.6084
184 -33.0531 -71.6084
6 -33.053 -71.6084
289 -33.053 -71.6083
567 -33.053 -71.6083
826 -33.0538 -71.6048
30 -33.0539 -71.6048
149 -33.0531 -71.6047
776 -33.0529 -71.6065
616 -33.0528 -71.6083
492 -33.0529 -71.6083
552 -33.0528 -71.6083
41 -33.0528 -71.6083
893 -33.0528 -71.6083
959 -33.0527 -71.6082
896 -33.0527 -71.6082
965 -33.0527 -71.6082
650 -33.0527 -71.6082
445 -33.0526 -71.6082
689 -33.0526 -71.6082
609 -33.0525 -71.6082
104 -33.0525 -71.6082
800 -33.0525 -71.6082
490 -33.0525 -71.6082
28 -33.0524 -71.6081
47 -33.0523 -71.6081
135 -33.0523 -71.6081
953 -33.0523 -71.6081
618 -33.0521 -71.6095
451 -33.0521 -71.6088
95 -33.0521 -71.6087
841 -33.052 -71.609
346 -33.052 -71.6093
246 -33.052 -71.609
969 -33.052 -71.609
330 -33.0521 -71.6087
396 -33.0522 -71.6084
926 -33.0522 -71.6084
114 -33.0522 -71.6084
543 -33.0521 -71.6084
684 -33.0521 -71.6086
131 -33.0521 -71.6085
352 -33.0521 -71.6085
898 -33.0519 -71.6092
379 -33.0516 -71.6095
974 -33.0518 -71.6093
524 -33.0518 -71.6093
766 -33.0516 -71.6095
539 -33.0515 -71.6096
817 -33.0516 -71.6096
750 -33.0516 -71.6095
338 -33.0518 -71.6093
559 -33.0516 -71.6089
4 -33.0511 -71.6085
865 -33.0513 -71.6084
695 -33.0506 -71.6085
899 -33.0497 -71.6091
985 -33.0505 -71.6085
584 -33.0522 -71.6084
45 -33.0522 -71.6082
777 -33.0522 -71.6082
570 -33.0522 -71.6081
630 -33.0522 -71.6082
699 -33.0522 -71.6084
443 -33.0522 -71.6083
426 -33.0522 -71.6083
39 -33.0522 -71.6081
594 -33.0522 -71.6081
37 -33.0523 -71.6081
514 -33.0522 -71.6079
781 -33.0522 -71.6074
344 -33.052 -71.608
507 -33.0521 -71.608
121 -33.0522 -71.6073
663 -33.0518 -71.6081
702 -33.0515 -71.6083
486 -33.0515 -71.6083
814 -33.0516 -71.6082
162 -33.0514 -71.6083
288 -33.0513 -71.6084
798 -33.0514 -71.6083
249 -33.0514 -71.6083
3 -33.0516 -71.6082
459 -33.0517 -71.6082
824 -33.0517 -71.6081
928 -33.0518 -71.6081
729 -33.0516 -71.6082
792 -33.0516 -71.6082
533 -33.0504 -71.6049
