497 -33.0512 -71.626
940 -33.0516 -71.6259
327 -33.0512 -71.6255
142 -33.0511 -71.626
176 -33.0509 -71.6259
38 -33.051 -71.6254
935 -33.0511 -71.6254
266 -33.0518 -71.6253
930 -33.0518 -71.6252
880 -33.0517 -71.6238
177 -33.0513 -71.6238
253 -33.0513 -71.6244
315 -33.0512 -71.6249
732 -33.0513 -71.6249
799 -33.0511 -71.6243
115 -33.0507 -71.625
961 -33.0506 -71.6259
66 -33.0504 -71.6256
85 -33.0506 -71.6251
716 -33.0503 -71.6245
217 -33.0499 -71.6258
479 -33.05 -71.6254
796 -33.0501 -71.6243
694 -33.05 -71.6243
678 -33.0507 -71.6243
890 -33.0504 -71.6238
703 -33.0505 -71.6236
440 -33.0504 -71.6239
647 -33.0501 -71.6243
5 -33.0501 -71.6242
226 -33.0503 -71.6242
500 -33.0507 -71.6235
487 -33.0512 -71.623
210 -33.0517 -71.6224
377 -33.0516 -71.6222
179 -33.051 -71.6222
260 -33.051 -71.6233
713 -33.0506 -71.6216
425 -33.0506 -71.6213
373 -33.0515 -71.6212
542 -33.0516 -71.6204
301 -33.0515 -71.6204
69 -33.0509 -71.6202
838 -33.0507 -71.6207
761 -33.0507 -71.6207
76 -33.0507 -71.6207
341 -33.0506 -71.6207
74 -33.0506 -71.6211
283 -33.0501 -71.6231
637 -33.0505 -71.6224
956 -33.0504 -71.6217
901 -33.0499 -71.623
313 -33.0499 -71.6234
302 -33.0499 -71.6224
234 -33.0499 -71.622
775 -33.0505 -71.6215
973 -33.0503 -71.621
355 -33.0504 -71.6205
216 -33.0504 -71.6202
547 -33.0503 -71.6213
760 -33.05 -71.6203
456 -33.0501 -71.6202
432 -33.0499 -71.6223
883 -33.0494 -71.6253
34 -33.0495 -71.6252
109 -33.0498 -71.625
633 -33.0492 -71.6253
101 -33.0492 -71.6259
447 -33.0492 -71.625
829 -33.0492 -71.6249
697 -33.0492 -71.6243
550 -33.0498 -71.6243
53 -33.0495 -71.6232
77 -33.0498 -71.6224
206 -33.0494 -71.6235
597 -33.0489 -71.6234
213 -33.0491 -71.6233
374 -33.0489 -71.6224
786 -33.0489 -71.6253
598 -33.0488 -71.6259
493 -33.0488 -71.6246
979 -33.0486 -71.6241
735 -33.0485 -71.6253
360 -33.0482 -71.6252
92 -33.0482 -71.6252
987 -33.0482 -71.6252
589 -33.0486 -71.6238
144 -33.0488 -71.6233
852 -33.0487 -71.6232
250 -33.0488 -71.6229
632 -33.0483 -71.6226
412 -33.0481 -71.6233
163 -33.048 -71.6228
17 -33.0482 -71.6226
780 -33.0487 -71.6223
399 -33.0496 -71.6223
116 -33.0496 -71.6223
166 -33.0498 -71.6216
448 -33.0492 -71.6223
340 -33.0492 -71.6223
401 -33.0492 -71.6219
522 -33.0487 -71.6211
804 -33.0493 -71.6211
86 -33.0496 -71.6209
844 -33.0495 -71.6209
656 -33.0496 -71.6203
539 -33.0495 -71.6201
198 -33.0491 -71.6208
891 -33.0489 -71.6208
434 -33.0488 -71.6203
701 -33.0487 -71.6218
262 -33.0486 -71.6221
687 -33.0487 -71.6217
831 -33.0486 -71.6217
457 -33.0485 -71.6217
337 -33.0483 -71.6223
783 -33.0481 -71.6218
481 -33.048 -71.6218
363 -33.0483 -71.6215
323 -33.0486 -71.6211
565 -33.0482 -71.621
721 -33.0482 -71.6204
767 -33.0481 -71.6202
654 -33.0481 -71.6213
207 -33.0481 -71.6212
992 -33.0481 -71.6201
376 -33.0516 -71.6199
881 -33.0517 -71.6198
816 -33.0516 -71.6197
765 -33.0516 -71.6192
680 -33.0512 -71.6199
537 -33.0508 -71.6193
413 -33.0515 -71.6191
869 -33.0511 -71.6182
560 -33.0515 -71.6178
931 -33.0515 -71.6175
936 -33.0515 -71.6174
774 -33.0515 -71.6177
57 -33.0507 -71.6182
646 -33.0509 -71.6181
356 -33.0509 -71.6173
286 -33.0507 -71.6169
587 -33.0505 -71.62
428 -33.0506 -71.6193
370 -33.0506 -71.6191
379 -33.0503 -71.6193
919 -33.0503 -71.6198
524 -33.0501 -71.6193
134 -33.0499 -71.6191
963 -33.0501 -71.6183
189 -33.0501 -71.6183
668 -33.0506 -71.618
389 -33.0501 -71.6172
367 -33.0501 -71.6183
582 -33.0499 -71.6178
978 -33.0498 -71.6176
433 -33.05 -71.6171
475 -33.0517 -71.6168
945 -33.0519 -71.6161
118 -33.0518 -71.6157
991 -33.0516 -71.6156
578 -33.0516 -71.6155
842 -33.0515 -71.6167
792 -33.0514 -71.6159
299 -33.0514 -71.6159
507 -33.0517 -71.6154
872 -33.0517 -71.6149
976 -33.0517 -71.6148
782 -33.0518 -71.6148
482 -33.0515 -71.6148
910 -33.0511 -71.6151
2 -33.0515 -71.6149
242 -33.0513 -71.6149
426 -33.0511 -71.6164
640 -33.051 -71.6167
268 -33.051 -71.6163
20 -33.0509 -71.6162
943 -33.0508 -71.6167
18 -33.05 -71.6167
818 -33.0508 -71.6163
608 -33.0502 -71.616
464 -33.0503 -71.6159
879 -33.0499 -71.6156
297 -33.0511 -71.6155
950 -33.0507 -71.615
893 -33.0499 -71.6159
60 -33.0499 -71.6158
6 -33.0498 -71.6157
554 -33.0497 -71.6166
42 -33.0496 -71.6196
255 -33.0496 -71.6186
95 -33.0497 -71.6185
841 -33.0494 -71.6192
361 -33.049 -71.6192
352 -33.0494 -71.6188
543 -33.049 -71.6186
549 -33.0494 -71.6185
443 -33.0494 -71.6185
407 -33.0496 -71.6177
689 -33.0495 -71.6172
408 -33.0492 -71.6176
146 -33.0489 -71.6179
41 -33.049 -71.6174
391 -33.0491 -71.6173
871 -33.0488 -71.6175
396 -33.0482 -71.619
641 -33.0484 -71.6185
150 -33.0484 -71.6185
754 -33.0482 -71.6189
812 -33.0482 -71.6201
455 -33.0481 -71.6189
684 -33.0481 -71.6189
570 -33.0487 -71.6185
269 -33.0487 -71.6176
921 -33.0488 -71.6175
107 -33.0488 -71.6175
959 -33.0486 -71.618
609 -33.0485 -71.6183
442 -33.0482 -71.6173
955 -33.0488 -71.6171
450 -33.0496 -71.6166
822 -33.0495 -71.6166
887 -33.0496 -71.6165
743 -33.0494 -71.6171
415 -33.049 -71.6167
257 -33.049 -71.616
295 -33.0492 -71.6158
375 -33.0492 -71.6157
321 -33.0494 -71.6152
882 -33.0493 -71.6151
349 -33.0495 -71.6148
284 -33.0493 -71.6151
762 -33.0491 -71.6151
319 -33.049 -71.615
229 -33.049 -71.615
476 -33.0489 -71.6168
123 -33.0485 -71.6167
726 -33.0486 -71.6166
251 -33.0487 -71.6164
602 -33.0484 -71.6168
184 -33.0484 -71.617
141 -33.0484 -71.6169
682 -33.0482 -71.6163
693 -33.0481 -71.6163
279 -33.0485 -71.6162
290 -33.0483 -71.6154
252 -33.0483 -71.6153
520 -33.0481 -71.6163
731 -33.048 -71.6157
745 -33.0481 -71.6154
709 -33.048 -71.6212
849 -33.0475 -71.6258
409 -33.0477 -71.6253
484 -33.0476 -71.6244
755 -33.0472 -71.625
583 -33.047 -71.6258
629 -33.0472 -71.6249
722 -33.047 -71.6248
25 -33.0479 -71.6244
710 -33.0477 -71.6243
854 -33.048 -71.6236
859 -33.0479 -71.6236
999 -33.0476 -71.6235
152 -33.0471 -71.6242
868 -33.0473 -71.6236
36 -33.0472 -71.6236
509 -33.047 -71.6258
911 -33.0469 -71.6258
9 -33.0465 -71.6257
55 -33.0467 -71.6254
939 -33.0464 -71.6257
764 -33.0462 -71.6258
485 -33.046 -71.6255
80 -33.0459 -71.6255
530 -33.0465 -71.6253
511 -33.0467 -71.6247
453 -33.0468 -71.6237
130 -33.0467 -71.6237
692 -33.0465 -71.6236
708 -33.0464 -71.6248
383 -33.0461 -71.6243
900 -33.0464 -71.6237
897 -33.0458 -71.6234
586 -33.048 -71.6234
111 -33.048 -71.6228
0 -33.0477 -71.6227
688 -33.0475 -71.6232
462 -33.047 -71.6233
195 -33.0473 -71.623
64 -33.047 -71.6218
27 -33.0473 -71.6217
430 -33.0478 -71.6215
518 -33.0474 -71.6213
548 -33.048 -71.6212
665 -33.0472 -71.6215
431 -33.0471 -71.6214
278 -33.0469 -71.6213
93 -33.0469 -71.6212
884 -33.0468 -71.6231
660 -33.0464 -71.6233
191 -33.0467 -71.6233
612 -33.0465 -71.6228
834 -33.0462 -71.623
394 -33.046 -71.6232
631 -33.046 -71.623
13 -33.046 -71.6224
31 -33.0459 -71.6223
240 -33.0468 -71.6212
828 -33.0467 -71.621
683 -33.0465 -71.6209
727 -33.0464 -71.621
538 -33.0463 -71.622
728 -33.046 -71.6218
648 -33.0458 -71.6221
718 -33.0456 -71.6258
516 -33.0454 -71.6258
802 -33.0452 -71.6253
696 -33.0452 -71.6255
277 -33.0451 -71.6258
938 -33.0451 -71.6253
139 -33.045 -71.6253
222 -33.0455 -71.6251
605 -33.0456 -71.6243
889 -33.0456 -71.624
983 -33.0457 -71.6237
820 -33.0453 -71.6248
322 -33.0452 -71.625
205 -33.0451 -71.6249
639 -33.0452 -71.6239
635 -33.0449 -71.6244
220 -33.0443 -71.6256
784 -33.0443 -71.6255
988 -33.0441 -71.6254
982 -33.044 -71.6255
88 -33.0437 -71.6256
643 -33.0435 -71.6253
644 -33.0435 -71.625
827 -33.0441 -71.6249
972 -33.0448 -71.6244
933 -33.0446 -71.624
348 -33.0445 -71.624
793 -33.0442 -71.6246
427 -33.044 -71.6249
724 -33.0437 -71.6246
318 -33.0458 -71.6236
263 -33.0458 -71.6234
529 -33.0458 -71.6232
519 -33.0453 -71.6228
314 -33.0452 -71.6231
862 -33.045 -71.6234
435 -33.045 -71.6233
855 -33.045 -71.6226
904 -33.0455 -71.6225
572 -33.0456 -71.622
574 -33.0457 -71.6214
850 -33.0455 -71.621
174 -33.0452 -71.6215
941 -33.0448 -71.6224
84 -33.0452 -71.622
778 -33.045 -71.6219
170 -33.0447 -71.6228
113 -33.0447 -71.6235
794 -33.0443 -71.6232
573 -33.0447 -71.6227
48 -33.044 -71.6223
968 -33.0436 -71.6233
157 -33.044 -71.6224
553 -33.0439 -71.6224
81 -33.0441 -71.6222
604 -33.0442 -71.6217
10 -33.0446 -71.6217
333 -33.0443 -71.6214
155 -33.0439 -71.621
610 -33.0435 -71.6222
763 -33.0438 -71.6212
106 -33.0457 -71.6209
180 -33.0475 -71.6205
164 -33.0476 -71.6202
254 -33.0476 -71.6201
864 -33.0475 -71.6206
787 -33.0474 -71.6207
329 -33.0472 -71.6206
258 -33.0475 -71.6206
495 -33.0469 -71.6201
803 -33.0477 -71.6189
246 -33.0478 -71.6186
699 -33.048 -71.6181
730 -33.0476 -71.6186
750 -33.0475 -71.6197
292 -33.0476 -71.6196
439 -33.0469 -71.6193
860 -33.0467 -71.6199
685 -33.0466 -71.6204
779 -33.0467 -71.6201
651 -33.0467 -71.6198
444 -33.0465 -71.6206
614 -33.0463 -71.6209
231 -33.0459 -71.6207
345 -33.0461 -71.6202
153 -33.046 -71.6197
465 -33.0466 -71.6187
817 -33.0467 -71.6183
932 -33.0465 -71.6182
920 -33.0463 -71.6193
947 -33.0463 -71.6194
320 -33.046 -71.6183
805 -33.0462 -71.6181
698 -33.048 -71.6181
953 -33.0479 -71.6173
67 -33.0479 -71.6163
580 -33.0476 -71.6162
809 -33.0476 -71.6179
488 -33.0476 -71.6174
777 -33.0472 -71.6171
445 -33.0476 -71.6169
649 -33.0479 -71.616
271 -33.048 -71.616
267 -33.0478 -71.6155
577 -33.0479 -71.6149
998 -33.0474 -71.6148
965 -33.047 -71.6157
309 -33.047 -71.6153
143 -33.047 -71.6148
819 -33.047 -71.616
466 -33.0467 -71.6179
336 -33.0467 -71.6178
594 -33.0469 -71.6164
801 -33.0467 -71.616
974 -33.0463 -71.617
117 -33.0461 -71.6164
131 -33.0463 -71.616
729 -33.0462 -71.6157
114 -33.0461 -71.6155
908 -33.0462 -71.6152
334 -33.0461 -71.6149
599 -33.0461 -71.6157
451 -33.0461 -71.6157
926 -33.0461 -71.6155
546 -33.0459 -71.616
496 -33.0459 -71.6206
418 -33.0458 -71.6206
178 -33.0459 -71.6201
807 -33.0457 -71.6201
273 -33.045 -71.6205
830 -33.0456 -71.62
971 -33.0455 -71.62
515 -33.0449 -71.6199
44 -33.0452 -71.6195
847 -33.0456 -71.6192
342 -33.0459 -71.618
504 -33.0451 -71.619
851 -33.0448 -71.6199
304 -33.0447 -71.6189
248 -33.0447 -71.6185
712 -33.0447 -71.6208
218 -33.0446 -71.6202
50 -33.044 -71.6199
541 -33.0443 -71.6198
949 -33.044 -71.6202
140 -33.044 -71.6203
416 -33.044 -71.6203
853 -33.0439 -71.6201
436 -33.0442 -71.6198
165 -33.0441 -71.6198
364 -33.0441 -71.619
590 -33.0442 -71.6176
652 -33.044 -71.6188
239 -33.0439 -71.6197
960 -33.0438 -71.6188
795 -33.0455 -71.6175
596 -33.0454 -71.6175
58 -33.0453 -71.6169
545 -33.0455 -71.6164
894 -33.0453 -71.6169
638 -33.0453 -71.6168
719 -33.0451 -71.6168
666 -33.0448 -71.6161
892 -33.0454 -71.616
942 -33.0455 -71.6155
946 -33.0455 -71.6153
655 -33.0455 -71.6151
338 -33.045 -71.615
317 -33.045 -71.6159
766 -33.045 -71.6154
148 -33.0448 -71.615
899 -33.0448 -71.6174
393 -33.0447 -71.6175
119 -33.0442 -71.6175
756 -33.0447 -71.6173
823 -33.0442 -71.6175
758 -33.0441 -71.6175
128 -33.0441 -71.6169
634 -33.0437 -71.6166
133 -33.0442 -71.6166
385 -33.0442 -71.6164
96 -33.0445 -71.6161
588 -33.0447 -71.6156
312 -33.0437 -71.6148
75 -33.0437 -71.6165
241 -33.0437 -71.6149
737 -33.0514 -71.6147
874 -33.0515 -71.614
866 -33.0516 -71.6139
298 -33.0516 -71.6138
192 -33.0511 -71.6142
505 -33.051 -71.6143
561 -33.051 -71.6142
556 -33.0508 -71.6139
414 -33.0512 -71.6134
463 -33.0516 -71.6133
747 -33.0516 -71.6131
948 -33.0518 -71.6131
72 -33.0514 -71.6133
420 -33.0508 -71.6131
810 -33.0511 -71.6126
922 -33.0513 -71.6122
501 -33.0507 -71.6138
483 -33.0507 -71.6146
531 -33.0506 -71.6145
390 -33.0505 -71.6141
811 -33.0505 -71.6143
276 -33.0504 -71.6146
124 -33.0505 -71.6142
120 -33.0505 -71.6141
675 -33.0507 -71.6139
576 -33.0507 -71.6131
994 -33.0507 -71.6131
521 -33.0507 -71.613
316 -33.0504 -71.6128
626 -33.0503 -71.613
32 -33.0502 -71.613
746 -33.0499 -71.613
970 -33.0515 -71.6119
98 -33.0516 -71.6119
83 -33.0512 -71.6119
873 -33.0512 -71.6119
790 -33.0511 -71.6113
132 -33.0507 -71.6119
592 -33.0507 -71.6119
954 -33.0509 -71.6113
326 -33.051 -71.6113
19 -33.0515 -71.6112
579 -33.0515 -71.61
677 -33.0516 -71.6099
368 -33.0514 -71.6102
769 -33.0509 -71.6113
219 -33.0507 -71.6113
925 -33.0509 -71.6101
525 -33.0506 -71.6102
772 -33.0506 -71.6119
43 -33.0506 -71.6113
857 -33.0504 -71.6113
917 -33.0502 -71.6113
422 -33.0499 -71.6118
937 -33.0499 -71.6117
523 -33.05 -71.6115
225 -33.05 -71.6113
52 -33.0503 -71.6107
400 -33.0503 -71.6107
636 -33.0504 -71.6098
307 -33.0503 -71.6106
402 -33.0499 -71.6106
591 -33.05 -71.61
46 -33.0499 -71.6117
704 -33.0495 -71.6144
127 -33.0495 -71.6138
158 -33.0497 -71.6138
958 -33.0492 -71.6137
669 -33.0491 -71.6145
671 -33.0491 -71.6138
856 -33.0491 -71.6136
238 -33.0496 -71.6135
923 -33.0498 -71.6134
378 -33.0498 -71.6124
662 -33.0498 -71.6123
470 -33.0497 -71.6128
137 -33.0491 -71.613
622 -33.0497 -71.6129
686 -33.0493 -71.6129
840 -33.0488 -71.6126
480 -33.0488 -71.6144
199 -33.0487 -71.6144
642 -33.0487 -71.6132
187 -33.0482 -71.6129
97 -33.0482 -71.6143
14 -33.0476 -71.6132
294 -33.0477 -71.613
51 -33.0486 -71.6129
398 -33.0484 -71.6129
404 -33.048 -71.6128
182 -33.0483 -71.6126
741 -33.0479 -71.6124
832 -33.0478 -71.6125
351 -33.0478 -71.6125
26 -33.0496 -71.6122
472 -33.0499 -71.6118
569 -33.0494 -71.6112
555 -33.0494 -71.6112
94 -33.0492 -71.6118
110 -33.0489 -71.6119
825 -33.0492 -71.6115
305 -33.049 -71.6112
962 -33.0488 -71.6112
35 -33.0495 -71.6106
469 -33.0499 -71.61
513 -33.0497 -71.61
944 -33.0495 -71.6111
773 -33.049 -71.6101
282 -33.0489 -71.6099
740 -33.0491 -71.6098
733 -33.0487 -71.612
15 -33.0482 -71.612
907 -33.0481 -71.6119
846 -33.0481 -71.6117
571 -33.0481 -71.6118
29 -33.048 -71.612
981 -33.0479 -71.6117
173 -33.048 -71.6111
214 -33.0477 -71.611
145 -33.0484 -71.6103
674 -33.0486 -71.6102
984 -33.0485 -71.6102
261 -33.0484 -71.6105
167 -33.0479 -71.6107
843 -33.0481 -71.6098
291 -33.0516 -71.6097
354 -33.0518 -71.6095
528 -33.0514 -71.6084
467 -33.0513 -71.6081
474 -33.0512 -71.6088
619 -33.0511 -71.6094
281 -33.051 -71.6092
808 -33.0511 -71.609
768 -33.0513 -71.608
237 -33.0514 -71.6076
967 -33.0514 -71.6074
751 -33.0514 -71.6067
748 -33.0513 -71.6077
886 -33.0507 -71.6078
300 -33.0513 -71.6075
606 -33.0506 -71.6066
63 -33.0506 -71.6078
154 -33.0506 -71.6092
331 -33.0505 -71.6084
419 -33.0506 -71.6082
259 -33.0504 -71.6085
196 -33.0501 -71.6092
384 -33.0498 -71.6084
672 -33.0499 -71.6082
112 -33.0506 -71.6079
563 -33.0505 -71.6078
491 -33.0505 -71.6074
927 -33.0501 -71.607
876 -33.0501 -71.6073
452 -33.05 -71.6078
848 -33.0498 -71.6065
221 -33.0498 -71.6065
159 -33.051 -71.6063
175 -33.0516 -71.606
280 -33.0515 -71.6055
441 -33.0518 -71.6055
903 -33.0513 -71.6053
147 -33.051 -71.6062
679 -33.0511 -71.6057
311 -33.0511 -71.6051
581 -33.051 -71.6051
303 -33.0513 -71.605
332 -33.0517 -71.6048
858 -33.0509 -71.604
473 -33.0508 -71.6044
527 -33.0507 -71.6048
870 -33.0508 -71.6046
551 -33.0507 -71.6039
40 -33.0505 -71.605
558 -33.0504 -71.6061
129 -33.0504 -71.606
499 -33.0503 -71.6056
797 -33.0503 -71.6062
506 -33.0502 -71.6056
411 -33.0499 -71.6055
929 -33.0499 -71.6055
79 -33.0505 -71.6055
461 -33.0505 -71.605
223 -33.0502 -71.6049
557 -33.0503 -71.6038
73 -33.0502 -71.604
489 -33.0499 -71.604
156 -33.0501 -71.6039
924 -33.0498 -71.6041
627 -33.0497 -71.6088
209 -33.0498 -71.6087
366 -33.0496 -71.6084
454 -33.0494 -71.6085
613 -33.0492 -71.6093
535 -33.049 -71.6091
274 -33.049 -71.609
977 -33.0495 -71.6084
362 -33.0494 -71.6083
934 -33.0494 -71.6071
512 -33.0493 -71.6071
11 -33.0493 -71.607
61 -33.0489 -71.6083
510 -33.0492 -71.607
296 -33.0491 -71.607
12 -33.0489 -71.6083
190 -33.0488 -71.6091
888 -33.0487 -71.6087
912 -33.0487 -71.6084
424 -33.0486 -71.6086
723 -33.0482 -71.6092
478 -33.0479 -71.6082
833 -33.0479 -71.6082
676 -33.0486 -71.6079
7 -33.0484 -71.6076
138 -33.0486 -71.6068
438 -33.0488 -71.6066
62 -33.0478 -71.6066
49 -33.0477 -71.6075
350 -33.0478 -71.6067
657 -33.0495 -71.6066
335 -33.0497 -71.6063
212 -33.0496 -71.6054
645 -33.0494 -71.6053
285 -33.0493 -71.6065
700 -33.0493 -71.6065
477 -33.0491 -71.6065
228 -33.0489 -71.6056
705 -33.0497 -71.6053
168 -33.0494 -71.6053
90 -33.0496 -71.6044
980 -33.0498 -71.6042
540 -33.0492 -71.6039
918 -33.049 -71.6051
878 -33.0489 -71.605
706 -33.0489 -71.6039
78 -33.0488 -71.6059
664 -33.0487 -71.6054
458 -33.0488 -71.6048
593 -33.0486 -71.6045
227 -33.0484 -71.6049
753 -33.0482 -71.6063
369 -33.0477 -71.6059
365 -33.0479 -71.6057
181 -33.048 -71.6044
532 -33.0484 -71.6044
421 -33.0486 -71.6043
381 -33.0485 -71.6042
169 -33.048 -71.6043
752 -33.0476 -71.6041
502 -33.0478 -71.6037
503 -33.0476 -71.609
160 -33.0476 -71.6147
197 -33.0474 -71.6137
371 -33.0472 -71.6136
23 -33.0472 -71.6138
776 -33.0471 -71.614
446 -33.0472 -71.6139
272 -33.0468 -71.6135
105 -33.0473 -71.6134
405 -33.0472 -71.6134
997 -33.0472 -71.6127
916 -33.0473 -71.6122
230 -33.0472 -71.6123
813 -33.0468 -71.6133
310 -33.0464 -71.6132
387 -33.0466 -71.6126
806 -33.0463 -71.6133
410 -33.0461 -71.6136
986 -33.0461 -71.6136
386 -33.0463 -71.6134
567 -33.0461 -71.614
552 -33.0461 -71.6143
759 -33.0457 -71.613
616 -33.0456 -71.613
423 -33.0462 -71.6124
245 -33.046 -71.6124
247 -33.046 -71.6124
397 -33.0462 -71.6121
691 -33.046 -71.6123
359 -33.0456 -71.6123
151 -33.0456 -71.612
264 -33.0456 -71.6119
357 -33.047 -71.6118
403 -33.0473 -71.6114
236 -33.0471 -71.611
757 -33.0474 -71.6106
909 -33.047 -71.611
736 -33.0467 -71.6111
611 -33.0467 -71.6109
789 -33.0469 -71.6106
468 -33.0474 -71.6102
952 -33.0474 -71.6101
681 -33.047 -71.6099
126 -33.047 -71.6098
22 -33.0469 -71.6098
885 -33.0467 -71.6102
653 -33.0466 -71.6098
575 -33.0469 -71.6098
102 -33.0465 -71.6117
171 -33.0463 -71.6116
742 -33.0463 -71.6112
670 -33.0458 -71.6108
720 -33.0457 -71.6114
200 -33.0457 -71.6118
711 -33.0456 -71.6118
215 -33.0457 -71.6105
347 -33.0462 -71.6105
861 -33.0463 -71.61
16 -33.0461 -71.6099
845 -33.0461 -71.6099
243 -33.0461 -71.6098
8 -33.0456 -71.6103
172 -33.046 -71.6099
202 -33.0456 -71.6135
661 -33.0456 -71.6146
372 -33.0455 -71.6145
517 -33.0451 -71.6138
835 -33.0451 -71.6144
201 -33.0448 -71.6144
739 -33.0448 -71.614
898 -33.0448 -71.6139
330 -33.0448 -71.6133
781 -33.0456 -71.613
208 -33.0454 -71.613
615 -33.0453 -71.613
104 -33.0452 -71.6129
877 -33.0448 -71.6131
725 -33.0448 -71.6131
837 -33.0451 -71.6129
630 -33.0448 -71.6129
392 -33.0447 -71.6145
526 -33.0441 -71.6145
749 -33.044 -71.6136
996 -33.044 -71.6137
985 -33.0438 -71.6139
964 -33.0437 -71.6139
186 -33.0439 -71.6135
902 -33.0442 -71.6134
969 -33.0442 -71.6131
584 -33.0447 -71.6129
744 -33.0442 -71.6129
798 -33.0441 -71.6131
915 -33.0441 -71.6133
100 -33.0439 -71.6125
824 -33.0443 -71.6125
37 -33.0451 -71.6124
490 -33.0451 -71.6124
108 -33.0453 -71.6121
70 -33.045 -71.6118
45 -33.0448 -71.6124
87 -33.0448 -71.6123
135 -33.0447 -71.612
265 -33.0448 -71.6116
289 -33.0451 -71.6113
905 -33.0455 -71.6108
395 -33.0455 -71.6098
667 -33.0451 -71.6111
650 -33.0447 -71.6114
875 -33.045 -71.6109
193 -33.0447 -71.6102
121 -33.0446 -71.6101
585 -33.0443 -71.6118
621 -33.0443 -71.6112
659 -33.0443 -71.6109
486 -33.0442 -71.6117
814 -33.044 -71.612
4 -33.0441 -71.6114
288 -33.044 -71.611
24 -33.0438 -71.6108
449 -33.0443 -71.6101
275 -33.0443 -71.61
47 -33.0442 -71.61
995 -33.0441 -71.61
249 -33.0438 -71.6107
39 -33.044 -71.6099
603 -33.0472 -71.6098
601 -33.0473 -71.6085
715 -33.0474 -71.6082
256 -33.0471 -71.6081
183 -33.047 -71.6092
990 -33.0467 -71.6097
211 -33.0465 -71.609
836 -33.0463 -71.6084
224 -33.047 -71.6081
595 -33.0471 -71.6081
89 -33.0474 -71.6071
690 -33.0469 -71.6067
185 -33.0464 -71.6064
951 -33.0464 -71.6077
607 -33.0464 -71.6073
498 -33.0463 -71.6069
957 -33.0463 -71.6074
785 -33.0463 -71.609
324 -33.0463 -71.609
714 -33.0463 -71.6085
821 -33.0461 -71.6089
406 -33.0457 -71.6089
125 -33.0456 -71.6086
417 -33.0456 -71.6085
600 -33.0463 -71.6081
343 -33.0463 -71.6079
136 -33.0463 -71.6077
437 -33.0463 -71.6065
204 -33.0462 -71.6081
328 -33.0461 -71.6081
734 -33.0459 -71.6081
306 -33.0457 -71.6075
863 -33.0472 -71.6064
471 -33.0472 -71.6057
233 -33.0475 -71.6055
460 -33.0472 -71.6054
624 -33.0471 -71.6052
56 -33.047 -71.6057
325 -33.047 -71.6048
99 -33.0471 -71.6046
788 -33.0468 -71.6044
966 -33.0475 -71.6041
620 -33.0476 -71.6041
815 -33.0474 -71.6038
382 -33.0472 -71.6039
293 -33.0469 -71.6044
770 -33.0471 -71.6043
673 -33.0472 -71.6039
91 -33.0467 -71.605
993 -33.0464 -71.6058
534 -33.0463 -71.6058
658 -33.0462 -71.6057
203 -33.0461 -71.6053
791 -33.0458 -71.6057
1 -33.0459 -71.6056
232 -33.0458 -71.6055
287 -33.0466 -71.605
508 -33.0457 -71.6045
536 -33.0462 -71.6041
244 -33.0466 -71.6036
564 -33.0457 -71.6048
906 -33.0457 -71.6049
122 -33.0457 -71.6045
71 -33.0456 -71.6074
707 -33.0452 -71.6089
82 -33.0455 -71.6085
738 -33.0452 -71.6081
623 -33.0446 -71.6088
28 -33.0446 -71.6098
344 -33.0444 -71.6092
562 -33.0446 -71.6082
771 -33.0455 -71.608
68 -33.0454 -71.608
235 -33.0454 -71.608
103 -33.0456 -71.6066
867 -33.0447 -71.607
544 -33.0446 -71.608
839 -33.0445 -71.6071
339 -33.0447 -71.6069
663 -33.0444 -71.609
459 -33.0442 -71.609
3 -33.0441 -71.6088
566 -33.0443 -71.6082
702 -33.0441 -71.6088
928 -33.044 -71.6094
494 -33.044 -71.6093
33 -33.0439 -71.6088
865 -33.0442 -71.6082
695 -33.0439 -71.6077
149 -33.0442 -71.6074
429 -33.0442 -71.6068
353 -33.0438 -71.6077
533 -33.0438 -71.6076
54 -33.0437 -71.6073
625 -33.0456 -71.6066
975 -33.0455 -71.6062
826 -33.0453 -71.6056
161 -33.0453 -71.6053
308 -33.0453 -71.6055
989 -33.045 -71.6061
895 -33.0451 -71.606
913 -33.045 -71.6052
617 -33.0451 -71.6051
388 -33.0453 -71.605
358 -33.0455 -71.6049
65 -33.0455 -71.6049
628 -33.0452 -71.605
717 -33.0451 -71.6046
30 -33.0451 -71.6046
568 -33.0449 -71.6042
492 -33.0448 -71.6049
21 -33.0443 -71.6065
270 -33.0445 -71.6062
194 -33.0445 -71.6061
914 -33.0442 -71.6062
162 -33.0436 -71.6065
380 -33.0437 -71.6056
59 -33.0438 -71.6056
896 -33.0446 -71.6053
800 -33.0445 -71.605
188 -33.0446 -71.6049
559 -33.0444 -71.6038
346 -33.0444 -71.6048
618 -33.044 -71.6052
514 -33.0443 -71.6049
