171 -33.063 -71.6156
448 -33.0631 -71.6155
145 -33.0633 -71.6154
930 -33.0625 -71.6156
727 -33.0623 -71.6158
946 -33.0625 -71.6158
487 -33.0622 -71.6158
271 -33.0646 -71.6154
619 -33.0644 -71.6153
754 -33.0641 -71.6152
290 -33.0641 -71.6151
179 -33.0634 -71.6154
908 -33.0622 -71.6153
978 -33.0627 -71.6151
495 -33.0626 -71.615
506 -33.0622 -71.6158
393 -33.0621 -71.6158
327 -33.0619 -71.6158
128 -33.0619 -71.6158
597 -33.0617 -71.6158
585 -33.0615 -71.6158
446 -33.0608 -71.6155
614 -33.0611 -71.6155
423 -33.061 -71.6154
166 -33.0621 -71.6151
760 -33.0621 -71.6151
403 -33.0622 -71.6151
907 -33.0621 -71.6151
456 -33.0609 -71.6154
803 -33.061 -71.6154
838 -33.062 -71.6152
301 -33.0626 -71.615
466 -33.0631 -71.615
455 -33.0633 -71.6149
286 -33.0627 -71.6136
582 -33.0627 -71.6136
475 -33.0626 -71.615
14 -33.0627 -71.6136
958 -33.0627 -71.6136
531 -33.0639 -71.6133
238 -33.0639 -71.6133
118 -33.0639 -71.6133
489 -33.0629 -71.6129
224 -33.0629 -71.613
52 -33.0629 -71.6132
255 -33.0626 -71.6131
62 -33.0626 -71.6129
22 -33.0625 -71.613
917 -33.0623 -71.6135
51 -33.0623 -71.6135
160 -33.0623 -71.6135
501 -33.0622 -71.6135
351 -33.0622 -71.6134
819 -33.061 -71.6134
994 -33.061 -71.6134
809 -33.061 -71.6134
762 -33.061 -71.6134
878 -33.0623 -71.6133
579 -33.0621 -71.6131
274 -33.061 -71.6134
189 -33.061 -71.6134
198 -33.061 -71.6134
127 -33.0608 -71.6136
904 -33.0607 -71.6162
611 -33.0604 -71.6156
154 -33.0607 -71.6155
593 -33.0604 -71.6163
109 -33.0603 -71.6163
100 -33.0603 -71.6156
49 -33.0603 -71.6142
7 -33.0604 -71.6142
739 -33.0606 -71.6141
123 -33.0606 -71.6141
148 -33.0606 -71.614
467 -33.0606 -71.6141
767 -33.0605 -71.6142
431 -33.0605 -71.6141
61 -33.0606 -71.6141
130 -33.0603 -71.6163
964 -33.06 -71.6165
830 -33.06 -71.6145
749 -33.0601 -71.6144
949 -33.0598 -71.6165
726 -33.0597 -71.6145
204 -33.0598 -71.6145
504 -33.0598 -71.6145
89 -33.06 -71.6144
279 -33.0602 -71.6143
711 -33.0603 -71.6143
945 -33.0603 -71.6143
546 -33.0601 -71.6144
228 -33.06 -71.6144
367 -33.06 -71.6144
117 -33.0601 -71.6144
262 -33.0606 -71.614
424 -33.0607 -71.6139
483 -33.0607 -71.6139
600 -33.0607 -71.6139
686 -33.0607 -71.614
632 -33.0601 -71.6134
580 -33.0601 -71.6134
751 -33.0601 -71.6134
615 -33.0602 -71.6134
134 -33.0604 -71.613
150 -33.0605 -71.6129
177 -33.0604 -71.6129
430 -33.0603 -71.613
783 -33.0602 -71.6131
756 -33.0603 -71.6131
666 -33.06 -71.6128
235 -33.06 -71.6128
354 -33.0598 -71.6137
500 -33.0599 -71.6135
852 -33.0599 -71.6135
927 -33.0598 -71.6137
967 -33.0598 -71.6138
111 -33.0597 -71.6137
38 -33.0598 -71.6136
163 -33.0599 -71.6135
678 -33.06 -71.6134
250 -33.06 -71.6134
414 -33.06 -71.6128
70 -33.0599 -71.6128
295 -33.0598 -71.6128
906 -33.0599 -71.6128
914 -33.0601 -71.6128
700 -33.0645 -71.6125
251 -33.0645 -71.6125
705 -33.0645 -71.6125
285 -33.0634 -71.6124
57 -33.0633 -71.6126
200 -33.0627 -71.6126
208 -33.0627 -71.6125
309 -33.0634 -71.6122
641 -33.0633 -71.6122
816 -33.0637 -71.6122
976 -33.0646 -71.6121
69 -33.0632 -71.6122
324 -33.0628 -71.6122
202 -33.063 -71.612
373 -33.063 -71.612
269 -33.0627 -71.6124
661 -33.0624 -71.6121
607 -33.0625 -71.612
87 -33.0625 -71.612
498 -33.0624 -71.612
366 -33.0622 -71.6126
292 -33.0618 -71.612
738 -33.0621 -71.612
599 -33.0621 -71.612
437 -33.062 -71.612
341 -33.0621 -71.612
233 -33.062 -71.612
655 -33.062 -71.612
254 -33.0619 -71.612
973 -33.0619 -71.612
752 -33.062 -71.612
434 -33.062 -71.612
370 -33.0646 -71.6113
408 -33.0647 -71.6113
407 -33.0637 -71.6112
674 -33.0633 -71.6119
209 -33.0631 -71.6112
347 -33.0632 -71.6112
387 -33.0632 -71.6112
523 -33.0639 -71.6112
473 -33.0648 -71.6105
482 -33.0648 -71.6105
480 -33.0648 -71.6105
413 -33.0647 -71.6104
11 -33.064 -71.6111
790 -33.064 -71.6108
499 -33.064 -71.6107
561 -33.0631 -71.6112
733 -33.0623 -71.612
789 -33.0629 -71.6117
642 -33.063 -71.6113
837 -33.0622 -71.6119
761 -33.0619 -71.612
759 -33.0619 -71.612
452 -33.0619 -71.6118
986 -33.063 -71.6113
934 -33.0619 -71.6112
918 -33.0618 -71.611
297 -33.0618 -71.6108
146 -33.0618 -71.6108
474 -33.0618 -71.6108
43 -33.0618 -71.6106
818 -33.0618 -71.6105
203 -33.0611 -71.6123
863 -33.0611 -71.6123
996 -33.0611 -71.6123
679 -33.061 -71.6123
880 -33.0609 -71.6125
575 -33.0609 -71.6124
623 -33.061 -71.6124
449 -33.0611 -71.6122
275 -33.0614 -71.6122
864 -33.0614 -71.6121
892 -33.0615 -71.6121
747 -33.0613 -71.6122
534 -33.0612 -71.6122
693 -33.0613 -71.6122
992 -33.0611 -71.6121
565 -33.0608 -71.6125
566 -33.0605 -71.6128
795 -33.0606 -71.6127
340 -33.0606 -71.6127
93 -33.0605 -71.6128
617 -33.0601 -71.6128
33 -33.0603 -71.6128
562 -33.0604 -71.6128
265 -33.0606 -71.6127
791 -33.0607 -71.6126
320 -33.0607 -71.6126
860 -33.0608 -71.6125
116 -33.0606 -71.6127
237 -33.0603 -71.6124
306 -33.0603 -71.6121
392 -33.0616 -71.6121
201 -33.0616 -71.6121
577 -33.0617 -71.612
707 -33.0618 -71.612
942 -33.0616 -71.6121
658 -33.0607 -71.612
272 -33.0608 -71.612
307 -33.0607 -71.6116
771 -33.0608 -71.6116
458 -33.0615 -71.6107
740 -33.0617 -71.6107
537 -33.0617 -71.6105
903 -33.0614 -71.6107
627 -33.0609 -71.6115
844 -33.0612 -71.6115
12 -33.0612 -71.6115
252 -33.0605 -71.6116
787 -33.0603 -71.612
603 -33.0605 -71.612
82 -33.0603 -71.6111
334 -33.0603 -71.6119
601 -33.0603 -71.6118
368 -33.0598 -71.6116
919 -33.06 -71.6116
815 -33.0603 -71.611
876 -33.0603 -71.611
998 -33.0602 -71.6106
190 -33.0602 -71.6104
770 -33.0599 -71.6106
902 -33.0599 -71.6106
909 -33.0598 -71.6106
703 -33.0597 -71.6146
494 -33.0595 -71.6167
659 -33.0593 -71.615
66 -33.0593 -71.615
961 -33.059 -71.6152
708 -33.0588 -71.617
91 -33.0589 -71.6169
364 -33.0588 -71.6153
962 -33.0596 -71.6148
773 -33.0596 -71.6148
698 -33.0597 -71.6147
549 -33.0597 -71.6146
692 -33.0589 -71.6147
712 -33.0588 -71.6148
900 -33.0588 -71.6148
697 -33.0589 -71.6147
529 -33.0588 -71.6148
409 -33.0585 -71.6172
867 -33.0586 -71.6167
382 -33.0586 -71.6167
511 -33.0585 -71.6172
353 -33.0584 -71.6169
536 -33.0583 -71.6161
786 -33.0583 -71.6161
165 -33.0585 -71.6156
636 -33.0586 -71.6149
488 -33.0588 -71.6148
797 -33.0586 -71.6146
263 -33.0585 -71.6147
239 -33.0584 -71.6148
721 -33.0583 -71.6148
883 -33.0585 -71.6148
652 -33.059 -71.6145
734 -33.0595 -71.6141
405 -33.0595 -71.614
24 -33.0596 -71.614
142 -33.0594 -71.6141
107 -33.0594 -71.6142
884 -33.0594 -71.6142
106 -33.0594 -71.6141
355 -33.0597 -71.6139
385 -33.0597 -71.6139
185 -33.0597 -71.6139
304 -33.0596 -71.6138
497 -33.0596 -71.6138
115 -33.0596 -71.6139
890 -33.0596 -71.6139
226 -33.0596 -71.6138
574 -33.0594 -71.6141
191 -33.0591 -71.6145
313 -33.0591 -71.6144
13 -33.0592 -71.6144
450 -33.0591 -71.6145
174 -33.059 -71.6145
273 -33.0591 -71.6145
512 -33.0586 -71.6144
859 -33.0592 -71.6143
572 -33.0592 -71.6143
421 -33.0593 -71.6143
176 -33.0593 -71.6142
545 -33.0589 -71.6139
175 -33.0584 -71.6139
571 -33.0584 -71.6138
161 -33.0583 -71.616
10 -33.0583 -71.6159
983 -33.0583 -71.6159
979 -33.0583 -71.6158
343 -33.0583 -71.6151
427 -33.0579 -71.6177
889 -33.0581 -71.615
170 -33.058 -71.615
573 -33.0582 -71.615
54 -33.058 -71.615
333 -33.058 -71.615
598 -33.0579 -71.615
113 -33.0579 -71.615
380 -33.0579 -71.615
618 -33.0578 -71.615
605 -33.0578 -71.6149
639 -33.0578 -71.6149
516 -33.0571 -71.6184
509 -33.0577 -71.6179
988 -33.056 -71.616
205 -33.0559 -71.6159
277 -33.0558 -71.6159
820 -33.0558 -71.6159
938 -33.0558 -71.6159
59 -33.0577 -71.6155
644 -33.0563 -71.6151
629 -33.0563 -71.615
155 -33.0578 -71.6149
849 -33.0561 -71.6152
764 -33.056 -71.6153
911 -33.0561 -71.6152
835 -33.0579 -71.6149
416 -33.0583 -71.6149
323 -33.0582 -71.6148
105 -33.0583 -71.6148
829 -33.0582 -71.6149
625 -33.0579 -71.6149
361 -33.0578 -71.6149
476 -33.0581 -71.6144
68 -33.0581 -71.6144
713 -33.0581 -71.6144
948 -33.0582 -71.6142
551 -33.0582 -71.6142
389 -33.0579 -71.6139
429 -33.0578 -71.6139
5 -33.0578 -71.6139
453 -33.0579 -71.6139
17 -33.0578 -71.6139
25 -33.0577 -71.6149
812 -33.0576 -71.6149
181 -33.0576 -71.6149
850 -33.0575 -71.6149
763 -33.0575 -71.6149
157 -33.0574 -71.6149
92 -33.0574 -71.6149
794 -33.0574 -71.6149
710 -33.0574 -71.6149
377 -33.0577 -71.6145
885 -33.0577 -71.6144
987 -33.0574 -71.6146
610 -33.0567 -71.6148
635 -33.0569 -71.6147
496 -33.059 -71.6138
144 -33.0597 -71.6137
315 -33.0597 -71.6137
75 -33.0597 -71.6137
195 -33.0597 -71.6138
717 -33.0591 -71.6137
464 -33.0591 -71.6136
402 -33.0591 -71.6136
916 -33.0591 -71.6135
730 -33.0593 -71.6129
19 -33.0594 -71.6129
188 -33.0594 -71.6129
758 -33.0592 -71.6129
399 -33.0591 -71.6135
102 -33.0591 -71.6135
801 -33.0592 -71.6128
950 -33.0591 -71.6134
687 -33.059 -71.6134
822 -33.0589 -71.6133
412 -33.0589 -71.6132
891 -33.0588 -71.6135
211 -33.0585 -71.6137
53 -33.0585 -71.6136
668 -33.0586 -71.6133
18 -33.0584 -71.613
346 -33.0589 -71.6129
44 -33.059 -71.6129
742 -33.0589 -71.6128
124 -33.0588 -71.6129
42 -33.0585 -71.613
559 -33.0585 -71.613
260 -33.0586 -71.613
386 -33.0589 -71.6127
991 -33.0595 -71.6125
266 -33.0595 -71.6123
831 -33.0595 -71.6118
955 -33.0595 -71.612
23 -33.0592 -71.6126
270 -33.0595 -71.6118
298 -33.0593 -71.6116
563 -33.0593 -71.6116
743 -33.0595 -71.6109
877 -33.0597 -71.6106
706 -33.0594 -71.6105
216 -33.0594 -71.6116
388 -33.0592 -71.6112
187 -33.0592 -71.6112
765 -33.0592 -71.6104
303 -33.0591 -71.6125
20 -33.0589 -71.6127
29 -33.0588 -71.6126
676 -33.0591 -71.6122
568 -33.0588 -71.6123
197 -33.0585 -71.6124
905 -33.0588 -71.6121
151 -33.0584 -71.6117
560 -33.0588 -71.6117
748 -33.0589 -71.6112
775 -33.0591 -71.6106
920 -33.0591 -71.6105
259 -33.0589 -71.6112
547 -33.0588 -71.6113
27 -33.0584 -71.6106
805 -33.0584 -71.6117
521 -33.0583 -71.6134
881 -33.0583 -71.6134
851 -33.0582 -71.613
217 -33.0582 -71.6137
999 -33.0582 -71.6132
963 -33.0582 -71.6131
227 -33.0582 -71.6131
940 -33.0582 -71.6129
214 -33.0583 -71.6127
842 -33.0583 -71.6126
588 -33.0583 -71.6124
645 -33.0583 -71.6127
688 -33.0582 -71.6127
872 -33.0583 -71.6127
550 -33.0582 -71.6126
848 -33.0581 -71.6133
212 -33.0581 -71.6136
85 -33.0581 -71.6134
479 -33.0581 -71.6134
520 -33.0577 -71.6131
40 -33.0574 -71.6135
589 -33.0562 -71.6134
591 -33.0576 -71.6134
35 -33.0577 -71.6131
508 -33.0581 -71.613
725 -33.058 -71.613
186 -33.0578 -71.6129
649 -33.0578 -71.6129
173 -33.0576 -71.6129
862 -33.0573 -71.6128
647 -33.0581 -71.6124
796 -33.0581 -71.6124
108 -33.0582 -71.6123
358 -33.0583 -71.6117
638 -33.0581 -71.6121
442 -33.058 -71.6119
683 -33.058 -71.6118
15 -33.058 -71.6113
621 -33.0582 -71.6113
606 -33.0583 -71.6113
372 -33.0583 -71.6113
558 -33.0584 -71.6106
821 -33.0581 -71.6108
253 -33.0581 -71.6111
915 -33.058 -71.611
278 -33.0581 -71.6104
569 -33.0579 -71.6113
861 -33.0575 -71.6119
681 -33.0575 -71.6116
345 -33.0577 -71.6108
553 -33.0563 -71.6124
972 -33.0558 -71.6123
793 -33.0558 -71.6123
447 -33.0539 -71.6112
510 -33.0577 -71.6107
673 -33.0574 -71.6106
604 -33.0555 -71.6104
540 -33.0575 -71.6103
348 -33.0553 -71.6104
9 -33.0537 -71.6105
827 -33.0538 -71.6105
886 -33.0602 -71.6103
470 -33.0634 -71.6101
757 -33.0632 -71.61
326 -33.0645 -71.6099
63 -33.0632 -71.61
774 -33.0631 -71.61
282 -33.0632 -71.61
715 -33.0631 -71.6099
469 -33.0648 -71.6098
677 -33.0644 -71.6095
869 -33.0645 -71.6094
640 -33.0645 -71.6094
532 -33.0643 -71.6091
741 -33.0631 -71.6093
690 -33.0637 -71.6092
328 -33.0638 -71.6092
858 -33.063 -71.6099
882 -33.063 -71.6099
646 -33.0624 -71.6096
471 -33.0626 -71.6096
879 -33.0623 -71.6096
581 -33.0617 -71.6103
576 -33.0617 -71.6103
310 -33.0616 -71.6103
294 -33.0626 -71.6096
624 -33.0627 -71.6092
788 -33.0624 -71.6091
952 -33.0623 -71.6091
422 -33.062 -71.6095
339 -33.062 -71.6095
813 -33.062 -71.6095
375 -33.0617 -71.6092
79 -33.0646 -71.609
438 -33.0642 -71.609
420 -33.064 -71.6089
664 -33.0642 -71.6088
944 -33.0637 -71.6088
183 -33.0637 -71.6088
219 -33.0635 -71.6087
736 -33.0623 -71.6083
156 -33.0623 -71.6083
723 -33.064 -71.6083
335 -33.064 -71.6083
225 -33.0632 -71.6077
369 -33.0629 -71.608
350 -33.0625 -71.6082
463 -33.0625 -71.608
60 -33.0625 -71.6078
103 -33.0622 -71.6084
653 -33.0617 -71.609
806 -33.0617 -71.6089
245 -33.0617 -71.6088
21 -33.0616 -71.6089
215 -33.0614 -71.6089
194 -33.0616 -71.6089
682 -33.0614 -71.6089
731 -33.0618 -71.6088
72 -33.0622 -71.6085
232 -33.062 -71.6083
199 -33.0622 -71.6078
714 -33.0619 -71.6084
419 -33.0617 -71.608
981 -33.0617 -71.6077
839 -33.0614 -71.6102
26 -33.061 -71.6103
94 -33.0612 -71.6098
691 -33.0614 -71.6094
415 -33.061 -71.6103
542 -33.0608 -71.61
970 -33.0608 -71.6096
871 -33.061 -71.6093
921 -33.061 -71.6093
667 -33.061 -71.6092
71 -33.0614 -71.6089
913 -33.0613 -71.6089
289 -33.061 -71.6092
959 -33.0609 -71.6089
616 -33.0609 -71.6089
896 -33.0608 -71.6088
609 -33.0607 -71.6087
305 -33.0601 -71.6101
97 -33.0603 -71.6101
376 -33.0598 -71.61
602 -33.0598 -71.61
391 -33.0595 -71.6098
587 -33.0595 -71.6098
143 -33.0595 -71.6098
141 -33.0595 -71.6098
138 -33.0605 -71.6096
73 -33.0605 -71.6093
626 -33.06 -71.6088
132 -33.06 -71.6088
866 -33.0596 -71.6098
895 -33.0597 -71.6098
28 -33.0607 -71.6086
192 -33.061 -71.6086
461 -33.061 -71.6086
37 -33.0606 -71.6085
746 -33.0606 -71.6085
39 -33.0606 -71.6085
45 -33.0604 -71.6084
410 -33.0604 -71.6084
332 -33.0602 -71.6083
359 -33.0607 -71.608
753 -33.0607 -71.6079
398 -33.0613 -71.6077
630 -33.0606 -71.6077
584 -33.0603 -71.6083
114 -33.0603 -71.6083
264 -33.0605 -71.6078
663 -33.0601 -71.6082
242 -33.0601 -71.6083
490 -33.06 -71.6083
824 -33.06 -71.6081
486 -33.0598 -71.608
810 -33.0598 -71.6082
167 -33.0598 -71.6082
814 -33.0596 -71.608
468 -33.0601 -71.6079
888 -33.0601 -71.6078
229 -33.0599 -71.6078
3 -33.06 -71.6077
249 -33.0597 -71.6079
288 -33.0597 -71.6079
974 -33.0596 -71.6078
4 -33.0594 -71.6076
296 -33.0643 -71.6071
769 -33.0642 -71.6068
331 -33.0642 -71.6068
620 -33.0642 -71.6068
825 -33.0642 -71.6067
922 -33.0642 -71.6067
441 -33.0634 -71.6065
293 -33.0634 -71.6065
622 -33.0637 -71.6064
291 -33.0637 -71.6064
99 -33.0639 -71.6064
951 -33.0636 -71.6064
147 -33.0633 -71.6065
669 -33.0632 -71.6062
112 -33.0632 -71.6062
400 -33.0631 -71.6075
608 -33.0625 -71.6076
478 -33.0622 -71.6074
832 -33.0629 -71.6074
122 -33.0619 -71.6069
977 -33.0617 -71.6073
737 -33.0617 -71.6073
997 -33.0619 -71.6069
833 -33.0619 -71.6069
672 -33.0625 -71.6068
592 -33.0623 -71.6062
284 -33.063 -71.6061
662 -33.0619 -71.6068
808 -33.0612 -71.6068
785 -33.0613 -71.6064
720 -33.0618 -71.6064
287 -33.0622 -71.6061
32 -33.0639 -71.6061
924 -33.064 -71.6061
870 -33.0648 -71.606
845 -33.063 -71.6061
505 -33.063 -71.6061
16 -33.0628 -71.606
172 -33.0628 -71.606
261 -33.0646 -71.606
90 -33.0645 -71.6059
843 -33.0639 -71.6059
78 -33.0638 -71.6059
158 -33.0637 -71.6059
349 -33.0627 -71.6058
417 -33.0626 -71.6057
169 -33.0629 -71.6056
544 -33.0625 -71.6057
276 -33.0624 -71.6056
230 -33.0624 -71.6056
8 -33.0623 -71.6056
557 -33.0619 -71.6058
923 -33.0619 -71.6057
966 -33.0619 -71.6057
325 -33.0619 -71.6057
30 -33.0622 -71.6055
857 -33.0624 -71.6055
826 -33.0622 -71.6054
910 -33.062 -71.6053
267 -33.0617 -71.6051
578 -33.0617 -71.6051
67 -33.0613 -71.6048
184 -33.0611 -71.605
502 -33.0607 -71.6074
965 -33.0611 -71.6073
365 -33.0607 -71.6071
594 -33.0607 -71.6076
570 -33.0606 -71.6075
556 -33.0607 -71.6075
281 -33.0602 -71.607
397 -33.0602 -71.6069
381 -33.0611 -71.6066
395 -33.0609 -71.6065
159 -33.0609 -71.6065
137 -33.0609 -71.6065
300 -33.0606 -71.6068
925 -33.0607 -71.6064
989 -33.0607 -71.6064
912 -33.0602 -71.6072
299 -33.0601 -71.6068
321 -33.0601 -71.6067
772 -33.0601 -71.6065
243 -33.0601 -71.6065
46 -33.0601 -71.6072
404 -33.0595 -71.6065
954 -33.0594 -71.6064
247 -33.0601 -71.6063
83 -33.0601 -71.6063
246 -33.0599 -71.6063
129 -33.0601 -71.6063
841 -33.0598 -71.6063
898 -33.0597 -71.6063
702 -33.0597 -71.6063
969 -33.0599 -71.6063
56 -33.0611 -71.6061
836 -33.061 -71.606
953 -33.0605 -71.6056
567 -33.0605 -71.6057
543 -33.0604 -71.6059
777 -33.0604 -71.6058
926 -33.0603 -71.6058
47 -33.0606 -71.6056
491 -33.061 -71.6055
552 -33.0609 -71.6052
6 -33.0611 -71.605
41 -33.0609 -71.6053
135 -33.0606 -71.6055
689 -33.0607 -71.6054
104 -33.0608 -71.6053
443 -33.0603 -71.6059
356 -33.0601 -71.6061
670 -33.0602 -71.6061
352 -33.0603 -71.606
311 -33.06 -71.6062
95 -33.0599 -71.6062
459 -33.06 -71.6062
411 -33.0599 -71.6062
344 -33.0602 -71.6059
396 -33.0602 -71.6059
936 -33.0603 -71.6058
120 -33.0603 -71.605
406 -33.0597 -71.6054
149 -33.0596 -71.6055
1 -33.0595 -71.6051
125 -33.0594 -71.6064
336 -33.0592 -71.6102
210 -33.0591 -71.6101
800 -33.0586 -71.6101
995 -33.0586 -71.6101
975 -33.0584 -71.6101
657 -33.0586 -71.6101
894 -33.0584 -71.6099
517 -33.0594 -71.6099
362 -33.0589 -71.6095
236 -33.0588 -71.6088
699 -33.0589 -71.6088
856 -33.0587 -71.6093
338 -33.0584 -71.6094
131 -33.0587 -71.6092
931 -33.0587 -71.6089
433 -33.0583 -71.6099
180 -33.0583 -71.6101
745 -33.0582 -71.6101
65 -33.058 -71.6099
162 -33.058 -71.6098
337 -33.0578 -71.6102
384 -33.0577 -71.6102
268 -33.058 -71.6099
401 -33.0579 -71.6097
74 -33.0583 -71.6095
875 -33.0583 -71.6092
684 -33.0583 -71.609
454 -33.0582 -71.609
744 -33.0578 -71.6096
133 -33.0581 -71.6095
874 -33.0576 -71.6088
535 -33.0575 -71.6088
524 -33.0591 -71.6088
451 -33.0593 -71.6088
2 -33.0592 -71.6088
650 -33.0584 -71.6086
257 -33.0583 -71.6087
96 -33.0583 -71.6084
426 -33.0582 -71.6084
656 -33.0582 -71.6084
554 -33.0587 -71.6083
308 -33.0593 -71.6083
675 -33.0584 -71.608
709 -33.0581 -71.6081
665 -33.0581 -71.6081
548 -33.0581 -71.6081
522 -33.0581 -71.6081
244 -33.058 -71.6083
811 -33.0579 -71.6083
207 -33.0579 -71.6082
76 -33.0579 -71.6082
654 -33.0578 -71.6082
847 -33.0578 -71.6082
153 -33.0577 -71.6082
363 -33.0577 -71.6081
64 -33.0577 -71.6081
240 -33.0577 -71.6081
444 -33.058 -71.6081
425 -33.0576 -71.6081
828 -33.0576 -71.6081
481 -33.0576 -71.6081
893 -33.0575 -71.6081
634 -33.0573 -71.6081
394 -33.0564 -71.6101
834 -33.0565 -71.61
780 -33.0572 -71.6095
855 -33.0564 -71.6101
901 -33.0551 -71.61
81 -33.0552 -71.6099
660 -33.0561 -71.6095
314 -33.0561 -71.6095
77 -33.057 -71.6095
31 -33.0568 -71.6088
283 -33.0546 -71.6085
48 -33.0546 -71.6085
933 -33.0546 -71.6085
694 -33.0543 -71.6085
383 -33.0543 -71.6085
716 -33.0542 -71.6085
802 -33.0521 -71.6087
784 -33.0521 -71.6085
735 -33.0521 -71.6085
696 -33.0521 -71.6087
101 -33.0504 -71.6089
322 -33.0521 -71.6088
139 -33.0521 -71.6087
220 -33.0521 -71.6085
530 -33.0535 -71.6085
968 -33.0538 -71.6085
724 -33.0535 -71.6085
152 -33.0534 -71.6085
222 -33.0521 -71.6085
722 -33.0534 -71.6085
633 -33.0521 -71.6085
318 -33.0552 -71.6081
140 -33.0552 -71.6081
807 -33.0573 -71.6081
853 -33.0551 -71.6081
55 -33.0533 -71.6085
440 -33.0548 -71.6083
206 -33.0549 -71.6083
231 -33.0573 -71.6081
457 -33.0573 -71.6081
956 -33.0573 -71.6081
823 -33.0572 -71.608
418 -33.0572 -71.608
897 -33.0553 -71.608
701 -33.0571 -71.608
680 -33.0571 -71.608
755 -33.0531 -71.6084
939 -33.053 -71.6083
732 -33.053 -71.6083
643 -33.0529 -71.6083
484 -33.0529 -71.6083
982 -33.0522 -71.6083
583 -33.0527 -71.6082
493 -33.0526 -71.6082
935 -33.0526 -71.6082
485 -33.0525 -71.6082
80 -33.0525 -71.6082
88 -33.0525 -71.6082
34 -33.0524 -71.6082
718 -33.0522 -71.6082
360 -33.0522 -71.6081
590 -33.0571 -71.608
330 -33.0593 -71.608
317 -33.0591 -71.6077
526 -33.0592 -71.6076
465 -33.0591 -71.6077
846 -33.059 -71.6079
528 -33.059 -71.6079
932 -33.0591 -71.6077
439 -33.0593 -71.6076
371 -33.0593 -71.6076
817 -33.0594 -71.6076
798 -33.0592 -71.6068
378 -33.0592 -71.6068
280 -33.0591 -71.6075
671 -33.0591 -71.6067
445 -33.0591 -71.6067
695 -33.059 -71.6077
985 -33.0589 -71.6078
58 -33.0589 -71.6078
258 -33.059 -71.6077
929 -33.0589 -71.6078
947 -33.0584 -71.608
719 -33.0586 -71.6079
779 -33.0586 -71.6079
110 -33.0584 -71.6073
514 -33.0584 -71.6073
980 -33.0584 -71.6067
887 -33.0586 -71.6067
168 -33.0584 -71.6067
182 -33.0583 -71.6071
865 -33.0583 -71.6069
596 -33.0583 -71.6067
555 -33.0587 -71.6066
164 -33.0591 -71.6065
766 -33.0594 -71.6064
873 -33.0593 -71.6064
704 -33.0588 -71.6066
126 -33.0588 -71.6066
651 -33.0588 -71.6066
428 -33.0588 -71.6065
527 -33.0592 -71.6063
256 -33.0594 -71.6055
781 -33.0594 -71.6055
221 -33.0591 -71.6054
513 -33.0591 -71.6063
525 -33.059 -71.6063
628 -33.0588 -71.6062
196 -33.0587 -71.6051
533 -33.0587 -71.6041
329 -33.0584 -71.6066
223 -33.0585 -71.6062
928 -33.0587 -71.6062
840 -33.0584 -71.6062
782 -33.0583 -71.6062
136 -33.0582 -71.6059
984 -33.0583 -71.6058
564 -33.0583 -71.6057
957 -33.0587 -71.6051
776 -33.0586 -71.6051
792 -33.0587 -71.6041
937 -33.0586 -71.6051
595 -33.0583 -71.6051
729 -33.0585 -71.605
685 -33.0582 -71.6067
728 -33.057 -71.608
0 -33.0569 -71.608
637 -33.0568 -71.608
538 -33.0567 -71.608
648 -33.0566 -71.608
462 -33.0564 -71.608
374 -33.0564 -71.608
515 -33.0564 -71.608
750 -33.0579 -71.608
993 -33.0581 -71.6078
193 -33.0577 -71.6076
319 -33.0577 -71.6076
302 -33.0564 -71.608
612 -33.0561 -71.6079
539 -33.0575 -71.6076
960 -33.0561 -71.6079
218 -33.056 -71.6079
519 -33.0559 -71.6079
778 -33.0558 -71.6079
854 -33.0558 -71.6079
213 -33.0553 -71.608
941 -33.0554 -71.608
868 -33.0555 -71.6079
541 -33.0558 -71.6079
84 -33.0557 -71.6078
631 -33.0557 -71.6078
586 -33.0558 -71.6076
436 -33.0557 -71.6078
50 -33.0555 -71.6078
36 -33.0556 -71.6078
432 -33.0562 -71.6074
379 -33.0578 -71.6073
804 -33.0582 -71.6067
86 -33.058 -71.6067
357 -33.0578 -71.6062
613 -33.0577 -71.6073
390 -33.0577 -71.6072
503 -33.0578 -71.6066
990 -33.058 -71.6062
943 -33.058 -71.6062
492 -33.0582 -71.6062
241 -33.0581 -71.606
477 -33.058 -71.6059
316 -33.0577 -71.6058
460 -33.0578 -71.6058
768 -33.0576 -71.6049
518 -33.0576 -71.6071
472 -33.0575 -71.6061
342 -33.0575 -71.6059
312 -33.0575 -71.6058
178 -33.0575 -71.6069
234 -33.057 -71.607
119 -33.0571 -71.607
799 -33.0532 -71.6065
435 -33.0542 -71.6055
98 -33.0575 -71.6051
507 -33.0575 -71.6051
121 -33.0575 -71.6051
899 -33.0563 -71.6044
971 -33.0558 -71.6046
248 -33.0558 -71.6045
