301 -33.0569 -71.6183
754 -33.0566 -71.6182
549 -33.0578 -71.6178
698 -33.0566 -71.6182
455 -33.0564 -71.6182
809 -33.0562 -71.6181
760 -33.0562 -71.6181
978 -33.0585 -71.6173
367 -33.0587 -71.6171
189 -33.0588 -71.617
475 -33.0604 -71.6163
483 -33.0586 -71.6154
105 -33.0562 -71.6159
405 -33.0561 -71.6159
580 -33.0561 -71.6158
271 -33.0561 -71.6181
42 -33.056 -71.6162
542 -33.0561 -71.6162
150 -33.056 -71.616
361 -33.056 -71.6162
456 -33.056 -71.618
803 -33.0559 -71.618
69 -33.0559 -71.6162
641 -33.0559 -71.6159
907 -33.0561 -71.6159
146 -33.0561 -71.6157
442 -33.0561 -71.6157
134 -33.0561 -71.6157
488 -33.0557 -71.6159
816 -33.0561 -71.6156
881 -33.056 -71.6155
376 -33.056 -71.6154
994 -33.0585 -71.6153
60 -33.0581 -71.615
869 -33.0582 -71.615
879 -33.0581 -71.615
818 -33.058 -71.615
286 -33.0579 -71.615
646 -33.0579 -71.615
950 -33.0582 -71.6149
608 -33.0582 -71.6149
640 -33.0582 -71.6149
464 -33.0583 -71.6149
57 -33.0577 -71.6149
476 -33.0565 -71.6149
686 -33.0574 -71.6149
413 -33.0573 -71.6149
537 -33.0564 -71.615
602 -33.056 -71.6153
107 -33.056 -71.6152
255 -33.0561 -71.6152
693 -33.056 -71.6153
269 -33.0559 -71.6154
762 -33.0559 -71.6153
520 -33.056 -71.6153
123 -33.0561 -71.6152
408 -33.0563 -71.615
955 -33.0563 -71.615
251 -33.0564 -71.615
370 -33.0563 -71.6151
279 -33.0562 -71.6152
726 -33.0563 -71.6151
819 -33.0557 -71.6159
92 -33.0551 -71.6211
710 -33.0551 -71.6211
987 -33.0551 -71.621
25 -33.0551 -71.6209
409 -33.055 -71.6218
598 -33.0549 -71.6206
589 -33.0549 -71.6205
786 -33.0548 -71.6204
179 -33.0549 -71.6182
838 -33.0555 -71.6179
198 -33.0555 -71.6179
166 -33.0549 -71.6183
880 -33.0548 -71.6187
323 -33.0548 -71.6184
495 -33.0549 -71.6183
829 -33.0547 -71.6203
849 -33.0545 -71.6226
629 -33.0547 -71.6223
979 -33.0546 -71.6202
177 -33.0544 -71.6189
883 -33.0544 -71.6201
930 -33.0544 -71.6189
253 -33.0543 -71.6189
266 -33.0543 -71.6189
831 -33.0545 -71.6184
448 -33.0546 -71.6184
687 -33.0546 -71.6184
431 -33.0545 -71.6184
399 -33.0543 -71.6184
116 -33.0543 -71.6184
340 -33.0544 -71.6184
466 -33.0551 -71.6179
290 -33.0555 -71.6178
761 -33.0554 -71.6175
341 -33.0555 -71.6173
434 -33.0554 -71.6175
713 -33.0553 -71.6176
973 -33.0553 -71.6176
844 -33.0554 -71.6175
355 -33.0556 -71.6172
587 -33.0557 -71.6167
373 -33.0557 -71.6166
446 -33.0557 -71.6157
216 -33.0557 -71.6167
919 -33.0556 -71.6171
403 -33.0555 -71.6155
423 -33.0555 -71.6155
775 -33.0553 -71.6177
767 -33.0553 -71.6178
891 -33.0553 -71.6178
377 -33.0553 -71.6177
210 -33.0553 -71.6178
547 -33.0551 -71.6178
730 -33.0549 -71.6158
546 -33.0547 -71.6157
254 -33.0545 -71.6157
145 -33.0552 -71.6153
171 -33.0548 -71.6151
711 -33.0546 -71.6149
611 -33.0545 -71.6149
292 -33.0544 -71.6157
117 -33.0544 -71.6157
743 -33.0566 -71.6149
945 -33.0596 -71.6147
561 -33.059 -71.6146
297 -33.0591 -71.6145
501 -33.0587 -71.6147
531 -33.0587 -71.6147
774 -33.0586 -71.6147
948 -33.0582 -71.6142
482 -33.0596 -71.6139
976 -33.0596 -71.6138
118 -33.0597 -71.6137
991 -33.0589 -71.613
521 -33.0583 -71.6134
560 -33.0581 -71.6137
842 -33.0581 -71.6136
298 -33.0582 -71.613
124 -33.058 -71.6138
765 -33.0572 -71.6148
18 -33.0571 -71.6148
127 -33.057 -71.6148
963 -33.057 -71.6148
582 -33.0569 -71.6147
822 -33.0569 -71.6147
450 -33.0568 -71.6147
467 -33.0574 -71.6146
619 -33.0574 -71.6144
154 -33.0575 -71.6139
20 -33.0576 -71.6139
668 -33.0574 -71.6146
962 -33.0573 -71.6137
636 -33.0571 -71.6135
591 -33.0572 -71.6134
523 -33.0585 -71.613
917 -33.059 -71.6129
747 -33.0593 -71.6129
354 -33.0594 -71.6129
579 -33.0589 -71.6129
238 -33.058 -71.613
967 -33.0579 -71.6129
368 -33.0588 -71.6129
19 -33.0594 -71.6129
414 -33.0596 -71.6128
326 -33.0598 -71.6128
790 -33.0599 -71.6128
420 -33.0596 -71.6128
43 -33.0594 -71.6129
576 -33.0594 -71.6129
872 -33.0583 -71.6127
237 -33.0579 -71.6129
305 -33.0577 -71.6129
209 -33.0574 -71.6128
563 -33.0574 -71.6128
51 -33.0573 -71.6128
642 -33.0573 -71.6128
366 -33.0572 -71.6128
751 -33.0572 -71.6128
627 -33.0572 -71.6128
307 -33.0572 -71.6128
958 -33.0572 -71.6128
52 -33.0571 -71.6127
402 -33.0571 -71.6127
452 -33.0569 -71.6126
733 -33.0568 -71.6126
173 -33.0568 -71.6126
389 -33.0566 -71.6148
407 -33.0567 -71.6148
175 -33.0567 -71.6133
61 -33.0565 -71.6132
512 -33.0556 -71.6131
424 -33.0559 -71.6131
274 -33.0561 -71.6131
571 -33.0562 -71.6131
12 -33.0566 -71.6125
480 -33.0566 -71.6125
927 -33.0565 -71.6124
35 -33.0564 -71.6124
773 -33.0562 -71.6131
679 -33.0564 -71.6124
214 -33.0564 -71.6124
7 -33.0555 -71.6131
797 -33.0554 -71.6131
506 -33.0553 -71.6131
40 -33.0553 -71.6131
49 -33.0549 -71.613
212 -33.0547 -71.6128
89 -33.0545 -71.6126
551 -33.0544 -71.6126
272 -33.0552 -71.6124
160 -33.055 -71.6124
310 -33.055 -71.6124
252 -33.0554 -71.6124
998 -33.0549 -71.6124
649 -33.0549 -71.6124
347 -33.0548 -71.6124
577 -33.0554 -71.6124
351 -33.0563 -71.6124
14 -33.0563 -71.6124
29 -33.0562 -71.6124
15 -33.0562 -71.6124
23 -33.0554 -71.6124
387 -33.0554 -71.6124
789 -33.0554 -71.6124
676 -33.0561 -71.6123
295 -33.056 -71.6123
303 -33.056 -71.6123
197 -33.0559 -71.6123
909 -33.0558 -71.6123
916 -33.0556 -71.6123
848 -33.0557 -71.6123
674 -33.0557 -71.6123
601 -33.0548 -71.6124
603 -33.0548 -71.6124
386 -33.0547 -71.6124
224 -33.0547 -71.6124
986 -33.0546 -71.6124
742 -33.0546 -71.6124
645 -33.0546 -71.6124
575 -33.0545 -71.6123
309 -33.0544 -71.6123
863 -33.0544 -71.6122
324 -33.0544 -71.6121
593 -33.0544 -71.6121
22 -33.0544 -71.6123
211 -33.0543 -71.6122
343 -33.0543 -71.6122
204 -33.0543 -71.6122
109 -33.0542 -71.62
217 -33.054 -71.6199
697 -33.054 -71.6199
479 -33.054 -71.6199
961 -33.0539 -71.6198
53 -33.0539 -71.6198
313 -33.0537 -71.6197
940 -33.0536 -71.6196
487 -33.0541 -71.6189
260 -33.0539 -71.6189
678 -33.0538 -71.6188
500 -33.0537 -71.6188
176 -33.0536 -71.6196
327 -33.0537 -71.6188
315 -33.0535 -71.6188
38 -33.0535 -71.6188
796 -33.0535 -71.6191
115 -33.0535 -71.6191
647 -33.0535 -71.6191
142 -33.0535 -71.6193
66 -33.0535 -71.6195
550 -33.0535 -71.6194
85 -33.0535 -71.6193
497 -33.0535 -71.6191
890 -33.0535 -71.6191
226 -33.0535 -71.619
703 -33.0535 -71.6189
5 -33.0535 -71.6191
144 -33.0534 -71.6188
597 -33.0533 -71.6188
111 -33.0534 -71.6188
412 -33.053 -71.6187
250 -33.0536 -71.6185
17 -33.0536 -71.6185
632 -33.0538 -71.6184
393 -33.0536 -71.6185
128 -33.0535 -71.6187
852 -33.0535 -71.6186
163 -33.0535 -71.6186
614 -33.0537 -71.6184
262 -33.0543 -71.6184
812 -33.0543 -71.6157
992 -33.0543 -71.6157
892 -33.0542 -71.6156
727 -33.0537 -71.6184
908 -33.0541 -71.6168
946 -33.0539 -71.6167
830 -33.0534 -71.6187
504 -33.0534 -71.6187
859 -33.0526 -71.6187
783 -33.0528 -71.6159
999 -33.0525 -71.6186
364 -33.0523 -71.6186
904 -33.0523 -71.6186
130 -33.0519 -71.6184
385 -33.0529 -71.6159
756 -33.0529 -71.6158
430 -33.0529 -71.6158
148 -33.0529 -71.6157
75 -33.0523 -71.6156
496 -33.0522 -71.6157
195 -33.0521 -71.6156
165 -33.0518 -71.6184
983 -33.0515 -71.6184
10 -33.0515 -71.6184
949 -33.0515 -71.6184
708 -33.0504 -71.6179
101 -33.0495 -71.6196
633 -33.0488 -71.6179
511 -33.0502 -71.6178
427 -33.0494 -71.6177
509 -33.0492 -71.6176
493 -33.0489 -71.6172
764 -33.0489 -71.6171
935 -33.0488 -71.6173
34 -33.0488 -71.6174
80 -33.0488 -71.6173
485 -33.0488 -71.6173
447 -33.0487 -71.6177
802 -33.0485 -71.6183
277 -33.0485 -71.6183
322 -33.0485 -71.6182
139 -33.0485 -71.6183
205 -33.0485 -71.6184
820 -33.0485 -71.6184
938 -33.0485 -71.6183
735 -33.0485 -71.6181
516 -33.0486 -71.6179
718 -33.0487 -71.6177
360 -33.0487 -71.6176
222 -33.0486 -71.618
696 -33.0486 -71.6181
988 -33.0486 -71.6181
583 -33.0489 -71.617
889 -33.0504 -71.6158
170 -33.0503 -71.6158
573 -33.0504 -71.6158
157 -33.0497 -71.6158
610 -33.0494 -71.6165
635 -33.0495 -71.6163
530 -33.0491 -71.6161
333 -33.0502 -71.6158
113 -33.0502 -71.6157
639 -33.05 -71.6157
416 -33.0505 -71.6157
155 -33.05 -71.6157
794 -33.0498 -71.6157
605 -33.05 -71.6157
763 -33.0498 -71.6157
152 -33.0491 -71.6162
484 -33.049 -71.6168
732 -33.049 -71.6168
644 -33.049 -71.6168
911 -33.0489 -71.6169
220 -33.0477 -71.617
784 -33.0477 -71.617
982 -33.0477 -71.6167
9 -33.049 -71.6167
755 -33.0491 -71.6165
55 -33.0491 -71.6165
722 -33.0491 -71.6162
939 -33.049 -71.6167
88 -33.0479 -71.6161
643 -33.048 -71.6157
304 -33.052 -71.6156
721 -33.054 -71.6156
864 -33.054 -71.6156
545 -33.054 -71.6156
787 -33.0539 -71.6156
93 -33.053 -71.6156
565 -33.0534 -71.6155
860 -33.0534 -71.6155
320 -33.0533 -71.6155
585 -33.0536 -71.6143
835 -33.0535 -71.6142
739 -33.0532 -71.614
100 -33.0532 -71.614
795 -33.053 -71.6155
749 -33.0527 -71.6137
659 -33.0525 -71.6136
24 -33.0522 -71.6134
106 -33.0518 -71.6156
574 -33.0518 -71.6156
688 -33.0517 -71.6156
850 -33.0517 -71.6156
884 -33.0516 -71.6156
572 -33.0515 -71.6156
13 -33.0514 -71.6156
191 -33.0513 -71.6156
273 -33.0512 -71.6156
964 -33.0521 -71.6133
494 -33.0518 -71.6131
174 -33.0512 -71.6156
652 -33.0512 -71.6156
692 -33.051 -71.6156
900 -33.051 -71.6156
401 -33.0511 -71.613
151 -33.0543 -71.6123
759 -33.0542 -71.6123
885 -33.0542 -71.6122
228 -33.0542 -71.6123
905 -33.0542 -71.6123
102 -33.0541 -71.6123
600 -33.0541 -71.6123
108 -33.054 -71.6122
208 -33.054 -71.6122
200 -33.0539 -71.6122
202 -33.0539 -71.6122
615 -33.0538 -71.6122
70 -33.0536 -71.6122
334 -33.0536 -71.6122
837 -33.0535 -71.6122
801 -33.0534 -71.6122
27 -33.0511 -71.6125
278 -33.0511 -71.6124
87 -33.0533 -71.6122
74 -33.0511 -71.6125
345 -33.0511 -71.6128
133 -33.0511 -71.6127
683 -33.0511 -71.6127
661 -33.0533 -71.6122
725 -33.0532 -71.6121
877 -33.0532 -71.6121
265 -33.0531 -71.6121
599 -33.0529 -71.6121
655 -33.0529 -71.6121
201 -33.0525 -71.6121
712 -33.0508 -71.6155
529 -33.0508 -71.6155
453 -33.0506 -71.6155
263 -33.0506 -71.6155
239 -33.0505 -71.6155
901 -33.0494 -71.6148
283 -33.0494 -71.6147
440 -33.0494 -71.6145
206 -33.0494 -71.6143
660 -33.0496 -71.6135
394 -33.0496 -71.6135
36 -33.0496 -71.6134
868 -33.0496 -71.6135
318 -33.0495 -71.614
213 -33.0495 -71.6139
897 -33.0495 -71.6138
799 -33.0493 -71.615
716 -33.0493 -71.6153
694 -33.0493 -71.6152
383 -33.0493 -71.6152
793 -33.0483 -71.6145
827 -33.0481 -71.6154
724 -33.0482 -71.6151
968 -33.0483 -71.6147
972 -33.0483 -71.6145
81 -33.0485 -71.6136
348 -33.0486 -71.6136
604 -33.0486 -71.6135
933 -33.0485 -71.6137
553 -33.0485 -71.6138
48 -33.0485 -71.6138
631 -33.0496 -71.6133
758 -33.0508 -71.6131
337 -33.0507 -71.6131
353 -33.0506 -71.6131
44 -33.0506 -71.613
586 -33.0497 -71.6132
780 -33.0503 -71.613
77 -33.0502 -71.613
54 -33.0502 -71.613
31 -33.0501 -71.613
851 -33.0499 -71.613
462 -33.0498 -71.6125
374 -33.0498 -71.6125
612 -33.0497 -71.6128
432 -33.0498 -71.6126
302 -33.0498 -71.6125
854 -33.0497 -71.6132
834 -33.0496 -71.6133
855 -33.0492 -71.6129
314 -33.0492 -71.6129
862 -33.0488 -71.6129
853 -33.0487 -71.613
140 -33.0487 -71.6129
941 -33.0488 -71.6128
50 -33.0488 -71.6126
778 -33.0489 -71.6123
436 -33.0489 -71.6122
519 -33.0489 -71.6121
541 -33.0489 -71.6123
435 -33.0488 -71.6126
84 -33.0489 -71.6124
942 -33.0525 -71.6121
748 -33.0582 -71.6106
970 -33.0599 -71.6104
259 -33.058 -71.6104
72 -33.058 -71.6104
463 -33.0578 -71.6103
384 -33.0575 -71.6101
886 -33.0574 -71.61
606 -33.0573 -71.61
132 -33.0586 -71.6089
362 -33.0583 -71.6088
454 -33.0583 -71.6088
657 -33.0581 -71.6084
876 -33.0572 -71.6099
866 -33.057 -71.6099
535 -33.0575 -71.6088
569 -33.0568 -71.6099
26 -33.0566 -71.61
558 -33.0565 -71.6096
510 -33.0564 -71.6096
190 -33.0561 -71.6102
97 -33.055 -71.6104
187 -33.0558 -71.6104
2 -33.0554 -71.6095
540 -33.0561 -71.6089
874 -33.0565 -71.6087
832 -33.0549 -71.6083
856 -33.055 -71.6083
365 -33.0549 -71.6083
349 -33.0548 -71.6083
624 -33.0548 -71.6083
669 -33.0549 -71.6083
404 -33.055 -71.6082
912 -33.0579 -71.6082
285 -33.058 -71.6081
473 -33.058 -71.6081
705 -33.0579 -71.6082
225 -33.0577 -71.6081
168 -33.0576 -71.6081
858 -33.0576 -71.6081
438 -33.0576 -71.6081
700 -33.058 -71.6081
474 -33.06 -71.6081
929 -33.0582 -71.6081
888 -33.0576 -71.6081
740 -33.0575 -71.6081
282 -33.0574 -71.6081
46 -33.0574 -71.6081
422 -33.0574 -71.6081
741 -33.0551 -71.6082
653 -33.0551 -71.6082
56 -33.0551 -71.6081
990 -33.0551 -71.6082
182 -33.055 -71.6082
815 -33.055 -71.6082
236 -33.0551 -71.6082
369 -33.0552 -71.6081
833 -33.0573 -71.6081
966 -33.0552 -71.6081
138 -33.0573 -71.6081
752 -33.0552 -71.6081
704 -33.0552 -71.6081
460 -33.0552 -71.6081
417 -33.0548 -71.6083
734 -33.0544 -71.612
681 -33.0545 -71.6105
16 -33.0546 -71.6085
421 -33.0543 -71.6119
607 -33.0542 -71.6118
227 -33.0542 -71.6118
771 -33.0542 -71.6117
736 -33.0546 -71.6085
294 -33.0546 -71.6085
172 -33.0546 -71.6085
199 -33.0546 -71.6085
321 -33.0545 -71.6085
319 -33.0545 -71.6085
229 -33.0545 -71.6085
788 -33.0545 -71.6085
745 -33.0542 -71.6105
498 -33.0542 -71.6117
235 -33.0541 -71.6116
68 -33.0541 -71.6116
437 -33.054 -71.6114
738 -33.054 -71.6114
82 -33.054 -71.6113
233 -33.054 -71.6113
306 -33.0539 -71.6113
861 -33.0539 -71.6105
415 -33.0541 -71.6105
268 -33.0542 -71.6105
356 -33.0538 -71.6111
391 -33.0538 -71.6111
433 -33.0538 -71.6111
357 -33.0544 -71.6085
325 -33.0546 -71.6085
882 -33.0547 -71.6085
505 -33.0547 -71.6085
997 -33.0543 -71.6085
675 -33.0543 -71.6085
556 -33.0542 -71.6085
811 -33.0543 -71.6085
71 -33.0547 -71.6085
284 -33.0548 -71.6084
125 -33.0548 -71.6084
673 -33.0548 -71.6084
770 -33.0547 -71.6084
845 -33.0547 -71.6085
243 -33.0547 -71.6085
192 -33.0547 -71.6084
782 -33.0542 -71.6085
120 -33.0542 -71.6085
375 -33.0542 -71.6085
390 -33.0542 -71.6085
287 -33.0541 -71.6085
544 -33.0541 -71.6085
395 -33.0541 -71.6085
103 -33.0541 -71.6085
993 -33.0541 -71.6085
276 -33.0541 -71.6085
230 -33.0541 -71.6085
670 -33.054 -71.6085
8 -33.0539 -71.6085
244 -33.0539 -71.6085
737 -33.0539 -71.6085
555 -33.0573 -71.6081
677 -33.0599 -71.608
528 -33.059 -71.6079
977 -33.0588 -71.6078
332 -33.0586 -71.6079
934 -33.0585 -71.6079
79 -33.0585 -71.6079
499 -33.0586 -71.6079
581 -33.0589 -71.6078
300 -33.0604 -71.6077
63 -33.0595 -71.6077
808 -33.0601 -71.6077
419 -33.0595 -71.6077
672 -33.059 -71.6077
903 -33.059 -71.6077
159 -33.0594 -71.6076
469 -33.0584 -71.608
335 -33.0582 -71.6081
461 -33.0582 -71.608
400 -33.0583 -71.608
944 -33.0573 -71.6081
478 -33.0573 -71.608
592 -33.0572 -71.608
810 -33.0572 -71.608
918 -33.0571 -71.608
219 -33.0571 -71.608
980 -33.0571 -71.608
11 -33.0584 -71.608
772 -33.0571 -71.608
662 -33.0571 -71.608
878 -33.057 -71.608
723 -33.057 -71.608
925 -33.0594 -71.6076
281 -33.0595 -71.607
112 -33.0593 -71.6064
491 -33.0595 -71.6064
280 -33.0591 -71.6075
296 -33.0582 -71.6067
129 -33.0582 -71.6067
311 -33.0587 -71.6066
331 -33.0596 -71.6063
291 -33.06 -71.6062
441 -33.0605 -71.6046
147 -33.0594 -71.6044
870 -33.0593 -71.6044
525 -33.059 -71.6063
924 -33.0583 -71.6043
90 -33.0587 -71.6041
527 -33.0582 -71.6066
613 -33.0577 -71.6073
873 -33.0576 -71.6068
411 -33.058 -71.6067
83 -33.0575 -71.6069
472 -33.0572 -71.607
857 -33.0572 -71.6069
922 -33.0573 -71.6069
513 -33.0582 -71.6066
223 -33.0579 -71.6066
768 -33.0576 -71.6049
221 -33.0581 -71.6046
196 -33.0576 -71.6047
477 -33.0575 -71.6066
78 -33.0572 -71.6047
489 -33.0569 -71.608
458 -33.0568 -71.608
715 -33.0568 -71.608
753 -33.0568 -71.608
470 -33.0568 -71.608
664 -33.0568 -71.608
378 -33.0568 -71.608
73 -33.0566 -71.608
62 -33.0566 -71.608
156 -33.0567 -71.608
350 -33.0566 -71.608
557 -33.0564 -71.608
381 -33.0563 -71.608
110 -33.0563 -71.608
532 -33.0563 -71.608
94 -33.0563 -71.608
746 -33.0562 -71.608
706 -33.0557 -71.6081
757 -33.0553 -71.608
981 -33.0553 -71.608
502 -33.0553 -71.608
785 -33.0552 -71.6081
671 -33.0552 -71.6081
398 -33.0553 -71.608
471 -33.0553 -71.608
167 -33.0555 -71.6079
836 -33.0555 -71.6079
626 -33.0558 -71.6079
714 -33.0554 -71.6079
951 -33.0553 -71.608
136 -33.0554 -71.6079
923 -33.0558 -71.6079
503 -33.0565 -71.6075
622 -33.0564 -71.6074
261 -33.0564 -71.6074
32 -33.0558 -71.6076
183 -33.0558 -71.6078
952 -33.0557 -71.6078
840 -33.0557 -71.6077
843 -33.0565 -71.6073
825 -33.0567 -71.6072
954 -33.0568 -71.6071
769 -33.0569 -71.6071
984 -33.0566 -71.6072
620 -33.0563 -71.6044
169 -33.0563 -71.6044
937 -33.0559 -71.6044
137 -33.0557 -71.6078
690 -33.0556 -71.6078
846 -33.0556 -71.6078
158 -33.0556 -71.6077
316 -33.0556 -71.6078
126 -33.0555 -71.6078
468 -33.0555 -71.6078
328 -33.0556 -71.6078
595 -33.0552 -71.6049
256 -33.0553 -71.6048
99 -33.0553 -71.6044
293 -33.0554 -71.6044
98 -33.0552 -71.6049
1 -33.0541 -71.6047
957 -33.0544 -71.6046
406 -33.0538 -71.606
185 -33.0538 -71.6112
707 -33.0537 -71.6111
181 -33.0534 -71.611
372 -33.0531 -71.6115
392 -33.0524 -71.6121
517 -33.0527 -71.6116
744 -33.0528 -71.6116
562 -33.0534 -71.611
625 -33.0534 -71.611
931 -33.0537 -71.6109
943 -33.0537 -71.6108
91 -33.0533 -71.611
658 -33.0533 -71.611
534 -33.0532 -71.6109
203 -33.0531 -71.6109
336 -33.0524 -71.6117
902 -33.0524 -71.6121
275 -33.0521 -71.612
449 -33.052 -71.612
996 -33.0519 -71.612
805 -33.0517 -71.612
186 -33.0517 -71.612
588 -33.0515 -71.612
638 -33.0514 -71.612
180 -33.0518 -71.6118
621 -33.052 -71.6118
915 -33.0523 -71.6117
894 -33.0515 -71.6119
666 -33.0514 -71.6119
920 -33.0512 -71.6119
33 -33.0513 -71.6118
623 -33.053 -71.6108
936 -33.0537 -71.6108
821 -33.0536 -71.6105
143 -33.0537 -71.6105
141 -33.0536 -71.6107
867 -33.0529 -71.6108
382 -33.0529 -71.6108
791 -33.0527 -71.6105
566 -33.0527 -71.6103
536 -33.0526 -71.6103
429 -33.0526 -71.6102
161 -33.0526 -71.6102
270 -33.0526 -71.6102
906 -33.0525 -71.61
508 -33.0524 -71.61
914 -33.0524 -71.6099
617 -33.0524 -71.6099
750 -33.0511 -71.61
766 -33.0511 -71.61
379 -33.0512 -71.6099
817 -33.0511 -71.61
439 -33.051 -71.6101
164 -33.051 -71.6101
539 -33.051 -71.6101
995 -33.0523 -71.6098
898 -33.0515 -71.6096
717 -33.0522 -71.6096
246 -33.0516 -71.6095
338 -33.0514 -71.6097
974 -33.0514 -71.6097
524 -33.0514 -71.6097
526 -33.051 -71.6101
956 -33.05 -71.6113
481 -33.05 -71.6112
828 -33.05 -71.6111
457 -33.05 -71.6114
701 -33.0499 -71.6117
680 -33.0499 -71.6117
234 -33.0499 -71.6116
178 -33.05 -71.6111
64 -33.0501 -71.6109
654 -33.0501 -71.6108
847 -33.0501 -71.6108
240 -33.05 -71.611
425 -33.05 -71.6111
153 -33.05 -71.6111
363 -33.05 -71.611
0 -33.0499 -71.6119
637 -33.0499 -71.6121
807 -33.0499 -71.6113
119 -33.0498 -71.6113
823 -33.0498 -71.6113
218 -33.049 -71.612
960 -33.049 -71.6119
515 -33.0491 -71.6116
231 -33.0498 -71.6113
634 -33.0498 -71.6113
418 -33.0498 -71.6113
590 -33.0497 -71.6112
728 -33.0494 -71.6112
538 -33.0492 -71.6112
648 -33.0492 -71.6112
207 -33.0501 -71.6107
932 -33.0509 -71.6102
317 -33.0509 -71.6102
465 -33.0509 -71.6102
258 -33.0508 -71.6102
428 -33.0508 -71.6102
58 -33.0507 -71.6102
651 -33.0507 -71.6102
342 -33.0504 -71.6102
656 -33.0505 -71.6102
719 -33.0504 -71.6102
329 -33.0504 -71.6101
312 -33.0504 -71.6102
779 -33.0503 -71.6102
96 -33.0503 -71.6102
241 -33.0503 -71.6101
596 -33.0502 -71.6101
522 -33.0501 -71.6106
665 -33.0501 -71.6106
709 -33.0501 -71.6106
548 -33.0501 -71.6106
76 -33.0501 -71.6106
444 -33.0501 -71.6106
248 -33.0493 -71.6106
971 -33.0493 -71.6106
685 -33.0502 -71.6103
804 -33.0502 -71.6103
947 -33.0502 -71.6101
518 -33.0502 -71.6103
86 -33.0502 -71.6104
899 -33.0495 -71.6097
841 -33.0516 -71.6095
339 -33.0536 -71.6085
232 -33.0537 -71.6085
257 -33.0537 -71.6085
215 -33.0536 -71.6085
578 -33.0533 -71.6089
910 -33.0535 -71.6086
813 -33.0536 -71.6085
371 -33.0537 -71.6085
242 -33.0537 -71.6085
975 -33.0538 -71.6085
839 -33.0535 -71.6085
564 -33.0533 -71.6085
731 -33.0533 -71.6084
65 -33.0532 -71.6084
358 -33.0532 -71.6084
122 -33.0531 -71.6084
267 -33.0531 -71.6084
245 -33.0531 -71.6084
193 -33.0531 -71.6084
397 -33.0531 -71.6084
299 -33.053 -71.6092
895 -33.0531 -71.6084
989 -33.0531 -71.6084
720 -33.0531 -71.6084
806 -33.053 -71.6084
691 -33.053 -71.6083
308 -33.053 -71.6083
247 -33.053 -71.6083
388 -33.053 -71.6083
887 -33.053 -71.6083
21 -33.0529 -71.6083
554 -33.0529 -71.6083
194 -33.0529 -71.6083
682 -33.0528 -71.6083
628 -33.0528 -71.6083
67 -33.0528 -71.6083
410 -33.0528 -71.6083
875 -33.0528 -71.6083
264 -33.0527 -71.6082
359 -33.0527 -71.6082
871 -33.0527 -71.6082
30 -33.0533 -71.6047
826 -33.0533 -71.6047
913 -33.0526 -71.6082
667 -33.0526 -71.6082
921 -33.0526 -71.6082
184 -33.0525 -71.6082
149 -33.0525 -71.6048
6 -33.0525 -71.6082
289 -33.0525 -71.6082
567 -33.0525 -71.6082
616 -33.0523 -71.6081
965 -33.0522 -71.6082
959 -33.0522 -71.6082
893 -33.0522 -71.6081
41 -33.0522 -71.6081
552 -33.0523 -71.6081
492 -33.0523 -71.6081
776 -33.0525 -71.6069
896 -33.0522 -71.608
121 -33.0522 -71.6079
800 -33.0522 -71.6078
445 -33.0522 -71.6083
584 -33.052 -71.609
699 -33.052 -71.609
426 -33.052 -71.6089
926 -33.052 -71.6091
543 -33.052 -71.6091
396 -33.052 -71.6091
114 -33.052 -71.609
443 -33.052 -71.6089
594 -33.0521 -71.6087
953 -33.0521 -71.6087
37 -33.0521 -71.6087
570 -33.052 -71.6088
630 -33.052 -71.6089
45 -33.052 -71.6089
777 -33.052 -71.6089
188 -33.0519 -71.6092
684 -33.0519 -71.6092
131 -33.0519 -71.6092
59 -33.0519 -71.6092
330 -33.0518 -71.6093
969 -33.0516 -71.6095
451 -33.0518 -71.6093
95 -33.0518 -71.6093
352 -33.0519 -71.6092
568 -33.0519 -71.6091
380 -33.0519 -71.6091
618 -33.0517 -71.609
346 -33.0515 -71.6089
985 -33.0504 -71.6091
695 -33.0504 -71.609
135 -33.0521 -71.6087
609 -33.0522 -71.6084
104 -33.0522 -71.6084
689 -33.0522 -71.6083
490 -33.0521 -71.6085
824 -33.0512 -71.6084
928 -33.0513 -71.6084
663 -33.0513 -71.6084
344 -33.0515 -71.6083
650 -33.0522 -71.6081
781 -33.052 -71.608
514 -33.0521 -71.6073
28 -33.0519 -71.608
507 -33.0515 -71.6083
39 -33.0517 -71.6082
47 -33.0519 -71.6081
459 -33.0512 -71.6084
559 -33.0512 -71.6086
486 -33.051 -71.6086
702 -33.051 -71.6086
162 -33.0509 -71.6085
798 -33.0508 -71.6085
249 -33.0509 -71.6085
288 -33.0508 -71.6085
865 -33.0508 -71.6085
3 -33.0511 -71.6085
792 -33.0511 -71.6085
729 -33.0511 -71.6085
814 -33.0511 -71.6085
4 -33.0506 -71.6085
533 -33.0499 -71.6046
