549 -33.0568 -71.6183
978 -33.0575 -71.618
367 -33.0578 -71.6178
301 -33.0559 -71.618
754 -33.0555 -71.6179
698 -33.0555 -71.6179
455 -33.0553 -71.6179
189 -33.0578 -71.6178
475 -33.0593 -71.6168
134 -33.0557 -71.6167
816 -33.0557 -71.6166
42 -33.0556 -71.6172
69 -33.0555 -71.6173
361 -33.0555 -71.6172
542 -33.0555 -71.6172
373 -33.0553 -71.6177
786 -33.0551 -71.6216
829 -33.0552 -71.6216
979 -33.0551 -71.6214
883 -33.0551 -71.6211
598 -33.055 -71.6219
589 -33.055 -71.6218
109 -33.055 -71.6208
355 -33.0549 -71.6182
809 -33.0551 -71.6179
587 -33.0552 -71.6178
216 -33.0552 -71.6178
760 -33.0551 -71.6179
456 -33.055 -71.6181
919 -33.055 -71.618
271 -33.0551 -71.6175
881 -33.0557 -71.6165
370 -33.0561 -71.6161
408 -33.0562 -71.616
251 -33.0562 -71.6159
955 -33.0561 -71.616
255 -33.056 -71.6162
726 -33.0561 -71.616
279 -33.056 -71.6159
476 -33.0562 -71.6159
537 -33.0562 -71.6159
743 -33.0561 -71.6158
945 -33.0587 -71.6154
389 -33.0561 -71.6157
407 -33.0561 -71.6156
450 -33.056 -71.6154
963 -33.056 -71.6153
123 -33.056 -71.6159
107 -33.0558 -71.6159
602 -33.0558 -71.6159
693 -33.0558 -71.6159
520 -33.0557 -71.6159
376 -33.0557 -71.6165
269 -33.0556 -71.6159
442 -33.0554 -71.6158
146 -33.0553 -71.6158
762 -33.0558 -71.6157
822 -33.0559 -71.6154
582 -33.0559 -71.6153
580 -33.0553 -71.6158
105 -33.0552 -71.6153
405 -33.0552 -71.6153
217 -33.0549 -71.6207
25 -33.0548 -71.6221
697 -33.0549 -71.6207
479 -33.0549 -71.6206
987 -33.0547 -71.6222
409 -33.0544 -71.6229
92 -33.0547 -71.6223
710 -33.0547 -71.6223
53 -33.0548 -71.6205
961 -33.0548 -71.6205
313 -33.0548 -71.6204
940 -33.0546 -71.6203
176 -33.0546 -71.6202
66 -33.0545 -71.6201
550 -33.0544 -71.6201
142 -33.0544 -71.6201
85 -33.0543 -71.6201
849 -33.0543 -71.6238
629 -33.0543 -71.6236
5 -33.0542 -71.62
647 -33.0542 -71.62
115 -33.0542 -71.62
796 -33.0542 -71.62
497 -33.0542 -71.62
890 -33.0542 -71.62
226 -33.0541 -71.6199
703 -33.0541 -71.6199
38 -33.054 -71.6199
315 -33.054 -71.6199
500 -33.0539 -71.6198
327 -33.0539 -71.6198
678 -33.0538 -71.6197
260 -33.0537 -71.6196
210 -33.0547 -71.6189
377 -33.0548 -71.6188
838 -33.0547 -71.6184
844 -33.0546 -71.6184
713 -33.0545 -71.6184
973 -33.0546 -71.6184
198 -33.0546 -71.6184
434 -33.0547 -71.6184
341 -33.0549 -71.6184
803 -33.0549 -71.6182
150 -33.0549 -71.6158
641 -33.0548 -71.6158
761 -33.0547 -71.6184
488 -33.0546 -71.6157
819 -33.0546 -71.6157
775 -33.0545 -71.6184
179 -33.0542 -71.6189
166 -33.0538 -71.6184
495 -33.0538 -71.6184
880 -33.0537 -71.6188
930 -33.0535 -71.6192
177 -33.0535 -71.6191
323 -33.0537 -71.6185
547 -33.0542 -71.6184
767 -33.0544 -71.6184
891 -33.0544 -71.6184
290 -33.0545 -71.6171
466 -33.0542 -71.6184
730 -33.0538 -71.6156
546 -33.0536 -71.6155
127 -33.056 -71.6153
297 -33.0581 -71.615
561 -33.058 -71.615
483 -33.0577 -71.6149
531 -33.0576 -71.6149
501 -33.0576 -71.6149
774 -33.0575 -71.6149
994 -33.0575 -71.6149
976 -33.0588 -71.6148
482 -33.0588 -71.6148
118 -33.0589 -71.6147
948 -33.0582 -71.6142
991 -33.0581 -71.6138
124 -33.0574 -71.6146
560 -33.0574 -71.6144
842 -33.0574 -71.6144
464 -33.0572 -71.6148
57 -33.0566 -71.6149
608 -33.0571 -71.6148
640 -33.0571 -71.6148
668 -33.0565 -71.6149
765 -33.0562 -71.6152
413 -33.0563 -71.6151
686 -33.0563 -71.615
950 -33.0571 -71.6148
20 -33.0571 -71.6148
869 -33.057 -71.6148
60 -33.057 -71.6147
879 -33.0569 -71.6147
646 -33.0568 -71.6147
818 -33.0568 -71.6147
286 -33.0568 -71.6147
872 -33.0581 -71.6136
576 -33.0583 -71.613
414 -33.0584 -71.613
420 -33.0584 -71.613
43 -33.0582 -71.613
521 -33.0582 -71.6131
354 -33.0582 -71.613
747 -33.0582 -71.613
326 -33.0586 -71.613
790 -33.0587 -71.613
19 -33.0589 -71.6129
917 -33.0578 -71.6129
579 -33.0578 -71.6129
368 -33.0576 -71.6129
523 -33.0574 -71.6128
298 -33.0571 -71.6127
467 -33.0571 -71.6135
619 -33.0569 -71.6134
238 -33.0569 -71.6126
967 -33.0568 -71.6126
237 -33.0568 -71.6126
154 -33.0565 -71.6132
591 -33.0561 -71.6131
962 -33.0563 -71.6131
305 -33.0566 -71.6125
563 -33.0563 -71.6124
209 -33.0563 -71.6124
642 -33.0562 -71.6124
51 -33.0562 -71.6124
366 -33.0561 -71.6123
751 -33.0561 -71.6123
307 -33.0561 -71.6123
18 -33.0561 -71.6152
175 -33.0556 -71.6131
636 -33.056 -71.6131
61 -33.0553 -71.6131
907 -33.0551 -71.6153
571 -33.0551 -71.6131
773 -33.055 -71.6131
927 -33.0553 -71.6124
214 -33.0553 -71.6124
679 -33.0553 -71.6124
35 -33.0552 -71.6124
351 -33.0552 -71.6124
14 -33.0551 -71.6124
29 -33.0551 -71.6124
15 -33.055 -71.6124
274 -33.055 -71.613
446 -33.0547 -71.615
403 -33.0545 -71.6148
423 -33.0545 -71.6148
145 -33.0542 -71.6146
171 -33.0538 -71.6144
611 -33.0536 -71.6143
711 -33.0535 -71.6142
424 -33.0548 -71.6129
512 -33.0546 -71.6127
7 -33.0545 -71.6126
295 -33.0549 -71.6124
797 -33.0544 -71.6125
506 -33.0543 -71.6125
40 -33.0543 -71.6124
676 -33.0549 -71.6124
303 -33.0549 -71.6124
480 -33.0554 -71.6124
12 -33.0555 -71.6124
909 -33.0547 -71.6124
197 -33.0547 -71.6124
674 -33.0545 -71.6124
848 -33.0545 -71.6124
627 -33.0561 -71.6123
958 -33.0561 -71.6123
52 -33.056 -71.6123
402 -33.0559 -71.6123
452 -33.0558 -71.6123
916 -33.0545 -71.6123
173 -33.0556 -71.6123
733 -33.0557 -71.6123
212 -33.0545 -71.6122
387 -33.0543 -71.6123
789 -33.0543 -71.6123
577 -33.0543 -71.6123
23 -33.0542 -71.6123
252 -33.0542 -71.6123
272 -33.054 -71.6122
49 -33.0542 -71.6122
310 -33.0538 -71.6122
160 -33.0538 -71.6122
998 -33.0537 -71.6122
603 -33.0544 -71.6121
649 -33.0537 -71.6122
347 -33.0536 -71.6122
386 -33.0535 -71.6122
253 -33.0535 -71.6193
487 -33.0535 -71.6195
266 -33.0535 -71.6193
340 -33.0534 -71.6188
116 -33.0534 -71.6188
262 -33.0534 -71.6188
399 -33.0534 -71.6188
632 -33.0528 -71.6187
727 -33.0528 -71.6187
831 -33.0535 -71.6186
448 -33.0535 -71.6186
687 -33.0535 -71.6185
431 -33.0534 -71.6187
614 -33.0528 -71.6187
250 -33.0527 -71.6187
393 -33.0526 -71.6187
17 -33.0526 -71.6187
163 -33.0524 -71.6186
852 -33.0524 -71.6186
830 -33.0524 -71.6186
128 -33.0524 -71.6186
101 -33.0502 -71.6206
633 -33.0494 -71.619
447 -33.0494 -71.6188
504 -33.0523 -71.6186
111 -33.0523 -71.6186
144 -33.0522 -71.6185
597 -33.0521 -71.6185
412 -33.0519 -71.6184
859 -33.0515 -71.6184
999 -33.0514 -71.6184
364 -33.0512 -71.6183
904 -33.0512 -71.6183
130 -33.0508 -71.6181
908 -33.0531 -71.6161
946 -33.0529 -71.616
165 -33.0508 -71.6181
983 -33.0504 -71.618
10 -33.0504 -71.6179
949 -33.0504 -71.6179
273 -33.0504 -71.6158
565 -33.0525 -71.6157
860 -33.0525 -71.6157
787 -33.0529 -71.6157
320 -33.0524 -71.6157
191 -33.0504 -71.6158
13 -33.0505 -71.6157
572 -33.0505 -71.6157
174 -33.0503 -71.6158
573 -33.0495 -71.6162
416 -33.0496 -71.6161
239 -33.0497 -71.6159
889 -33.0495 -71.6162
113 -33.0494 -71.6165
333 -33.0494 -71.6164
170 -33.0494 -71.6164
652 -33.0503 -71.6158
692 -33.0501 -71.6157
900 -33.05 -71.6157
712 -33.0499 -71.6157
529 -33.0499 -71.6157
263 -33.0498 -71.6158
453 -33.0498 -71.6157
34 -33.0493 -71.6184
764 -33.0485 -71.6184
509 -33.0485 -71.6183
935 -33.0492 -71.6183
485 -33.0484 -71.6186
718 -33.0483 -71.6189
360 -33.0483 -71.6189
80 -33.0484 -71.6186
583 -33.0485 -71.6183
493 -33.0492 -71.6183
9 -33.0486 -71.618
939 -33.0486 -71.618
644 -33.0486 -71.618
911 -33.0485 -71.6182
427 -33.0486 -71.6181
484 -33.0486 -71.6181
516 -33.0481 -71.6192
277 -33.0479 -71.6195
802 -33.0479 -71.6195
322 -33.048 -71.6194
139 -33.0479 -71.6195
205 -33.0479 -71.6196
820 -33.0479 -71.6195
938 -33.0479 -71.6195
735 -33.048 -71.6194
988 -33.048 -71.6193
696 -33.048 -71.6193
222 -33.0481 -71.6192
982 -33.0473 -71.618
220 -33.0472 -71.6183
784 -33.0472 -71.6183
732 -33.0489 -71.618
708 -33.0492 -71.6176
155 -33.0493 -71.6165
639 -33.0493 -71.6165
511 -33.0491 -71.6176
716 -33.049 -71.6166
694 -33.049 -71.6166
794 -33.049 -71.6166
763 -33.0491 -71.6165
605 -33.0492 -71.6165
440 -33.0492 -71.6159
206 -33.0492 -71.6157
283 -33.0491 -71.6161
383 -33.0491 -71.6165
799 -33.0491 -71.6163
901 -33.0491 -71.6162
157 -33.049 -71.6167
722 -33.0488 -71.6175
610 -33.0488 -71.6175
152 -33.0488 -71.6175
530 -33.0488 -71.6175
755 -33.0487 -71.6178
55 -33.0487 -71.6178
88 -33.0475 -71.6174
635 -33.0489 -71.6172
968 -33.0479 -71.616
793 -33.048 -71.6159
972 -33.048 -71.6158
724 -33.0478 -71.6164
643 -33.0477 -71.617
827 -33.0477 -71.6168
795 -33.0522 -71.6157
721 -33.0529 -71.6156
254 -33.0533 -71.6155
292 -33.0533 -71.6155
864 -33.0529 -71.6156
93 -33.0521 -71.6156
545 -33.0529 -71.6156
148 -33.052 -71.6156
117 -33.0533 -71.6155
812 -33.0531 -71.6155
992 -33.0531 -71.6155
892 -33.053 -71.6154
585 -33.0526 -71.6136
835 -33.0524 -71.6135
739 -33.0522 -71.6134
100 -33.0521 -71.6133
430 -33.0519 -71.6156
385 -33.0518 -71.6156
756 -33.0518 -71.6156
783 -33.0517 -71.6156
496 -33.0511 -71.6156
75 -33.0511 -71.6156
195 -33.051 -71.6156
884 -33.0505 -71.6156
304 -33.0508 -71.6156
749 -33.0517 -71.6131
659 -33.0515 -71.6131
24 -33.0511 -71.6131
106 -33.0506 -71.6155
574 -33.0506 -71.6155
688 -33.0506 -71.6155
850 -33.0505 -71.6155
920 -33.051 -71.6131
621 -33.0511 -71.6123
986 -33.0535 -71.6122
742 -33.0535 -71.6122
996 -33.0511 -71.6124
186 -33.0511 -71.6127
805 -33.0511 -71.6126
180 -33.0511 -71.6126
309 -33.0533 -71.6122
151 -33.0531 -71.6121
759 -33.053 -71.6121
905 -33.053 -71.6121
102 -33.053 -71.6121
108 -33.0529 -71.6121
208 -33.0528 -71.6121
200 -33.0528 -71.6121
588 -33.0511 -71.6128
964 -33.051 -71.6131
494 -33.0506 -71.6131
666 -33.0511 -71.613
278 -33.0505 -71.613
27 -33.0505 -71.613
74 -33.0504 -71.613
683 -33.0503 -71.613
133 -33.0502 -71.613
345 -33.0502 -71.613
638 -33.0511 -71.613
894 -33.0511 -71.6129
401 -33.05 -71.613
64 -33.0498 -71.6122
654 -33.0498 -71.6121
240 -33.0498 -71.6124
660 -33.0494 -71.6148
631 -33.0494 -71.6147
834 -33.0494 -71.6146
394 -33.0494 -71.6148
897 -33.0493 -71.6152
868 -33.0494 -71.6149
36 -33.0494 -71.6148
854 -33.0494 -71.6146
374 -33.0495 -71.6139
462 -33.0495 -71.6138
77 -33.0496 -71.6137
302 -33.0495 -71.6139
586 -33.0494 -71.6145
612 -33.0495 -71.6142
432 -33.0495 -71.614
213 -33.0493 -71.6152
318 -33.0493 -71.6153
81 -33.0482 -71.6149
604 -33.0483 -71.6148
348 -33.0482 -71.6149
553 -33.0482 -71.6152
48 -33.0482 -71.6151
933 -33.0482 -71.6151
853 -33.0484 -71.6143
50 -33.0485 -71.614
435 -33.0485 -71.6139
314 -33.0485 -71.6137
862 -33.0484 -71.6141
140 -33.0484 -71.6142
941 -33.0484 -71.6141
84 -33.0485 -71.6137
701 -33.0497 -71.6131
680 -33.0497 -71.613
234 -33.0497 -71.613
337 -33.0497 -71.6131
780 -33.0496 -71.6135
637 -33.0496 -71.6134
0 -33.0496 -71.6133
758 -33.0496 -71.6129
828 -33.0498 -71.6125
425 -33.0498 -71.6124
363 -33.0498 -71.6124
481 -33.0498 -71.6125
353 -33.0494 -71.6129
457 -33.0497 -71.6127
956 -33.0497 -71.6127
44 -33.0494 -71.6129
519 -33.0486 -71.6134
218 -33.0486 -71.6134
960 -33.0487 -71.6132
436 -33.0486 -71.6135
855 -33.0485 -71.6137
778 -33.0486 -71.6136
541 -33.0486 -71.6136
54 -33.0491 -71.6129
31 -33.049 -71.6129
538 -33.0489 -71.6124
728 -33.0489 -71.6123
648 -33.0488 -71.6125
851 -33.0488 -71.6129
515 -33.0487 -71.6129
202 -33.0527 -71.6121
970 -33.0587 -71.6105
748 -33.0572 -71.6099
72 -33.0569 -71.6098
463 -33.0568 -71.6099
569 -33.0558 -71.6104
866 -33.056 -71.6103
384 -33.0564 -71.6101
259 -33.0569 -71.6098
886 -33.0563 -71.6095
132 -33.0575 -71.6092
535 -33.0565 -71.6087
606 -33.0562 -71.6095
876 -33.0561 -71.6095
558 -33.0555 -71.6094
510 -33.0556 -71.6093
874 -33.0555 -71.6094
601 -33.0544 -71.6121
224 -33.0544 -71.612
645 -33.0543 -71.6119
89 -33.0543 -71.6119
575 -33.0543 -71.6118
551 -33.0543 -71.6118
22 -33.0542 -71.6117
228 -33.0541 -71.6115
26 -33.0555 -71.6104
187 -33.0547 -71.6104
190 -33.0549 -71.6104
2 -33.0546 -71.6105
600 -33.054 -71.6114
885 -33.054 -71.6113
328 -33.0546 -71.6085
468 -33.0545 -71.6085
126 -33.0545 -71.6085
836 -33.0545 -71.6085
167 -33.0544 -71.6085
714 -33.0544 -71.6085
136 -33.0544 -71.6085
951 -33.0543 -71.6085
471 -33.0543 -71.6085
502 -33.0542 -71.6085
158 -33.0546 -71.6085
952 -33.0547 -71.6085
840 -33.0548 -71.6084
690 -33.0546 -71.6085
846 -33.0546 -71.6085
137 -33.0546 -71.6085
316 -33.0546 -71.6085
981 -33.0542 -71.6085
757 -33.0542 -71.6085
398 -33.0542 -71.6085
785 -33.0542 -71.6085
671 -33.0542 -71.6085
966 -33.0542 -71.6085
460 -33.0541 -71.6085
752 -33.0541 -71.6085
704 -33.0541 -71.6085
741 -33.054 -71.6085
56 -33.0541 -71.6085
369 -33.054 -71.6085
653 -33.054 -71.6085
236 -33.0539 -71.6085
990 -33.054 -71.6085
204 -33.0539 -71.6112
211 -33.0539 -71.6112
343 -33.0539 -71.6112
863 -33.0538 -71.6112
861 -33.0538 -71.6112
143 -33.0536 -71.6113
324 -33.0537 -71.6111
593 -33.0537 -71.6111
415 -33.0538 -71.6111
268 -33.0538 -71.611
745 -33.0538 -71.611
97 -33.0538 -71.6105
681 -33.0536 -71.6107
734 -33.0536 -71.6111
821 -33.0536 -71.6111
421 -33.0535 -71.6111
299 -33.0535 -71.6105
141 -33.0534 -71.6114
227 -33.0533 -71.611
607 -33.0533 -71.611
771 -33.0533 -71.611
936 -33.0532 -71.6115
498 -33.0532 -71.6109
235 -33.0532 -71.6109
578 -33.0533 -71.6101
910 -33.0532 -71.6097
675 -33.0532 -71.609
811 -33.0532 -71.609
556 -33.0532 -71.609
390 -33.0532 -71.609
782 -33.0532 -71.609
505 -33.0536 -71.6086
673 -33.0537 -71.6085
349 -33.0537 -71.6085
417 -33.0537 -71.6085
125 -33.0536 -71.6085
192 -33.0536 -71.6086
284 -33.0536 -71.6085
770 -33.0536 -71.6085
624 -33.0537 -71.6085
404 -33.0539 -71.6085
815 -33.0539 -71.6085
182 -33.0539 -71.6085
856 -33.0539 -71.6085
832 -33.0538 -71.6085
365 -33.0538 -71.6085
669 -33.0537 -71.6085
243 -33.0536 -71.6085
845 -33.0535 -71.6085
882 -33.0535 -71.6085
71 -33.0535 -71.6085
325 -33.0535 -71.6085
736 -33.0535 -71.6085
16 -33.0534 -71.6085
294 -33.0534 -71.6085
172 -33.0534 -71.6085
199 -33.0534 -71.6085
321 -33.0534 -71.6085
229 -33.0534 -71.6085
319 -33.0534 -71.6085
788 -33.0534 -71.6085
357 -33.0533 -71.6084
997 -33.0532 -71.6084
672 -33.0579 -71.6082
581 -33.0578 -71.6082
903 -33.058 -71.6081
977 -33.0577 -71.6081
362 -33.0576 -71.6081
454 -33.0576 -71.6081
332 -33.0575 -71.6081
499 -33.0575 -71.6081
925 -33.0583 -71.608
280 -33.0584 -71.608
419 -33.0584 -71.608
159 -33.0583 -71.608
79 -33.0574 -71.6081
934 -33.0574 -71.6081
469 -33.0573 -71.6081
11 -33.0573 -71.608
461 -33.0572 -71.608
400 -33.0571 -71.608
335 -33.0571 -71.608
929 -33.057 -71.608
657 -33.057 -71.608
700 -33.0569 -71.608
473 -33.0568 -71.608
285 -33.0568 -71.608
912 -33.0568 -71.608
705 -33.0567 -71.608
225 -33.0566 -71.608
858 -33.0565 -71.608
438 -33.0565 -71.608
888 -33.0564 -71.608
168 -33.0564 -71.608
63 -33.0584 -71.608
528 -33.059 -71.6079
474 -33.059 -71.6077
300 -33.0593 -71.6076
808 -33.059 -71.6077
281 -33.0587 -71.6079
677 -33.0589 -71.6078
112 -33.0582 -71.6067
525 -33.0579 -71.6067
331 -33.0585 -71.6066
291 -33.0589 -71.6065
441 -33.0593 -71.6044
147 -33.0584 -71.6042
491 -33.0584 -71.6066
768 -33.0576 -71.6049
870 -33.0583 -71.6043
90 -33.0576 -71.6047
223 -33.0568 -71.6071
411 -33.0569 -71.6071
513 -33.057 -71.607
613 -33.0568 -71.6074
83 -33.0565 -71.6073
873 -33.0566 -71.6073
477 -33.0566 -71.6073
527 -33.057 -71.607
129 -33.0571 -71.607
311 -33.0576 -71.6068
924 -33.0573 -71.6047
296 -33.0571 -71.607
221 -33.057 -71.6047
196 -33.0565 -71.6045
740 -33.0564 -71.608
282 -33.0563 -71.608
46 -33.0563 -71.608
422 -33.0562 -71.608
833 -33.0562 -71.6079
555 -33.0562 -71.6079
138 -33.0562 -71.6079
944 -33.0561 -71.6079
478 -33.0561 -71.6079
592 -33.0561 -71.6079
810 -33.056 -71.6079
918 -33.056 -71.6079
219 -33.056 -71.6079
350 -33.0554 -71.6079
62 -33.0555 -71.6079
772 -33.0559 -71.6079
843 -33.0554 -71.6079
32 -33.0548 -71.6083
746 -33.0551 -71.6081
94 -33.0552 -71.6081
706 -33.0548 -71.6084
183 -33.0548 -71.6084
626 -33.0548 -71.6084
923 -33.0548 -71.6084
110 -33.0552 -71.6081
622 -33.0553 -71.608
261 -33.0553 -71.608
503 -33.0554 -71.6079
557 -33.0553 -71.608
532 -33.0552 -71.6081
381 -33.0552 -71.6081
980 -33.0559 -71.6079
878 -33.0559 -71.6079
723 -33.0559 -71.6079
662 -33.0559 -71.6079
489 -33.0558 -71.6079
715 -33.0557 -71.6078
378 -33.0557 -71.6078
458 -33.0557 -71.6078
753 -33.0556 -71.6078
472 -33.0561 -71.6075
857 -33.0562 -71.6075
922 -33.0563 -71.6074
78 -33.056 -71.6043
664 -33.0556 -71.6078
954 -33.0557 -71.6077
769 -33.0558 -71.6076
470 -33.0556 -71.6078
540 -33.0555 -71.6078
984 -33.0556 -71.6078
825 -33.0556 -71.6078
156 -33.0555 -71.6079
73 -33.0555 -71.6079
595 -33.0542 -71.6055
98 -33.0542 -71.6055
256 -33.0543 -71.6054
937 -33.0549 -71.6051
169 -33.0551 -71.6045
620 -33.0551 -71.6045
293 -33.0543 -71.6046
957 -33.0532 -71.6047
99 -33.0542 -71.6047
120 -33.0532 -71.609
615 -33.0526 -71.6121
334 -33.0525 -71.6121
70 -33.0525 -71.6121
837 -33.0524 -71.6121
801 -33.0522 -71.612
87 -33.0522 -71.612
661 -33.0522 -71.612
356 -33.0529 -71.6116
931 -33.0531 -71.6115
943 -33.0532 -71.6115
68 -33.0531 -71.6109
433 -33.053 -71.6116
391 -33.0529 -71.6116
437 -33.0529 -71.6108
233 -33.0529 -71.6108
725 -33.0521 -71.612
877 -33.052 -71.612
265 -33.052 -71.612
599 -33.0518 -71.612
655 -33.0518 -71.612
915 -33.0512 -71.612
201 -33.0514 -71.6119
942 -33.0513 -71.6119
392 -33.0513 -71.6119
517 -33.0516 -71.6118
744 -33.0516 -71.6118
372 -33.052 -71.6118
449 -33.0513 -71.6117
902 -33.0512 -71.6119
336 -33.0513 -71.6119
275 -33.0513 -71.6117
738 -33.0529 -71.6108
82 -33.0529 -71.6108
306 -33.0529 -71.6107
185 -33.0528 -71.6106
707 -33.0527 -71.6105
562 -33.0525 -71.6101
181 -33.0525 -71.6101
91 -33.0525 -71.6101
625 -33.0525 -71.6101
658 -33.0525 -71.6101
534 -33.0525 -71.6101
203 -33.0523 -71.6098
623 -33.0523 -71.6097
867 -33.0523 -71.6097
953 -33.0514 -71.6097
37 -33.0514 -71.6097
135 -33.0514 -71.6097
114 -33.0511 -71.61
584 -33.0512 -71.6099
699 -33.0512 -71.6099
396 -33.0511 -71.61
926 -33.0511 -71.61
543 -33.0511 -71.61
352 -33.0511 -71.61
630 -33.0512 -71.6099
45 -33.0513 -71.6098
570 -33.0513 -71.6098
594 -33.0513 -71.6098
426 -33.0512 -71.6099
443 -33.0512 -71.6099
777 -33.0512 -71.6099
131 -33.051 -71.6101
665 -33.0499 -71.6119
86 -33.0499 -71.6117
518 -33.0499 -71.6117
709 -33.0499 -71.6119
207 -33.0499 -71.612
548 -33.0499 -71.612
522 -33.0499 -71.6119
804 -33.0499 -71.6116
33 -33.0508 -71.6113
329 -33.05 -71.6113
342 -33.05 -71.6112
312 -33.05 -71.6113
241 -33.05 -71.6113
779 -33.0499 -71.6113
96 -33.0499 -71.6113
76 -33.0499 -71.612
823 -33.049 -71.6118
231 -33.049 -71.6118
119 -33.049 -71.6118
418 -33.049 -71.6119
590 -33.049 -71.6119
248 -33.049 -71.6119
971 -33.049 -71.6119
807 -33.049 -71.6117
596 -33.0499 -71.6113
947 -33.0499 -71.6113
685 -33.0497 -71.6112
444 -33.0494 -71.6112
178 -33.0491 -71.6114
153 -33.0491 -71.6114
719 -33.05 -71.6112
451 -33.0509 -71.6102
95 -33.0509 -71.6102
969 -33.0507 -71.6102
766 -33.0502 -71.6103
750 -33.0502 -71.6103
817 -33.0502 -71.6103
379 -33.0502 -71.6103
841 -33.0507 -71.6102
246 -33.0507 -71.6102
330 -33.051 -71.6101
684 -33.051 -71.6101
898 -33.0505 -71.6102
338 -33.0504 -71.6102
974 -33.0504 -71.6102
524 -33.0504 -71.6101
164 -33.0501 -71.6105
58 -33.05 -71.611
651 -33.0501 -71.6109
258 -33.0501 -71.6108
656 -33.05 -71.6111
847 -33.0493 -71.6112
634 -33.0486 -71.6112
899 -33.0492 -71.611
428 -33.0501 -71.6108
526 -33.0501 -71.6106
439 -33.0501 -71.6105
539 -33.0501 -71.6105
932 -33.0501 -71.6106
465 -33.0501 -71.6107
317 -33.0501 -71.6107
382 -33.0522 -71.6096
242 -33.0531 -71.6094
737 -33.0531 -71.6093
276 -33.0531 -71.6091
397 -33.0522 -71.6084
691 -33.0521 -71.6085
720 -33.0522 -71.6084
245 -33.0522 -71.6084
375 -33.0531 -71.6084
395 -33.053 -71.6083
544 -33.053 -71.6083
287 -33.053 -71.6083
993 -33.053 -71.6083
267 -33.0522 -71.6083
103 -33.053 -71.6083
230 -33.0529 -71.6083
806 -33.0521 -71.6085
791 -33.052 -71.6094
871 -33.052 -71.6089
667 -33.052 -71.6089
359 -33.052 -71.6089
566 -33.052 -71.6092
184 -33.052 -71.609
921 -33.052 -71.609
264 -33.052 -71.6088
554 -33.0521 -71.6086
887 -33.0521 -71.6085
247 -33.0521 -71.6085
67 -33.0521 -71.6087
410 -33.052 -71.6088
682 -33.0521 -71.6088
875 -33.0521 -71.6087
670 -33.0528 -71.6083
8 -33.0528 -71.6083
244 -33.0528 -71.6083
975 -33.0527 -71.6082
371 -33.0526 -71.6082
257 -33.0526 -71.6082
232 -33.0525 -71.6082
215 -33.0525 -71.6082
339 -33.0525 -71.6082
813 -33.0524 -71.6081
406 -33.0529 -71.6065
1 -33.0529 -71.6047
839 -33.0523 -71.6081
564 -33.0523 -71.608
65 -33.0522 -71.6079
358 -33.0522 -71.6079
122 -33.0522 -71.6077
895 -33.0522 -71.6078
989 -33.0522 -71.6077
308 -33.0522 -71.6077
731 -33.0522 -71.6082
193 -33.052 -71.608
776 -33.052 -71.608
21 -33.0521 -71.6076
194 -33.0521 -71.6076
388 -33.0522 -71.6076
628 -33.0522 -71.6074
30 -33.0522 -71.6048
826 -33.0521 -71.6048
913 -33.0521 -71.6072
492 -33.052 -71.6068
567 -33.052 -71.6091
965 -33.0517 -71.6094
959 -33.0517 -71.6094
893 -33.0517 -71.6094
445 -33.0516 -71.6095
609 -33.0516 -71.6095
104 -33.0516 -71.6095
689 -33.0516 -71.6095
41 -33.0518 -71.6093
536 -33.0519 -71.6092
289 -33.0519 -71.6091
6 -33.052 -71.6091
429 -33.0519 -71.6091
552 -33.0518 -71.6093
616 -33.0518 -71.6093
161 -33.0518 -71.6091
490 -33.0515 -71.6096
995 -33.0515 -71.6096
792 -33.0504 -71.6092
814 -33.0503 -71.6092
486 -33.0502 -71.6092
985 -33.0496 -71.6096
695 -33.0496 -71.6094
702 -33.0502 -71.6092
798 -33.0501 -71.6091
249 -33.0502 -71.6091
3 -33.0504 -71.6091
729 -33.0504 -71.6091
288 -33.0501 -71.6091
865 -33.05 -71.6091
4 -33.0499 -71.6091
270 -33.0518 -71.6091
906 -33.0517 -71.609
508 -33.0517 -71.609
914 -33.0516 -71.6089
617 -33.0516 -71.6089
717 -33.0513 -71.6087
781 -33.051 -71.6086
188 -33.0509 -71.6085
59 -33.0509 -71.6085
896 -33.0519 -71.6067
800 -33.0519 -71.6065
149 -33.0517 -71.6051
514 -33.0517 -71.606
380 -33.0509 -71.6085
650 -33.0511 -71.6085
121 -33.0511 -71.6085
568 -33.0509 -71.6085
344 -33.0505 -71.6087
507 -33.0505 -71.6086
28 -33.0509 -71.6085
663 -33.0504 -71.6089
459 -33.0504 -71.609
824 -33.0504 -71.609
928 -33.0504 -71.6089
47 -33.0508 -71.6085
618 -33.0507 -71.6085
39 -33.0506 -71.6085
346 -33.0505 -71.6085
559 -33.05 -71.6084
162 -33.0497 -71.6084
533 -33.0492 -71.6036
