497 -33.0543 -71.6244
647 -33.0543 -71.6243
115 -33.0543 -71.6243
5 -33.0543 -71.6243
142 -33.0542 -71.6244
85 -33.0542 -71.6244
796 -33.0543 -71.6243
890 -33.0543 -71.6242
226 -33.0543 -71.6242
703 -33.0543 -71.6242
38 -33.0543 -71.624
315 -33.0543 -71.6239
500 -33.0543 -71.6239
327 -33.0543 -71.6238
678 -33.0543 -71.6237
66 -33.0541 -71.6244
217 -33.0534 -71.6246
479 -33.0535 -71.6245
697 -33.0535 -71.6245
109 -33.0533 -71.6246
883 -33.0531 -71.6246
979 -33.0528 -71.6246
829 -33.0527 -71.6245
786 -33.0526 -71.6245
940 -33.0539 -71.6244
176 -33.054 -71.6244
550 -33.0541 -71.6244
313 -33.0538 -71.6241
961 -33.0537 -71.6245
589 -33.0525 -71.6245
53 -33.0537 -71.624
260 -33.0543 -71.6235
177 -33.0544 -71.6229
880 -33.0546 -71.6225
179 -33.0548 -71.622
930 -33.0544 -71.6231
487 -33.0543 -71.6233
266 -33.0543 -71.6231
253 -33.0543 -71.6231
210 -33.0552 -71.6215
377 -33.0552 -71.6215
646 -33.0548 -71.6184
869 -33.055 -71.6181
57 -33.0546 -71.6184
765 -33.0541 -71.6184
413 -33.0542 -71.6184
668 -33.0546 -71.6184
189 -33.054 -71.6184
408 -33.0534 -71.6188
370 -33.0533 -71.6188
255 -33.0532 -71.6188
549 -33.053 -71.6187
376 -33.0528 -71.6187
881 -33.0527 -71.6187
816 -33.0527 -71.6187
537 -33.0535 -71.6187
582 -33.0537 -71.6184
963 -33.0539 -71.6184
367 -33.0539 -71.6184
978 -33.0537 -71.6184
134 -33.0526 -71.6187
407 -33.0535 -71.6185
598 -33.0523 -71.6244
92 -33.052 -71.6244
25 -33.0522 -71.6244
987 -33.052 -71.6243
710 -33.0519 -71.6243
629 -33.0513 -71.6251
849 -33.0511 -71.6251
409 -33.0518 -71.6251
633 -33.051 -71.6229
116 -33.0522 -71.62
399 -33.0522 -71.62
547 -33.0515 -71.6191
775 -33.0513 -71.6189
447 -33.0509 -71.6228
713 -33.0513 -71.6189
973 -33.0512 -71.6188
34 -33.0507 -71.6226
935 -33.0506 -71.6225
493 -33.0505 -71.6224
732 -33.0504 -71.622
101 -33.0503 -71.6242
716 -33.0503 -71.6209
694 -33.0502 -71.6209
799 -33.0502 -71.6206
901 -33.0502 -71.6205
283 -33.0501 -71.6204
440 -33.05 -71.6203
687 -33.0499 -71.6188
412 -33.0496 -71.6198
597 -33.0495 -71.6196
111 -33.0494 -71.6194
144 -33.0494 -71.6194
838 -33.0511 -71.6188
542 -33.0521 -71.6185
301 -33.0521 -71.6185
42 -33.0521 -71.6185
361 -33.0521 -71.6185
456 -33.0512 -71.6186
69 -33.0519 -71.6184
919 -33.0512 -71.6184
698 -33.0517 -71.6184
754 -33.0517 -71.6184
373 -33.0516 -71.6184
455 -33.0515 -71.6184
587 -33.0515 -71.6184
216 -33.0514 -71.6184
760 -33.0513 -71.6184
809 -33.0513 -71.6183
355 -33.0511 -71.6186
761 -33.0511 -71.6187
341 -33.051 -71.6186
844 -33.0509 -71.6185
831 -33.0499 -71.6187
448 -33.0499 -71.6187
340 -33.0498 -71.6187
262 -33.0498 -71.6187
434 -33.0509 -71.6185
198 -33.0507 -71.6185
891 -33.0506 -71.6184
803 -33.051 -71.6182
767 -33.0504 -71.6179
323 -33.05 -71.6185
166 -33.0501 -71.6184
466 -33.0503 -71.6179
118 -33.0558 -71.6159
976 -33.0557 -71.6159
945 -33.0557 -71.6159
872 -33.0557 -71.6159
475 -33.0554 -71.6177
774 -33.0553 -71.6177
560 -33.0553 -71.6176
482 -33.0556 -71.6159
991 -33.0555 -71.6159
297 -33.0549 -71.6158
561 -33.0547 -71.6157
842 -33.0545 -71.6157
483 -33.0545 -71.6157
531 -33.0544 -71.6157
501 -33.0543 -71.6157
124 -33.0543 -71.6157
822 -33.0528 -71.6159
450 -33.0527 -71.6158
18 -33.0529 -71.6157
389 -33.0525 -71.6157
743 -33.0524 -71.6157
955 -33.0521 -71.6156
726 -33.0521 -71.6156
279 -33.052 -71.6156
123 -33.052 -71.6156
251 -33.0523 -71.6156
476 -33.0523 -71.6156
602 -33.0519 -71.6156
107 -33.0518 -71.6156
520 -33.0518 -71.6156
693 -33.0518 -71.6156
464 -33.0539 -71.6156
640 -33.0539 -71.6156
950 -33.0539 -71.6156
948 -33.0556 -71.6156
608 -33.0539 -71.6156
20 -33.0538 -71.6156
60 -33.0537 -71.6156
879 -33.0536 -71.6156
818 -33.0536 -71.6156
286 -33.0536 -71.6155
994 -33.0546 -71.6149
686 -33.0534 -71.6141
127 -33.0531 -71.6139
943 -33.0518 -71.6136
936 -33.0518 -71.6136
762 -33.052 -71.6132
931 -33.0518 -71.6137
269 -33.0517 -71.6156
146 -33.0513 -71.6156
356 -33.0517 -71.6139
442 -33.0513 -71.6156
580 -33.0513 -71.6156
271 -33.0513 -71.6156
150 -33.0509 -71.6156
268 -33.0513 -71.6131
105 -33.0513 -71.6131
907 -33.0513 -71.6131
405 -33.0513 -71.6131
916 -33.0511 -71.613
577 -33.0509 -71.6131
387 -33.0509 -71.6131
252 -33.0509 -71.6131
495 -33.0498 -71.6178
730 -33.0501 -71.6157
546 -33.0498 -71.6157
117 -33.0497 -71.6159
992 -33.0496 -71.6161
292 -33.0497 -71.6159
254 -33.0497 -71.6159
641 -33.0508 -71.6156
819 -33.0506 -71.6155
488 -33.0506 -71.6155
290 -33.0505 -71.6155
893 -33.0497 -71.6131
953 -33.0496 -71.6136
609 -33.0496 -71.6134
689 -33.0496 -71.6133
812 -33.0496 -71.6161
864 -33.0495 -71.6163
892 -33.0495 -71.6162
684 -33.0495 -71.6142
908 -33.0495 -71.6163
545 -33.0494 -71.6164
721 -33.0494 -71.6164
95 -33.0494 -71.6143
352 -33.0495 -71.6141
443 -33.0495 -71.6139
426 -33.0495 -71.6138
570 -33.0495 -71.6138
699 -33.0495 -71.6139
396 -33.0495 -71.6141
543 -33.0495 -71.614
391 -33.0497 -71.6131
792 -33.0508 -71.6131
23 -33.0508 -71.6131
745 -33.0508 -71.6131
415 -33.0507 -71.6131
446 -33.0507 -71.6131
272 -33.0507 -71.6131
310 -33.0505 -71.613
423 -33.0505 -71.613
403 -33.0505 -71.613
160 -33.0504 -71.613
998 -33.0504 -71.613
649 -33.0503 -71.613
507 -33.0503 -71.613
143 -33.0503 -71.613
386 -33.0502 -71.613
145 -33.0502 -71.613
141 -33.0501 -71.613
986 -33.05 -71.613
309 -33.0498 -71.6129
151 -33.0497 -71.6129
959 -33.0497 -71.613
41 -33.0497 -71.613
433 -33.0497 -71.613
171 -33.0497 -71.6129
759 -33.0497 -71.6129
102 -33.0496 -71.6129
108 -33.0495 -71.6129
711 -33.0495 -71.6129
611 -33.0495 -71.6129
200 -33.0494 -71.6129
859 -33.0494 -71.6202
999 -33.0493 -71.6203
206 -33.0481 -71.6203
130 -33.0477 -71.6199
263 -33.0477 -71.6199
453 -33.0476 -71.62
318 -33.0476 -71.62
165 -33.0477 -71.62
213 -33.0478 -71.6198
36 -33.0478 -71.6196
868 -33.0478 -71.6196
394 -33.0479 -71.6196
900 -33.0478 -71.6197
529 -33.0477 -71.6198
897 -33.0477 -71.6198
712 -33.0477 -71.6198
239 -33.0476 -71.6201
939 -33.0474 -71.6227
9 -33.0474 -71.6227
55 -33.0474 -71.6224
755 -33.0474 -71.6224
722 -33.0474 -71.6221
530 -33.0474 -71.6221
152 -33.0474 -71.6221
511 -33.0473 -71.6218
949 -33.0475 -71.6203
10 -33.0476 -71.6202
983 -33.0476 -71.6202
889 -33.0475 -71.6204
605 -33.0474 -71.6209
416 -33.0475 -71.6203
573 -33.0475 -71.6203
692 -33.0479 -71.6196
163 -33.0494 -71.6193
852 -33.0494 -71.6193
17 -33.0494 -71.619
250 -33.0494 -71.619
106 -33.0483 -71.6188
688 -33.0483 -71.6188
574 -33.0483 -71.6188
462 -33.0483 -71.6188
632 -33.0494 -71.6188
432 -33.0494 -71.6186
302 -33.0494 -71.6186
77 -33.0493 -71.6184
374 -33.0483 -71.6187
780 -33.0484 -71.6185
195 -33.0485 -71.6184
850 -33.0483 -71.6189
904 -33.048 -71.6194
174 -33.048 -71.6193
586 -33.048 -71.6193
834 -33.048 -71.6194
660 -33.0479 -71.6196
854 -33.0479 -71.6195
631 -33.0479 -71.6195
364 -33.048 -71.6193
572 -33.0481 -71.6191
612 -33.0482 -71.619
884 -33.0482 -71.619
13 -33.0481 -71.6192
191 -33.048 -71.6193
273 -33.048 -71.6193
484 -33.0473 -71.6228
718 -33.0466 -71.6229
80 -33.0469 -71.6228
485 -33.0469 -71.6228
360 -33.0466 -71.6229
696 -33.0462 -71.623
516 -33.0463 -71.6229
222 -33.0464 -71.6229
764 -33.0471 -71.6228
911 -33.0473 -71.6228
708 -33.0472 -71.6216
383 -33.0473 -71.6212
583 -33.0472 -71.6228
509 -33.0471 -71.6228
427 -33.0462 -71.6215
644 -33.0462 -71.6214
735 -33.0461 -71.623
277 -33.0461 -71.623
322 -33.0461 -71.623
802 -33.0461 -71.623
938 -33.046 -71.6231
205 -33.046 -71.6231
820 -33.046 -71.6231
139 -33.046 -71.6231
220 -33.0453 -71.6228
88 -33.0458 -71.6221
643 -33.046 -71.6218
827 -33.0461 -71.6216
982 -33.0455 -71.6225
784 -33.0453 -71.6228
988 -33.0454 -71.6226
724 -33.0463 -71.6212
170 -33.0473 -71.6202
333 -33.0472 -71.6202
113 -33.0471 -71.6202
941 -33.047 -71.6189
155 -33.047 -71.6201
639 -33.047 -71.6201
853 -33.047 -71.6191
862 -33.047 -71.6189
855 -33.0472 -71.6185
436 -33.0472 -71.6184
778 -33.0472 -71.6184
314 -33.0471 -71.6186
435 -33.0471 -71.6188
50 -33.0471 -71.6187
84 -33.0471 -71.6186
140 -33.047 -71.6191
635 -33.0465 -71.6205
763 -33.0468 -71.6201
157 -33.0467 -71.6201
972 -33.0465 -71.6206
968 -33.0464 -71.6209
610 -33.0464 -71.6209
793 -33.0465 -71.6207
553 -33.0467 -71.6201
794 -33.0468 -71.6201
348 -33.0468 -71.6198
604 -33.0468 -71.6197
81 -33.0468 -71.6198
48 -33.0467 -71.6199
933 -33.0467 -71.6199
541 -33.0472 -71.6184
637 -33.0492 -71.6182
680 -33.0489 -71.6179
431 -33.0493 -71.6177
234 -33.0489 -71.6179
363 -33.0488 -71.6174
425 -33.0488 -71.6173
240 -33.0488 -71.6173
64 -33.0488 -71.6172
278 -33.0489 -71.617
548 -33.0489 -71.617
76 -33.0489 -71.617
74 -33.0489 -71.6171
93 -33.0489 -71.6171
654 -33.0489 -71.6171
27 -33.0489 -71.6171
430 -33.0488 -71.6174
337 -33.0486 -71.6181
701 -33.0486 -71.618
956 -33.0487 -71.6177
830 -33.0485 -71.6182
0 -33.0485 -71.6183
496 -33.0485 -71.6182
504 -33.0485 -71.6182
457 -33.0487 -71.6177
481 -33.0487 -71.6176
828 -33.0487 -71.6176
783 -33.0487 -71.6175
401 -33.0487 -71.6176
614 -33.0487 -71.6177
727 -33.0487 -71.6177
393 -33.0485 -71.6176
709 -33.0489 -71.617
946 -33.0493 -71.6165
787 -33.0494 -71.6164
164 -33.0492 -71.6155
539 -33.0492 -71.6155
258 -33.0492 -71.6159
180 -33.0492 -71.6158
428 -33.0492 -71.6157
750 -33.0493 -71.6153
246 -33.0494 -71.6147
841 -33.0494 -71.6146
208 -33.0494 -71.6129
524 -33.0493 -71.615
379 -33.0493 -71.6153
202 -33.0493 -71.6129
615 -33.0493 -71.6129
334 -33.0492 -71.6129
86 -33.049 -71.6167
804 -33.049 -71.6167
565 -33.049 -71.6167
518 -33.049 -71.6167
522 -33.0489 -71.6169
207 -33.0489 -71.6169
665 -33.0489 -71.6169
860 -33.0489 -71.6165
329 -33.0491 -71.6163
656 -33.0491 -71.6161
70 -33.0491 -71.6129
320 -33.0488 -71.6164
795 -33.0486 -71.6164
974 -33.0485 -71.6138
336 -33.0485 -71.6138
128 -33.0484 -71.6175
756 -33.0484 -71.617
823 -33.0477 -71.6168
119 -33.0477 -71.6168
304 -33.0477 -71.6173
418 -33.0477 -71.6168
971 -33.0477 -71.6168
231 -33.0477 -71.6168
148 -33.0483 -71.6163
385 -33.0481 -71.6163
345 -33.0479 -71.6161
683 -33.0479 -71.6162
807 -33.0478 -71.6167
178 -33.0478 -71.6164
153 -33.0479 -71.6162
758 -33.0477 -71.6169
851 -33.0474 -71.6178
515 -33.0474 -71.6177
31 -33.0475 -71.6176
652 -33.0474 -71.6179
519 -33.0472 -71.6183
218 -33.0473 -71.6182
960 -33.0473 -71.6181
648 -33.0476 -71.6173
44 -33.0477 -71.617
590 -33.0477 -71.6169
248 -33.0477 -71.6169
728 -33.0476 -71.6171
538 -33.0476 -71.6173
75 -33.0474 -71.6162
133 -33.0479 -71.6161
342 -33.0482 -71.6152
638 -33.0482 -71.6151
666 -33.0482 -71.615
719 -33.0482 -71.6152
596 -33.0481 -71.6153
920 -33.0481 -71.6153
779 -33.0482 -71.6152
894 -33.0482 -71.615
932 -33.0483 -71.6145
439 -33.0483 -71.6145
817 -33.0484 -71.6142
465 -33.0483 -71.6146
651 -33.0482 -71.6149
58 -33.0482 -71.6149
805 -33.0483 -71.6146
947 -33.0481 -71.6153
899 -33.048 -71.616
444 -33.048 -71.6159
685 -33.0481 -71.6155
847 -33.0479 -71.6161
634 -33.047 -71.6156
96 -33.0473 -71.6141
241 -33.0473 -71.614
312 -33.0473 -71.614
996 -33.0476 -71.6132
749 -33.0476 -71.6132
766 -33.0476 -71.6131
526 -33.0476 -71.6134
588 -33.0474 -71.6137
317 -33.0475 -71.6134
837 -33.049 -71.6129
19 -33.0547 -71.6124
790 -33.0544 -71.6123
326 -33.0544 -71.6123
354 -33.0542 -71.6122
420 -33.0542 -71.6123
414 -33.0541 -71.6123
576 -33.054 -71.6122
43 -33.054 -71.6122
579 -33.0544 -71.612
368 -33.0543 -71.6118
467 -33.0541 -71.6115
521 -33.054 -71.6122
747 -33.054 -71.6122
619 -33.0539 -71.6113
259 -33.0539 -71.6112
72 -33.0538 -71.6113
917 -33.0536 -71.6122
523 -33.0531 -71.6121
298 -33.0528 -71.6121
238 -33.0526 -71.6121
305 -33.0524 -71.6121
505 -33.0523 -71.6117
26 -33.0523 -71.6117
192 -33.0523 -71.6117
463 -33.0537 -71.6113
237 -33.0537 -71.6111
154 -33.0537 -71.6111
967 -33.0537 -71.6111
569 -33.0527 -71.6116
874 -33.0528 -71.6116
866 -33.0529 -71.6116
384 -33.0533 -71.611
591 -33.0533 -71.6109
563 -33.0532 -71.6109
132 -33.0538 -71.6105
209 -33.0531 -71.6109
636 -33.0531 -71.6109
366 -33.053 -71.6108
627 -33.053 -71.6108
970 -33.0547 -71.6104
772 -33.0534 -71.6103
810 -33.0534 -71.6103
592 -33.0534 -71.6101
922 -33.0533 -71.6099
83 -33.0532 -71.6096
873 -33.0531 -71.6095
98 -33.0531 -71.6091
751 -33.053 -71.6108
307 -33.053 -71.6108
52 -33.0529 -71.6108
402 -33.0529 -71.6107
452 -33.0528 -71.6106
175 -33.0528 -71.6106
61 -33.0526 -71.6103
12 -33.0526 -71.6103
927 -33.0525 -71.6101
35 -33.0525 -71.6101
773 -33.0525 -71.61
679 -33.0525 -71.61
274 -33.0524 -71.61
190 -33.0523 -71.6098
676 -33.0523 -71.6097
424 -33.0523 -71.6097
962 -33.0521 -71.612
51 -33.0519 -71.612
642 -33.0519 -71.612
958 -33.0518 -71.612
737 -33.0515 -71.6119
2 -33.0515 -71.6119
187 -33.0516 -71.6118
276 -33.0517 -71.6118
675 -33.0518 -71.6118
811 -33.0519 -71.6118
782 -33.0519 -71.6118
556 -33.0518 -71.6118
390 -33.0518 -71.6118
120 -33.0518 -71.6118
15 -33.0515 -71.6115
733 -33.0514 -71.6119
578 -33.0511 -71.6123
351 -33.0511 -71.6123
14 -33.0511 -71.6122
97 -33.0511 -71.6125
197 -33.0511 -71.6128
299 -33.0511 -71.6128
295 -33.0511 -71.6126
480 -33.0512 -71.612
173 -33.0513 -71.6119
242 -33.0513 -71.6119
29 -33.0514 -71.6116
214 -33.0513 -71.6117
910 -33.0512 -71.612
571 -33.0512 -71.6118
909 -33.0513 -71.6114
303 -33.0522 -71.6096
512 -33.0522 -71.6095
797 -33.0521 -71.6094
674 -33.0521 -71.6094
746 -33.0517 -71.6094
110 -33.0517 -71.6094
7 -33.0521 -71.6094
94 -33.0517 -71.6094
848 -33.052 -71.6094
470 -33.052 -71.609
825 -33.052 -71.6089
506 -33.0519 -71.6092
622 -33.0518 -71.6093
40 -33.0519 -71.6092
49 -33.0517 -71.609
32 -33.0514 -71.6097
681 -33.0511 -71.61
22 -33.0511 -71.61
846 -33.0512 -71.6099
575 -33.0511 -71.61
789 -33.051 -71.6114
981 -33.0509 -71.6101
167 -33.0511 -71.61
316 -33.0512 -71.6099
603 -33.0514 -71.6097
626 -33.0514 -71.6097
923 -33.0514 -71.6097
840 -33.0513 -71.6098
158 -33.0512 -71.6099
137 -33.0513 -71.6098
378 -33.052 -71.6088
331 -33.0545 -71.6085
491 -33.0544 -71.6085
63 -33.0543 -71.6085
419 -33.0543 -71.6085
280 -33.0542 -71.6085
925 -33.0542 -71.6085
886 -33.0542 -71.6085
159 -33.0542 -71.6085
112 -33.0541 -71.6085
281 -33.0546 -71.6085
808 -33.0548 -71.6084
606 -33.054 -71.6085
525 -33.0539 -71.6085
876 -33.054 -71.6085
903 -33.0539 -71.6085
672 -33.0537 -71.6085
311 -33.0536 -71.6085
581 -33.0537 -71.6085
977 -33.0535 -71.6085
362 -33.0535 -71.6085
454 -33.0535 -71.6085
332 -33.0534 -71.6085
934 -33.0533 -71.6084
558 -33.0533 -71.6084
79 -33.0533 -71.6084
499 -33.0533 -71.6084
469 -33.0532 -71.6084
129 -33.0532 -71.6084
11 -33.0532 -71.6084
510 -33.0531 -71.6084
513 -33.0531 -71.6084
677 -33.0548 -71.6084
474 -33.055 -71.6083
748 -33.055 -71.6082
300 -33.0551 -71.6081
291 -33.0549 -71.6083
296 -33.0531 -71.6084
461 -33.053 -71.6083
527 -33.053 -71.6083
528 -33.0553 -71.608
870 -33.0542 -71.6047
147 -33.0543 -71.6046
441 -33.0553 -71.6044
768 -33.0542 -71.6055
196 -33.053 -71.6064
90 -33.0535 -71.6047
924 -33.0531 -71.6047
929 -33.053 -71.6083
335 -33.053 -71.6083
400 -33.0529 -71.6083
411 -33.0529 -71.6083
657 -33.0529 -71.6083
223 -33.0528 -71.6083
700 -33.0528 -71.6083
613 -33.0527 -71.6082
473 -33.0527 -71.6082
285 -33.0527 -71.6082
535 -33.0527 -71.6082
221 -33.0528 -71.6047
912 -33.0527 -71.6082
705 -33.0526 -71.6082
477 -33.0525 -71.6082
225 -33.0524 -71.6081
645 -33.0522 -71.6082
857 -33.0522 -71.6081
282 -33.0522 -71.6081
422 -33.0522 -71.6082
944 -33.0522 -71.6084
555 -33.0522 -71.6083
472 -33.0522 -71.6083
888 -33.0524 -71.6081
438 -33.0524 -71.6081
858 -33.0524 -71.6081
168 -33.0524 -71.6081
740 -33.0523 -71.6081
46 -33.0522 -71.6081
833 -33.0521 -71.6081
551 -33.0523 -71.6081
219 -33.0521 -71.6085
769 -33.0521 -71.6087
662 -33.0521 -71.6087
212 -33.0521 -71.6085
954 -33.0521 -71.6087
601 -33.0513 -71.6087
224 -33.0513 -71.6087
89 -33.0511 -71.6086
595 -33.0512 -71.6084
843 -33.0514 -71.6083
984 -33.0516 -71.6082
715 -33.0516 -71.6082
503 -33.0514 -71.6083
261 -33.0513 -71.6084
256 -33.0513 -71.6084
478 -33.0521 -71.6081
138 -33.0522 -71.6078
918 -33.0522 -71.6077
980 -33.0522 -71.6076
878 -33.0522 -71.6075
489 -33.0522 -71.6075
458 -33.0522 -71.6073
664 -33.0521 -71.6072
540 -33.0521 -71.6072
156 -33.0521 -71.6071
593 -33.0521 -71.607
73 -33.052 -71.607
421 -33.052 -71.6069
227 -33.052 -71.6068
557 -33.052 -71.6068
532 -33.0519 -71.6067
381 -33.0519 -71.6067
723 -33.0519 -71.608
937 -33.0519 -71.608
753 -33.0519 -71.6076
706 -33.0517 -71.6062
228 -33.0513 -71.608
62 -33.0517 -71.6075
350 -33.0517 -71.6075
502 -33.0513 -71.6059
169 -33.0512 -71.6052
620 -33.0512 -71.6052
78 -33.0518 -71.6047
752 -33.0512 -71.6058
181 -33.0511 -71.6058
966 -33.0511 -71.6058
398 -33.0509 -71.6102
682 -33.0498 -71.6124
554 -33.0498 -71.6122
887 -33.0498 -71.6122
921 -33.0498 -71.6126
6 -33.0497 -71.6128
184 -33.0498 -71.6127
871 -33.0498 -71.6126
347 -33.0503 -71.6113
742 -33.0501 -71.6113
257 -33.05 -71.6112
371 -33.05 -71.6112
813 -33.0498 -71.6113
905 -33.0497 -71.6113
731 -33.0496 -71.6112
397 -33.0495 -71.6112
267 -33.0494 -71.6112
445 -33.0489 -71.6122
67 -33.0491 -71.6114
245 -33.0494 -71.6112
801 -33.0488 -71.6129
87 -33.0488 -71.6129
661 -33.0487 -71.6129
777 -33.0488 -71.6128
720 -33.0493 -71.6112
247 -33.0493 -71.6112
691 -33.0493 -71.6112
806 -33.0493 -71.6112
410 -33.0491 -71.6112
875 -33.0491 -71.6112
264 -33.049 -71.6112
359 -33.0489 -71.6112
667 -33.0489 -71.6112
671 -33.0509 -71.6102
704 -33.0507 -71.6102
885 -33.0507 -71.6102
741 -33.0507 -71.6102
294 -33.0502 -71.6102
236 -33.0506 -71.6102
404 -33.0506 -71.6102
182 -33.0505 -71.6102
832 -33.0506 -71.6102
856 -33.0506 -71.6102
861 -33.0505 -71.6101
669 -33.0504 -71.6102
284 -33.0503 -71.6102
882 -33.0502 -71.6101
349 -33.0504 -71.6101
736 -33.0502 -71.6102
230 -33.0501 -71.6108
375 -33.0501 -71.6106
997 -33.0501 -71.6106
670 -33.05 -71.6111
567 -33.0488 -71.6112
289 -33.0487 -71.6112
776 -33.0493 -71.6108
357 -33.0501 -71.6105
319 -33.0502 -71.6104
321 -33.0502 -71.6103
199 -33.0502 -71.6103
229 -33.0502 -71.6104
215 -33.0492 -71.6099
193 -33.0488 -71.6098
725 -33.0487 -71.6129
372 -33.0487 -71.6129
877 -33.0486 -71.6129
265 -33.0486 -71.6129
599 -33.0484 -71.6129
655 -33.0484 -71.6129
585 -33.0484 -71.6129
517 -33.0482 -71.6129
744 -33.0482 -71.6128
835 -33.0482 -71.6128
201 -33.048 -71.6128
942 -33.048 -71.6128
330 -33.048 -71.6121
392 -33.0479 -71.6128
729 -33.048 -71.6121
451 -33.048 -71.6121
739 -33.0479 -71.6128
902 -33.0478 -71.6129
100 -33.0479 -71.6128
338 -33.0478 -71.6127
915 -33.0477 -71.6129
621 -33.0474 -71.6127
659 -33.0472 -71.6127
186 -33.0472 -71.6127
898 -33.0478 -71.6126
964 -33.0467 -71.6126
24 -33.0467 -71.6126
969 -33.0479 -71.6124
494 -33.0463 -71.6125
353 -33.0451 -71.6121
54 -33.0449 -71.612
131 -33.048 -71.612
45 -33.0481 -71.6117
594 -33.0481 -71.6115
135 -33.0481 -71.6115
630 -33.0481 -71.6117
926 -33.048 -71.6119
114 -33.0481 -71.6118
584 -33.0481 -71.6118
37 -33.0482 -71.6115
616 -33.0486 -71.6112
781 -33.0485 -71.6111
552 -33.0485 -71.6111
965 -33.0484 -71.6111
490 -33.0482 -71.6113
104 -33.0482 -71.6112
275 -33.0476 -71.611
449 -33.0476 -71.611
33 -33.0466 -71.6109
288 -33.0462 -71.6098
798 -33.0463 -71.6098
865 -33.0462 -71.6098
695 -33.0455 -71.6098
985 -33.0454 -71.6098
4 -33.0461 -71.6098
249 -33.0463 -71.6098
3 -33.0466 -71.6098
459 -33.0466 -71.6098
824 -33.0467 -71.6098
814 -33.0465 -71.6098
486 -33.0464 -71.6098
702 -33.0465 -71.6098
928 -33.0468 -71.6098
211 -33.0508 -71.6092
324 -33.0506 -71.6092
468 -33.0505 -71.6086
126 -33.0505 -71.6086
821 -33.0505 -71.6092
757 -33.0504 -71.609
785 -33.0504 -71.609
183 -33.0507 -71.6085
952 -33.0506 -71.6085
600 -33.0506 -71.6085
204 -33.0505 -71.6085
343 -33.0505 -71.6085
328 -33.0505 -71.6085
863 -33.0504 -71.6085
836 -33.0504 -71.6085
653 -33.0504 -71.6091
990 -33.0504 -71.6092
406 -33.0499 -71.6091
845 -33.0499 -71.6091
243 -33.0499 -71.6091
8 -33.0495 -71.6098
395 -33.0496 -71.6095
172 -33.0498 -71.6091
16 -33.0498 -71.6091
136 -33.0503 -71.6085
714 -33.0503 -71.6085
951 -33.0502 -71.6085
734 -33.0502 -71.6085
707 -33.0495 -71.6091
771 -33.0499 -71.6084
607 -33.0499 -71.6084
498 -33.0497 -71.6084
690 -33.0507 -71.6073
471 -33.0503 -71.6073
369 -33.0502 -71.6072
56 -33.0502 -71.6072
460 -33.0501 -71.6072
624 -33.0499 -71.6072
365 -33.0498 -71.6072
957 -33.0502 -71.6066
815 -33.0509 -71.6058
382 -33.0507 -71.6057
673 -33.0506 -71.6057
770 -33.0506 -71.6057
788 -33.0504 -71.6056
293 -33.0505 -71.6049
99 -33.0503 -71.6048
244 -33.0498 -71.6054
68 -33.0497 -71.6084
235 -33.0497 -71.6084
417 -33.0496 -71.6084
125 -33.0495 -71.6084
233 -33.0495 -71.6084
82 -33.0494 -71.6084
738 -33.0494 -71.6084
306 -33.0494 -71.6084
437 -33.0494 -71.6084
71 -33.0494 -71.6083
325 -33.0496 -71.6071
1 -33.0494 -71.6038
185 -33.0492 -71.6083
564 -33.0493 -71.6052
358 -33.0492 -71.6052
623 -33.0488 -71.6091
544 -33.0489 -71.6083
562 -33.0488 -71.6083
91 -33.0487 -71.6083
121 -33.0477 -71.6098
650 -33.0477 -71.6098
625 -33.0487 -71.6083
658 -33.0487 -71.6083
534 -33.0487 -71.6083
867 -33.0484 -71.6082
203 -33.0484 -71.6082
566 -33.0479 -71.6082
429 -33.0477 -71.6082
270 -33.0477 -71.6082
161 -33.0476 -71.6082
28 -33.0475 -71.6098
995 -33.0473 -71.6098
47 -33.0474 -71.6098
914 -33.0474 -71.6082
617 -33.0473 -71.6082
663 -33.0468 -71.6098
344 -33.047 -71.6098
39 -33.0472 -71.6098
717 -33.047 -71.6081
59 -33.0466 -71.6081
188 -33.0466 -71.6081
568 -33.0466 -71.6081
380 -33.0466 -71.6081
618 -33.0464 -71.6081
346 -33.0462 -71.6081
559 -33.0457 -71.608
103 -33.0491 -71.607
287 -33.0491 -71.607
993 -33.049 -71.607
339 -33.0488 -71.6066
975 -33.0488 -71.6069
232 -33.0488 -71.6067
839 -33.0487 -71.6065
65 -33.0491 -71.6052
122 -33.0491 -71.6051
388 -33.0489 -71.6049
30 -33.0491 -71.6032
628 -33.0489 -71.6047
913 -33.0488 -71.6046
492 -33.0486 -71.6042
826 -33.0488 -71.6036
896 -33.0485 -71.6041
791 -33.0481 -71.6079
21 -33.0482 -71.6066
194 -33.0482 -71.6066
536 -33.048 -71.6077
162 -33.0454 -71.608
906 -33.0478 -71.6075
508 -33.0477 -71.6075
989 -33.0483 -71.6066
895 -33.0484 -71.6066
149 -33.0485 -71.6066
800 -33.0484 -71.604
308 -33.0484 -71.6066
533 -33.0452 -71.6051
514 -33.0483 -71.6036
