109 -33.0552 -71.6216
217 -33.0552 -71.6214
697 -33.0551 -71.6214
479 -33.0551 -71.6213
883 -33.055 -71.6218
53 -33.0551 -71.6212
961 -33.0551 -71.6212
313 -33.0551 -71.621
978 -33.057 -71.6183
367 -33.0573 -71.6183
189 -33.0573 -71.6182
940 -33.055 -71.6208
176 -33.055 -71.6208
754 -33.055 -71.6182
698 -33.055 -71.6182
66 -33.0549 -71.6207
550 -33.0549 -71.6206
142 -33.0549 -71.6205
85 -33.0549 -71.6205
979 -33.0549 -71.622
829 -33.0548 -71.6222
497 -33.0548 -71.6204
647 -33.0548 -71.6204
5 -33.0548 -71.6204
587 -33.0548 -71.6184
455 -33.0549 -71.6183
373 -33.0549 -71.6183
216 -33.0548 -71.6184
115 -33.0548 -71.6204
796 -33.0548 -71.6204
890 -33.0548 -71.6203
549 -33.0562 -71.6181
475 -33.0586 -71.6171
537 -33.0558 -71.6164
407 -33.056 -71.6162
408 -33.0557 -71.6166
376 -33.0556 -71.6172
255 -33.0557 -71.6167
370 -33.0557 -71.6166
582 -33.0562 -71.616
822 -33.0561 -71.616
963 -33.0562 -71.616
127 -33.0562 -71.6159
450 -33.0561 -71.616
389 -33.0558 -71.6159
743 -33.0558 -71.6159
476 -33.0557 -71.6159
251 -33.0556 -71.6159
42 -33.0552 -71.6178
134 -33.0554 -71.6174
816 -33.0555 -71.6173
301 -33.0552 -71.6178
69 -33.0551 -71.6179
361 -33.0552 -71.6178
542 -33.0552 -71.6178
881 -33.0555 -71.6172
955 -33.0555 -71.6159
726 -33.0554 -71.6158
279 -33.0553 -71.6158
123 -33.0553 -71.6158
602 -33.0552 -71.6158
107 -33.0551 -71.6158
760 -33.0548 -71.6184
25 -33.0544 -71.6228
598 -33.0546 -71.6225
589 -33.0546 -71.6224
987 -33.0544 -71.6229
629 -33.0543 -71.6244
710 -33.0544 -71.623
92 -33.0544 -71.623
786 -33.0547 -71.6223
226 -33.0547 -71.6203
703 -33.0547 -71.6203
38 -33.0546 -71.6202
315 -33.0546 -71.6202
500 -33.0545 -71.6202
327 -33.0545 -71.6202
678 -33.0543 -71.6201
409 -33.0543 -71.6236
849 -33.0541 -71.6244
260 -33.0542 -71.62
487 -33.054 -71.6199
266 -33.0539 -71.6198
253 -33.0539 -71.6198
930 -33.0539 -71.6198
177 -33.0538 -71.6197
880 -33.0535 -71.6194
377 -33.0542 -71.6189
210 -33.054 -71.6189
179 -33.0535 -71.6189
495 -33.0533 -71.6188
166 -33.0533 -71.6188
323 -33.0532 -71.6188
687 -33.053 -71.6187
448 -33.0529 -71.6187
844 -33.054 -71.6184
761 -33.054 -71.6184
434 -33.0541 -71.6184
838 -33.054 -71.6184
973 -33.0539 -71.6184
713 -33.0539 -71.6184
198 -33.0539 -71.6184
341 -33.0542 -71.6184
919 -33.0545 -71.6184
809 -33.0547 -71.6184
271 -33.0545 -71.6171
456 -33.0544 -71.6184
803 -33.0544 -71.6184
355 -33.0544 -71.6184
290 -33.0539 -71.6166
775 -33.0538 -71.6184
831 -33.0529 -71.6187
547 -33.0536 -71.6185
466 -33.0536 -71.6185
431 -33.0529 -71.6187
340 -33.0528 -71.6187
116 -33.0527 -71.6187
262 -33.0527 -71.6187
767 -33.0537 -71.6184
891 -33.0537 -71.6184
117 -33.0529 -71.6158
254 -33.0529 -71.6158
292 -33.0529 -71.6159
992 -33.0527 -71.6159
812 -33.0527 -71.6158
18 -33.0561 -71.6158
945 -33.0582 -71.615
976 -33.0582 -71.615
118 -33.0583 -71.6149
482 -33.0581 -71.615
297 -33.0575 -71.6149
561 -33.0573 -71.6149
842 -33.057 -71.6148
483 -33.057 -71.6148
560 -33.057 -71.6148
531 -33.057 -71.6148
948 -33.0577 -71.6143
501 -33.057 -71.6147
774 -33.0569 -71.6147
124 -33.0568 -71.6147
994 -33.0569 -71.6147
464 -33.0565 -71.6149
765 -33.0561 -71.6158
646 -33.0562 -71.6152
286 -33.0562 -71.6151
413 -33.0561 -71.6157
686 -33.056 -71.6155
668 -33.0559 -71.6153
57 -33.056 -71.6153
818 -33.0562 -71.6151
950 -33.0565 -71.6149
608 -33.0565 -71.6149
640 -33.0565 -71.6149
20 -33.0565 -71.6149
879 -33.0563 -71.6151
60 -33.0564 -71.615
869 -33.0564 -71.615
991 -33.0575 -71.614
19 -33.0583 -71.613
790 -33.0581 -71.613
326 -33.0579 -71.6129
420 -33.0578 -71.6129
872 -33.0576 -71.6139
414 -33.0577 -71.6129
576 -33.0576 -71.6129
43 -33.0576 -71.6129
521 -33.0576 -71.6129
354 -33.0576 -71.6129
747 -33.0576 -71.6129
917 -33.0571 -71.6127
579 -33.0571 -71.6127
368 -33.057 -71.6127
523 -33.0567 -71.6125
298 -33.0565 -71.6124
467 -33.0564 -71.6132
619 -33.0563 -71.6131
238 -33.0563 -71.6124
154 -33.0559 -71.6131
591 -33.0555 -71.6131
962 -33.0556 -71.6131
751 -33.0554 -71.6124
642 -33.0555 -71.6124
237 -33.0561 -71.6123
967 -33.0561 -71.6123
305 -33.056 -71.6123
563 -33.0556 -71.6123
51 -33.0555 -71.6123
209 -33.0556 -71.6123
366 -33.0554 -71.6124
693 -33.0551 -71.6158
520 -33.0551 -71.6158
762 -33.0552 -71.6153
269 -33.055 -71.6158
146 -33.0547 -71.6157
442 -33.0547 -71.6157
580 -33.0546 -71.6157
105 -33.0546 -71.6149
636 -33.0553 -71.6131
175 -33.0549 -71.613
52 -33.0553 -71.6124
61 -33.0547 -71.6128
405 -33.0545 -71.6149
907 -33.0545 -71.6149
571 -33.0545 -71.6126
773 -33.0545 -71.6126
150 -33.0543 -71.6157
641 -33.0542 -71.6156
446 -33.0541 -71.6146
488 -33.0539 -71.6156
819 -33.0539 -71.6156
546 -33.053 -71.6155
730 -33.0531 -71.6155
403 -33.0539 -71.6145
423 -33.0539 -71.6145
145 -33.0536 -71.6143
274 -33.0544 -71.6125
171 -33.0532 -71.614
611 -33.053 -71.6139
711 -33.053 -71.6139
402 -33.0552 -71.6124
452 -33.0551 -71.6124
958 -33.0554 -71.6124
307 -33.0554 -71.6124
733 -33.0551 -71.6124
173 -33.055 -71.6124
12 -33.0548 -71.6124
480 -33.0547 -71.6124
927 -33.0547 -71.6124
627 -33.0554 -71.6124
214 -33.0546 -71.6124
35 -33.0546 -71.6124
679 -33.0546 -71.6124
14 -33.0545 -71.6123
351 -33.0545 -71.6123
797 -33.0544 -71.6122
29 -33.0544 -71.6123
424 -33.0542 -71.6124
15 -33.0543 -71.6123
676 -33.0542 -71.6123
295 -33.0542 -71.6123
303 -33.0542 -71.6123
512 -33.0542 -71.6122
909 -33.054 -71.6122
197 -33.054 -71.6122
7 -33.0543 -71.6122
674 -33.0543 -71.6122
848 -33.0544 -71.6122
916 -33.0538 -71.6122
252 -33.0536 -71.6122
387 -33.0536 -71.6122
399 -33.0527 -71.6187
632 -33.0522 -71.6185
727 -33.0522 -71.6185
614 -33.0521 -71.6185
250 -33.052 -71.6185
393 -33.052 -71.6185
17 -33.0519 -71.6185
163 -33.0518 -71.6184
852 -33.0518 -71.6184
504 -33.0517 -71.6184
128 -33.0517 -71.6184
830 -33.0517 -71.6184
111 -33.0516 -71.6184
144 -33.0516 -71.6184
597 -33.0515 -71.6184
412 -33.0512 -71.6183
859 -33.051 -71.6186
101 -33.0505 -71.6211
633 -33.0496 -71.6197
447 -33.0495 -71.6195
34 -33.0494 -71.6192
935 -33.0494 -71.619
493 -33.0494 -71.619
732 -33.0494 -71.6186
999 -33.0509 -71.6185
364 -33.0506 -71.618
904 -33.0506 -71.618
130 -33.0502 -71.6179
165 -33.0501 -71.6178
983 -33.0498 -71.6177
10 -33.0498 -71.6177
949 -33.0497 -71.6177
170 -33.049 -71.6167
304 -33.0504 -71.6158
892 -33.0526 -71.6158
106 -33.0502 -71.6157
191 -33.0498 -71.6158
652 -33.0497 -71.6158
174 -33.0497 -71.6158
273 -33.0497 -71.6158
574 -33.0501 -71.6157
721 -33.0525 -71.6157
908 -33.0525 -71.6157
545 -33.0525 -71.6157
195 -33.0505 -71.6157
688 -33.0501 -71.6157
850 -33.0501 -71.6157
884 -33.05 -71.6157
692 -33.0496 -71.6161
239 -33.0494 -71.6165
416 -33.0491 -71.6165
453 -33.0494 -71.6165
206 -33.0491 -71.6165
440 -33.049 -71.6166
889 -33.049 -71.6166
573 -33.0491 -71.6165
263 -33.0494 -71.6164
529 -33.0495 -71.6163
712 -33.0495 -71.6162
900 -33.0496 -71.6161
897 -33.0492 -71.6159
318 -33.0491 -71.6161
213 -33.0492 -71.616
333 -33.049 -71.6168
764 -33.0481 -71.6191
509 -33.0482 -71.6191
583 -33.0482 -71.619
485 -33.0481 -71.6192
718 -33.0479 -71.6196
360 -33.0479 -71.6196
80 -33.0481 -71.6193
911 -33.0483 -71.6189
939 -33.0483 -71.6187
755 -33.0484 -71.6185
55 -33.0484 -71.6185
644 -33.0483 -71.6187
427 -33.0483 -71.6189
484 -33.0483 -71.6189
9 -33.0483 -71.6188
516 -33.0477 -71.6198
277 -33.0476 -71.6201
802 -33.0476 -71.6201
322 -33.0476 -71.6201
139 -33.0476 -71.6202
205 -33.0476 -71.6203
820 -33.0476 -71.6203
938 -33.0476 -71.6203
735 -33.0476 -71.62
988 -33.0477 -71.62
696 -33.0477 -71.6199
222 -33.0477 -71.6199
982 -33.0471 -71.6187
220 -33.047 -71.619
784 -33.047 -71.619
152 -33.0485 -71.6182
694 -33.0488 -71.6174
794 -33.0488 -71.6173
763 -33.0488 -71.6173
716 -33.0488 -71.6174
635 -33.0486 -71.6179
708 -33.0487 -71.6178
157 -33.0488 -71.6174
383 -33.0488 -71.6172
901 -33.0489 -71.617
113 -33.0489 -71.6169
283 -33.049 -71.6168
639 -33.0489 -71.617
799 -33.0489 -71.6171
605 -33.0489 -71.6171
155 -33.0489 -71.617
511 -33.0486 -71.6179
722 -33.0485 -71.6182
610 -33.0485 -71.6182
530 -33.0485 -71.6182
724 -33.0476 -71.6172
88 -33.0473 -71.6182
643 -33.0474 -71.6178
827 -33.0475 -71.6175
968 -33.0477 -71.6168
933 -33.048 -71.6158
48 -33.048 -71.6158
348 -33.048 -71.6157
553 -33.048 -71.6159
793 -33.0478 -71.6166
972 -33.0478 -71.6166
864 -33.0525 -71.6157
787 -33.0524 -71.6157
565 -33.0519 -71.6156
946 -33.0523 -71.6156
860 -33.0519 -71.6156
320 -33.0518 -71.6156
795 -33.0516 -71.6156
93 -33.0514 -71.6156
148 -33.0513 -71.6156
585 -33.052 -71.6132
835 -33.0518 -71.6131
739 -33.0516 -71.6131
100 -33.0515 -71.6131
430 -33.0512 -71.6156
756 -33.0511 -71.6156
385 -33.0511 -71.6156
621 -33.0511 -71.6131
75 -33.0505 -71.6156
783 -33.0511 -71.6156
496 -33.0505 -71.6156
572 -33.0499 -71.6157
13 -33.0498 -71.6157
401 -33.0496 -71.6134
481 -33.0496 -71.6133
828 -33.0496 -71.6133
749 -33.051 -71.6131
996 -33.051 -71.6131
180 -33.0509 -71.6131
805 -33.0508 -71.6131
425 -33.0497 -71.6132
363 -33.0497 -71.6132
240 -33.0497 -71.6132
659 -33.0508 -71.6131
186 -33.0508 -71.6131
588 -33.0506 -71.6131
894 -33.0505 -71.613
666 -33.0505 -71.613
638 -33.0505 -71.613
24 -33.0504 -71.613
920 -33.0504 -71.613
964 -33.0503 -71.613
942 -33.0511 -71.6125
201 -33.0511 -71.6124
744 -33.0511 -71.6122
392 -33.0511 -71.6126
915 -33.0511 -71.6128
902 -33.0511 -71.6126
336 -33.0511 -71.6126
494 -33.05 -71.613
278 -33.0498 -71.6129
27 -33.0498 -71.6129
74 -33.0498 -71.6129
76 -33.0497 -71.6128
64 -33.0497 -71.613
654 -33.0497 -71.6129
207 -33.0497 -71.6128
548 -33.0497 -71.6128
86 -33.0498 -71.6125
518 -33.0498 -71.6125
804 -33.0498 -71.6124
665 -33.0498 -71.6127
522 -33.0497 -71.6127
709 -33.0497 -71.6127
457 -33.0496 -71.6135
834 -33.0493 -71.6154
854 -33.0493 -71.6154
586 -33.0493 -71.6153
631 -33.0492 -71.6155
868 -33.0492 -71.6156
394 -33.0492 -71.6156
660 -33.0492 -71.6156
612 -33.0493 -71.615
77 -33.0494 -71.6145
780 -33.0494 -71.6143
637 -33.0495 -71.6142
462 -33.0494 -71.6146
432 -33.0494 -71.6148
302 -33.0494 -71.6147
374 -33.0494 -71.6147
36 -33.0492 -71.6156
941 -33.0482 -71.6149
862 -33.0483 -71.6149
50 -33.0483 -71.6147
140 -33.0482 -71.615
81 -33.048 -71.6157
604 -33.0481 -71.6156
853 -33.0482 -71.615
435 -33.0483 -71.6147
778 -33.0484 -71.6144
541 -33.0484 -71.6143
436 -33.0484 -71.6143
84 -33.0484 -71.6144
314 -33.0484 -71.6145
855 -33.0484 -71.6144
519 -33.0484 -71.6141
680 -33.0495 -71.6138
956 -33.0496 -71.6135
683 -33.0496 -71.6129
234 -33.0495 -71.6138
0 -33.0495 -71.6141
337 -33.0495 -71.6139
701 -33.0495 -71.6139
133 -33.0495 -71.6129
345 -33.0495 -71.6129
758 -33.0489 -71.6129
178 -33.0489 -71.6122
807 -33.0488 -71.6125
119 -33.0488 -71.6126
823 -33.0488 -71.6126
231 -33.0488 -71.6126
418 -33.0488 -71.6126
31 -33.0486 -71.6134
648 -33.0486 -71.6133
538 -33.0487 -71.6132
515 -33.0486 -71.6136
218 -33.0484 -71.6141
960 -33.0485 -71.614
851 -33.0485 -71.6136
728 -33.0487 -71.613
353 -33.0488 -71.6129
590 -33.0488 -71.6127
971 -33.0488 -71.6126
248 -33.0488 -71.6127
44 -33.0487 -71.6129
54 -33.0484 -71.6129
789 -33.0536 -71.6122
970 -33.0581 -71.6105
866 -33.0553 -71.6104
569 -33.0551 -71.6104
26 -33.0548 -71.6104
506 -33.0545 -71.6122
40 -33.0544 -71.6121
190 -33.0543 -71.6105
384 -33.0558 -71.6104
259 -33.0563 -71.6101
748 -33.0566 -71.6096
132 -33.0569 -71.6095
72 -33.0563 -71.6101
463 -33.0562 -71.6102
874 -33.0551 -71.61
886 -33.0556 -71.6094
49 -33.0542 -71.6118
212 -33.0541 -71.6115
603 -33.054 -71.6115
601 -33.054 -71.6114
224 -33.054 -71.6114
645 -33.0539 -71.6113
89 -33.0539 -71.6112
551 -33.0539 -71.6112
575 -33.0538 -71.6112
299 -33.0539 -71.6111
2 -33.0539 -71.6105
187 -33.0541 -71.6105
681 -33.0538 -71.6112
22 -33.0537 -71.6112
97 -33.0537 -71.6109
578 -33.0536 -71.6108
606 -33.0556 -71.6094
876 -33.0555 -71.6094
558 -33.0561 -71.609
510 -33.0561 -71.6088
110 -33.0546 -71.6085
94 -33.0546 -71.6085
746 -33.0546 -71.6085
32 -33.0542 -71.6085
923 -33.0542 -71.6085
557 -33.0547 -71.6084
622 -33.0548 -71.6084
261 -33.0548 -71.6084
381 -33.0547 -71.6085
626 -33.0542 -71.6085
706 -33.0542 -71.6085
532 -33.0546 -71.6085
183 -33.0541 -71.6085
840 -33.0541 -71.6085
158 -33.054 -71.6085
952 -33.054 -71.6085
316 -33.054 -71.6085
136 -33.0537 -71.6085
137 -33.054 -71.6085
690 -33.054 -71.6085
846 -33.0539 -71.6085
328 -33.0539 -71.6085
126 -33.0539 -71.6085
468 -33.0539 -71.6085
836 -33.0538 -71.6085
714 -33.0538 -71.6085
167 -33.0538 -71.6085
951 -33.0536 -71.6085
577 -33.0536 -71.6122
23 -33.0536 -71.6122
228 -33.0535 -71.6111
745 -33.0535 -71.6114
272 -33.0534 -71.6122
415 -33.0534 -71.6114
268 -33.0535 -71.6114
600 -33.0534 -71.611
885 -33.0534 -71.611
910 -33.0535 -71.6104
242 -33.0534 -71.6102
737 -33.0533 -71.61
204 -33.0533 -71.611
343 -33.0532 -71.6109
276 -33.0533 -71.6098
211 -33.0532 -71.6109
310 -33.0532 -71.6121
160 -33.0531 -71.6121
998 -33.0531 -71.6121
649 -33.053 -71.6121
347 -33.053 -71.6121
386 -33.0529 -71.6121
143 -33.053 -71.6116
863 -33.0532 -71.6109
861 -33.0532 -71.6109
324 -33.053 -71.6108
593 -33.053 -71.6108
734 -33.053 -71.6108
821 -33.0529 -71.6108
421 -33.0529 -71.6107
120 -33.0532 -71.6097
502 -33.0536 -71.6085
981 -33.0536 -71.6085
471 -33.0536 -71.6085
757 -33.0536 -71.6085
398 -33.0535 -71.6085
785 -33.0535 -71.6085
966 -33.0535 -71.6085
671 -33.0535 -71.6085
752 -33.0535 -71.6085
460 -33.0535 -71.6085
56 -33.0534 -71.6085
704 -33.0534 -71.6085
369 -33.0534 -71.6085
653 -33.0534 -71.6085
741 -33.0533 -71.6085
990 -33.0533 -71.6084
390 -33.0532 -71.6097
556 -33.0532 -71.6096
782 -33.0532 -71.6096
675 -33.0532 -71.6096
811 -33.0532 -71.6096
505 -33.0531 -71.6091
192 -33.0531 -71.6091
236 -33.0533 -71.6084
182 -33.0532 -71.6084
815 -33.0532 -71.6084
404 -33.0532 -71.6084
856 -33.0532 -71.6084
832 -33.0532 -71.6084
365 -33.0531 -71.6084
535 -33.0559 -71.6084
63 -33.0577 -71.6082
419 -33.0577 -71.6082
281 -33.0581 -71.6081
280 -33.0577 -71.6082
925 -33.0577 -71.6082
159 -33.0577 -71.6081
903 -33.0573 -71.6081
672 -33.0572 -71.608
677 -33.0583 -71.608
808 -33.0583 -71.608
474 -33.0584 -71.608
581 -33.0571 -71.608
977 -33.057 -71.608
362 -33.057 -71.608
454 -33.0569 -71.608
332 -33.0569 -71.608
499 -33.0568 -71.608
79 -33.0568 -71.608
934 -33.0567 -71.608
469 -33.0566 -71.608
11 -33.0566 -71.608
461 -33.0565 -71.608
400 -33.0564 -71.608
335 -33.0564 -71.608
929 -33.0564 -71.608
657 -33.0563 -71.608
700 -33.0563 -71.608
473 -33.0562 -71.6079
285 -33.0562 -71.6079
912 -33.0561 -71.6079
705 -33.0561 -71.6079
300 -33.0587 -71.6079
528 -33.0589 -71.6078
112 -33.0575 -71.6069
491 -33.0577 -71.6068
525 -33.0572 -71.6069
296 -33.0565 -71.6073
129 -33.0565 -71.6073
311 -33.0569 -71.6071
331 -33.0578 -71.6068
291 -33.0582 -71.6067
147 -33.0578 -71.6045
441 -33.0588 -71.6041
870 -33.0577 -71.6046
768 -33.0575 -71.6049
90 -33.057 -71.6047
924 -33.0566 -71.6045
527 -33.0564 -71.6073
225 -33.0559 -71.6079
83 -33.0558 -71.6076
873 -33.0559 -71.6076
438 -33.0558 -71.6079
858 -33.0558 -71.6079
888 -33.0558 -71.6078
168 -33.0558 -71.6078
613 -33.0561 -71.6076
411 -33.0563 -71.6074
513 -33.0564 -71.6073
221 -33.0563 -71.6044
223 -33.0562 -71.6074
477 -33.056 -71.6076
196 -33.0559 -71.6043
740 -33.0557 -71.6078
156 -33.0549 -71.6083
540 -33.055 -71.6083
984 -33.055 -71.6082
73 -33.0549 -71.6083
503 -33.0549 -71.6083
350 -33.0549 -71.6083
62 -33.0549 -71.6083
470 -33.055 -71.6082
458 -33.0551 -71.6082
715 -33.0551 -71.6082
954 -33.0552 -71.6081
378 -33.0551 -71.6082
664 -33.055 -71.6082
825 -33.055 -71.6082
753 -33.0551 -71.6082
843 -33.0549 -71.6083
669 -33.0531 -71.6084
624 -33.0531 -71.6084
417 -33.053 -71.6084
349 -33.053 -71.6084
673 -33.053 -71.6083
125 -33.053 -71.6083
770 -33.053 -71.6083
284 -33.0529 -71.6083
243 -33.0529 -71.6083
845 -33.0529 -71.6083
882 -33.0529 -71.6083
71 -33.0529 -71.6083
325 -33.0529 -71.6083
736 -33.0528 -71.6083
769 -33.0552 -71.6081
478 -33.0555 -71.6079
555 -33.0555 -71.6079
138 -33.0555 -71.6079
592 -33.0555 -71.6079
918 -33.0554 -71.608
810 -33.0554 -71.608
944 -33.0554 -71.6079
472 -33.0555 -71.6078
282 -33.0556 -71.6078
46 -33.0556 -71.6078
922 -33.0557 -71.6077
422 -33.0556 -71.6078
833 -33.0555 -71.6078
857 -33.0556 -71.6078
78 -33.0554 -71.6044
219 -33.0553 -71.608
723 -33.0553 -71.608
772 -33.0553 -71.608
980 -33.0553 -71.608
878 -33.0552 -71.6081
489 -33.0552 -71.6081
662 -33.0552 -71.6081
595 -33.0537 -71.6061
256 -33.0539 -71.606
98 -33.0543 -71.6058
169 -33.0545 -71.6046
620 -33.0545 -71.6046
937 -33.0543 -71.6054
293 -33.0537 -71.6048
99 -33.0535 -71.6047
607 -33.0528 -71.6106
986 -33.0528 -71.6121
742 -33.0528 -71.6121
309 -33.0526 -71.6121
151 -33.0524 -71.6121
759 -33.0524 -71.6121
905 -33.0524 -71.612
102 -33.0523 -71.612
108 -33.0522 -71.612
931 -33.0524 -71.6117
943 -33.0525 -71.6117
936 -33.0526 -71.6117
433 -33.0523 -71.6117
200 -33.0521 -71.612
356 -33.0523 -71.6117
391 -33.0523 -71.6117
208 -33.0521 -71.612
202 -33.052 -71.612
615 -33.0519 -71.612
334 -33.0518 -71.612
70 -33.0518 -71.612
517 -33.0511 -71.6122
599 -33.0512 -71.612
837 -33.0517 -71.612
655 -33.0512 -71.612
801 -33.0515 -71.612
87 -33.0515 -71.612
661 -33.0515 -71.612
725 -33.0514 -71.612
877 -33.0514 -71.6119
265 -33.0513 -71.6119
372 -33.0514 -71.6119
141 -33.0527 -71.6116
227 -33.0528 -71.6106
771 -33.0528 -71.6106
498 -33.0527 -71.6104
235 -33.0527 -71.6104
68 -33.0527 -71.6104
233 -33.0526 -71.6102
738 -33.0525 -71.6102
437 -33.0525 -71.6101
82 -33.0525 -71.6101
306 -33.0525 -71.6101
185 -33.0524 -71.6099
707 -33.0523 -71.6098
552 -33.0513 -71.6098
616 -33.0513 -71.6098
289 -33.0514 -71.6097
275 -33.0513 -71.6114
449 -33.0512 -71.6114
995 -33.051 -71.6101
609 -33.051 -71.6101
490 -33.051 -71.6101
953 -33.0509 -71.6102
37 -33.0509 -71.6102
135 -33.0508 -71.6102
104 -33.0511 -71.61
959 -33.0512 -71.6099
893 -33.0512 -71.6099
41 -33.0513 -71.6098
965 -33.0512 -71.6099
689 -33.0511 -71.61
445 -33.0511 -71.61
594 -33.0508 -71.6102
33 -33.0501 -71.6113
539 -33.05 -71.6113
439 -33.05 -71.6113
428 -33.05 -71.6115
329 -33.0499 -71.612
656 -33.0499 -71.6119
258 -33.0499 -71.6116
526 -33.0499 -71.6113
164 -33.05 -71.6113
750 -33.05 -71.6111
766 -33.05 -71.6111
932 -33.0499 -71.6113
317 -33.0499 -71.6113
465 -33.0498 -71.6113
651 -33.0496 -71.6112
58 -33.0496 -71.6112
444 -33.049 -71.6117
685 -33.0491 -71.6114
719 -33.0493 -71.6112
899 -33.049 -71.6118
153 -33.0489 -71.6121
847 -33.049 -71.6119
634 -33.0481 -71.6115
342 -33.0493 -71.6112
312 -33.0493 -71.6112
779 -33.0493 -71.6112
241 -33.0493 -71.6112
96 -33.0492 -71.6112
947 -33.0492 -71.6112
596 -33.0492 -71.6112
817 -33.05 -71.6111
45 -33.0507 -71.6102
443 -33.0507 -71.6102
570 -33.0507 -71.6102
777 -33.0507 -71.6102
426 -33.0507 -71.6102
699 -33.0506 -71.6102
114 -33.0505 -71.6102
630 -33.0507 -71.6102
584 -33.0506 -71.6102
543 -33.0505 -71.6102
396 -33.0505 -71.6102
352 -33.0504 -71.6102
926 -33.0504 -71.6102
684 -33.0503 -71.6102
131 -33.0504 -71.6101
330 -33.0503 -71.6101
898 -33.0501 -71.6106
841 -33.0501 -71.6104
246 -33.0502 -71.6104
974 -33.0501 -71.6107
379 -33.05 -71.6111
524 -33.0501 -71.6107
338 -33.0501 -71.6107
969 -33.0502 -71.6103
451 -33.0502 -71.6102
95 -33.0502 -71.6101
792 -33.0502 -71.61
4 -33.0495 -71.6097
695 -33.0492 -71.6099
985 -33.0491 -71.6099
6 -33.0515 -71.6096
562 -33.0521 -71.6095
181 -33.0521 -71.6095
813 -33.0521 -71.6086
625 -33.0521 -71.6094
91 -33.0521 -71.6094
534 -33.0521 -71.6094
658 -33.0521 -71.6094
257 -33.0521 -71.6084
294 -33.0528 -71.6083
16 -33.0528 -71.6083
172 -33.0528 -71.6083
199 -33.0528 -71.6083
371 -33.0522 -71.6084
319 -33.0527 -71.6083
321 -33.0527 -71.6082
731 -33.052 -71.6089
887 -33.0519 -71.6092
806 -33.0519 -71.6092
691 -33.0519 -71.6092
247 -33.0519 -71.6093
875 -33.0517 -71.6094
67 -33.0517 -71.6094
554 -33.0518 -71.6093
720 -33.0519 -71.6092
267 -33.0519 -71.6091
397 -33.0519 -71.6091
382 -33.052 -71.609
245 -33.0519 -71.6092
203 -33.0519 -71.6092
623 -33.0519 -71.6091
867 -33.0518 -71.6091
229 -33.0527 -71.6082
788 -33.0527 -71.6082
357 -33.0526 -71.6082
997 -33.0525 -71.6082
375 -33.0524 -71.6081
670 -33.0522 -71.6082
544 -33.0524 -71.6081
395 -33.0524 -71.6081
287 -33.0523 -71.6081
103 -33.0523 -71.6081
406 -33.0524 -71.607
957 -33.0526 -71.6048
993 -33.0523 -71.6081
230 -33.0523 -71.6081
244 -33.0522 -71.6079
975 -33.0522 -71.6078
8 -33.0522 -71.6081
232 -33.0522 -71.6076
339 -33.0521 -71.6076
564 -33.0521 -71.6072
358 -33.0521 -71.6071
215 -33.0519 -71.6081
839 -33.052 -71.6076
65 -33.0521 -71.6071
122 -33.052 -71.607
388 -33.052 -71.6068
628 -33.0519 -71.6067
1 -33.0522 -71.6048
913 -33.0518 -71.6065
826 -33.0517 -71.605
30 -33.0517 -71.605
682 -33.0517 -71.6094
871 -33.0516 -71.6095
667 -33.0516 -71.6095
410 -33.0517 -71.6094
359 -33.0516 -71.6095
567 -33.0515 -71.6096
184 -33.0515 -71.6096
921 -33.0515 -71.6096
264 -33.0517 -71.6094
791 -33.0515 -71.6088
566 -33.0514 -71.6088
536 -33.0514 -71.6087
781 -33.0505 -71.6087
39 -33.0504 -71.6092
47 -33.0504 -71.6089
28 -33.0504 -71.6088
507 -33.0503 -71.6094
486 -33.0496 -71.6092
702 -33.0496 -71.6092
344 -33.0501 -71.6091
249 -33.0496 -71.6093
865 -33.0496 -71.6095
288 -33.0496 -71.6094
798 -33.0496 -71.6094
814 -33.0497 -71.6091
663 -33.05 -71.6091
824 -33.0498 -71.6091
928 -33.0499 -71.6091
459 -33.0498 -71.6091
729 -33.0497 -71.6091
3 -33.0498 -71.6091
429 -33.0513 -71.6087
776 -33.0514 -71.6083
193 -33.0514 -71.6083
895 -33.0516 -71.6075
270 -33.0513 -71.6087
161 -33.0513 -71.6086
906 -33.0512 -71.6086
508 -33.0511 -71.6086
989 -33.0516 -71.6075
308 -33.0516 -71.6075
492 -33.0517 -71.6061
896 -33.0516 -71.606
800 -33.0515 -71.6059
21 -33.0514 -71.6075
194 -33.0514 -71.6075
149 -33.0512 -71.6053
514 -33.051 -71.6058
914 -33.051 -71.6086
617 -33.0509 -71.6085
717 -33.0507 -71.6085
121 -33.0505 -71.6085
650 -33.0505 -71.6086
188 -33.0503 -71.6085
59 -33.0502 -71.6085
380 -33.0502 -71.6085
568 -33.0502 -71.6085
618 -33.05 -71.6084
346 -33.0498 -71.6084
559 -33.0493 -71.6083
162 -33.0491 -71.6083
533 -33.0486 -71.6037
