754 -33.0585 -71.6173
301 -33.0587 -71.617
978 -33.0605 -71.6163
698 -33.0585 -71.6173
455 -33.0583 -71.6174
619 -33.0583 -71.6161
549 -33.0584 -71.6161
475 -33.0623 -71.6156
467 -33.059 -71.6152
189 -33.059 -71.6152
686 -33.0592 -71.615
367 -33.0589 -71.6152
127 -33.0589 -71.6152
962 -33.0584 -71.6151
726 -33.0583 -71.6151
123 -33.0582 -71.615
456 -33.0579 -71.6177
271 -33.0581 -71.6176
809 -33.0582 -71.6175
803 -33.0578 -71.6178
290 -33.0575 -71.6181
198 -33.0575 -71.618
838 -33.0576 -71.618
760 -33.0582 -71.6175
154 -33.0582 -71.6157
279 -33.0582 -71.615
255 -33.0581 -71.615
107 -33.058 -71.615
636 -33.058 -71.615
693 -33.058 -71.615
762 -33.058 -71.615
269 -33.0579 -71.615
407 -33.0587 -71.6148
450 -33.0589 -71.6147
582 -33.0589 -71.6146
537 -33.0585 -71.6148
370 -33.0583 -71.6149
408 -33.0584 -71.6148
251 -33.0585 -71.6148
945 -33.0603 -71.6143
483 -33.0605 -71.6141
994 -33.0602 -71.6141
286 -33.0596 -71.6138
57 -33.0595 -71.614
948 -33.0582 -71.6142
413 -33.0593 -71.6142
175 -33.0584 -71.6139
476 -33.0581 -71.6144
816 -33.0576 -71.6149
134 -33.0576 -71.6149
580 -33.0576 -71.6149
146 -33.0575 -71.6149
61 -33.0574 -71.6149
424 -33.0574 -71.6143
376 -33.0574 -71.6142
520 -33.0575 -71.6141
389 -33.0579 -71.6139
955 -33.0577 -71.6139
743 -33.058 -71.6138
7 -33.0575 -71.6139
602 -33.0575 -71.6141
512 -33.0575 -71.614
881 -33.0574 -71.6144
466 -33.0572 -71.6183
179 -33.0569 -71.6183
767 -33.0573 -71.6182
166 -33.0568 -71.6183
495 -33.0568 -71.6183
448 -33.0564 -71.6182
431 -33.0563 -71.6181
423 -33.057 -71.6171
403 -33.0569 -71.6171
907 -33.0573 -71.6171
446 -33.057 -71.617
145 -33.0567 -71.6168
171 -33.0564 -71.6166
611 -33.0563 -71.6163
721 -33.0562 -71.616
892 -33.0562 -71.616
262 -33.0562 -71.6181
908 -33.056 -71.618
864 -33.0562 -71.616
930 -33.0559 -71.618
946 -33.0558 -71.618
880 -33.0557 -71.6166
323 -33.0558 -71.6164
545 -33.0561 -71.616
547 -33.0562 -71.6159
210 -33.0562 -71.6158
891 -33.0561 -71.6158
812 -33.0561 -71.6158
787 -33.056 -71.6159
992 -33.0561 -71.6158
711 -33.0561 -71.6157
775 -33.0561 -71.6157
105 -33.0572 -71.6148
405 -33.0572 -71.6148
150 -33.0571 -71.6148
542 -33.0571 -71.6148
587 -33.0565 -71.6149
373 -33.0566 -71.6148
42 -33.0571 -71.6148
361 -33.057 -71.6148
773 -33.0573 -71.6147
274 -33.0574 -71.6146
442 -33.0574 -71.6145
641 -33.057 -71.6148
69 -33.057 -71.6148
819 -33.0568 -71.6147
488 -33.0568 -71.6147
216 -33.0564 -71.615
377 -33.0561 -71.6156
713 -33.0561 -71.6156
973 -33.0561 -71.6156
117 -33.0561 -71.6156
292 -33.0561 -71.6156
844 -33.056 -71.6155
254 -33.056 -71.6155
434 -33.056 -71.6155
355 -33.0561 -71.6152
730 -33.0561 -71.6152
919 -33.0563 -71.6151
761 -33.056 -71.6155
341 -33.0559 -71.6154
546 -33.0559 -71.6153
797 -33.0575 -71.6138
354 -33.0598 -71.6137
869 -33.0599 -71.6135
608 -33.0599 -71.6135
60 -33.0598 -71.6136
646 -33.0596 -71.6138
818 -33.0597 -71.6137
879 -33.0597 -71.6137
640 -33.0599 -71.6135
774 -33.0602 -71.6131
531 -33.0603 -71.6131
501 -33.0603 -71.6131
307 -33.0594 -71.6129
52 -33.0593 -71.6129
958 -33.0593 -71.6129
627 -33.0593 -71.6129
452 -33.0591 -71.6129
464 -33.0591 -71.6136
950 -33.0591 -71.6134
402 -33.0589 -71.6133
668 -33.0586 -71.6133
822 -33.0584 -71.6136
521 -33.0583 -71.6134
29 -33.0583 -71.613
14 -33.0584 -71.613
12 -33.0587 -71.613
124 -33.0588 -71.6129
733 -33.0589 -71.6129
480 -33.0587 -71.613
351 -33.0584 -71.613
679 -33.0585 -71.613
927 -33.0586 -71.613
19 -33.0594 -71.6129
579 -33.0609 -71.6124
917 -33.061 -71.6123
976 -33.0612 -71.6122
523 -33.0606 -71.6127
238 -33.0602 -71.6128
561 -33.0605 -71.6127
297 -33.0606 -71.6127
482 -33.0613 -71.6122
420 -33.0616 -71.6121
326 -33.0617 -71.612
790 -33.0619 -71.612
43 -33.0615 -71.6121
747 -33.0613 -71.6122
576 -33.0614 -71.6121
118 -33.0614 -71.6121
967 -33.0601 -71.6128
209 -33.0596 -71.6128
414 -33.06 -71.6128
237 -33.06 -71.6128
51 -33.0594 -71.6129
751 -33.0594 -71.6129
366 -33.0594 -71.6129
642 -33.0594 -71.6129
214 -33.0583 -71.6127
20 -33.0589 -71.6127
991 -33.0595 -71.6125
305 -33.0595 -71.6124
563 -33.0588 -71.612
872 -33.0583 -71.6127
842 -33.0583 -71.6126
571 -33.0582 -71.6138
963 -33.0582 -71.6133
18 -33.0582 -71.6131
765 -33.0582 -71.6131
676 -33.0581 -71.613
591 -33.0576 -71.6134
35 -33.0577 -71.6131
295 -33.0581 -71.613
303 -33.0581 -71.613
197 -33.0581 -71.613
15 -33.0582 -71.613
909 -33.0579 -71.613
674 -33.0578 -71.6129
848 -33.0578 -71.6129
916 -33.0577 -71.6129
173 -33.0576 -71.6129
789 -33.0576 -71.6129
506 -33.0573 -71.6137
49 -33.057 -71.6135
40 -33.0573 -71.6134
212 -33.0568 -71.6133
551 -33.0565 -71.6132
89 -33.0565 -71.6132
343 -33.0558 -71.6131
211 -33.0558 -71.6131
228 -33.0562 -71.6131
23 -33.0576 -71.6129
387 -33.0576 -71.6129
885 -33.056 -71.6131
204 -33.0559 -71.6131
600 -33.056 -71.6131
252 -33.0575 -71.6128
577 -33.0575 -71.6128
272 -33.0573 -71.6128
310 -33.0571 -71.6127
160 -33.0571 -71.6127
998 -33.057 -71.6127
649 -33.057 -71.6127
601 -33.0569 -71.6126
347 -33.0569 -71.6126
224 -33.0569 -71.6126
603 -33.0568 -71.6126
386 -33.0568 -71.6126
986 -33.0568 -71.6126
742 -33.0567 -71.6126
645 -33.0567 -71.6125
575 -33.0566 -71.6125
309 -33.0566 -71.6125
22 -33.0565 -71.6125
151 -33.0564 -71.6124
759 -33.0564 -71.6124
102 -33.0563 -71.6124
905 -33.0563 -71.6124
108 -33.0562 -71.6124
208 -33.0561 -71.6123
200 -33.0561 -71.6123
202 -33.056 -71.6123
863 -33.056 -71.6123
615 -33.0559 -71.6123
324 -33.0558 -71.6123
70 -33.0558 -71.6123
334 -33.0558 -71.6123
687 -33.0557 -71.6166
890 -33.055 -71.6181
497 -33.055 -71.6181
5 -33.055 -71.618
226 -33.055 -71.6181
796 -33.055 -71.6182
115 -33.055 -71.6181
647 -33.055 -71.6181
597 -33.055 -71.618
487 -33.0556 -71.6179
727 -33.0556 -71.6179
614 -33.0556 -71.6179
393 -33.0554 -71.6179
703 -33.055 -71.6179
144 -33.0551 -71.6179
315 -33.0551 -71.6179
142 -33.0549 -71.6183
849 -33.0548 -71.6203
961 -33.0547 -71.6189
53 -33.0547 -71.6189
629 -33.0546 -71.6202
697 -33.0545 -71.6189
479 -33.0545 -71.6189
217 -33.0545 -71.6189
313 -33.0548 -71.6188
550 -33.0549 -71.6184
85 -33.0549 -71.6183
412 -33.0549 -71.6183
66 -33.0549 -71.6185
940 -33.0548 -71.6186
176 -33.0548 -71.6185
859 -33.0546 -71.6184
38 -33.0551 -71.6179
632 -33.0554 -71.6174
266 -33.0555 -71.6172
177 -33.0556 -71.6172
17 -33.0554 -71.6176
678 -33.0553 -71.6177
260 -33.0553 -71.6176
250 -33.0554 -71.6176
253 -33.0555 -71.6172
340 -33.0556 -71.6169
116 -33.0556 -71.6169
831 -33.0557 -71.6167
399 -33.0556 -71.6169
565 -33.0555 -71.6159
860 -33.0555 -71.6159
320 -33.0554 -71.6159
163 -33.0553 -71.6178
128 -33.0552 -71.6178
852 -33.0552 -71.6178
500 -33.0552 -71.6178
327 -33.0552 -71.6178
111 -33.0551 -71.6178
504 -33.0551 -71.6178
830 -33.0552 -71.6178
795 -33.0552 -71.6158
93 -33.0551 -71.6158
148 -33.0549 -71.6158
430 -33.0549 -71.6158
385 -33.0548 -71.6157
756 -33.0548 -71.6157
783 -33.0547 -71.6157
999 -33.0544 -71.6184
409 -33.0541 -71.6199
109 -33.0542 -71.6189
883 -33.0541 -71.6189
710 -33.0536 -71.6196
987 -33.0535 -71.6194
25 -33.0535 -71.6193
598 -33.0535 -71.619
979 -33.0538 -71.6188
130 -33.0538 -71.6184
364 -33.0543 -71.6184
904 -33.0543 -71.6184
165 -33.0538 -71.6184
829 -33.0537 -71.6188
786 -33.0536 -71.6188
589 -33.0536 -71.6188
92 -33.0535 -71.6195
949 -33.0535 -71.6186
983 -33.0535 -71.6186
10 -33.0535 -71.6185
708 -33.0524 -71.6186
511 -33.0522 -71.6185
427 -33.0514 -71.6184
509 -33.0512 -71.6183
516 -33.0505 -71.618
820 -33.0495 -71.6163
277 -33.0495 -71.6163
988 -33.0496 -71.6161
938 -33.0495 -71.6163
101 -33.0488 -71.6174
205 -33.0494 -71.6163
453 -33.0527 -71.6159
529 -33.0529 -71.6158
712 -33.0529 -71.6158
900 -33.0529 -71.6157
263 -33.0527 -71.6159
239 -33.0526 -71.6158
416 -33.0524 -71.6157
170 -33.0522 -71.6157
333 -33.0521 -71.6156
75 -33.0541 -71.6156
496 -33.054 -71.6156
195 -33.0539 -71.6156
304 -33.0539 -71.6156
692 -33.0529 -71.6156
889 -33.0523 -71.6156
573 -33.0523 -71.6156
113 -33.0521 -71.6156
911 -33.0504 -71.6158
764 -33.0503 -71.6158
644 -33.0505 -71.6157
735 -33.0492 -71.6157
802 -33.0492 -71.6158
139 -33.0492 -71.6158
322 -33.0492 -71.6158
696 -33.0492 -71.6157
639 -33.052 -71.6156
155 -33.0519 -71.6156
605 -33.0519 -71.6156
763 -33.0517 -71.6156
794 -33.0516 -71.6156
157 -33.0516 -71.6156
635 -33.0511 -71.6156
585 -33.0556 -71.6156
734 -33.0555 -71.6131
593 -33.0556 -71.6131
835 -33.0554 -71.6155
739 -33.0552 -71.6153
100 -33.0551 -71.6152
421 -33.0554 -71.6131
235 -33.0553 -71.6124
265 -33.0553 -71.6124
877 -33.0554 -71.6124
725 -33.0554 -71.6124
599 -33.0551 -71.6124
655 -33.0551 -71.6124
437 -33.0551 -71.6124
82 -33.055 -71.6124
738 -33.055 -71.6124
749 -33.0546 -71.6149
659 -33.0544 -71.6148
24 -33.0541 -71.6146
574 -33.0536 -71.6156
106 -33.0536 -71.6156
850 -33.0535 -71.6155
688 -33.0535 -71.6155
964 -33.054 -71.6146
68 -33.055 -71.613
185 -33.0547 -71.6127
233 -33.055 -71.6124
181 -33.0543 -71.6125
494 -33.0537 -71.6143
625 -33.0543 -71.6124
91 -33.0543 -71.6124
306 -33.055 -71.6124
498 -33.0554 -71.6124
771 -33.0554 -71.6124
87 -33.0555 -71.6124
707 -33.0547 -71.6124
942 -33.0547 -71.6124
201 -33.0546 -71.6124
392 -33.0546 -71.6124
661 -33.0555 -71.6124
607 -33.0555 -71.6124
801 -33.0556 -71.6123
837 -33.0556 -71.6123
227 -33.0555 -71.6124
902 -33.0545 -71.6124
382 -33.0543 -71.6122
791 -33.0544 -71.612
867 -33.0543 -71.6122
562 -33.0543 -71.6123
275 -33.0543 -71.6123
658 -33.0543 -71.6123
203 -33.0542 -71.6122
449 -33.0542 -71.6123
534 -33.0542 -71.6123
996 -33.0541 -71.6123
623 -33.0543 -71.6122
805 -33.0539 -71.6122
186 -33.0538 -71.6122
566 -33.0543 -71.6119
588 -33.0537 -71.6122
638 -33.0536 -71.6122
666 -33.0535 -71.6122
884 -33.0534 -71.6155
13 -33.0533 -71.6155
572 -33.0533 -71.6155
191 -33.0532 -71.6155
174 -33.0531 -71.6155
610 -33.0509 -71.6156
273 -33.0531 -71.6155
652 -33.0531 -71.6155
484 -33.0494 -71.6143
55 -33.0495 -71.6139
722 -33.0496 -71.6137
353 -33.0527 -71.6137
755 -33.0495 -71.614
732 -33.0494 -71.6143
9 -33.0495 -71.6142
939 -33.0495 -71.6142
583 -33.0494 -71.6145
360 -33.0493 -71.6151
34 -33.0493 -71.6149
80 -33.0494 -71.6148
718 -33.0493 -71.6152
222 -33.0492 -71.6155
633 -33.0493 -71.6155
447 -33.0493 -71.6153
485 -33.0494 -71.6148
935 -33.0494 -71.6147
493 -33.0494 -71.6147
88 -33.0485 -71.6137
982 -33.0484 -71.6143
784 -33.0483 -71.6145
220 -33.0483 -71.6145
152 -33.0496 -71.6136
54 -33.0524 -71.6135
314 -33.0511 -71.6128
855 -33.0511 -71.6128
862 -33.051 -71.6131
604 -33.0504 -71.613
348 -33.0502 -71.613
81 -33.0502 -71.613
660 -33.0511 -71.6127
33 -33.0531 -71.6121
683 -33.0526 -71.6121
758 -33.052 -71.612
44 -33.0518 -71.612
394 -33.0511 -71.6127
834 -33.0511 -71.6125
851 -33.0511 -71.6119
901 -33.0502 -71.613
530 -33.0496 -71.6136
553 -33.0501 -71.613
716 -33.0497 -71.6128
972 -33.0495 -71.6129
643 -33.0486 -71.6132
827 -33.0487 -71.613
793 -33.0495 -71.6129
694 -33.0497 -71.6127
799 -33.0498 -71.6125
283 -33.0498 -71.6122
440 -33.0499 -71.612
383 -33.0498 -71.6127
724 -33.0488 -71.6126
968 -33.0489 -71.6122
31 -33.0514 -71.6119
368 -33.0598 -71.6116
463 -33.0599 -71.6104
72 -33.0601 -71.6104
298 -33.0593 -71.6116
259 -33.0589 -71.6112
748 -33.0589 -71.6112
866 -33.0589 -71.6102
474 -33.0611 -71.6099
677 -33.0613 -71.6094
63 -33.061 -71.6092
419 -33.0612 -71.6089
970 -33.0608 -71.6096
903 -33.0608 -71.6088
132 -33.06 -71.6088
672 -33.0607 -71.6088
362 -33.0589 -71.6095
560 -33.0588 -71.6117
876 -33.0584 -71.6113
886 -33.0587 -71.6113
558 -33.0584 -71.6106
569 -33.058 -71.6113
606 -33.0583 -71.6113
510 -33.0577 -71.6107
26 -33.0586 -71.6105
657 -33.0586 -71.6101
73 -33.0583 -71.6089
138 -33.0588 -71.6088
454 -33.0582 -71.609
190 -33.0581 -71.6105
187 -33.0578 -71.6103
384 -33.0577 -71.6102
581 -33.0607 -71.6087
499 -33.0605 -71.6084
79 -33.0605 -71.6084
934 -33.0605 -71.6084
469 -33.0604 -71.6084
332 -33.0602 -71.6083
11 -33.0604 -71.6083
461 -33.0602 -71.6082
400 -33.0602 -71.6082
335 -33.0602 -71.6082
700 -33.0601 -71.6081
473 -33.06 -71.6081
285 -33.06 -71.608
705 -33.0599 -71.608
528 -33.059 -71.6079
62 -33.0587 -71.6079
557 -33.0585 -71.6079
626 -33.058 -71.6083
183 -33.0579 -71.6082
923 -33.0579 -71.6082
952 -33.0579 -71.6082
137 -33.0578 -71.6082
690 -33.0578 -71.6082
846 -33.0577 -71.6082
328 -33.0577 -71.6082
94 -33.0584 -71.608
532 -33.0584 -71.608
381 -33.0584 -71.608
746 -33.0583 -71.608
468 -33.0577 -71.6081
126 -33.0577 -71.6081
836 -33.0576 -71.6081
874 -33.0576 -71.6088
714 -33.0576 -71.6081
167 -33.0576 -71.6081
535 -33.0575 -71.6088
2 -33.0575 -71.6093
471 -33.0574 -71.6081
757 -33.0574 -71.6081
502 -33.0574 -71.6081
981 -33.0574 -71.6081
398 -33.0573 -71.6081
966 -33.0573 -71.6081
671 -33.0573 -71.6081
785 -33.0573 -71.6081
752 -33.0573 -71.608
704 -33.0572 -71.608
56 -33.0572 -71.608
415 -33.0562 -71.6102
681 -33.0566 -71.61
97 -33.057 -71.6099
861 -33.056 -71.6103
141 -33.0555 -71.6104
143 -33.0558 -71.6104
821 -33.0558 -71.6104
540 -33.0568 -71.6097
706 -33.0561 -71.6095
673 -33.056 -71.609
770 -33.056 -71.609
745 -33.0559 -71.6095
268 -33.0558 -71.6095
815 -33.0557 -71.6092
369 -33.0572 -71.608
653 -33.0572 -71.608
741 -33.0572 -71.608
236 -33.0571 -71.608
182 -33.057 -71.608
856 -33.057 -71.608
832 -33.057 -71.608
365 -33.0569 -71.608
624 -33.0569 -71.608
71 -33.0567 -71.608
192 -33.0567 -71.608
882 -33.0567 -71.608
243 -33.0567 -71.608
736 -33.0566 -71.608
294 -33.0566 -71.608
325 -33.0566 -71.608
199 -33.0566 -71.608
229 -33.0565 -71.608
321 -33.0566 -71.608
788 -33.0565 -71.608
997 -33.0563 -71.608
975 -33.0557 -71.608
811 -33.0563 -71.608
675 -33.0563 -71.608
556 -33.0562 -71.608
375 -33.0562 -71.608
395 -33.0561 -71.6079
287 -33.0561 -71.6079
103 -33.0561 -71.6079
993 -33.0561 -71.6079
244 -33.0559 -71.6079
737 -33.0558 -71.6079
225 -33.0597 -71.6079
858 -33.0596 -71.6078
888 -33.0597 -71.6077
438 -33.0596 -71.6078
740 -33.0596 -71.6078
422 -33.0595 -71.6077
282 -33.0595 -71.6077
918 -33.0592 -71.6076
833 -33.0594 -71.6076
977 -33.0609 -71.6076
912 -33.0597 -71.6071
478 -33.0594 -71.6076
592 -33.0593 -71.6076
944 -33.0594 -71.6076
46 -33.0593 -71.6072
810 -33.0592 -71.6076
378 -33.0589 -71.6078
458 -33.0589 -71.6078
753 -33.0589 -71.6078
470 -33.0589 -71.6078
156 -33.0588 -71.6078
664 -33.0588 -71.6078
929 -33.0589 -71.6078
715 -33.0589 -71.6078
878 -33.0591 -71.6076
662 -33.0591 -71.6076
219 -33.0592 -71.6076
772 -33.0591 -71.6076
489 -33.0591 -71.6077
723 -33.0591 -71.6077
280 -33.0591 -71.6075
281 -33.0602 -71.607
808 -33.0612 -71.6068
159 -33.0609 -71.6065
441 -33.0624 -71.6056
925 -33.0607 -71.6065
300 -33.0606 -71.6068
129 -33.0601 -71.6063
296 -33.0602 -71.6059
491 -33.061 -71.6055
291 -33.0616 -71.605
147 -33.0615 -71.6049
870 -33.0615 -71.6049
331 -33.0613 -71.6048
112 -33.0611 -71.6051
90 -33.0607 -71.6046
924 -33.0603 -71.6046
311 -33.06 -71.6062
857 -33.0594 -71.6064
873 -33.0593 -71.6064
922 -33.0594 -71.6064
527 -33.0592 -71.6063
954 -33.0589 -71.6066
825 -33.0587 -71.6066
769 -33.059 -71.6065
83 -33.0597 -71.6063
411 -33.0599 -71.6062
221 -33.0591 -71.6054
78 -33.0592 -71.6044
513 -33.0591 -71.6063
525 -33.059 -71.6063
196 -33.0587 -71.6051
555 -33.0587 -71.6066
350 -33.0587 -71.6079
110 -33.0582 -71.6076
613 -33.0577 -71.6073
319 -33.0565 -71.6075
390 -33.0561 -71.6076
357 -33.0563 -71.6074
172 -33.0565 -71.6073
16 -33.0565 -71.6073
669 -33.0568 -71.6072
349 -33.0568 -71.6072
417 -33.0568 -71.6072
125 -33.0567 -71.6072
505 -33.0566 -71.6073
845 -33.0566 -71.6072
284 -33.0567 -71.6072
782 -33.0561 -71.6075
371 -33.0558 -71.6078
242 -33.0557 -71.6078
257 -33.0557 -71.6078
232 -33.0556 -71.6078
910 -33.0555 -71.6079
215 -33.0556 -71.6078
813 -33.0556 -71.6078
339 -33.0556 -71.6078
230 -33.056 -71.6075
120 -33.0561 -71.6075
544 -33.0561 -71.6075
276 -33.056 -71.6075
8 -33.0559 -71.6076
670 -33.0559 -71.6076
404 -33.0569 -71.6071
980 -33.0584 -71.6067
261 -33.0584 -71.6066
622 -33.0584 -71.6066
168 -33.0584 -71.6067
158 -33.0577 -71.6068
32 -33.0578 -71.6068
503 -33.0578 -71.6066
843 -33.0585 -71.6066
223 -33.0585 -71.6062
984 -33.0583 -71.6058
169 -33.0583 -71.6043
620 -33.0583 -71.6043
840 -33.0577 -71.6066
477 -33.058 -71.6059
937 -33.0579 -71.6045
768 -33.0576 -71.6049
136 -33.0573 -71.6068
472 -33.0575 -71.6061
99 -33.0574 -71.6048
951 -33.0573 -71.6069
990 -33.057 -71.607
460 -33.0567 -71.6066
316 -33.0568 -71.6063
293 -33.0575 -71.6048
256 -33.0573 -71.6047
98 -33.0572 -71.6047
595 -33.0571 -71.6047
957 -33.0565 -71.6045
406 -33.0556 -71.6047
1 -33.0562 -71.6044
839 -33.0555 -71.6079
429 -33.0542 -71.6118
536 -33.0542 -71.6118
161 -33.0542 -71.6117
270 -33.0542 -71.6117
906 -33.0541 -71.6115
508 -33.0541 -71.6115
617 -33.054 -71.6114
914 -33.054 -71.6114
180 -33.0539 -71.6112
717 -33.0538 -71.6112
995 -33.0539 -71.6112
621 -33.0538 -71.611
915 -33.0536 -71.6107
517 -33.0538 -71.6105
744 -33.0538 -71.6105
894 -33.0536 -71.6113
74 -33.0528 -71.6116
27 -33.0528 -71.6116
278 -33.0529 -71.6116
133 -33.0526 -71.6117
337 -33.0519 -71.6118
401 -33.0524 -71.6117
345 -33.0525 -71.6117
920 -33.0534 -71.6114
188 -33.0534 -71.611
59 -33.0534 -71.611
336 -33.0535 -71.6106
568 -33.0533 -71.611
380 -33.0533 -71.611
618 -33.0532 -71.6109
346 -33.0529 -71.6108
372 -33.0541 -71.6105
391 -33.055 -71.6104
433 -33.055 -71.6101
931 -33.0551 -71.6101
356 -33.0533 -71.6089
559 -33.0527 -71.6104
719 -33.052 -71.6088
329 -33.052 -71.6088
312 -33.0521 -71.6088
514 -33.0536 -71.6085
443 -33.0536 -71.6085
699 -33.0536 -71.6085
936 -33.0535 -71.6086
342 -33.0521 -71.6087
943 -33.0535 -71.6087
656 -33.0521 -71.6087
779 -33.052 -71.6089
522 -33.0518 -71.6093
548 -33.0518 -71.6093
86 -33.0519 -71.6092
665 -33.0518 -71.6094
207 -33.0517 -71.6094
444 -33.0517 -71.6094
709 -33.0517 -71.6094
685 -33.0519 -71.6092
596 -33.052 -71.609
96 -33.052 -71.6089
241 -33.052 -71.6089
947 -33.052 -71.609
518 -33.0519 -71.6092
804 -33.0519 -71.6091
76 -33.0517 -71.6094
77 -33.0514 -71.6119
780 -33.0517 -71.6118
519 -33.0501 -71.6106
586 -33.0501 -71.6106
541 -33.0501 -71.6108
436 -33.0501 -71.6108
854 -33.0501 -71.6107
218 -33.0501 -71.6105
0 -33.0508 -71.6102
637 -33.0508 -71.6102
728 -33.0508 -71.6102
538 -33.0506 -71.6102
960 -33.0501 -71.6104
612 -33.0502 -71.6103
648 -33.0506 -71.6102
631 -33.0501 -71.6108
213 -33.05 -71.6113
897 -33.05 -71.6113
941 -33.05 -71.6113
318 -33.05 -71.6114
206 -33.0499 -71.6118
48 -33.0491 -71.6114
140 -33.0498 -71.6113
853 -33.0498 -71.6113
36 -33.0501 -71.6109
84 -33.0501 -71.6109
778 -33.0501 -71.6108
868 -33.05 -71.611
933 -33.0492 -71.6112
50 -33.05 -71.6111
462 -33.0504 -71.6102
956 -33.0512 -71.6099
481 -33.0514 -71.6098
828 -33.0514 -71.6097
457 -33.0512 -71.6099
119 -33.0511 -71.61
634 -33.0512 -71.6099
807 -33.0512 -71.6099
425 -33.0514 -71.6097
64 -33.0515 -71.6096
654 -33.0516 -71.6095
847 -33.0516 -71.6095
240 -33.0515 -71.6096
153 -33.0514 -71.6097
178 -33.0514 -71.6097
363 -33.0515 -71.6096
231 -33.0511 -71.61
374 -33.0503 -71.6102
701 -33.051 -71.6101
234 -33.051 -71.6101
515 -33.0503 -71.6102
432 -33.0503 -71.6102
302 -33.0503 -71.6101
435 -33.0494 -71.6101
680 -33.051 -71.6101
590 -33.051 -71.61
823 -33.0511 -71.61
418 -33.0511 -71.61
899 -33.0508 -71.6085
248 -33.0504 -71.609
971 -33.0504 -71.6089
426 -33.0536 -71.6085
289 -33.0546 -71.6085
567 -33.0546 -71.6085
184 -33.0546 -71.6085
492 -33.0544 -71.6085
552 -33.0544 -71.6085
616 -33.0544 -71.6085
41 -33.0543 -71.6085
6 -33.0546 -71.6085
871 -33.0548 -71.6084
410 -33.0548 -71.6083
264 -33.0549 -71.6083
913 -33.0548 -71.6084
921 -33.0547 -71.6084
667 -33.0547 -71.6084
359 -33.0548 -71.6084
893 -33.0543 -71.6085
959 -33.0543 -71.6085
965 -33.0542 -71.6085
896 -33.0542 -71.6085
650 -33.0542 -71.6085
104 -33.0541 -71.6085
445 -33.0542 -71.6085
800 -33.0541 -71.6085
689 -33.0542 -71.6085
609 -33.0541 -71.6085
28 -33.0539 -71.6085
490 -33.054 -71.6085
47 -33.0539 -71.6085
135 -33.0539 -71.6085
37 -33.0538 -71.6085
953 -33.0538 -71.6085
875 -33.0549 -71.6083
122 -33.0552 -71.6081
397 -33.0552 -71.6081
989 -33.0552 -71.6081
193 -33.0552 -71.6081
895 -33.0551 -71.6081
720 -33.0551 -71.6081
245 -33.0552 -71.6081
65 -33.0552 -71.6081
564 -33.0554 -71.608
826 -33.0554 -71.6044
30 -33.0555 -71.6044
358 -33.0553 -71.608
267 -33.0553 -71.6081
578 -33.0553 -71.6081
731 -33.0553 -71.608
806 -33.0551 -71.6081
299 -33.0549 -71.6083
194 -33.055 -71.6083
887 -33.055 -71.6082
554 -33.0549 -71.6083
67 -33.0549 -71.6083
682 -33.0549 -71.6083
628 -33.0549 -71.6083
21 -33.055 -71.6082
247 -33.0551 -71.6082
691 -33.0551 -71.6082
308 -33.0551 -71.6082
388 -33.055 -71.6082
776 -33.0541 -71.6057
149 -33.0547 -71.6046
594 -33.0538 -71.6085
630 -33.0537 -71.6085
45 -33.0537 -71.6085
777 -33.0537 -71.6085
926 -33.0536 -71.6085
584 -33.0535 -71.6085
114 -33.0535 -71.6085
543 -33.0535 -71.6085
344 -33.0535 -71.6085
570 -33.0537 -71.6085
39 -33.0537 -71.6085
396 -33.0535 -71.6085
131 -33.0534 -71.6085
352 -33.0534 -71.6085
684 -33.0534 -71.6085
663 -33.0533 -71.6084
928 -33.0533 -71.6084
330 -33.0533 -71.6084
824 -33.0532 -71.6084
95 -33.0532 -71.6084
451 -33.0532 -71.6084
651 -33.0521 -71.6085
58 -33.0521 -71.6085
428 -33.0522 -71.6084
459 -33.0531 -71.6084
969 -33.0531 -71.6084
3 -33.0531 -71.6084
814 -33.053 -71.6083
246 -33.053 -71.6083
258 -33.0522 -71.6083
841 -33.053 -71.6083
486 -33.053 -71.6083
162 -33.0529 -71.6083
702 -33.0529 -71.6083
798 -33.0529 -71.6083
249 -33.0529 -71.6083
898 -33.0528 -71.6083
288 -33.0528 -71.6083
524 -33.0528 -71.6083
338 -33.0527 -71.6083
507 -33.0529 -71.6066
781 -33.0533 -71.6064
121 -33.0534 -71.6063
865 -33.0527 -71.6082
974 -33.0527 -71.6082
4 -33.0526 -71.6082
729 -33.0525 -71.6069
792 -33.0525 -71.6069
379 -33.0525 -71.6082
766 -33.0524 -71.6081
750 -33.0524 -71.6081
817 -33.0524 -71.6081
465 -33.0522 -71.6082
932 -33.0522 -71.6082
317 -33.0522 -71.6082
526 -33.0522 -71.6081
539 -33.0523 -71.6081
164 -33.0522 -71.6081
439 -33.0522 -71.6081
695 -33.0521 -71.6081
985 -33.052 -71.608
533 -33.0517 -71.6048
