271 -33.0609 -71.6161
619 -33.061 -71.6161
760 -33.061 -71.616
907 -33.0604 -71.6163
290 -33.0603 -71.6164
838 -33.0604 -71.6163
446 -33.0599 -71.6161
455 -33.0612 -71.6159
301 -33.0618 -71.6158
978 -33.0627 -71.6151
475 -33.0626 -71.615
754 -33.0614 -71.6159
154 -33.0604 -71.6158
803 -33.0605 -71.6157
456 -33.0606 -71.6156
466 -33.0599 -71.6165
179 -33.0596 -71.6166
403 -33.0597 -71.6166
423 -33.0597 -71.6163
166 -33.0596 -71.6166
448 -33.0592 -71.6168
145 -33.0594 -71.6167
495 -33.0595 -71.6167
7 -33.0593 -71.615
773 -33.0596 -71.6148
424 -33.0596 -71.6148
549 -33.0597 -71.6146
962 -33.0596 -71.6148
809 -33.0592 -71.6149
698 -33.0595 -71.6148
819 -33.0595 -71.6147
726 -33.0597 -71.6145
123 -33.0606 -71.6141
686 -33.0607 -71.614
483 -33.0607 -71.6139
467 -33.0606 -71.6141
279 -33.0602 -71.6143
945 -33.0603 -71.6143
762 -33.0605 -71.6138
127 -33.0608 -71.6136
917 -33.0622 -71.6134
189 -33.061 -71.6134
579 -33.0621 -71.6131
994 -33.061 -71.6134
751 -33.0601 -71.6134
134 -33.0602 -71.6132
816 -33.0602 -71.6132
580 -33.0601 -71.6134
61 -33.0601 -71.6144
367 -33.06 -71.6144
967 -33.0598 -71.6138
274 -33.0597 -71.6145
107 -33.0594 -71.6142
405 -33.0595 -71.614
373 -33.0595 -71.614
69 -33.0597 -71.6138
927 -33.0598 -71.6137
354 -33.0598 -71.6137
146 -33.0601 -71.6133
150 -33.0598 -71.6136
641 -33.0597 -71.6137
916 -33.0591 -71.6135
402 -33.0591 -71.6136
908 -33.0588 -71.617
262 -33.0587 -71.6169
171 -33.0591 -71.6169
930 -33.0587 -71.6171
487 -33.0585 -71.6172
946 -33.0586 -71.6171
611 -33.0587 -71.6169
431 -33.0586 -71.6168
546 -33.0587 -71.6154
49 -33.0588 -71.6154
488 -33.0588 -71.6148
636 -33.0586 -71.6149
198 -33.0585 -71.6155
117 -33.0585 -71.6154
711 -33.0585 -71.6153
614 -33.0585 -71.6173
727 -33.0584 -71.6173
506 -33.0584 -71.6165
767 -33.0584 -71.6157
393 -33.0582 -71.6174
128 -33.0581 -71.6176
830 -33.0581 -71.6176
327 -33.0581 -71.6175
89 -33.0584 -71.6151
892 -33.0583 -71.6149
992 -33.0584 -71.6148
105 -33.0583 -71.6148
864 -33.0583 -71.6149
228 -33.0581 -71.615
545 -33.0582 -71.615
721 -33.0582 -71.6149
761 -33.0587 -71.6147
434 -33.0587 -71.6147
341 -33.0589 -71.6147
355 -33.059 -71.6146
254 -33.0587 -71.6147
973 -33.0586 -71.6147
844 -33.0586 -71.6147
797 -33.0586 -71.6146
450 -33.0591 -71.6145
464 -33.0591 -71.6136
102 -33.059 -71.6134
950 -33.0591 -71.6134
822 -33.0589 -71.6133
512 -33.0586 -71.6144
668 -33.0586 -71.6133
216 -33.0588 -71.6133
292 -33.0586 -71.6147
571 -33.0584 -71.6138
211 -33.0585 -71.6137
730 -33.0585 -71.6136
175 -33.0584 -71.6139
713 -33.0581 -71.6144
948 -33.0582 -71.6142
551 -33.0582 -71.6142
919 -33.0586 -71.6135
521 -33.0583 -71.6134
881 -33.0583 -71.6134
18 -33.0584 -71.613
227 -33.0582 -71.6131
848 -33.0581 -71.6133
963 -33.0582 -71.6131
82 -33.0581 -71.613
118 -33.0636 -71.613
238 -33.0627 -71.6127
501 -33.0627 -71.6127
531 -33.0627 -71.6127
387 -33.0607 -71.6126
370 -33.0607 -71.6126
408 -33.0608 -71.6125
251 -33.0608 -71.6125
582 -33.0613 -71.6122
747 -33.0613 -71.6122
14 -33.0614 -71.6121
407 -33.0611 -71.6123
537 -33.0608 -71.6125
674 -33.0609 -71.6125
679 -33.061 -71.6123
789 -33.0606 -71.6126
269 -33.0603 -71.613
693 -33.0604 -71.6128
347 -33.06 -71.6128
414 -33.06 -71.6128
295 -33.0598 -71.6128
986 -33.0599 -71.6128
603 -33.0599 -71.6128
224 -33.06 -71.6128
272 -33.0604 -71.6128
255 -33.0605 -71.6128
577 -33.0606 -71.6127
237 -33.0603 -71.6124
601 -33.0601 -71.6128
160 -33.0602 -71.6128
310 -33.0602 -71.6128
351 -33.0615 -71.6121
976 -33.0643 -71.6121
640 -33.0627 -71.612
869 -33.0626 -71.612
209 -33.0626 -71.612
51 -33.0624 -71.6121
366 -33.0624 -71.6121
958 -33.0623 -71.6121
286 -33.0622 -71.612
482 -33.0643 -71.6115
420 -33.0646 -71.6114
326 -33.0648 -71.6113
523 -33.0635 -71.6115
642 -33.0624 -71.612
774 -33.0629 -71.6118
561 -33.0631 -71.6113
52 -33.0622 -71.612
57 -33.062 -71.612
733 -33.062 -71.612
452 -33.0619 -71.6118
646 -33.0619 -71.6116
480 -33.0617 -71.6121
413 -33.0618 -71.612
307 -33.0607 -71.6116
627 -33.0609 -71.6115
879 -33.0619 -71.6114
60 -33.0619 -71.6113
934 -33.0619 -71.6112
818 -33.0619 -71.6115
12 -33.0611 -71.6115
608 -33.0618 -71.6111
368 -33.0598 -71.6116
334 -33.0589 -71.6129
324 -33.0589 -71.6129
615 -33.059 -71.6129
70 -33.0589 -71.6129
801 -33.0586 -71.613
837 -33.0587 -71.613
124 -33.0588 -71.6129
863 -33.0591 -71.6129
759 -33.0595 -71.6128
309 -33.0596 -71.6128
22 -33.0597 -71.6128
19 -33.0594 -71.6129
202 -33.0591 -71.6129
208 -33.0591 -71.6129
200 -33.0592 -71.6129
87 -33.0586 -71.613
235 -33.0584 -71.613
42 -33.0585 -71.613
498 -33.0584 -71.613
265 -33.0584 -71.613
738 -33.0581 -71.613
599 -33.0581 -71.613
437 -33.0581 -71.613
233 -33.0581 -71.613
877 -33.0585 -71.613
661 -33.0585 -71.613
607 -33.0585 -71.613
771 -33.0585 -71.613
306 -33.0581 -71.613
587 -33.0582 -71.6129
575 -33.0597 -71.6128
991 -33.0595 -71.6125
376 -33.0595 -71.6123
998 -33.0595 -71.6121
602 -33.0595 -71.6122
23 -33.0592 -71.6126
303 -33.0591 -71.6125
676 -33.0591 -71.6122
955 -33.0595 -71.612
563 -33.0593 -71.6116
252 -33.0597 -71.6116
743 -33.0595 -71.6113
298 -33.0593 -71.6116
259 -33.0589 -71.6112
748 -33.0589 -71.6112
187 -33.0592 -71.6112
742 -33.0589 -71.6128
386 -33.0589 -71.6127
20 -33.0589 -71.6127
29 -33.0588 -71.6126
842 -33.0583 -71.6126
872 -33.0583 -71.6127
645 -33.0583 -71.6127
214 -33.0583 -71.6127
197 -33.0585 -71.6124
905 -33.0588 -71.6123
560 -33.0588 -71.6117
606 -33.0583 -71.6113
151 -33.0583 -71.6117
108 -33.0582 -71.6123
706 -33.0582 -71.6113
655 -33.0581 -71.613
904 -33.0571 -71.6184
364 -33.057 -71.6183
961 -33.0572 -71.6183
109 -33.0567 -71.6182
130 -33.0567 -71.6182
165 -33.0566 -71.6182
979 -33.0563 -71.6181
10 -33.0563 -71.6181
597 -33.0579 -71.6177
703 -33.0579 -71.6177
504 -33.058 -71.6176
585 -33.0577 -71.617
66 -33.0575 -71.6181
100 -33.0572 -71.617
964 -33.0564 -71.6167
494 -33.0563 -71.6163
983 -33.0562 -71.6181
949 -33.0562 -71.6181
53 -33.0562 -71.616
652 -33.0562 -71.616
786 -33.0561 -71.6181
479 -33.0561 -71.6161
697 -33.0561 -71.6161
174 -33.0562 -71.616
273 -33.0562 -71.616
999 -33.0562 -71.616
191 -33.0562 -71.616
313 -33.0562 -71.6159
859 -33.0561 -71.6158
13 -33.0561 -71.6158
572 -33.0561 -71.6157
940 -33.0561 -71.6157
787 -33.058 -71.615
600 -33.0579 -71.615
361 -33.0578 -71.6149
204 -33.0578 -71.6149
593 -33.0574 -71.6151
163 -33.0564 -71.615
343 -33.0577 -71.6149
678 -33.0565 -71.6149
323 -33.0577 -71.6149
565 -33.0576 -71.6149
880 -33.0576 -71.6149
812 -33.0576 -71.6149
860 -33.0575 -71.6149
749 -33.0565 -71.6149
320 -33.0575 -71.6149
500 -33.0564 -71.615
5 -33.0561 -71.6152
195 -33.0561 -71.6152
496 -33.0561 -71.6152
304 -33.0561 -71.6152
176 -33.0561 -71.6156
497 -33.0561 -71.6152
226 -33.0561 -71.6152
144 -33.0561 -71.6152
38 -33.0563 -71.6151
659 -33.0563 -71.6151
852 -33.0563 -71.615
75 -33.0562 -71.6151
315 -33.0562 -71.6152
111 -33.0562 -71.6151
884 -33.056 -71.6156
589 -33.0556 -71.617
829 -33.0556 -71.6169
883 -33.0557 -71.6164
598 -33.0556 -71.6172
92 -33.0553 -71.6176
987 -33.0554 -71.6175
25 -33.0554 -71.6174
217 -33.056 -71.6162
692 -33.056 -71.616
900 -33.0559 -71.6159
712 -33.0559 -71.6159
529 -33.0558 -71.6159
263 -33.0556 -71.6159
453 -33.0555 -71.6159
239 -33.0554 -71.6159
416 -33.0553 -71.6158
629 -33.0548 -71.6187
511 -33.055 -71.6181
409 -33.055 -71.6181
849 -33.0547 -71.6189
516 -33.0535 -71.6186
509 -33.0541 -71.6184
427 -33.0543 -71.6184
708 -33.0551 -71.6179
710 -33.0553 -71.6177
573 -33.0552 -71.6158
889 -33.0551 -71.6158
170 -33.0551 -71.6158
333 -33.0549 -71.6158
113 -33.0549 -71.6158
639 -33.0548 -71.6157
850 -33.056 -71.6155
550 -33.056 -71.6155
688 -33.056 -71.6155
574 -33.056 -71.6155
106 -33.056 -71.6155
353 -33.0554 -71.6154
142 -33.056 -71.6154
412 -33.056 -71.6154
890 -33.056 -71.6153
24 -33.056 -71.6152
647 -33.056 -71.6152
796 -33.056 -71.6153
85 -33.0559 -71.6153
115 -33.056 -71.6153
54 -33.0551 -71.6153
605 -33.0548 -71.6157
155 -33.0547 -71.6157
763 -33.0545 -71.6157
794 -33.0544 -71.6157
157 -33.0544 -71.6157
277 -33.0521 -71.6156
988 -33.0523 -71.6156
205 -33.0521 -71.6156
820 -33.0521 -71.6156
635 -33.0539 -71.6156
610 -33.0537 -71.6156
644 -33.0532 -71.6155
911 -33.053 -71.6155
938 -33.052 -71.6156
764 -33.0529 -71.6156
250 -33.0565 -71.6149
377 -33.0577 -71.6145
885 -33.0577 -71.6144
476 -33.0581 -71.6144
734 -33.0574 -71.6149
835 -33.0573 -71.6149
421 -33.0573 -71.6149
687 -33.0574 -71.6146
68 -33.0575 -71.6143
389 -33.0579 -71.6139
775 -33.058 -71.6139
212 -33.0581 -71.6136
891 -33.0578 -71.6139
185 -33.0575 -71.6139
547 -33.0576 -71.6139
210 -33.0578 -71.6139
831 -33.0573 -71.6148
795 -33.0573 -71.6149
116 -33.0573 -71.6149
340 -33.0573 -71.6148
399 -33.0572 -71.6148
93 -33.0571 -71.6148
739 -33.0571 -71.6148
177 -33.0571 -71.6148
148 -33.057 -71.6148
253 -33.057 -71.6148
430 -33.0569 -71.6147
181 -33.0572 -71.6136
266 -33.0569 -71.6147
756 -33.0568 -71.6147
783 -33.0568 -71.6147
385 -33.0568 -71.6147
625 -33.0571 -71.6136
725 -33.058 -71.613
707 -33.0578 -71.6129
649 -33.0578 -71.6129
942 -33.0577 -71.6129
591 -33.0576 -71.6134
520 -33.0577 -71.6131
35 -33.0577 -71.6131
201 -33.0577 -71.6129
542 -33.0581 -71.612
442 -33.058 -71.6119
15 -33.058 -71.6113
569 -33.0579 -71.6113
392 -33.0577 -71.6129
902 -33.0576 -71.6129
173 -33.0576 -71.6129
861 -33.0575 -71.6115
40 -33.0574 -71.6135
562 -33.0574 -71.6128
275 -33.0574 -71.6128
658 -33.0573 -71.6128
91 -33.0571 -71.6135
534 -33.0573 -71.6128
449 -33.0573 -71.6128
996 -33.0572 -71.6128
203 -33.0571 -71.6127
805 -33.057 -71.6127
681 -33.0575 -71.6116
623 -33.057 -71.6127
186 -33.0569 -71.6126
588 -33.0568 -71.6126
382 -33.0568 -71.6133
632 -33.0567 -71.6148
867 -33.0567 -71.6133
791 -33.0567 -71.6125
17 -33.0566 -71.6148
260 -33.0566 -71.6149
536 -33.0562 -71.6131
429 -33.0562 -71.6131
666 -33.0567 -71.6125
638 -33.0566 -71.6125
566 -33.0565 -71.6124
270 -33.0564 -71.6124
33 -33.0563 -71.6124
508 -33.0562 -71.6123
617 -33.0561 -71.6123
906 -33.0561 -71.6123
161 -33.0561 -71.6131
59 -33.0551 -71.6131
568 -33.0553 -71.6124
758 -33.0551 -71.6124
380 -33.055 -71.6131
101 -33.0496 -71.6137
447 -33.0508 -71.6131
618 -33.0549 -71.613
44 -33.055 -71.6124
914 -33.0561 -71.6123
683 -33.0558 -71.6123
717 -33.0558 -71.6123
188 -33.0554 -71.6124
346 -33.0549 -71.6124
559 -33.0544 -71.6123
9 -33.0511 -71.6123
851 -33.0543 -71.6123
862 -33.0532 -71.6121
901 -33.0524 -71.6117
553 -33.0522 -71.612
827 -33.0511 -71.6122
972 -33.0517 -71.612
793 -33.0517 -71.612
348 -33.0524 -71.6117
394 -33.0536 -71.6114
660 -33.0536 -71.6114
834 -33.0538 -71.6113
314 -33.0535 -71.6114
81 -33.0525 -71.6117
604 -33.0526 -71.6117
855 -33.0535 -71.6114
485 -33.05 -71.6111
735 -33.0499 -71.6119
222 -33.0499 -71.6119
633 -33.0499 -71.6118
696 -33.0499 -71.612
139 -33.0499 -71.6121
322 -33.0499 -71.6121
802 -33.0499 -71.6121
718 -33.0499 -71.6116
360 -33.05 -71.6113
34 -33.05 -71.6112
80 -33.05 -71.6112
982 -33.0497 -71.6112
220 -33.0494 -71.6112
784 -33.0494 -71.6112
88 -33.05 -71.6111
297 -33.0618 -71.6108
790 -33.064 -71.6108
11 -33.0627 -71.6101
700 -33.0618 -71.6109
474 -33.0618 -71.6108
285 -33.0618 -71.6107
43 -33.0618 -71.6106
499 -33.063 -71.61
63 -33.0632 -71.61
677 -33.064 -71.6096
858 -33.0621 -71.6095
438 -33.062 -71.6095
422 -33.0619 -71.6094
282 -33.0619 -71.6094
944 -33.0617 -71.6094
705 -33.0617 -71.6106
740 -33.0615 -71.6103
581 -33.0617 -71.6103
576 -33.0617 -71.6103
903 -33.0614 -71.6107
876 -33.0603 -71.611
886 -33.0602 -71.6103
26 -33.061 -71.6103
918 -33.0612 -71.6099
878 -33.0611 -71.6099
219 -33.0615 -71.6094
723 -33.0615 -71.6094
489 -33.0611 -71.6098
138 -33.0605 -71.6096
458 -33.061 -71.6096
970 -33.0608 -71.6096
715 -33.0613 -71.6093
79 -33.0626 -71.6092
469 -33.0625 -71.6092
335 -33.0623 -71.6091
473 -33.062 -71.6091
664 -33.0611 -71.6093
470 -33.0612 -71.6093
62 -33.061 -71.6093
156 -33.0614 -71.6089
72 -33.0618 -71.6087
478 -33.0619 -71.6086
225 -33.0622 -71.6083
463 -33.0617 -71.6089
350 -33.0614 -71.6089
461 -33.061 -71.6086
419 -33.0617 -71.608
94 -33.0609 -71.609
532 -33.0609 -71.6089
952 -33.0607 -71.6086
183 -33.0607 -71.6085
328 -33.0606 -71.6085
73 -33.0605 -71.6093
690 -33.0606 -71.6085
746 -33.0606 -71.6085
714 -33.0605 -71.6084
757 -33.0603 -71.6083
471 -33.0603 -71.6083
753 -33.0607 -71.6079
981 -33.0603 -71.6083
332 -33.0602 -71.6083
752 -33.0602 -71.6082
369 -33.0601 -71.6082
190 -33.0599 -71.6107
97 -33.06 -71.6102
305 -33.0601 -71.6101
909 -33.0595 -71.611
415 -33.0592 -71.6105
765 -33.0592 -71.6104
143 -33.0586 -71.6103
866 -33.0596 -71.6098
626 -33.06 -71.6088
132 -33.06 -71.6088
810 -33.0598 -71.6082
2 -33.0592 -71.6088
362 -33.0589 -71.6095
856 -33.0587 -71.6093
236 -33.0588 -71.6088
657 -33.0586 -71.6101
558 -33.0584 -71.6106
141 -33.0584 -71.6104
745 -33.0582 -71.6101
815 -33.0581 -71.6105
821 -33.0581 -71.6108
391 -33.058 -71.6104
268 -33.058 -71.6099
454 -33.0582 -71.609
257 -33.0583 -71.6087
244 -33.058 -71.6083
811 -33.0579 -71.6083
554 -33.0579 -71.6082
875 -33.0579 -71.6082
299 -33.0579 -71.6082
167 -33.0598 -71.6082
653 -33.0601 -71.6081
741 -33.0601 -71.6081
832 -33.06 -71.6081
192 -33.0598 -71.6079
846 -33.059 -71.6079
528 -33.059 -71.6079
624 -33.0598 -71.6079
71 -33.0598 -71.6079
468 -33.0601 -71.6079
882 -33.0597 -71.6079
888 -33.0601 -71.6078
242 -33.0588 -71.6078
215 -33.0587 -71.6079
232 -33.0587 -71.6079
339 -33.0587 -71.6079
813 -33.0587 -71.6079
691 -33.0582 -71.6081
245 -33.0582 -71.6081
989 -33.0582 -71.6081
720 -33.0582 -71.6081
194 -33.058 -71.6081
21 -33.0581 -71.6081
308 -33.0581 -71.6081
806 -33.0582 -71.6081
675 -33.0584 -71.608
731 -33.0583 -71.608
839 -33.0586 -71.6079
397 -33.0583 -71.608
122 -33.0582 -71.608
887 -33.0579 -71.6079
929 -33.0589 -71.6078
400 -33.0625 -71.6077
833 -33.0619 -71.6069
672 -33.0622 -71.6068
662 -33.0619 -71.6068
923 -33.0609 -71.6074
977 -33.0617 -71.6073
557 -33.0614 -71.6069
808 -33.0612 -71.6068
441 -33.0634 -71.6065
331 -33.0639 -71.6065
291 -33.0637 -71.6064
90 -33.0634 -71.6064
381 -33.061 -71.6067
147 -33.0633 -71.6065
159 -33.0609 -71.6065
925 -33.0607 -71.6064
502 -33.0604 -71.6077
398 -33.0604 -71.6077
966 -33.0604 -71.6077
785 -33.0604 -71.6077
736 -33.0596 -71.6078
56 -33.0603 -71.6077
229 -33.0597 -71.6077
365 -33.06 -71.6077
836 -33.0606 -71.6077
137 -33.0607 -71.6073
300 -33.0606 -71.6068
281 -33.0602 -71.607
46 -33.0601 -71.6072
912 -33.0602 -71.6072
772 -33.0601 -71.6065
845 -33.0597 -71.6063
112 -33.0632 -71.6062
924 -33.0631 -71.6062
870 -33.0641 -71.6062
296 -33.0628 -71.6059
592 -33.062 -71.6062
78 -33.0621 -71.6054
922 -33.062 -71.6053
857 -33.062 -71.6052
769 -33.0616 -71.605
825 -33.0614 -71.6048
169 -33.0613 -71.6047
620 -33.0613 -71.6047
261 -33.0611 -71.605
622 -33.0612 -71.6049
843 -33.0612 -71.6049
491 -33.061 -71.6055
83 -33.0601 -71.6063
129 -33.0601 -71.6063
349 -33.0599 -71.6063
669 -33.0599 -71.6063
505 -33.0597 -71.6063
284 -33.0597 -71.6063
417 -33.0598 -71.6063
311 -33.06 -71.6062
158 -33.0606 -71.6055
32 -33.0607 -71.6054
293 -33.0604 -71.6046
951 -33.0603 -71.6059
411 -33.0599 -71.6062
99 -33.0603 -71.6046
294 -33.0596 -71.6078
788 -33.0596 -71.6077
199 -33.0595 -71.6077
325 -33.0596 -71.6076
556 -33.0593 -71.6076
103 -33.0591 -71.6076
287 -33.0591 -71.6076
395 -33.0592 -71.6076
997 -33.0593 -71.6076
375 -33.0594 -71.6076
321 -33.0593 -71.6071
243 -33.0595 -71.607
378 -33.0592 -71.6068
280 -33.0591 -71.6075
671 -33.0591 -71.6067
670 -33.0589 -71.6065
737 -33.0589 -71.6078
371 -33.0589 -71.6078
110 -33.0584 -71.6073
980 -33.0584 -71.6067
168 -33.0584 -71.6067
993 -33.0581 -71.6078
182 -33.0583 -71.6071
247 -33.058 -71.6067
267 -33.0582 -71.6067
126 -33.0588 -71.6066
704 -33.0588 -71.6066
8 -33.0589 -71.6065
555 -33.0587 -71.6066
578 -33.0582 -71.6067
910 -33.0585 -71.6066
230 -33.059 -71.6065
404 -33.0595 -71.6065
954 -33.0594 -71.6064
125 -33.0594 -71.6064
873 -33.0593 -71.6064
276 -33.059 -71.6065
120 -33.0591 -71.6065
544 -33.0591 -71.6065
172 -33.0595 -71.6064
16 -33.0595 -71.6064
527 -33.0592 -71.6063
256 -33.0594 -71.6055
221 -33.0591 -71.6054
513 -33.0591 -71.6063
525 -33.059 -71.6063
1 -33.0591 -71.6042
196 -33.0587 -71.6051
840 -33.0584 -71.6062
782 -33.0583 -71.6062
223 -33.0585 -71.6062
136 -33.0582 -71.6059
990 -33.058 -71.6062
564 -33.058 -71.606
477 -33.058 -71.6059
984 -33.0583 -71.6058
957 -33.0587 -71.6051
937 -33.0586 -71.6051
30 -33.0585 -71.6042
826 -33.0584 -71.6043
595 -33.0583 -71.6051
406 -33.0583 -71.6048
682 -33.0579 -71.6082
510 -33.0577 -71.6107
770 -33.0578 -71.6103
384 -33.0577 -71.6102
540 -33.0575 -71.6103
673 -33.0575 -71.6104
336 -33.0565 -71.61
372 -33.0572 -71.6099
517 -33.0567 -71.6099
433 -33.0578 -71.6097
931 -33.0578 -71.6091
874 -33.0576 -71.6088
535 -33.0575 -71.6088
744 -33.0564 -71.6096
358 -33.0564 -71.6096
975 -33.0569 -71.6095
915 -33.0564 -71.6101
74 -33.0547 -71.6104
278 -33.0549 -71.6104
920 -33.0553 -71.6104
133 -33.0546 -71.6105
337 -33.0539 -71.6105
401 -33.0543 -71.6105
345 -33.0545 -71.6105
27 -33.0549 -71.6104
65 -33.0563 -71.6095
895 -33.0562 -71.6095
388 -33.0561 -71.6095
621 -33.0561 -71.6102
894 -33.0553 -71.6097
180 -33.0555 -71.6094
995 -33.0555 -71.6094
425 -33.0537 -71.6085
96 -33.0546 -71.6085
596 -33.0546 -71.6085
947 -33.0545 -71.6085
804 -33.0544 -71.6085
518 -33.0544 -71.6085
685 -33.0544 -71.6085
86 -33.0543 -71.6085
241 -33.0546 -71.6085
312 -33.0547 -71.6084
656 -33.0548 -71.6084
58 -33.0549 -71.6083
342 -33.0547 -71.6085
719 -33.0547 -71.6085
779 -33.0547 -71.6085
329 -33.0547 -71.6085
548 -33.0542 -71.6085
522 -33.0542 -71.6085
709 -33.0541 -71.6085
665 -33.0541 -71.6085
444 -33.0541 -71.6085
828 -33.0537 -71.6085
178 -33.0537 -71.6085
207 -33.0541 -71.6085
76 -33.054 -71.6085
847 -33.0539 -71.6085
654 -33.0539 -71.6085
64 -33.0538 -71.6085
153 -33.0538 -71.6085
363 -33.0537 -71.6085
240 -33.0538 -71.6085
481 -33.0537 -71.6085
31 -33.0536 -71.6107
77 -33.0536 -71.6106
780 -33.0536 -71.6105
933 -33.0514 -71.6097
383 -33.0511 -71.61
694 -33.0511 -71.61
48 -33.0513 -71.6098
283 -33.0514 -71.6097
318 -33.0519 -71.6092
213 -33.052 -71.6091
897 -33.052 -71.609
140 -33.0519 -71.6092
440 -33.0516 -71.6095
206 -33.0517 -71.6094
853 -33.0519 -71.6093
716 -33.051 -71.61
732 -33.0501 -71.6106
643 -33.0501 -71.6106
939 -33.0501 -71.6105
484 -33.0501 -71.6107
935 -33.05 -71.6111
493 -33.05 -71.611
583 -33.0501 -71.6109
755 -33.0502 -71.6103
968 -33.0508 -71.6102
724 -33.0503 -71.6102
530 -33.0504 -71.6102
722 -33.0503 -71.6101
55 -33.0502 -71.6102
152 -33.0503 -71.6102
941 -33.052 -71.609
457 -33.0535 -71.6085
956 -33.0534 -71.6085
807 -33.0534 -71.6085
634 -33.0534 -71.6085
231 -33.0534 -71.6085
823 -33.0533 -71.6084
119 -33.0533 -71.6084
418 -33.0533 -71.6084
234 -33.0533 -71.6084
590 -33.0532 -71.6084
701 -33.0532 -71.6084
680 -33.0532 -71.6084
728 -33.053 -71.6084
0 -33.053 -71.6083
637 -33.053 -71.6083
538 -33.0528 -71.6083
631 -33.0521 -71.6086
436 -33.0521 -71.6086
84 -33.0521 -71.6085
36 -33.0521 -71.6087
799 -33.0504 -71.6088
50 -33.052 -71.6088
868 -33.0521 -71.6087
854 -33.0521 -71.6085
586 -33.0522 -71.6084
519 -33.0522 -71.6083
218 -33.0522 -71.6083
778 -33.0521 -71.6084
541 -33.0521 -71.6085
435 -33.0515 -71.6083
648 -33.0528 -71.6083
410 -33.0578 -71.6082
264 -33.0578 -71.6082
913 -33.0578 -71.6082
871 -33.0578 -71.6082
667 -33.0577 -71.6082
359 -33.0577 -71.6082
921 -33.0577 -71.6081
289 -33.0576 -71.6081
616 -33.0573 -71.6081
893 -33.0573 -71.6081
959 -33.0573 -71.608
965 -33.0572 -71.608
896 -33.0572 -71.608
650 -33.0572 -71.608
445 -33.0572 -71.608
609 -33.0571 -71.608
800 -33.0571 -71.608
490 -33.057 -71.608
28 -33.0569 -71.608
37 -33.0568 -71.608
594 -33.0568 -71.608
630 -33.0567 -71.608
39 -33.0567 -71.608
570 -33.0567 -71.608
45 -33.0566 -71.608
699 -33.0566 -71.608
514 -33.0566 -71.608
426 -33.0565 -71.608
584 -33.0565 -71.608
114 -33.0565 -71.608
131 -33.0564 -71.608
193 -33.0577 -71.6076
319 -33.0577 -71.6076
613 -33.0577 -71.6073
628 -33.0578 -71.6067
67 -33.0577 -71.6068
390 -33.0577 -71.6072
6 -33.0575 -71.6069
184 -33.0575 -71.6069
503 -33.0578 -71.6066
357 -33.0578 -71.6062
460 -33.0578 -71.6058
149 -33.0577 -71.6046
316 -33.0577 -71.6058
472 -33.0575 -71.6061
98 -33.0575 -71.6051
768 -33.0576 -71.6049
567 -33.0574 -71.6069
777 -33.0565 -71.6073
953 -33.0567 -71.6072
135 -33.0568 -71.6072
443 -33.0565 -71.6073
936 -33.0564 -71.6073
926 -33.0564 -71.6073
543 -33.0565 -71.6073
47 -33.0568 -71.6072
41 -33.0571 -71.607
492 -33.0572 -71.607
552 -33.0572 -71.6069
689 -33.057 -71.607
104 -33.057 -71.607
776 -33.0568 -71.6046
396 -33.0564 -71.6074
162 -33.0558 -71.6081
750 -33.0553 -71.608
684 -33.0563 -71.608
539 -33.0553 -71.608
164 -33.0552 -71.6081
526 -33.0552 -71.6081
439 -33.0553 -71.608
663 -33.0562 -71.608
330 -33.0562 -71.608
824 -33.0562 -71.6079
451 -33.0561 -71.6079
3 -33.056 -71.6079
817 -33.0554 -71.608
379 -33.0554 -71.6079
766 -33.0554 -71.6079
932 -33.0552 -71.6081
651 -33.055 -71.6082
428 -33.055 -71.6082
258 -33.0551 -71.6082
985 -33.055 -71.6083
462 -33.0526 -71.6082
374 -33.0525 -71.6082
515 -33.0525 -71.6082
695 -33.0551 -71.6082
302 -33.0525 -71.6082
465 -33.0551 -71.6081
317 -33.0552 -71.6081
432 -33.0524 -71.6081
960 -33.0522 -71.6082
612 -33.0523 -71.6081
814 -33.056 -71.6079
246 -33.0559 -71.6076
969 -33.056 -71.6075
459 -33.056 -71.6075
486 -33.0559 -71.6079
798 -33.0558 -71.6079
249 -33.0558 -71.6079
841 -33.0559 -71.6076
95 -33.0561 -71.6075
943 -33.0563 -71.6074
352 -33.0563 -71.6074
344 -33.0563 -71.6074
928 -33.0562 -71.6075
356 -33.0561 -71.6075
781 -33.0558 -71.6044
121 -33.056 -71.6043
702 -33.0558 -71.6076
288 -33.0558 -71.6078
524 -33.0557 -71.6078
898 -33.0557 -71.6077
338 -33.0557 -71.6078
4 -33.0555 -71.6079
865 -33.0557 -71.6078
974 -33.0557 -71.6078
971 -33.0525 -71.6069
792 -33.055 -71.605
729 -33.055 -71.605
507 -33.0554 -71.6048
533 -33.0548 -71.6045
248 -33.0525 -71.6069
899 -33.053 -71.6065
