940 -33.0552 -71.6216
176 -33.0552 -71.6215
550 -33.0551 -71.6214
66 -33.0551 -71.6213
313 -33.055 -71.6218
142 -33.0551 -71.6212
85 -33.0551 -71.6212
497 -33.0551 -71.6211
647 -33.0551 -71.6211
115 -33.0551 -71.621
796 -33.0551 -71.621
5 -33.0551 -71.621
890 -33.0551 -71.621
226 -33.0551 -71.621
703 -33.0551 -71.6209
38 -33.055 -71.6208
217 -33.0549 -71.622
479 -33.0549 -71.622
53 -33.055 -71.6219
697 -33.0549 -71.622
979 -33.0545 -71.6227
883 -33.0546 -71.6224
109 -33.0547 -71.6222
961 -33.055 -71.6218
315 -33.055 -71.6208
500 -33.055 -71.6207
327 -33.0549 -71.6207
678 -33.0548 -71.6205
260 -33.0548 -71.6204
487 -33.0546 -71.6203
266 -33.0545 -71.6202
253 -33.0545 -71.6202
189 -33.0567 -71.6182
367 -33.0566 -71.6182
475 -33.0581 -71.6175
978 -33.0563 -71.6181
408 -33.0555 -71.6172
537 -33.0556 -71.6171
407 -33.0556 -71.6169
582 -33.0557 -71.6165
668 -33.0562 -71.616
57 -33.0562 -71.6159
686 -33.056 -71.6159
413 -33.056 -71.6162
963 -33.0557 -71.6165
765 -33.0559 -71.6163
18 -33.0558 -71.6159
370 -33.0555 -71.6172
42 -33.0549 -71.6184
301 -33.0549 -71.6184
549 -33.0555 -71.6179
542 -33.0548 -71.6184
930 -33.0545 -71.6201
69 -33.0547 -71.6184
361 -33.0548 -71.6184
134 -33.0551 -71.6179
255 -33.0554 -71.6174
822 -33.0555 -71.6159
450 -33.0554 -71.6159
376 -33.0553 -71.6178
816 -33.0551 -71.6179
881 -33.0552 -71.6178
754 -33.0544 -71.6184
409 -33.0543 -71.6244
710 -33.0543 -71.6238
598 -33.0543 -71.6232
92 -33.0543 -71.6237
629 -33.0537 -71.6245
987 -33.0543 -71.6237
25 -33.0543 -71.6235
589 -33.0543 -71.6231
786 -33.0544 -71.6229
829 -33.0544 -71.6228
177 -33.0544 -71.6201
880 -33.054 -71.6198
179 -33.0536 -71.6196
210 -33.0535 -71.619
377 -33.0535 -71.6189
761 -33.0535 -71.6186
849 -33.0534 -71.6246
713 -33.0534 -71.6188
973 -33.0534 -71.6188
775 -33.0534 -71.6188
767 -33.0533 -71.6188
891 -33.0533 -71.6188
466 -33.0531 -71.6188
547 -33.0531 -71.6188
198 -33.0534 -71.6187
838 -33.0535 -71.6187
844 -33.0535 -71.6186
495 -33.0527 -71.6187
166 -33.0527 -71.6187
323 -33.0526 -71.6187
687 -33.0523 -71.6186
448 -33.0523 -71.6186
456 -33.0538 -71.6184
919 -33.0539 -71.6184
809 -33.0541 -71.6184
803 -33.0537 -71.6184
434 -33.0535 -71.6186
341 -33.0536 -71.6185
355 -33.0537 -71.6184
760 -33.0541 -71.6184
455 -33.0543 -71.6184
373 -33.0543 -71.6184
698 -33.0544 -71.6184
587 -33.0542 -71.6184
216 -33.0542 -71.6184
271 -33.054 -71.6167
290 -33.0533 -71.6163
730 -33.0527 -71.6159
831 -33.0522 -71.6185
431 -33.0522 -71.6185
340 -33.0521 -71.6185
116 -33.0521 -71.6185
399 -33.0521 -71.6185
262 -33.0521 -71.6185
163 -33.0512 -71.6184
852 -33.0512 -71.6184
632 -33.0515 -71.6184
727 -33.0515 -71.6184
614 -33.0515 -71.6184
250 -33.0514 -71.6184
17 -33.0513 -71.6184
393 -33.0513 -71.6183
389 -33.0552 -71.6158
531 -33.0564 -71.615
560 -33.0564 -71.615
483 -33.0564 -71.615
501 -33.0564 -71.615
124 -33.0563 -71.6151
994 -33.0563 -71.6151
774 -33.0563 -71.6151
842 -33.0565 -71.6149
118 -33.0577 -71.6149
976 -33.0576 -71.6149
945 -33.0576 -71.6149
482 -33.0575 -71.6149
561 -33.0567 -71.6148
297 -33.0568 -71.6147
991 -33.0573 -71.6147
646 -33.0561 -71.6157
127 -33.0557 -71.6156
286 -33.0561 -71.6156
818 -33.0561 -71.6156
743 -33.0551 -71.6158
476 -33.055 -71.6158
251 -33.055 -71.6158
955 -33.0548 -71.6158
879 -33.056 -71.6156
60 -33.056 -71.6155
869 -33.056 -71.6154
464 -33.056 -71.6153
640 -33.056 -71.6153
20 -33.0559 -71.6154
950 -33.0559 -71.6153
608 -33.0559 -71.6153
948 -33.0573 -71.6147
872 -33.0574 -71.6145
19 -33.0576 -71.6129
790 -33.0574 -71.6128
326 -33.0573 -71.6128
420 -33.0571 -71.6127
414 -33.0571 -71.6127
521 -33.057 -71.6127
576 -33.057 -71.6127
43 -33.057 -71.6126
354 -33.0569 -71.6126
747 -33.0569 -71.6126
917 -33.0565 -71.6125
579 -33.0565 -71.6125
368 -33.0564 -71.6124
523 -33.0561 -71.6123
298 -33.0558 -71.6123
619 -33.0556 -71.6131
467 -33.0558 -71.6131
305 -33.0553 -71.6124
154 -33.0552 -71.6131
962 -33.0549 -71.613
591 -33.0549 -71.6129
563 -33.055 -71.6124
51 -33.0549 -71.6124
967 -33.0555 -71.6124
237 -33.0555 -71.6124
238 -33.0556 -71.6123
209 -33.0549 -71.6124
642 -33.0549 -71.6124
366 -33.0548 -71.6124
627 -33.0548 -71.6124
726 -33.0547 -71.6157
279 -33.0547 -71.6157
123 -33.0546 -71.6157
602 -33.0545 -71.6157
107 -33.0545 -71.6157
520 -33.0545 -71.6157
693 -33.0544 -71.6157
269 -33.0543 -71.6157
146 -33.0541 -71.6156
442 -33.054 -71.6156
580 -33.054 -71.6156
150 -33.0536 -71.6156
641 -33.0535 -71.6155
819 -33.0532 -71.6155
488 -33.0532 -71.6155
546 -33.0526 -71.6158
992 -33.0521 -71.6157
812 -33.0521 -71.6156
892 -33.052 -71.6156
721 -33.0519 -71.6156
864 -33.0519 -71.6156
908 -33.0519 -71.6156
545 -33.0519 -71.6156
292 -33.0523 -71.6156
254 -33.0524 -71.6156
787 -33.0518 -71.6156
117 -33.0523 -71.6156
946 -33.0517 -71.6156
860 -33.0512 -71.6156
565 -33.0512 -71.6156
762 -33.0546 -71.6149
958 -33.0548 -71.6124
751 -33.0548 -71.6124
307 -33.0548 -71.6124
636 -33.0547 -71.6128
175 -33.0544 -71.6125
52 -33.0547 -71.6124
402 -33.0546 -71.6124
452 -33.0545 -71.6123
733 -33.0544 -71.6123
173 -33.0543 -71.6123
679 -33.0543 -71.6122
35 -33.0543 -71.6122
61 -33.0542 -71.6123
927 -33.0542 -71.6122
773 -33.0543 -71.6122
12 -33.0542 -71.6123
105 -33.054 -71.6145
405 -33.054 -71.6145
907 -33.054 -71.6145
446 -33.0535 -71.6142
403 -33.0533 -71.6141
423 -33.0533 -71.6141
145 -33.053 -71.6139
171 -33.0526 -71.6136
480 -33.0541 -71.6123
571 -33.054 -71.6122
214 -33.0539 -71.6122
611 -33.0524 -71.6135
711 -33.0524 -71.6135
585 -33.0514 -71.6131
835 -33.0512 -71.6131
144 -33.0511 -71.6186
111 -33.0512 -71.6186
597 -33.051 -71.6186
101 -33.0505 -71.6217
633 -33.05 -71.6203
447 -33.0498 -71.6202
34 -33.0496 -71.6199
412 -33.0508 -71.6185
128 -33.0511 -71.6182
504 -33.0511 -71.6182
830 -33.0511 -71.6182
859 -33.0504 -71.6184
999 -33.0503 -71.6183
364 -33.05 -71.6178
904 -33.05 -71.6178
935 -33.0496 -71.6198
493 -33.0495 -71.6197
130 -33.0495 -71.6177
165 -33.0495 -71.6177
732 -33.0494 -71.6193
716 -33.049 -71.618
694 -33.049 -71.618
799 -33.0488 -71.6178
983 -33.0492 -71.6176
10 -33.0492 -71.6176
949 -33.0491 -71.6176
573 -33.0488 -71.6172
889 -33.0488 -71.6173
333 -33.0488 -71.6175
170 -33.0488 -71.6175
440 -33.0488 -71.6174
206 -33.0488 -71.6172
191 -33.0494 -71.6164
13 -33.0495 -71.6163
572 -33.0495 -71.6162
273 -33.0494 -71.6164
692 -33.0492 -71.6165
652 -33.0494 -71.6165
174 -33.0494 -71.6164
834 -33.0491 -71.6162
688 -33.0496 -71.616
574 -33.0496 -71.616
106 -33.0497 -71.6159
850 -33.0496 -71.616
854 -33.0491 -71.6161
884 -33.0496 -71.6161
586 -33.0491 -71.616
900 -33.0491 -71.6165
263 -33.049 -71.6168
213 -33.049 -71.6167
897 -33.049 -71.6167
453 -33.049 -71.6168
416 -33.0489 -71.6172
239 -33.049 -71.6169
318 -33.049 -71.6168
529 -33.049 -71.6166
868 -33.0491 -71.6164
660 -33.0491 -71.6164
631 -33.0491 -71.6162
394 -33.0491 -71.6164
712 -33.0491 -71.6165
36 -33.0491 -71.6164
283 -33.0487 -71.6175
764 -33.0478 -71.6197
509 -33.0478 -71.6197
583 -33.0478 -71.6197
485 -33.0477 -71.6199
718 -33.0476 -71.6203
360 -33.0476 -71.6202
80 -33.0477 -71.6199
911 -33.0479 -71.6195
939 -33.048 -71.6194
755 -33.0481 -71.6192
55 -33.0481 -71.6192
644 -33.048 -71.6194
427 -33.0479 -71.6195
484 -33.0479 -71.6195
9 -33.048 -71.6194
516 -33.0475 -71.6205
277 -33.0474 -71.6208
322 -33.0474 -71.6208
802 -33.0474 -71.6208
139 -33.0473 -71.621
205 -33.0473 -71.621
820 -33.0473 -71.621
938 -33.0473 -71.621
735 -33.0474 -71.6208
696 -33.0474 -71.6206
222 -33.0475 -71.6206
988 -33.0472 -71.6202
982 -33.0469 -71.6194
220 -33.0468 -71.6197
784 -33.0468 -71.6197
152 -33.0483 -71.6189
635 -33.0484 -71.6186
708 -33.0484 -71.6185
157 -33.0486 -71.6181
511 -33.0484 -71.6187
530 -33.0483 -71.6189
722 -33.0483 -71.6189
610 -33.0483 -71.6189
794 -33.0486 -71.618
155 -33.0487 -71.6177
901 -33.0487 -71.6177
113 -33.0487 -71.6176
639 -33.0487 -71.6177
763 -33.0486 -71.618
383 -33.0486 -71.6179
605 -33.0487 -71.6178
853 -33.048 -71.6157
968 -33.0475 -71.6175
793 -33.0476 -71.6173
972 -33.0476 -71.6173
724 -33.0474 -71.6179
88 -33.047 -71.6189
643 -33.0472 -71.6185
827 -33.0473 -71.6182
553 -33.0478 -71.6166
81 -33.0478 -71.6164
604 -33.0479 -71.6163
140 -33.048 -71.6158
348 -33.0478 -71.6164
933 -33.0478 -71.6166
48 -33.0478 -71.6166
496 -33.05 -71.6157
320 -33.0511 -71.6156
795 -33.0509 -71.6156
93 -33.0508 -71.6155
148 -33.0507 -71.6155
75 -33.05 -71.6157
783 -33.0505 -71.6156
430 -33.0506 -71.6155
756 -33.0505 -71.6155
201 -33.051 -71.6131
942 -33.051 -71.6131
739 -33.0509 -71.6131
392 -33.0509 -71.6131
385 -33.0505 -71.6155
336 -33.0509 -71.6131
100 -33.0509 -71.6131
195 -33.0499 -71.6157
304 -33.0498 -71.6157
278 -33.0496 -71.6135
76 -33.0496 -71.6135
27 -33.0496 -71.6136
64 -33.0495 -71.6138
654 -33.0496 -71.6136
74 -33.0496 -71.6136
207 -33.0496 -71.6135
86 -33.0496 -71.6132
518 -33.0497 -71.6132
804 -33.0497 -71.6132
665 -33.0496 -71.6134
548 -33.0496 -71.6135
709 -33.0496 -71.6135
522 -33.0496 -71.6134
902 -33.0508 -71.6131
744 -33.0511 -71.613
517 -33.0511 -71.6129
655 -33.0511 -71.6128
915 -33.0507 -71.6131
621 -33.0504 -71.613
749 -33.0504 -71.613
996 -33.0504 -71.613
599 -33.0511 -71.6127
87 -33.0511 -71.6123
661 -33.0511 -71.6123
801 -33.0511 -71.6122
725 -33.0511 -71.6124
265 -33.0511 -71.6125
877 -33.0511 -71.6124
372 -33.0511 -71.6124
180 -33.0502 -71.613
805 -33.0502 -71.613
659 -33.0501 -71.613
186 -33.0501 -71.613
588 -33.05 -71.613
894 -33.0499 -71.6129
638 -33.0499 -71.6129
666 -33.0498 -71.6129
24 -33.0497 -71.6129
656 -33.0498 -71.6126
258 -33.0498 -71.6124
428 -33.0498 -71.6123
329 -33.0497 -71.6128
964 -33.0497 -71.6129
920 -33.0497 -71.6129
240 -33.0495 -71.6139
374 -33.0493 -71.6154
77 -33.0493 -71.6152
780 -33.0493 -71.615
462 -33.0493 -71.6154
612 -33.0492 -71.6157
302 -33.0492 -71.6155
432 -33.0492 -71.6155
637 -33.0493 -71.6149
234 -33.0494 -71.6146
956 -33.0495 -71.6143
457 -33.0495 -71.6143
680 -33.0494 -71.6146
0 -33.0494 -71.6148
337 -33.0494 -71.6147
701 -33.0494 -71.6146
851 -33.0484 -71.6143
314 -33.0482 -71.6152
855 -33.0482 -71.6152
84 -33.0482 -71.6152
50 -33.0481 -71.6154
941 -33.0481 -71.6156
862 -33.0481 -71.6156
435 -33.0481 -71.6154
778 -33.0482 -71.6151
218 -33.0483 -71.6149
960 -33.0483 -71.6147
515 -33.0484 -71.6143
519 -33.0482 -71.6149
541 -33.0482 -71.6151
436 -33.0482 -71.615
401 -33.0495 -71.6141
828 -33.0495 -71.614
425 -33.0495 -71.614
363 -33.0495 -71.6139
481 -33.0495 -71.6141
231 -33.0486 -71.6133
807 -33.0487 -71.6132
178 -33.0487 -71.6129
494 -33.0493 -71.6129
683 -33.0489 -71.6129
133 -33.0489 -71.6129
345 -33.0489 -71.6129
444 -33.0488 -71.6125
153 -33.0488 -71.6128
847 -33.0488 -71.6126
899 -33.0488 -71.6126
119 -33.0486 -71.6134
44 -33.0485 -71.6136
248 -33.0486 -71.6135
590 -33.0486 -71.6134
728 -33.0485 -71.6137
31 -33.0484 -71.6141
648 -33.0485 -71.614
538 -33.0485 -71.6139
758 -33.0486 -71.6134
971 -33.0486 -71.6134
418 -33.0486 -71.6134
823 -33.0486 -71.6134
353 -33.0481 -71.6128
54 -33.0478 -71.6128
634 -33.0479 -71.6122
274 -33.0544 -71.6122
424 -33.0544 -71.6121
569 -33.0545 -71.6105
463 -33.0556 -71.6105
676 -33.0544 -71.6121
303 -33.0544 -71.612
512 -33.0543 -71.6119
7 -33.0542 -71.6118
874 -33.0547 -71.6104
970 -33.0575 -71.6101
132 -33.0563 -71.6095
748 -33.0559 -71.6095
259 -33.0557 -71.6104
866 -33.0547 -71.6104
72 -33.0557 -71.6104
384 -33.0552 -71.6104
674 -33.0542 -71.6117
848 -33.0542 -71.6117
797 -33.0542 -71.6117
506 -33.0541 -71.6115
14 -33.0538 -71.6122
351 -33.0538 -71.6122
29 -33.0537 -71.6122
15 -33.0537 -71.6122
40 -33.0541 -71.6115
49 -33.0538 -71.6112
910 -33.0538 -71.6111
26 -33.0542 -71.6105
578 -33.0537 -71.6113
97 -33.0537 -71.6113
242 -33.0537 -71.6108
190 -33.0537 -71.6105
886 -33.0558 -71.6091
606 -33.0559 -71.6091
876 -33.056 -71.609
378 -33.0545 -71.6085
458 -33.0545 -71.6085
715 -33.0545 -71.6085
753 -33.0545 -71.6085
825 -33.0545 -71.6085
664 -33.0544 -71.6085
769 -33.0546 -71.6085
878 -33.0547 -71.6085
662 -33.0547 -71.6085
489 -33.0546 -71.6085
470 -33.0544 -71.6085
984 -33.0544 -71.6085
954 -33.0546 -71.6085
156 -33.0544 -71.6085
540 -33.0544 -71.6085
73 -33.0543 -71.6085
62 -33.0543 -71.6085
350 -33.0543 -71.6085
503 -33.0542 -71.6085
843 -33.0542 -71.6085
261 -33.0542 -71.6085
622 -33.0541 -71.6085
557 -33.0541 -71.6085
381 -33.054 -71.6085
532 -33.054 -71.6085
110 -33.054 -71.6085
94 -33.0539 -71.6085
746 -33.0539 -71.6085
2 -33.0536 -71.6107
295 -33.0536 -71.6122
212 -33.0536 -71.6111
603 -33.0535 -71.6111
601 -33.0535 -71.611
909 -33.0534 -71.6122
197 -33.0534 -71.6122
299 -33.0534 -71.6114
224 -33.0534 -71.611
645 -33.0533 -71.611
737 -33.0536 -71.6107
187 -33.0536 -71.6106
89 -33.0533 -71.611
551 -33.0533 -71.6109
681 -33.0532 -71.6109
575 -33.0532 -71.6109
916 -33.0532 -71.6121
252 -33.053 -71.6121
577 -33.053 -71.6121
789 -33.053 -71.6121
387 -33.0529 -71.6121
23 -33.0529 -71.6121
272 -33.0527 -71.6121
310 -33.0525 -71.6121
415 -33.0528 -71.6116
268 -33.0529 -71.6116
22 -33.0532 -71.6109
228 -33.0529 -71.6108
600 -33.0529 -71.6107
745 -33.0529 -71.6116
885 -33.0528 -71.6106
276 -33.0535 -71.6105
120 -33.0535 -71.6104
390 -33.0535 -71.6104
32 -33.0536 -71.6085
556 -33.0535 -71.6104
782 -33.0534 -71.6104
675 -33.0534 -71.6103
811 -33.0534 -71.6103
923 -33.0536 -71.6085
706 -33.0535 -71.6085
626 -33.0535 -71.6085
840 -33.0535 -71.6085
183 -33.0535 -71.6085
952 -33.0534 -71.6085
158 -33.0534 -71.6085
316 -33.0534 -71.6085
690 -33.0533 -71.6084
204 -33.0528 -71.6105
343 -33.0528 -71.6105
211 -33.0528 -71.6105
863 -33.0527 -71.6104
861 -33.0527 -71.6104
324 -33.0526 -71.6103
593 -33.0526 -71.6103
734 -33.0526 -71.6102
505 -33.0533 -71.6098
137 -33.0533 -71.6084
846 -33.0533 -71.6084
192 -33.0532 -71.6098
821 -33.0525 -71.6102
421 -33.0525 -71.6101
723 -33.0547 -71.6084
474 -33.0578 -71.6082
300 -33.0581 -71.6081
528 -33.0582 -71.608
808 -33.0577 -71.6081
677 -33.0577 -71.6081
281 -33.0574 -71.6081
419 -33.0571 -71.608
63 -33.0571 -71.608
925 -33.0571 -71.608
159 -33.057 -71.608
280 -33.0571 -71.608
903 -33.0567 -71.608
672 -33.0566 -71.608
581 -33.0565 -71.608
977 -33.0564 -71.608
362 -33.0563 -71.608
558 -33.0559 -71.6083
510 -33.0558 -71.6081
454 -33.0563 -71.608
873 -33.0554 -71.608
438 -33.0552 -71.6081
83 -33.0553 -71.608
225 -33.0553 -71.608
332 -33.0562 -71.608
499 -33.0561 -71.6079
79 -33.0561 -71.6079
934 -33.0561 -71.6079
469 -33.056 -71.6079
477 -33.0554 -71.6079
11 -33.056 -71.6079
705 -33.0555 -71.6079
461 -33.0558 -71.6079
525 -33.0566 -71.6072
112 -33.0569 -71.6071
491 -33.0571 -71.607
311 -33.0563 -71.6074
513 -33.0558 -71.6076
296 -33.0559 -71.6076
129 -33.0559 -71.6076
331 -33.0572 -71.6069
291 -33.0576 -71.6068
147 -33.0573 -71.6047
441 -33.0582 -71.6043
870 -33.0572 -71.6047
768 -33.0569 -71.6046
90 -33.0564 -71.6045
924 -33.056 -71.6043
400 -33.0558 -71.6079
335 -33.0558 -71.6078
929 -33.0557 -71.6078
473 -33.0555 -71.6078
613 -33.0555 -71.6078
912 -33.0555 -71.6078
285 -33.0555 -71.6078
535 -33.0555 -71.6078
657 -33.0557 -71.6078
700 -33.0557 -71.6078
527 -33.0558 -71.6076
221 -33.0557 -71.6043
411 -33.0556 -71.6077
223 -33.0556 -71.6078
196 -33.0554 -71.6048
858 -33.0552 -71.6081
980 -33.0548 -71.6084
772 -33.0548 -71.6084
918 -33.0548 -71.6084
328 -33.0533 -71.6084
468 -33.0532 -71.6084
126 -33.0532 -71.6084
836 -33.0532 -71.6084
219 -33.0548 -71.6084
478 -33.0549 -71.6083
555 -33.0549 -71.6083
138 -33.0549 -71.6083
592 -33.0549 -71.6083
714 -33.0531 -71.6084
810 -33.0548 -71.6084
944 -33.0549 -71.6083
167 -33.0531 -71.6084
136 -33.0531 -71.6084
951 -33.053 -71.6083
471 -33.053 -71.6083
502 -33.053 -71.6083
981 -33.053 -71.6083
757 -33.0529 -71.6083
785 -33.0529 -71.6083
398 -33.0529 -71.6083
671 -33.0529 -71.6083
966 -33.0529 -71.6083
752 -33.0529 -71.6083
460 -33.0528 -71.6083
704 -33.0528 -71.6083
56 -33.0528 -71.6083
369 -33.0528 -71.6083
857 -33.055 -71.6082
282 -33.055 -71.6082
740 -33.0551 -71.6081
46 -33.055 -71.6082
472 -33.055 -71.6083
833 -33.055 -71.6082
422 -33.055 -71.6082
922 -33.0552 -71.6081
168 -33.0552 -71.6081
888 -33.0552 -71.6081
78 -33.0548 -71.6045
98 -33.0545 -71.6061
937 -33.0539 -71.606
169 -33.0538 -71.6048
620 -33.0539 -71.6048
256 -33.0533 -71.6064
653 -33.0527 -71.6083
741 -33.0527 -71.6082
990 -33.0527 -71.6082
236 -33.0526 -71.6082
182 -33.0526 -71.6082
815 -33.0526 -71.6082
404 -33.0526 -71.6082
832 -33.0526 -71.6082
595 -33.0532 -71.6065
99 -33.0529 -71.6047
293 -33.0531 -71.6047
856 -33.0526 -71.6082
365 -33.0525 -71.6082
624 -33.0525 -71.6081
669 -33.0525 -71.6082
160 -33.0525 -71.6121
649 -33.0524 -71.6121
998 -33.0524 -71.6121
347 -33.0523 -71.612
386 -33.0522 -71.612
986 -33.0521 -71.612
742 -33.0521 -71.612
309 -33.0519 -71.612
936 -33.0519 -71.6118
141 -33.0521 -71.6118
143 -33.0524 -71.6117
943 -33.0519 -71.6118
151 -33.0518 -71.612
905 -33.0517 -71.612
931 -33.0518 -71.6118
759 -33.0517 -71.612
102 -33.0516 -71.612
108 -33.0516 -71.612
200 -33.0515 -71.612
208 -33.0515 -71.612
837 -33.0512 -71.612
202 -33.0514 -71.612
615 -33.0513 -71.6119
334 -33.0512 -71.6119
391 -33.0516 -71.6118
356 -33.0516 -71.6118
433 -33.0517 -71.6118
70 -33.0512 -71.6119
275 -33.0506 -71.6113
449 -33.0505 -71.6113
616 -33.0508 -71.6102
41 -33.0507 -71.6102
871 -33.0511 -71.61
227 -33.0524 -71.61
771 -33.0524 -71.6099
359 -33.0511 -71.61
184 -33.051 -71.6101
921 -33.051 -71.6101
667 -33.0511 -71.61
607 -33.0524 -71.6099
682 -33.0512 -71.6099
554 -33.0513 -71.6098
498 -33.0523 -71.6098
67 -33.0512 -71.6099
410 -33.0512 -71.6099
264 -33.0512 -71.6099
875 -33.0512 -71.6099
567 -33.051 -71.6101
552 -33.0507 -71.6102
893 -33.0507 -71.6102
959 -33.0507 -71.6102
965 -33.0506 -71.6102
445 -33.0505 -71.6102
689 -33.0505 -71.6102
609 -33.0504 -71.6102
104 -33.0505 -71.6102
490 -33.0504 -71.6102
6 -33.0509 -71.6102
289 -33.051 -71.6101
995 -33.0504 -71.6101
953 -33.0502 -71.6101
507 -33.0502 -71.6101
37 -33.0502 -71.6101
379 -33.0499 -71.6118
524 -33.05 -71.6115
898 -33.0499 -71.6113
750 -33.0499 -71.6119
539 -33.0499 -71.6121
164 -33.0499 -71.612
974 -33.0499 -71.6113
338 -33.0499 -71.6113
246 -33.05 -71.6111
841 -33.05 -71.6111
969 -33.05 -71.6111
817 -33.0495 -71.6112
766 -33.0495 -71.6112
33 -33.0495 -71.6112
439 -33.0493 -71.6112
526 -33.0493 -71.6112
719 -33.049 -71.6118
342 -33.049 -71.6117
58 -33.0491 -71.6115
779 -33.049 -71.6118
685 -33.0489 -71.6122
947 -33.049 -71.6119
596 -33.049 -71.6119
651 -33.0491 -71.6114
465 -33.0492 -71.6112
932 -33.0492 -71.6112
317 -33.0492 -71.6112
312 -33.0487 -71.6112
241 -33.0486 -71.6112
96 -33.0486 -71.6112
95 -33.0501 -71.6108
114 -33.0501 -71.6105
584 -33.0501 -71.6105
699 -33.0501 -71.6104
396 -33.0501 -71.6105
352 -33.0501 -71.6106
926 -33.0501 -71.6106
543 -33.0501 -71.6106
426 -33.0502 -71.6104
570 -33.0502 -71.6103
594 -33.0502 -71.6102
135 -33.0502 -71.6102
45 -33.0502 -71.6103
443 -33.0502 -71.6104
630 -33.0502 -71.6104
777 -33.0502 -71.6103
131 -33.0501 -71.6107
330 -33.0501 -71.6108
684 -33.0501 -71.6108
792 -33.0501 -71.6107
451 -33.0501 -71.6108
702 -33.0494 -71.6099
486 -33.0494 -71.6099
249 -33.0493 -71.6099
798 -33.0493 -71.6099
288 -33.0492 -71.6099
865 -33.0492 -71.6099
814 -33.0495 -71.6099
4 -33.0491 -71.6099
695 -33.0485 -71.6098
985 -33.0484 -71.6098
729 -33.0495 -71.6098
68 -33.0523 -71.6098
235 -33.0523 -71.6097
233 -33.0522 -71.6096
437 -33.0522 -71.6095
738 -33.0522 -71.6095
82 -33.0521 -71.6095
306 -33.0521 -71.6095
997 -33.0521 -71.6085
199 -33.0522 -71.6082
382 -33.0522 -71.6082
294 -33.0522 -71.6082
319 -33.0522 -71.6082
357 -33.0522 -71.6084
229 -33.0522 -71.6083
321 -33.0522 -71.6083
375 -33.0521 -71.6086
185 -33.052 -71.6093
707 -33.052 -71.6092
371 -33.052 -71.6091
257 -33.0519 -71.6092
731 -33.0516 -71.6095
813 -33.0518 -71.6093
562 -33.0516 -71.609
91 -33.0516 -71.6089
670 -33.052 -71.6089
181 -33.0521 -71.6088
230 -33.0521 -71.6088
8 -33.0516 -71.6082
625 -33.0516 -71.6089
534 -33.0516 -71.6089
658 -33.0516 -71.6089
417 -33.0524 -71.6081
349 -33.0524 -71.6081
770 -33.0524 -71.6081
673 -33.0524 -71.6081
125 -33.0524 -71.6081
16 -33.0522 -71.6081
736 -33.0522 -71.6081
172 -33.0522 -71.6081
284 -33.0523 -71.6081
882 -33.0523 -71.6081
243 -33.0523 -71.6081
325 -33.0523 -71.6081
71 -33.0523 -71.6081
845 -33.0522 -71.6081
788 -33.0522 -71.6079
406 -33.0522 -71.6077
244 -33.0521 -71.6072
103 -33.052 -71.6076
287 -33.052 -71.6076
993 -33.052 -71.6076
564 -33.0519 -71.6065
395 -33.0518 -71.6081
544 -33.0519 -71.6081
975 -33.0517 -71.6076
358 -33.0518 -71.6065
65 -33.0518 -71.6064
122 -33.0518 -71.6063
957 -33.0519 -71.6048
1 -33.0517 -71.6049
388 -33.0517 -71.6061
628 -33.0516 -71.606
232 -33.0515 -71.6075
720 -33.0514 -71.6097
245 -33.0515 -71.6096
267 -33.0515 -71.6096
691 -33.0514 -71.6097
887 -33.0514 -71.6097
806 -33.0514 -71.6097
247 -33.0514 -71.6097
397 -33.0515 -71.6096
203 -33.0514 -71.6087
623 -33.0513 -71.6087
867 -33.0513 -71.6087
791 -33.051 -71.6086
566 -33.0508 -71.6085
193 -33.0508 -71.6085
776 -33.0508 -71.6085
536 -33.0508 -71.6085
663 -33.0496 -71.6095
344 -33.0496 -71.6093
650 -33.0502 -71.6092
928 -33.0496 -71.6095
3 -33.0495 -71.6097
459 -33.0495 -71.6097
824 -33.0495 -71.6096
121 -33.0503 -71.6092
781 -33.0501 -71.6091
429 -33.0507 -71.6085
270 -33.0507 -71.6085
28 -33.05 -71.6091
47 -33.0499 -71.6091
39 -33.0497 -71.6091
161 -33.0506 -71.6085
215 -33.0513 -71.6084
339 -33.0515 -71.6075
839 -33.0513 -71.6075
895 -33.051 -71.6074
989 -33.051 -71.6074
308 -33.0509 -71.6074
21 -33.0508 -71.6074
194 -33.0508 -71.6074
913 -33.0514 -71.6059
30 -33.0512 -71.6052
826 -33.0512 -71.6052
492 -33.0511 -71.6058
149 -33.051 -71.606
896 -33.051 -71.6058
800 -33.0509 -71.6058
906 -33.0505 -71.6085
508 -33.0504 -71.6085
914 -33.0504 -71.6085
617 -33.0503 -71.6085
717 -33.05 -71.6084
188 -33.0496 -71.6084
59 -33.0496 -71.6084
380 -33.0496 -71.6084
568 -33.0496 -71.6084
618 -33.0493 -71.6083
346 -33.0491 -71.6083
514 -33.0504 -71.6056
559 -33.0487 -71.6083
162 -33.0484 -71.6082
533 -33.048 -71.6039
