145 -33.0627 -71.6157
179 -33.0628 -71.6156
290 -33.0635 -71.6153
495 -33.0625 -71.6153
908 -33.062 -71.6158
171 -33.0623 -71.6158
448 -33.0624 -71.6158
271 -33.0643 -71.6153
619 -33.0643 -71.6153
754 -33.0641 -71.6152
403 -33.0622 -71.6151
166 -33.0621 -71.6151
838 -33.062 -71.6152
907 -33.0621 -71.6151
760 -33.0621 -71.6151
930 -33.0619 -71.6158
393 -33.0614 -71.6159
506 -33.0615 -71.6158
946 -33.0618 -71.6158
327 -33.0613 -71.6159
585 -33.0609 -71.6161
597 -33.061 -71.616
128 -33.0612 -71.616
487 -33.0616 -71.6158
727 -33.0616 -71.6158
614 -33.0611 -71.6155
423 -33.061 -71.6154
803 -33.061 -71.6154
154 -33.0607 -71.6155
446 -33.0608 -71.6155
456 -33.0609 -71.6154
466 -33.063 -71.6151
455 -33.0633 -71.6149
286 -33.0627 -71.6136
582 -33.0627 -71.6136
14 -33.0627 -71.6136
978 -33.0627 -71.6151
301 -33.0626 -71.615
475 -33.0626 -71.615
958 -33.0627 -71.6136
531 -33.0639 -71.6133
238 -33.0639 -71.6133
118 -33.0639 -71.6133
52 -33.0629 -71.6132
917 -33.0623 -71.6135
255 -33.0627 -71.6131
160 -33.0626 -71.6129
51 -33.0623 -71.6135
501 -33.0622 -71.6135
351 -33.0622 -71.6134
819 -33.061 -71.6134
127 -33.0608 -71.6136
424 -33.0607 -71.6139
483 -33.0607 -71.6139
600 -33.0607 -71.6139
994 -33.061 -71.6134
274 -33.061 -71.6134
762 -33.061 -71.6134
579 -33.0621 -71.6131
198 -33.061 -71.6134
809 -33.061 -71.6134
189 -33.061 -71.6134
686 -33.0607 -71.614
611 -33.0604 -71.6156
262 -33.0602 -71.6143
431 -33.0603 -71.6143
100 -33.0602 -71.6157
904 -33.0601 -71.6164
546 -33.0601 -71.6144
279 -33.0602 -71.6143
711 -33.0603 -71.6143
61 -33.0606 -71.6141
467 -33.0606 -71.6141
123 -33.0606 -71.6141
767 -33.0605 -71.6142
945 -33.0603 -71.6143
49 -33.0603 -71.6142
7 -33.0604 -71.6142
117 -33.0601 -71.6144
109 -33.0597 -71.6166
593 -33.0597 -71.6166
698 -33.0597 -71.6147
130 -33.0596 -71.6166
749 -33.0595 -71.6149
962 -33.0596 -71.6148
773 -33.0596 -71.6148
549 -33.0597 -71.6146
739 -33.06 -71.6145
228 -33.06 -71.6144
367 -33.06 -71.6144
148 -33.06 -71.6145
726 -33.0597 -71.6145
204 -33.0598 -71.6145
89 -33.06 -71.6144
405 -33.0595 -71.614
580 -33.0601 -71.6134
751 -33.0601 -71.6134
615 -33.0602 -71.6134
795 -33.06 -71.6133
354 -33.0598 -71.6137
177 -33.0599 -71.6135
93 -33.06 -71.6134
340 -33.0601 -71.6133
880 -33.0603 -71.613
134 -33.0604 -71.613
150 -33.0605 -71.6129
565 -33.0603 -71.613
116 -33.0601 -71.6133
320 -33.0602 -71.6131
860 -33.0602 -71.6131
295 -33.0598 -71.6128
632 -33.0597 -71.6139
385 -33.0597 -71.6139
967 -33.0598 -71.6138
355 -33.0597 -71.6139
678 -33.0595 -71.614
185 -33.0596 -71.614
250 -33.0595 -71.614
927 -33.0598 -71.6137
756 -33.0598 -71.6136
430 -33.0598 -71.6136
566 -33.0598 -71.6128
783 -33.0597 -71.6137
906 -33.0595 -71.6128
33 -33.0596 -71.6128
70 -33.0599 -71.6128
57 -33.0633 -71.6126
22 -33.0627 -71.6124
285 -33.0634 -71.6124
269 -33.0627 -71.6124
878 -33.0626 -71.6128
489 -33.0626 -71.6127
224 -33.0626 -71.6127
700 -33.0643 -71.6122
251 -33.0641 -71.6121
705 -33.0641 -71.6121
976 -33.0646 -71.6121
816 -33.0632 -71.6122
62 -33.0627 -71.6122
309 -33.0628 -71.6122
641 -33.0627 -71.6121
69 -33.0626 -71.6121
366 -33.0622 -71.6126
200 -33.0624 -71.6121
208 -33.0623 -71.612
661 -33.0617 -71.612
341 -33.0614 -71.6121
498 -33.0617 -71.612
577 -33.0617 -71.612
607 -33.0618 -71.612
373 -33.0623 -71.612
202 -33.0623 -71.612
733 -33.0623 -71.612
324 -33.0621 -71.612
87 -33.0618 -71.612
759 -33.0619 -71.612
837 -33.062 -71.612
674 -33.0633 -71.6119
370 -33.064 -71.6116
408 -33.064 -71.6116
480 -33.0649 -71.6112
387 -33.0632 -71.6112
347 -33.063 -71.6117
561 -33.0631 -71.6112
209 -33.0631 -71.6112
407 -33.0637 -71.6112
413 -33.065 -71.6111
473 -33.0648 -71.6105
482 -33.0648 -71.6105
790 -33.064 -71.6108
523 -33.0639 -71.6112
11 -33.064 -71.6111
499 -33.064 -71.6107
642 -33.063 -71.6113
986 -33.0629 -71.6119
452 -33.0619 -71.6118
789 -33.0629 -71.6117
934 -33.0619 -71.6112
752 -33.0619 -71.6112
918 -33.0618 -71.611
297 -33.0618 -71.6108
146 -33.0618 -71.6108
474 -33.0618 -71.6108
43 -33.0618 -71.6106
818 -33.0618 -71.6105
740 -33.0617 -71.6107
458 -33.0615 -71.6107
537 -33.0617 -71.6105
903 -33.0614 -71.6107
892 -33.0609 -71.6124
992 -33.0609 -71.6124
575 -33.0609 -71.6124
864 -33.0608 -71.6125
265 -33.0606 -71.6127
534 -33.0606 -71.6127
275 -33.0608 -71.6126
392 -33.061 -71.6124
863 -33.0611 -71.6123
292 -33.0611 -71.6123
973 -33.0612 -71.6122
707 -33.0611 -71.6123
201 -33.061 -71.6124
942 -33.061 -71.6124
679 -33.061 -71.6123
449 -33.0606 -71.6127
787 -33.0604 -71.6128
562 -33.0604 -71.6128
623 -33.0604 -71.6128
791 -33.0601 -71.6128
414 -33.06 -71.6128
235 -33.06 -71.6128
666 -33.06 -71.6128
203 -33.0605 -71.6128
996 -33.0605 -71.6127
237 -33.0603 -71.6124
658 -33.0603 -71.6123
991 -33.0595 -71.6125
831 -33.0595 -71.6126
270 -33.0595 -71.6126
254 -33.0612 -71.6122
434 -33.0613 -71.6122
233 -33.0613 -71.6122
655 -33.0613 -71.6122
761 -33.0613 -71.6122
844 -33.0612 -71.6122
693 -33.0613 -71.6122
747 -33.0613 -71.6122
437 -33.0614 -71.6122
599 -33.0614 -71.6122
738 -33.0614 -71.6121
12 -33.0612 -71.6115
627 -33.0609 -71.6115
272 -33.0608 -71.612
307 -33.0607 -71.6116
771 -33.0608 -71.6116
252 -33.0605 -71.6116
306 -33.0603 -71.6121
603 -33.0605 -71.612
334 -33.0603 -71.6119
601 -33.0603 -71.6118
955 -33.0595 -71.612
368 -33.0598 -71.6116
919 -33.06 -71.6116
815 -33.0603 -71.6114
82 -33.0603 -71.6113
876 -33.0603 -71.611
998 -33.0602 -71.6106
909 -33.0598 -71.6106
770 -33.0598 -71.6106
877 -33.0597 -71.6106
902 -33.0595 -71.611
949 -33.0592 -71.6168
964 -33.0593 -71.6167
703 -33.0591 -71.6151
494 -33.0588 -71.6169
786 -33.0586 -71.6167
983 -33.0585 -71.6167
66 -33.0587 -71.6154
659 -33.0593 -71.615
504 -33.0592 -71.615
830 -33.0594 -71.6149
176 -33.0588 -71.6148
488 -33.0588 -71.6148
636 -33.0586 -71.6149
273 -33.0585 -71.6148
572 -33.0587 -71.6147
174 -33.0585 -71.6148
10 -33.0585 -71.6166
979 -33.0584 -71.6166
91 -33.0584 -71.6165
165 -33.0584 -71.6163
382 -33.0583 -71.616
867 -33.0583 -71.616
364 -33.0583 -71.6158
961 -33.0584 -71.6157
692 -33.0583 -71.6149
652 -33.0584 -71.6148
721 -33.0583 -71.6148
105 -33.0583 -71.6148
343 -33.0583 -71.6151
697 -33.0583 -71.6149
323 -33.0582 -71.6148
191 -33.0585 -71.6147
75 -33.0592 -71.6143
315 -33.0592 -71.6143
144 -33.0592 -71.6143
195 -33.0592 -71.6144
226 -33.0591 -71.6144
497 -33.0591 -71.6144
304 -33.0591 -71.6144
111 -33.0592 -71.6143
734 -33.0595 -71.6141
852 -33.0594 -71.6141
163 -33.0594 -71.614
500 -33.0594 -71.6141
421 -33.0593 -71.6143
38 -33.0593 -71.6142
107 -33.0594 -71.6142
450 -33.0591 -71.6145
884 -33.0589 -71.6147
106 -33.0589 -71.6147
142 -33.0589 -71.6147
574 -33.0589 -71.6147
859 -33.0586 -71.6147
13 -33.0586 -71.6147
313 -33.0585 -71.6147
797 -33.0586 -71.6146
24 -33.0591 -71.6145
115 -33.0591 -71.6145
890 -33.0591 -71.6145
496 -33.0589 -71.6139
512 -33.0586 -71.6144
551 -33.0582 -71.6142
948 -33.0582 -71.6142
409 -33.058 -71.6177
708 -33.0582 -71.6175
529 -33.0581 -71.615
511 -33.058 -71.6177
353 -33.0577 -71.617
536 -33.058 -71.6158
161 -33.0579 -71.6158
900 -33.0582 -71.615
712 -33.0582 -71.615
263 -33.0579 -71.615
883 -33.0579 -71.615
835 -33.0579 -71.6149
625 -33.0579 -71.6149
239 -33.0577 -71.6149
361 -33.0578 -71.6149
427 -33.0573 -71.6182
509 -33.0571 -71.6184
516 -33.0564 -71.6182
764 -33.0562 -71.616
911 -33.0561 -71.6158
988 -33.0553 -71.6158
205 -33.0552 -71.6158
277 -33.0551 -71.6158
820 -33.0551 -71.6158
849 -33.0561 -71.6158
610 -33.0561 -71.6152
635 -33.0563 -71.615
644 -33.0561 -71.6156
938 -33.0551 -71.6158
629 -33.056 -71.6155
416 -33.0577 -71.6149
829 -33.0575 -71.6149
812 -33.0576 -71.6149
181 -33.0576 -71.6149
850 -33.0575 -71.6149
573 -33.0575 -71.6149
889 -33.0574 -71.6149
170 -33.0574 -71.6149
380 -33.0573 -71.6147
476 -33.0581 -71.6144
68 -33.0581 -71.6144
713 -33.0581 -71.6144
377 -33.0577 -71.6145
618 -33.0574 -71.6146
885 -33.0577 -71.6144
453 -33.0574 -71.6142
59 -33.0573 -71.6148
333 -33.0573 -71.6149
54 -33.0573 -71.6149
598 -33.0572 -71.6148
113 -33.0572 -71.6148
605 -33.0571 -71.6148
639 -33.0571 -71.6148
155 -33.0571 -71.6148
794 -33.0567 -71.6148
25 -33.057 -71.6148
763 -33.0568 -71.6147
987 -33.0568 -71.6147
92 -33.0568 -71.6147
710 -33.0567 -71.6148
157 -33.0567 -71.6147
545 -33.0589 -71.6139
916 -33.0591 -71.6135
399 -33.0591 -71.6135
102 -33.0591 -71.6135
402 -33.0591 -71.6136
464 -33.0591 -71.6136
950 -33.0591 -71.6134
687 -33.059 -71.6134
822 -33.0589 -71.6133
914 -33.0594 -71.6129
19 -33.0594 -71.6129
617 -33.0595 -71.6129
730 -33.0593 -71.6129
266 -33.0593 -71.6129
801 -33.0592 -71.6128
742 -33.0589 -71.6128
717 -33.0589 -71.6132
571 -33.0584 -71.6138
211 -33.0585 -71.6137
891 -33.0588 -71.6135
175 -33.0584 -71.6139
412 -33.0583 -71.6136
521 -33.0583 -71.6134
881 -33.0583 -71.6134
668 -33.0586 -71.6133
260 -33.0586 -71.613
188 -33.0587 -71.613
124 -33.0588 -71.6129
42 -33.0585 -71.613
18 -33.0584 -71.613
44 -33.0583 -71.613
758 -33.0585 -71.613
386 -33.0589 -71.6127
23 -33.0592 -71.6126
303 -33.0591 -71.6125
298 -33.0593 -71.6116
676 -33.0591 -71.6122
20 -33.0589 -71.6127
29 -33.0588 -71.6126
905 -33.0588 -71.6121
563 -33.0593 -71.6116
216 -33.0594 -71.6116
743 -33.0595 -71.6109
706 -33.0594 -71.6105
187 -33.0592 -71.6112
259 -33.0589 -71.6112
748 -33.0589 -71.6112
765 -33.0592 -71.6104
560 -33.0588 -71.6117
197 -33.0585 -71.6124
805 -33.0584 -71.6117
151 -33.0584 -71.6117
588 -33.0583 -71.6124
842 -33.0583 -71.6126
568 -33.0583 -71.6125
606 -33.0583 -71.6113
372 -33.0583 -71.6113
388 -33.0585 -71.6113
547 -33.0588 -71.6113
775 -33.0588 -71.6106
920 -33.0585 -71.6105
558 -33.0584 -71.6106
210 -33.0584 -71.6104
214 -33.0583 -71.6127
688 -33.0581 -71.6135
550 -33.0581 -71.6135
85 -33.0581 -71.6134
212 -33.0581 -71.6136
389 -33.0579 -71.6139
999 -33.0579 -71.6139
940 -33.0581 -71.6137
848 -33.0581 -71.6133
963 -33.0582 -71.6131
227 -33.0582 -71.6131
346 -33.0582 -71.613
796 -33.0582 -71.6132
647 -33.0582 -71.6132
508 -33.0581 -71.613
725 -33.058 -71.613
53 -33.0579 -71.6139
429 -33.0578 -71.6139
5 -33.0578 -71.6139
17 -33.0578 -71.6139
479 -33.0577 -71.6139
217 -33.0576 -71.6139
589 -33.0555 -71.6138
40 -33.0574 -71.6135
591 -33.0576 -71.6134
559 -33.0578 -71.6129
186 -33.0578 -71.6129
649 -33.0578 -71.6129
35 -33.0577 -71.6131
520 -33.0577 -71.6131
173 -33.0576 -71.6129
851 -33.0576 -71.6129
872 -33.0583 -71.6127
645 -33.0583 -71.6127
108 -33.0582 -71.6123
683 -33.0581 -71.6119
638 -33.0581 -71.6121
442 -33.058 -71.6119
253 -33.0581 -71.6119
358 -33.0583 -71.6117
621 -33.0582 -71.6113
821 -33.0581 -71.6108
27 -33.0581 -71.6104
915 -33.058 -71.611
15 -33.058 -71.6113
569 -33.0579 -71.6113
510 -33.0577 -71.6107
861 -33.0575 -71.6119
862 -33.0566 -71.6125
553 -33.0556 -71.6123
681 -33.0575 -71.6116
972 -33.0551 -71.6124
793 -33.0551 -71.6124
447 -33.0532 -71.6115
9 -33.0538 -71.611
827 -33.0537 -71.6109
673 -33.0574 -71.6106
604 -33.0548 -71.6104
855 -33.0557 -71.6104
81 -33.0547 -71.6104
901 -33.0546 -71.6104
348 -33.0546 -71.6104
394 -33.0557 -71.6104
869 -33.0647 -71.6102
640 -33.0646 -71.6102
470 -33.0634 -71.6101
63 -33.0632 -71.61
774 -33.0631 -71.61
282 -33.0632 -71.61
715 -33.0631 -71.6099
326 -33.0645 -71.6099
469 -33.0648 -71.6098
677 -33.0644 -71.6095
664 -33.0641 -71.6092
532 -33.0636 -71.6092
858 -33.063 -71.6099
328 -33.063 -71.6093
183 -33.0631 -71.6093
757 -33.063 -71.6099
646 -33.0624 -71.6096
882 -33.0623 -71.6096
879 -33.0623 -71.6096
581 -33.0617 -71.6103
576 -33.0617 -71.6103
310 -33.0616 -71.6103
94 -33.0612 -71.6098
471 -33.0626 -71.6096
294 -33.0622 -71.6095
788 -33.062 -71.6094
690 -33.063 -71.6093
422 -33.062 -71.6095
813 -33.0613 -71.6094
339 -33.0613 -71.6093
375 -33.0617 -71.6092
741 -33.0624 -71.6091
79 -33.0646 -71.609
438 -33.0642 -71.609
723 -33.0644 -71.609
420 -33.064 -71.6089
952 -33.0623 -71.6091
944 -33.0637 -71.6088
219 -33.0635 -71.6087
736 -33.0623 -71.6083
335 -33.064 -71.6083
225 -33.0632 -71.6077
832 -33.0625 -71.6077
350 -33.0625 -71.6082
608 -33.0622 -71.6083
156 -33.0623 -71.6083
463 -33.0625 -71.608
72 -33.0622 -71.6085
624 -33.062 -71.6091
653 -33.0617 -71.609
232 -33.0616 -71.6089
215 -33.0614 -71.6089
71 -33.0614 -71.6089
731 -33.0612 -71.6089
245 -33.0611 -71.6089
806 -33.0611 -71.6089
103 -33.0619 -71.6086
60 -33.0621 -71.6085
199 -33.0621 -71.6081
714 -33.0619 -71.6084
419 -33.0617 -71.608
981 -33.0617 -71.6077
26 -33.061 -71.6103
415 -33.061 -71.6103
839 -33.061 -71.6095
691 -33.0609 -71.609
970 -33.0608 -71.6096
542 -33.0604 -71.6104
138 -33.0605 -71.6096
73 -33.0605 -71.6093
21 -33.0609 -71.6089
194 -33.0609 -71.6088
682 -33.0607 -71.6088
192 -33.061 -71.6086
871 -33.0607 -71.6088
913 -33.0607 -71.6088
921 -33.0607 -71.6087
667 -33.0607 -71.6086
97 -33.0603 -71.6101
190 -33.0602 -71.6104
886 -33.0602 -71.6103
305 -33.0601 -71.6101
376 -33.0598 -71.61
602 -33.0598 -71.61
895 -33.0593 -71.61
517 -33.0594 -71.6099
391 -33.0595 -71.6098
866 -33.0596 -71.6098
626 -33.06 -71.6088
132 -33.06 -71.6088
141 -33.0595 -71.6098
587 -33.0595 -71.6098
143 -33.0595 -71.6098
461 -33.061 -71.6086
289 -33.0607 -71.6086
746 -33.0606 -71.6085
616 -33.0605 -71.6084
959 -33.0604 -71.6084
410 -33.0604 -71.6084
896 -33.0604 -71.6084
332 -33.0602 -71.6083
609 -33.0602 -71.6082
359 -33.0607 -71.608
753 -33.0607 -71.6079
965 -33.0606 -71.6077
264 -33.0605 -71.6078
28 -33.0602 -71.6082
468 -33.0601 -71.6079
888 -33.0601 -71.6078
594 -33.0601 -71.6077
242 -33.0601 -71.6083
490 -33.06 -71.6083
37 -33.06 -71.6081
39 -33.06 -71.6081
308 -33.0593 -71.6083
810 -33.0598 -71.6082
167 -33.0598 -71.6082
330 -33.0593 -71.608
45 -33.0599 -71.608
229 -33.0599 -71.6078
570 -33.06 -71.6077
584 -33.0597 -71.6078
114 -33.0597 -71.6078
663 -33.0596 -71.6077
630 -33.06 -71.6077
296 -33.0643 -71.6071
769 -33.0642 -71.6068
331 -33.0642 -71.6068
825 -33.0642 -71.6067
620 -33.0641 -71.6067
922 -33.0642 -71.6067
441 -33.0634 -71.6065
147 -33.0633 -71.6065
622 -33.0637 -71.6064
291 -33.0637 -71.6064
261 -33.064 -71.6063
32 -33.0635 -71.6065
293 -33.0633 -71.6064
158 -33.0634 -71.6064
99 -33.0632 -71.6063
400 -33.0631 -71.6075
369 -33.0626 -71.6076
478 -33.0622 -71.6074
977 -33.0617 -71.6073
737 -33.0617 -71.6073
398 -33.0613 -71.6077
122 -33.0615 -71.6072
720 -33.0613 -71.6069
997 -33.0619 -71.6069
672 -33.0625 -71.6068
592 -33.0623 -71.6062
287 -33.0621 -71.6062
833 -33.0619 -71.6069
662 -33.0619 -71.6068
808 -33.0612 -71.6068
785 -33.0613 -71.6064
112 -33.0632 -71.6062
924 -33.064 -71.6061
870 -33.0648 -71.606
90 -33.0645 -71.6059
843 -33.0639 -71.6059
951 -33.063 -71.6061
78 -33.0638 -71.6059
169 -33.0636 -71.6058
669 -33.0626 -71.6058
349 -33.0627 -71.6058
284 -33.0625 -71.6057
417 -33.0626 -71.6057
845 -33.0624 -71.6056
505 -33.0624 -71.6056
16 -33.0623 -71.6055
857 -33.0624 -71.6055
172 -33.0622 -71.6055
325 -33.0621 -71.6061
557 -33.0619 -71.6058
544 -33.062 -71.6053
966 -33.0619 -71.6057
56 -33.0611 -71.6061
923 -33.0619 -71.6057
276 -33.0618 -71.6052
230 -33.0618 -71.6052
8 -33.0617 -71.6051
30 -33.0617 -71.605
826 -33.0616 -71.605
910 -33.0614 -71.6048
267 -33.0612 -71.605
578 -33.0612 -71.605
381 -33.0611 -71.6066
556 -33.0607 -71.6075
502 -33.0607 -71.6074
365 -33.0607 -71.6071
300 -33.0606 -71.6068
912 -33.0602 -71.6072
281 -33.0602 -71.607
397 -33.0602 -71.6069
299 -33.0601 -71.6068
395 -33.0609 -71.6065
159 -33.0609 -71.6065
137 -33.0609 -71.6065
925 -33.0607 -71.6064
321 -33.0601 -71.6067
989 -33.0607 -71.6066
247 -33.0601 -71.6063
772 -33.0601 -71.6065
824 -33.0594 -71.6077
46 -33.0601 -71.6072
243 -33.0601 -71.6065
3 -33.0593 -71.6076
486 -33.0592 -71.6076
814 -33.0593 -71.6076
371 -33.0593 -71.6076
404 -33.0595 -71.6065
954 -33.0594 -71.6064
125 -33.0594 -71.6064
356 -33.0594 -71.6064
873 -33.0593 -71.6064
95 -33.0593 -71.6064
459 -33.0593 -71.6064
352 -33.0596 -71.6063
836 -33.061 -71.606
689 -33.0602 -71.6059
104 -33.0603 -71.6059
670 -33.0602 -71.6061
83 -33.0601 -71.6063
129 -33.0601 -71.6063
135 -33.0601 -71.6061
41 -33.0604 -71.6058
491 -33.061 -71.6055
67 -33.0608 -71.6054
120 -33.0608 -71.6048
184 -33.0606 -71.6055
552 -33.0604 -71.6058
567 -33.0605 -71.6057
6 -33.0606 -71.6056
47 -33.06 -71.6061
926 -33.0598 -71.6063
543 -33.0598 -71.6063
777 -33.0599 -71.6063
936 -33.0598 -71.6063
344 -33.0596 -71.6063
396 -33.0596 -71.6063
443 -33.0597 -71.6063
311 -33.06 -71.6062
411 -33.0599 -71.6062
953 -33.06 -71.6062
406 -33.0597 -71.6054
149 -33.0596 -71.6055
256 -33.0594 -71.6055
1 -33.0595 -71.6051
2 -33.0592 -71.6088
336 -33.0592 -71.6102
800 -33.0586 -71.6101
995 -33.0586 -71.6101
657 -33.0586 -71.6101
975 -33.0584 -71.6101
180 -33.0583 -71.6101
894 -33.0584 -71.6099
433 -33.0583 -71.6099
362 -33.0589 -71.6095
856 -33.0587 -71.6093
236 -33.0588 -71.6088
931 -33.0587 -71.6089
131 -33.0587 -71.6092
684 -33.0583 -71.609
524 -33.0584 -71.6089
338 -33.0583 -71.6092
278 -33.058 -71.6104
745 -33.0582 -71.6101
65 -33.058 -71.6099
345 -33.0577 -71.6102
540 -33.0575 -71.6103
384 -33.0577 -71.6102
337 -33.0571 -71.6099
268 -33.058 -71.6099
744 -33.0578 -71.6096
875 -33.0583 -71.6092
454 -33.0582 -71.609
74 -33.0576 -71.6095
162 -33.0573 -71.6095
401 -33.0573 -71.6095
133 -33.0574 -71.6095
874 -33.0576 -71.6088
699 -33.0589 -71.6088
451 -33.0589 -71.6088
554 -33.0587 -71.6083
650 -33.0584 -71.6086
257 -33.0583 -71.6087
426 -33.0582 -71.6084
244 -33.058 -71.6083
656 -33.0581 -71.6083
985 -33.0582 -71.6081
58 -33.0582 -71.608
675 -33.0584 -71.608
811 -33.0579 -71.6083
779 -33.0579 -71.6082
719 -33.0579 -71.6082
96 -33.0578 -71.6082
947 -33.0578 -71.6082
535 -33.0575 -71.6088
893 -33.0575 -71.6081
709 -33.0574 -71.6081
522 -33.0574 -71.6081
665 -33.0574 -71.6081
548 -33.0574 -71.6081
444 -33.0573 -71.6081
76 -33.0573 -71.608
207 -33.0573 -71.608
847 -33.0571 -71.608
654 -33.0571 -71.608
363 -33.057 -71.608
153 -33.057 -71.608
64 -33.057 -71.608
780 -33.0565 -71.6096
834 -33.0559 -71.6103
77 -33.0563 -71.6095
31 -33.0562 -71.6089
660 -33.0554 -71.6094
314 -33.0554 -71.6095
80 -33.0521 -71.6086
88 -33.0521 -71.6086
383 -33.0536 -71.6085
318 -33.0546 -71.6085
853 -33.0545 -71.6085
140 -33.0546 -71.6085
206 -33.0543 -71.6085
694 -33.0536 -71.6085
716 -33.0535 -71.6085
935 -33.0521 -71.6085
485 -33.0521 -71.6086
802 -33.0517 -71.6094
784 -33.0518 -71.6093
735 -33.0518 -71.6093
696 -33.0517 -71.6094
101 -33.0503 -71.6098
139 -33.0517 -71.6094
322 -33.0517 -71.6094
220 -33.0519 -71.6093
718 -33.052 -71.609
360 -33.052 -71.6089
34 -33.0521 -71.6086
982 -33.052 -71.6091
222 -33.0519 -71.6093
633 -33.0519 -71.6092
440 -33.0542 -71.6085
868 -33.0549 -71.6083
50 -33.0549 -71.6083
36 -33.055 -71.6082
941 -33.0548 -71.6084
283 -33.054 -71.6085
897 -33.0547 -71.6084
213 -33.0547 -71.6084
436 -33.0551 -71.6082
778 -33.0552 -71.6081
586 -33.0553 -71.6081
519 -33.0553 -71.608
541 -33.0552 -71.6081
84 -33.0551 -71.6081
631 -33.0551 -71.6081
854 -33.0552 -71.6081
933 -33.0539 -71.6085
48 -33.0539 -71.6085
968 -33.0532 -71.6084
530 -33.0528 -71.6083
724 -33.0528 -71.6083
493 -33.0521 -71.6085
583 -33.0522 -71.6083
152 -33.0527 -71.6082
722 -33.0527 -71.6082
55 -33.0527 -71.6082
755 -33.0525 -71.6082
939 -33.0523 -71.6081
732 -33.0523 -71.6081
484 -33.0522 -71.6082
643 -33.0523 -71.6081
258 -33.0583 -71.608
846 -33.059 -71.6079
528 -33.059 -71.6079
974 -33.059 -71.6077
929 -33.0589 -71.6078
439 -33.0586 -71.6079
817 -33.0587 -71.6079
4 -33.0588 -71.6078
249 -33.0591 -71.6077
378 -33.0592 -71.6068
671 -33.0591 -71.6067
445 -33.0591 -71.6067
280 -33.0591 -71.6075
288 -33.0591 -71.6077
798 -33.0591 -71.6077
555 -33.0587 -71.6066
526 -33.0586 -71.6079
465 -33.0584 -71.608
932 -33.0584 -71.608
317 -33.0585 -71.608
110 -33.0584 -71.6073
695 -33.0584 -71.608
993 -33.0581 -71.6078
514 -33.0584 -71.6073
182 -33.0583 -71.6071
980 -33.0584 -71.6067
887 -33.0586 -71.6067
164 -33.0584 -71.6066
168 -33.0584 -71.6067
865 -33.0583 -71.6069
651 -33.0581 -71.6067
428 -33.0581 -71.6067
126 -33.0588 -71.6066
841 -33.0591 -71.6065
246 -33.0592 -71.6064
969 -33.0592 -71.6064
702 -33.059 -71.6065
704 -33.0588 -71.6066
766 -33.0587 -71.6066
898 -33.059 -71.6065
527 -33.0592 -71.6063
513 -33.0591 -71.6063
525 -33.059 -71.6063
221 -33.0591 -71.6054
781 -33.0588 -71.6052
628 -33.0588 -71.6062
196 -33.0587 -71.6051
957 -33.0587 -71.6051
928 -33.0587 -71.6062
840 -33.0584 -71.6062
782 -33.0583 -71.6062
223 -33.0585 -71.6062
136 -33.0582 -71.6059
990 -33.058 -71.6062
943 -33.058 -71.6062
492 -33.0582 -71.6062
984 -33.0583 -71.6058
595 -33.0583 -71.6051
776 -33.0586 -71.6051
937 -33.0586 -71.6051
564 -33.0583 -71.6057
792 -33.058 -71.6044
533 -33.0581 -71.6044
729 -33.058 -71.6046
240 -33.057 -71.608
425 -33.0569 -71.608
481 -33.0569 -71.608
828 -33.0569 -71.608
457 -33.0566 -71.608
807 -33.0566 -71.608
634 -33.0567 -71.608
231 -33.0566 -71.608
750 -33.0579 -71.608
539 -33.0575 -71.6076
193 -33.0577 -71.6076
956 -33.0566 -71.608
823 -33.0565 -71.608
418 -33.0565 -71.608
590 -33.0564 -71.608
680 -33.0564 -71.608
701 -33.0564 -71.608
728 -33.0562 -71.608
0 -33.0562 -71.608
637 -33.0562 -71.6079
218 -33.0553 -71.608
960 -33.0554 -71.6079
538 -33.0561 -71.6079
648 -33.056 -71.6079
374 -33.0557 -71.6078
462 -33.0557 -71.6078
515 -33.0557 -71.6078
302 -33.0557 -71.6078
612 -33.0555 -71.6079
432 -33.0556 -71.6078
319 -33.0577 -71.6076
379 -33.0578 -71.6073
329 -33.0578 -71.6068
503 -33.0578 -71.6066
613 -33.0577 -71.6073
518 -33.0576 -71.6074
390 -33.0577 -71.6072
596 -33.0576 -71.6069
241 -33.0576 -71.6066
357 -33.0578 -71.6062
477 -33.058 -71.6059
460 -33.0578 -71.6058
316 -33.0577 -71.6058
507 -33.0575 -71.6051
121 -33.0575 -71.6051
768 -33.0576 -71.6049
98 -33.0575 -71.6051
86 -33.0573 -71.6069
804 -33.0575 -71.6069
685 -33.0575 -71.6069
178 -33.0568 -71.6071
234 -33.0564 -71.6073
119 -33.0565 -71.6073
799 -33.0527 -71.6067
342 -33.0569 -71.6062
312 -33.0569 -71.6062
472 -33.0575 -71.6061
899 -33.0558 -71.6046
248 -33.0552 -71.6049
435 -33.0538 -71.6061
971 -33.0552 -71.6049
