479 -33.0551 -71.6216
53 -33.0552 -71.6215
961 -33.0552 -71.6215
313 -33.0551 -71.6213
217 -33.0551 -71.6217
697 -33.0551 -71.6217
940 -33.0551 -71.6211
176 -33.0551 -71.6211
189 -33.0571 -71.6183
367 -33.057 -71.6183
978 -33.0567 -71.6182
550 -33.0551 -71.6209
66 -33.0551 -71.6209
142 -33.055 -71.6208
85 -33.055 -71.6208
109 -33.055 -71.6218
497 -33.0549 -71.6207
647 -33.0549 -71.6207
115 -33.0549 -71.6206
5 -33.0549 -71.6206
979 -33.0547 -71.6223
883 -33.0549 -71.622
796 -33.0549 -71.6206
890 -33.0549 -71.6206
226 -33.0549 -71.6205
703 -33.0549 -71.6205
754 -33.0548 -71.6184
698 -33.0548 -71.6184
38 -33.0548 -71.6204
315 -33.0548 -71.6204
500 -33.0547 -71.6203
69 -33.055 -71.6182
549 -33.0559 -71.618
475 -33.0584 -71.6173
407 -33.0557 -71.6164
537 -33.0557 -71.6167
255 -33.0556 -71.6171
370 -33.0556 -71.6169
408 -33.0556 -71.6169
582 -33.056 -71.6162
765 -33.0562 -71.616
18 -33.0561 -71.616
413 -33.0562 -71.6159
127 -33.0561 -71.6159
963 -33.056 -71.6162
822 -33.0559 -71.6159
450 -33.0558 -71.6159
389 -33.0556 -71.6159
134 -33.0553 -71.6176
816 -33.0554 -71.6175
881 -33.0554 -71.6174
42 -33.055 -71.6179
361 -33.055 -71.618
542 -33.055 -71.618
301 -33.055 -71.6179
376 -33.0555 -71.6173
743 -33.0555 -71.6159
476 -33.0554 -71.6159
251 -33.0554 -71.6158
955 -33.0552 -71.6158
726 -33.0551 -71.6158
279 -33.0551 -71.6158
327 -33.0547 -71.6203
25 -33.0544 -71.623
598 -33.0545 -71.6228
589 -33.0545 -71.6227
987 -33.0543 -71.6232
409 -33.0543 -71.6239
710 -33.0543 -71.6233
92 -33.0543 -71.6233
786 -33.0546 -71.6225
829 -33.0546 -71.6224
678 -33.0545 -71.6202
260 -33.0545 -71.6201
487 -33.0543 -71.62
266 -33.0542 -71.62
253 -33.0541 -71.6199
930 -33.0541 -71.6199
629 -33.0541 -71.6244
849 -33.0538 -71.6245
177 -33.054 -71.6199
377 -33.0539 -71.6189
210 -33.0538 -71.6188
880 -33.0536 -71.6196
179 -33.0535 -71.6192
495 -33.0531 -71.6187
166 -33.0531 -71.6187
323 -33.053 -71.6187
466 -33.0534 -71.6187
547 -33.0535 -71.6187
687 -33.0527 -71.6187
448 -33.0527 -71.6187
831 -33.0526 -71.6187
431 -33.0526 -71.6187
340 -33.0525 -71.6186
355 -33.0541 -71.6184
803 -33.0541 -71.6184
456 -33.0542 -71.6184
341 -33.054 -71.6184
844 -33.0538 -71.6184
761 -33.0538 -71.6184
434 -33.0538 -71.6184
919 -33.0543 -71.6184
587 -33.0546 -71.6184
455 -33.0547 -71.6184
373 -33.0547 -71.6184
216 -33.0546 -71.6184
809 -33.0545 -71.6184
760 -33.0545 -71.6184
271 -33.0543 -71.617
838 -33.0537 -71.6184
891 -33.0535 -71.6185
775 -33.0536 -71.6185
973 -33.0536 -71.6185
767 -33.0535 -71.6185
116 -33.0525 -71.6186
262 -33.0525 -71.6186
399 -33.0524 -71.6186
713 -33.0536 -71.6184
198 -33.0537 -71.6184
290 -33.0537 -71.6165
546 -33.0529 -71.6158
254 -33.0527 -71.6158
117 -33.0527 -71.6158
292 -33.0526 -71.6158
123 -33.055 -71.6158
118 -33.0581 -71.615
976 -33.058 -71.615
945 -33.058 -71.615
482 -33.0579 -71.615
297 -33.0572 -71.6148
774 -33.0567 -71.6148
561 -33.0571 -71.6148
501 -33.0567 -71.6148
948 -33.0575 -71.6143
991 -33.0574 -71.6143
872 -33.0575 -71.6141
842 -33.0568 -71.6147
531 -33.0567 -71.6148
560 -33.0568 -71.6147
483 -33.0568 -71.6147
994 -33.0566 -71.6148
686 -33.0561 -71.6158
668 -33.056 -71.6156
879 -33.0561 -71.6152
818 -33.056 -71.6153
57 -33.056 -71.6155
646 -33.0559 -71.6153
286 -33.056 -71.6153
60 -33.0561 -71.6152
640 -33.0563 -71.6151
464 -33.0563 -71.615
124 -33.0566 -71.6148
608 -33.0563 -71.6151
869 -33.0562 -71.6151
20 -33.0562 -71.6151
950 -33.0563 -71.6151
154 -33.0556 -71.6131
19 -33.058 -71.613
790 -33.0578 -71.6129
326 -33.0577 -71.6129
420 -33.0575 -71.6128
414 -33.0575 -71.6128
576 -33.0574 -71.6128
521 -33.0573 -71.6128
43 -33.0573 -71.6128
354 -33.0573 -71.6128
747 -33.0573 -71.6128
917 -33.0569 -71.6126
579 -33.0569 -71.6126
368 -33.0568 -71.6126
523 -33.0565 -71.6124
298 -33.0562 -71.6124
467 -33.0562 -71.6131
619 -33.056 -71.6131
962 -33.0553 -71.6131
209 -33.0553 -71.6124
51 -33.0553 -71.6124
591 -33.0552 -71.6131
642 -33.0553 -71.6124
366 -33.0552 -71.6124
751 -33.0552 -71.6124
238 -33.056 -71.6123
967 -33.0559 -71.6123
237 -33.0559 -71.6123
305 -33.0557 -71.6123
627 -33.0552 -71.6124
563 -33.0554 -71.6124
307 -33.0552 -71.6124
602 -33.0549 -71.6158
107 -33.0549 -71.6158
693 -33.0548 -71.6158
520 -33.0548 -71.6158
269 -33.0547 -71.6157
146 -33.0544 -71.6157
442 -33.0544 -71.6157
580 -33.0544 -71.6157
762 -33.055 -71.6152
105 -33.0544 -71.6148
405 -33.0543 -71.6147
907 -33.0543 -71.6147
150 -33.054 -71.6156
641 -33.0539 -71.6156
446 -33.0539 -71.6145
403 -33.0537 -71.6143
992 -33.0525 -71.6157
812 -33.0525 -71.6157
892 -33.0524 -71.6156
721 -33.0523 -71.6156
908 -33.0523 -71.6156
864 -33.0523 -71.6156
545 -33.0523 -71.6156
730 -33.053 -71.6156
488 -33.0536 -71.6156
819 -33.0536 -71.6156
423 -33.0537 -71.6143
145 -33.0534 -71.6141
171 -33.053 -71.6139
611 -33.0528 -71.6138
711 -33.0527 -71.6137
636 -33.0551 -71.6131
958 -33.0552 -71.6124
52 -33.0551 -71.6124
402 -33.055 -71.6124
175 -33.0547 -71.6128
61 -33.0545 -71.6126
571 -33.0543 -71.6125
452 -33.0549 -71.6124
733 -33.0548 -71.6124
173 -33.0547 -71.6124
12 -33.0545 -71.6124
480 -33.0545 -71.6123
927 -33.0544 -71.6123
214 -33.0543 -71.6123
512 -33.0544 -71.6122
35 -33.0543 -71.6123
773 -33.0543 -71.6124
679 -33.0543 -71.6123
14 -33.0542 -71.6123
351 -33.0542 -71.6123
274 -33.0542 -71.6124
29 -33.0541 -71.6123
15 -33.0541 -71.6123
424 -33.0542 -71.6122
676 -33.0542 -71.6122
295 -33.054 -71.6122
303 -33.0543 -71.6122
909 -33.0538 -71.6122
197 -33.0537 -71.6122
916 -33.0536 -71.6122
787 -33.0522 -71.6157
727 -33.0519 -71.6185
632 -33.0519 -71.6185
614 -33.0519 -71.6184
250 -33.0518 -71.6184
412 -33.0512 -71.6186
17 -33.0517 -71.6184
393 -33.0517 -71.6184
163 -33.0515 -71.6184
852 -33.0515 -71.6184
128 -33.0515 -71.6184
504 -33.0515 -71.6184
830 -33.0514 -71.6184
111 -33.0514 -71.6184
144 -33.0513 -71.6184
597 -33.0512 -71.6184
859 -33.0508 -71.6185
101 -33.0506 -71.6212
633 -33.0497 -71.62
447 -33.0496 -71.6198
34 -33.0495 -71.6195
935 -33.0494 -71.6193
493 -33.0494 -71.6193
732 -33.0494 -71.6189
999 -33.0507 -71.6184
364 -33.0504 -71.6179
904 -33.0504 -71.6179
130 -33.05 -71.6178
165 -33.0499 -71.6178
983 -33.0496 -71.6177
10 -33.0495 -71.6177
949 -33.0495 -71.6177
283 -33.0489 -71.6171
900 -33.0494 -71.6164
692 -33.0495 -71.6163
652 -33.0496 -71.6161
712 -33.0494 -71.6165
529 -33.0494 -71.6165
263 -33.0492 -71.6165
453 -33.0492 -71.6165
174 -33.0496 -71.616
75 -33.0504 -71.6158
195 -33.0503 -71.6158
496 -33.0504 -71.6158
572 -33.0497 -71.6158
273 -33.0496 -71.616
191 -33.0496 -71.616
13 -33.0497 -71.6159
660 -33.0492 -71.6159
573 -33.049 -71.6168
206 -33.049 -71.6168
416 -33.049 -71.6167
889 -33.049 -71.6168
333 -33.0489 -71.6171
170 -33.0489 -71.617
440 -33.0489 -71.6169
239 -33.0491 -71.6165
36 -33.0492 -71.6159
394 -33.0492 -71.6159
868 -33.0492 -71.6159
897 -33.0491 -71.6162
318 -33.0491 -71.6164
213 -33.0491 -71.6162
113 -33.0489 -71.6172
764 -33.048 -71.6194
509 -33.048 -71.6193
583 -33.048 -71.6193
485 -33.0479 -71.6195
360 -33.0477 -71.6198
718 -33.0477 -71.6198
80 -33.0479 -71.6195
911 -33.0481 -71.6192
939 -33.0482 -71.619
755 -33.0483 -71.6188
55 -33.0483 -71.6188
644 -33.0482 -71.619
427 -33.0481 -71.6191
484 -33.0481 -71.6191
9 -33.0482 -71.619
516 -33.0476 -71.6201
277 -33.0475 -71.6204
322 -33.0475 -71.6204
802 -33.0475 -71.6204
139 -33.0475 -71.6205
205 -33.0475 -71.6206
820 -33.0475 -71.6205
938 -33.0475 -71.6205
735 -33.0475 -71.6203
988 -33.0476 -71.6202
696 -33.0476 -71.6202
222 -33.0476 -71.6201
982 -33.047 -71.619
220 -33.0469 -71.6193
784 -33.0469 -71.6193
152 -33.0484 -71.6185
716 -33.0487 -71.6177
157 -33.0487 -71.6177
694 -33.0487 -71.6177
708 -33.0486 -71.6181
610 -33.0484 -71.6185
511 -33.0485 -71.6182
635 -33.0485 -71.6182
794 -33.0487 -71.6176
155 -33.0488 -71.6173
639 -33.0488 -71.6173
901 -33.0488 -71.6173
605 -33.0488 -71.6173
763 -33.0487 -71.6176
383 -33.0488 -71.6175
799 -33.0488 -71.6174
530 -33.0484 -71.6185
722 -33.0484 -71.6185
968 -33.0476 -71.6171
793 -33.0477 -71.6169
724 -33.0475 -71.6175
88 -33.0472 -71.6185
643 -33.0473 -71.6181
827 -33.0474 -71.6178
972 -33.0477 -71.6168
348 -33.048 -71.616
81 -33.048 -71.6159
604 -33.048 -71.6159
48 -33.0479 -71.6161
553 -33.0479 -71.6162
933 -33.0479 -71.6161
631 -33.0492 -71.6158
946 -33.0521 -71.6156
565 -33.0516 -71.6156
860 -33.0516 -71.6156
320 -33.0515 -71.6156
795 -33.0513 -71.6156
93 -33.0511 -71.6156
148 -33.051 -71.6156
430 -33.051 -71.6156
585 -33.0518 -71.6131
835 -33.0516 -71.6131
739 -33.0513 -71.6131
100 -33.0513 -71.6131
756 -33.0509 -71.6156
385 -33.0509 -71.6156
915 -33.0511 -71.6131
621 -33.0508 -71.6131
304 -33.0502 -71.6157
106 -33.0499 -71.6157
783 -33.0508 -71.6155
574 -33.0499 -71.6157
884 -33.0498 -71.6157
688 -33.0499 -71.6157
850 -33.0498 -71.6157
64 -33.0496 -71.6133
749 -33.0508 -71.6131
996 -33.0507 -71.6131
180 -33.0506 -71.6131
278 -33.0497 -71.6131
654 -33.0497 -71.6132
74 -33.0497 -71.6132
27 -33.0497 -71.6131
207 -33.0497 -71.6131
805 -33.0506 -71.613
659 -33.0505 -71.613
902 -33.0511 -71.6129
186 -33.0505 -71.613
588 -33.0504 -71.613
894 -33.0503 -71.613
666 -33.0503 -71.613
392 -33.0511 -71.6129
517 -33.0511 -71.6125
655 -33.0511 -71.6123
599 -33.0511 -71.6123
744 -33.0511 -71.6125
336 -33.0511 -71.6129
942 -33.0511 -71.6128
201 -33.0511 -71.6127
638 -33.0503 -71.613
24 -33.0501 -71.613
920 -33.0501 -71.613
964 -33.0501 -71.613
709 -33.0497 -71.613
76 -33.0497 -71.613
548 -33.0497 -71.613
522 -33.0497 -71.613
665 -33.0497 -71.613
804 -33.0497 -71.6127
329 -33.0498 -71.6123
656 -33.0498 -71.6122
518 -33.0497 -71.6128
494 -33.0497 -71.6129
86 -33.0497 -71.6128
240 -33.0496 -71.6134
432 -33.0493 -71.615
302 -33.0493 -71.615
374 -33.0493 -71.6149
612 -33.0493 -71.6153
834 -33.0492 -71.6157
854 -33.0492 -71.6157
586 -33.0492 -71.6156
462 -33.0493 -71.6149
337 -33.0495 -71.6142
701 -33.0495 -71.6141
680 -33.0495 -71.6141
0 -33.0494 -71.6143
77 -33.0494 -71.6148
780 -33.0494 -71.6146
637 -33.0494 -71.6145
960 -33.0484 -71.6143
435 -33.0482 -71.615
50 -33.0482 -71.615
314 -33.0483 -71.6147
862 -33.0482 -71.6151
853 -33.0481 -71.6153
140 -33.0481 -71.6153
941 -33.0482 -71.6152
855 -33.0483 -71.6147
436 -33.0483 -71.6146
519 -33.0484 -71.6144
218 -33.0484 -71.6144
541 -33.0483 -71.6146
84 -33.0483 -71.6147
778 -33.0483 -71.6147
234 -33.0495 -71.6141
828 -33.0496 -71.6136
425 -33.0496 -71.6135
363 -33.0496 -71.6135
481 -33.0496 -71.6136
457 -33.0495 -71.6138
956 -33.0495 -71.6138
401 -33.0496 -71.6137
683 -33.0493 -71.6129
133 -33.0493 -71.6129
345 -33.0493 -71.6129
153 -33.0489 -71.6124
178 -33.0488 -71.6125
823 -33.0487 -71.6129
231 -33.0487 -71.6129
807 -33.0488 -71.6128
119 -33.0487 -71.6129
538 -33.0486 -71.6134
728 -33.0486 -71.6133
44 -33.0487 -71.6132
648 -33.0486 -71.6136
851 -33.0485 -71.6139
515 -33.0485 -71.6139
31 -33.0485 -71.6137
248 -33.0487 -71.613
758 -33.0487 -71.613
971 -33.0487 -71.6129
418 -33.0487 -71.6129
590 -33.0487 -71.613
353 -33.0485 -71.6129
54 -33.0482 -71.6128
847 -33.0489 -71.6122
384 -33.0556 -71.6105
569 -33.0549 -71.6104
866 -33.0551 -71.6104
26 -33.0546 -71.6105
7 -33.0545 -71.6121
674 -33.0544 -71.6121
848 -33.0544 -71.6121
463 -33.056 -71.6103
970 -33.0579 -71.6103
132 -33.0567 -71.6096
748 -33.0563 -71.6095
259 -33.0561 -71.6102
874 -33.055 -71.6103
72 -33.0561 -71.6103
886 -33.0555 -71.6093
797 -33.0544 -71.612
506 -33.0543 -71.6119
40 -33.0543 -71.6119
49 -33.0541 -71.6115
212 -33.0539 -71.6113
299 -33.0538 -71.6113
603 -33.0539 -71.6112
601 -33.0538 -71.6112
224 -33.0538 -71.6112
97 -33.0538 -71.6111
187 -33.0538 -71.6105
190 -33.0541 -71.6105
578 -33.0538 -71.611
645 -33.0537 -71.6111
89 -33.0537 -71.6111
2 -33.0537 -71.6105
606 -33.0556 -71.6093
876 -33.0557 -71.6092
558 -33.056 -71.6087
510 -33.056 -71.6085
622 -33.0545 -71.6085
261 -33.0545 -71.6085
557 -33.0545 -71.6085
381 -33.0544 -71.6085
532 -33.0544 -71.6085
73 -33.0547 -71.6085
540 -33.0547 -71.6084
156 -33.0547 -71.6084
62 -33.0547 -71.6085
503 -33.0546 -71.6085
843 -33.0546 -71.6085
350 -33.0547 -71.6085
110 -33.0544 -71.6085
94 -33.0543 -71.6085
746 -33.0543 -71.6085
32 -33.054 -71.6085
923 -33.0539 -71.6085
846 -33.0537 -71.6085
137 -33.0537 -71.6085
690 -33.0537 -71.6085
316 -33.0537 -71.6085
183 -33.0539 -71.6085
626 -33.0539 -71.6085
706 -33.0539 -71.6085
840 -33.0539 -71.6085
158 -33.0538 -71.6085
952 -33.0538 -71.6085
328 -33.0536 -71.6085
252 -33.0533 -71.6122
577 -33.0533 -71.6122
789 -33.0533 -71.6122
387 -33.0533 -71.6122
23 -33.0533 -71.6122
415 -33.0532 -71.6115
745 -33.0532 -71.6115
268 -33.0533 -71.6115
551 -33.0536 -71.6111
575 -33.0536 -71.6111
910 -33.0536 -71.6107
681 -33.0536 -71.6111
22 -33.0535 -71.6111
228 -33.0533 -71.611
600 -33.0532 -71.6109
885 -33.0531 -71.6109
272 -33.0531 -71.6121
310 -33.0529 -71.6121
160 -33.0529 -71.6121
649 -33.0528 -71.6121
998 -33.0528 -71.6121
347 -33.0527 -71.6121
143 -33.0528 -71.6116
204 -33.053 -71.6108
343 -33.053 -71.6108
211 -33.053 -71.6108
863 -33.053 -71.6108
861 -33.0529 -71.6108
324 -33.0529 -71.6107
593 -33.0529 -71.6107
734 -33.0528 -71.6106
126 -33.0536 -71.6085
468 -33.0536 -71.6085
836 -33.0536 -71.6085
242 -33.0535 -71.6105
737 -33.0534 -71.6103
276 -33.0534 -71.6101
120 -33.0533 -71.61
714 -33.0535 -71.6085
167 -33.0535 -71.6085
136 -33.0535 -71.6085
951 -33.0534 -71.6085
471 -33.0534 -71.6085
502 -33.0534 -71.6085
981 -33.0534 -71.6085
757 -33.0533 -71.6084
390 -33.0533 -71.61
556 -33.0533 -71.6099
782 -33.0533 -71.6099
675 -33.0533 -71.6099
811 -33.0533 -71.6099
821 -33.0528 -71.6105
421 -33.0528 -71.6105
505 -33.0531 -71.6094
192 -33.0531 -71.6094
785 -33.0533 -71.6084
398 -33.0533 -71.6084
966 -33.0533 -71.6084
671 -33.0533 -71.6084
752 -33.0532 -71.6084
460 -33.0532 -71.6084
984 -33.0548 -71.6084
281 -33.0578 -71.6082
677 -33.058 -71.6081
808 -33.0581 -71.6081
419 -33.0575 -71.6081
63 -33.0575 -71.6081
280 -33.0575 -71.6081
925 -33.0575 -71.6081
159 -33.0574 -71.6081
474 -33.0582 -71.6081
300 -33.0584 -71.608
528 -33.0586 -71.6079
903 -33.0571 -71.608
672 -33.0569 -71.608
581 -33.0569 -71.608
977 -33.0568 -71.608
362 -33.0567 -71.608
454 -33.0567 -71.608
332 -33.0566 -71.608
499 -33.0565 -71.608
79 -33.0565 -71.608
535 -33.0558 -71.6081
934 -33.0565 -71.608
469 -33.0564 -71.608
11 -33.0564 -71.608
461 -33.0562 -71.608
400 -33.0562 -71.608
335 -33.0561 -71.6079
929 -33.0561 -71.6079
657 -33.0561 -71.6079
700 -33.056 -71.6079
473 -33.0559 -71.6079
912 -33.0559 -71.6079
525 -33.057 -71.607
112 -33.0572 -71.6069
491 -33.0575 -71.6069
311 -33.0567 -71.6072
527 -33.0562 -71.6074
129 -33.0562 -71.6074
296 -33.0562 -71.6074
331 -33.0576 -71.6068
291 -33.058 -71.6067
147 -33.0576 -71.6047
441 -33.0586 -71.6042
870 -33.0575 -71.6048
768 -33.0573 -71.6047
90 -33.0568 -71.6046
924 -33.0564 -71.6045
513 -33.0562 -71.6075
285 -33.0559 -71.6079
705 -33.0558 -71.6079
225 -33.0556 -71.6078
83 -33.0556 -71.6077
888 -33.0555 -71.6078
858 -33.0556 -71.6078
438 -33.0556 -71.6078
873 -33.0557 -71.6077
223 -33.0559 -71.6076
411 -33.056 -71.6075
221 -33.0561 -71.6044
613 -33.0559 -71.6076
477 -33.0557 -71.6077
196 -33.0557 -71.6046
168 -33.0555 -71.6078
704 -33.0532 -71.6084
470 -33.0548 -71.6084
664 -33.0548 -71.6084
56 -33.0532 -71.6084
369 -33.0532 -71.6084
653 -33.0531 -71.6084
741 -33.0531 -71.6084
825 -33.0548 -71.6084
954 -33.055 -71.6083
769 -33.055 -71.6082
489 -33.055 -71.6082
715 -33.0549 -71.6083
753 -33.0548 -71.6083
458 -33.0549 -71.6083
378 -33.0549 -71.6083
990 -33.0531 -71.6084
236 -33.053 -71.6083
182 -33.053 -71.6083
815 -33.053 -71.6083
404 -33.053 -71.6083
856 -33.053 -71.6083
832 -33.053 -71.6083
365 -33.0529 -71.6083
669 -33.0528 -71.6083
624 -33.0529 -71.6083
417 -33.0528 -71.6083
349 -33.0528 -71.6083
673 -33.0528 -71.6083
125 -33.0527 -71.6083
770 -33.0527 -71.6082
284 -33.0527 -71.6082
555 -33.0553 -71.608
138 -33.0553 -71.608
472 -33.0553 -71.608
478 -33.0553 -71.608
810 -33.0552 -71.6081
944 -33.0552 -71.6081
592 -33.0553 -71.608
422 -33.0553 -71.608
282 -33.0554 -71.608
740 -33.0555 -71.6079
922 -33.0555 -71.6079
46 -33.0554 -71.608
833 -33.0553 -71.608
857 -33.0554 -71.608
78 -33.0552 -71.6045
918 -33.0551 -71.6081
980 -33.0551 -71.6082
772 -33.0551 -71.6081
219 -33.0551 -71.6081
723 -33.0551 -71.6082
662 -33.055 -71.6082
878 -33.055 -71.6082
595 -33.0535 -71.6063
256 -33.0536 -71.6062
98 -33.0545 -71.6057
169 -33.0542 -71.6047
620 -33.0542 -71.6047
937 -33.0541 -71.6057
293 -33.0535 -71.6047
99 -33.0533 -71.6047
243 -33.0527 -71.6082
386 -33.0526 -71.6121
986 -33.0525 -71.6121
742 -33.0525 -71.6121
309 -33.0523 -71.6121
151 -33.0522 -71.612
759 -33.0521 -71.612
905 -33.0521 -71.612
102 -33.052 -71.612
943 -33.0523 -71.6117
936 -33.0523 -71.6117
141 -33.0525 -71.6117
931 -33.0522 -71.6117
391 -33.052 -71.6118
356 -33.052 -71.6118
433 -33.0521 -71.6118
108 -33.052 -71.612
200 -33.0519 -71.612
208 -33.0519 -71.612
202 -33.0518 -71.612
615 -33.0517 -71.612
265 -33.0512 -71.612
334 -33.0516 -71.612
70 -33.0516 -71.612
837 -33.0514 -71.612
801 -33.0513 -71.6119
661 -33.0512 -71.6119
87 -33.0512 -71.6119
877 -33.0512 -71.6119
372 -33.0512 -71.612
725 -33.0512 -71.6119
275 -33.051 -71.6114
449 -33.0509 -71.6114
227 -33.0527 -71.6103
607 -33.0526 -71.6103
771 -33.0526 -71.6103
498 -33.0526 -71.6102
235 -33.0525 -71.6101
68 -33.0525 -71.6101
233 -33.0524 -71.6099
738 -33.0524 -71.6099
437 -33.0524 -71.6099
82 -33.0524 -71.6099
306 -33.0524 -71.6099
359 -33.0514 -71.6097
567 -33.0513 -71.6098
184 -33.0513 -71.6098
921 -33.0513 -71.6098
6 -33.0513 -71.6098
445 -33.0509 -71.6102
689 -33.0509 -71.6102
104 -33.0509 -71.6102
609 -33.0508 -71.6102
490 -33.0508 -71.6102
995 -33.0508 -71.6102
953 -33.0506 -71.6102
965 -33.051 -71.6101
552 -33.0511 -71.61
616 -33.0511 -71.61
289 -33.0512 -71.6098
41 -33.0511 -71.61
959 -33.051 -71.6101
893 -33.051 -71.6101
37 -33.0506 -71.6102
164 -33.0499 -71.6116
750 -33.05 -71.6114
379 -33.05 -71.6113
539 -33.0499 -71.6116
258 -33.0499 -71.6119
428 -33.0499 -71.6118
817 -33.0499 -71.6113
766 -33.0499 -71.6113
33 -33.0499 -71.6113
524 -33.05 -71.611
338 -33.05 -71.611
439 -33.0497 -71.6113
526 -33.0497 -71.6112
932 -33.0496 -71.6112
317 -33.0496 -71.6112
465 -33.0496 -71.6112
947 -33.0491 -71.6115
596 -33.0491 -71.6115
779 -33.0491 -71.6114
685 -33.049 -71.6117
899 -33.0489 -71.6121
444 -33.049 -71.612
634 -33.0481 -71.6118
719 -33.0491 -71.6113
342 -33.0491 -71.6113
651 -33.0494 -71.6112
58 -33.0493 -71.6112
312 -33.0491 -71.6112
241 -33.049 -71.6112
96 -33.049 -71.6112
974 -33.05 -71.6109
594 -33.0505 -71.6102
135 -33.0506 -71.6102
570 -33.0505 -71.6102
45 -33.0504 -71.6102
426 -33.0504 -71.6102
443 -33.0504 -71.6102
699 -33.0503 -71.6102
114 -33.0503 -71.6102
777 -33.0504 -71.6102
630 -33.0504 -71.6102
584 -33.0503 -71.6101
396 -33.0502 -71.6101
543 -33.0502 -71.6101
926 -33.0502 -71.6101
352 -33.0502 -71.6101
131 -33.0502 -71.6102
95 -33.0501 -71.6104
451 -33.0502 -71.6104
330 -33.0502 -71.6103
969 -33.0501 -71.6106
898 -33.0501 -71.6109
841 -33.0501 -71.6107
246 -33.0501 -71.6106
684 -33.0502 -71.6103
792 -33.0502 -71.6103
865 -33.0495 -71.6098
288 -33.0495 -71.6097
4 -33.0495 -71.6099
695 -33.0489 -71.6099
985 -33.0488 -71.6099
667 -33.0514 -71.6097
185 -33.0522 -71.6097
707 -33.0522 -71.6096
382 -33.0521 -71.6087
371 -33.0521 -71.6087
562 -33.052 -71.6093
813 -33.052 -71.6089
257 -33.0521 -71.6087
670 -33.0521 -71.6085
882 -33.0527 -71.6082
71 -33.0526 -71.6082
845 -33.0526 -71.6082
325 -33.0526 -71.6082
230 -33.0522 -71.6083
736 -33.0526 -71.6082
294 -33.0525 -71.6082
181 -33.052 -71.6092
720 -33.0517 -71.6094
245 -33.0517 -71.6094
267 -33.0518 -71.6093
691 -33.0517 -71.6094
887 -33.0517 -71.6094
247 -33.0517 -71.6094
806 -33.0517 -71.6094
397 -33.0518 -71.6093
91 -33.0519 -71.6092
625 -33.0519 -71.6092
658 -33.0519 -71.6092
731 -33.0519 -71.6092
534 -33.0519 -71.6092
203 -33.0517 -71.609
623 -33.0517 -71.609
16 -33.0525 -71.6082
199 -33.0525 -71.6082
172 -33.0525 -71.6082
319 -33.0525 -71.6082
229 -33.0525 -71.6082
321 -33.0525 -71.6082
375 -33.0522 -71.6082
788 -33.0525 -71.6082
357 -33.0523 -71.6081
997 -33.0523 -71.6081
993 -33.0522 -71.6079
957 -33.0523 -71.6048
287 -33.0522 -71.6079
103 -33.0522 -71.6079
244 -33.0522 -71.6076
406 -33.0522 -71.6072
544 -33.0522 -71.6081
395 -33.0521 -71.6081
975 -33.0521 -71.6076
564 -33.052 -71.607
8 -33.052 -71.608
232 -33.0519 -71.6076
339 -33.0519 -71.6076
839 -33.0517 -71.6076
358 -33.052 -71.6069
65 -33.052 -71.6068
122 -33.0519 -71.6067
1 -33.052 -71.6048
388 -33.0519 -71.6066
628 -33.0518 -71.6064
913 -33.0517 -71.6062
867 -33.0516 -71.6089
682 -33.0515 -71.6096
67 -33.0515 -71.6096
554 -33.0516 -71.6095
875 -33.0515 -71.6096
871 -33.0514 -71.6097
264 -33.0515 -71.6096
410 -33.0515 -71.6096
28 -33.0504 -71.6091
791 -33.0513 -71.6087
566 -33.0512 -71.6086
536 -33.0511 -71.6086
429 -33.0511 -71.6086
781 -33.0504 -71.609
650 -33.0504 -71.6089
121 -33.0504 -71.6088
47 -33.0504 -71.6092
507 -33.0503 -71.6097
814 -33.0496 -71.6094
729 -33.0496 -71.6093
702 -33.0496 -71.6095
798 -33.0495 -71.6097
249 -33.0495 -71.6096
486 -33.0496 -71.6095
3 -33.0496 -71.6093
39 -33.0501 -71.6091
344 -33.0499 -71.6091
663 -33.0497 -71.6091
928 -33.0497 -71.6091
459 -33.0496 -71.6092
824 -33.0496 -71.6092
270 -33.0511 -71.6086
215 -33.0516 -71.6082
895 -33.0514 -71.6075
989 -33.0514 -71.6075
308 -33.0513 -71.6075
161 -33.051 -71.6086
776 -33.0512 -71.6085
193 -33.0512 -71.6084
21 -33.0512 -71.6074
492 -33.0515 -71.6059
826 -33.0515 -71.6052
30 -33.0516 -71.6052
896 -33.0514 -71.6059
194 -33.0511 -71.6074
800 -33.0512 -71.6059
149 -33.0511 -71.6055
906 -33.0509 -71.6085
508 -33.0508 -71.6085
914 -33.0507 -71.6085
617 -33.0507 -71.6085
717 -33.0504 -71.6085
188 -33.05 -71.6084
59 -33.05 -71.6084
380 -33.05 -71.6084
568 -33.05 -71.6084
618 -33.0498 -71.6084
346 -33.0495 -71.6084
514 -33.0508 -71.6057
559 -33.0491 -71.6083
162 -33.0488 -71.6083
533 -33.0484 -71.6038
