619 -33.0604 -71.6163
760 -33.0605 -71.6163
455 -33.0607 -71.6162
271 -33.0604 -71.6163
290 -33.0597 -71.6166
907 -33.0598 -71.6165
838 -33.0598 -71.6165
154 -33.0599 -71.6161
301 -33.0612 -71.6159
978 -33.0627 -71.6151
475 -33.0626 -71.615
754 -33.0608 -71.6161
803 -33.06 -71.6161
456 -33.0601 -71.616
726 -33.0597 -71.6145
549 -33.0597 -71.6146
466 -33.0594 -71.6167
423 -33.0592 -71.6167
446 -33.0594 -71.6165
403 -33.0592 -71.6168
166 -33.059 -71.6169
179 -33.0591 -71.6168
698 -33.059 -71.6152
424 -33.0591 -71.6151
773 -33.0595 -71.6149
962 -33.0596 -71.6148
61 -33.0596 -71.6148
274 -33.0593 -71.6149
819 -33.059 -71.6151
450 -33.0591 -71.6145
373 -33.0591 -71.6145
367 -33.06 -71.6144
467 -33.0606 -71.6141
686 -33.0607 -71.614
483 -33.0607 -71.6139
123 -33.0603 -71.6143
279 -33.0602 -71.6143
945 -33.0603 -71.6143
762 -33.06 -71.6142
127 -33.0608 -71.6136
751 -33.0601 -71.6134
994 -33.061 -71.6134
189 -33.061 -71.6134
255 -33.0601 -71.6132
927 -33.06 -71.6134
269 -33.0599 -71.6134
693 -33.06 -71.6133
354 -33.0598 -71.6137
405 -33.0595 -71.6141
580 -33.0598 -71.6138
967 -33.0598 -71.6138
150 -33.0594 -71.6141
107 -33.0594 -71.6142
69 -33.0593 -71.6142
641 -33.0593 -71.6141
146 -33.0597 -71.6138
134 -33.0598 -71.6137
816 -33.0598 -71.6137
916 -33.0591 -71.6135
402 -33.0591 -71.6136
464 -33.0591 -71.6136
950 -33.0591 -71.6134
495 -33.059 -71.6169
431 -33.0586 -71.6172
448 -33.0587 -71.6171
145 -33.0589 -71.6169
171 -33.0585 -71.6169
930 -33.0582 -71.6175
908 -33.0583 -71.6174
262 -33.0585 -71.6173
767 -33.0584 -71.6163
809 -33.0588 -71.6154
7 -33.0588 -71.6153
49 -33.0584 -71.6151
546 -33.0584 -71.6151
198 -33.0583 -71.6161
506 -33.0583 -71.6159
761 -33.0582 -71.615
434 -33.0582 -71.615
487 -33.058 -71.6176
946 -33.0581 -71.6175
611 -33.0581 -71.617
614 -33.058 -71.6176
327 -33.0577 -71.6179
393 -33.0578 -71.6178
727 -33.058 -71.6177
117 -33.0581 -71.615
844 -33.0581 -71.615
973 -33.0582 -71.615
254 -33.0582 -71.615
292 -33.0581 -71.615
711 -33.0581 -71.615
992 -33.0579 -71.615
89 -33.0579 -71.615
721 -33.0578 -71.6149
488 -33.0588 -71.6148
797 -33.0586 -71.6146
512 -33.0586 -71.6144
636 -33.0586 -71.6149
341 -33.0584 -71.6149
105 -33.0583 -71.6148
355 -33.0585 -71.6147
551 -33.0582 -71.6142
571 -33.0584 -71.6138
668 -33.0586 -71.6133
822 -33.0589 -71.6133
175 -33.0584 -71.6139
216 -33.0583 -71.6137
521 -33.0583 -71.6134
881 -33.0583 -71.6134
948 -33.0582 -71.6142
892 -33.0577 -71.6149
361 -33.0578 -71.6149
476 -33.0581 -71.6144
864 -33.0577 -71.6149
885 -33.0577 -71.6144
377 -33.0577 -71.6144
713 -33.0577 -71.6144
389 -33.0579 -71.6139
211 -33.0582 -71.6138
587 -33.0581 -71.6135
848 -33.0581 -71.6133
919 -33.0581 -71.6138
730 -33.058 -71.6139
212 -33.0581 -71.6136
963 -33.0582 -71.6131
917 -33.0625 -71.613
118 -33.0631 -71.6129
579 -33.0626 -71.6129
582 -33.0608 -71.6125
537 -33.0604 -71.6129
251 -33.0604 -71.6129
407 -33.0606 -71.6127
14 -33.0609 -71.6124
413 -33.0612 -71.6122
747 -33.0613 -71.6122
733 -33.0614 -71.6121
12 -33.0612 -71.6122
679 -33.0609 -71.6124
351 -33.0609 -71.6124
480 -33.0611 -71.6123
674 -33.0604 -71.6128
370 -33.0603 -71.613
408 -33.0604 -71.6129
272 -33.0599 -71.6128
295 -33.0598 -71.6128
160 -33.0596 -71.6128
310 -33.0597 -71.6128
602 -33.0595 -71.6128
414 -33.06 -71.6128
789 -33.0601 -71.6128
387 -33.0602 -71.6128
237 -33.0603 -71.6124
577 -33.0601 -71.6128
998 -33.0595 -71.6128
991 -33.0595 -71.6125
955 -33.0595 -71.6124
976 -33.0637 -71.6121
531 -33.0626 -71.6121
238 -33.0626 -71.6121
501 -33.0626 -71.6121
774 -33.0626 -71.612
640 -33.0621 -71.612
879 -33.0619 -71.612
869 -33.062 -71.612
209 -33.062 -71.612
482 -33.0638 -71.6117
420 -33.064 -71.6116
326 -33.0643 -71.6115
523 -33.0631 -71.6119
60 -33.0619 -71.612
561 -33.0629 -71.6119
608 -33.0619 -71.6118
51 -33.0619 -71.612
286 -33.0617 -71.6121
646 -33.0617 -71.612
958 -33.0618 -71.612
52 -33.0617 -71.6121
252 -33.0595 -71.6121
57 -33.0614 -71.6121
452 -33.0615 -71.6121
366 -33.0618 -71.612
818 -33.0618 -71.612
642 -33.0618 -71.612
627 -33.0609 -71.6115
307 -33.0607 -71.6116
743 -33.0595 -71.612
368 -33.0598 -71.6116
909 -33.0595 -71.6116
42 -33.0585 -71.613
615 -33.0584 -71.613
863 -33.0585 -71.613
18 -33.0584 -71.613
334 -33.0583 -71.613
70 -33.0583 -71.613
324 -33.0583 -71.613
202 -33.0585 -71.613
759 -33.059 -71.6129
309 -33.0591 -71.6129
22 -33.0591 -71.6129
102 -33.0589 -71.6129
208 -33.0586 -71.613
200 -33.0586 -71.613
124 -33.0588 -71.6129
837 -33.0581 -71.613
801 -33.0581 -71.613
227 -33.058 -71.613
87 -33.058 -71.613
607 -33.058 -71.613
520 -33.0577 -71.6131
35 -33.0577 -71.6131
661 -33.058 -71.613
725 -33.0579 -71.613
877 -33.0579 -71.6129
771 -33.0579 -71.6129
498 -33.0579 -71.6129
235 -33.0578 -71.6129
265 -33.0578 -71.6129
649 -33.0578 -71.6129
575 -33.0591 -71.6129
19 -33.0594 -71.6129
224 -33.0594 -71.6129
601 -33.0595 -71.6128
347 -33.0594 -71.6129
986 -33.0593 -71.6129
603 -33.0594 -71.6129
376 -33.0594 -71.6129
742 -33.0589 -71.6128
23 -33.0592 -71.6126
298 -33.0593 -71.6116
563 -33.0593 -71.6116
303 -33.0591 -71.6125
386 -33.0589 -71.6127
20 -33.0589 -71.6127
676 -33.0591 -71.6122
29 -33.0588 -71.6126
842 -33.0583 -71.6126
905 -33.0584 -71.6124
197 -33.0585 -71.6124
214 -33.0583 -71.6127
872 -33.0583 -71.6127
645 -33.0583 -71.6127
542 -33.0582 -71.6127
108 -33.0582 -71.6124
151 -33.0581 -71.6121
560 -33.0588 -71.6117
606 -33.0583 -71.6113
442 -33.0581 -71.612
15 -33.058 -71.6113
569 -33.0579 -71.6113
128 -33.0576 -71.6179
66 -33.057 -71.6183
597 -33.0575 -71.6181
703 -33.0575 -71.6181
961 -33.0567 -71.6182
904 -33.0566 -71.6182
364 -33.0565 -71.6182
109 -33.0562 -71.6181
504 -33.0576 -71.618
830 -33.0576 -71.6179
100 -33.0569 -71.6171
585 -33.0572 -71.617
964 -33.0562 -71.6161
142 -33.0562 -71.616
412 -33.0562 -71.616
85 -33.0562 -71.6159
574 -33.0562 -71.616
130 -33.0561 -71.6181
550 -33.0561 -71.6161
106 -33.0561 -71.616
165 -33.0561 -71.618
859 -33.0559 -71.6163
940 -33.056 -71.6162
176 -33.0561 -71.6161
850 -33.0561 -71.616
688 -33.0561 -71.616
796 -33.0562 -71.6159
115 -33.0562 -71.6158
884 -33.0561 -71.616
572 -33.0559 -71.6159
13 -33.0559 -71.6159
494 -33.0559 -71.6158
890 -33.0561 -71.6158
647 -33.0561 -71.6158
24 -33.0561 -71.6158
226 -33.0561 -71.6158
497 -33.0561 -71.6158
304 -33.0561 -71.6157
5 -33.0561 -71.6157
17 -33.0561 -71.6152
632 -33.0562 -71.6151
430 -33.0564 -71.615
253 -33.0565 -71.6149
148 -33.0565 -71.6149
266 -33.0564 -71.615
783 -33.0563 -71.615
756 -33.0563 -71.615
385 -33.0563 -71.615
260 -33.0561 -71.6152
195 -33.0561 -71.6157
144 -33.0561 -71.6157
496 -33.0561 -71.6157
315 -33.0561 -71.6156
111 -33.056 -71.6156
75 -33.056 -71.6155
38 -33.056 -71.6155
659 -33.056 -71.6154
678 -33.056 -71.6153
749 -33.056 -71.6152
250 -33.0561 -71.6152
852 -33.056 -71.6154
500 -33.056 -71.6154
163 -33.0559 -71.6153
313 -33.0559 -71.6163
979 -33.0558 -71.618
10 -33.0558 -71.618
983 -33.0557 -71.6179
949 -33.0557 -71.6179
786 -33.0555 -71.6179
829 -33.0554 -71.6174
883 -33.0556 -71.617
217 -33.0557 -71.6167
53 -33.0558 -71.6164
999 -33.0558 -71.6164
191 -33.0557 -71.6159
174 -33.0557 -71.6159
479 -33.0557 -71.6166
697 -33.0557 -71.6166
273 -33.0557 -71.6159
589 -33.0554 -71.6175
629 -33.0544 -71.6189
409 -33.0548 -71.6187
511 -33.0546 -71.6184
849 -33.0541 -71.6189
516 -33.053 -71.6187
509 -33.0535 -71.6185
427 -33.0538 -71.6184
708 -33.0548 -71.6184
987 -33.055 -71.618
25 -33.0551 -71.6179
598 -33.0553 -71.6178
92 -33.055 -71.6181
710 -33.055 -71.6181
644 -33.0528 -71.6159
652 -33.0557 -71.6159
692 -33.0555 -71.6159
900 -33.0553 -71.6158
712 -33.0553 -71.6158
529 -33.0552 -71.6158
263 -33.0551 -71.6158
453 -33.055 -71.6158
239 -33.0549 -71.6158
416 -33.0548 -71.6157
573 -33.0546 -71.6157
353 -33.0549 -71.6151
54 -33.0546 -71.6149
889 -33.0545 -71.6157
170 -33.0545 -71.6157
333 -33.0544 -71.6157
113 -33.0543 -71.6157
639 -33.0542 -71.6157
605 -33.0542 -71.6157
155 -33.0542 -71.6157
763 -33.0539 -71.6156
794 -33.0539 -71.6156
911 -33.0527 -71.6159
764 -33.0526 -71.6158
988 -33.0517 -71.6156
277 -33.0515 -71.6156
157 -33.0538 -71.6156
635 -33.0533 -71.6155
610 -33.0531 -71.6155
205 -33.0515 -71.6156
820 -33.0515 -71.6156
938 -33.0515 -71.6156
545 -33.0576 -71.6149
228 -33.0576 -71.6149
812 -33.0576 -71.6149
787 -33.0575 -71.6149
593 -33.0574 -71.6145
600 -33.0573 -71.6149
204 -33.0573 -71.6148
343 -33.0573 -71.6147
547 -33.0574 -71.6144
210 -33.0574 -71.6142
775 -33.0575 -71.614
68 -33.0575 -71.6138
891 -33.0574 -71.6142
734 -33.0574 -71.6143
421 -33.0574 -71.6143
40 -33.0574 -71.6135
323 -33.0571 -71.6148
565 -33.0571 -71.6148
880 -33.057 -71.6148
687 -33.057 -71.6148
340 -33.0567 -71.6148
177 -33.0565 -71.6149
739 -33.0566 -71.6149
93 -33.0566 -71.6148
399 -33.0567 -71.6148
860 -33.057 -71.6148
320 -33.057 -71.6148
185 -33.0571 -71.6135
831 -33.0568 -71.6147
116 -33.0567 -71.6147
795 -33.0568 -71.6147
835 -33.0568 -71.6147
591 -33.0576 -71.6134
173 -33.0576 -71.6129
82 -33.0576 -71.6129
738 -33.0576 -71.6129
599 -33.0576 -71.6129
437 -33.0575 -71.6129
306 -33.0575 -71.6128
655 -33.0575 -71.6128
233 -33.0575 -71.6128
707 -33.0573 -71.6128
201 -33.0572 -71.6127
681 -33.0575 -71.6116
942 -33.0572 -71.6127
392 -33.0572 -71.6127
902 -33.0571 -71.6127
275 -33.0569 -71.6126
562 -33.0569 -71.6126
181 -33.0567 -71.6133
658 -33.0568 -71.6126
534 -33.0568 -71.6126
625 -33.0566 -71.6133
91 -33.0566 -71.6132
867 -33.0562 -71.6131
382 -33.0563 -71.6131
449 -33.0567 -71.6125
996 -33.0567 -71.6125
203 -33.0566 -71.6125
623 -33.0565 -71.6124
805 -33.0565 -71.6124
186 -33.0564 -71.6124
588 -33.0563 -71.6124
666 -33.0562 -71.6123
161 -33.0555 -71.6131
429 -33.0556 -71.6131
536 -33.0556 -71.6131
683 -33.0553 -71.6124
59 -33.0546 -71.6127
717 -33.0552 -71.6124
188 -33.0548 -71.6124
568 -33.0547 -71.6124
791 -33.0562 -71.6123
638 -33.0561 -71.6123
566 -33.056 -71.6123
906 -33.0556 -71.6123
914 -33.0555 -71.6124
617 -33.0556 -71.6123
508 -33.0556 -71.6123
758 -33.0546 -71.6124
447 -33.0503 -71.613
9 -33.0511 -71.613
827 -33.0511 -71.6129
802 -33.0497 -71.6127
101 -33.0494 -71.6144
139 -33.0497 -71.6128
322 -33.0497 -71.6127
696 -33.0498 -71.6127
380 -33.0545 -71.6126
618 -33.0545 -71.6126
44 -33.0545 -71.6123
633 -33.0498 -71.6124
735 -33.0498 -71.6126
222 -33.0498 -71.6125
33 -33.0557 -71.6123
270 -33.0558 -71.6123
346 -33.0543 -71.6123
559 -33.0543 -71.6122
851 -33.0537 -71.6122
862 -33.0527 -71.6121
553 -33.0517 -71.612
901 -33.0518 -71.6118
348 -33.0519 -71.6118
394 -33.053 -71.6116
660 -33.0531 -71.6116
834 -33.0532 -71.6115
855 -33.053 -71.6116
81 -33.0519 -71.6118
604 -33.052 -71.6118
314 -33.053 -71.6116
972 -33.0512 -71.6119
793 -33.0512 -71.612
935 -33.0499 -71.6117
485 -33.0499 -71.6117
80 -33.0499 -71.6118
718 -33.0498 -71.6122
360 -33.0499 -71.612
34 -33.0499 -71.6119
493 -33.0499 -71.6117
583 -33.05 -71.6115
732 -33.05 -71.6113
643 -33.05 -71.6113
982 -33.0492 -71.6113
784 -33.0491 -71.6116
220 -33.0491 -71.6116
484 -33.05 -71.6113
297 -33.0618 -71.6108
474 -33.0618 -71.6108
790 -33.064 -71.6108
934 -33.0618 -71.6108
43 -33.0618 -71.6106
581 -33.0617 -71.6103
576 -33.0617 -71.6103
63 -33.0632 -71.61
499 -33.0624 -71.6097
11 -33.0623 -71.6097
677 -33.0635 -71.6094
335 -33.062 -71.6094
473 -33.0619 -71.6094
858 -33.0615 -71.6094
438 -33.0615 -71.6094
700 -33.0615 -71.6103
903 -33.0614 -71.6107
285 -33.0614 -71.6102
705 -33.0613 -71.6101
26 -33.061 -71.6103
876 -33.0603 -71.611
886 -33.0602 -71.6103
305 -33.0601 -71.6101
740 -33.0611 -71.6098
422 -33.0613 -71.6094
282 -33.0613 -71.6093
944 -33.0612 -71.6093
219 -33.061 -71.6093
138 -33.0605 -71.6096
970 -33.0608 -71.6096
918 -33.061 -71.6093
723 -33.061 -71.6093
878 -33.061 -71.6093
469 -33.062 -71.6091
79 -33.062 -71.609
489 -33.061 -71.6091
715 -33.061 -71.609
458 -33.0609 -71.609
470 -33.0609 -71.6089
478 -33.0615 -71.6089
225 -33.0618 -71.6087
400 -33.0622 -71.6083
419 -33.0617 -71.608
72 -33.0613 -71.6089
463 -33.0612 -71.6089
664 -33.0609 -71.6089
461 -33.061 -71.6086
156 -33.0609 -71.6088
350 -33.0608 -71.6088
62 -33.0608 -71.6088
94 -33.0607 -71.6085
532 -33.0607 -71.6085
73 -33.0605 -71.6092
746 -33.0606 -71.6085
332 -33.0602 -71.6083
952 -33.0603 -71.6083
183 -33.0602 -71.6082
690 -33.0602 -71.6082
753 -33.0607 -71.6079
328 -33.0602 -71.6082
468 -33.0601 -71.6079
888 -33.0601 -71.6078
132 -33.06 -71.6088
187 -33.0592 -71.6112
190 -33.0594 -71.6108
97 -33.0595 -71.6103
748 -33.0589 -71.6112
259 -33.0589 -71.6112
415 -33.0586 -71.6105
765 -33.0586 -71.6105
657 -33.0586 -71.6101
866 -33.0596 -71.6098
626 -33.06 -71.6088
810 -33.0598 -71.6082
2 -33.0592 -71.6088
362 -33.0589 -71.6095
856 -33.0587 -71.6093
236 -33.0588 -71.6088
558 -33.0584 -71.6106
706 -33.0581 -71.6108
821 -33.0582 -71.6106
143 -33.0581 -71.6105
141 -33.0579 -71.6103
861 -33.0577 -71.6109
510 -33.0577 -71.6107
384 -33.0577 -71.6102
815 -33.0577 -71.6102
745 -33.0582 -71.6101
454 -33.0582 -71.609
257 -33.0582 -71.6084
244 -33.058 -71.6083
268 -33.058 -71.6099
811 -33.0579 -71.6083
731 -33.0578 -71.6082
714 -33.06 -71.6081
757 -33.0599 -71.608
471 -33.0598 -71.6079
981 -33.0598 -71.6079
167 -33.0598 -71.6082
846 -33.059 -71.6079
528 -33.059 -71.6079
103 -33.0586 -71.6079
752 -33.0597 -71.6078
929 -33.0589 -71.6078
369 -33.0596 -71.6078
375 -33.0588 -71.6078
395 -33.0587 -71.6079
556 -33.0588 -71.6078
997 -33.0588 -71.6078
287 -33.0586 -71.6079
839 -33.0581 -71.6081
813 -33.0582 -71.6081
232 -33.0582 -71.6081
397 -33.0577 -71.6082
122 -33.0577 -71.6081
989 -33.0577 -71.6081
806 -33.0577 -71.6081
215 -33.0582 -71.6081
675 -33.0584 -71.608
371 -33.0583 -71.608
737 -33.0584 -71.608
242 -33.0583 -71.608
339 -33.0582 -71.6081
993 -33.0581 -71.6078
653 -33.0596 -71.6078
672 -33.0624 -71.6074
977 -33.0617 -71.6073
833 -33.0618 -71.6069
662 -33.0616 -71.607
923 -33.0605 -71.6077
557 -33.0609 -71.6073
381 -33.0607 -71.6073
300 -33.0606 -71.6068
441 -33.0634 -71.6065
147 -33.0633 -71.6065
870 -33.0636 -71.6065
592 -33.0616 -71.6067
808 -33.0612 -71.6068
159 -33.0609 -71.6065
925 -33.0607 -71.6064
137 -33.0604 -71.6077
836 -33.0601 -71.6077
502 -33.0599 -71.6077
966 -33.0598 -71.6077
398 -33.0598 -71.6077
741 -33.0596 -71.6078
832 -33.0595 -71.6077
785 -33.0598 -71.6077
56 -33.0597 -71.6077
912 -33.0602 -71.6072
281 -33.0602 -71.607
772 -33.0601 -71.6065
46 -33.0601 -71.6072
192 -33.0593 -71.6076
365 -33.0594 -71.6076
404 -33.0595 -71.6065
954 -33.0594 -71.6064
331 -33.0634 -71.6064
291 -33.0637 -71.6064
112 -33.0632 -71.6062
90 -33.0629 -71.606
924 -33.0627 -71.6058
296 -33.0623 -71.6056
491 -33.061 -71.6055
622 -33.0607 -71.6054
78 -33.0617 -71.605
922 -33.0615 -71.6049
857 -33.0615 -71.6049
769 -33.0611 -71.605
843 -33.0608 -71.6053
825 -33.061 -71.6052
169 -33.0607 -71.6046
620 -33.0607 -71.6046
83 -33.0601 -71.6063
129 -33.0601 -71.6063
311 -33.06 -71.6062
951 -33.0599 -71.6063
669 -33.0593 -71.6064
349 -33.0593 -71.6064
873 -33.0593 -71.6064
411 -33.0599 -71.6062
158 -33.0602 -71.606
32 -33.0603 -71.6058
261 -33.0607 -71.6054
293 -33.0598 -71.6045
256 -33.0594 -71.6055
99 -33.0597 -71.6045
624 -33.0593 -71.6076
229 -33.0591 -71.6077
294 -33.0591 -71.6077
736 -33.0591 -71.6077
325 -33.0591 -71.6077
199 -33.059 -71.6077
788 -33.059 -71.6077
321 -33.059 -71.6077
882 -33.0592 -71.6076
71 -33.0593 -71.6076
243 -33.0592 -71.6075
378 -33.0592 -71.6068
671 -33.0591 -71.6067
280 -33.0591 -71.6075
126 -33.0588 -71.6066
704 -33.0588 -71.6066
555 -33.0587 -71.6066
110 -33.0584 -71.6073
182 -33.0583 -71.6071
910 -33.058 -71.6068
613 -33.0577 -71.6073
319 -33.0577 -71.6076
390 -33.0577 -71.6072
578 -33.0577 -71.6068
168 -33.0584 -71.6067
980 -33.0584 -71.6067
230 -33.0584 -71.6066
276 -33.0585 -71.6066
670 -33.0584 -71.6066
8 -33.0583 -71.6067
503 -33.0578 -71.6066
120 -33.0585 -71.6066
125 -33.0592 -71.6065
284 -33.0592 -71.6064
417 -33.0593 -71.6064
845 -33.0591 -71.6065
172 -33.0589 -71.6065
16 -33.059 -71.6065
505 -33.0591 -71.6065
527 -33.0592 -71.6063
513 -33.0591 -71.6063
525 -33.059 -71.6063
221 -33.0591 -71.6054
196 -33.0587 -71.6051
957 -33.0587 -71.6051
937 -33.0586 -71.6051
1 -33.0586 -71.6042
544 -33.0586 -71.6066
840 -33.0584 -71.6062
782 -33.0583 -71.6062
223 -33.0585 -71.6062
136 -33.0582 -71.6059
357 -33.0578 -71.6062
990 -33.058 -71.6062
477 -33.058 -71.6059
316 -33.0577 -71.6058
984 -33.0583 -71.6058
595 -33.0583 -71.6051
30 -33.0579 -71.6045
406 -33.0579 -71.6045
460 -33.0578 -71.6058
826 -33.0578 -71.6045
193 -33.0576 -71.6076
540 -33.0575 -71.6103
391 -33.0575 -71.6101
770 -33.0573 -71.61
673 -33.0573 -71.61
915 -33.0558 -71.6104
336 -33.056 -71.6103
517 -33.0562 -71.6102
372 -33.0567 -71.61
433 -33.0573 -71.6095
931 -33.0573 -71.6093
874 -33.0576 -71.6088
975 -33.0564 -71.6096
744 -33.0559 -71.6095
358 -33.0558 -71.6095
65 -33.0558 -71.6095
895 -33.0557 -71.6094
345 -33.054 -71.6105
133 -33.054 -71.6105
74 -33.0542 -71.6105
77 -33.0539 -71.6112
31 -33.0539 -71.6112
780 -33.0538 -71.611
401 -33.0538 -71.6105
278 -33.0543 -71.6105
621 -33.0556 -71.6105
995 -33.0552 -71.6099
388 -33.0556 -71.6094
180 -33.0552 -71.6099
27 -33.0543 -71.6105
920 -33.0548 -71.6104
894 -33.055 -71.6102
535 -33.0575 -71.6088
258 -33.0546 -71.6085
428 -33.0545 -71.6085
695 -33.0546 -71.6085
651 -33.0545 -71.6085
985 -33.0545 -71.6085
58 -33.0545 -71.6085
656 -33.0543 -71.6085
465 -33.0547 -71.6085
439 -33.0548 -71.6084
539 -33.0548 -71.6084
750 -33.0549 -71.6083
526 -33.0548 -71.6084
932 -33.0547 -71.6085
317 -33.0547 -71.6085
164 -33.0548 -71.6084
312 -33.0542 -71.6085
329 -33.0541 -71.6085
342 -33.0542 -71.6085
719 -33.0541 -71.6085
241 -33.0541 -71.6085
522 -33.0536 -71.6085
548 -33.0536 -71.6085
86 -33.0537 -71.6085
779 -33.0541 -71.6085
96 -33.054 -71.6085
947 -33.054 -71.6085
596 -33.054 -71.6085
804 -33.0539 -71.6085
518 -33.0538 -71.6085
685 -33.0539 -71.6085
337 -33.0536 -71.6107
140 -33.0515 -71.6096
318 -33.0515 -71.6096
213 -33.0516 -71.6095
853 -33.0514 -71.6097
283 -33.051 -71.6101
440 -33.0512 -71.6099
206 -33.0513 -71.6098
897 -33.0516 -71.6095
436 -33.0519 -71.6092
631 -33.0519 -71.6092
84 -33.0519 -71.6092
36 -33.0519 -71.6093
941 -33.0516 -71.6095
50 -33.0518 -71.6093
868 -33.0518 -71.6093
933 -33.051 -71.6101
152 -33.0501 -71.6107
724 -33.0501 -71.6107
722 -33.0501 -71.6107
55 -33.0501 -71.6108
88 -33.0496 -71.6112
939 -33.05 -71.6111
755 -33.0501 -71.611
530 -33.0501 -71.6105
48 -33.0509 -71.6102
694 -33.0506 -71.6102
383 -33.0506 -71.6102
716 -33.0505 -71.6102
968 -33.0502 -71.6101
799 -33.0503 -71.6094
854 -33.0519 -71.6091
709 -33.0536 -71.6085
665 -33.0536 -71.6085
207 -33.0535 -71.6085
444 -33.0535 -71.6085
76 -33.0535 -71.6085
847 -33.0534 -71.6085
654 -33.0533 -71.6085
240 -33.0532 -71.6084
64 -33.0532 -71.6084
153 -33.0532 -71.6084
363 -33.0532 -71.6084
178 -33.0532 -71.6084
425 -33.0531 -71.6084
828 -33.0531 -71.6084
481 -33.0531 -71.6084
956 -33.0529 -71.6083
218 -33.052 -71.6089
960 -33.052 -71.6088
612 -33.0521 -71.6087
519 -33.052 -71.609
541 -33.052 -71.6091
778 -33.052 -71.6091
586 -33.052 -71.609
435 -33.051 -71.6086
374 -33.0522 -71.6084
462 -33.0522 -71.6083
457 -33.0529 -71.6083
515 -33.0522 -71.6084
302 -33.0521 -71.6085
432 -33.0521 -71.6085
807 -33.0529 -71.6083
245 -33.0576 -71.6081
720 -33.0576 -71.6081
691 -33.0576 -71.6081
308 -33.0576 -71.6081
21 -33.0575 -71.6081
887 -33.0575 -71.6081
194 -33.0575 -71.6081
554 -33.0574 -71.6081
299 -33.0574 -71.6081
875 -33.0574 -71.6081
682 -33.0573 -71.6081
410 -33.0573 -71.6081
264 -33.0573 -71.6081
871 -33.0573 -71.608
913 -33.0572 -71.608
359 -33.0572 -71.608
667 -33.0572 -71.608
921 -33.0572 -71.608
289 -33.0571 -71.608
616 -33.0568 -71.608
893 -33.0567 -71.608
965 -33.0567 -71.608
959 -33.0567 -71.608
650 -33.0566 -71.608
896 -33.0567 -71.608
445 -33.0566 -71.608
800 -33.0565 -71.608
609 -33.0565 -71.608
490 -33.0564 -71.608
28 -33.0563 -71.608
37 -33.0562 -71.608
594 -33.0562 -71.608
6 -33.0569 -71.6071
184 -33.057 -71.6071
67 -33.0572 -71.607
567 -33.0569 -71.6071
41 -33.0566 -71.6072
492 -33.0567 -71.6072
552 -33.0567 -71.6072
628 -33.0572 -71.6069
267 -33.0576 -71.6068
564 -33.0576 -71.6065
768 -33.0576 -71.6049
98 -33.0575 -71.6051
247 -33.0574 -71.6069
472 -33.0575 -71.6061
149 -33.0572 -71.6047
689 -33.0565 -71.6073
570 -33.0562 -71.6079
39 -33.0562 -71.6079
630 -33.0561 -71.6079
45 -33.0561 -71.6079
514 -33.056 -71.6079
426 -33.056 -71.6079
699 -33.056 -71.6079
584 -33.056 -71.6079
47 -33.0563 -71.6074
104 -33.0565 -71.6073
776 -33.0563 -71.6044
135 -33.0563 -71.6074
777 -33.056 -71.6075
953 -33.0562 -71.6074
443 -33.056 -71.6076
865 -33.0552 -71.6081
338 -33.0552 -71.6081
524 -33.0553 -71.6081
974 -33.0552 -71.6081
379 -33.0549 -71.6083
766 -33.0549 -71.6083
4 -33.055 -71.6082
288 -33.0553 -71.608
162 -33.0554 -71.608
486 -33.0554 -71.6079
841 -33.0554 -71.6079
798 -33.0553 -71.608
898 -33.0553 -71.608
249 -33.0553 -71.608
702 -33.0553 -71.608
817 -33.0549 -71.6083
634 -33.0529 -71.6083
231 -33.0528 -71.6083
418 -33.0528 -71.6083
823 -33.0528 -71.6083
119 -33.0528 -71.6083
234 -33.0527 -71.6082
701 -33.0527 -71.6082
590 -33.0527 -71.6082
680 -33.0527 -71.6082
728 -33.0525 -71.6082
0 -33.0525 -71.6082
637 -33.0524 -71.6081
648 -33.0522 -71.6081
538 -33.0523 -71.6081
814 -33.0555 -71.6079
114 -33.0559 -71.6079
131 -33.0559 -71.6079
684 -33.0558 -71.6078
663 -33.0557 -71.6078
330 -33.0557 -71.6078
824 -33.0556 -71.6078
356 -33.0556 -71.6077
928 -33.0556 -71.6077
936 -33.0559 -71.6076
543 -33.0559 -71.6076
926 -33.0559 -71.6076
396 -33.0558 -71.6076
943 -33.0557 -71.6077
352 -33.0558 -71.6076
344 -33.0558 -71.6076
121 -33.0556 -71.6047
459 -33.0555 -71.6078
451 -33.0556 -71.6078
95 -33.0556 -71.6078
969 -33.0555 -71.6079
246 -33.0555 -71.6079
3 -33.0555 -71.6079
971 -33.0522 -71.6074
248 -33.0522 -71.6074
729 -33.0545 -71.6053
507 -33.0549 -71.6051
781 -33.0554 -71.6048
792 -33.0544 -71.6053
899 -33.0526 -71.6068
533 -33.0542 -71.6047
