497 -33.0544 -71.6229
647 -33.0544 -71.6229
5 -33.0544 -71.6229
142 -33.0544 -71.623
883 -33.0543 -71.6244
109 -33.0543 -71.6242
85 -33.0543 -71.6231
115 -33.0544 -71.6229
38 -33.0545 -71.6227
315 -33.0545 -71.6226
500 -33.0546 -71.6225
703 -33.0545 -71.6228
890 -33.0544 -71.6228
796 -33.0544 -71.6228
226 -33.0544 -71.6228
66 -33.0543 -71.6232
829 -33.0539 -71.6245
979 -33.054 -71.6244
217 -33.0543 -71.624
786 -33.0538 -71.6245
25 -33.0533 -71.6246
598 -33.0535 -71.6245
589 -33.0537 -71.6245
697 -33.0543 -71.624
479 -33.0543 -71.6239
53 -33.0543 -71.6238
550 -33.0543 -71.6232
961 -33.0543 -71.6237
313 -33.0543 -71.6236
940 -33.0543 -71.6234
176 -33.0543 -71.6233
327 -33.0546 -71.6225
177 -33.0551 -71.6217
880 -33.0551 -71.6213
179 -33.055 -71.6208
930 -33.055 -71.6218
487 -33.0548 -71.622
266 -33.0549 -71.6219
253 -33.055 -71.6218
978 -33.0549 -71.6184
475 -33.0565 -71.6182
765 -33.0551 -71.6179
413 -33.0551 -71.6178
189 -33.055 -71.618
582 -33.0549 -71.6183
963 -33.055 -71.6181
367 -33.055 -71.6181
260 -33.0547 -71.6222
678 -33.0547 -71.6223
210 -33.0547 -71.6203
377 -33.0546 -71.6202
881 -33.0537 -71.6184
42 -33.0533 -71.6188
134 -33.0536 -71.6185
816 -33.0537 -71.6184
376 -33.0538 -71.6184
408 -33.0544 -71.6184
537 -33.0545 -71.6184
407 -33.0547 -71.6184
370 -33.0543 -71.6184
549 -33.054 -71.6184
255 -33.0542 -71.6184
301 -33.0533 -71.6188
987 -33.0531 -71.6246
542 -33.0533 -71.6188
361 -33.0533 -71.6188
710 -33.0531 -71.6246
92 -33.0531 -71.6246
409 -33.0525 -71.6245
629 -33.052 -71.6244
69 -33.0531 -71.6187
698 -33.0529 -71.6187
754 -33.0529 -71.6187
373 -33.0528 -71.6187
455 -33.0527 -71.6187
587 -33.0527 -71.6187
216 -33.0526 -71.6187
760 -33.0525 -71.6186
849 -33.0519 -71.6246
101 -33.0511 -71.6232
34 -33.0506 -71.6213
935 -33.0507 -71.6212
493 -33.0506 -71.6211
633 -33.0504 -71.6218
447 -33.0505 -71.6216
732 -33.0503 -71.6209
116 -33.0514 -71.619
399 -33.0514 -71.619
163 -33.05 -71.6188
166 -33.0511 -71.6186
852 -33.05 -71.6188
111 -33.0499 -71.6187
144 -33.0498 -71.6187
597 -33.0497 -71.6186
809 -33.0525 -71.6186
919 -33.0523 -71.6186
456 -33.0522 -71.6185
803 -33.0522 -71.6185
355 -33.0521 -71.6185
341 -33.052 -71.6185
761 -33.0519 -71.6184
434 -33.0519 -71.6184
844 -33.0519 -71.6184
838 -33.0518 -71.6184
198 -33.0517 -71.6184
973 -33.0517 -71.6184
713 -33.0516 -71.6184
775 -33.0516 -71.6184
891 -33.0515 -71.6184
767 -33.0515 -71.6184
466 -33.0514 -71.6184
323 -33.051 -71.6186
687 -33.0507 -71.6185
448 -33.0507 -71.6185
831 -33.0507 -71.6184
17 -33.05 -71.6186
250 -33.05 -71.6186
340 -33.0506 -71.6184
262 -33.0505 -71.6184
547 -33.0513 -71.6184
495 -33.051 -71.6182
431 -33.0505 -71.618
632 -33.0501 -71.6184
727 -33.0499 -71.6178
614 -33.0498 -71.6178
393 -33.0496 -71.6177
774 -33.0557 -71.6165
560 -33.0558 -71.6164
297 -33.0561 -71.616
869 -33.0556 -71.6171
668 -33.0553 -71.6176
57 -33.0554 -71.6175
646 -33.0555 -71.6173
561 -33.056 -71.6159
842 -33.0557 -71.6159
483 -33.0557 -71.6159
531 -33.0556 -71.6159
501 -33.0556 -71.6159
124 -33.0555 -71.6159
640 -33.0551 -71.6158
464 -33.0551 -71.6158
950 -33.0551 -71.6158
608 -33.0551 -71.6158
20 -33.055 -71.6158
60 -33.0549 -71.6158
107 -33.0529 -71.6158
269 -33.0528 -71.6159
693 -33.0529 -71.6158
520 -33.0529 -71.6158
879 -33.0548 -71.6158
818 -33.0548 -71.6157
286 -33.0548 -71.6157
602 -33.0529 -71.6157
146 -33.0525 -71.6158
442 -33.0525 -71.6157
580 -33.0525 -71.6157
271 -33.0524 -71.6157
150 -33.0522 -71.6157
18 -33.054 -71.6156
994 -33.0556 -71.6156
991 -33.056 -71.6155
822 -33.0538 -71.6156
450 -33.0537 -71.6156
389 -33.0534 -71.6155
743 -33.0533 -71.6155
948 -33.056 -71.6154
482 -33.056 -71.6154
976 -33.056 -71.6153
118 -33.0561 -71.6152
872 -33.056 -71.6153
945 -33.0559 -71.6153
686 -33.0545 -71.6148
127 -33.0541 -71.6146
476 -33.0532 -71.6155
279 -33.053 -71.6155
251 -33.0532 -71.6155
726 -33.053 -71.6155
123 -33.053 -71.6156
641 -33.052 -71.6156
819 -33.0518 -71.6156
488 -33.0518 -71.6156
955 -33.053 -71.6155
762 -33.053 -71.6139
105 -33.0524 -71.6135
405 -33.0524 -71.6135
907 -33.0524 -71.6135
446 -33.052 -71.6132
403 -33.0517 -71.6131
290 -33.0517 -71.6156
423 -33.0517 -71.6131
356 -33.0514 -71.6131
145 -33.0514 -71.6131
730 -33.0511 -71.6156
546 -33.0508 -71.6155
117 -33.0506 -71.6155
254 -33.0505 -71.6155
931 -33.0512 -71.6131
943 -33.0511 -71.6131
309 -33.051 -71.6131
936 -33.0511 -71.6131
151 -33.0509 -71.6131
171 -33.0509 -71.6131
433 -33.0509 -71.6131
759 -33.0509 -71.6131
292 -33.0505 -71.6155
864 -33.0504 -71.6158
908 -33.0503 -71.6158
892 -33.0504 -71.6158
721 -33.0503 -71.6158
320 -33.0497 -71.6159
565 -33.0497 -71.6158
545 -33.0503 -71.6158
787 -33.0502 -71.6158
946 -33.0501 -71.6157
812 -33.0505 -71.6157
992 -33.0505 -71.6156
860 -33.0498 -71.6158
246 -33.0497 -71.6132
841 -33.0497 -71.6132
102 -33.0508 -71.6131
391 -33.0507 -71.6131
108 -33.0507 -71.6131
611 -33.0507 -71.6131
711 -33.0507 -71.6131
200 -33.0506 -71.6131
208 -33.0506 -71.6131
202 -33.0505 -71.613
615 -33.0505 -71.613
986 -33.0511 -71.6129
386 -33.0511 -71.6127
143 -33.0511 -71.6126
141 -33.0511 -71.6129
334 -33.0504 -71.613
70 -33.0503 -71.613
837 -33.0502 -71.613
801 -33.05 -71.613
87 -33.05 -71.613
661 -33.05 -71.613
725 -33.0499 -71.613
372 -33.0499 -71.6129
877 -33.0498 -71.6129
265 -33.0498 -71.6129
599 -33.0496 -71.6129
95 -33.0497 -71.6129
543 -33.0498 -71.6126
396 -33.0498 -71.6126
699 -33.0498 -71.6125
352 -33.0498 -71.6127
684 -33.0497 -71.6129
792 -33.0497 -71.6128
585 -33.0496 -71.6129
716 -33.0496 -71.6199
694 -33.0496 -71.6198
799 -33.0495 -71.6196
901 -33.0494 -71.6194
283 -33.0494 -71.6193
440 -33.0494 -71.6191
999 -33.0494 -71.6191
859 -33.0494 -71.6189
412 -33.0495 -71.6187
712 -33.0484 -71.6185
36 -33.0484 -71.6184
897 -33.0484 -71.6186
213 -33.0484 -71.6186
130 -33.0484 -71.6186
529 -33.0484 -71.6186
263 -33.0483 -71.6187
889 -33.0481 -71.6192
573 -33.0481 -71.6192
206 -33.0481 -71.6191
170 -33.048 -71.6194
605 -33.0478 -71.6196
113 -33.0479 -71.6195
333 -33.048 -71.6194
416 -33.0481 -71.6191
453 -33.0483 -71.6188
318 -33.0483 -71.6188
165 -33.0483 -71.6187
239 -33.0483 -71.6188
949 -33.0482 -71.6191
10 -33.0482 -71.619
983 -33.0482 -71.619
900 -33.0484 -71.6184
128 -33.0494 -71.6177
830 -33.0494 -71.6177
504 -33.0494 -71.6177
850 -33.0487 -71.6176
572 -33.0487 -71.6178
612 -33.0487 -71.6177
884 -33.0487 -71.6176
432 -33.0487 -71.6175
462 -33.0488 -71.6175
374 -33.0488 -71.6174
77 -33.0488 -71.6173
106 -33.0488 -71.6175
688 -33.0487 -71.6175
302 -33.0487 -71.6175
574 -33.0487 -71.6175
13 -33.0486 -71.6179
631 -33.0485 -71.6182
854 -33.0485 -71.6182
834 -33.0485 -71.6182
692 -33.0485 -71.6183
394 -33.0485 -71.6184
868 -33.0485 -71.6184
660 -33.0485 -71.6183
174 -33.0486 -71.6181
586 -33.0486 -71.618
191 -33.0486 -71.618
273 -33.0486 -71.618
904 -33.0486 -71.6181
364 -33.0486 -71.6181
652 -33.0482 -71.6175
639 -33.0478 -71.6196
696 -33.0474 -71.6227
516 -33.0474 -71.6225
222 -33.0474 -71.6225
735 -33.0473 -71.6228
277 -33.0473 -71.6228
802 -33.0473 -71.6228
322 -33.0473 -71.6228
360 -33.0474 -71.6222
718 -33.0474 -71.6222
80 -33.0473 -71.6219
722 -33.0474 -71.6208
485 -33.0473 -71.6218
764 -33.0473 -71.6217
55 -33.0473 -71.6211
755 -33.0473 -71.6211
509 -33.0472 -71.6217
139 -33.0472 -71.6228
938 -33.0472 -71.6228
583 -33.0472 -71.6216
820 -33.0471 -71.6228
205 -33.0471 -71.6228
220 -33.0461 -71.6217
784 -33.0461 -71.6217
911 -33.0472 -71.6215
484 -33.0472 -71.6215
939 -33.0472 -71.6213
9 -33.0472 -71.6213
88 -33.0464 -71.6209
988 -33.0462 -71.6214
982 -33.0462 -71.6214
152 -33.0474 -71.6207
157 -33.0477 -71.62
763 -33.0477 -71.6198
794 -33.0477 -71.6198
708 -33.0475 -71.6203
530 -33.0474 -71.6207
511 -33.0475 -71.6205
635 -33.0474 -71.6203
383 -33.0477 -71.6198
155 -33.0478 -71.6196
435 -33.0475 -71.6175
50 -33.0475 -71.6174
862 -33.0475 -71.6176
140 -33.0474 -71.6178
853 -33.0474 -71.6177
941 -33.0475 -71.6176
604 -33.0472 -71.6183
610 -33.0471 -71.6202
724 -33.0467 -71.6198
968 -33.0468 -71.6195
644 -33.0467 -71.6201
643 -33.0465 -71.6205
827 -33.0466 -71.6202
427 -33.0466 -71.6202
793 -33.0469 -71.6193
933 -33.0472 -71.6185
348 -33.0472 -71.6184
81 -33.0472 -71.6184
48 -33.0472 -71.6186
972 -33.0469 -71.6192
553 -33.0471 -71.6187
314 -33.0476 -71.6173
148 -33.0494 -71.6164
93 -33.0495 -71.6162
795 -33.0496 -71.6161
430 -33.0494 -71.6165
756 -33.0493 -71.6165
783 -33.0493 -71.6165
385 -33.0493 -71.6165
240 -33.0492 -71.6159
278 -33.0492 -71.6156
548 -33.0492 -71.6156
76 -33.0492 -71.6156
74 -33.0492 -71.6157
64 -33.0492 -71.6159
654 -33.0492 -71.6157
27 -33.0492 -71.6157
363 -33.0492 -71.616
496 -33.0489 -71.6169
337 -33.049 -71.6167
701 -33.049 -71.6167
0 -33.0489 -71.6169
780 -33.0489 -71.6171
637 -33.0489 -71.617
195 -33.0489 -71.617
234 -33.049 -71.6166
481 -33.0491 -71.6162
828 -33.0491 -71.6162
425 -33.0492 -71.616
401 -33.0491 -71.6162
680 -33.049 -71.6166
956 -33.0491 -71.6164
457 -33.0491 -71.6164
207 -33.0492 -71.6155
180 -33.0494 -71.6144
428 -33.0494 -71.6143
539 -33.0495 -71.6141
258 -33.0494 -71.6145
804 -33.0493 -71.6153
329 -33.0494 -71.6149
656 -33.0494 -71.6147
164 -33.0495 -71.6141
379 -33.0495 -71.6139
524 -33.0496 -71.6136
655 -33.0496 -71.6129
750 -33.0495 -71.6139
517 -33.0494 -71.6129
835 -33.0494 -71.6129
744 -33.0494 -71.6129
86 -33.0493 -71.6153
522 -33.0492 -71.6155
665 -33.0492 -71.6155
518 -33.0493 -71.6153
709 -33.0492 -71.6155
439 -33.0487 -71.6131
942 -33.0492 -71.6129
201 -33.0492 -71.6129
392 -33.0491 -71.6129
336 -33.0491 -71.6129
739 -33.0491 -71.6129
100 -33.0491 -71.6129
902 -33.049 -71.6129
915 -33.0489 -71.6129
817 -33.0488 -71.6128
621 -33.0487 -71.6129
304 -33.0485 -71.6167
75 -33.0486 -71.6164
971 -33.0481 -71.6154
418 -33.0481 -71.6154
248 -33.0481 -71.6155
590 -33.0481 -71.6155
758 -33.0481 -71.6155
823 -33.0481 -71.6154
153 -33.0483 -71.6149
345 -33.0483 -71.6148
683 -33.0483 -71.6147
178 -33.0482 -71.615
119 -33.0481 -71.6154
231 -33.0481 -71.6154
807 -33.0481 -71.6153
44 -33.048 -71.6156
541 -33.0476 -71.6171
519 -33.0477 -71.6169
218 -33.0477 -71.6169
778 -33.0476 -71.6171
855 -33.0476 -71.6172
84 -33.0476 -71.6172
436 -33.0476 -71.6171
960 -33.0477 -71.6167
648 -33.048 -71.616
538 -33.048 -71.616
728 -33.048 -71.6158
31 -33.0479 -71.6162
851 -33.0478 -71.6164
515 -33.0479 -71.6164
133 -33.0483 -71.6147
342 -33.0485 -71.6138
666 -33.0485 -71.6137
638 -33.0485 -71.6137
719 -33.0485 -71.6139
947 -33.0485 -71.614
779 -33.0485 -71.6139
920 -33.0485 -71.6139
894 -33.0486 -71.6136
805 -33.0486 -71.6133
465 -33.0487 -71.6132
932 -33.0487 -71.6132
749 -33.0486 -71.6129
651 -33.0486 -71.6135
58 -33.0486 -71.6135
996 -33.0486 -71.6129
596 -33.0485 -71.614
685 -33.0484 -71.6142
186 -33.0484 -71.6129
659 -33.0484 -71.6129
444 -33.0483 -71.6145
847 -33.0483 -71.6147
899 -33.0483 -71.6146
634 -33.0472 -71.6142
588 -33.0482 -71.6128
964 -33.0479 -71.6128
24 -33.0479 -71.6128
312 -33.0478 -71.6127
241 -33.0478 -71.6127
96 -33.0478 -71.6128
494 -33.0475 -71.6127
649 -33.0511 -71.6125
414 -33.0554 -71.6124
576 -33.0552 -71.6124
420 -33.0554 -71.6124
43 -33.0552 -71.6124
354 -33.0552 -71.6124
521 -33.0552 -71.6124
747 -33.0552 -71.6124
917 -33.0548 -71.6124
326 -33.0556 -71.6123
790 -33.0557 -71.6123
19 -33.0559 -71.6123
579 -33.0547 -71.6124
368 -33.0546 -71.6124
967 -33.0545 -71.6122
154 -33.0545 -71.6122
237 -33.0545 -71.6122
467 -33.0542 -71.6124
523 -33.0543 -71.6123
619 -33.0542 -71.6122
298 -33.0541 -71.6122
238 -33.0538 -71.6122
305 -33.0536 -71.6122
962 -33.0533 -71.6122
591 -33.0542 -71.6118
563 -33.0542 -71.6117
209 -33.0541 -71.6116
636 -33.0541 -71.6115
366 -33.0541 -71.6115
307 -33.054 -71.6115
751 -33.054 -71.6115
627 -33.054 -71.6115
26 -33.0535 -71.6114
52 -33.054 -71.6114
402 -33.0539 -71.6113
452 -33.0539 -71.6112
874 -33.0539 -71.6112
569 -33.0539 -71.6113
175 -33.0539 -71.6112
61 -33.0536 -71.6111
866 -33.0538 -71.6111
72 -33.054 -71.6105
970 -33.0559 -71.6104
132 -33.0549 -71.6103
259 -33.054 -71.6105
463 -33.0538 -71.6105
83 -33.0536 -71.6085
225 -33.0536 -71.6085
384 -33.0536 -71.6106
505 -33.0535 -71.6114
192 -33.0535 -71.6114
12 -33.0536 -71.6111
927 -33.0534 -71.611
35 -33.0534 -71.611
773 -33.0533 -71.611
679 -33.0533 -71.611
274 -33.0533 -71.611
438 -33.0536 -71.6085
888 -33.0535 -71.6085
858 -33.0535 -71.6085
922 -33.0535 -71.6087
810 -33.0532 -71.609
592 -33.0533 -71.6089
772 -33.0532 -71.609
51 -33.0531 -71.6121
642 -33.0531 -71.6121
120 -33.053 -71.6116
958 -33.053 -71.6121
187 -33.0528 -71.6116
276 -33.0529 -71.6116
390 -33.0529 -71.6116
556 -33.053 -71.6116
811 -33.0531 -71.6116
782 -33.0531 -71.6116
190 -33.0531 -71.6109
675 -33.0531 -71.6116
424 -33.0531 -71.6109
676 -33.053 -71.6109
303 -33.0529 -71.6108
737 -33.0527 -71.6116
733 -33.0526 -71.6121
173 -33.0525 -71.6121
480 -33.0523 -71.612
571 -33.0522 -71.612
214 -33.0521 -71.612
14 -33.0521 -71.612
351 -33.0521 -71.612
29 -33.052 -71.612
910 -33.0523 -71.6117
242 -33.0526 -71.6117
2 -33.0526 -71.6116
578 -33.052 -71.6118
15 -33.0519 -71.612
97 -33.0519 -71.6118
512 -33.0529 -71.6107
674 -33.0528 -71.6106
797 -33.0528 -71.6105
7 -33.0528 -71.6105
848 -33.0528 -71.6105
506 -33.0527 -71.6103
40 -33.0526 -71.6103
49 -33.0524 -71.61
212 -33.0523 -71.6097
603 -33.0522 -71.6097
601 -33.0522 -71.6096
224 -33.0522 -71.6096
32 -33.0521 -71.6085
645 -33.0521 -71.6095
626 -33.0521 -71.6086
923 -33.0521 -71.6085
89 -33.0521 -71.6094
551 -33.0521 -71.6094
681 -33.052 -71.6094
22 -33.052 -71.6094
575 -33.052 -71.6093
671 -33.0518 -71.6093
398 -33.0518 -71.6093
981 -33.0519 -71.6092
228 -33.0518 -71.6091
137 -33.052 -71.6088
158 -33.0521 -71.6088
840 -33.0521 -71.6087
316 -33.052 -71.6088
167 -33.052 -71.6091
846 -33.052 -71.6089
873 -33.0537 -71.6085
499 -33.0545 -71.6085
934 -33.0545 -71.6085
79 -33.0545 -71.6085
558 -33.0545 -71.6085
469 -33.0544 -71.6085
129 -33.0543 -71.6085
510 -33.0543 -71.6085
11 -33.0543 -71.6085
977 -33.0547 -71.6084
311 -33.0548 -71.6084
581 -33.0548 -71.6084
362 -33.0547 -71.6085
296 -33.0543 -71.6085
332 -33.0546 -71.6085
454 -33.0547 -71.6085
513 -33.0543 -71.6085
527 -33.0542 -71.6085
461 -33.0542 -71.6085
929 -33.0541 -71.6085
400 -33.0541 -71.6085
335 -33.0541 -71.6085
657 -33.054 -71.6085
411 -33.0541 -71.6085
700 -33.054 -71.6085
613 -33.0539 -71.6085
223 -33.054 -71.6085
285 -33.0539 -71.6085
473 -33.0539 -71.6085
912 -33.0539 -71.6085
535 -33.0539 -71.6085
705 -33.0538 -71.6085
748 -33.0559 -71.6083
528 -33.0565 -71.608
300 -33.0563 -71.608
474 -33.056 -71.6079
491 -33.0555 -71.6079
925 -33.0553 -71.608
419 -33.0554 -71.608
63 -33.0554 -71.608
808 -33.0559 -71.6079
677 -33.0559 -71.6079
291 -33.0559 -71.6076
441 -33.0565 -71.6045
281 -33.0557 -71.6078
331 -33.0556 -71.6078
870 -33.0554 -71.6044
147 -33.0555 -71.6044
768 -33.0553 -71.6048
606 -33.0552 -71.6081
112 -33.0552 -71.6081
159 -33.0553 -71.608
876 -33.0551 -71.6082
672 -33.0549 -71.6083
903 -33.055 -71.6082
525 -33.0551 -71.6082
280 -33.0553 -71.608
886 -33.0553 -71.608
924 -33.0543 -71.6046
90 -33.0546 -71.6046
221 -33.054 -71.6047
98 -33.0538 -71.6079
196 -33.0539 -71.6059
477 -33.0537 -71.6085
168 -33.0535 -71.6085
740 -33.0534 -71.6085
46 -33.0534 -71.6085
857 -33.0534 -71.6085
282 -33.0533 -71.6085
833 -33.0533 -71.6084
422 -33.0533 -71.6084
472 -33.0533 -71.6084
478 -33.0532 -71.6084
555 -33.0532 -71.6084
138 -33.0532 -71.6084
944 -33.0532 -71.6084
219 -33.0531 -71.6084
918 -33.0531 -71.6084
980 -33.053 -71.6083
723 -33.053 -71.6083
878 -33.0529 -71.6083
662 -33.0529 -71.6083
489 -33.0529 -71.6083
954 -33.0529 -71.6083
593 -33.0522 -71.6084
769 -33.0529 -71.6083
378 -33.0528 -71.6083
421 -33.0522 -71.6083
458 -33.0528 -71.6083
715 -33.0527 -71.6082
825 -33.0527 -71.6082
753 -33.0527 -71.6082
984 -33.0527 -71.6082
664 -33.0527 -71.6082
470 -33.0526 -71.6082
540 -33.0526 -71.6082
156 -33.0526 -71.6082
62 -33.0526 -71.6082
350 -33.0525 -71.6082
503 -33.0525 -71.6082
843 -33.0525 -71.6082
73 -33.0525 -71.6082
94 -33.0522 -71.6081
261 -33.0524 -71.6081
937 -33.0524 -71.607
78 -33.053 -71.6047
622 -33.0524 -71.6081
557 -33.0523 -71.6081
381 -33.0523 -71.6081
532 -33.0523 -71.6081
227 -33.0522 -71.6081
746 -33.0522 -71.6082
110 -33.0522 -71.6081
595 -33.0522 -71.6077
256 -33.0522 -71.6076
183 -33.0518 -71.6081
690 -33.0519 -71.6076
706 -33.0522 -71.6076
502 -33.052 -71.6069
181 -33.052 -71.6068
169 -33.052 -71.6048
620 -33.052 -71.6048
752 -33.052 -71.6068
966 -33.052 -71.6067
815 -33.0518 -71.6065
295 -33.0518 -71.612
197 -33.0516 -71.612
909 -33.0516 -71.612
916 -33.0514 -71.612
23 -33.0512 -71.612
272 -33.0511 -71.6121
415 -33.0512 -71.6121
268 -33.0512 -71.612
745 -33.0512 -71.6119
299 -33.0516 -71.6118
347 -33.0515 -71.6114
742 -33.0513 -71.6114
577 -33.0512 -71.6119
252 -33.0512 -71.6119
789 -33.0512 -71.6119
387 -33.0512 -71.6119
310 -33.0511 -71.6124
998 -33.0511 -71.6125
160 -33.0511 -71.6124
905 -33.0509 -71.6114
184 -33.05 -71.6113
959 -33.0499 -71.6116
41 -33.0499 -71.6116
6 -33.05 -71.6114
289 -33.0499 -71.6113
359 -33.05 -71.6111
264 -33.05 -71.611
410 -33.05 -71.611
921 -33.05 -71.6112
567 -33.05 -71.6113
871 -33.05 -71.6112
667 -33.05 -71.6112
67 -33.05 -71.611
357 -33.0511 -71.61
229 -33.0511 -71.61
319 -33.0512 -71.6099
997 -33.051 -71.6101
230 -33.0508 -71.6102
670 -33.0507 -71.6102
375 -33.051 -71.6101
199 -33.0512 -71.6099
284 -33.0513 -71.6098
349 -33.0514 -71.6097
669 -33.0515 -71.6096
882 -33.0513 -71.6098
321 -33.0512 -71.6099
294 -33.0512 -71.6099
736 -33.0513 -71.6098
371 -33.0505 -71.6102
247 -33.0501 -71.6107
691 -33.0501 -71.6107
720 -33.0501 -71.6107
887 -33.0501 -71.6107
682 -33.0501 -71.611
875 -33.0501 -71.6109
554 -33.0501 -71.6108
806 -33.0501 -71.6107
731 -33.0502 -71.6104
813 -33.0503 -71.6102
257 -33.0505 -71.6102
397 -33.0501 -71.6105
245 -33.0501 -71.6106
267 -33.0501 -71.6105
893 -33.0499 -71.6117
507 -33.0498 -71.6122
609 -33.0499 -71.612
689 -33.0499 -71.6118
953 -33.0498 -71.6122
443 -33.0498 -71.6125
426 -33.0498 -71.6124
570 -33.0498 -71.6124
616 -33.0498 -71.6113
552 -33.0497 -71.6112
965 -33.0496 -71.6112
445 -33.0495 -71.6112
104 -33.0494 -71.6112
490 -33.0493 -71.6112
37 -33.0492 -71.6112
135 -33.0492 -71.6112
594 -33.0491 -71.6112
974 -33.0489 -71.6124
766 -33.0481 -71.6118
777 -33.0491 -71.6114
526 -33.048 -71.612
353 -33.0464 -71.6125
54 -33.046 -71.6124
317 -33.048 -71.6121
338 -33.0482 -71.6114
45 -33.049 -71.6112
630 -33.049 -71.6112
584 -33.0489 -71.6112
275 -33.0489 -71.6112
898 -33.0482 -71.6113
114 -33.0489 -71.6112
926 -33.0488 -71.6112
131 -33.0487 -71.6112
449 -33.0488 -71.6112
781 -33.0493 -71.6106
729 -33.0486 -71.6112
451 -33.0486 -71.6112
330 -33.0486 -71.6112
969 -33.0483 -71.6111
650 -33.049 -71.6099
121 -33.049 -71.6099
28 -33.0487 -71.6098
47 -33.0487 -71.6098
995 -33.0486 -71.6098
39 -33.0484 -71.6098
344 -33.0482 -71.6098
663 -33.048 -71.6098
928 -33.048 -71.6098
824 -33.0479 -71.6098
459 -33.0479 -71.6098
3 -33.0478 -71.6098
33 -33.0477 -71.6111
985 -33.0466 -71.6098
695 -33.0467 -71.6098
814 -33.0477 -71.6098
702 -33.0477 -71.6098
486 -33.0476 -71.6098
249 -33.0475 -71.6098
798 -33.0475 -71.6098
288 -33.0474 -71.6098
4 -33.0473 -71.6098
865 -33.0474 -71.6098
861 -33.0515 -71.6096
236 -33.0516 -71.6095
741 -33.0517 -71.6094
885 -33.0517 -71.6094
182 -33.0516 -71.6095
404 -33.0516 -71.6096
856 -33.0516 -71.6095
832 -33.0516 -71.6095
704 -33.0517 -71.6094
600 -33.0517 -71.609
204 -33.0516 -71.6089
211 -33.0516 -71.6089
343 -33.0516 -71.6089
863 -33.0515 -71.6089
324 -33.0514 -71.6088
734 -33.0513 -71.6087
821 -33.0513 -71.6087
771 -33.0511 -71.6086
607 -33.0511 -71.6086
498 -33.0509 -71.6085
235 -33.0509 -71.6085
707 -33.0507 -71.6092
68 -33.0509 -71.6085
417 -33.0508 -71.6085
125 -33.0507 -71.6085
406 -33.0507 -71.6085
233 -33.0507 -71.6085
437 -33.0507 -71.6085
82 -33.0507 -71.6085
845 -33.0506 -71.6085
243 -33.0506 -71.6085
738 -33.0506 -71.6085
16 -33.0506 -71.6085
468 -33.0516 -71.6082
328 -33.0516 -71.6082
952 -33.0517 -71.6081
126 -33.0516 -71.6082
714 -33.0515 -71.6083
136 -33.0515 -71.6083
836 -33.0516 -71.6082
471 -33.0515 -71.6075
382 -33.0517 -71.6062
770 -33.0517 -71.6062
673 -33.0517 -71.6062
293 -33.0516 -71.6052
369 -33.0514 -71.6075
788 -33.0516 -71.606
99 -33.0515 -71.6053
951 -33.0514 -71.6083
990 -33.0511 -71.6085
757 -33.0513 -71.6084
785 -33.0513 -71.6084
653 -33.0511 -71.6085
306 -33.0506 -71.6085
172 -33.0506 -71.6085
71 -33.0506 -71.6085
460 -33.0514 -71.6075
56 -33.0513 -71.6075
624 -33.0511 -71.6074
957 -33.051 -71.6059
365 -33.051 -71.6074
325 -33.0508 -71.6074
244 -33.051 -71.6058
564 -33.0504 -71.6056
8 -33.0503 -71.6092
395 -33.0504 -71.609
185 -33.0504 -71.6085
623 -33.05 -71.6091
776 -33.0496 -71.6094
193 -33.0496 -71.6093
215 -33.05 -71.6091
544 -33.0501 -71.6084
562 -33.05 -71.6084
625 -33.0499 -71.6084
91 -33.0499 -71.6084
534 -33.0499 -71.6084
658 -33.0499 -71.6084
203 -33.0496 -71.6084
867 -33.0495 -71.6084
791 -33.0492 -71.6083
566 -33.0491 -71.6083
536 -33.049 -71.6083
429 -33.0489 -71.6083
270 -33.0489 -71.6083
161 -33.0488 -71.6083
906 -33.0487 -71.6083
508 -33.0486 -71.6083
914 -33.0486 -71.6082
617 -33.0485 -71.6082
717 -33.0482 -71.6082
188 -33.0478 -71.6082
59 -33.0478 -71.6082
380 -33.0478 -71.6082
568 -33.0478 -71.6082
618 -33.0476 -71.6082
287 -33.0503 -71.6073
103 -33.0503 -71.6073
993 -33.0502 -71.6072
975 -33.05 -71.6072
232 -33.0498 -71.6071
339 -33.0497 -71.6071
149 -33.0497 -71.6065
358 -33.0503 -71.6056
65 -33.0502 -71.6056
122 -33.0502 -71.6056
1 -33.0502 -71.6047
388 -33.05 -71.6055
628 -33.0499 -71.6054
913 -33.0497 -71.6054
30 -33.0497 -71.6044
839 -33.0496 -71.6071
989 -33.0492 -71.607
895 -33.0492 -71.607
308 -33.0492 -71.607
21 -33.0491 -71.607
346 -33.0474 -71.6082
559 -33.0469 -71.6081
162 -33.0467 -71.6081
194 -33.049 -71.607
492 -33.0494 -71.6053
896 -33.0492 -71.6052
826 -33.0496 -71.6043
800 -33.0491 -71.6052
514 -33.0489 -71.6048
533 -33.0463 -71.6046
