455 -33.0593 -71.6168
754 -33.0594 -71.6167
301 -33.0598 -71.6165
760 -33.0591 -71.6168
456 -33.0588 -71.6169
271 -33.059 -71.6169
619 -33.059 -71.6169
978 -33.0615 -71.6158
962 -33.0592 -71.6151
726 -33.0591 -71.6151
475 -33.0626 -71.615
123 -33.0591 -71.6151
762 -33.0588 -71.6153
549 -33.059 -71.6152
279 -33.059 -71.6152
803 -33.0588 -71.617
838 -33.0585 -71.6172
154 -33.0586 -71.6168
809 -33.0586 -71.6167
198 -33.0585 -71.6173
767 -33.0583 -71.6174
290 -33.0584 -71.6173
907 -33.0584 -71.6169
698 -33.0584 -71.6165
61 -33.0585 -71.6152
773 -33.0583 -71.6151
636 -33.0586 -71.6149
405 -33.0583 -71.6149
274 -33.0582 -71.615
150 -33.0582 -71.6149
105 -33.0583 -71.6148
816 -33.0587 -71.6147
467 -33.06 -71.6145
686 -33.0602 -71.6143
945 -33.0603 -71.6143
367 -33.0599 -71.6145
127 -33.0598 -71.6145
189 -33.0599 -71.6144
370 -33.0593 -71.6143
408 -33.0593 -71.6142
483 -33.0607 -71.6139
354 -33.0598 -71.6137
967 -33.06 -71.6135
582 -33.0597 -71.6137
251 -33.0593 -71.6142
537 -33.0594 -71.6141
407 -33.0595 -71.6139
402 -33.0591 -71.6136
693 -33.059 -71.6146
107 -33.059 -71.6146
450 -33.0591 -71.6145
269 -33.0589 -71.6147
134 -33.0587 -71.6147
580 -33.0586 -71.6147
146 -33.0586 -71.6147
255 -33.0591 -71.6145
571 -33.0584 -71.6138
464 -33.0591 -71.6136
602 -33.0584 -71.6136
175 -33.0584 -71.6139
948 -33.0582 -71.6142
376 -33.0583 -71.6137
641 -33.0582 -71.615
179 -33.0578 -71.6178
466 -33.0581 -71.6176
446 -33.058 -71.617
423 -33.0578 -71.617
495 -33.0578 -71.6178
166 -33.0578 -71.6178
403 -33.0577 -71.617
69 -33.0581 -71.615
424 -33.0579 -71.615
488 -33.0579 -71.615
819 -33.0579 -71.615
361 -33.0578 -71.6149
373 -33.0577 -71.6149
512 -33.0577 -71.6149
7 -33.0576 -71.6149
797 -33.0575 -71.6149
908 -33.0571 -71.6184
930 -33.057 -71.6183
262 -33.0572 -71.6183
946 -33.0569 -71.6183
487 -33.0567 -71.6182
614 -33.0567 -71.6182
727 -33.0567 -71.6182
431 -33.0574 -71.6182
448 -33.0574 -71.6181
145 -33.0574 -71.6171
506 -33.0574 -71.615
171 -33.057 -71.617
611 -33.057 -71.6171
992 -33.0565 -71.6149
812 -33.0565 -71.6149
377 -33.0566 -71.6149
49 -33.0574 -71.6145
476 -33.0581 -71.6144
389 -33.0579 -71.6139
587 -33.0574 -71.6146
919 -33.0573 -71.6148
730 -33.0572 -71.6148
216 -33.0574 -71.6146
542 -33.0575 -71.6139
442 -33.058 -71.6137
881 -33.0581 -71.6137
212 -33.0578 -71.6136
42 -33.0575 -71.6139
89 -33.0575 -71.6138
551 -33.0575 -71.6138
228 -33.0572 -71.6136
355 -33.0571 -71.6148
117 -33.0567 -71.6148
973 -33.0567 -71.6148
254 -33.0567 -71.6148
292 -33.0567 -71.6148
713 -33.0566 -71.6148
711 -33.0566 -71.6148
775 -33.0566 -71.6148
844 -33.0567 -71.6148
341 -33.0569 -71.6147
885 -33.0571 -71.6135
600 -33.057 -71.6135
546 -33.0569 -71.6147
434 -33.0568 -71.6147
761 -33.0568 -71.6147
40 -33.0574 -71.6135
994 -33.061 -71.6134
286 -33.0604 -71.6129
646 -33.0604 -71.6129
57 -33.0603 -71.6131
413 -33.0601 -71.6133
927 -33.0597 -71.6128
480 -33.0598 -71.6128
12 -33.0598 -71.6128
751 -33.0605 -71.6128
958 -33.0605 -71.6128
366 -33.0605 -71.6128
52 -33.0604 -71.6128
414 -33.06 -71.6128
733 -33.0601 -71.6128
452 -33.0602 -71.6128
679 -33.0596 -71.6128
950 -33.0591 -71.6134
822 -33.0589 -71.6133
743 -33.0589 -71.6131
916 -33.0588 -71.6129
955 -33.0587 -71.6134
789 -33.0587 -71.613
124 -33.0588 -71.6129
674 -33.0589 -71.6129
19 -33.0594 -71.6129
14 -33.0595 -71.6128
351 -33.0596 -71.6128
295 -33.0592 -71.6129
909 -33.0591 -71.6129
303 -33.0592 -71.6129
676 -33.0592 -71.6128
51 -33.0605 -71.6128
561 -33.0615 -71.6121
118 -33.0625 -71.6121
297 -33.0616 -71.6121
747 -33.0613 -71.6122
238 -33.0612 -71.6122
501 -33.0612 -71.6122
531 -33.0612 -71.6122
326 -33.0629 -71.6121
420 -33.0627 -71.612
482 -33.0624 -71.612
790 -33.063 -71.6119
976 -33.0623 -71.612
523 -33.0617 -71.6121
917 -33.0621 -71.612
579 -33.062 -71.612
774 -33.0611 -71.6123
60 -33.0606 -71.6127
209 -33.0606 -71.6127
869 -33.0607 -71.6126
879 -33.0605 -71.6127
818 -33.0605 -71.6127
642 -33.0605 -71.6127
20 -33.0589 -71.6127
608 -33.0607 -71.6126
640 -33.0607 -71.6126
991 -33.0595 -71.6125
237 -33.0603 -71.6124
627 -33.0595 -71.6117
29 -33.0588 -71.6126
307 -33.0595 -71.6117
387 -33.0587 -71.613
521 -33.0583 -71.6134
668 -33.0586 -71.6133
18 -33.0584 -71.613
310 -33.0582 -71.613
848 -33.0581 -71.6133
963 -33.0582 -71.6131
160 -33.0582 -71.613
998 -33.0581 -71.613
577 -33.0586 -71.613
23 -33.0587 -71.613
252 -33.0587 -71.613
272 -33.0584 -71.613
601 -33.058 -71.613
347 -33.058 -71.613
224 -33.0579 -71.613
603 -33.0579 -71.6129
204 -33.0569 -71.6134
211 -33.0569 -71.6134
591 -33.0576 -71.6134
343 -33.0569 -71.6134
593 -33.0567 -71.6133
734 -33.0566 -71.6132
421 -33.0565 -71.6132
520 -33.0577 -71.6131
386 -33.0579 -71.6129
986 -33.0579 -71.6129
742 -33.0578 -71.6129
645 -33.0578 -71.6129
35 -33.0577 -71.6131
649 -33.0578 -71.6129
575 -33.0577 -71.6129
309 -33.0576 -71.6129
173 -33.0576 -71.6129
22 -33.0576 -71.6129
151 -33.0575 -71.6128
759 -33.0575 -71.6128
102 -33.0574 -71.6128
905 -33.0573 -71.6128
108 -33.0573 -71.6128
214 -33.0583 -71.6127
842 -33.0583 -71.6126
197 -33.0585 -71.6124
872 -33.0583 -71.6127
208 -33.0572 -71.6127
200 -33.0572 -71.6127
765 -33.058 -71.6118
202 -33.0571 -71.6127
863 -33.0571 -71.6127
615 -33.057 -71.6127
324 -33.0569 -71.6126
70 -33.0569 -71.6126
334 -33.0568 -71.6126
837 -33.0567 -71.6125
801 -33.0566 -71.6125
607 -33.0566 -71.6125
227 -33.0566 -71.6125
661 -33.0566 -71.6125
87 -33.0566 -71.6125
771 -33.0565 -71.6125
498 -33.0565 -71.6124
877 -33.0565 -71.6124
725 -33.0565 -71.6124
393 -33.0565 -71.6182
128 -33.0563 -71.6181
327 -33.0563 -71.6181
830 -33.0563 -71.6181
504 -33.0562 -71.6181
703 -33.0561 -71.618
597 -33.0561 -71.618
226 -33.0556 -71.6172
38 -33.0556 -71.6169
111 -33.0556 -71.6169
500 -33.0557 -71.6168
315 -33.0556 -71.617
890 -33.0556 -71.6172
5 -33.0556 -71.6171
144 -33.0556 -71.617
497 -33.0556 -71.6172
66 -33.0556 -71.6179
859 -33.0553 -71.6177
940 -33.0554 -71.6176
313 -33.0553 -71.6177
961 -33.0552 -71.6178
53 -33.0552 -71.6178
999 -33.0553 -71.6178
176 -33.0554 -71.6175
647 -33.0556 -71.6172
115 -33.0556 -71.6172
796 -33.0556 -71.6172
85 -33.0555 -71.6172
550 -33.0554 -71.6174
142 -33.0555 -71.6173
412 -33.0555 -71.6172
852 -33.0557 -71.6168
585 -33.0563 -71.6164
340 -33.0562 -71.6159
399 -33.0562 -71.6159
93 -33.0562 -71.616
177 -33.0561 -71.6161
148 -33.0561 -71.616
739 -33.0561 -71.6159
116 -33.0562 -71.6159
795 -33.0562 -71.6158
835 -33.0561 -71.6158
831 -33.0561 -71.6157
320 -33.0561 -71.6156
100 -33.056 -71.6159
687 -33.056 -71.6156
860 -33.056 -71.6156
253 -33.056 -71.6162
250 -33.0557 -71.6165
632 -33.0558 -71.6164
266 -33.056 -71.6162
17 -33.0557 -71.6165
163 -33.0557 -71.6167
678 -33.0557 -71.6166
260 -33.0557 -71.6165
430 -33.056 -71.616
385 -33.0559 -71.6159
756 -33.0559 -71.6159
783 -33.0558 -71.6159
749 -33.0556 -71.6156
75 -33.0552 -71.6158
496 -33.0551 -71.6158
904 -33.0551 -71.6178
786 -33.0547 -71.6189
829 -33.0548 -71.6188
979 -33.0548 -71.6187
589 -33.0547 -71.6189
598 -33.0545 -71.6189
983 -33.0545 -71.6184
10 -33.0545 -71.6184
883 -33.0549 -71.6183
479 -33.055 -71.6179
697 -33.055 -71.6179
364 -33.0551 -71.6179
217 -33.055 -71.618
165 -33.0549 -71.6183
130 -33.0549 -71.6183
109 -33.0549 -71.6182
949 -33.0544 -71.6184
25 -33.0542 -71.6189
987 -33.0541 -71.6189
92 -33.054 -71.6189
710 -33.054 -71.6189
849 -33.0538 -71.6197
629 -33.0536 -71.6196
409 -33.0535 -71.6189
511 -33.0533 -71.6188
427 -33.0525 -71.6186
708 -33.0535 -71.6186
763 -33.0527 -71.6159
509 -33.0523 -71.6186
516 -33.0515 -71.6184
101 -33.0491 -71.6161
794 -33.0527 -71.6158
195 -33.055 -71.6158
304 -33.055 -71.6158
574 -33.0547 -71.6157
106 -33.0547 -71.6157
850 -33.0547 -71.6157
688 -33.0546 -71.6157
884 -33.0546 -71.6157
13 -33.0544 -71.6157
572 -33.0544 -71.6157
191 -33.0543 -71.6157
174 -33.0542 -71.6157
273 -33.0542 -71.6156
652 -33.0542 -71.6156
692 -33.054 -71.6156
900 -33.0539 -71.6156
712 -33.0539 -71.6156
157 -33.0526 -71.6158
605 -33.0529 -71.6158
155 -33.0529 -71.6158
277 -33.0503 -71.6158
205 -33.0503 -71.6158
820 -33.0503 -71.6158
938 -33.0502 -71.6158
988 -33.0505 -71.6157
639 -33.0529 -71.6157
113 -33.0529 -71.6156
529 -33.0538 -71.6156
635 -33.0522 -71.6157
610 -33.052 -71.6156
644 -33.0515 -71.6156
880 -33.056 -71.6156
545 -33.0563 -71.6151
864 -33.0563 -71.6151
892 -33.0564 -71.615
787 -33.0561 -71.6152
565 -33.056 -71.6155
659 -33.0554 -71.6155
323 -33.056 -71.6154
547 -33.0564 -71.615
210 -33.0565 -71.6149
891 -33.0565 -71.6149
235 -33.0565 -71.6124
265 -33.0564 -71.6124
721 -33.0564 -71.615
185 -33.0557 -71.6131
68 -33.0561 -71.6131
534 -33.0553 -71.6124
181 -33.0553 -71.6131
625 -33.0552 -71.6131
91 -33.0552 -71.6131
24 -33.0551 -71.6153
964 -33.055 -71.6152
494 -33.0547 -71.615
382 -33.0548 -71.6129
867 -33.0548 -71.6129
449 -33.0553 -71.6124
996 -33.0552 -71.6124
203 -33.0551 -71.6124
805 -33.055 -71.6124
536 -33.0543 -71.6125
429 -33.0543 -71.6125
161 -33.0543 -71.6124
623 -33.055 -71.6124
599 -33.0562 -71.6124
738 -33.0562 -71.6124
655 -33.0562 -71.6124
82 -33.0562 -71.6123
658 -33.0554 -71.6124
275 -33.0554 -71.6124
562 -33.0554 -71.6124
233 -33.0561 -71.6123
437 -33.0561 -71.6123
306 -33.0561 -71.6123
707 -33.0558 -71.6123
201 -33.0558 -71.6123
902 -33.0557 -71.6123
392 -33.0557 -71.6123
942 -33.0558 -71.6123
186 -33.0549 -71.6124
588 -33.0548 -71.6124
791 -33.0547 -71.6124
666 -33.0547 -71.6124
638 -33.0546 -71.6124
566 -33.0545 -71.6124
270 -33.0543 -71.6123
33 -33.0543 -71.6123
906 -33.0542 -71.6123
717 -33.0545 -71.6122
188 -33.0543 -71.6118
59 -33.0542 -71.6118
568 -33.0542 -71.6117
508 -33.0542 -71.6123
914 -33.0542 -71.6123
617 -33.0541 -71.6123
263 -33.0536 -71.6156
453 -33.0535 -71.6155
239 -33.0534 -71.6155
416 -33.0533 -71.6155
911 -33.0513 -71.6156
764 -33.0512 -71.6156
333 -33.053 -71.6155
573 -33.0531 -71.6155
889 -33.0531 -71.6155
353 -33.0537 -71.6143
54 -33.0533 -71.6141
170 -33.053 -71.6155
485 -33.0496 -71.6134
493 -33.0496 -71.6134
583 -33.0497 -71.6132
935 -33.0496 -71.6134
735 -33.0494 -71.6143
222 -33.0495 -71.6142
633 -33.0495 -71.6141
696 -33.0494 -71.6143
322 -33.0494 -71.6145
139 -33.0494 -71.6145
802 -33.0494 -71.6144
447 -33.0495 -71.614
360 -33.0496 -71.6137
34 -33.0496 -71.6136
80 -33.0496 -71.6135
718 -33.0495 -71.6139
784 -33.0486 -71.6133
220 -33.0487 -71.6132
972 -33.0506 -71.6131
683 -33.0538 -71.6122
758 -33.0531 -71.6121
44 -33.053 -71.6121
604 -33.0511 -71.6126
901 -33.0511 -71.6128
348 -33.0511 -71.6128
81 -33.0511 -71.6127
851 -33.0523 -71.612
394 -33.0516 -71.6118
834 -33.0518 -71.6118
31 -33.0525 -71.6117
660 -33.0516 -71.6118
862 -33.0512 -71.6119
314 -33.0515 -71.6119
855 -33.0516 -71.6118
553 -33.0511 -71.613
793 -33.0506 -71.6131
827 -33.0498 -71.6129
9 -33.0497 -71.6129
939 -33.0497 -71.6128
732 -33.0497 -71.613
982 -33.0487 -71.613
484 -33.0497 -71.613
755 -33.0498 -71.6127
722 -33.0498 -71.6124
152 -33.0498 -71.6124
530 -33.0498 -71.6123
55 -33.0498 -71.6126
88 -33.0489 -71.6124
643 -33.049 -71.612
77 -33.0525 -71.6117
576 -33.0619 -71.6113
43 -33.0619 -71.6112
474 -33.0618 -71.6108
903 -33.0612 -71.6099
463 -33.0608 -71.6101
72 -33.0608 -71.6099
581 -33.061 -71.6098
63 -33.062 -71.6095
934 -33.061 -71.6093
499 -33.061 -71.6093
677 -33.0621 -71.609
79 -33.061 -71.6093
469 -33.061 -71.6092
11 -33.061 -71.6092
335 -33.0609 -71.6089
970 -33.0608 -71.6096
563 -33.0593 -71.6116
368 -33.0598 -71.6116
876 -33.0595 -71.6114
298 -33.0593 -71.6116
560 -33.0588 -71.6117
259 -33.0589 -71.6112
748 -33.0589 -71.6112
305 -33.0595 -71.6111
886 -33.0594 -71.6108
26 -33.0597 -71.6104
866 -33.0596 -71.6098
362 -33.0589 -71.6095
657 -33.0586 -71.6101
626 -33.0585 -71.6089
2 -33.0586 -71.6089
400 -33.061 -71.6089
700 -33.0609 -71.6089
672 -33.0618 -71.6088
461 -33.061 -71.6086
473 -33.0608 -71.6088
285 -33.0608 -71.6088
705 -33.0607 -71.6087
225 -33.0607 -71.6085
858 -33.0606 -71.6085
438 -33.0606 -71.6085
740 -33.0605 -71.6084
419 -33.0618 -71.6083
422 -33.0605 -71.6084
282 -33.0604 -71.6084
944 -33.0603 -71.6083
478 -33.0603 -71.6083
332 -33.0602 -71.6083
918 -33.0602 -71.6082
219 -33.0602 -71.6082
878 -33.0601 -71.6082
132 -33.06 -71.6088
138 -33.06 -71.6088
73 -33.0593 -71.6088
810 -33.0598 -71.6082
723 -33.0601 -71.6082
489 -33.06 -71.6081
715 -33.06 -71.608
470 -33.0599 -71.608
458 -33.0599 -71.608
966 -33.0584 -71.608
398 -33.0584 -71.608
190 -33.0584 -71.6113
606 -33.0583 -71.6113
558 -33.0584 -71.6106
454 -33.0582 -71.609
187 -33.0581 -71.6113
15 -33.058 -71.6116
569 -33.0579 -71.6113
97 -33.058 -71.6104
236 -33.0582 -71.6084
856 -33.0581 -71.6083
192 -33.0579 -71.6082
624 -33.058 -71.6082
243 -33.0578 -71.6082
71 -33.0578 -71.6082
882 -33.0578 -71.6082
736 -33.0577 -71.6082
325 -33.0577 -71.6082
510 -33.0577 -71.6107
384 -33.0577 -71.6102
681 -33.0576 -71.6102
540 -33.0575 -71.6103
415 -33.0572 -71.61
706 -33.0571 -71.6099
143 -33.0568 -71.6099
861 -33.057 -71.6099
874 -33.0576 -71.6088
535 -33.0575 -71.6088
294 -33.0577 -71.6082
745 -33.057 -71.6095
821 -33.0569 -71.6098
268 -33.0569 -71.6095
229 -33.0577 -71.6081
199 -33.0576 -71.6081
365 -33.058 -71.6081
832 -33.0581 -71.6081
788 -33.0576 -71.6081
321 -33.0576 -71.6081
997 -33.0574 -71.6081
675 -33.0574 -71.6081
811 -33.0574 -71.6081
56 -33.0583 -71.608
752 -33.0583 -71.608
785 -33.0584 -71.608
369 -33.0583 -71.608
556 -33.0574 -71.6081
741 -33.0583 -71.608
653 -33.0583 -71.608
375 -33.0573 -71.6081
395 -33.0573 -71.608
287 -33.0572 -71.608
103 -33.0572 -71.608
993 -33.0572 -71.608
244 -33.0571 -71.608
737 -33.057 -71.608
371 -33.0569 -71.608
242 -33.0568 -71.608
257 -33.0568 -71.608
339 -33.0567 -71.608
232 -33.0567 -71.608
215 -33.0567 -71.608
813 -33.0567 -71.608
839 -33.0566 -71.608
981 -33.0585 -71.608
833 -33.0605 -71.6077
592 -33.0605 -71.6077
662 -33.0603 -71.6077
888 -33.0601 -71.6078
664 -33.0598 -71.608
156 -33.0598 -71.6079
753 -33.06 -71.6077
977 -33.0617 -71.6073
300 -33.0606 -71.6068
808 -33.0612 -71.6068
159 -33.0609 -71.6065
281 -33.0602 -71.607
46 -33.0601 -71.6072
912 -33.0602 -71.6072
772 -33.0599 -71.6067
350 -33.0598 -71.6079
528 -33.059 -71.6079
62 -33.0597 -71.6078
923 -33.059 -71.6077
952 -33.059 -71.6077
690 -33.0589 -71.6078
137 -33.0589 -71.6078
183 -33.059 -71.6077
94 -33.0594 -71.6077
532 -33.0594 -71.6076
557 -33.0596 -71.6076
381 -33.0595 -71.6076
746 -33.0594 -71.6076
280 -33.0591 -71.6075
378 -33.0592 -71.6068
32 -33.059 -71.6065
925 -33.0607 -71.6064
441 -33.0633 -71.6064
291 -33.0626 -71.6058
147 -33.0624 -71.6057
922 -33.0604 -71.6058
83 -33.0601 -71.6063
129 -33.0601 -71.6063
857 -33.0604 -71.6058
870 -33.0624 -71.6056
331 -33.0622 -71.6055
112 -33.062 -71.6053
90 -33.0617 -71.6051
924 -33.0614 -71.6049
491 -33.061 -71.6055
296 -33.0611 -71.605
78 -33.0603 -71.6046
769 -33.06 -71.6061
261 -33.0595 -71.6064
622 -33.0595 -71.6063
843 -33.0596 -71.6063
954 -33.0594 -71.6064
873 -33.0593 -71.6064
527 -33.0592 -71.6063
513 -33.0591 -71.6063
825 -33.0598 -71.6063
311 -33.06 -71.6062
411 -33.0599 -71.6062
620 -33.0592 -71.6044
169 -33.0592 -71.6044
525 -33.059 -71.6063
221 -33.0591 -71.6054
929 -33.0589 -71.6078
836 -33.0587 -71.6079
714 -33.0587 -71.6079
468 -33.0588 -71.6078
167 -33.0586 -71.6079
471 -33.0585 -71.608
502 -33.0585 -71.608
757 -33.0585 -71.6079
182 -33.058 -71.6078
846 -33.0588 -71.6078
328 -33.0588 -71.6078
126 -33.0584 -71.6072
110 -33.0584 -71.6073
671 -33.0583 -71.6077
704 -33.0581 -71.6077
284 -33.0577 -71.6068
125 -33.0577 -71.6068
319 -33.0575 -71.6075
390 -33.0572 -71.6075
613 -33.0577 -71.6073
230 -33.057 -71.607
8 -33.0569 -71.6071
670 -33.057 -71.6071
276 -33.057 -71.607
120 -33.0571 -71.607
16 -33.0576 -71.6069
505 -33.0577 -71.6068
845 -33.0577 -71.6068
172 -33.0575 -71.6069
544 -33.0571 -71.607
782 -33.0571 -71.607
357 -33.0573 -71.6068
555 -33.0587 -71.6066
158 -33.0588 -71.6065
223 -33.0585 -71.6062
951 -33.0584 -71.6066
168 -33.0584 -71.6067
980 -33.0584 -71.6067
840 -33.0584 -71.6062
136 -33.0582 -71.606
196 -33.0587 -71.6051
937 -33.0586 -71.6051
293 -33.0585 -71.6042
99 -33.0584 -71.6042
984 -33.0583 -71.6058
256 -33.0582 -71.6048
595 -33.0581 -71.6047
404 -33.058 -71.6068
669 -33.0578 -71.6068
349 -33.0579 -71.6068
990 -33.0579 -71.6063
417 -33.0578 -71.6068
503 -33.0578 -71.6066
472 -33.0575 -71.6061
460 -33.0573 -71.606
477 -33.058 -71.6059
316 -33.0577 -71.6058
768 -33.0576 -71.6049
957 -33.0576 -71.6047
98 -33.0575 -71.6051
1 -33.0573 -71.6047
30 -33.0566 -71.6045
141 -33.0566 -71.61
336 -33.0546 -71.6105
517 -33.0549 -71.6104
744 -33.0549 -71.6104
915 -33.0544 -71.6105
380 -33.0542 -71.6117
618 -33.0541 -71.6116
621 -33.0541 -71.6105
372 -33.0552 -71.6104
391 -33.0562 -71.6102
815 -33.0563 -71.6095
673 -33.0559 -71.6095
975 -33.0559 -71.6091
770 -33.0559 -71.6095
931 -33.0559 -71.6095
433 -33.0558 -71.6095
995 -33.054 -71.6105
346 -33.054 -71.6113
133 -33.0537 -71.6113
74 -33.0539 -71.6113
345 -33.0536 -71.6113
780 -33.0528 -71.6116
337 -33.053 -71.6116
401 -33.0535 -71.6114
27 -33.0539 -71.6112
278 -33.0539 -71.6112
180 -33.0539 -71.6105
4 -33.0536 -71.6085
920 -33.0536 -71.6107
559 -33.0536 -71.6111
894 -33.0536 -71.6105
379 -33.0535 -71.6085
358 -33.056 -71.6085
344 -33.0546 -71.6085
936 -33.0546 -71.6085
396 -33.0546 -71.6085
352 -33.0545 -71.6085
131 -33.0545 -71.6085
943 -33.0545 -71.6085
684 -33.0545 -71.6085
928 -33.0544 -71.6085
330 -33.0544 -71.6085
663 -33.0544 -71.6085
114 -33.0546 -71.6085
356 -33.0543 -71.6085
824 -33.0543 -71.6085
451 -33.0543 -71.6085
95 -33.0543 -71.6085
459 -33.0542 -71.6085
969 -33.0542 -71.6085
3 -33.0541 -71.6085
246 -33.0541 -71.6085
814 -33.0541 -71.6085
766 -33.0535 -71.6085
817 -33.0535 -71.6085
841 -33.0541 -71.6085
486 -33.0541 -71.6085
162 -33.054 -71.6085
702 -33.054 -71.6085
798 -33.054 -71.6085
249 -33.0539 -71.6085
898 -33.0539 -71.6085
524 -33.0539 -71.6085
64 -33.0521 -71.6086
586 -33.0509 -71.6102
541 -33.0508 -71.6102
854 -33.0508 -71.6102
778 -33.0508 -71.6102
631 -33.0508 -71.6102
436 -33.0508 -71.6102
84 -33.0507 -71.6102
36 -33.0507 -71.6102
519 -33.0509 -71.6101
218 -33.051 -71.6101
960 -33.0511 -71.61
868 -33.0506 -71.6102
50 -33.0505 -71.6102
941 -33.0503 -71.6102
897 -33.0503 -71.6102
213 -33.0503 -71.6101
383 -33.05 -71.6113
799 -33.05 -71.6112
48 -33.05 -71.6111
694 -33.05 -71.6114
716 -33.05 -71.6115
724 -33.0491 -71.6114
968 -33.0495 -71.6112
933 -33.05 -71.611
853 -33.0502 -71.6102
140 -33.0502 -71.6102
318 -33.0502 -71.6101
206 -33.0501 -71.6104
283 -33.0501 -71.6109
440 -33.0501 -71.6107
612 -33.0511 -71.61
807 -33.052 -71.609
634 -33.052 -71.609
457 -33.052 -71.609
418 -33.0519 -71.6091
823 -33.0519 -71.6091
119 -33.0519 -71.6091
231 -33.0519 -71.6091
956 -33.052 -71.6089
363 -33.0521 -71.6086
153 -33.0521 -71.6086
240 -33.0521 -71.6086
178 -33.0521 -71.6087
481 -33.0521 -71.6087
828 -33.0521 -71.6087
425 -33.0521 -71.6087
701 -33.0519 -71.6092
462 -33.0514 -71.6097
648 -33.0515 -71.6096
538 -33.0516 -71.6095
374 -33.0513 -71.6098
302 -33.0513 -71.6098
432 -33.0513 -71.6098
515 -33.0513 -71.6098
637 -33.0517 -71.6094
680 -33.0519 -71.6092
234 -33.0519 -71.6092
590 -33.0519 -71.6092
728 -33.0517 -71.6094
0 -33.0517 -71.6094
435 -33.0499 -71.6091
288 -33.0539 -71.6085
65 -33.056 -71.6085
731 -33.0563 -71.608
989 -33.0563 -71.608
895 -33.0559 -71.6084
388 -33.0559 -71.6083
41 -33.0553 -71.608
552 -33.0554 -71.608
397 -33.0562 -71.608
122 -33.0562 -71.608
245 -33.0562 -71.608
720 -33.0562 -71.6079
806 -33.0562 -71.6079
492 -33.0554 -71.6079
616 -33.0554 -71.6079
691 -33.0561 -71.6079
893 -33.0553 -71.608
28 -33.055 -71.6082
490 -33.0551 -71.6082
609 -33.0551 -71.6081
135 -33.055 -71.6082
37 -33.0549 -71.6083
953 -33.0549 -71.6083
47 -33.055 -71.6083
800 -33.0552 -71.6081
965 -33.0553 -71.608
896 -33.0553 -71.608
959 -33.0553 -71.608
650 -33.0552 -71.6081
104 -33.0552 -71.6081
689 -33.0552 -71.6081
445 -33.0552 -71.6081
308 -33.0561 -71.6079
21 -33.0561 -71.6079
887 -33.056 -71.6079
194 -33.056 -71.6079
682 -33.0559 -71.6079
875 -33.0559 -71.6079
554 -33.0559 -71.6079
299 -33.0559 -71.6079
193 -33.0562 -71.6075
910 -33.0565 -71.6073
406 -33.0565 -71.6045
826 -33.0565 -71.6045
564 -33.0563 -71.6074
247 -33.0561 -71.6075
267 -33.0562 -71.6074
578 -33.0562 -71.6074
628 -33.0559 -71.6076
264 -33.0558 -71.6079
410 -33.0558 -71.6079
871 -33.0558 -71.6078
913 -33.0558 -71.6078
359 -33.0557 -71.6078
921 -33.0557 -71.6078
667 -33.0557 -71.6078
289 -33.0556 -71.6078
184 -33.0556 -71.6078
67 -33.0558 -71.6076
149 -33.0558 -71.6043
6 -33.0556 -71.6078
567 -33.0556 -71.6078
776 -33.055 -71.605
594 -33.0549 -71.6083
584 -33.0546 -71.6085
543 -33.0546 -71.6085
926 -33.0547 -71.6085
338 -33.0538 -71.6085
865 -33.0538 -71.6085
974 -33.0538 -71.6085
750 -33.0534 -71.6085
699 -33.0547 -71.6084
630 -33.0548 -71.6084
777 -33.0548 -71.6084
570 -33.0548 -71.6084
45 -33.0548 -71.6084
514 -33.0547 -71.6084
426 -33.0547 -71.6084
443 -33.0547 -71.6084
539 -33.0534 -71.6085
439 -33.0534 -71.6085
164 -33.0533 -71.6085
526 -33.0533 -71.6084
317 -33.0532 -71.6084
654 -33.0521 -71.6085
248 -33.0512 -71.6084
932 -33.0532 -71.6084
971 -33.0513 -71.6084
465 -33.0532 -71.6084
695 -33.0532 -71.6084
258 -33.0531 -71.6084
985 -33.0531 -71.6084
847 -33.0522 -71.6084
428 -33.053 -71.6084
39 -33.0548 -71.6083
58 -33.053 -71.6083
651 -33.053 -71.6083
656 -33.0528 -71.6083
342 -33.0528 -71.6083
312 -33.0527 -71.6082
329 -33.0527 -71.6082
719 -33.0527 -71.6082
779 -33.0527 -71.6082
507 -33.0537 -71.6061
781 -33.0541 -71.6056
121 -33.0542 -71.6054
729 -33.0534 -71.6064
241 -33.0527 -71.6082
792 -33.0533 -71.6064
533 -33.0527 -71.6047
96 -33.0526 -71.6082
596 -33.0526 -71.6082
548 -33.0522 -71.6082
947 -33.0525 -71.6082
709 -33.0522 -71.6082
76 -33.0522 -71.6083
444 -33.0522 -71.6082
207 -33.0522 -71.6082
665 -33.0522 -71.6082
804 -33.0524 -71.6081
685 -33.0524 -71.6081
518 -33.0524 -71.6081
86 -33.0523 -71.6081
522 -33.0522 -71.6082
899 -33.0519 -71.6081
