907 -33.0619 -71.6158
838 -33.0619 -71.6158
290 -33.0618 -71.6158
466 -33.0614 -71.6159
166 -33.0611 -71.616
179 -33.0611 -71.616
403 -33.0612 -71.616
619 -33.0625 -71.6158
754 -33.0629 -71.6156
455 -33.0627 -71.6154
978 -33.0627 -71.6151
475 -33.0626 -71.615
271 -33.0625 -71.6158
760 -33.0622 -71.6155
301 -33.0626 -71.615
423 -33.061 -71.6154
448 -33.0607 -71.6162
145 -33.0609 -71.6161
495 -33.061 -71.6161
171 -33.0605 -71.6162
946 -33.06 -71.6164
930 -33.0601 -71.6164
908 -33.0602 -71.6164
154 -33.0607 -71.6155
446 -33.0608 -71.6155
456 -33.0609 -71.6154
803 -33.061 -71.6154
279 -33.0602 -71.6143
367 -33.06 -71.6144
546 -33.0601 -71.6144
49 -33.0601 -71.6144
945 -33.0603 -71.6143
917 -33.0623 -71.6135
501 -33.0622 -71.6135
51 -33.0622 -71.6134
274 -33.061 -71.6134
819 -33.0608 -71.6136
994 -33.061 -71.6134
189 -33.061 -71.6134
762 -33.061 -71.6134
118 -33.0639 -71.6133
238 -33.0637 -71.6131
531 -33.0637 -71.6131
52 -33.0628 -71.6131
958 -33.0623 -71.6132
286 -33.0623 -71.6132
579 -33.0621 -71.6131
127 -33.0608 -71.6136
686 -33.0607 -71.614
424 -33.0607 -71.6139
483 -33.0607 -71.6139
123 -33.0606 -71.6141
7 -33.0604 -71.6142
61 -33.0606 -71.6141
467 -33.0606 -71.6141
809 -33.0605 -71.6138
134 -33.0604 -71.613
615 -33.0604 -71.6129
150 -33.0605 -71.6129
751 -33.0601 -71.6134
580 -33.0601 -71.6134
341 -33.06 -71.6134
611 -33.06 -71.6159
727 -33.0599 -71.6165
487 -33.0599 -71.6165
614 -33.0598 -71.6163
506 -33.0598 -71.6166
393 -33.0597 -71.6166
962 -33.0596 -71.6148
773 -33.0596 -71.6148
767 -33.0597 -71.6147
117 -33.0598 -71.6146
726 -33.0597 -71.6145
198 -33.0598 -71.6144
711 -33.0597 -71.6147
698 -33.0597 -71.6147
89 -33.0596 -71.6147
549 -33.0597 -71.6146
327 -33.0595 -71.6167
597 -33.0593 -71.6168
128 -33.0595 -71.6167
228 -33.0594 -71.6149
585 -33.0592 -71.6168
66 -33.0588 -71.617
204 -33.0591 -71.6151
600 -33.0591 -71.6151
421 -33.0588 -71.6148
880 -33.059 -71.6145
450 -33.0591 -71.6145
787 -33.0593 -71.6142
565 -33.059 -71.6146
734 -33.0589 -71.6147
320 -33.0589 -71.6146
860 -33.059 -71.6146
107 -33.0594 -71.6142
355 -33.0597 -71.6139
967 -33.0598 -71.6138
927 -33.0598 -71.6137
992 -33.0596 -71.6139
405 -33.0595 -71.614
864 -33.0595 -71.614
892 -33.0595 -71.6139
354 -33.0598 -71.6137
254 -33.0598 -71.6136
761 -33.0599 -71.6135
434 -33.0599 -71.6135
973 -33.0598 -71.6136
292 -33.0597 -71.6137
844 -33.0598 -71.6136
730 -33.0593 -71.6129
902 -33.0593 -71.6129
402 -33.0591 -71.6136
916 -33.0591 -71.6135
102 -33.0591 -71.6135
464 -33.0591 -71.6136
545 -33.0589 -71.6139
950 -33.0591 -71.6134
822 -33.0589 -71.6133
124 -33.0588 -71.6129
562 -33.059 -71.6129
392 -33.0592 -71.6129
201 -33.0593 -71.6129
275 -33.059 -71.6129
534 -33.0588 -71.6129
658 -33.0589 -71.6129
942 -33.0593 -71.6129
351 -33.0627 -71.6125
57 -33.0634 -71.6123
976 -33.0646 -71.6121
14 -33.0627 -71.6125
366 -33.0622 -71.6126
582 -33.0627 -71.6124
700 -33.0626 -71.6121
285 -33.0624 -71.6121
251 -33.0623 -71.6121
407 -33.0626 -71.612
674 -33.0624 -71.612
705 -33.0623 -71.612
577 -33.0617 -71.612
408 -33.0623 -71.612
370 -33.0622 -71.612
269 -33.0617 -71.6121
309 -33.0611 -71.6123
22 -33.0611 -71.6123
986 -33.0613 -71.6122
679 -33.061 -71.6123
641 -33.0609 -71.6124
575 -33.0609 -71.6124
759 -33.061 -71.6124
146 -33.0613 -71.6122
816 -33.0614 -71.6121
160 -33.0616 -71.6121
310 -33.0616 -71.6121
224 -33.0614 -71.6121
693 -33.0613 -71.6122
747 -33.0613 -71.6122
347 -33.0614 -71.6122
789 -33.0621 -71.612
413 -33.0634 -71.6119
869 -33.0641 -71.6116
640 -33.0642 -71.6115
480 -33.0632 -71.6119
387 -33.0621 -71.612
255 -33.0619 -71.612
733 -33.0623 -71.612
642 -33.063 -71.6113
790 -33.064 -71.6108
499 -33.064 -71.6107
482 -33.0648 -71.6105
11 -33.064 -71.6111
561 -33.0631 -71.6112
209 -33.0631 -71.6112
523 -33.0639 -71.6112
452 -33.0619 -71.6118
537 -33.0619 -71.6115
489 -33.0619 -71.6113
934 -33.0619 -71.6112
878 -33.0619 -71.6115
12 -33.0612 -71.6115
918 -33.0618 -71.611
297 -33.0618 -71.6108
62 -33.0618 -71.6108
474 -33.0618 -71.6108
43 -33.0618 -71.6106
818 -33.0618 -71.6105
740 -33.0617 -71.6107
903 -33.0614 -71.6107
458 -33.0615 -71.6107
627 -33.0609 -71.6115
498 -33.06 -71.6128
661 -33.0601 -71.6128
607 -33.0601 -71.6128
235 -33.06 -71.6128
70 -33.0599 -71.6128
414 -33.06 -71.6128
265 -33.06 -71.6128
87 -33.0601 -71.6128
202 -33.0606 -71.6127
863 -33.0606 -71.6127
208 -33.0606 -71.6127
373 -33.0606 -71.6127
837 -33.0603 -71.6128
324 -33.0605 -71.6128
334 -33.0603 -71.6127
295 -33.0598 -71.6128
233 -33.0597 -71.6128
437 -33.0597 -71.6128
599 -33.0597 -71.6128
655 -33.0597 -71.6128
19 -33.0594 -71.6129
707 -33.0594 -71.6129
306 -33.0596 -71.6128
738 -33.0597 -71.6128
801 -33.0592 -71.6128
82 -33.0595 -71.6126
23 -33.0592 -71.6126
742 -33.0589 -71.6128
386 -33.0589 -71.6127
20 -33.0589 -71.6127
200 -33.0607 -71.6126
69 -33.0608 -71.6125
237 -33.0603 -71.6124
603 -33.0605 -71.612
991 -33.0595 -71.6125
919 -33.0595 -71.6125
771 -33.0595 -71.6123
877 -33.0595 -71.6122
272 -33.0608 -71.612
252 -33.0605 -71.6116
307 -33.0607 -71.6116
876 -33.0603 -71.611
601 -33.0603 -71.6118
368 -33.0598 -71.6116
998 -33.0598 -71.6106
909 -33.0598 -71.6106
955 -33.0595 -71.612
303 -33.0591 -71.6125
216 -33.0591 -71.6118
298 -33.0593 -71.6116
676 -33.0591 -71.6122
29 -33.0588 -71.6126
905 -33.0588 -71.6121
560 -33.0588 -71.6117
563 -33.0593 -71.6116
187 -33.0592 -71.6112
743 -33.0595 -71.6109
706 -33.0594 -71.6108
748 -33.0589 -71.6112
815 -33.0589 -71.6112
259 -33.0589 -71.6112
449 -33.0588 -71.6129
961 -33.0585 -71.6172
100 -33.0587 -71.6169
703 -33.0584 -71.6166
504 -33.0584 -71.6165
364 -33.0583 -71.6174
904 -33.0584 -71.6173
830 -33.0584 -71.6163
593 -33.0584 -71.6161
262 -33.0587 -71.6154
431 -33.0588 -71.6154
739 -33.0585 -71.6153
148 -33.0585 -71.6153
343 -33.0583 -71.6151
185 -33.0581 -71.615
632 -33.0582 -71.615
109 -33.0581 -71.6176
979 -33.0578 -71.6178
165 -33.058 -71.6177
130 -33.058 -71.6176
10 -33.0577 -71.6179
786 -33.0576 -71.618
949 -33.0576 -71.618
983 -33.0577 -71.6179
964 -33.0575 -71.617
749 -33.0581 -71.615
250 -33.058 -71.615
678 -33.058 -71.615
163 -33.0579 -71.615
91 -33.0574 -71.6151
852 -33.0579 -71.615
500 -33.0578 -71.615
659 -33.0578 -71.615
835 -33.0579 -71.6149
636 -33.0586 -71.6149
783 -33.0583 -71.6149
361 -33.0578 -71.6149
38 -33.0577 -71.6149
111 -33.0577 -71.6149
75 -33.0577 -71.6149
385 -33.0583 -71.6149
488 -33.0588 -71.6148
430 -33.0584 -71.6148
116 -33.0588 -71.6148
756 -33.0584 -71.6148
323 -33.0582 -71.6148
105 -33.0583 -71.6148
721 -33.0583 -71.6148
315 -33.0576 -71.6149
144 -33.0576 -71.6149
625 -33.0576 -71.6149
812 -33.0576 -71.6149
195 -33.0576 -71.6149
496 -33.0576 -71.6149
497 -33.0575 -71.6149
304 -33.0575 -71.6149
181 -33.0576 -71.6149
226 -33.0575 -71.6149
890 -33.0575 -71.6149
24 -33.0575 -71.6149
115 -33.0574 -71.6149
412 -33.0573 -71.6148
85 -33.0573 -71.6148
142 -33.0572 -71.6148
708 -33.0566 -71.6182
409 -33.0564 -71.6181
494 -33.0571 -71.617
353 -33.0564 -71.6167
511 -33.0564 -71.6181
987 -33.0561 -71.6161
25 -33.0562 -71.616
155 -33.0562 -71.6159
639 -33.0562 -71.6159
605 -33.0561 -71.6158
598 -33.0561 -71.6158
113 -33.0561 -71.6157
333 -33.0561 -71.6157
54 -33.0561 -71.6156
589 -33.056 -71.6156
763 -33.056 -71.616
427 -33.0556 -71.6179
710 -33.056 -71.6162
92 -33.056 -71.6162
629 -33.0555 -71.6172
516 -33.0549 -71.6183
509 -33.0553 -71.6179
849 -33.0554 -71.6174
794 -33.056 -71.6159
157 -33.056 -71.6159
635 -33.0555 -71.6159
610 -33.0553 -71.6158
644 -33.0547 -71.6157
911 -33.0546 -71.6157
764 -33.0544 -71.6157
170 -33.056 -71.6156
692 -33.0566 -71.6149
106 -33.0572 -71.6148
850 -33.0572 -71.6148
479 -33.0566 -71.6149
712 -33.0565 -71.6149
900 -33.0565 -71.6149
697 -33.0565 -71.6149
550 -33.0572 -71.6148
574 -33.0572 -71.6148
884 -33.0571 -71.6148
688 -33.0571 -71.6148
176 -33.0571 -71.6148
652 -33.0567 -71.6148
53 -33.0567 -71.6148
940 -33.057 -71.6148
217 -33.0565 -71.615
988 -33.0535 -71.6155
889 -33.056 -71.6155
573 -33.056 -71.6154
277 -33.0534 -71.6155
205 -33.0534 -71.6155
820 -33.0533 -71.6155
938 -33.0533 -71.6155
829 -33.056 -71.6154
263 -33.0562 -71.6151
883 -33.0562 -71.6151
529 -33.0564 -71.615
453 -33.0561 -71.6152
416 -33.056 -71.6153
239 -33.0561 -71.6152
795 -33.0588 -71.6148
340 -33.0587 -71.6148
93 -33.0587 -71.6147
399 -33.0586 -71.6145
512 -33.0586 -71.6144
177 -33.0585 -71.6147
797 -33.0586 -71.6146
175 -33.0584 -71.6139
571 -33.0584 -71.6138
211 -33.0585 -71.6137
891 -33.0588 -71.6135
668 -33.0586 -71.6133
687 -33.0584 -71.6136
521 -33.0583 -71.6134
881 -33.0583 -71.6134
18 -33.0584 -71.613
831 -33.0583 -71.6137
68 -33.0581 -71.6144
948 -33.0582 -71.6142
551 -33.0582 -71.6142
713 -33.0581 -71.6144
476 -33.0581 -71.6144
389 -33.0579 -71.6139
253 -33.0579 -71.6139
266 -33.0578 -71.6139
227 -33.0582 -71.6131
791 -33.0582 -71.613
666 -33.0582 -71.613
963 -33.0582 -71.6131
212 -33.0581 -71.6136
848 -33.0581 -71.6133
638 -33.0581 -71.613
42 -33.0585 -71.613
623 -33.0586 -71.613
203 -33.0587 -71.613
996 -33.0588 -71.613
214 -33.0583 -71.6127
588 -33.0582 -71.6129
872 -33.0583 -71.6127
645 -33.0583 -71.6127
842 -33.0583 -71.6126
197 -33.0585 -71.6124
770 -33.0585 -71.6113
542 -33.0586 -71.6105
151 -33.0584 -71.6117
108 -33.0582 -71.6123
606 -33.0583 -71.6113
558 -33.0584 -71.6106
805 -33.0582 -71.6126
725 -33.058 -71.613
547 -33.0581 -71.6125
210 -33.0581 -71.6123
566 -33.058 -71.613
270 -33.0579 -71.6129
33 -33.0578 -71.6129
186 -33.0578 -71.6129
775 -33.0581 -71.612
372 -33.0581 -71.6111
587 -33.0581 -71.611
821 -33.0581 -71.6108
442 -33.058 -71.6119
15 -33.058 -71.6113
569 -33.0579 -71.6113
649 -33.0578 -71.6129
377 -33.0577 -71.6145
885 -33.0577 -71.6144
429 -33.0577 -71.6139
161 -33.0575 -71.6139
5 -33.0574 -71.6145
536 -33.0575 -71.614
260 -33.0575 -71.614
17 -33.0575 -71.6139
520 -33.0577 -71.6131
35 -33.0577 -71.6131
906 -33.0577 -71.6129
508 -33.0577 -71.6129
40 -33.0574 -71.6135
591 -33.0576 -71.6134
617 -33.0577 -71.6129
382 -33.0573 -71.6147
572 -33.057 -71.6148
13 -33.0569 -71.6147
859 -33.0569 -71.6147
273 -33.0568 -71.6147
174 -33.0568 -71.6147
999 -33.0568 -71.6147
191 -33.0568 -71.6147
313 -33.0568 -71.6147
647 -33.0573 -71.6147
796 -33.0573 -71.6147
867 -33.0573 -71.6147
59 -33.0567 -71.6133
380 -33.0566 -71.6132
618 -33.0565 -71.6132
173 -33.0576 -71.6129
914 -33.0576 -71.6129
683 -33.0573 -71.6128
717 -33.0573 -71.6128
188 -33.0569 -71.6126
568 -33.0568 -71.6126
758 -33.0567 -71.6125
44 -33.0566 -71.6125
346 -33.0564 -71.6124
861 -33.0575 -71.6119
681 -33.0575 -71.6116
510 -33.0577 -71.6107
673 -33.0574 -71.6106
862 -33.0548 -71.6124
559 -33.0561 -71.6123
851 -33.0559 -71.6123
314 -33.054 -71.6105
553 -33.0538 -71.6122
972 -33.0533 -71.6122
793 -33.0532 -71.6121
827 -33.0524 -71.6117
447 -33.0515 -71.6119
101 -33.0499 -71.6119
9 -33.0524 -71.6117
901 -33.0539 -71.6112
855 -33.054 -71.6105
660 -33.054 -71.6105
394 -33.054 -71.6105
348 -33.0539 -71.6112
81 -33.0538 -71.6111
604 -33.0538 -71.611
517 -33.0581 -71.6105
420 -33.0646 -71.61
63 -33.0632 -71.61
326 -33.0645 -71.6099
282 -33.0632 -71.61
774 -33.0631 -71.61
858 -33.063 -71.6099
715 -33.0628 -71.6098
470 -33.0627 -71.6098
469 -33.0641 -71.6096
677 -33.0644 -71.6095
473 -33.0636 -71.6095
532 -33.062 -71.6093
422 -33.062 -71.6095
952 -33.0618 -71.6094
183 -33.0617 -71.6094
581 -33.0617 -71.6103
576 -33.0617 -71.6103
646 -33.0612 -71.61
94 -33.0612 -71.6098
879 -33.0611 -71.6098
415 -33.0608 -71.6103
26 -33.061 -71.6103
60 -33.0611 -71.6098
608 -33.0611 -71.6097
328 -33.0616 -71.6094
690 -33.0616 -71.6094
757 -33.0612 -71.6094
471 -33.0612 -71.6093
970 -33.0608 -71.6096
752 -33.061 -71.6094
741 -33.061 -71.6093
438 -33.0632 -71.6093
944 -33.0629 -71.6092
335 -33.0638 -71.6092
79 -33.0642 -71.6092
723 -33.0627 -71.6092
219 -33.0627 -71.6092
664 -33.0623 -71.6091
981 -33.0616 -71.6089
653 -33.0614 -71.6089
350 -33.0625 -71.6082
463 -33.0625 -71.608
225 -33.0632 -71.6077
156 -33.0623 -71.6083
714 -33.0618 -71.6088
72 -33.0622 -71.6085
419 -33.0617 -71.608
369 -33.0614 -71.6089
624 -33.0609 -71.6089
832 -33.0612 -71.6089
71 -33.061 -71.6089
882 -33.0609 -71.6089
736 -33.0608 -71.6088
294 -33.0608 -71.6088
788 -33.0607 -71.6088
199 -33.0607 -71.6088
192 -33.061 -71.6086
461 -33.061 -71.6086
398 -33.0613 -71.6077
375 -33.0607 -71.6086
746 -33.0606 -71.6085
753 -33.0607 -71.6079
103 -33.0605 -71.6084
190 -33.0602 -71.6104
97 -33.0603 -71.6101
138 -33.0605 -71.6096
886 -33.0602 -71.6103
602 -33.0596 -71.6103
305 -33.0601 -71.6101
866 -33.0596 -71.6098
73 -33.0605 -71.6093
332 -33.0602 -71.6083
242 -33.0601 -71.6083
339 -33.0601 -71.6082
626 -33.06 -71.6088
132 -33.06 -71.6088
810 -33.0598 -71.6082
167 -33.0598 -71.6082
376 -33.0595 -71.6105
391 -33.0594 -71.6099
143 -33.0595 -71.6098
141 -33.0595 -71.6098
765 -33.0592 -71.6104
657 -33.0586 -71.6101
362 -33.0589 -71.6095
856 -33.0587 -71.6093
931 -33.0587 -71.6089
236 -33.0588 -71.6088
2 -33.0592 -71.6088
308 -33.0593 -71.6083
554 -33.0587 -71.6083
800 -33.0584 -71.6086
650 -33.0584 -71.6086
215 -33.0601 -71.6082
232 -33.0601 -71.6082
813 -33.0601 -71.6082
468 -33.0601 -71.6079
888 -33.0601 -71.6078
839 -33.06 -71.6081
731 -33.0597 -71.6079
245 -33.0597 -71.6078
806 -33.0597 -71.6078
229 -33.0599 -71.6078
737 -33.0605 -71.6077
122 -33.0598 -71.6077
989 -33.0597 -71.6077
691 -33.0596 -71.6078
21 -33.0595 -71.6077
720 -33.0597 -71.6077
194 -33.0595 -71.6077
846 -33.059 -71.6079
528 -33.059 -71.6079
896 -33.0588 -71.6078
965 -33.0588 -71.6078
28 -33.0585 -71.6079
490 -33.0585 -71.6079
609 -33.0586 -71.6079
959 -33.0588 -71.6078
667 -33.0592 -71.6076
921 -33.0592 -71.6076
359 -33.0592 -71.6076
289 -33.0591 -71.6077
929 -33.0589 -71.6078
616 -33.0589 -71.6078
913 -33.0593 -71.6076
400 -33.0631 -71.6075
331 -33.0642 -71.6068
672 -33.0625 -71.6068
478 -33.0622 -71.6074
977 -33.0617 -71.6073
833 -33.0619 -71.6069
662 -33.0619 -71.6068
296 -33.0641 -71.6068
441 -33.0634 -71.6065
78 -33.0634 -71.6065
291 -33.0637 -71.6064
147 -33.0633 -71.6065
966 -33.0616 -71.6067
922 -33.0633 -71.6063
923 -33.0621 -71.6063
785 -33.0614 -71.6066
997 -33.0608 -71.6076
502 -33.0607 -71.6074
325 -33.061 -71.6072
365 -33.0607 -71.6071
287 -33.0607 -71.6076
395 -33.0606 -71.6075
556 -33.0607 -71.6075
300 -33.0606 -71.6068
808 -33.0612 -71.6068
56 -33.0613 -71.6067
836 -33.0612 -71.6063
381 -33.0611 -71.6066
159 -33.0609 -71.6065
137 -33.0609 -71.6065
925 -33.0607 -71.6064
592 -33.0623 -71.6062
924 -33.064 -71.6061
870 -33.0648 -71.606
90 -33.0645 -71.6059
112 -33.0632 -71.6062
769 -33.0629 -71.606
557 -33.062 -71.606
825 -33.0627 -71.6059
843 -33.0626 -71.6058
169 -33.0626 -71.6058
620 -33.0626 -71.6058
622 -33.0625 -71.6057
261 -33.0624 -71.6056
857 -33.0624 -71.6055
32 -33.062 -71.6053
293 -33.0618 -71.6052
158 -33.0618 -71.6052
491 -33.061 -71.6055
16 -33.0608 -71.6053
845 -33.0609 -71.6052
172 -33.0608 -71.6054
276 -33.0604 -71.6057
120 -33.0605 -71.6057
544 -33.0605 -71.6056
505 -33.0609 -71.6052
99 -33.0617 -71.6051
349 -33.0611 -71.605
951 -33.0615 -71.6049
669 -33.0611 -71.605
284 -33.061 -71.6051
417 -33.061 -71.6051
230 -33.0604 -71.6057
682 -33.0593 -71.6076
264 -33.0594 -71.6076
46 -33.0601 -71.6072
410 -33.0593 -71.6076
871 -33.0593 -71.6076
371 -33.0593 -71.6076
299 -33.0592 -71.6073
912 -33.0602 -71.6072
281 -33.0602 -71.607
321 -33.0601 -71.6067
772 -33.0601 -71.6065
243 -33.0601 -71.6065
397 -33.0595 -71.607
378 -33.0592 -71.6068
671 -33.0591 -71.6067
280 -33.0591 -71.6075
887 -33.0586 -71.6067
555 -33.0587 -71.6066
126 -33.0588 -71.6066
445 -33.0585 -71.6074
110 -33.0584 -71.6073
168 -33.0584 -71.6067
980 -33.0584 -71.6067
704 -33.0588 -71.6066
552 -33.0587 -71.6066
567 -33.059 -71.6065
6 -33.059 -71.6065
41 -33.0587 -71.6066
689 -33.0585 -71.6066
104 -33.0586 -71.6066
184 -33.059 -71.6065
83 -33.0601 -71.6063
129 -33.0601 -71.6063
311 -33.06 -71.6062
578 -33.0597 -71.6063
404 -33.0595 -71.6065
247 -33.0595 -71.6064
267 -33.0597 -71.6063
411 -33.0599 -71.6062
910 -33.06 -71.6061
670 -33.0602 -71.6061
8 -33.0603 -71.6058
30 -33.0599 -71.6045
406 -33.0597 -71.6054
1 -33.0595 -71.6051
826 -33.0598 -71.6045
954 -33.0594 -71.6064
125 -33.0594 -71.6064
67 -33.0593 -71.6064
873 -33.0593 -71.6064
527 -33.0592 -71.6063
513 -33.0591 -71.6063
525 -33.059 -71.6063
628 -33.0588 -71.6062
223 -33.0585 -71.6062
256 -33.0594 -71.6055
221 -33.0591 -71.6054
149 -33.0591 -71.6052
196 -33.0587 -71.6051
957 -33.0587 -71.6051
937 -33.0586 -71.6051
840 -33.0584 -71.6062
336 -33.0579 -71.6103
358 -33.0578 -71.6103
915 -33.0578 -71.6103
384 -33.0577 -71.6102
540 -33.0575 -71.6103
895 -33.0577 -71.6102
621 -33.0576 -71.6101
388 -33.0576 -71.6101
975 -33.0583 -71.6101
433 -33.0583 -71.6099
875 -33.0583 -71.6092
745 -33.0582 -71.6101
268 -33.058 -71.6099
65 -33.0578 -71.6098
744 -33.0578 -71.6096
180 -33.0571 -71.6095
337 -33.0554 -71.6104
345 -33.0561 -71.6102
278 -33.0563 -71.6101
780 -33.055 -71.6101
834 -33.0542 -71.6105
31 -33.0549 -71.6104
77 -33.0549 -71.6103
27 -33.0564 -71.6101
920 -33.0568 -71.6099
894 -33.0567 -71.6096
995 -33.0571 -71.6095
74 -33.0558 -71.6095
133 -33.0556 -71.6094
162 -33.0555 -71.6094
401 -33.0554 -71.6094
454 -33.0582 -71.609
257 -33.0583 -71.6087
699 -33.0581 -71.6084
426 -33.0581 -71.6083
244 -33.058 -71.6083
874 -33.0576 -71.6088
535 -33.0575 -71.6088
811 -33.0579 -71.6083
131 -33.058 -71.6083
684 -33.0579 -71.6082
663 -33.0578 -71.6082
330 -33.0578 -71.6082
451 -33.0577 -71.6082
457 -33.055 -71.6083
956 -33.055 -71.6083
824 -33.0577 -71.6081
634 -33.0549 -71.6083
728 -33.0546 -71.6085
590 -33.0548 -71.6084
701 -33.0548 -71.6084
0 -33.0546 -71.6085
637 -33.0545 -71.6085
538 -33.0544 -71.6085
648 -33.0543 -71.6085
680 -33.0548 -71.6084
823 -33.0549 -71.6083
231 -33.0549 -71.6083
807 -33.0549 -71.6083
119 -33.0548 -71.6083
234 -33.0548 -71.6084
418 -33.0548 -71.6083
462 -33.0541 -71.6085
484 -33.0512 -71.6099
732 -33.0513 -71.6098
643 -33.0513 -71.6098
583 -33.0511 -71.61
935 -33.0509 -71.6101
88 -33.051 -71.6101
493 -33.051 -71.6101
939 -33.0513 -71.6098
724 -33.0517 -71.6094
530 -33.0518 -71.6094
968 -33.052 -71.6091
152 -33.0517 -71.6095
755 -33.0515 -71.6096
55 -33.0516 -71.6095
722 -33.0516 -71.6095
485 -33.0509 -71.6101
34 -33.0509 -71.6102
360 -33.0507 -71.6102
80 -33.0509 -71.6102
696 -33.0502 -71.6102
139 -33.0502 -71.6102
322 -33.0502 -71.6102
802 -33.0502 -71.6102
718 -33.0506 -71.6102
633 -33.0504 -71.6102
982 -33.0505 -71.6102
222 -33.0503 -71.6102
220 -33.0503 -71.6102
784 -33.0503 -71.6102
735 -33.0503 -71.6101
716 -33.0521 -71.6087
960 -33.0537 -71.6085
515 -33.0541 -71.6085
374 -33.0541 -71.6085
218 -33.0536 -71.6085
519 -33.0536 -71.6085
586 -33.0535 -71.6085
778 -33.0535 -71.6085
302 -33.054 -71.6085
432 -33.054 -71.6085
541 -33.0535 -71.6085
612 -33.0538 -71.6085
854 -33.0534 -71.6085
631 -33.0534 -71.6085
84 -33.0534 -71.6085
436 -33.0534 -71.6085
36 -33.0533 -71.6084
50 -33.0532 -71.6084
868 -33.0532 -71.6084
941 -33.053 -71.6083
897 -33.053 -71.6083
383 -33.0521 -71.6086
694 -33.0521 -71.6086
213 -33.0529 -71.6083
140 -33.0528 -71.6083
318 -33.0528 -71.6083
853 -33.0527 -71.6082
206 -33.0526 -71.6082
283 -33.0522 -71.6082
48 -33.0522 -71.6083
933 -33.0522 -71.6082
799 -33.0517 -71.6081
675 -33.0584 -71.608
39 -33.0583 -71.608
570 -33.0583 -71.608
630 -33.0582 -71.608
114 -33.058 -71.6081
584 -33.058 -71.6081
45 -33.0582 -71.6081
594 -33.0583 -71.608
37 -33.0583 -71.608
993 -33.0581 -71.6078
182 -33.0583 -71.6071
514 -33.058 -71.6079
193 -33.0577 -71.6076
319 -33.0577 -71.6076
613 -33.0577 -71.6073
390 -33.0577 -71.6072
814 -33.0576 -71.6081
3 -33.0576 -71.6081
893 -33.0575 -71.6081
486 -33.0575 -71.6081
249 -33.0574 -71.6081
798 -33.0574 -71.6081
288 -33.0573 -71.6081
338 -33.0573 -71.6081
459 -33.0575 -71.6069
95 -33.0576 -71.6069
356 -33.0576 -71.6068
969 -33.0575 -71.6069
524 -33.0573 -71.608
841 -33.0574 -71.6069
246 -33.0574 -71.6069
352 -33.0578 -71.6068
47 -33.0583 -71.6067
135 -33.0583 -71.6067
782 -33.0583 -71.6062
953 -33.0583 -71.6067
443 -33.058 -71.6067
543 -33.058 -71.6067
777 -33.058 -71.6067
990 -33.058 -71.6062
984 -33.0583 -71.6058
564 -33.0583 -71.6057
595 -33.0583 -71.6051
136 -33.0582 -71.6059
492 -33.0582 -71.6062
477 -33.058 -71.6059
776 -33.0582 -71.6048
926 -33.058 -71.6068
396 -33.0578 -71.6068
344 -33.0579 -71.6068
936 -33.0579 -71.6068
357 -33.0578 -71.6062
928 -33.0576 -71.6067
503 -33.0578 -71.6066
943 -33.0576 -71.6066
472 -33.0575 -71.6061
316 -33.0577 -71.6058
460 -33.0578 -71.6058
768 -33.0576 -71.6049
98 -33.0575 -71.6051
121 -33.0575 -71.6049
781 -33.0573 -71.6047
865 -33.0573 -71.608
974 -33.0572 -71.608
4 -33.0571 -71.608
817 -33.0569 -71.608
750 -33.0568 -71.608
439 -33.0568 -71.608
539 -33.0568 -71.608
526 -33.0567 -71.608
932 -33.0566 -71.608
465 -33.0566 -71.608
317 -33.0566 -71.608
695 -33.0566 -71.608
258 -33.0565 -71.608
985 -33.0564 -71.608
58 -33.0564 -71.608
656 -33.0563 -71.608
779 -33.0561 -71.6079
828 -33.0552 -71.6081
240 -33.0552 -71.6081
363 -33.0552 -71.6081
481 -33.0552 -71.6081
440 -33.0524 -71.6081
425 -33.0552 -71.6081
178 -33.0552 -71.6081
153 -33.0552 -71.6081
719 -33.0561 -71.6079
96 -33.056 -71.6079
947 -33.056 -71.6079
847 -33.0554 -71.608
64 -33.0553 -71.608
654 -33.0553 -71.608
76 -33.0555 -71.6079
379 -33.0569 -71.6074
428 -33.0564 -71.6074
651 -33.0564 -71.6074
329 -33.056 -71.6075
241 -33.056 -71.6075
342 -33.056 -71.6075
312 -33.056 -71.6075
164 -33.0566 -71.6072
766 -33.0569 -71.6071
898 -33.0572 -71.607
702 -33.0572 -71.6069
507 -33.0568 -71.6046
533 -33.0564 -71.6044
792 -33.0563 -71.6044
729 -33.0563 -71.6044
596 -33.0559 -71.6076
709 -33.0556 -71.6078
522 -33.0556 -71.6078
86 -33.0556 -71.6077
548 -33.0556 -71.6078
207 -33.0555 -71.6079
444 -33.0555 -71.6079
665 -33.0556 -71.6078
518 -33.0558 -71.6077
685 -33.0558 -71.6076
804 -33.0558 -71.6076
899 -33.0542 -71.6055
248 -33.0538 -71.6061
435 -33.0523 -71.6071
971 -33.0537 -71.6061
