455 -33.0571 -71.6184
754 -33.0572 -71.6183
698 -33.0572 -71.6183
809 -33.0569 -71.6183
760 -33.0569 -71.6183
271 -33.0568 -71.6183
456 -33.0567 -71.6182
301 -33.0576 -71.618
978 -33.0591 -71.6169
475 -33.061 -71.616
994 -33.059 -71.6151
367 -33.0584 -71.6165
549 -33.0584 -71.6173
189 -33.0584 -71.6165
619 -33.0575 -71.6151
803 -33.0566 -71.6182
838 -33.0562 -71.6181
907 -33.0563 -71.6166
446 -33.0562 -71.6161
373 -33.0562 -71.616
198 -33.0562 -71.6181
290 -33.0561 -71.6181
423 -33.0561 -71.6159
819 -33.0561 -71.6158
134 -33.0563 -71.6151
816 -33.0563 -71.6151
881 -33.0563 -71.615
442 -33.0562 -71.6151
488 -33.0561 -71.6158
580 -33.0562 -71.6151
146 -33.0562 -71.6151
483 -33.0592 -71.615
686 -33.0581 -71.615
413 -33.058 -71.615
57 -33.0583 -71.6149
467 -33.0578 -71.6149
127 -33.0577 -71.6149
582 -33.0576 -71.6149
450 -33.0575 -71.6149
407 -33.0573 -71.6149
869 -33.0588 -71.6148
60 -33.0587 -71.6148
608 -33.0589 -71.6147
879 -33.0587 -71.6147
743 -33.0572 -71.6148
389 -33.0573 -71.6148
818 -33.0587 -71.6147
476 -33.0571 -71.6148
520 -33.0566 -71.6149
602 -33.0566 -71.6148
107 -33.0566 -71.6148
693 -33.0566 -71.6149
376 -33.0565 -71.6149
269 -33.0565 -71.6149
762 -33.0565 -71.6149
537 -33.0571 -71.6148
251 -33.057 -71.6148
408 -33.057 -71.6147
955 -33.0569 -71.6147
370 -33.0569 -71.6147
255 -33.0567 -71.6148
123 -33.0568 -71.6147
403 -33.0561 -71.6159
767 -33.0559 -71.618
466 -33.0558 -71.618
179 -33.0554 -71.6179
629 -33.0551 -71.6217
409 -33.0551 -71.6211
687 -33.055 -71.6179
880 -33.0551 -71.6179
166 -33.0553 -71.6179
891 -33.0556 -71.6172
377 -33.0556 -71.6171
775 -33.0556 -71.617
210 -33.0556 -71.6172
495 -33.0553 -71.6179
323 -33.0552 -71.6178
547 -33.0555 -71.6172
448 -33.055 -71.6179
849 -33.055 -71.6219
266 -33.0548 -71.6186
253 -33.0548 -71.6186
92 -33.0548 -71.6204
710 -33.0548 -71.6204
987 -33.0547 -71.6203
487 -33.0548 -71.6188
930 -33.0548 -71.6185
340 -33.055 -71.6182
431 -33.055 -71.6181
831 -33.055 -71.618
116 -33.0549 -71.6182
177 -33.0549 -71.6185
262 -33.0549 -71.6183
399 -33.0549 -71.6182
713 -33.0556 -71.617
919 -33.0559 -71.6163
216 -33.0561 -71.6161
587 -33.0561 -71.6161
145 -33.0558 -71.6157
761 -33.0557 -71.6168
341 -33.0557 -71.6167
355 -33.0557 -71.6164
69 -33.0561 -71.6156
361 -33.056 -71.6155
641 -33.056 -71.6155
42 -33.056 -71.6155
542 -33.056 -71.6155
150 -33.056 -71.6155
405 -33.0559 -71.6153
105 -33.0559 -71.6153
434 -33.0557 -71.6168
973 -33.0556 -71.617
844 -33.0556 -71.6169
730 -33.0556 -71.6159
546 -33.0554 -71.6159
254 -33.0552 -71.6158
292 -33.0551 -71.6158
117 -33.0551 -71.6158
812 -33.055 -71.6158
171 -33.0554 -71.6155
711 -33.0552 -71.6153
611 -33.0552 -71.6153
992 -33.055 -71.6158
892 -33.0548 -71.6158
721 -33.0547 -71.6157
726 -33.0569 -71.6147
774 -33.0592 -71.6143
945 -33.0602 -71.6143
501 -33.0592 -71.6143
640 -33.0589 -71.6147
646 -33.0585 -71.6147
286 -33.0585 -71.6147
950 -33.0587 -71.6144
531 -33.0592 -71.6143
482 -33.0601 -71.6133
976 -33.0601 -71.6132
118 -33.0602 -71.6131
297 -33.0596 -71.6139
464 -33.0588 -71.6143
561 -33.0595 -71.614
237 -33.0586 -71.613
305 -33.0584 -71.613
948 -33.0582 -71.6142
765 -33.0574 -71.6141
636 -33.0575 -71.614
18 -33.0574 -71.6142
822 -33.0574 -71.6145
963 -33.0574 -71.6144
962 -33.0574 -71.6144
668 -33.0576 -71.6139
20 -33.0582 -71.6137
521 -33.0583 -71.6134
124 -33.0582 -71.6131
563 -33.0581 -71.613
591 -33.0576 -71.6134
209 -33.0581 -71.613
642 -33.058 -71.613
967 -33.0586 -71.613
991 -33.0595 -71.6128
579 -33.0596 -71.6128
917 -33.0597 -71.6128
368 -33.0595 -71.6129
238 -33.0587 -71.613
523 -33.0592 -71.6129
19 -33.0594 -71.6129
414 -33.06 -71.6128
420 -33.0603 -71.6128
326 -33.0605 -71.6128
790 -33.0605 -71.6127
43 -33.0601 -71.6128
747 -33.06 -71.6128
354 -33.06 -71.6128
576 -33.0601 -71.6128
298 -33.0585 -71.6124
51 -33.058 -71.613
751 -33.0579 -71.613
366 -33.0579 -71.613
307 -33.0579 -71.6129
627 -33.0579 -71.6129
958 -33.0579 -71.6129
52 -33.0578 -71.6129
402 -33.0578 -71.6129
842 -33.0582 -71.6129
560 -33.0582 -71.6128
872 -33.0583 -71.6127
452 -33.0576 -71.6129
733 -33.0575 -71.6128
173 -33.0574 -71.6128
154 -33.0573 -71.6147
175 -33.0573 -71.6137
12 -33.0573 -71.6128
480 -33.0572 -71.6128
61 -33.0571 -71.6136
773 -33.0569 -71.6134
571 -33.0569 -71.6134
274 -33.0568 -71.6133
927 -33.0571 -71.6127
35 -33.0571 -71.6127
679 -33.057 -71.6127
214 -33.057 -71.6127
351 -33.057 -71.6127
14 -33.0569 -71.6126
29 -33.0569 -71.6126
15 -33.0569 -71.6126
279 -33.0568 -71.6147
424 -33.0566 -71.6132
797 -33.0561 -71.6131
512 -33.0563 -71.6131
40 -33.056 -71.6131
49 -33.0556 -71.6131
212 -33.0554 -71.6131
506 -33.056 -71.6131
7 -33.0563 -71.6131
676 -33.0567 -71.6125
295 -33.0567 -71.6125
303 -33.0567 -71.6125
89 -33.055 -71.6131
551 -33.055 -71.6131
228 -33.0548 -71.6128
197 -33.0566 -71.6125
909 -33.0565 -71.6124
674 -33.0564 -71.6124
848 -33.0564 -71.6124
916 -33.0563 -71.6124
601 -33.0555 -71.6124
387 -33.0562 -71.6124
789 -33.0562 -71.6123
23 -33.0561 -71.6123
577 -33.0561 -71.6123
252 -33.0561 -71.6123
272 -33.0559 -71.6123
160 -33.0557 -71.6123
649 -33.0556 -71.6123
998 -33.0556 -71.6123
310 -33.0557 -71.6123
347 -33.0555 -71.6124
986 -33.0553 -71.6124
742 -33.0553 -71.6124
386 -33.0554 -71.6124
645 -33.0553 -71.6124
575 -33.0552 -71.6124
309 -33.0551 -71.6124
22 -33.0551 -71.6124
224 -33.0554 -71.6124
151 -33.055 -71.6124
759 -33.0549 -71.6124
603 -33.0554 -71.6124
905 -33.0549 -71.6124
102 -33.0548 -71.6124
108 -33.0547 -71.6124
864 -33.0547 -71.6157
25 -33.0547 -71.6203
260 -33.0546 -71.6189
678 -33.0545 -71.6189
598 -33.0544 -71.6201
589 -33.0543 -71.62
786 -33.0542 -71.62
829 -33.0541 -71.6199
500 -33.0544 -71.6189
327 -33.0544 -71.6189
315 -33.0543 -71.6189
38 -33.0542 -71.6189
703 -33.0542 -71.6189
890 -33.054 -71.6189
226 -33.054 -71.6189
5 -33.054 -71.6189
497 -33.054 -71.6189
979 -33.054 -71.6198
883 -33.0537 -71.6197
109 -33.0536 -71.6196
53 -33.0535 -71.6192
217 -33.0535 -71.6194
697 -33.0535 -71.6194
479 -33.0535 -71.6194
961 -33.0535 -71.6192
115 -33.054 -71.6189
796 -33.0539 -71.6189
647 -33.054 -71.6189
142 -33.0538 -71.6188
313 -33.0535 -71.619
85 -33.0538 -71.6188
550 -33.0537 -71.6188
66 -33.0537 -71.6188
250 -33.0543 -71.6184
17 -33.0543 -71.6184
632 -33.0545 -71.6184
393 -33.0543 -71.6184
128 -33.054 -71.6184
852 -33.0541 -71.6184
163 -33.0541 -71.6184
614 -33.0544 -71.6184
908 -33.0547 -71.6173
545 -33.0547 -71.6157
787 -33.0546 -71.6157
946 -33.0545 -71.6171
727 -33.0545 -71.6184
565 -33.0541 -71.6156
860 -33.0541 -71.6156
830 -33.054 -71.6184
176 -33.0536 -71.6188
940 -33.0535 -71.6188
412 -33.0535 -71.6185
859 -33.0533 -71.6188
999 -33.0532 -71.6188
904 -33.053 -71.6187
364 -33.053 -71.6187
597 -33.0537 -71.6184
111 -33.0539 -71.6184
504 -33.054 -71.6184
320 -33.054 -71.6156
144 -33.0539 -71.6184
496 -33.0528 -71.6159
75 -33.0529 -71.6159
195 -33.0527 -71.6159
130 -33.0526 -71.6187
165 -33.0525 -71.6186
983 -33.0522 -71.6185
10 -33.0522 -71.6185
101 -33.0493 -71.6188
949 -33.0521 -71.6185
708 -33.0511 -71.6182
511 -33.0508 -71.6181
427 -33.05 -71.6178
509 -33.0498 -71.6178
911 -33.0494 -71.6165
764 -33.0492 -71.6165
516 -33.0491 -71.6176
34 -33.049 -71.6167
485 -33.0491 -71.6165
360 -33.049 -71.6168
802 -33.0488 -71.6175
277 -33.0488 -71.6175
322 -33.0488 -71.6175
139 -33.0487 -71.6175
205 -33.0487 -71.6176
820 -33.0487 -71.6176
938 -33.0487 -71.6175
735 -33.0488 -71.6174
633 -33.0489 -71.6171
447 -33.0489 -71.617
718 -33.0489 -71.6169
222 -33.0488 -71.6172
696 -33.0488 -71.6173
988 -33.0488 -71.6173
80 -33.0491 -71.6165
304 -33.0527 -71.6158
574 -33.0525 -71.6157
106 -33.0525 -71.6157
572 -33.0522 -71.6157
794 -33.0504 -71.6158
157 -33.0503 -71.6158
763 -33.0505 -71.6157
13 -33.0522 -71.6157
850 -33.0524 -71.6157
688 -33.0524 -71.6156
884 -33.0523 -71.6156
191 -33.052 -71.6156
652 -33.052 -71.6156
273 -33.0519 -71.6156
174 -33.0519 -71.6156
635 -33.0499 -71.6157
644 -33.0494 -71.6164
583 -33.0491 -71.6162
484 -33.0492 -71.616
493 -33.0491 -71.6164
935 -33.0491 -71.6165
220 -33.0479 -71.6162
784 -33.0479 -71.6162
732 -33.0492 -71.616
610 -33.0497 -71.6158
55 -33.0492 -71.6156
755 -33.0492 -71.6156
939 -33.0492 -71.6159
982 -33.048 -71.616
9 -33.0492 -71.6159
692 -33.0517 -71.6156
600 -33.0546 -71.6127
885 -33.0546 -71.6127
204 -33.0545 -71.6126
211 -33.0545 -71.6126
585 -33.0543 -71.6147
835 -33.0541 -71.6146
739 -33.0539 -71.6144
343 -33.0545 -71.6126
208 -33.0547 -71.6124
200 -33.0546 -71.6124
202 -33.0545 -71.6124
863 -33.0545 -71.6123
593 -33.0543 -71.6124
734 -33.0542 -71.6123
615 -33.0544 -71.6123
100 -33.0538 -71.6144
795 -33.0537 -71.6156
93 -33.0536 -71.6155
148 -33.0535 -71.6155
430 -33.0534 -71.6155
900 -33.0516 -71.6156
712 -33.0516 -71.6156
529 -33.0515 -71.6156
756 -33.0533 -71.6155
385 -33.0533 -71.6155
783 -33.0532 -71.6155
749 -33.0533 -71.6141
659 -33.0531 -71.614
24 -33.0528 -71.6138
964 -33.0527 -71.6137
494 -33.0524 -71.6135
324 -33.0544 -71.6123
70 -33.0543 -71.6123
334 -33.0543 -71.6123
607 -33.0542 -71.6122
837 -33.0542 -71.6123
421 -33.0541 -71.6123
801 -33.0541 -71.6123
87 -33.054 -71.6122
227 -33.0542 -71.6122
68 -33.0545 -71.6122
738 -33.0544 -71.6121
437 -33.0544 -71.612
235 -33.0544 -71.6122
661 -33.054 -71.6122
771 -33.0543 -71.6122
498 -33.0543 -71.6122
725 -33.0539 -71.6122
877 -33.0539 -71.6122
265 -33.0539 -71.6122
599 -33.0536 -71.6122
655 -33.0536 -71.6122
201 -33.0532 -71.6121
942 -33.0532 -71.6121
392 -33.0532 -71.6121
902 -33.0531 -71.6121
275 -33.0528 -71.6121
449 -33.0527 -71.6121
996 -33.0526 -71.6121
805 -33.0524 -71.6121
186 -33.0524 -71.6121
588 -33.0522 -71.612
263 -33.0513 -71.6156
453 -33.0513 -71.6156
239 -33.0512 -71.6156
416 -33.051 -71.6156
573 -33.0509 -71.6156
605 -33.0505 -71.6156
155 -33.0505 -71.6156
889 -33.0509 -71.6156
170 -33.0508 -71.6155
333 -33.0507 -71.6155
113 -33.0506 -71.6155
639 -33.0505 -71.6155
318 -33.0497 -71.6131
283 -33.0495 -71.6139
440 -33.0496 -71.6137
206 -33.0496 -71.6135
901 -33.0495 -71.614
152 -33.0493 -71.6154
530 -33.0493 -71.6153
716 -33.0494 -71.6145
722 -33.0493 -71.6154
88 -33.0481 -71.6153
643 -33.0482 -71.6149
827 -33.0483 -71.6146
694 -33.0494 -71.6144
383 -33.0494 -71.6143
799 -33.0495 -71.6142
972 -33.0485 -71.6137
793 -33.0485 -71.6137
724 -33.0484 -71.6143
968 -33.0485 -71.6139
353 -33.0513 -71.6131
54 -33.0509 -71.6131
780 -33.0511 -71.6131
77 -33.0509 -71.6131
31 -33.0509 -71.6131
851 -33.0506 -71.6131
834 -33.0501 -71.613
394 -33.05 -71.613
660 -33.0499 -71.613
337 -33.0511 -71.6127
758 -33.0511 -71.6127
401 -33.0511 -71.6122
44 -33.0511 -71.6129
855 -33.0499 -71.613
314 -33.0499 -71.6129
586 -33.0498 -71.6124
854 -33.0498 -71.6124
213 -33.0497 -71.613
897 -33.0497 -71.613
862 -33.0495 -71.6129
604 -33.0489 -71.6129
553 -33.0487 -71.613
48 -33.0487 -71.613
933 -33.0487 -71.6129
81 -33.0488 -71.6129
868 -33.0497 -71.6127
36 -33.0498 -71.6126
631 -33.0498 -71.6125
140 -33.0489 -71.6121
348 -33.0488 -71.6129
853 -33.0489 -71.6121
638 -33.0521 -71.612
463 -33.0585 -71.6105
72 -33.0586 -71.6105
970 -33.0606 -71.6104
748 -33.0581 -71.6113
259 -33.0581 -71.6111
886 -33.058 -71.6104
606 -33.0579 -71.6103
362 -33.0587 -71.6093
132 -33.0593 -71.6088
474 -33.0606 -71.6085
677 -33.0605 -71.6084
657 -33.0582 -71.6089
454 -33.0582 -71.609
138 -33.058 -71.6083
810 -33.0579 -71.6082
876 -33.0578 -71.6103
384 -33.0577 -71.6102
866 -33.0577 -71.6102
569 -33.0575 -71.6101
558 -33.0572 -71.6099
26 -33.0572 -71.6099
190 -33.0568 -71.6099
510 -33.0571 -71.6099
535 -33.0575 -71.6088
219 -33.0578 -71.6082
918 -33.0578 -71.6082
772 -33.0578 -71.6082
980 -33.0578 -71.6082
874 -33.0572 -71.6088
662 -33.0577 -71.6082
878 -33.0577 -71.6082
63 -33.0601 -71.6082
478 -33.058 -71.6081
419 -33.0601 -71.6081
833 -33.058 -71.6081
944 -33.058 -71.6081
723 -33.0577 -71.6082
592 -33.058 -71.6081
489 -33.0576 -71.6081
422 -33.0581 -71.6081
438 -33.0583 -71.608
858 -33.0583 -71.608
888 -33.0583 -71.608
740 -33.0582 -71.6081
715 -33.0575 -71.6081
46 -33.0581 -71.6081
282 -33.0581 -71.6081
753 -33.0575 -71.6081
470 -33.0575 -71.6081
458 -33.0575 -71.6081
378 -33.0575 -71.6081
664 -33.0575 -71.6081
156 -33.0574 -71.6081
73 -33.0573 -71.6081
62 -33.0573 -71.6081
350 -33.0573 -71.608
557 -33.0571 -71.608
381 -33.057 -71.608
110 -33.057 -71.608
532 -33.057 -71.608
94 -33.057 -71.608
746 -33.0569 -71.608
626 -33.0566 -71.608
97 -33.0557 -71.6105
681 -33.0552 -71.6104
187 -33.0564 -71.6101
745 -33.0549 -71.6104
861 -33.0546 -71.6105
415 -33.0548 -71.6104
268 -33.0549 -71.6104
2 -33.056 -71.6095
540 -33.0555 -71.6094
706 -33.0561 -71.6088
230 -33.0547 -71.6084
670 -33.0546 -71.6085
737 -33.0546 -71.6085
8 -33.0546 -71.6085
244 -33.0546 -71.6085
975 -33.0545 -71.6085
82 -33.0544 -71.612
233 -33.0544 -71.612
371 -33.0544 -71.6085
143 -33.0544 -71.6105
306 -33.0543 -71.612
185 -33.0542 -71.6118
821 -33.0543 -71.6105
242 -33.0544 -71.6085
232 -33.0543 -71.6085
257 -33.0544 -71.6085
339 -33.0543 -71.6085
215 -33.0543 -71.6085
813 -33.0542 -71.6085
910 -33.0542 -71.6085
993 -33.0548 -71.6084
172 -33.0552 -71.6081
199 -33.0552 -71.6081
16 -33.0552 -71.6081
294 -33.0552 -71.6081
321 -33.0551 -71.6081
319 -33.0551 -71.6081
229 -33.0552 -71.6081
736 -33.0552 -71.6081
505 -33.0553 -71.608
845 -33.0553 -71.608
923 -33.0565 -71.608
882 -33.0553 -71.608
325 -33.0552 -71.6081
71 -33.0553 -71.608
243 -33.0553 -71.608
788 -33.0551 -71.6082
544 -33.0548 -71.6084
390 -33.0548 -71.6083
120 -33.0548 -71.6083
395 -33.0548 -71.6084
276 -33.0548 -71.6084
103 -33.0548 -71.6084
287 -33.0548 -71.6084
782 -33.0549 -71.6083
675 -33.0549 -71.6083
997 -33.0549 -71.6083
357 -33.055 -71.6082
556 -33.0549 -71.6083
375 -33.0549 -71.6083
811 -33.0549 -71.6083
183 -33.0565 -71.608
903 -33.0597 -71.6078
159 -33.0602 -71.6077
925 -33.0601 -71.6077
672 -33.0596 -71.6078
581 -33.0595 -71.6077
469 -33.0591 -71.6077
934 -33.0592 -71.6076
79 -33.0592 -71.6076
808 -33.0607 -71.6075
300 -33.0606 -71.607
281 -33.0602 -71.607
977 -33.0595 -71.6076
499 -33.0593 -71.6076
332 -33.0593 -71.6076
280 -33.0591 -71.6075
11 -33.0591 -71.6077
528 -33.059 -71.6079
285 -33.0586 -71.6079
473 -33.0587 -71.6079
912 -33.0586 -71.6079
225 -33.0584 -71.608
555 -33.0579 -71.6079
705 -33.0585 -71.6079
700 -33.0588 -71.6078
335 -33.0589 -71.6078
461 -33.0589 -71.6078
400 -33.0589 -71.6078
929 -33.0588 -71.6078
168 -33.058 -71.6076
503 -33.0572 -71.6075
613 -33.0577 -71.6073
825 -33.0573 -71.6069
311 -33.0594 -71.6064
525 -33.059 -71.6063
112 -33.06 -71.6062
129 -33.0589 -71.6065
296 -33.0589 -71.6065
527 -33.0589 -71.6064
513 -33.0589 -71.6064
491 -33.0602 -71.6061
331 -33.0602 -71.6059
291 -33.0605 -71.6056
441 -33.0612 -71.6047
147 -33.0601 -71.6046
870 -33.06 -71.6045
90 -33.0592 -71.6044
924 -33.0589 -71.6041
411 -33.0587 -71.6066
922 -33.058 -71.6067
83 -33.0582 -71.6067
873 -33.0583 -71.6067
857 -33.0579 -71.6068
984 -33.0573 -71.6069
954 -33.0575 -71.6069
769 -33.0576 -71.6068
472 -33.0575 -71.6062
223 -33.0585 -71.6062
221 -33.0586 -71.605
196 -33.0582 -71.6048
477 -33.0579 -71.6059
768 -33.0576 -71.6049
78 -33.0578 -71.6045
843 -33.0571 -71.607
952 -33.0564 -71.608
137 -33.0564 -71.608
690 -33.0563 -71.608
846 -33.0563 -71.608
328 -33.0563 -71.608
126 -33.0562 -71.608
468 -33.0562 -71.608
836 -33.0562 -71.6079
167 -33.0561 -71.6079
714 -33.0561 -71.6079
981 -33.056 -71.6079
471 -33.0559 -71.6079
757 -33.0559 -71.6079
502 -33.0559 -71.6079
398 -33.0559 -71.6079
966 -33.0559 -71.6079
673 -33.0554 -71.608
624 -33.0554 -71.6079
417 -33.0554 -71.6079
284 -33.0554 -71.608
192 -33.0553 -71.608
770 -33.0553 -71.608
125 -33.0553 -71.608
349 -33.0554 -71.6079
785 -33.0559 -71.6079
671 -33.0559 -71.6079
752 -33.0558 -71.6079
704 -33.0558 -71.6079
669 -33.0555 -71.6079
365 -33.0555 -71.6079
369 -33.0558 -71.6078
840 -33.0564 -71.6073
32 -33.0565 -71.6073
261 -33.057 -71.607
158 -33.0563 -71.6074
951 -33.056 -71.6076
136 -33.056 -71.6075
316 -33.0562 -71.6073
622 -33.057 -71.607
169 -33.0569 -71.6046
620 -33.0569 -71.6046
937 -33.0565 -71.6045
293 -33.0561 -71.6044
98 -33.0558 -71.6045
256 -33.0559 -71.6044
99 -33.056 -71.6043
595 -33.0558 -71.6045
56 -33.0558 -71.6078
741 -33.0557 -71.6078
653 -33.0557 -71.6078
236 -33.0557 -71.6078
815 -33.0556 -71.6078
832 -33.0556 -71.6078
856 -33.0556 -71.6078
404 -33.0556 -71.6078
182 -33.0556 -71.6078
990 -33.0556 -71.6077
460 -33.0558 -71.6076
957 -33.0551 -71.6045
406 -33.0542 -71.6054
1 -33.0548 -71.6045
707 -33.0542 -71.6117
181 -33.054 -71.6114
562 -33.054 -71.6114
625 -33.054 -71.6113
91 -33.054 -71.6113
517 -33.0534 -71.6114
744 -33.0534 -71.6114
658 -33.054 -71.6113
372 -33.0538 -71.6113
534 -33.0539 -71.6112
203 -33.0537 -71.6111
623 -33.0537 -71.6111
867 -33.0536 -71.6111
382 -33.0536 -71.6111
791 -33.0533 -71.611
566 -33.0532 -71.6109
336 -33.0531 -71.6115
666 -33.0521 -71.612
33 -33.0517 -71.612
27 -33.0514 -71.6119
74 -33.0513 -71.6119
345 -33.0512 -71.612
683 -33.0512 -71.6119
133 -33.0511 -71.6119
278 -33.0514 -71.6119
915 -33.053 -71.6116
536 -33.0531 -71.6109
429 -33.053 -71.6109
621 -33.0527 -71.6116
920 -33.0519 -71.6118
894 -33.0522 -71.6117
180 -33.0525 -71.6117
161 -33.053 -71.6108
270 -33.053 -71.6108
433 -33.0537 -71.6105
391 -33.0536 -71.6105
906 -33.0529 -71.6107
508 -33.0529 -71.6107
617 -33.0528 -71.6106
914 -33.0528 -71.6105
931 -33.0538 -71.6105
141 -33.0541 -71.6105
356 -33.0535 -71.6104
943 -33.0534 -71.6101
936 -33.0533 -71.61
995 -33.0527 -71.6104
717 -33.0526 -71.6103
188 -33.0524 -71.6099
59 -33.0523 -71.6098
58 -33.0513 -71.6098
651 -33.0513 -71.6098
568 -33.0523 -71.6098
656 -33.0511 -71.61
312 -33.0511 -71.61
342 -33.0511 -71.61
719 -33.0511 -71.61
380 -33.0523 -71.6098
618 -33.0522 -71.6097
317 -33.0515 -71.6096
932 -33.0515 -71.6096
465 -33.0514 -71.6097
428 -33.0513 -71.6098
258 -33.0514 -71.6097
329 -33.0511 -71.61
0 -33.05 -71.6111
728 -33.05 -71.6111
701 -33.0501 -71.6108
637 -33.05 -71.6112
374 -33.0499 -71.6117
462 -33.0499 -71.6116
538 -33.0499 -71.6113
234 -33.0501 -71.6108
634 -33.0501 -71.6107
119 -33.0501 -71.6107
231 -33.0501 -71.6107
823 -33.0501 -71.6107
680 -33.0501 -71.6108
590 -33.0501 -71.6108
418 -33.0501 -71.6108
302 -33.0499 -71.6117
612 -33.0499 -71.612
432 -33.0499 -71.6118
541 -33.0491 -71.6115
84 -33.0491 -71.6115
941 -33.049 -71.612
435 -33.049 -71.6118
50 -33.049 -71.6118
778 -33.0491 -71.6115
648 -33.0499 -71.6113
515 -33.0496 -71.6112
960 -33.0493 -71.6112
218 -33.0492 -71.6112
436 -33.0491 -71.6114
519 -33.0492 -71.6113
457 -33.0501 -71.6106
947 -33.0509 -71.6102
685 -33.0508 -71.6102
804 -33.0508 -71.6102
518 -33.0507 -71.6102
86 -33.0507 -71.6102
665 -33.0505 -71.6102
444 -33.0505 -71.6102
548 -33.0505 -71.6102
96 -33.051 -71.6101
241 -33.051 -71.6101
779 -33.051 -71.6101
596 -33.0509 -71.6101
709 -33.0505 -71.6102
76 -33.0505 -71.6102
522 -33.0505 -71.6102
207 -33.0505 -71.6102
178 -33.0502 -71.6103
425 -33.0502 -71.6103
153 -33.0502 -71.6102
828 -33.0502 -71.6103
807 -33.0501 -71.6106
956 -33.0501 -71.6106
481 -33.0502 -71.6104
363 -33.0502 -71.6102
847 -33.0504 -71.6102
64 -33.0502 -71.6102
654 -33.0503 -71.6102
240 -33.0502 -71.6102
971 -33.0495 -71.6098
248 -33.0495 -71.6098
526 -33.0515 -71.6096
839 -33.0542 -71.6085
564 -33.054 -71.6085
731 -33.0539 -71.6085
65 -33.0539 -71.6085
578 -33.0539 -71.6085
358 -33.0539 -71.6085
122 -33.0538 -71.6085
267 -33.0538 -71.6085
895 -33.0538 -71.6085
397 -33.0538 -71.6085
245 -33.0538 -71.6085
989 -33.0538 -71.6085
720 -33.0537 -71.6085
193 -33.0538 -71.6085
806 -33.0538 -71.6085
691 -33.0537 -71.6085
887 -33.0536 -71.6085
388 -33.0537 -71.6085
247 -33.0537 -71.6085
21 -33.0536 -71.6085
299 -33.0535 -71.6086
194 -33.0535 -71.6085
554 -33.0535 -71.6085
682 -33.0535 -71.6085
308 -33.0537 -71.6085
628 -33.0535 -71.6085
67 -33.0535 -71.6085
410 -33.0534 -71.6085
875 -33.0534 -71.6085
264 -33.0534 -71.6085
359 -33.0533 -71.6085
871 -33.0533 -71.6085
913 -33.0533 -71.6084
921 -33.0533 -71.6084
667 -33.0533 -71.6084
184 -33.0532 -71.6084
6 -33.0532 -71.6084
567 -33.0532 -71.6084
289 -33.0532 -71.6084
616 -33.053 -71.6083
826 -33.0539 -71.6047
149 -33.0532 -71.6047
30 -33.054 -71.6047
776 -33.053 -71.6065
492 -33.053 -71.6083
552 -33.053 -71.6083
41 -33.0529 -71.6083
893 -33.0529 -71.6083
959 -33.0528 -71.6083
896 -33.0528 -71.6083
965 -33.0528 -71.6083
650 -33.0528 -71.6083
445 -33.0528 -71.6083
689 -33.0527 -71.6082
609 -33.0527 -71.6082
104 -33.0527 -71.6082
800 -33.0527 -71.6082
490 -33.0526 -71.6082
28 -33.0525 -71.6082
47 -33.0525 -71.6082
135 -33.0524 -71.6082
953 -33.0524 -71.6081
37 -33.0524 -71.6081
346 -33.0521 -71.6094
969 -33.052 -71.6088
246 -33.052 -71.6088
898 -33.052 -71.6091
974 -33.0519 -71.6092
338 -33.0519 -71.6091
524 -33.0519 -71.6091
841 -33.052 -71.6088
131 -33.0522 -71.6084
352 -33.0522 -71.6084
543 -33.0522 -71.6083
684 -33.0521 -71.6085
451 -33.0521 -71.6086
95 -33.0521 -71.6086
330 -33.0521 -71.6085
559 -33.0518 -71.609
750 -33.0517 -71.6094
766 -33.0517 -71.6094
379 -33.0517 -71.6094
817 -33.0517 -71.6094
439 -33.0516 -71.6096
164 -33.0516 -71.6095
539 -33.0516 -71.6095
899 -33.0498 -71.6091
865 -33.0514 -71.6083
288 -33.0515 -71.6083
798 -33.0515 -71.6083
4 -33.0513 -71.6084
695 -33.0508 -71.6085
985 -33.0507 -71.6085
396 -33.0522 -71.6083
594 -33.0524 -71.6081
443 -33.0522 -71.6081
426 -33.0522 -71.6081
699 -33.0522 -71.6082
926 -33.0522 -71.6082
114 -33.0522 -71.6082
584 -33.0522 -71.6082
570 -33.0523 -71.6081
39 -33.0523 -71.6081
777 -33.0523 -71.6081
121 -33.0523 -71.6071
45 -33.0523 -71.6081
630 -33.0522 -71.6081
514 -33.0523 -71.6081
507 -33.0522 -71.6079
781 -33.0522 -71.6073
814 -33.0517 -71.6082
3 -33.0517 -71.6082
792 -33.0517 -71.6081
486 -33.0516 -71.6082
249 -33.0515 -71.6083
162 -33.0515 -71.6082
702 -33.0516 -71.6082
729 -33.0518 -71.6081
344 -33.0521 -71.6081
663 -33.0519 -71.608
928 -33.0519 -71.608
824 -33.0519 -71.6081
459 -33.0518 -71.6081
533 -33.0506 -71.605
