549 -33.0566 -71.6182
978 -33.0574 -71.6181
367 -33.0577 -71.6179
301 -33.0557 -71.618
979 -33.0552 -71.6216
883 -33.0551 -71.6212
109 -33.0551 -71.621
189 -33.0577 -71.6179
69 -33.0554 -71.6175
361 -33.0554 -71.6174
542 -33.0555 -71.6173
754 -33.0553 -71.6179
698 -33.0553 -71.6179
373 -33.0552 -71.6178
455 -33.0552 -71.6178
829 -33.0551 -71.6217
786 -33.055 -71.6218
217 -33.055 -71.6208
697 -33.055 -71.6208
479 -33.055 -71.6208
589 -33.0549 -71.6219
53 -33.0549 -71.6207
961 -33.0549 -71.6206
355 -33.0549 -71.6184
760 -33.055 -71.618
216 -33.0551 -71.6179
587 -33.0551 -71.6179
809 -33.055 -71.618
456 -33.0549 -71.6183
919 -33.0549 -71.6182
271 -33.055 -71.6175
42 -33.0555 -71.6173
475 -33.0591 -71.6168
537 -33.0562 -71.616
476 -33.0562 -71.616
251 -33.0561 -71.616
255 -33.0559 -71.6163
370 -33.056 -71.6162
408 -33.056 -71.6162
955 -33.056 -71.6159
743 -33.0562 -71.6159
389 -33.0562 -71.6158
407 -33.0561 -71.6158
450 -33.0561 -71.6156
726 -33.0559 -71.6159
822 -33.056 -71.6155
582 -33.056 -71.6155
279 -33.0558 -71.6159
123 -33.0558 -71.6159
602 -33.0557 -71.6159
107 -33.0557 -71.6159
376 -33.0557 -71.6166
134 -33.0556 -71.6169
816 -33.0557 -71.6168
881 -33.0557 -71.6167
693 -33.0556 -71.6159
520 -33.0556 -71.6159
269 -33.0555 -71.6159
762 -33.0556 -71.6156
442 -33.0552 -71.6158
146 -33.0552 -71.6158
580 -33.0551 -71.6158
598 -33.0549 -71.622
313 -33.0549 -71.6205
940 -33.0548 -71.6204
176 -33.0547 -71.6203
25 -33.0547 -71.6223
710 -33.0546 -71.6225
92 -33.0546 -71.6225
987 -33.0546 -71.6224
66 -33.0546 -71.6202
550 -33.0546 -71.6202
142 -33.0545 -71.6202
85 -33.0545 -71.6202
5 -33.0544 -71.6201
647 -33.0544 -71.6201
115 -33.0544 -71.6201
497 -33.0544 -71.6201
409 -33.0543 -71.6231
849 -33.0543 -71.624
796 -33.0543 -71.6201
890 -33.0543 -71.6201
629 -33.0543 -71.6238
226 -33.0543 -71.62
703 -33.0542 -71.62
38 -33.0542 -71.62
315 -33.0542 -71.6199
500 -33.054 -71.6199
327 -33.054 -71.6199
678 -33.0539 -71.6198
260 -33.0538 -71.6197
487 -33.0536 -71.6196
266 -33.0535 -71.6195
253 -33.0535 -71.6195
930 -33.0535 -71.6194
377 -33.0547 -71.6189
210 -33.0546 -71.6189
838 -33.0545 -71.6184
844 -33.0545 -71.6184
973 -33.0544 -71.6184
713 -33.0544 -71.6184
198 -33.0544 -71.6184
434 -33.0546 -71.6184
341 -33.0547 -71.6184
803 -33.0549 -71.6184
150 -33.0547 -71.6157
641 -33.0547 -71.6157
761 -33.0546 -71.6184
488 -33.0544 -71.6157
819 -33.0544 -71.6157
775 -33.0544 -71.6184
179 -33.054 -71.6189
880 -33.0536 -71.6188
166 -33.0536 -71.6185
177 -33.0535 -71.6193
448 -33.0534 -71.6188
687 -33.0534 -71.6187
323 -33.0535 -71.6185
495 -33.0536 -71.6184
767 -33.0542 -71.6184
891 -33.0542 -71.6184
290 -33.0543 -71.617
547 -33.0541 -71.6184
466 -33.0541 -71.6184
730 -33.0536 -71.6156
963 -33.056 -71.6154
945 -33.0586 -71.6154
297 -33.058 -71.615
561 -33.0578 -71.615
483 -33.0575 -71.6149
531 -33.0575 -71.6149
501 -33.0575 -71.6149
774 -33.0574 -71.6149
994 -33.0573 -71.6149
118 -33.0588 -71.6148
976 -33.0586 -71.6147
482 -33.0586 -71.6147
842 -33.0574 -71.6146
124 -33.0573 -71.6148
464 -33.057 -71.6148
560 -33.0573 -71.6146
950 -33.057 -71.6148
668 -33.0564 -71.615
57 -33.0564 -71.615
646 -33.0566 -71.6148
686 -33.0562 -71.6151
18 -33.056 -71.6153
765 -33.056 -71.6153
413 -33.0561 -71.6152
286 -33.0567 -71.6148
608 -33.057 -71.6148
640 -33.057 -71.6148
20 -33.0569 -71.6147
869 -33.0569 -71.6147
818 -33.0567 -71.6148
879 -33.0568 -71.6147
60 -33.0568 -71.6147
948 -33.0582 -71.6142
414 -33.0582 -71.613
420 -33.0583 -71.613
326 -33.0584 -71.613
576 -33.0581 -71.613
991 -33.0579 -71.6139
872 -33.058 -71.6138
521 -33.0581 -71.613
43 -33.0581 -71.613
354 -33.0581 -71.613
790 -33.0585 -71.613
19 -33.0588 -71.6129
747 -33.058 -71.613
917 -33.0576 -71.6129
579 -33.0576 -71.6129
368 -33.0575 -71.6128
523 -33.0572 -71.6128
467 -33.0569 -71.6134
298 -33.0569 -71.6126
238 -33.0568 -71.6126
619 -33.0568 -71.6133
154 -33.0564 -71.6131
591 -33.056 -71.6131
962 -33.0561 -71.6131
237 -33.0566 -71.6125
967 -33.0566 -71.6125
305 -33.0565 -71.6124
563 -33.0561 -71.6123
209 -33.0561 -71.6123
642 -33.056 -71.6123
51 -33.056 -71.6123
366 -33.056 -71.6123
127 -33.0559 -71.6154
175 -33.0554 -71.6131
636 -33.0558 -71.6131
61 -33.0552 -71.6131
105 -33.055 -71.6152
405 -33.055 -71.6152
907 -33.055 -71.6152
12 -33.0553 -71.6124
480 -33.0552 -71.6124
927 -33.0552 -71.6124
679 -33.0551 -71.6124
214 -33.0551 -71.6124
35 -33.0551 -71.6124
351 -33.055 -71.6124
14 -33.055 -71.6124
571 -33.0549 -71.613
446 -33.0546 -71.6149
403 -33.0543 -71.6147
773 -33.0549 -71.613
423 -33.0543 -71.6147
145 -33.054 -71.6146
171 -33.0536 -71.6143
611 -33.0535 -71.6142
274 -33.0548 -71.6129
424 -33.0546 -71.6127
29 -33.0549 -71.6124
15 -33.0549 -71.6124
512 -33.0545 -71.6126
7 -33.0544 -71.6125
797 -33.0543 -71.6124
295 -33.0547 -71.6124
173 -33.0555 -71.6124
733 -33.0555 -71.6124
452 -33.0556 -71.6123
676 -33.0547 -71.6124
303 -33.0547 -71.6124
909 -33.0545 -71.6124
197 -33.0545 -71.6124
751 -33.056 -71.6123
307 -33.0559 -71.6123
627 -33.0559 -71.6123
958 -33.0559 -71.6123
52 -33.0558 -71.6123
402 -33.0557 -71.6123
674 -33.0544 -71.6123
49 -33.0544 -71.6122
848 -33.0544 -71.6123
506 -33.0542 -71.6123
916 -33.0543 -71.6123
40 -33.0542 -71.6123
387 -33.0541 -71.6123
577 -33.0541 -71.6123
789 -33.0541 -71.6123
252 -33.0541 -71.6123
23 -33.0541 -71.6123
272 -33.0539 -71.6122
310 -33.0537 -71.6122
160 -33.0536 -71.6122
998 -33.0536 -71.6122
649 -33.0535 -71.6122
347 -33.0535 -71.6122
546 -33.0534 -71.6155
831 -33.0534 -71.6188
431 -33.0534 -71.6188
340 -33.0533 -71.6188
116 -33.0532 -71.6188
262 -33.0532 -71.6188
399 -33.0532 -71.6188
632 -33.0527 -71.6187
727 -33.0526 -71.6187
614 -33.0526 -71.6187
250 -33.0525 -71.6186
393 -33.0525 -71.6186
17 -33.0525 -71.6186
163 -33.0523 -71.6186
852 -33.0523 -71.6186
830 -33.0522 -71.6185
128 -33.0522 -71.6185
504 -33.0522 -71.6185
111 -33.0521 -71.6185
144 -33.0521 -71.6185
101 -33.0502 -71.6207
633 -33.0494 -71.6192
447 -33.0494 -71.619
34 -33.0494 -71.6186
935 -33.0494 -71.6185
597 -33.052 -71.6185
412 -33.0517 -71.6184
859 -33.0513 -71.6184
999 -33.0512 -71.6184
364 -33.0511 -71.6182
904 -33.0511 -71.6182
130 -33.0507 -71.618
165 -33.0506 -71.618
908 -33.053 -71.616
545 -33.0529 -71.6158
864 -33.0529 -71.6158
787 -33.0528 -71.6159
983 -33.0503 -71.6179
10 -33.0503 -71.6179
946 -33.0528 -71.6159
572 -33.0504 -71.6158
721 -33.0529 -71.6158
565 -33.0524 -71.6156
795 -33.0521 -71.6156
850 -33.0505 -71.6157
13 -33.0503 -71.6158
191 -33.0502 -71.6158
884 -33.0505 -71.6157
949 -33.0502 -71.6179
239 -33.0496 -71.616
263 -33.0497 -71.6159
453 -33.0497 -71.6159
416 -33.0495 -71.6163
170 -33.0493 -71.6165
889 -33.0494 -71.6164
573 -33.0494 -71.6164
529 -33.0498 -71.6158
273 -33.0502 -71.6158
652 -33.0502 -71.6158
174 -33.0502 -71.6158
692 -33.0499 -71.6157
712 -33.0498 -71.6157
900 -33.0499 -71.6157
493 -33.0493 -71.6184
764 -33.0484 -71.6186
509 -33.0484 -71.6185
583 -33.0484 -71.6185
485 -33.0483 -71.6187
718 -33.0482 -71.6191
360 -33.0482 -71.6191
80 -33.0483 -71.6188
911 -33.0485 -71.6184
939 -33.0485 -71.6182
732 -33.0491 -71.6181
755 -33.0486 -71.618
644 -33.0485 -71.6182
484 -33.0485 -71.6183
427 -33.0485 -71.6183
9 -33.0485 -71.6182
516 -33.048 -71.6193
277 -33.0478 -71.6196
802 -33.0478 -71.6196
322 -33.0479 -71.6196
938 -33.0478 -71.6197
205 -33.0478 -71.6197
820 -33.0478 -71.6197
139 -33.0478 -71.6197
735 -33.0479 -71.6195
988 -33.0479 -71.6195
696 -33.0479 -71.6194
222 -33.048 -71.6194
982 -33.0473 -71.6182
220 -33.0472 -71.6185
784 -33.0472 -71.6184
55 -33.0486 -71.6179
708 -33.0491 -71.6176
333 -33.0493 -71.6165
799 -33.0491 -71.6165
383 -33.049 -71.6167
694 -33.049 -71.6168
794 -33.049 -71.6168
763 -33.049 -71.6167
113 -33.0492 -71.6165
639 -33.0491 -71.6165
440 -33.0491 -71.616
206 -33.0492 -71.6159
155 -33.0491 -71.6165
605 -33.0491 -71.6165
901 -33.0491 -71.6164
283 -33.0491 -71.6163
716 -33.049 -71.6168
610 -33.0487 -71.6176
511 -33.0489 -71.6176
635 -33.0488 -71.6174
152 -33.0487 -71.6176
530 -33.0487 -71.6177
722 -33.0487 -71.6177
88 -33.0475 -71.6176
643 -33.0476 -71.6172
157 -33.049 -71.6168
793 -33.0479 -71.616
972 -33.048 -71.616
968 -33.0479 -71.6162
827 -33.0477 -71.617
724 -33.0478 -71.6166
860 -33.0524 -71.6156
892 -33.0529 -71.6156
812 -33.053 -71.6155
254 -33.0532 -71.6155
320 -33.0523 -71.6156
93 -33.0519 -71.6156
148 -33.0518 -71.6156
430 -33.0517 -71.6156
992 -33.053 -71.6155
117 -33.0531 -71.6155
292 -33.0531 -71.6155
711 -33.0534 -71.6141
585 -33.0525 -71.6135
835 -33.0523 -71.6134
739 -33.0521 -71.6133
100 -33.052 -71.6132
756 -33.0517 -71.6156
385 -33.0516 -71.6156
783 -33.0516 -71.6156
496 -33.0509 -71.6156
75 -33.0509 -71.6156
688 -33.0505 -71.6156
574 -33.0505 -71.6156
106 -33.0505 -71.6156
195 -33.0508 -71.6155
749 -33.0515 -71.6131
659 -33.0513 -71.6131
894 -33.051 -71.6131
638 -33.051 -71.6131
304 -33.0507 -71.6155
666 -33.051 -71.6131
24 -33.0509 -71.6131
920 -33.0509 -71.6131
805 -33.0511 -71.6128
180 -33.0511 -71.6128
996 -33.0511 -71.6126
186 -33.0511 -71.6128
964 -33.0509 -71.6131
494 -33.0505 -71.613
588 -33.0511 -71.613
621 -33.0511 -71.6125
386 -33.0534 -71.6122
986 -33.0533 -71.6122
742 -33.0533 -71.6122
309 -33.0531 -71.6121
915 -33.0511 -71.6122
151 -33.0529 -71.6121
759 -33.0529 -71.6121
278 -33.0503 -71.613
27 -33.0503 -71.613
74 -33.0502 -71.613
683 -33.0501 -71.613
133 -33.05 -71.613
345 -33.05 -71.613
401 -33.0498 -71.6129
363 -33.0498 -71.6126
240 -33.0498 -71.6126
207 -33.0498 -71.6122
548 -33.0498 -71.6122
522 -33.0499 -71.6121
76 -33.0498 -71.6122
64 -33.0498 -71.6124
654 -33.0498 -71.6123
425 -33.0498 -71.6126
660 -33.0493 -71.615
631 -33.0493 -71.6149
834 -33.0494 -71.6148
394 -33.0493 -71.615
897 -33.0493 -71.6153
868 -33.0493 -71.615
36 -33.0493 -71.615
854 -33.0494 -71.6148
374 -33.0495 -71.6141
462 -33.0495 -71.614
77 -33.0495 -71.6139
302 -33.0495 -71.6141
586 -33.0494 -71.6147
612 -33.0494 -71.6144
432 -33.0495 -71.6142
213 -33.0493 -71.6154
318 -33.0492 -71.6155
81 -33.0482 -71.6151
604 -33.0482 -71.615
348 -33.0482 -71.6151
553 -33.0481 -71.6153
48 -33.0482 -71.6153
933 -33.0482 -71.6152
853 -33.0484 -71.6144
50 -33.0484 -71.6141
435 -33.0484 -71.6141
314 -33.0485 -71.6139
862 -33.0484 -71.6143
140 -33.0484 -71.6144
941 -33.0484 -71.6143
855 -33.0485 -71.6139
701 -33.0496 -71.6132
680 -33.0497 -71.6132
234 -33.0497 -71.6132
337 -33.0496 -71.6133
780 -33.0496 -71.6137
637 -33.0496 -71.6136
0 -33.0496 -71.6134
457 -33.0497 -71.6129
956 -33.0497 -71.6129
481 -33.0497 -71.6127
828 -33.0497 -71.6127
758 -33.0494 -71.6129
44 -33.0493 -71.6129
353 -33.0493 -71.6129
590 -33.0489 -71.6121
248 -33.0489 -71.6121
519 -33.0486 -71.6136
218 -33.0486 -71.6135
960 -33.0486 -71.6134
436 -33.0485 -71.6137
84 -33.0485 -71.6138
778 -33.0485 -71.6138
541 -33.0485 -71.6138
515 -33.0487 -71.6131
54 -33.0489 -71.6129
538 -33.0488 -71.6126
728 -33.0488 -71.6125
31 -33.0488 -71.6129
851 -33.0487 -71.613
648 -33.0488 -71.6127
665 -33.0499 -71.6121
970 -33.0586 -71.6105
72 -33.0567 -71.6099
259 -33.0568 -71.6099
463 -33.0566 -71.61
569 -33.0556 -71.6105
866 -33.0558 -71.6104
384 -33.0563 -71.6102
748 -33.057 -71.6099
886 -33.0562 -71.6095
132 -33.0574 -71.6093
535 -33.0563 -71.6086
606 -33.0561 -71.6095
876 -33.056 -71.6095
558 -33.0556 -71.6093
510 -33.0558 -71.6092
874 -33.0554 -71.6095
212 -33.0544 -71.612
603 -33.0543 -71.6119
601 -33.0543 -71.6119
224 -33.0543 -71.6118
645 -33.0542 -71.6117
89 -33.0542 -71.6117
575 -33.0542 -71.6117
551 -33.0542 -71.6117
187 -33.0545 -71.6105
190 -33.0548 -71.6104
26 -33.0553 -71.6104
2 -33.0544 -71.6105
22 -33.0541 -71.6116
228 -33.054 -71.6114
600 -33.0539 -71.6112
952 -33.0545 -71.6085
158 -33.0545 -71.6085
690 -33.0545 -71.6085
840 -33.0546 -71.6085
137 -33.0545 -71.6085
316 -33.0545 -71.6085
846 -33.0545 -71.6085
328 -33.0544 -71.6085
468 -33.0544 -71.6085
923 -33.0547 -71.6085
706 -33.0547 -71.6085
32 -33.0547 -71.6084
626 -33.0547 -71.6085
126 -33.0543 -71.6085
836 -33.0543 -71.6085
183 -33.0546 -71.6085
167 -33.0543 -71.6085
714 -33.0543 -71.6085
136 -33.0542 -71.6085
951 -33.0541 -71.6085
471 -33.0541 -71.6085
502 -33.0541 -71.6085
671 -33.054 -71.6085
757 -33.0541 -71.6085
966 -33.054 -71.6085
981 -33.0541 -71.6085
398 -33.054 -71.6085
785 -33.054 -71.6085
752 -33.054 -71.6085
460 -33.054 -71.6085
704 -33.0539 -71.6085
56 -33.0539 -71.6085
415 -33.0539 -71.6112
268 -33.0539 -71.6112
745 -33.0539 -71.6112
885 -33.0539 -71.6112
143 -33.0535 -71.6114
204 -33.0538 -71.6112
343 -33.0537 -71.6112
211 -33.0537 -71.6112
863 -33.0537 -71.6111
681 -33.0537 -71.6108
97 -33.0537 -71.6105
861 -33.0536 -71.6111
324 -33.0535 -71.6111
593 -33.0535 -71.611
299 -33.0536 -71.6106
734 -33.0534 -71.611
141 -33.0532 -71.6115
821 -33.0534 -71.611
421 -33.0534 -71.611
227 -33.0532 -71.6109
936 -33.0531 -71.6116
607 -33.0532 -71.6109
771 -33.0532 -71.6109
578 -33.0534 -71.6102
910 -33.0533 -71.6099
242 -33.0532 -71.6096
737 -33.0531 -71.6095
675 -33.0531 -71.6091
556 -33.0531 -71.6091
782 -33.0531 -71.6091
811 -33.0531 -71.6091
365 -33.0536 -71.6085
832 -33.0537 -71.6085
856 -33.0537 -71.6085
669 -33.0536 -71.6085
624 -33.0536 -71.6085
349 -33.0535 -71.6085
417 -33.0535 -71.6085
404 -33.0537 -71.6085
653 -33.0539 -71.6085
369 -33.0539 -71.6085
990 -33.0538 -71.6085
741 -33.0538 -71.6085
815 -33.0537 -71.6085
236 -33.0538 -71.6085
182 -33.0537 -71.6085
673 -33.0535 -71.6085
192 -33.0535 -71.6087
125 -33.0535 -71.6085
770 -33.0535 -71.6085
505 -33.0535 -71.6087
284 -33.0534 -71.6085
243 -33.0534 -71.6085
845 -33.0534 -71.6085
882 -33.0534 -71.6085
71 -33.0534 -71.6085
325 -33.0533 -71.6085
736 -33.0533 -71.6084
16 -33.0533 -71.6084
294 -33.0533 -71.6084
199 -33.0533 -71.6084
172 -33.0532 -71.6084
903 -33.0578 -71.6082
672 -33.0577 -71.6081
159 -33.0582 -71.6081
581 -33.0576 -71.6081
977 -33.0575 -71.6081
362 -33.0575 -71.6081
454 -33.0574 -71.6081
332 -33.0574 -71.6081
280 -33.0582 -71.6081
63 -33.0582 -71.608
419 -33.0582 -71.608
925 -33.0582 -71.6081
499 -33.0573 -71.6081
79 -33.0573 -71.608
934 -33.0572 -71.608
469 -33.0572 -71.608
11 -33.0571 -71.608
461 -33.057 -71.608
400 -33.057 -71.608
335 -33.0569 -71.608
929 -33.0569 -71.608
700 -33.0568 -71.608
657 -33.0568 -71.608
473 -33.0567 -71.608
285 -33.0567 -71.608
912 -33.0566 -71.608
705 -33.0566 -71.608
225 -33.0564 -71.608
858 -33.0563 -71.608
438 -33.0563 -71.608
888 -33.0563 -71.608
168 -33.0563 -71.608
528 -33.059 -71.6079
474 -33.0589 -71.6078
300 -33.0591 -71.6076
808 -33.0588 -71.6078
281 -33.0585 -71.6079
677 -33.0588 -71.6078
525 -33.0577 -71.6067
112 -33.058 -71.6067
331 -33.0583 -71.6067
291 -33.0587 -71.6066
441 -33.0592 -71.6044
147 -33.0583 -71.6043
491 -33.0582 -71.6067
768 -33.0576 -71.6049
870 -33.0582 -71.6044
90 -33.0575 -71.6048
223 -33.0567 -71.6072
411 -33.0568 -71.6072
513 -33.0569 -71.6071
613 -33.0566 -71.6074
83 -33.0563 -71.6074
873 -33.0564 -71.6073
477 -33.0564 -71.6073
527 -33.0569 -71.6071
296 -33.0569 -71.6071
311 -33.0574 -71.6069
924 -33.0571 -71.6047
129 -33.0569 -71.6071
221 -33.0569 -71.6046
196 -33.0564 -71.6044
740 -33.0562 -71.608
540 -33.0554 -71.6079
282 -33.0561 -71.6079
46 -33.0561 -71.6079
156 -33.0554 -71.608
350 -33.0553 -71.608
62 -33.0553 -71.608
73 -33.0553 -71.608
422 -33.0561 -71.6079
833 -33.056 -71.6079
555 -33.056 -71.6079
138 -33.056 -71.6079
478 -33.056 -71.6079
984 -33.0554 -71.6079
470 -33.0555 -71.6079
825 -33.0555 -71.6079
843 -33.0553 -71.608
319 -33.0532 -71.6084
746 -33.055 -71.6082
94 -33.055 -71.6082
321 -33.0532 -71.6084
229 -33.0532 -71.6084
788 -33.0532 -71.6084
357 -33.0531 -71.6084
110 -33.055 -71.6082
622 -33.0552 -71.6081
261 -33.0552 -71.6081
503 -33.0553 -71.608
557 -33.0552 -71.6081
532 -33.0551 -71.6082
381 -33.0551 -71.6082
944 -33.0559 -71.6079
592 -33.0559 -71.6079
810 -33.0559 -71.6079
918 -33.0558 -71.6079
219 -33.0558 -71.6079
772 -33.0558 -71.6078
980 -33.0558 -71.6078
878 -33.0557 -71.6078
723 -33.0557 -71.6078
472 -33.056 -71.6076
857 -33.056 -71.6075
922 -33.0561 -71.6075
78 -33.0559 -71.6043
662 -33.0557 -71.6078
489 -33.0557 -71.6078
769 -33.0556 -71.6077
954 -33.0556 -71.6078
378 -33.0555 -71.6079
458 -33.0555 -71.6079
715 -33.0555 -71.6078
753 -33.0555 -71.6079
664 -33.0555 -71.6079
595 -33.0541 -71.6057
98 -33.0541 -71.6056
256 -33.0542 -71.6055
937 -33.0547 -71.6051
169 -33.055 -71.6045
620 -33.055 -71.6045
293 -33.0542 -71.6047
957 -33.0531 -71.6047
99 -33.054 -71.6047
390 -33.0531 -71.6091
905 -33.0529 -71.6121
102 -33.0528 -71.6121
108 -33.0527 -71.6121
208 -33.0526 -71.6121
200 -33.0526 -71.6121
202 -33.0525 -71.6121
615 -33.0525 -71.6121
334 -33.0523 -71.6121
391 -33.0528 -71.6116
433 -33.0528 -71.6116
931 -33.0529 -71.6116
356 -33.0528 -71.6116
70 -33.0523 -71.6121
837 -33.0522 -71.612
801 -33.052 -71.612
87 -33.052 -71.612
661 -33.052 -71.612
725 -33.0519 -71.612
877 -33.0519 -71.612
265 -33.0518 -71.612
902 -33.0512 -71.612
655 -33.0516 -71.612
599 -33.0516 -71.612
336 -33.0512 -71.6119
517 -33.0514 -71.6119
744 -33.0514 -71.6119
372 -33.0519 -71.6118
275 -33.0514 -71.6116
392 -33.0512 -71.6119
201 -33.0512 -71.6119
942 -33.0512 -71.6119
943 -33.053 -71.6116
498 -33.0531 -71.6109
235 -33.053 -71.6108
68 -33.053 -71.6108
233 -33.0529 -71.6106
437 -33.0528 -71.6106
82 -33.0528 -71.6106
738 -33.0528 -71.6106
306 -33.0528 -71.6106
185 -33.0527 -71.6104
707 -33.0526 -71.6103
562 -33.0524 -71.61
181 -33.0524 -71.61
625 -33.0524 -71.6099
91 -33.0524 -71.6099
658 -33.0524 -71.6099
534 -33.0524 -71.6099
449 -33.0514 -71.6115
426 -33.0511 -71.61
45 -33.0511 -71.61
443 -33.0511 -71.61
584 -33.0511 -71.61
630 -33.0511 -71.61
777 -33.0511 -71.61
570 -33.0512 -71.6099
37 -33.0513 -71.6098
995 -33.0514 -71.6097
490 -33.0514 -71.6097
953 -33.0513 -71.6098
594 -33.0512 -71.6099
135 -33.0513 -71.6098
699 -33.0511 -71.61
329 -33.05 -71.6115
33 -33.0506 -71.6113
656 -33.05 -71.6113
804 -33.0499 -71.6118
709 -33.0499 -71.6121
86 -33.0499 -71.6119
518 -33.0499 -71.6119
342 -33.0499 -71.6113
719 -33.0499 -71.6113
58 -33.05 -71.6112
651 -33.05 -71.6111
312 -33.0498 -71.6113
241 -33.0498 -71.6113
779 -33.0498 -71.6113
96 -33.0497 -71.6112
596 -33.0497 -71.6112
231 -33.049 -71.612
807 -33.049 -71.6119
178 -33.0491 -71.6116
823 -33.049 -71.612
971 -33.0489 -71.6121
418 -33.049 -71.6121
119 -33.049 -71.612
153 -33.0491 -71.6115
947 -33.0497 -71.6112
685 -33.0495 -71.6112
444 -33.0492 -71.6112
899 -33.0492 -71.6112
847 -33.0491 -71.6113
634 -33.0484 -71.6111
258 -33.05 -71.611
131 -33.0509 -71.6102
684 -33.0508 -71.6102
330 -33.0508 -71.6102
451 -33.0507 -71.6102
95 -33.0507 -71.6102
969 -33.0505 -71.6102
841 -33.0505 -71.6102
246 -33.0505 -71.6102
543 -33.051 -71.6101
396 -33.051 -71.6101
114 -33.051 -71.6101
352 -33.051 -71.6101
338 -33.0503 -71.6102
898 -33.0503 -71.6101
926 -33.051 -71.6101
974 -33.0503 -71.6101
526 -33.0501 -71.6107
439 -33.0501 -71.6107
539 -33.0501 -71.6107
932 -33.0501 -71.6108
428 -33.0501 -71.6109
465 -33.0501 -71.6109
317 -33.0501 -71.6108
164 -33.0501 -71.6107
766 -33.0501 -71.6105
379 -33.0501 -71.6105
524 -33.0502 -71.6101
817 -33.0501 -71.6105
750 -33.0501 -71.6105
985 -33.0495 -71.6098
609 -33.0514 -71.6097
203 -33.0522 -71.6096
276 -33.0531 -71.6093
120 -33.053 -71.6092
623 -33.0522 -71.6096
867 -33.0522 -71.6096
382 -33.0521 -71.6095
245 -33.0521 -71.6086
397 -33.0521 -71.6086
997 -33.053 -71.6083
375 -33.0529 -71.6083
544 -33.0529 -71.6083
395 -33.0528 -71.6083
267 -33.0521 -71.6085
731 -33.0522 -71.6084
287 -33.0528 -71.6083
720 -33.0521 -71.6086
667 -33.052 -71.6091
264 -33.052 -71.609
410 -33.052 -71.609
871 -33.0519 -71.6091
921 -33.0519 -71.6092
791 -33.0519 -71.6092
359 -33.0519 -71.6091
67 -33.052 -71.6089
247 -33.0521 -71.6087
806 -33.0521 -71.6087
691 -33.0521 -71.6086
887 -33.0521 -71.6087
875 -33.052 -71.6089
682 -33.052 -71.6089
554 -33.052 -71.6088
993 -33.0528 -71.6083
230 -33.0528 -71.6083
103 -33.0528 -71.6083
670 -33.0527 -71.6082
8 -33.0527 -71.6082
244 -33.0527 -71.6082
975 -33.0525 -71.6082
371 -33.0525 -71.6082
257 -33.0524 -71.6081
232 -33.0524 -71.6081
406 -33.0528 -71.6066
1 -33.0527 -71.6047
339 -33.0523 -71.6081
215 -33.0523 -71.6081
813 -33.0523 -71.6081
839 -33.0522 -71.608
564 -33.0522 -71.6079
358 -33.0522 -71.6077
65 -33.0522 -71.6077
895 -33.0521 -71.6076
989 -33.0521 -71.6076
308 -33.0521 -71.6076
21 -33.052 -71.6076
194 -33.0519 -71.6076
122 -33.0522 -71.6076
388 -33.0522 -71.6074
628 -33.0521 -71.6072
913 -33.052 -71.607
30 -33.052 -71.6048
492 -33.0519 -71.6066
826 -33.052 -71.6048
184 -33.0519 -71.6092
959 -33.0516 -71.6095
893 -33.0516 -71.6095
41 -33.0517 -71.6094
965 -33.0516 -71.6095
104 -33.0515 -71.6096
689 -33.0515 -71.6096
445 -33.0515 -71.6096
552 -33.0517 -71.6094
6 -33.0519 -71.6093
567 -33.0519 -71.6092
566 -33.0518 -71.6091
289 -33.0518 -71.6093
616 -33.0517 -71.6094
536 -33.0518 -71.6091
663 -33.0504 -71.6091
928 -33.0504 -71.6091
792 -33.0503 -71.6094
824 -33.0504 -71.6092
459 -33.0503 -71.6092
729 -33.0503 -71.6092
695 -33.0495 -71.6096
3 -33.0503 -71.6092
814 -33.0502 -71.6092
486 -33.0501 -71.6091
702 -33.0501 -71.6091
798 -33.05 -71.6091
249 -33.05 -71.6091
288 -33.0499 -71.6091
865 -33.0498 -71.6091
4 -33.0497 -71.6091
429 -33.0518 -71.609
161 -33.0517 -71.609
270 -33.0517 -71.609
906 -33.0516 -71.6089
508 -33.0515 -71.6089
914 -33.0514 -71.6088
617 -33.0514 -71.6088
717 -33.0512 -71.6086
121 -33.051 -71.6086
776 -33.0519 -71.6081
193 -33.0519 -71.608
896 -33.0518 -71.6065
800 -33.0518 -71.6063
650 -33.0509 -71.6086
514 -33.0515 -71.6059
149 -33.0516 -71.6052
781 -33.0508 -71.6085
188 -33.0508 -71.6085
59 -33.0508 -71.6085
380 -33.0507 -71.6085
28 -33.0507 -71.6085
344 -33.0504 -71.6089
507 -33.0505 -71.6088
39 -33.0505 -71.6086
568 -33.0507 -71.6085
47 -33.0507 -71.6085
618 -33.0505 -71.6085
346 -33.0503 -71.6085
559 -33.0498 -71.6084
162 -33.0496 -71.6084
533 -33.0491 -71.6035
