367 -33.0581 -71.6176
189 -33.0581 -71.6175
475 -33.0596 -71.6166
978 -33.0578 -71.6178
549 -33.0572 -71.6183
301 -33.0562 -71.6181
134 -33.0558 -71.6164
816 -33.0559 -71.6163
107 -33.0562 -71.616
602 -33.0562 -71.616
693 -33.0561 -71.616
520 -33.0561 -71.616
881 -33.056 -71.6162
376 -33.056 -71.6162
269 -33.056 -71.616
698 -33.0558 -71.618
754 -33.0558 -71.618
455 -33.0557 -71.6179
809 -33.0555 -71.6179
760 -33.0555 -71.6179
598 -33.0552 -71.6215
456 -33.0552 -71.6178
919 -33.0553 -71.6178
271 -33.0554 -71.6177
361 -33.0556 -71.6169
542 -33.0556 -71.6169
42 -33.0557 -71.6168
69 -33.0556 -71.617
587 -33.0554 -71.6175
216 -33.0554 -71.6175
373 -33.0555 -71.6173
762 -33.0561 -71.6159
123 -33.0562 -71.6159
255 -33.0562 -71.6159
945 -33.059 -71.6152
279 -33.0562 -71.6159
726 -33.0561 -71.6158
370 -33.0561 -71.6157
955 -33.0561 -71.6157
450 -33.0562 -71.6152
483 -33.0581 -71.615
531 -33.058 -71.615
501 -33.058 -71.615
127 -33.0563 -71.615
822 -33.0562 -71.6151
582 -33.0562 -71.6151
963 -33.0563 -71.6151
408 -33.0561 -71.6157
146 -33.0557 -71.6159
442 -33.0557 -71.6159
251 -33.056 -71.6155
580 -33.0556 -71.6159
150 -33.0552 -71.6158
641 -33.0552 -71.6158
105 -33.0555 -71.6155
537 -33.056 -71.6155
476 -33.056 -71.6155
389 -33.0559 -71.6153
407 -33.056 -71.6153
743 -33.0559 -71.6154
405 -33.0555 -71.6155
907 -33.0554 -71.6155
589 -33.0551 -71.6214
25 -33.055 -71.6218
786 -33.0551 -71.6212
829 -33.0551 -71.6211
987 -33.055 -71.6219
409 -33.0546 -71.6225
92 -33.0549 -71.622
710 -33.0549 -71.6219
979 -33.0551 -71.6209
883 -33.0549 -71.6207
109 -33.0548 -71.6205
217 -33.0547 -71.6203
697 -33.0547 -71.6203
479 -33.0547 -71.6203
53 -33.0546 -71.6202
961 -33.0546 -71.6202
313 -33.0544 -71.6201
629 -33.0543 -71.6231
940 -33.0543 -71.62
176 -33.0543 -71.62
849 -33.0543 -71.6234
66 -33.0541 -71.6199
550 -33.0541 -71.6199
142 -33.054 -71.6199
85 -33.054 -71.6199
647 -33.0539 -71.6198
115 -33.0539 -71.6198
497 -33.0539 -71.6198
796 -33.0539 -71.6198
5 -33.0539 -71.6198
890 -33.0538 -71.6197
226 -33.0538 -71.6197
179 -33.0546 -71.6189
198 -33.0549 -71.6183
844 -33.0549 -71.6182
838 -33.0549 -71.6182
973 -33.0549 -71.6183
377 -33.0549 -71.6184
775 -33.0549 -71.6184
713 -33.0549 -71.6183
761 -33.055 -71.6182
803 -33.0551 -71.6178
355 -33.0551 -71.6178
446 -33.055 -71.6152
341 -33.055 -71.618
434 -33.055 -71.6181
488 -33.055 -71.6158
819 -33.0549 -71.6158
210 -33.0549 -71.6185
495 -33.0542 -71.6184
466 -33.0546 -71.6184
547 -33.0546 -71.6184
166 -33.0542 -71.6184
880 -33.0541 -71.6189
687 -33.0538 -71.6184
323 -33.054 -71.6184
767 -33.0548 -71.6184
891 -33.0548 -71.6184
290 -33.0548 -71.6173
403 -33.0548 -71.6151
423 -33.0548 -71.615
730 -33.0541 -71.6156
546 -33.054 -71.6156
18 -33.0564 -71.615
774 -33.0579 -71.615
994 -33.0579 -71.615
561 -33.0583 -71.6149
464 -33.0575 -71.6149
640 -33.0575 -71.6149
950 -33.0575 -71.6149
608 -33.0575 -71.6149
297 -33.0584 -71.6148
482 -33.059 -71.6145
976 -33.0591 -71.6145
118 -33.0592 -71.6143
991 -33.0584 -71.6136
948 -33.0582 -71.6142
560 -33.0575 -71.614
842 -33.0575 -71.614
124 -33.0574 -71.6142
869 -33.0574 -71.6149
60 -33.0573 -71.6149
879 -33.0573 -71.6148
818 -33.0572 -71.6148
765 -33.0565 -71.6149
413 -33.0566 -71.6149
686 -33.0566 -71.6148
286 -33.0572 -71.6148
20 -33.0573 -71.6147
467 -33.0574 -71.6138
619 -33.0572 -71.6136
646 -33.0571 -71.6148
57 -33.0569 -71.6147
668 -33.0568 -71.6147
154 -33.0569 -71.6134
521 -33.0582 -71.6134
354 -33.0586 -71.613
576 -33.0586 -71.613
43 -33.0586 -71.613
747 -33.0586 -71.613
872 -33.0582 -71.6132
917 -33.0582 -71.613
579 -33.0581 -71.613
368 -33.058 -71.613
326 -33.059 -71.6129
790 -33.0591 -71.6129
19 -33.0593 -71.6129
420 -33.0588 -71.6129
414 -33.0588 -71.6129
523 -33.0577 -71.6129
298 -33.0574 -71.6128
238 -33.0573 -71.6128
967 -33.0571 -71.6127
237 -33.0571 -71.6127
305 -33.057 -71.6127
962 -33.0566 -71.6133
591 -33.0565 -71.6132
209 -33.0566 -71.6125
563 -33.0566 -71.6125
51 -33.0566 -71.6125
642 -33.0566 -71.6125
366 -33.0565 -71.6124
751 -33.0565 -71.6124
307 -33.0565 -71.6124
627 -33.0565 -71.6124
958 -33.0565 -71.6124
52 -33.0564 -71.6124
61 -33.0557 -71.6131
175 -33.056 -71.6131
636 -33.0563 -71.6131
571 -33.0554 -71.6131
773 -33.0554 -71.6131
274 -33.0553 -71.6131
424 -33.0551 -71.6131
676 -33.0553 -71.6124
295 -33.0553 -71.6124
15 -33.0554 -71.6124
29 -33.0554 -71.6124
303 -33.0552 -71.6124
197 -33.0551 -71.6124
909 -33.055 -71.6124
674 -33.0549 -71.6124
848 -33.0549 -71.6124
512 -33.0549 -71.6129
7 -33.0548 -71.6129
797 -33.0547 -71.6128
145 -33.0545 -71.6149
171 -33.0541 -71.6146
611 -33.0539 -71.6145
711 -33.0539 -71.6145
506 -33.0546 -71.6127
916 -33.0548 -71.6124
23 -33.0546 -71.6124
577 -33.0546 -71.6124
252 -33.0546 -71.6124
40 -33.0546 -71.6127
49 -33.0543 -71.6125
387 -33.0546 -71.6124
402 -33.0563 -71.6124
452 -33.0562 -71.6124
733 -33.0561 -71.6123
214 -33.0556 -71.6123
789 -33.0546 -71.6124
14 -33.0555 -71.6124
351 -33.0556 -71.6123
679 -33.0556 -71.6123
173 -33.056 -71.6123
12 -33.0558 -71.6123
480 -33.0558 -71.6123
927 -33.0557 -71.6123
35 -33.0556 -71.6123
551 -33.0545 -71.6122
575 -33.0545 -71.6122
89 -33.0545 -71.6122
272 -33.0544 -71.6123
310 -33.0542 -71.6123
603 -33.0542 -71.6122
160 -33.0542 -71.6123
998 -33.0541 -71.6123
212 -33.0541 -71.6123
649 -33.0541 -71.6123
601 -33.0542 -71.6122
347 -33.054 -71.6122
224 -33.0544 -71.6122
645 -33.0544 -71.6122
386 -33.0539 -71.6122
986 -33.0538 -71.6122
742 -33.0538 -71.6122
703 -33.0538 -71.6197
38 -33.0537 -71.6196
315 -33.0537 -71.6196
500 -33.0536 -71.6196
327 -33.0536 -71.6196
678 -33.0535 -71.6194
260 -33.0535 -71.6193
487 -33.0535 -71.619
266 -33.0535 -71.6189
177 -33.0537 -71.6188
930 -33.0536 -71.6188
340 -33.0536 -71.6185
116 -33.0536 -71.6185
253 -33.0535 -71.6188
262 -33.0535 -71.6185
399 -33.0535 -71.6185
632 -33.0532 -71.6188
727 -33.0532 -71.6188
614 -33.0532 -71.6188
250 -33.053 -71.6187
393 -33.053 -71.6187
101 -33.05 -71.6203
17 -33.053 -71.6187
163 -33.0528 -71.6187
852 -33.0528 -71.6187
830 -33.0527 -71.6187
504 -33.0527 -71.6187
128 -33.0527 -71.6187
111 -33.0527 -71.6187
144 -33.0526 -71.6187
597 -33.0525 -71.6186
412 -33.0523 -71.6186
431 -33.0537 -71.6184
831 -33.0537 -71.6184
448 -33.0537 -71.6184
908 -33.0534 -71.6163
946 -33.0532 -71.6162
859 -33.0519 -71.6184
999 -33.0517 -71.6184
364 -33.0515 -71.6184
565 -33.0528 -71.6159
320 -33.0528 -71.6159
860 -33.0529 -71.6159
795 -33.0525 -71.6157
93 -33.0524 -71.6157
385 -33.0522 -71.6157
756 -33.0522 -71.6157
783 -33.0521 -71.6156
904 -33.0515 -71.6184
130 -33.0512 -71.6183
165 -33.0511 -71.6182
983 -33.0508 -71.6181
10 -33.0508 -71.6181
949 -33.0507 -71.6181
573 -33.0497 -71.6158
900 -33.0504 -71.6158
712 -33.0503 -71.6158
529 -33.0502 -71.6158
692 -33.0504 -71.6158
453 -33.0501 -71.6157
263 -33.0501 -71.6157
416 -33.0498 -71.6157
239 -33.05 -71.6157
889 -33.0497 -71.6158
633 -33.0494 -71.6185
447 -33.0493 -71.6184
34 -33.0491 -71.6181
935 -33.049 -71.618
360 -33.0484 -71.6185
80 -33.0485 -71.6182
485 -33.0485 -71.6182
764 -33.0486 -71.618
493 -33.0489 -71.618
708 -33.0496 -71.6177
484 -33.0487 -71.6177
427 -33.0487 -71.6177
509 -33.0486 -71.6179
583 -33.0486 -71.6179
911 -33.0487 -71.6178
718 -33.0484 -71.6185
802 -33.0481 -71.6191
277 -33.0482 -71.6191
322 -33.0482 -71.6191
139 -33.0481 -71.6192
205 -33.0481 -71.6192
938 -33.0481 -71.6192
820 -33.0481 -71.6192
735 -33.0482 -71.619
988 -33.0483 -71.6189
222 -33.0483 -71.6188
516 -33.0483 -71.6188
696 -33.0482 -71.6189
220 -33.0474 -71.6179
784 -33.0474 -71.6179
732 -33.0487 -71.6177
605 -33.0495 -71.6163
155 -33.0495 -71.6163
639 -33.0495 -71.6163
511 -33.0494 -71.6177
794 -33.0494 -71.6165
157 -33.0493 -71.6165
763 -33.0494 -71.6165
716 -33.0491 -71.6162
113 -33.0496 -71.6161
333 -33.0496 -71.6161
170 -33.0496 -71.616
901 -33.0492 -71.6158
694 -33.0491 -71.6162
383 -33.0491 -71.6161
799 -33.0492 -71.6159
635 -33.049 -71.6168
755 -33.0488 -71.6174
55 -33.0488 -71.6173
722 -33.0489 -71.6171
939 -33.0487 -71.6176
644 -33.0487 -71.6176
9 -33.0487 -71.6176
982 -33.0475 -71.6176
530 -33.0489 -71.617
152 -33.0489 -71.617
610 -33.0489 -71.617
724 -33.048 -71.616
827 -33.0479 -71.6164
88 -33.0477 -71.617
643 -33.0478 -71.6166
430 -33.0523 -71.6156
254 -33.0537 -71.6156
292 -33.0537 -71.6156
117 -33.0537 -71.6156
992 -33.0535 -71.6155
148 -33.0523 -71.6156
812 -33.0535 -71.6155
892 -33.0534 -71.6155
721 -33.0532 -71.6155
864 -33.0532 -71.6155
545 -33.0532 -71.6155
787 -33.0531 -71.6155
585 -33.0529 -71.6138
835 -33.0528 -71.6137
739 -33.0526 -71.6136
100 -33.0525 -71.6135
749 -33.0521 -71.6133
75 -33.0515 -71.6156
496 -33.0515 -71.6156
195 -33.0513 -71.6156
304 -33.0512 -71.6156
106 -33.051 -71.6156
574 -33.051 -71.6156
688 -33.0509 -71.6156
850 -33.0509 -71.6156
884 -33.0508 -71.6155
13 -33.0506 -71.6155
572 -33.0507 -71.6155
191 -33.0505 -71.6155
652 -33.0505 -71.6156
174 -33.0505 -71.6155
273 -33.0505 -71.6155
659 -33.0518 -71.6131
309 -33.0536 -71.6122
151 -33.0535 -71.6122
759 -33.0534 -71.6122
905 -33.0534 -71.6122
24 -33.0514 -71.6131
964 -33.0514 -71.6131
102 -33.0533 -71.6122
108 -33.0532 -71.6121
208 -33.0532 -71.6121
200 -33.0531 -71.6121
202 -33.0531 -71.6121
615 -33.053 -71.6121
334 -33.0529 -71.6121
70 -33.0529 -71.6121
837 -33.0527 -71.6121
180 -33.0511 -71.6121
494 -33.051 -71.6131
278 -33.0509 -71.6131
27 -33.0508 -71.6131
74 -33.0508 -71.6131
683 -33.0506 -71.6131
133 -33.0506 -71.6131
345 -33.0505 -71.613
920 -33.0511 -71.6128
588 -33.0511 -71.6124
186 -33.0511 -71.6122
805 -33.0511 -71.6122
894 -33.0511 -71.6125
666 -33.0511 -71.6126
638 -33.0511 -71.6125
401 -33.0504 -71.613
897 -33.0494 -71.6147
868 -33.0494 -71.6144
36 -33.0494 -71.6144
213 -33.0494 -71.6147
440 -33.0493 -71.6154
206 -33.0493 -71.6152
318 -33.0494 -71.6148
394 -33.0494 -71.6144
586 -33.0495 -71.6141
612 -33.0496 -71.6138
432 -33.0496 -71.6135
854 -33.0495 -71.6141
660 -33.0494 -71.6144
631 -33.0495 -71.6143
834 -33.0495 -71.6142
283 -33.0492 -71.6156
48 -33.0483 -71.6147
933 -33.0483 -71.6146
348 -33.0483 -71.6145
553 -33.0483 -71.6148
968 -33.0481 -71.6156
793 -33.0481 -71.6154
972 -33.0481 -71.6154
81 -33.0483 -71.6145
941 -33.0485 -71.6137
862 -33.0485 -71.6137
435 -33.0486 -71.6135
140 -33.0485 -71.6138
604 -33.0484 -71.6144
853 -33.0485 -71.6138
50 -33.0486 -71.6135
758 -33.05 -71.613
337 -33.0499 -71.613
44 -33.0498 -71.6129
637 -33.0497 -71.613
462 -33.0496 -71.6134
77 -33.0496 -71.6133
780 -33.0497 -71.6131
353 -33.0498 -71.6129
457 -33.0498 -71.6123
956 -33.0498 -71.6123
481 -33.0499 -71.6121
234 -33.0498 -71.6126
0 -33.0497 -71.6128
701 -33.0498 -71.6126
680 -33.0498 -71.6126
374 -33.0496 -71.6135
302 -33.0496 -71.6135
541 -33.0487 -71.6132
436 -33.0487 -71.6131
778 -33.0487 -71.6132
314 -33.0486 -71.6133
84 -33.0486 -71.6133
855 -33.0486 -71.6132
519 -33.0487 -71.613
54 -33.0495 -71.6129
31 -33.0493 -71.6129
851 -33.0491 -71.6129
515 -33.0489 -71.6125
218 -33.0487 -71.6129
960 -33.0488 -71.6128
801 -33.0526 -71.6121
970 -33.0591 -71.6105
748 -33.0575 -71.6101
259 -33.0573 -71.61
72 -33.0573 -71.61
26 -33.0558 -71.6104
569 -33.0561 -71.6102
866 -33.0563 -71.6101
384 -33.0567 -71.6099
463 -33.0571 -71.6099
132 -33.0579 -71.6091
535 -33.0569 -71.6087
886 -33.0567 -71.6096
606 -33.0566 -71.6096
876 -33.0565 -71.6096
874 -33.0558 -71.6092
558 -33.0558 -71.6094
22 -33.0544 -71.6121
228 -33.0543 -71.6119
190 -33.0553 -71.6104
600 -33.0542 -71.6118
885 -33.0542 -71.6117
204 -33.0541 -71.6116
97 -33.0542 -71.6105
187 -33.055 -71.6104
2 -33.0549 -71.6103
510 -33.0556 -71.6094
785 -33.0546 -71.6085
398 -33.0546 -71.6085
671 -33.0546 -71.6085
966 -33.0545 -71.6085
752 -33.0545 -71.6085
460 -33.0545 -71.6085
167 -33.0548 -71.6084
836 -33.0548 -71.6084
126 -33.0549 -71.6083
714 -33.0548 -71.6084
471 -33.0547 -71.6085
951 -33.0547 -71.6085
136 -33.0547 -71.6084
468 -33.0549 -71.6083
137 -33.055 -71.6083
362 -33.058 -71.6083
158 -33.055 -71.6082
690 -33.055 -71.6083
328 -33.0549 -71.6083
846 -33.0549 -71.6083
316 -33.0549 -71.6083
981 -33.0546 -71.6085
704 -33.0545 -71.6085
56 -33.0544 -71.6085
369 -33.0544 -71.6085
653 -33.0544 -71.6085
741 -33.0544 -71.6085
990 -33.0544 -71.6085
236 -33.0543 -71.6085
502 -33.0546 -71.6085
757 -33.0546 -71.6085
815 -33.0543 -71.6085
182 -33.0543 -71.6085
404 -33.0543 -71.6085
856 -33.0542 -71.6085
832 -33.0542 -71.6085
365 -33.0541 -71.6085
211 -33.0541 -71.6116
343 -33.0541 -71.6116
863 -33.0541 -71.6115
324 -33.054 -71.6113
593 -33.054 -71.6113
141 -33.0537 -71.6113
734 -33.0539 -71.6113
421 -33.0538 -71.6112
821 -33.0539 -71.6112
143 -33.0539 -71.6111
861 -33.0538 -71.611
681 -33.0537 -71.6105
227 -33.0537 -71.6111
771 -33.0537 -71.6111
607 -33.0537 -71.6111
415 -33.0536 -71.6107
936 -33.0536 -71.6114
498 -33.0536 -71.6111
235 -33.0535 -71.6111
943 -33.0535 -71.6114
433 -33.0534 -71.6114
931 -33.0534 -71.6114
68 -33.0535 -71.611
268 -33.0536 -71.6106
745 -33.0536 -71.6106
782 -33.0535 -71.6087
556 -33.0535 -71.6087
390 -33.0535 -71.6087
276 -33.0534 -71.6088
120 -33.0534 -71.6087
675 -33.0535 -71.6087
669 -33.0541 -71.6085
349 -33.0541 -71.6085
624 -33.0541 -71.6085
417 -33.0541 -71.6085
192 -33.054 -71.6085
673 -33.054 -71.6085
770 -33.054 -71.6085
125 -33.054 -71.6085
284 -33.054 -71.6085
243 -33.0539 -71.6085
505 -33.0539 -71.6085
71 -33.0539 -71.6085
845 -33.0539 -71.6085
325 -33.0539 -71.6085
882 -33.0539 -71.6085
736 -33.0538 -71.6085
788 -33.0537 -71.6085
319 -33.0537 -71.6085
294 -33.0538 -71.6085
229 -33.0537 -71.6085
811 -33.0535 -71.6087
357 -33.0536 -71.6085
997 -33.0535 -71.6085
321 -33.0537 -71.6085
172 -33.0538 -71.6085
199 -33.0538 -71.6085
16 -33.0538 -71.6085
375 -33.0534 -71.6085
544 -33.0534 -71.6085
287 -33.0534 -71.6085
952 -33.055 -71.6082
454 -33.0579 -71.6082
332 -33.0579 -71.6082
499 -33.0578 -71.6082
79 -33.0578 -71.6082
934 -33.0578 -71.6082
469 -33.0577 -71.6081
11 -33.0576 -71.6081
977 -33.0581 -71.6081
528 -33.059 -71.6079
925 -33.0587 -71.6079
280 -33.0587 -71.6079
159 -33.0587 -71.6079
581 -33.0581 -71.6081
672 -33.0582 -71.6081
903 -33.0583 -71.608
400 -33.0575 -71.6081
461 -33.0575 -71.6081
335 -33.0574 -71.6081
929 -33.0574 -71.6081
657 -33.0574 -71.6081
700 -33.0573 -71.6081
473 -33.0572 -71.608
285 -33.0572 -71.608
912 -33.0572 -71.608
705 -33.0571 -71.608
225 -33.0569 -71.608
438 -33.0568 -71.608
858 -33.0568 -71.608
168 -33.0568 -71.608
888 -33.0568 -71.608
740 -33.0567 -71.608
419 -33.0587 -71.6078
300 -33.0597 -71.6076
808 -33.0593 -71.6076
474 -33.0594 -71.6076
677 -33.0593 -71.6076
63 -33.0588 -71.6078
281 -33.059 -71.6077
311 -33.058 -71.6068
112 -33.0585 -71.6066
331 -33.0589 -71.6065
291 -33.0592 -71.6064
441 -33.0597 -71.6045
147 -33.0588 -71.6041
491 -33.0587 -71.6066
525 -33.0583 -71.6066
870 -33.0587 -71.6041
90 -33.058 -71.6045
223 -33.0572 -71.607
411 -33.0573 -71.6069
513 -33.0574 -71.6069
613 -33.0571 -71.6074
83 -33.0568 -71.6071
873 -33.0569 -71.6071
477 -33.0569 -71.6071
296 -33.0574 -71.6069
129 -33.0575 -71.6069
768 -33.0576 -71.6049
924 -33.0576 -71.6047
527 -33.0574 -71.6069
221 -33.0574 -71.6048
196 -33.0569 -71.6046
282 -33.0566 -71.608
46 -33.0566 -71.608
422 -33.0566 -71.608
833 -33.0566 -71.608
555 -33.0566 -71.608
138 -33.0565 -71.608
944 -33.0565 -71.608
478 -33.0565 -71.608
592 -33.0565 -71.608
810 -33.0564 -71.608
918 -33.0564 -71.608
219 -33.0563 -71.608
980 -33.0563 -71.608
772 -33.0563 -71.608
878 -33.0563 -71.608
723 -33.0562 -71.608
662 -33.0562 -71.608
706 -33.0551 -71.6081
32 -33.0552 -71.6081
540 -33.0558 -71.6081
626 -33.0551 -71.6081
840 -33.0551 -71.6082
183 -33.0551 -71.6082
923 -33.0551 -71.6081
489 -33.0562 -71.6079
715 -33.0561 -71.6079
458 -33.056 -71.6079
378 -33.056 -71.6079
753 -33.056 -71.6079
746 -33.0554 -71.6079
664 -33.056 -71.6079
470 -33.056 -71.6079
156 -33.0559 -71.6079
73 -33.0558 -71.6079
62 -33.0558 -71.6079
350 -33.0558 -71.6078
261 -33.0556 -71.6077
503 -33.0557 -71.6077
843 -33.0557 -71.6077
984 -33.0559 -71.6076
472 -33.0564 -71.6073
857 -33.0565 -71.6073
922 -33.0566 -71.6072
78 -33.0564 -71.6045
825 -33.0559 -71.6076
954 -33.0561 -71.6075
769 -33.0561 -71.6075
622 -33.0556 -71.6077
532 -33.0555 -71.6079
381 -33.0555 -71.6078
557 -33.0556 -71.6078
110 -33.0555 -71.6079
94 -33.0555 -71.6079
595 -33.0545 -71.6053
98 -33.0546 -71.6053
256 -33.0546 -71.6052
937 -33.0552 -71.6049
169 -33.0555 -71.6044
620 -33.0555 -71.6044
293 -33.0547 -71.6046
957 -33.0536 -71.6047
99 -33.0545 -71.6046
395 -33.0534 -71.6085
87 -33.0525 -71.6121
356 -33.0533 -71.6115
391 -33.0533 -71.6115
661 -33.0525 -71.6121
725 -33.0524 -71.6121
877 -33.0524 -71.6121
372 -33.0524 -71.6117
738 -33.0533 -71.611
437 -33.0533 -71.611
233 -33.0533 -71.611
82 -33.0533 -71.6109
306 -33.0532 -71.6109
185 -33.053 -71.6108
707 -33.053 -71.6108
562 -33.0527 -71.6105
265 -33.0523 -71.612
599 -33.0521 -71.612
655 -33.0521 -71.612
201 -33.0517 -71.612
942 -33.0517 -71.612
392 -33.0516 -71.612
902 -33.0516 -71.612
996 -33.0512 -71.612
275 -33.0513 -71.6119
336 -33.0516 -71.6118
517 -33.0519 -71.6118
744 -33.052 -71.6118
915 -33.0515 -71.6119
449 -33.0512 -71.6119
621 -33.0512 -71.6119
33 -33.0512 -71.6114
181 -33.0527 -71.6105
625 -33.0527 -71.6105
91 -33.0527 -71.6104
299 -33.0533 -71.6101
658 -33.0527 -71.6104
534 -33.0527 -71.6104
203 -33.0525 -71.6102
623 -33.0525 -71.6101
867 -33.0525 -71.6101
382 -33.0525 -71.61
791 -33.0523 -71.6097
578 -33.0532 -71.6097
566 -33.0522 -71.6096
630 -33.0515 -71.6096
426 -33.0515 -71.6096
443 -33.0515 -71.6096
699 -33.0515 -71.6096
95 -33.0512 -71.6099
330 -33.0512 -71.6099
684 -33.0513 -71.6098
451 -33.0512 -71.6099
841 -33.051 -71.6101
246 -33.051 -71.6101
969 -33.0511 -71.61
131 -33.0513 -71.6098
396 -33.0514 -71.6097
114 -33.0514 -71.6097
584 -33.0515 -71.6097
543 -33.0514 -71.6097
352 -33.0514 -71.6097
926 -33.0514 -71.6097
898 -33.0509 -71.6102
64 -33.0499 -71.6118
654 -33.0499 -71.6117
207 -33.0499 -71.6116
240 -33.0499 -71.6119
828 -33.0499 -71.6121
425 -33.0499 -71.612
363 -33.0499 -71.612
76 -33.05 -71.6116
86 -33.05 -71.6113
518 -33.05 -71.6112
685 -33.05 -71.6112
709 -33.05 -71.6115
548 -33.05 -71.6115
522 -33.05 -71.6115
665 -33.05 -71.6115
444 -33.0498 -71.6113
248 -33.0491 -71.6115
971 -33.0491 -71.6115
418 -33.0491 -71.6115
590 -33.0491 -71.6115
648 -33.0489 -71.6121
538 -33.049 -71.612
728 -33.049 -71.6119
119 -33.0491 -71.6114
847 -33.0496 -71.6112
153 -33.0494 -71.6112
178 -33.0493 -71.6112
807 -33.0491 -71.6113
823 -33.0491 -71.6114
231 -33.0491 -71.6114
804 -33.05 -71.6112
338 -33.0508 -71.6102
974 -33.0508 -71.6102
524 -33.0508 -71.6102
317 -33.0502 -71.6102
428 -33.0502 -71.6103
465 -33.0502 -71.6103
932 -33.0502 -71.6102
379 -33.0505 -71.6102
766 -33.0504 -71.6102
817 -33.0504 -71.6102
750 -33.0504 -71.6102
164 -33.0503 -71.6101
526 -33.0502 -71.6102
439 -33.0503 -71.6101
539 -33.0503 -71.6101
258 -33.0501 -71.6104
779 -33.0501 -71.6109
241 -33.0501 -71.6109
312 -33.0501 -71.6108
96 -33.05 -71.6109
634 -33.049 -71.6112
596 -33.05 -71.611
947 -33.05 -71.611
329 -33.0501 -71.6108
656 -33.0501 -71.6107
58 -33.0501 -71.6105
651 -33.0501 -71.6105
342 -33.0501 -71.6108
719 -33.0501 -71.6108
899 -33.0493 -71.6106
777 -33.0515 -71.6096
230 -33.0533 -71.6084
103 -33.0533 -71.6084
993 -33.0533 -71.6084
737 -33.0532 -71.609
910 -33.0531 -71.6093
242 -33.0531 -71.6091
670 -33.0532 -71.6084
8 -33.0532 -71.6084
244 -33.0532 -71.6084
975 -33.053 -71.6083
371 -33.053 -71.6083
257 -33.0529 -71.6083
232 -33.0529 -71.6083
339 -33.0529 -71.6083
215 -33.0528 -71.6083
682 -33.0522 -71.6083
536 -33.0521 -71.6095
429 -33.0521 -71.6095
184 -33.0521 -71.6086
161 -33.0521 -71.6094
270 -33.0521 -71.6094
6 -33.0521 -71.6087
567 -33.0521 -71.6087
921 -33.0521 -71.6086
410 -33.0522 -71.6084
875 -33.0522 -71.6083
67 -33.0522 -71.6083
264 -33.0522 -71.6084
667 -33.0521 -71.6085
359 -33.0521 -71.6085
871 -33.0521 -71.6085
813 -33.0528 -71.6083
839 -33.0527 -71.6082
564 -33.0526 -71.6082
731 -33.0525 -71.6082
358 -33.0525 -71.6082
65 -33.0525 -71.6082
267 -33.0524 -71.6081
397 -33.0524 -71.6081
193 -33.0524 -71.6081
406 -33.0531 -71.6066
30 -33.0525 -71.6048
1 -33.0533 -71.6047
826 -33.0525 -71.6048
122 -33.0524 -71.6081
895 -33.0524 -71.6081
989 -33.0523 -71.6081
245 -33.0523 -71.6081
720 -33.0523 -71.6081
691 -33.0523 -71.6081
308 -33.0523 -71.6081
806 -33.0523 -71.6081
554 -33.0522 -71.6082
887 -33.0522 -71.6081
247 -33.0522 -71.6081
388 -33.0523 -71.608
21 -33.0523 -71.608
194 -33.0522 -71.6079
628 -33.0522 -71.6078
776 -33.0522 -71.6077
913 -33.0522 -71.6076
492 -33.0521 -71.6072
896 -33.0521 -71.6071
906 -33.052 -71.6093
508 -33.052 -71.6092
689 -33.0519 -71.6092
104 -33.0519 -71.6092
995 -33.0518 -71.6093
490 -33.0518 -71.6093
609 -33.0519 -71.6092
445 -33.0519 -71.6092
959 -33.052 -71.609
41 -33.052 -71.609
552 -33.052 -71.6089
893 -33.052 -71.609
914 -33.0519 -71.6091
617 -33.0519 -71.6091
965 -33.052 -71.6091
37 -33.0517 -71.6094
594 -33.0516 -71.6095
135 -33.0517 -71.6094
953 -33.0517 -71.6094
570 -33.0516 -71.6095
45 -33.0515 -71.6096
985 -33.0496 -71.6092
865 -33.0504 -71.6092
4 -33.0502 -71.6092
249 -33.0504 -71.609
717 -33.0516 -71.6089
486 -33.0504 -71.6089
798 -33.0504 -71.609
695 -33.0497 -71.6091
288 -33.0504 -71.6091
616 -33.052 -71.6089
289 -33.0521 -71.6087
188 -33.0513 -71.6087
59 -33.0513 -71.6086
380 -33.0512 -71.6086
568 -33.0512 -71.6086
618 -33.0511 -71.6086
39 -33.051 -71.6085
47 -33.0512 -71.6085
800 -33.052 -71.6069
514 -33.0518 -71.6064
149 -33.0518 -71.6047
121 -33.0515 -71.6083
28 -33.0512 -71.6084
781 -33.0513 -71.6084
650 -33.0514 -71.6083
346 -33.0508 -71.6085
729 -33.0505 -71.6087
459 -33.0505 -71.6086
824 -33.0505 -71.6086
3 -33.0505 -71.6087
702 -33.0504 -71.6089
814 -33.0504 -71.6088
792 -33.0504 -71.6088
507 -33.0508 -71.6085
344 -33.0507 -71.6085
663 -33.0506 -71.6085
928 -33.0505 -71.6085
559 -33.0504 -71.6085
162 -33.0501 -71.6084
533 -33.0494 -71.604
