226 -33.0532 -71.6246
38 -33.0533 -71.6246
315 -33.0533 -71.6246
796 -33.0531 -71.6246
115 -33.053 -71.6247
647 -33.053 -71.6246
5 -33.053 -71.6246
327 -33.0535 -71.6245
930 -33.0541 -71.6244
266 -33.0541 -71.6244
177 -33.0542 -71.6243
253 -33.0541 -71.6244
678 -33.0536 -71.6245
487 -33.0539 -71.6241
260 -33.0538 -71.6241
497 -33.053 -71.6246
85 -33.0529 -71.6246
142 -33.0529 -71.6246
66 -33.0528 -71.6246
550 -33.0528 -71.6246
598 -33.0516 -71.6252
786 -33.0518 -71.6252
829 -33.0518 -71.625
883 -33.0519 -71.6245
176 -33.0527 -71.6245
940 -33.0525 -71.6245
961 -33.0524 -71.6244
697 -33.0522 -71.6244
109 -33.052 -71.6244
479 -33.0522 -71.6244
217 -33.0521 -71.6243
880 -33.0543 -71.6241
377 -33.0544 -71.6227
210 -33.0543 -71.6227
179 -33.0538 -71.6225
500 -33.0535 -71.6239
703 -33.0532 -71.6238
890 -33.0531 -71.6238
413 -33.0531 -71.6187
668 -33.0534 -71.6187
765 -33.0529 -71.6187
57 -33.0534 -71.6187
646 -33.0535 -71.6185
189 -33.0528 -71.6187
963 -33.0528 -71.6187
367 -33.0528 -71.6187
582 -33.0526 -71.6187
978 -33.0526 -71.6187
313 -33.0525 -71.6236
53 -33.0524 -71.6235
775 -33.0522 -71.62
713 -33.0522 -71.62
547 -33.0519 -71.6199
973 -33.0521 -71.6199
838 -33.0521 -71.6199
761 -33.0521 -71.6198
341 -33.052 -71.6197
407 -33.0524 -71.6186
537 -33.0522 -71.6185
355 -33.0519 -71.6196
456 -33.0518 -71.6195
919 -33.0518 -71.6194
216 -33.0516 -71.6192
101 -33.0512 -71.6251
979 -33.0514 -71.6243
589 -33.0512 -71.6243
987 -33.0512 -71.6251
409 -33.0506 -71.6251
92 -33.0511 -71.6251
25 -33.0508 -71.6243
447 -33.0506 -71.6238
732 -33.0512 -71.6232
116 -33.0514 -71.6207
399 -33.0514 -71.6207
493 -33.051 -71.6234
34 -33.0508 -71.6236
935 -33.0509 -71.6235
440 -33.0506 -71.6214
710 -33.0506 -71.6242
633 -33.0505 -71.624
716 -33.0504 -71.6222
799 -33.0504 -71.6218
694 -33.0504 -71.622
849 -33.0498 -71.6252
629 -33.05 -71.6252
999 -33.0492 -71.6217
901 -33.0505 -71.6217
283 -33.0506 -71.6215
144 -33.0494 -71.6208
111 -33.0494 -71.6207
852 -33.0494 -71.6206
859 -33.0493 -71.6215
412 -33.0493 -71.6211
597 -33.0494 -71.6208
163 -33.0494 -71.6206
587 -33.0515 -71.6191
373 -33.0514 -71.619
69 -33.0512 -71.6188
432 -33.0497 -71.6201
302 -33.0497 -71.6201
77 -33.0496 -71.6199
637 -33.0495 -71.6197
844 -33.0499 -71.6188
542 -33.051 -71.6186
301 -33.051 -71.6186
42 -33.0509 -71.6186
361 -33.0509 -71.6185
434 -33.0499 -71.6188
198 -33.0498 -71.6187
891 -33.0497 -71.6186
262 -33.0495 -71.6197
340 -33.0495 -71.6196
831 -33.0495 -71.6195
448 -33.0495 -71.6195
687 -33.0494 -71.6194
17 -33.0493 -71.6203
250 -33.0493 -71.6202
632 -33.0494 -71.6202
680 -33.0494 -71.6193
234 -33.0494 -71.6193
956 -33.0494 -71.619
323 -33.0494 -71.619
166 -33.0494 -71.619
401 -33.0494 -71.6188
425 -33.0494 -71.6186
408 -33.052 -71.6185
774 -33.0543 -71.6184
560 -33.0544 -71.6184
475 -33.0542 -71.6168
869 -33.0538 -71.6184
640 -33.0528 -71.6159
950 -33.0528 -71.6159
608 -33.0528 -71.6159
464 -33.0528 -71.6159
118 -33.0545 -71.6157
872 -33.0543 -71.6157
945 -33.0543 -71.6157
976 -33.0543 -71.6157
20 -33.0527 -71.6159
482 -33.0542 -71.6156
991 -33.0542 -71.6156
60 -33.0526 -71.6158
370 -33.052 -71.6185
255 -33.0519 -71.6184
549 -33.0517 -71.6184
376 -33.0515 -71.6184
881 -33.0514 -71.6184
816 -33.0514 -71.6184
134 -33.0513 -71.6184
698 -33.0504 -71.6179
879 -33.0526 -71.6158
818 -33.0526 -71.6158
286 -33.0525 -71.6157
743 -33.0514 -71.6159
754 -33.0504 -71.6179
389 -33.0514 -71.6158
269 -33.0505 -71.6157
18 -33.0518 -71.6156
297 -33.0536 -71.6155
561 -33.0534 -71.6155
483 -33.0531 -71.6155
842 -33.0531 -71.6155
531 -33.0531 -71.6155
501 -33.053 -71.6154
124 -33.0529 -71.6154
948 -33.0544 -71.6148
356 -33.052 -71.6147
994 -33.0534 -71.6142
686 -33.0522 -71.6134
931 -33.0519 -71.6147
943 -33.0519 -71.6148
792 -33.0519 -71.6135
299 -33.0519 -71.6135
127 -33.0519 -71.6132
822 -33.0515 -71.6156
450 -33.0514 -71.6156
476 -33.051 -71.6156
251 -33.051 -71.6156
520 -33.0505 -71.6156
693 -33.0505 -71.6156
107 -33.0505 -71.6155
955 -33.0507 -71.6155
726 -33.0507 -71.6155
936 -33.0519 -71.6148
268 -33.0516 -71.614
279 -33.0507 -71.6155
123 -33.0506 -71.6155
602 -33.0505 -71.6155
455 -33.0503 -71.6179
760 -33.0502 -71.6183
809 -33.05 -71.6178
803 -33.0498 -71.6177
74 -33.0493 -71.6184
76 -33.0492 -71.6183
804 -33.049 -71.6181
767 -33.049 -71.6176
524 -33.049 -71.6166
290 -33.0496 -71.6161
819 -33.0496 -71.616
488 -33.0496 -71.616
95 -33.0492 -71.6159
730 -33.0491 -71.6165
246 -33.0491 -71.6163
841 -33.0491 -71.6162
86 -33.049 -71.6181
466 -33.049 -71.6176
428 -33.0488 -71.6172
992 -33.0489 -71.6172
812 -33.0488 -71.6172
258 -33.0488 -71.6175
864 -33.0488 -71.6174
180 -33.0488 -71.6173
539 -33.0489 -71.6171
292 -33.0489 -71.6169
750 -33.0489 -71.6169
379 -33.049 -71.6168
254 -33.0489 -71.617
164 -33.0489 -71.6171
546 -33.0489 -71.6164
684 -33.0492 -71.6158
442 -33.0502 -71.6158
146 -33.0502 -71.6158
580 -33.0502 -71.6158
271 -33.0501 -71.6157
641 -33.0498 -71.6157
150 -33.0498 -71.6157
6 -33.0494 -71.6144
871 -33.0495 -71.6142
554 -33.0495 -71.6138
887 -33.0496 -71.6137
415 -33.0496 -71.6133
682 -33.0495 -71.614
184 -33.0495 -71.6142
921 -33.0495 -71.6142
141 -33.0495 -71.6141
433 -33.0494 -71.6145
443 -33.0493 -71.6154
426 -33.0493 -71.6154
570 -33.0493 -71.6153
699 -33.0492 -71.6155
352 -33.0492 -71.6157
543 -33.0492 -71.6156
396 -33.0492 -71.6156
953 -33.0493 -71.6152
893 -33.0494 -71.6146
959 -33.0494 -71.6146
41 -33.0494 -71.6146
391 -33.0494 -71.6146
609 -33.0493 -71.615
689 -33.0493 -71.6149
721 -33.0488 -71.6175
383 -33.0474 -71.6227
605 -33.0474 -71.6224
206 -33.0482 -71.6214
889 -33.0473 -71.6219
868 -33.0473 -71.6211
692 -33.0473 -71.621
660 -33.0473 -71.621
213 -33.0481 -71.621
191 -33.0474 -71.6207
612 -33.0475 -71.6204
884 -33.0475 -71.6203
586 -33.0474 -71.6207
631 -33.0473 -71.6209
854 -33.0474 -71.6209
834 -33.0474 -71.6208
394 -33.0473 -71.6211
983 -33.0473 -71.6217
453 -33.0472 -71.6216
318 -33.0472 -71.6215
708 -33.047 -71.6228
530 -33.0466 -71.6229
152 -33.0466 -71.6229
511 -33.0468 -71.6228
263 -33.0472 -71.6214
529 -33.0472 -71.6212
900 -33.0473 -71.6212
36 -33.0473 -71.6211
897 -33.0472 -71.6214
130 -33.0472 -71.6214
435 -33.0466 -71.6204
239 -33.0466 -71.6203
850 -33.0476 -71.6203
688 -33.0476 -71.6202
106 -33.0476 -71.6202
462 -33.0476 -71.6202
574 -33.0476 -71.6202
572 -33.0474 -71.6203
13 -33.0473 -71.6202
273 -33.0472 -71.6202
374 -33.0479 -71.62
504 -33.0479 -71.6196
830 -33.0479 -71.6196
337 -33.0479 -71.6195
496 -33.0479 -71.6196
780 -33.0478 -71.6198
195 -33.0477 -71.6198
0 -33.0478 -71.6196
174 -33.0472 -71.6202
904 -33.0471 -71.6202
855 -33.0467 -71.6201
712 -33.0467 -71.62
314 -33.0467 -71.6201
50 -33.0466 -71.6203
165 -33.0466 -71.6202
84 -33.0467 -71.6201
778 -33.0467 -71.6199
218 -33.0468 -71.6197
364 -33.0469 -71.6195
652 -33.0469 -71.6194
519 -33.0468 -71.6197
436 -33.0467 -71.6199
541 -33.0467 -71.6199
941 -33.0466 -71.6204
820 -33.046 -71.6244
139 -33.046 -71.6244
205 -33.046 -71.6244
938 -33.046 -71.6244
802 -33.0459 -71.6243
277 -33.0459 -71.6243
764 -33.0459 -71.6233
509 -33.0459 -71.6233
9 -33.0461 -71.623
55 -33.0463 -71.6229
755 -33.0463 -71.6229
939 -33.0461 -71.623
583 -33.0459 -71.6232
911 -33.046 -71.6231
484 -33.046 -71.6231
322 -33.0459 -71.6243
696 -33.0458 -71.6242
735 -33.0459 -71.6242
516 -33.0457 -71.6241
360 -33.0457 -71.6239
222 -33.0457 -71.624
784 -33.0444 -71.624
220 -33.0444 -71.624
718 -33.0457 -71.6239
80 -33.0458 -71.6236
485 -33.0458 -71.6235
643 -33.0452 -71.6231
88 -33.045 -71.6234
988 -33.0446 -71.6238
982 -33.0447 -71.6238
722 -33.0465 -71.6229
81 -33.0463 -71.6213
639 -33.0463 -71.6211
113 -33.0464 -71.621
348 -33.0463 -71.6213
794 -33.0462 -71.6214
48 -33.0462 -71.6214
933 -33.0462 -71.6214
170 -33.0464 -71.6208
573 -33.0465 -71.6206
862 -33.0466 -71.6204
10 -33.0465 -71.6204
949 -33.0465 -71.6203
853 -33.0464 -71.6203
416 -33.0464 -71.6203
140 -33.0464 -71.6203
157 -33.0462 -71.6215
968 -33.0457 -71.6223
610 -33.0457 -71.6222
793 -33.0458 -71.622
724 -33.0455 -71.6224
827 -33.0453 -71.6228
427 -33.0453 -71.6228
644 -33.0454 -71.6226
972 -33.0459 -71.622
553 -33.0461 -71.6215
333 -33.0461 -71.6202
155 -33.0459 -71.6202
635 -33.0459 -71.6219
763 -33.0457 -71.6202
604 -33.0459 -71.6201
960 -33.0467 -71.6194
709 -33.0484 -71.6184
207 -33.0484 -71.6184
522 -33.0484 -71.6184
548 -33.0484 -71.6185
654 -33.0484 -71.6186
27 -33.0484 -71.6186
278 -33.0484 -71.6185
665 -33.0485 -71.6184
329 -33.0487 -71.6178
656 -33.0487 -71.6176
787 -33.0487 -71.6176
495 -33.0486 -71.6178
431 -33.0485 -71.6184
518 -33.0485 -71.6182
565 -33.0485 -71.6182
93 -33.0484 -71.6187
828 -33.0482 -71.619
481 -33.0482 -71.619
783 -33.0482 -71.619
727 -33.0481 -71.6191
701 -33.048 -71.6194
457 -33.0481 -71.6192
614 -33.0481 -71.6191
430 -33.0483 -71.6189
363 -33.0483 -71.6189
240 -33.0483 -71.6188
64 -33.0483 -71.6187
860 -33.0481 -71.6174
320 -33.048 -71.6174
795 -33.0478 -71.6173
685 -33.0476 -71.6171
596 -33.0477 -71.6169
117 -33.0487 -71.6164
892 -33.0483 -71.6163
908 -33.0482 -71.6163
545 -33.0482 -71.6163
946 -33.048 -71.6163
805 -33.0479 -71.6162
465 -33.0479 -71.6161
932 -33.0479 -71.616
777 -33.0484 -71.6144
801 -33.0484 -71.6144
445 -33.0485 -71.6137
974 -33.0481 -71.6154
439 -33.0479 -71.616
817 -33.048 -71.6158
336 -33.0481 -71.6154
58 -33.0478 -71.6164
342 -33.0478 -71.6166
894 -33.0478 -71.6166
638 -33.0478 -71.6166
779 -33.0477 -71.6168
947 -33.0477 -71.6169
920 -33.0477 -71.6168
719 -33.0477 -71.6168
651 -33.0478 -71.6165
725 -33.0476 -71.6133
630 -33.0476 -71.6132
661 -33.0476 -71.6132
114 -33.0476 -71.6133
372 -33.0476 -71.6133
584 -33.0476 -71.6133
666 -33.0476 -71.6162
231 -33.0472 -71.6183
807 -33.0473 -71.6182
178 -33.0474 -71.6179
971 -33.0472 -71.6183
304 -33.0471 -71.6186
44 -33.0472 -71.6185
418 -33.0472 -71.6183
153 -33.0474 -71.6177
345 -33.0475 -71.6176
847 -33.0475 -71.6176
444 -33.0475 -71.6174
683 -33.0475 -71.6176
899 -33.0473 -71.6172
756 -33.0473 -71.6172
393 -33.0472 -71.6172
728 -33.0471 -71.6186
648 -33.0471 -71.6189
538 -33.0471 -71.6188
128 -33.047 -71.6171
31 -33.047 -71.6191
851 -33.0469 -71.6193
515 -33.0469 -71.6192
119 -33.0466 -71.6171
823 -33.0466 -71.6171
148 -33.047 -71.6161
385 -33.0468 -71.6161
133 -33.0466 -71.6161
758 -33.0466 -71.617
590 -33.0465 -71.617
248 -33.0465 -71.617
75 -33.0461 -71.616
835 -33.0474 -71.6139
655 -33.0474 -71.6137
729 -33.0475 -71.6136
942 -33.0473 -71.614
338 -33.0472 -71.6142
392 -33.0472 -71.6141
201 -33.0473 -71.6141
451 -33.0475 -71.6136
131 -33.0475 -71.6135
926 -33.0475 -71.6134
877 -33.0475 -71.6134
599 -33.0475 -71.6135
330 -33.0474 -71.6134
517 -33.0472 -71.6134
744 -33.0471 -71.6133
766 -33.0471 -71.6146
96 -33.047 -71.6157
317 -33.0471 -71.6149
526 -33.0471 -71.6148
588 -33.0467 -71.6147
634 -33.0461 -71.616
312 -33.0465 -71.6147
241 -33.0464 -71.6147
969 -33.0471 -71.6133
898 -33.0469 -71.6133
739 -33.0468 -71.6133
902 -33.0468 -71.6133
915 -33.0467 -71.6133
996 -33.0463 -71.6132
749 -33.0463 -71.6132
578 -33.0517 -71.6131
19 -33.0533 -71.6122
790 -33.0531 -71.6121
326 -33.053 -71.6121
420 -33.0528 -71.6121
414 -33.0528 -71.6121
576 -33.0527 -71.6121
43 -33.0527 -71.6121
772 -33.0535 -71.6114
922 -33.0538 -71.6113
354 -33.0538 -71.6112
83 -33.0538 -71.6111
592 -33.0537 -71.6113
810 -33.0535 -71.6114
132 -33.0536 -71.6114
579 -33.0534 -71.611
521 -33.0526 -71.6121
747 -33.0526 -71.6121
917 -33.0522 -71.612
523 -33.0518 -71.612
507 -33.0517 -71.6131
910 -33.0514 -71.6131
242 -33.0512 -71.6131
298 -33.0515 -71.612
238 -33.0512 -71.6119
866 -33.0516 -71.6118
463 -33.0524 -71.6117
72 -33.0525 -71.6117
874 -33.0515 -71.6119
569 -33.0513 -71.6119
305 -33.0512 -71.6118
962 -33.0514 -71.6116
873 -33.0538 -71.611
368 -33.0532 -71.6109
970 -33.0536 -71.6107
98 -33.0535 -71.6106
467 -33.0529 -71.6108
619 -33.0528 -71.6105
259 -33.0527 -71.6104
237 -33.0526 -71.6103
967 -33.0526 -71.6102
154 -33.0526 -71.6102
384 -33.0524 -71.6099
591 -33.0524 -71.6098
563 -33.0523 -71.6098
209 -33.0522 -71.6097
636 -33.0522 -71.6096
366 -33.0522 -71.6096
307 -33.0522 -71.6096
472 -33.0515 -71.6096
751 -33.0522 -71.6096
422 -33.0515 -71.6096
555 -33.0515 -71.6096
662 -33.0512 -71.6099
219 -33.0513 -71.6098
944 -33.0514 -71.6097
627 -33.0522 -71.6096
46 -33.0516 -71.6095
52 -33.0521 -71.6095
402 -33.0521 -71.6094
857 -33.0516 -71.6095
773 -33.0516 -71.6095
35 -33.0516 -71.6095
769 -33.0512 -71.6099
737 -33.0511 -71.6131
120 -33.0511 -71.6128
675 -33.0511 -71.6127
390 -33.0511 -71.6128
187 -33.0511 -71.613
276 -33.0511 -71.6129
958 -33.0511 -71.6128
811 -33.0511 -71.6127
505 -33.0511 -71.6122
26 -33.0511 -71.6121
192 -33.0512 -71.6121
782 -33.0511 -71.6126
642 -33.0511 -71.6127
556 -33.0511 -71.6127
51 -33.0511 -71.6126
733 -33.0511 -71.6114
2 -33.0511 -71.6131
480 -33.0506 -71.6131
762 -33.0506 -71.6131
14 -33.0504 -71.613
351 -33.0504 -71.613
97 -33.0503 -71.613
295 -33.0502 -71.613
405 -33.0499 -71.613
173 -33.051 -71.6114
571 -33.0506 -71.6113
214 -33.0506 -71.6113
29 -33.0504 -71.6113
349 -33.05 -71.6115
669 -33.05 -71.6115
856 -33.05 -71.6113
622 -33.0507 -71.6102
94 -33.0506 -71.6102
110 -33.0506 -71.6102
746 -33.0506 -71.6102
15 -33.0503 -71.6113
840 -33.0502 -71.6102
32 -33.0503 -71.6101
626 -33.0502 -71.6101
825 -33.0511 -71.61
378 -33.0511 -71.61
954 -33.0512 -71.6099
674 -33.051 -71.61
470 -33.0509 -71.6101
923 -33.0502 -71.6101
603 -33.0502 -71.6101
137 -33.0502 -71.6104
236 -33.05 -71.6112
741 -33.05 -71.6112
704 -33.05 -71.6111
832 -33.05 -71.6113
909 -33.05 -71.6113
404 -33.05 -71.6113
182 -33.05 -71.6113
671 -33.05 -71.611
846 -33.0501 -71.6104
316 -33.0501 -71.6104
158 -33.0501 -71.6104
167 -33.0501 -71.6107
398 -33.0501 -71.6109
981 -33.0501 -71.6108
452 -33.052 -71.6093
528 -33.0541 -71.6085
300 -33.0539 -71.6085
748 -33.0537 -71.6085
474 -33.0536 -71.6085
291 -33.0536 -71.6085
677 -33.0535 -71.6085
808 -33.0535 -71.6085
281 -33.0533 -71.6084
331 -33.0532 -71.6084
491 -33.053 -71.6083
419 -33.053 -71.6083
63 -33.0529 -71.6083
280 -33.0529 -71.6083
925 -33.0529 -71.6083
886 -33.0529 -71.6083
159 -33.0529 -71.6083
112 -33.0528 -71.6083
606 -33.0527 -71.6082
525 -33.0526 -71.6082
469 -33.0521 -71.6085
400 -33.052 -71.6088
513 -33.0521 -71.6087
679 -33.0521 -71.6086
876 -33.0526 -71.6082
903 -33.0526 -71.6082
672 -33.0524 -71.6081
581 -33.0524 -71.6081
311 -33.0523 -71.6081
303 -33.0522 -71.6082
362 -33.0522 -71.6081
454 -33.0522 -71.6081
977 -33.0522 -71.6081
332 -33.0522 -71.6079
558 -33.0522 -71.6078
934 -33.0522 -71.6078
499 -33.0522 -71.6077
79 -33.0522 -71.6077
40 -33.0522 -71.6076
506 -33.0522 -71.6076
129 -33.0522 -71.6076
768 -33.0532 -71.6065
147 -33.0529 -71.6047
441 -33.054 -71.6047
870 -33.0529 -71.6047
196 -33.0522 -71.6076
461 -33.0522 -71.6074
527 -33.0522 -71.6074
510 -33.0522 -71.6076
11 -33.0522 -71.6076
335 -33.0522 -71.6073
929 -33.0522 -71.6073
657 -33.0521 -71.6072
296 -33.0521 -71.6076
411 -33.0521 -71.6072
223 -33.0521 -71.6072
700 -33.0521 -71.6071
285 -33.0521 -71.6071
473 -33.0521 -71.6071
90 -33.0521 -71.6048
212 -33.052 -71.607
705 -33.052 -71.6069
477 -33.052 -71.6069
175 -33.052 -71.6093
225 -33.0518 -71.6093
61 -33.0518 -71.6091
12 -33.0517 -71.609
927 -33.0516 -71.6089
274 -33.0515 -71.6089
190 -33.0513 -71.6087
676 -33.0513 -71.6087
424 -33.0513 -71.6087
912 -33.0515 -71.6083
535 -33.0515 -71.6083
613 -33.0515 -71.6083
848 -33.0513 -71.6082
512 -33.0512 -71.6085
888 -33.0512 -71.6085
797 -33.0512 -71.6083
740 -33.051 -71.6085
7 -33.051 -71.6086
282 -33.051 -71.6086
833 -33.0509 -71.6085
984 -33.0504 -71.6088
261 -33.0504 -71.6091
503 -33.0504 -71.609
843 -33.0504 -71.609
478 -33.0508 -71.6085
937 -33.0506 -71.6085
723 -33.0506 -71.6085
49 -33.0504 -71.6085
715 -33.0503 -71.6085
256 -33.05 -71.6084
601 -33.05 -71.6084
438 -33.0514 -71.6075
858 -33.0519 -71.6067
168 -33.0519 -71.6067
645 -33.0519 -71.6066
551 -33.0519 -71.6066
918 -33.0517 -71.6062
980 -33.0517 -71.6061
878 -33.0517 -71.6061
489 -33.0517 -71.606
540 -33.0515 -71.6057
221 -33.0517 -71.605
924 -33.0518 -71.6047
156 -33.0515 -71.6057
458 -33.0515 -71.6059
664 -33.0514 -71.6059
73 -33.0514 -71.6055
557 -33.0513 -71.6054
138 -33.051 -71.6074
593 -33.0512 -71.6059
421 -33.0511 -71.6058
228 -33.0506 -71.6073
753 -33.0505 -71.6073
62 -33.0504 -71.6073
350 -33.0503 -71.6073
227 -33.0511 -71.6058
532 -33.051 -71.6058
381 -33.051 -71.6058
78 -33.0511 -71.6056
706 -33.0509 -71.6051
502 -33.05 -71.6055
169 -33.05 -71.6046
197 -33.0499 -71.613
105 -33.0499 -71.613
907 -33.0499 -71.613
916 -33.0498 -71.6129
577 -33.0496 -71.6129
252 -33.0495 -71.6129
387 -33.0495 -71.6129
745 -33.0495 -71.6129
23 -33.0495 -71.6129
446 -33.0494 -71.6129
257 -33.0497 -71.6128
375 -33.0498 -71.6122
272 -33.0493 -71.6129
423 -33.0492 -71.6129
403 -33.0491 -71.6129
310 -33.0491 -71.6129
160 -33.049 -71.6129
998 -33.049 -71.6129
649 -33.049 -71.6129
143 -33.0489 -71.6129
386 -33.0489 -71.6129
67 -33.0487 -71.6129
986 -33.0487 -71.6129
309 -33.0485 -71.6129
171 -33.0484 -71.6129
151 -33.0483 -71.6129
267 -33.0488 -71.6125
731 -33.0489 -71.6123
759 -33.0483 -71.6129
102 -33.0482 -71.6128
108 -33.0482 -71.6128
711 -33.0482 -71.6128
229 -33.0499 -71.612
145 -33.0499 -71.6119
284 -33.0499 -71.6116
882 -33.0499 -71.6116
321 -33.0499 -71.6119
199 -33.0499 -71.6119
319 -33.0499 -71.6119
789 -33.0496 -71.6112
294 -33.0495 -71.6112
22 -33.0499 -71.61
681 -33.0499 -71.61
575 -33.0498 -71.61
736 -33.0495 -71.6112
357 -33.0493 -71.6112
885 -33.0494 -71.6099
990 -33.0495 -71.6099
997 -33.0492 -71.6112
230 -33.0491 -71.6112
347 -33.0489 -71.6112
670 -33.0488 -71.6112
742 -33.0488 -71.6112
245 -33.0482 -71.6114
776 -33.0482 -71.6113
371 -33.0487 -71.6112
813 -33.0485 -71.6111
861 -33.0491 -71.6099
845 -33.049 -71.6099
243 -33.049 -71.6099
16 -33.049 -71.6099
905 -33.0484 -71.6111
172 -33.0489 -71.6099
691 -33.0482 -71.6115
611 -33.0481 -71.6128
208 -33.0481 -71.6128
200 -33.048 -71.6128
202 -33.0479 -71.6128
837 -33.0477 -71.6129
334 -33.0478 -71.6129
615 -33.0479 -71.6128
104 -33.0478 -71.6128
616 -33.0479 -71.6123
567 -33.048 -71.6121
359 -33.048 -71.6119
781 -33.0479 -71.6124
70 -33.0477 -71.6128
965 -33.0479 -71.6124
552 -33.0479 -71.6124
490 -33.0477 -71.6128
594 -33.0476 -71.6131
37 -33.0476 -71.6127
135 -33.0475 -71.6127
87 -33.0474 -71.6127
45 -33.0473 -71.6127
265 -33.0473 -71.6127
585 -33.047 -71.6127
100 -33.0465 -71.6125
621 -33.0461 -71.6124
186 -33.0459 -71.6123
659 -33.0459 -71.6123
964 -33.0454 -71.6122
24 -33.0454 -71.6122
494 -33.045 -71.6121
410 -33.0481 -71.6117
247 -33.0481 -71.6115
806 -33.0482 -71.6115
397 -33.0481 -71.6111
720 -33.048 -71.6111
875 -33.0477 -71.6111
264 -33.0476 -71.611
667 -33.0475 -71.611
289 -33.0474 -71.611
275 -33.0463 -71.6109
449 -33.0462 -71.6108
650 -33.0463 -71.6098
28 -33.0461 -71.6098
39 -33.0459 -71.6098
995 -33.046 -71.6098
47 -33.0461 -71.6098
344 -33.0456 -71.6098
33 -33.0452 -71.6107
663 -33.0455 -71.6098
928 -33.0454 -71.6098
695 -33.0447 -71.6105
353 -33.0447 -71.6109
985 -33.0447 -71.6107
54 -33.0446 -71.6105
824 -33.0454 -71.6098
459 -33.0453 -71.6098
3 -33.0452 -71.6098
814 -33.0451 -71.6098
702 -33.0451 -71.6098
4 -33.0448 -71.6098
865 -33.0448 -71.6098
288 -33.0449 -71.6098
126 -33.0496 -71.6093
952 -33.0496 -71.6092
183 -33.0498 -71.6091
468 -33.0496 -71.6093
653 -33.0495 -71.6098
757 -33.0495 -71.6097
211 -33.0495 -71.6091
324 -33.0493 -71.6091
224 -33.0499 -71.6084
595 -33.0499 -71.6084
89 -33.0498 -71.6084
600 -33.0493 -71.6083
785 -33.0492 -71.6091
204 -33.0491 -71.6083
343 -33.0491 -71.6083
328 -33.0491 -71.6083
821 -33.0491 -71.6091
836 -33.0491 -71.6083
863 -33.049 -71.6083
406 -33.0486 -71.6091
395 -33.0485 -71.6098
8 -33.0483 -71.6098
707 -33.0482 -71.6091
136 -33.049 -71.6083
714 -33.049 -71.6083
951 -33.0489 -71.6083
734 -33.0488 -71.6083
771 -33.0485 -71.6082
607 -33.0485 -71.6082
235 -33.0484 -71.6082
68 -33.0483 -71.6082
417 -33.0483 -71.6082
752 -33.0499 -71.6054
181 -33.0498 -71.6054
966 -33.0498 -71.6054
690 -33.0494 -71.6071
471 -33.049 -71.607
369 -33.0489 -71.6069
957 -33.0489 -71.6065
815 -33.0495 -71.6053
620 -33.0499 -71.6046
293 -33.0495 -71.604
99 -33.0494 -71.6038
673 -33.0494 -71.6053
382 -33.0493 -71.6053
770 -33.0493 -71.6053
788 -33.0491 -71.6052
460 -33.0488 -71.6069
56 -33.0488 -71.6069
624 -33.0488 -71.6066
365 -33.0488 -71.6066
498 -33.0484 -71.6082
125 -33.0482 -71.6082
233 -33.0482 -71.608
437 -33.0482 -71.6079
325 -33.0486 -71.6065
244 -33.0487 -71.6045
564 -33.0484 -71.604
358 -33.0484 -71.6039
65 -33.0483 -71.6038
1 -33.0482 -71.6038
122 -33.0483 -71.6038
103 -33.0481 -71.6066
82 -33.0481 -71.6082
306 -33.0481 -71.6082
738 -33.0481 -71.6082
71 -33.0481 -71.6082
215 -33.0479 -71.6098
193 -33.0474 -71.6098
623 -33.0475 -71.609
544 -33.0475 -71.6082
185 -33.048 -71.6078
91 -33.0476 -71.6075
534 -33.0476 -71.6075
562 -33.0474 -71.6082
625 -33.0473 -71.6082
867 -33.047 -71.6081
566 -33.0466 -71.6081
121 -33.0464 -71.6098
429 -33.0463 -71.6081
270 -33.0463 -71.6081
161 -33.0463 -71.6081
914 -33.046 -71.6081
798 -33.0449 -71.6098
486 -33.045 -71.6098
249 -33.045 -71.6098
617 -33.046 -71.6081
717 -33.0457 -71.608
59 -33.0453 -71.608
188 -33.0456 -71.6076
380 -33.0452 -71.608
618 -33.045 -71.608
162 -33.0443 -71.6078
658 -33.0476 -71.6075
975 -33.0478 -71.6067
993 -33.0481 -71.6067
287 -33.0481 -71.6066
232 -33.0476 -71.6067
203 -33.0474 -71.6073
839 -33.0474 -71.6068
339 -33.0475 -71.6068
896 -33.0474 -71.6042
913 -33.0478 -71.604
628 -33.0479 -71.604
388 -33.0481 -71.6039
30 -33.0478 -71.6037
826 -33.0476 -71.6041
800 -33.0474 -71.6038
492 -33.0476 -71.6037
791 -33.0474 -71.6069
508 -33.0469 -71.6069
906 -33.0469 -71.6069
989 -33.047 -71.6069
194 -33.0469 -71.6069
568 -33.0456 -71.6075
346 -33.0456 -71.607
21 -33.0469 -71.6069
308 -33.047 -71.6069
895 -33.0471 -71.6068
149 -33.0471 -71.6068
536 -33.0473 -71.6066
514 -33.047 -71.604
559 -33.0455 -71.6065
533 -33.0439 -71.6056
