796 -33.0538 -71.6245
226 -33.0539 -71.6244
38 -33.054 -71.6244
5 -33.0538 -71.6245
497 -33.0538 -71.6245
647 -33.0538 -71.6245
115 -33.0538 -71.6245
315 -33.0541 -71.6244
678 -33.0543 -71.6243
260 -33.0543 -71.6242
487 -33.0543 -71.624
327 -33.0542 -71.6244
500 -33.0542 -71.6243
703 -33.054 -71.6242
890 -33.0539 -71.6241
85 -33.0537 -71.6245
961 -33.0532 -71.6246
940 -33.0533 -71.6246
176 -33.0534 -71.6246
697 -33.0529 -71.6246
479 -33.0529 -71.6246
217 -33.0529 -71.6246
109 -33.0527 -71.6245
550 -33.0535 -71.6245
66 -33.0536 -71.6245
883 -33.0526 -71.6245
142 -33.0537 -71.6245
979 -33.0522 -71.6244
829 -33.0521 -71.6244
786 -33.052 -71.6243
589 -33.052 -71.6243
313 -33.0533 -71.6239
880 -33.0543 -71.6231
179 -33.0545 -71.6226
210 -33.0548 -71.6221
266 -33.0543 -71.6237
253 -33.0543 -71.6237
930 -33.0543 -71.6237
177 -33.0543 -71.6235
377 -33.0548 -71.622
57 -33.0541 -71.6184
646 -33.0543 -71.6184
869 -33.0545 -71.6184
668 -33.054 -71.6184
189 -33.0535 -71.6186
765 -33.0535 -71.6185
413 -33.0536 -71.6185
367 -33.0535 -71.6186
53 -33.0532 -71.6238
582 -33.0534 -71.6188
978 -33.0533 -71.6188
407 -33.0531 -71.6188
537 -33.053 -71.6187
408 -33.0528 -71.6187
370 -33.0528 -71.6187
255 -33.0526 -71.6187
963 -33.0535 -71.6186
549 -33.0524 -71.6186
376 -33.0522 -71.6185
881 -33.0522 -71.6185
816 -33.0522 -71.6185
134 -33.0521 -71.6185
598 -33.0519 -71.6246
92 -33.0518 -71.6251
987 -33.0518 -71.625
25 -33.0516 -71.6243
409 -33.0514 -71.6252
629 -33.0508 -71.6251
710 -33.0513 -71.6243
633 -33.0511 -71.6233
447 -33.0512 -71.6232
34 -33.0511 -71.623
116 -33.0517 -71.6199
399 -33.0517 -71.6199
935 -33.051 -71.6229
493 -33.0509 -71.6228
732 -33.0507 -71.6226
694 -33.0507 -71.6212
101 -33.0506 -71.6247
849 -33.0505 -71.6251
716 -33.0506 -71.6213
799 -33.0505 -71.6211
901 -33.0504 -71.621
283 -33.0502 -71.6209
999 -33.0493 -71.6208
440 -33.0502 -71.6208
859 -33.0494 -71.6207
111 -33.0496 -71.62
163 -33.0496 -71.6199
852 -33.0496 -71.6199
144 -33.0496 -71.62
412 -33.0493 -71.6202
597 -33.0495 -71.6201
17 -33.0495 -71.6196
547 -33.0519 -71.6196
775 -33.0517 -71.6194
713 -33.0517 -71.6193
973 -33.0516 -71.6192
838 -33.0516 -71.6192
761 -33.0515 -71.6191
341 -33.0514 -71.619
355 -33.0513 -71.6189
456 -33.0512 -71.6189
301 -33.0516 -71.6184
542 -33.0516 -71.6184
42 -33.0515 -71.6184
373 -33.0512 -71.6186
919 -33.0511 -71.6188
587 -33.0511 -71.6186
216 -33.051 -71.6186
760 -33.051 -71.6186
250 -33.0495 -71.6196
831 -33.0495 -71.6188
448 -33.0494 -71.6188
632 -33.0494 -71.6194
432 -33.0494 -71.6193
302 -33.0494 -71.6192
77 -33.0494 -71.6191
637 -33.0494 -71.6188
687 -33.0495 -71.6188
166 -33.0498 -71.6187
323 -33.0497 -71.6186
340 -33.0494 -71.6188
262 -33.0494 -71.6188
680 -33.0493 -71.6184
361 -33.0515 -71.6184
118 -33.0552 -71.6158
945 -33.0551 -71.6158
976 -33.0551 -71.6158
872 -33.0551 -71.6158
774 -33.055 -71.6181
560 -33.055 -71.618
475 -33.0548 -71.6174
482 -33.055 -71.6158
991 -33.055 -71.6158
297 -33.0543 -71.6157
561 -33.0542 -71.6156
842 -33.0539 -71.6156
18 -33.0525 -71.6157
483 -33.0539 -71.6156
531 -33.0539 -71.6156
822 -33.0523 -71.6156
450 -33.0522 -71.6157
389 -33.052 -71.6156
743 -33.0519 -71.6156
69 -33.0513 -71.6184
698 -33.0512 -71.6183
754 -33.0512 -71.6182
455 -33.0511 -71.6182
476 -33.0518 -71.6156
251 -33.0517 -71.6156
955 -33.0515 -71.6156
726 -33.0515 -71.6156
279 -33.0515 -71.6156
123 -33.0514 -71.6156
602 -33.0513 -71.6156
107 -33.0513 -71.6156
501 -33.0538 -71.6156
124 -33.0537 -71.6156
464 -33.0534 -71.6155
640 -33.0534 -71.6155
950 -33.0533 -71.6155
608 -33.0533 -71.6155
20 -33.0533 -71.6155
60 -33.0531 -71.6155
286 -33.053 -71.6155
879 -33.0531 -71.6155
948 -33.0551 -71.6152
994 -33.0541 -71.6146
818 -33.053 -71.6155
686 -33.0529 -71.6138
127 -33.0526 -71.6136
268 -33.0519 -71.6132
936 -33.0515 -71.6141
356 -33.0515 -71.6144
931 -33.0514 -71.6143
943 -33.0515 -71.6142
792 -33.0514 -71.6131
520 -33.0512 -71.6156
693 -33.0512 -71.6156
269 -33.0511 -71.6156
299 -33.0514 -71.6131
762 -33.0514 -71.6131
578 -33.0511 -71.613
351 -33.0511 -71.613
97 -33.0511 -71.6131
295 -33.0509 -71.6131
507 -33.0509 -71.6131
809 -33.0508 -71.6181
844 -33.0503 -71.6183
434 -33.0503 -71.6183
803 -33.0505 -71.618
488 -33.0503 -71.6158
891 -33.0501 -71.6183
198 -33.0502 -71.6183
767 -33.0498 -71.6178
819 -33.0502 -71.6158
442 -33.0508 -71.6155
146 -33.0508 -71.6155
580 -33.0507 -71.6155
271 -33.0507 -71.6155
290 -33.0502 -71.6158
641 -33.0505 -71.6157
150 -33.0505 -71.6157
466 -33.0497 -71.6177
117 -33.0494 -71.6164
546 -33.0495 -71.6162
730 -33.0496 -71.616
254 -33.0494 -71.6165
234 -33.0493 -71.6184
495 -33.0493 -71.6176
292 -33.0494 -71.6165
246 -33.0493 -71.6154
352 -33.0494 -71.6147
543 -33.0494 -71.6147
396 -33.0494 -71.6147
684 -33.0493 -71.6149
841 -33.0493 -71.6152
95 -33.0493 -71.615
699 -33.0494 -71.6146
197 -33.0507 -71.6131
907 -33.0507 -71.6131
105 -33.0507 -71.6131
405 -33.0507 -71.6131
141 -33.0497 -71.6132
916 -33.0506 -71.613
682 -33.0497 -71.613
577 -33.0504 -71.613
387 -33.0503 -71.613
252 -33.0503 -71.613
745 -33.0503 -71.613
23 -33.0503 -71.613
415 -33.0502 -71.613
446 -33.0502 -71.613
272 -33.0501 -71.613
921 -33.0496 -71.6133
609 -33.0495 -71.614
689 -33.0495 -71.6139
893 -33.0496 -71.6137
953 -33.0495 -71.6143
426 -33.0494 -71.6145
443 -33.0494 -71.6145
570 -33.0494 -71.6144
391 -33.0496 -71.6137
6 -33.0496 -71.6135
184 -33.0496 -71.6133
871 -33.0496 -71.6133
433 -33.0496 -71.6136
959 -33.0496 -71.6137
41 -33.0496 -71.6137
992 -33.0492 -71.6165
206 -33.0484 -71.6208
529 -33.0475 -71.6204
213 -33.0482 -71.6204
897 -33.0475 -71.6204
318 -33.0474 -71.6207
263 -33.0475 -71.6205
130 -33.0475 -71.6205
712 -33.0475 -71.6203
692 -33.0476 -71.6202
660 -33.0476 -71.6201
631 -33.0476 -71.6201
394 -33.0476 -71.6202
900 -33.0476 -71.6203
36 -33.0476 -71.6202
868 -33.0476 -71.6202
453 -33.0474 -71.6207
530 -33.0474 -71.6227
152 -33.0474 -71.6227
511 -33.0474 -71.6225
708 -33.0474 -71.6223
55 -33.0471 -71.6228
755 -33.0471 -71.6228
722 -33.0473 -71.6228
383 -33.0473 -71.6218
889 -33.0473 -71.6211
983 -33.0474 -71.6208
165 -33.0473 -71.6202
239 -33.0472 -71.6202
605 -33.0472 -71.6215
10 -33.0471 -71.6202
949 -33.047 -71.6201
854 -33.0476 -71.62
574 -33.048 -71.6194
106 -33.048 -71.6194
462 -33.048 -71.6194
688 -33.048 -71.6194
612 -33.0479 -71.6195
884 -33.0479 -71.6195
850 -33.0479 -71.6195
374 -33.048 -71.6193
496 -33.0483 -71.6188
830 -33.0483 -71.6188
337 -33.0484 -71.6187
504 -33.0483 -71.6188
780 -33.0482 -71.6191
195 -33.0482 -71.619
0 -33.0483 -71.6189
572 -33.0478 -71.6197
586 -33.0477 -71.6199
191 -33.0477 -71.6198
273 -33.0477 -71.6198
174 -33.0477 -71.6199
834 -33.0477 -71.62
904 -33.0477 -71.6199
364 -33.0477 -71.6198
13 -33.0478 -71.6197
519 -33.047 -71.6189
218 -33.0471 -71.6189
960 -33.0471 -71.6188
541 -33.047 -71.619
436 -33.047 -71.6191
778 -33.047 -71.619
855 -33.0469 -71.6192
360 -33.046 -71.623
718 -33.0461 -71.623
80 -33.0463 -71.6229
222 -33.0459 -71.6232
735 -33.0458 -71.6235
696 -33.0459 -71.6234
516 -33.0459 -71.6233
485 -33.0464 -71.6229
484 -33.0468 -71.6229
939 -33.0468 -71.6228
9 -33.0469 -71.6228
911 -33.0467 -71.6229
764 -33.0465 -71.6229
509 -33.0466 -71.6229
583 -33.0466 -71.6229
322 -33.0458 -71.6236
938 -33.0458 -71.6237
277 -33.0458 -71.6236
802 -33.0458 -71.6236
205 -33.0458 -71.6237
820 -33.0458 -71.6237
139 -33.0458 -71.6237
220 -33.045 -71.6234
784 -33.045 -71.6234
643 -33.0456 -71.6223
827 -33.0458 -71.6221
427 -33.0458 -71.6221
88 -33.0454 -71.6226
988 -33.0451 -71.6231
982 -33.0452 -71.6231
644 -33.0459 -71.6219
416 -33.0469 -71.6201
573 -33.0469 -71.6201
170 -33.0467 -71.62
333 -33.0467 -71.62
639 -33.0466 -71.6203
155 -33.0466 -71.6203
113 -33.0467 -71.6201
140 -33.0468 -71.6197
50 -33.0469 -71.6194
314 -33.0469 -71.6192
84 -33.0469 -71.6192
435 -33.0469 -71.6195
853 -33.0468 -71.6197
941 -33.0468 -71.6196
862 -33.0468 -71.6195
604 -33.0466 -71.6203
972 -33.0463 -71.6212
635 -33.0463 -71.6212
553 -33.0465 -71.6207
793 -33.0463 -71.6213
724 -33.0461 -71.6217
968 -33.0462 -71.6215
610 -33.0462 -71.6215
157 -33.0465 -71.6207
933 -33.0465 -71.6205
348 -33.0466 -71.6204
81 -33.0466 -71.6204
794 -33.0465 -71.6205
48 -33.0465 -71.6206
763 -33.0464 -71.6203
701 -33.0484 -71.6186
956 -33.0492 -71.6182
401 -33.049 -71.6181
425 -33.0489 -71.6179
709 -33.0487 -71.6176
74 -33.0487 -71.6177
548 -33.0487 -71.6176
76 -33.0487 -71.6176
522 -33.0487 -71.6176
86 -33.0488 -71.6173
804 -33.0488 -71.6173
565 -33.0488 -71.6173
518 -33.0488 -71.6174
207 -33.0487 -71.6176
431 -33.0488 -71.6175
665 -33.0487 -71.6175
278 -33.0487 -71.6176
828 -33.0485 -71.6182
783 -33.0485 -71.6182
430 -33.0486 -71.618
481 -33.0485 -71.6182
457 -33.0485 -71.6184
614 -33.0485 -71.6183
727 -33.0485 -71.6183
363 -33.0486 -71.618
93 -33.0487 -71.6178
654 -33.0487 -71.6178
27 -33.0487 -71.6177
64 -33.0486 -71.6179
240 -33.0486 -71.6179
756 -33.0481 -71.6174
795 -33.0484 -71.617
329 -33.0489 -71.6169
864 -33.049 -71.6165
812 -33.0492 -71.6165
892 -33.0491 -71.6165
258 -33.049 -71.6166
656 -33.049 -71.6167
787 -33.049 -71.6167
721 -33.049 -71.6166
908 -33.049 -71.6165
750 -33.0492 -71.616
379 -33.0492 -71.616
524 -33.0492 -71.6157
164 -33.0491 -71.6162
180 -33.0491 -71.6165
428 -33.0491 -71.6163
539 -33.0491 -71.6162
545 -33.0489 -71.6165
320 -33.0485 -71.6168
860 -33.0485 -71.6167
946 -33.0487 -71.6164
465 -33.0482 -71.6152
651 -33.0481 -71.6156
58 -33.0481 -71.6155
805 -33.0481 -71.6153
932 -33.0482 -71.6152
974 -33.0483 -71.6145
777 -33.0486 -71.6135
801 -33.0486 -71.6134
336 -33.0483 -71.6145
439 -33.0482 -71.6151
817 -33.0483 -71.6149
894 -33.048 -71.6157
393 -33.048 -71.6174
128 -33.0478 -71.6173
178 -33.0477 -71.617
807 -33.0476 -71.6173
418 -33.0475 -71.6174
971 -33.0475 -71.6174
231 -33.0475 -71.6174
153 -33.0477 -71.6169
899 -33.0478 -71.6167
444 -33.0478 -71.6165
148 -33.0477 -71.6162
847 -33.0477 -71.6167
683 -33.0477 -71.6168
345 -33.0477 -71.6168
385 -33.0476 -71.6162
44 -33.0475 -71.6176
648 -33.0473 -71.618
538 -33.0474 -71.618
728 -33.0474 -71.6178
31 -33.0473 -71.6182
652 -33.0471 -71.6186
851 -33.0472 -71.6184
515 -33.0472 -71.6184
304 -33.0474 -71.6177
823 -33.0474 -71.6172
119 -33.0474 -71.6172
133 -33.0474 -71.6162
758 -33.0473 -71.6172
248 -33.0473 -71.6172
590 -33.0473 -71.6172
685 -33.0479 -71.6162
779 -33.048 -71.6159
342 -33.048 -71.6158
666 -33.048 -71.6157
719 -33.048 -71.6159
596 -33.0479 -71.616
947 -33.048 -71.616
920 -33.048 -71.6159
638 -33.048 -71.6157
969 -33.0477 -71.613
835 -33.0477 -71.613
744 -33.0477 -71.613
942 -33.0476 -71.6132
392 -33.0476 -71.6133
898 -33.0476 -71.6132
201 -33.0476 -71.6132
739 -33.0476 -71.6133
312 -33.0471 -71.6146
588 -33.0472 -71.6143
317 -33.0473 -71.614
241 -33.0471 -71.6147
75 -33.0469 -71.6161
634 -33.0469 -71.6161
96 -33.0471 -71.6147
526 -33.0473 -71.6139
915 -33.0475 -71.6134
902 -33.0475 -71.6134
338 -33.0476 -71.6133
766 -33.0474 -71.6137
996 -33.0471 -71.6133
749 -33.0471 -71.6133
423 -33.0499 -71.613
19 -33.0541 -71.6123
790 -33.0539 -71.6122
326 -33.0538 -71.6122
420 -33.0536 -71.6122
414 -33.0536 -71.6122
576 -33.0535 -71.6122
43 -33.0534 -71.6122
354 -33.0543 -71.6119
579 -33.0541 -71.6115
368 -33.0539 -71.6113
772 -33.0537 -71.6109
810 -33.0537 -71.6109
467 -33.0537 -71.6111
132 -33.0537 -71.6108
592 -33.0536 -71.6107
521 -33.0534 -71.6122
747 -33.0534 -71.6122
917 -33.053 -71.6121
523 -33.0526 -71.6121
298 -33.0523 -71.612
238 -33.052 -71.612
569 -33.0521 -71.6117
874 -33.0522 -71.6117
866 -33.0523 -71.6117
72 -33.0533 -71.6115
619 -33.0534 -71.611
259 -33.0533 -71.611
463 -33.0532 -71.6115
237 -33.0532 -71.6109
154 -33.0531 -71.6109
967 -33.0531 -71.6109
384 -33.0528 -71.6106
591 -33.0528 -71.6106
922 -33.0535 -71.6105
970 -33.0541 -71.6105
563 -33.0528 -71.6105
209 -33.0527 -71.6104
636 -33.0527 -71.6104
366 -33.0527 -71.6103
627 -33.0526 -71.6103
83 -33.0534 -71.6103
873 -33.0534 -71.6102
98 -33.0532 -71.6097
751 -33.0526 -71.6103
307 -33.0526 -71.6103
52 -33.0526 -71.6102
402 -33.0525 -71.6101
452 -33.0525 -71.6101
175 -33.0525 -71.61
61 -33.0523 -71.6098
12 -33.0523 -71.6097
927 -33.0522 -71.6096
35 -33.0521 -71.6095
773 -33.0521 -71.6095
274 -33.0521 -71.6095
679 -33.0521 -71.6095
190 -33.052 -71.6093
944 -33.052 -71.609
555 -33.052 -71.609
303 -33.052 -71.6091
676 -33.0519 -71.6092
219 -33.0519 -71.6091
424 -33.0519 -71.6092
305 -33.0518 -71.612
962 -33.0516 -71.612
51 -33.0514 -71.6119
811 -33.0513 -71.6119
642 -33.0513 -71.6119
556 -33.0513 -71.6119
675 -33.0513 -71.6119
782 -33.0513 -71.6119
505 -33.0517 -71.6118
26 -33.0517 -71.6118
192 -33.0518 -71.6118
571 -33.0515 -71.6114
733 -33.0513 -71.6117
173 -33.0514 -71.6116
214 -33.0514 -71.6114
120 -33.0512 -71.6119
737 -33.0511 -71.6122
2 -33.0511 -71.6122
187 -33.0512 -71.6121
242 -33.0511 -71.6124
14 -33.0511 -71.6129
480 -33.0511 -71.6127
910 -33.0511 -71.6126
276 -33.0512 -71.612
958 -33.0512 -71.6119
390 -33.0512 -71.6119
29 -33.0512 -71.6114
15 -33.0511 -71.6114
909 -33.0508 -71.6113
789 -33.0504 -71.6113
840 -33.0509 -71.6102
94 -33.0513 -71.6098
622 -33.0514 -71.6097
470 -33.0516 -71.6095
110 -33.0513 -71.6098
923 -33.051 -71.6101
32 -33.051 -71.6101
746 -33.0512 -71.6099
674 -33.0517 -71.6095
954 -33.0518 -71.6093
769 -33.0518 -71.6093
662 -33.0518 -71.6093
512 -33.0518 -71.609
825 -33.0517 -71.6094
378 -33.0517 -71.6094
797 -33.0517 -71.609
626 -33.051 -71.6101
137 -33.0508 -71.6102
316 -33.0507 -71.6102
158 -33.0508 -71.6102
846 -33.0507 -71.6102
167 -33.0505 -71.6102
22 -33.0507 -71.6102
681 -33.0506 -71.6102
575 -33.0506 -71.6102
981 -33.0504 -71.6101
603 -33.051 -71.6101
952 -33.0504 -71.6091
398 -33.0504 -71.6102
468 -33.0503 -71.6092
126 -33.0503 -71.6092
7 -33.0516 -71.609
748 -33.0545 -71.6085
474 -33.0544 -71.6085
291 -33.0544 -71.6085
63 -33.0537 -71.6085
925 -33.0536 -71.6085
886 -33.0536 -71.6085
280 -33.0537 -71.6085
677 -33.0543 -71.6085
808 -33.0543 -71.6085
300 -33.0546 -71.6085
528 -33.0548 -71.6083
281 -33.0541 -71.6085
419 -33.0537 -71.6085
331 -33.0539 -71.6085
491 -33.0538 -71.6085
159 -33.0536 -71.6085
112 -33.0536 -71.6085
606 -33.0535 -71.6085
876 -33.0534 -71.6085
525 -33.0534 -71.6085
903 -33.0533 -71.6085
672 -33.0532 -71.6084
581 -33.0531 -71.6084
311 -33.0531 -71.6084
977 -33.053 -71.6083
362 -33.0529 -71.6083
454 -33.0529 -71.6083
332 -33.0529 -71.6083
558 -33.0528 -71.6083
934 -33.0528 -71.6082
79 -33.0527 -71.6082
499 -33.0527 -71.6082
469 -33.0527 -71.6082
11 -33.0526 -71.6082
129 -33.0526 -71.6082
510 -33.0526 -71.6082
513 -33.0525 -71.6082
296 -33.0525 -71.6082
461 -33.0525 -71.6082
527 -33.0525 -71.6081
768 -33.0539 -71.606
147 -33.0538 -71.6048
441 -33.0547 -71.6045
870 -33.0537 -71.6048
196 -33.0525 -71.6069
924 -33.0525 -71.6048
90 -33.0529 -71.6047
335 -33.0524 -71.6081
400 -33.0524 -71.6081
929 -33.0524 -71.6081
411 -33.0523 -71.6081
657 -33.0523 -71.6081
223 -33.0523 -71.6081
700 -33.0523 -71.6081
473 -33.0523 -71.608
285 -33.0522 -71.608
212 -33.0522 -71.6078
705 -33.0522 -71.6078
477 -33.0522 -71.6077
221 -33.0522 -71.6048
858 -33.0522 -71.6076
168 -33.0522 -71.6075
613 -33.0522 -71.6081
46 -33.0521 -71.6087
506 -33.0521 -71.6085
40 -33.0521 -71.6085
857 -33.0521 -71.6088
848 -33.0516 -71.6089
472 -33.052 -71.6089
422 -33.052 -71.6089
225 -33.0521 -71.6085
912 -33.0522 -71.6081
535 -33.0522 -71.6081
438 -33.0522 -71.6076
888 -33.0519 -71.6081
833 -33.0516 -71.6082
282 -33.0517 -71.6082
740 -33.0518 -71.6081
478 -33.0515 -71.6083
49 -33.0512 -71.6086
843 -33.0509 -71.6085
503 -33.0509 -71.6085
256 -33.0508 -71.6085
183 -33.0504 -71.6089
261 -33.0508 -71.6085
601 -33.0508 -71.6085
224 -33.0507 -71.6085
715 -33.0511 -71.6085
723 -33.0514 -71.6083
937 -33.0514 -71.6083
984 -33.051 -71.6085
595 -33.0507 -71.6085
89 -33.0506 -71.6085
138 -33.0518 -71.6076
645 -33.0522 -71.6075
551 -33.0522 -71.6074
918 -33.0521 -71.607
980 -33.052 -71.607
878 -33.052 -71.6069
489 -33.052 -71.6069
458 -33.0519 -71.6067
664 -33.0519 -71.6065
156 -33.0519 -71.6065
540 -33.0519 -71.6065
593 -33.0518 -71.6064
73 -33.0518 -71.6064
421 -33.0517 -71.6063
557 -33.0517 -71.6062
227 -33.0517 -71.6062
532 -33.0517 -71.6061
228 -33.0513 -71.6075
753 -33.0513 -71.6075
381 -33.0517 -71.6061
350 -33.0511 -71.6074
62 -33.0511 -71.6074
502 -33.0507 -71.6057
752 -33.0506 -71.6057
966 -33.0506 -71.6057
706 -33.0515 -71.6056
78 -33.0516 -71.6052
169 -33.0507 -71.605
620 -33.0507 -71.605
181 -33.0506 -71.6057
815 -33.0503 -71.6056
211 -33.0503 -71.6092
403 -33.0499 -71.613
310 -33.0499 -71.6129
160 -33.0498 -71.6129
998 -33.0498 -71.6129
649 -33.0498 -71.6129
143 -33.0497 -71.6129
554 -33.0497 -71.6129
386 -33.0496 -71.6129
257 -33.0499 -71.6119
997 -33.05 -71.6113
375 -33.05 -71.6112
230 -33.0498 -71.6113
887 -33.0497 -71.6128
145 -33.0497 -71.6128
347 -33.0497 -71.6113
670 -33.0496 -71.6112
986 -33.0495 -71.6129
309 -33.0493 -71.6129
171 -33.0491 -71.6129
151 -33.0491 -71.6129
759 -33.0491 -71.6129
102 -33.049 -71.6129
108 -33.049 -71.6129
711 -33.0489 -71.6129
67 -33.049 -71.612
267 -33.0491 -71.6116
731 -33.0491 -71.6114
611 -33.0489 -71.6129
200 -33.0488 -71.6129
208 -33.0488 -71.6129
445 -33.0488 -71.6128
742 -33.0495 -71.6112
349 -33.0501 -71.6106
669 -33.0501 -71.6105
182 -33.0501 -71.6104
284 -33.0501 -71.6107
736 -33.0501 -71.6109
294 -33.0501 -71.6109
882 -33.0501 -71.6108
404 -33.0501 -71.6104
741 -33.0502 -71.6102
704 -33.0502 -71.6102
671 -33.0503 -71.6102
885 -33.0502 -71.6101
856 -33.0502 -71.6104
832 -33.0502 -71.6104
236 -33.0502 -71.6103
321 -33.0501 -71.611
371 -33.0495 -71.6112
813 -33.0493 -71.6112
905 -33.0492 -71.6112
397 -33.0489 -71.6112
776 -33.0489 -71.6112
245 -33.0488 -71.6112
720 -33.0487 -71.6112
357 -33.05 -71.6111
229 -33.05 -71.611
319 -33.05 -71.611
199 -33.05 -71.611
861 -33.0499 -71.61
395 -33.0493 -71.6099
8 -33.049 -71.6099
691 -33.0487 -71.6112
202 -33.0487 -71.6129
615 -33.0487 -71.6129
334 -33.0486 -71.6129
70 -33.0485 -71.6129
837 -33.0484 -71.6129
87 -33.0482 -71.6128
661 -33.0482 -71.6128
725 -33.0481 -71.6128
372 -33.0481 -71.6128
877 -33.048 -71.6128
265 -33.048 -71.6128
45 -33.0479 -71.6123
599 -33.0479 -71.6128
114 -33.0479 -71.6124
630 -33.0479 -71.6124
584 -33.0479 -71.6124
655 -33.0478 -71.6129
585 -33.0478 -71.6128
330 -33.0478 -71.6127
451 -33.0478 -71.6127
517 -33.0477 -71.6129
729 -33.0478 -71.6127
100 -33.0473 -71.6127
621 -33.0469 -71.6126
131 -33.0478 -71.6126
926 -33.0478 -71.6126
186 -33.0466 -71.6126
659 -33.0466 -71.6126
964 -33.0462 -71.6124
24 -33.0462 -71.6124
494 -33.0458 -71.6123
616 -33.0482 -71.6114
567 -33.0482 -71.6112
247 -33.0487 -71.6112
781 -33.0482 -71.6115
104 -33.048 -71.6119
965 -33.0481 -71.6116
552 -33.0481 -71.6115
806 -33.0487 -71.6112
410 -33.0485 -71.6112
875 -33.0485 -71.6111
215 -33.0487 -71.6098
264 -33.0484 -71.6111
359 -33.0484 -71.6111
667 -33.0483 -71.6111
289 -33.0482 -71.6111
490 -33.048 -71.6119
594 -33.0479 -71.6122
135 -33.0479 -71.6122
37 -33.048 -71.6121
275 -33.0471 -71.611
353 -33.0448 -71.6118
54 -33.0447 -71.6114
449 -33.047 -71.611
33 -33.046 -71.6108
798 -33.0457 -71.6098
249 -33.0458 -71.6098
486 -33.0458 -71.6098
288 -33.0457 -71.6098
865 -33.0456 -71.6098
4 -33.0455 -71.6098
814 -33.0459 -71.6098
324 -33.0501 -71.6091
785 -33.05 -71.6091
600 -33.0501 -71.6084
757 -33.0499 -71.6091
990 -33.0498 -71.6091
653 -33.0498 -71.6091
821 -33.0499 -71.6091
343 -33.0499 -71.6084
204 -33.0499 -71.6084
328 -33.0499 -71.6084
863 -33.0498 -71.6084
836 -33.0498 -71.6084
714 -33.0497 -71.6084
136 -33.0497 -71.6084
951 -33.0497 -71.6084
734 -33.0496 -71.6084
16 -33.0495 -71.6096
243 -33.0496 -71.6095
845 -33.0496 -71.6095
172 -33.0495 -71.6096
406 -33.0494 -71.6091
707 -33.0489 -71.6091
771 -33.0493 -71.6083
607 -33.0493 -71.6083
498 -33.0492 -71.6083
68 -33.0491 -71.6083
235 -33.0491 -71.6083
417 -33.049 -71.6083
125 -33.0489 -71.6083
233 -33.0489 -71.6083
306 -33.0489 -71.6083
71 -33.0489 -71.6083
690 -33.0501 -71.6072
471 -33.0498 -71.6071
369 -33.0496 -71.6071
56 -33.0496 -71.6071
460 -33.0496 -71.6071
624 -33.0493 -71.607
365 -33.0493 -71.607
957 -33.0497 -71.6065
382 -33.0501 -71.6055
673 -33.0501 -71.6055
770 -33.0501 -71.6055
293 -33.05 -71.6046
788 -33.0498 -71.6054
244 -33.0493 -71.6052
99 -33.0498 -71.6045
325 -33.0491 -71.607
82 -33.0489 -71.6083
738 -33.0489 -71.6083
437 -33.0488 -71.6083
993 -33.0488 -71.6066
185 -33.0486 -71.6082
287 -33.0488 -71.6067
103 -33.0488 -71.6067
975 -33.0486 -71.6066
564 -33.0489 -71.6048
358 -33.0488 -71.6047
1 -33.049 -71.6035
65 -33.0488 -71.6046
122 -33.0488 -71.6046
388 -33.0486 -71.6043
30 -33.0485 -71.6034
193 -33.0482 -71.6098
623 -33.0482 -71.6091
544 -33.0483 -71.6082
121 -33.0472 -71.6098
47 -33.0469 -71.6098
28 -33.0469 -71.6098
650 -33.0471 -71.6098
562 -33.0482 -71.6082
625 -33.0481 -71.6082
867 -33.0478 -71.6082
566 -33.0473 -71.6082
429 -33.0471 -71.6082
270 -33.0471 -71.6082
161 -33.047 -71.6082
914 -33.0468 -71.6081
995 -33.0467 -71.6098
824 -33.0461 -71.6098
928 -33.0462 -71.6098
663 -33.0463 -71.6098
459 -33.0461 -71.6098
702 -33.0459 -71.6098
3 -33.046 -71.6098
985 -33.0448 -71.6098
344 -33.0464 -71.6098
39 -33.0466 -71.6098
617 -33.0467 -71.6081
717 -33.0465 -71.6081
59 -33.046 -71.6081
695 -33.045 -71.6098
188 -33.046 -71.6081
568 -33.046 -71.6081
91 -33.0482 -71.608
658 -33.0482 -71.608
534 -33.0482 -71.608
839 -33.0482 -71.6066
203 -33.048 -71.6078
308 -33.0478 -71.6067
149 -33.0479 -71.6067
339 -33.0483 -71.6066
232 -33.0484 -71.6066
628 -33.0485 -71.6042
913 -33.0485 -71.6041
826 -33.0483 -71.6038
896 -33.0481 -71.6039
492 -33.0483 -71.6037
800 -33.0481 -71.6035
895 -33.0478 -71.6067
380 -33.046 -71.6081
791 -33.0477 -71.6075
536 -33.0474 -71.6075
618 -33.0458 -71.608
346 -33.0456 -71.608
162 -33.0449 -71.608
559 -33.0456 -71.6074
906 -33.0474 -71.6072
194 -33.0477 -71.6067
989 -33.0478 -71.6067
514 -33.0477 -71.6037
21 -33.0476 -71.6067
508 -33.0474 -71.6072
533 -33.0447 -71.6053
