142 -33.0546 -71.6225
497 -33.0546 -71.6224
647 -33.0547 -71.6224
85 -33.0546 -71.6225
176 -33.0544 -71.6228
550 -33.0545 -71.6227
66 -33.0545 -71.6226
5 -33.0547 -71.6223
703 -33.0547 -71.6222
38 -33.0548 -71.6221
315 -33.0548 -71.6221
226 -33.0547 -71.6223
115 -33.0547 -71.6223
796 -33.0547 -71.6223
890 -33.0547 -71.6223
940 -33.0544 -71.6228
786 -33.0543 -71.6244
829 -33.0543 -71.6243
979 -33.0543 -71.6242
589 -33.0541 -71.6244
987 -33.0536 -71.6245
25 -33.0538 -71.6245
598 -33.054 -71.6244
883 -33.0543 -71.6238
53 -33.0543 -71.6232
961 -33.0543 -71.6231
313 -33.0544 -71.623
479 -33.0543 -71.6233
109 -33.0543 -71.6236
217 -33.0543 -71.6234
697 -33.0543 -71.6233
500 -33.0549 -71.622
487 -33.0552 -71.6216
266 -33.0551 -71.6214
475 -33.057 -71.6183
253 -33.0551 -71.6214
260 -33.0551 -71.6217
930 -33.0551 -71.6213
177 -33.0551 -71.6212
407 -33.055 -71.618
189 -33.0554 -71.6179
765 -33.0554 -71.6175
413 -33.0554 -71.6174
367 -33.0554 -71.6179
978 -33.0551 -71.6178
582 -33.0552 -71.6178
963 -33.0553 -71.6177
678 -33.055 -71.6218
327 -33.0549 -71.622
880 -33.055 -71.6207
179 -33.0547 -71.6203
210 -33.0542 -71.62
377 -33.0542 -71.6199
134 -33.0541 -71.6184
816 -33.0542 -71.6184
881 -33.0542 -71.6184
370 -33.0548 -71.6184
408 -33.0549 -71.6184
537 -33.0549 -71.6182
255 -33.0547 -71.6184
376 -33.0543 -71.6184
549 -33.0545 -71.6184
301 -33.0536 -71.6185
710 -33.0536 -71.6245
92 -33.0536 -71.6245
698 -33.0534 -71.6188
754 -33.0534 -71.6188
409 -33.053 -71.6246
373 -33.0533 -71.6188
455 -33.0532 -71.6188
587 -33.0532 -71.6188
216 -33.0531 -71.6187
760 -33.053 -71.6187
809 -33.053 -71.6187
919 -33.0528 -71.6187
456 -33.0527 -71.6187
803 -33.0527 -71.6187
355 -33.0526 -71.6187
341 -33.0525 -71.6186
629 -33.0524 -71.6245
849 -33.0522 -71.6244
101 -33.051 -71.6229
633 -33.0506 -71.6212
447 -33.0506 -71.6211
34 -33.0503 -71.621
935 -33.0502 -71.6209
493 -33.0502 -71.6208
340 -33.0511 -71.6186
831 -33.0512 -71.6186
448 -33.0512 -71.6186
262 -33.051 -71.6186
732 -33.0502 -71.6205
399 -33.051 -71.6186
116 -33.051 -71.6186
434 -33.0524 -71.6186
69 -33.0535 -71.6186
844 -33.0523 -71.6186
761 -33.0523 -71.6186
838 -33.0523 -71.6186
973 -33.0522 -71.6185
198 -33.0522 -71.6185
713 -33.0521 -71.6185
775 -33.0521 -71.6185
361 -33.0535 -71.6185
42 -33.0536 -71.6185
542 -33.0536 -71.6185
891 -33.052 -71.6185
767 -33.052 -71.6185
466 -33.0519 -71.6184
547 -33.0518 -71.6184
166 -33.0514 -71.6184
687 -33.0512 -71.6185
495 -33.0514 -71.6184
323 -33.0513 -71.6184
632 -33.0505 -71.6184
144 -33.05 -71.6185
111 -33.0501 -71.6184
250 -33.0503 -71.6183
17 -33.0503 -71.6183
431 -33.051 -71.6182
727 -33.0504 -71.6179
614 -33.0503 -71.6179
393 -33.0501 -71.6178
163 -33.0501 -71.6183
852 -33.0501 -71.6183
668 -33.0556 -71.6172
560 -33.0562 -71.616
842 -33.0562 -71.616
483 -33.0562 -71.616
774 -33.0561 -71.6161
57 -33.0556 -71.6171
646 -33.0556 -71.6169
869 -33.0557 -71.6165
531 -33.0561 -71.616
501 -33.0561 -71.616
994 -33.0561 -71.6159
561 -33.0561 -71.6157
297 -33.056 -71.6156
124 -33.056 -71.6159
464 -33.0556 -71.6159
640 -33.0556 -71.6159
608 -33.0556 -71.6159
950 -33.0556 -71.6159
20 -33.0556 -71.6159
60 -33.0554 -71.6158
879 -33.0553 -71.6158
818 -33.0553 -71.6158
286 -33.0553 -71.6158
442 -33.0529 -71.6157
146 -33.0529 -71.6157
18 -33.0545 -71.6157
822 -33.0542 -71.6157
450 -33.0542 -71.6156
389 -33.0539 -71.6156
743 -33.0538 -71.6156
476 -33.0537 -71.6156
251 -33.0537 -71.6156
955 -33.0535 -71.6155
945 -33.0564 -71.615
872 -33.0564 -71.615
976 -33.0564 -71.615
482 -33.0563 -71.6151
686 -33.0549 -71.6151
991 -33.0563 -71.6151
948 -33.0563 -71.6151
118 -33.0565 -71.6149
19 -33.0564 -71.6124
790 -33.0562 -71.6124
326 -33.0561 -71.6123
420 -33.0559 -71.6123
917 -33.0553 -71.6124
579 -33.0553 -71.6124
368 -33.0551 -71.6124
523 -33.0549 -71.6124
726 -33.0535 -71.6155
279 -33.0534 -71.6155
123 -33.0534 -71.6155
602 -33.0533 -71.6155
693 -33.0532 -71.6155
107 -33.0532 -71.6155
520 -33.0532 -71.6155
269 -33.0531 -71.6155
127 -33.0546 -71.6149
467 -33.0546 -71.6127
298 -33.0546 -71.6124
619 -33.0544 -71.6126
762 -33.0535 -71.6142
154 -33.0542 -71.6123
105 -33.0529 -71.6138
271 -33.0529 -71.6159
150 -33.0526 -71.6158
580 -33.0529 -71.6158
641 -33.0525 -71.6157
290 -33.0522 -71.6157
488 -33.0523 -71.6156
819 -33.0523 -71.6156
730 -33.0515 -71.6156
907 -33.0529 -71.6138
405 -33.0529 -71.6138
446 -33.0524 -71.6135
403 -33.0522 -71.6134
546 -33.0513 -71.6156
423 -33.0522 -71.6133
145 -33.0519 -71.6132
254 -33.0511 -71.6156
117 -33.0511 -71.6156
292 -33.051 -71.6156
992 -33.0509 -71.6156
946 -33.0505 -71.6156
860 -33.0502 -71.6158
565 -33.0502 -71.6158
320 -33.0501 -71.6157
812 -33.0508 -71.6155
892 -33.0507 -71.6155
864 -33.0506 -71.6155
721 -33.0506 -71.6155
908 -33.0506 -71.6155
545 -33.0506 -71.6155
787 -33.0505 -71.6155
171 -33.0515 -71.6131
611 -33.0513 -71.6131
711 -33.0512 -71.6131
356 -33.0511 -71.6129
391 -33.0511 -71.6129
208 -33.0511 -71.6131
200 -33.0511 -71.6131
108 -33.0511 -71.6129
102 -33.0511 -71.6128
943 -33.0511 -71.6126
309 -33.0511 -71.6125
936 -33.0511 -71.6125
931 -33.0511 -71.6127
759 -33.0511 -71.6128
433 -33.0511 -71.6127
151 -33.0511 -71.6127
202 -33.051 -71.6131
615 -33.051 -71.6131
334 -33.0509 -71.6131
70 -33.0508 -71.6131
837 -33.0507 -71.6131
801 -33.0505 -71.613
87 -33.0505 -71.613
661 -33.0505 -71.613
725 -33.0504 -71.613
372 -33.0504 -71.613
877 -33.0503 -71.613
265 -33.0503 -71.613
599 -33.0501 -71.613
585 -33.0501 -71.613
655 -33.0501 -71.613
597 -33.05 -71.6186
716 -33.0494 -71.6194
412 -33.0499 -71.6188
999 -33.0495 -71.6187
694 -33.0494 -71.6193
799 -33.0494 -71.619
901 -33.0494 -71.6189
283 -33.0494 -71.6187
859 -33.0496 -71.6186
440 -33.0494 -71.6185
712 -33.0486 -71.618
900 -33.0486 -71.6179
529 -33.0486 -71.6181
213 -33.0486 -71.6181
897 -33.0486 -71.6181
130 -33.0486 -71.6181
263 -33.0485 -71.6182
889 -33.0484 -71.6187
573 -33.0484 -71.6187
206 -33.0484 -71.6186
170 -33.0483 -71.6189
605 -33.0481 -71.6191
113 -33.0482 -71.619
333 -33.0483 -71.6189
416 -33.0484 -71.6186
318 -33.0485 -71.6183
453 -33.0485 -71.6183
165 -33.0485 -71.6182
239 -33.0485 -71.6183
949 -33.0484 -71.6185
10 -33.0484 -71.6185
983 -33.0484 -71.6185
36 -33.0486 -71.6179
128 -33.0499 -71.6178
830 -33.0499 -71.6178
504 -33.0499 -71.6178
850 -33.0489 -71.617
572 -33.0488 -71.6172
612 -33.0489 -71.6171
884 -33.0489 -71.6171
688 -33.0489 -71.617
462 -33.0489 -71.6169
374 -33.049 -71.6168
77 -33.049 -71.6167
106 -33.0489 -71.6169
432 -33.0489 -71.617
302 -33.0489 -71.6169
574 -33.0489 -71.6169
13 -33.0488 -71.6173
631 -33.0487 -71.6177
854 -33.0487 -71.6176
834 -33.0487 -71.6176
660 -33.0487 -71.6178
394 -33.0486 -71.6178
868 -33.0487 -71.6178
692 -33.0487 -71.6178
904 -33.0488 -71.6176
364 -33.0488 -71.6175
191 -33.0488 -71.6174
273 -33.0488 -71.6174
586 -33.0488 -71.6175
174 -33.0487 -71.6175
652 -33.0484 -71.6169
639 -33.0481 -71.6191
205 -33.0474 -71.6225
938 -33.0474 -71.6224
139 -33.0474 -71.6224
820 -33.0474 -71.6224
277 -33.0474 -71.6223
322 -33.0474 -71.6222
802 -33.0474 -71.6222
735 -33.0474 -71.6222
755 -33.0475 -71.6205
55 -33.0475 -71.6205
722 -33.0476 -71.6202
939 -33.0474 -71.6207
696 -33.0474 -71.6221
484 -33.0474 -71.6209
9 -33.0474 -71.6208
911 -33.0474 -71.6209
516 -33.0473 -71.6219
222 -33.0473 -71.6219
764 -33.0473 -71.6212
718 -33.0472 -71.6217
360 -33.0472 -71.6217
80 -33.0472 -71.6213
485 -33.0472 -71.6213
220 -33.0463 -71.6211
509 -33.0473 -71.6211
583 -33.0473 -71.6211
88 -33.0466 -71.6203
982 -33.0464 -71.6208
784 -33.0463 -71.6211
988 -33.0464 -71.6209
610 -33.0476 -71.6202
157 -33.0479 -71.6195
763 -33.048 -71.6194
794 -33.048 -71.6193
708 -33.0478 -71.6198
152 -33.0476 -71.6202
511 -33.0477 -71.6199
635 -33.0477 -71.6199
383 -33.048 -71.6193
155 -33.0481 -71.6191
435 -33.0477 -71.6169
50 -33.0477 -71.6169
862 -33.0477 -71.617
140 -33.0476 -71.6172
853 -33.0476 -71.6172
941 -33.0476 -71.6171
530 -33.0476 -71.6202
644 -33.0472 -71.6202
427 -33.047 -71.6201
793 -33.0471 -71.6187
968 -33.047 -71.619
643 -33.0467 -71.6199
827 -33.0468 -71.6197
724 -33.0469 -71.6193
972 -33.0471 -71.6187
348 -33.0474 -71.6179
81 -33.0474 -71.6178
604 -33.0474 -71.6178
933 -33.0474 -71.618
553 -33.0473 -71.6181
48 -33.0473 -71.618
314 -33.0478 -71.6167
148 -33.0497 -71.6159
93 -33.0498 -71.6157
795 -33.0499 -71.6157
430 -33.0497 -71.6159
783 -33.0496 -71.6161
756 -33.0496 -71.616
385 -33.0496 -71.616
27 -33.0493 -71.6151
207 -33.0493 -71.6149
709 -33.0493 -71.6149
522 -33.0493 -71.6149
548 -33.0493 -71.615
74 -33.0493 -71.6151
278 -33.0493 -71.615
76 -33.0493 -71.615
654 -33.0493 -71.6151
496 -33.0492 -71.6165
75 -33.0492 -71.6165
457 -33.0492 -71.6158
680 -33.0491 -71.616
337 -33.0491 -71.6161
701 -33.0491 -71.6161
234 -33.0491 -71.6161
956 -33.0492 -71.6158
363 -33.0493 -71.6154
240 -33.0493 -71.6153
64 -33.0493 -71.6153
425 -33.0493 -71.6154
401 -33.0492 -71.6156
481 -33.0492 -71.6156
828 -33.0492 -71.6156
665 -33.0493 -71.6149
524 -33.0497 -71.613
517 -33.0499 -71.613
744 -33.0499 -71.6129
379 -33.0496 -71.6133
539 -33.0496 -71.6135
164 -33.0496 -71.6135
750 -33.0496 -71.6133
835 -33.0499 -71.6129
246 -33.0498 -71.6126
841 -33.0498 -71.6126
95 -33.0498 -71.6123
942 -33.0497 -71.6129
201 -33.0497 -71.6129
392 -33.0496 -71.6129
739 -33.0496 -71.6129
100 -33.0496 -71.6129
656 -33.0495 -71.6141
258 -33.0495 -71.6139
180 -33.0495 -71.6138
329 -33.0495 -71.6143
86 -33.0494 -71.6147
518 -33.0494 -71.6147
804 -33.0494 -71.6147
428 -33.0496 -71.6137
336 -33.0496 -71.6129
902 -33.0495 -71.6129
915 -33.0494 -71.6129
621 -33.0492 -71.6129
749 -33.0491 -71.6129
996 -33.0491 -71.6129
0 -33.0491 -71.6163
780 -33.0491 -71.6165
195 -33.0491 -71.6165
637 -33.0491 -71.6165
304 -33.0489 -71.6164
248 -33.0482 -71.6149
590 -33.0482 -71.6149
758 -33.0483 -71.6149
971 -33.0483 -71.6149
807 -33.0483 -71.6147
178 -33.0484 -71.6144
153 -33.0484 -71.6143
231 -33.0483 -71.6148
418 -33.0483 -71.6148
823 -33.0483 -71.6148
119 -33.0483 -71.6148
44 -33.0482 -71.6151
778 -33.0478 -71.6165
519 -33.0479 -71.6163
218 -33.0479 -71.6163
541 -33.0478 -71.6165
855 -33.0478 -71.6166
84 -33.0478 -71.6166
436 -33.0478 -71.6165
960 -33.0479 -71.6161
648 -33.0481 -71.6154
538 -33.0481 -71.6154
728 -33.0482 -71.6152
31 -33.0481 -71.6156
851 -33.048 -71.6158
515 -33.048 -71.6158
345 -33.0484 -71.6142
638 -33.0487 -71.6131
894 -33.0487 -71.613
651 -33.0487 -71.6129
666 -33.0487 -71.6131
920 -33.0486 -71.6133
779 -33.0486 -71.6133
342 -33.0487 -71.6132
58 -33.0487 -71.6129
805 -33.0489 -71.6129
186 -33.0489 -71.6129
659 -33.0489 -71.6129
439 -33.0488 -71.6125
588 -33.0487 -71.6129
465 -33.0488 -71.6126
932 -33.0488 -71.6126
719 -33.0486 -71.6133
899 -33.0485 -71.614
444 -33.0485 -71.6139
685 -33.0486 -71.6136
847 -33.0484 -71.6141
683 -33.0484 -71.6142
133 -33.0484 -71.6142
634 -33.0475 -71.6136
947 -33.0486 -71.6134
596 -33.0486 -71.6134
964 -33.0484 -71.6129
24 -33.0484 -71.6129
494 -33.048 -71.6128
353 -33.0469 -71.6126
54 -33.0465 -71.6125
747 -33.0557 -71.6123
414 -33.0559 -71.6123
521 -33.0557 -71.6123
576 -33.0557 -71.6123
43 -33.0557 -71.6123
354 -33.0557 -71.6123
238 -33.0543 -71.6123
591 -33.0544 -71.6122
563 -33.0545 -71.6122
209 -33.0544 -71.6121
636 -33.0544 -71.6121
366 -33.0544 -71.612
627 -33.0543 -71.612
307 -33.0543 -71.612
751 -33.0543 -71.6119
52 -33.0543 -71.6119
237 -33.0543 -71.6123
967 -33.0542 -71.6123
402 -33.0542 -71.6118
452 -33.0542 -71.6117
305 -33.0541 -71.6123
962 -33.0538 -71.6122
51 -33.0536 -71.6122
642 -33.0536 -71.6122
175 -33.0542 -71.6117
61 -33.054 -71.6114
12 -33.054 -71.6113
927 -33.0539 -71.6112
773 -33.0538 -71.6112
675 -33.0535 -71.6114
782 -33.0536 -71.6114
35 -33.0538 -71.6112
679 -33.0538 -71.6112
970 -33.0563 -71.6101
132 -33.0552 -71.6098
748 -33.0561 -71.6089
411 -33.0546 -71.6085
463 -33.0543 -71.6105
72 -33.0545 -71.6105
259 -33.0545 -71.6105
657 -33.0545 -71.6085
700 -33.0545 -71.6085
223 -33.0545 -71.6085
613 -33.0544 -71.6085
473 -33.0544 -71.6085
285 -33.0544 -71.6085
912 -33.0544 -71.6085
535 -33.0544 -71.6085
705 -33.0543 -71.6085
505 -33.0539 -71.6112
26 -33.0539 -71.6112
384 -33.0539 -71.6105
192 -33.0539 -71.6111
274 -33.0538 -71.6112
569 -33.0537 -71.6108
874 -33.0536 -71.6106
772 -33.0535 -71.6086
478 -33.0537 -71.6085
555 -33.0537 -71.6085
138 -33.0537 -71.6085
592 -33.0537 -71.6085
810 -33.0536 -71.6086
944 -33.0537 -71.6085
918 -33.0535 -71.6085
958 -33.0535 -71.6122
187 -33.0533 -71.6115
276 -33.0534 -71.6114
733 -33.0532 -71.6121
242 -33.0531 -71.6116
2 -33.0531 -71.6115
737 -33.0532 -71.6115
390 -33.0534 -71.6114
811 -33.0535 -71.6114
190 -33.0535 -71.6111
676 -33.0535 -71.6111
556 -33.0535 -71.6114
120 -33.0535 -71.6114
424 -33.0535 -71.6111
303 -33.0534 -71.611
173 -33.053 -71.6121
480 -33.0528 -71.6121
571 -33.0527 -71.6121
214 -33.0526 -71.6121
14 -33.0526 -71.6121
351 -33.0526 -71.6121
29 -33.0525 -71.6121
15 -33.0524 -71.6121
295 -33.0523 -71.612
97 -33.0524 -71.6117
578 -33.0525 -71.6117
910 -33.0528 -71.6116
299 -33.0521 -71.6117
197 -33.0521 -71.612
909 -33.0521 -71.612
512 -33.0533 -71.611
674 -33.0532 -71.6109
7 -33.0532 -71.6109
866 -33.0535 -71.6106
797 -33.0532 -71.6109
848 -33.0532 -71.6109
506 -33.053 -71.6108
40 -33.0529 -71.6108
49 -33.0528 -71.6105
212 -33.0526 -71.6102
980 -33.0535 -71.6085
219 -33.0535 -71.6085
603 -33.0526 -71.6102
601 -33.0525 -71.6101
224 -33.0525 -71.61
645 -33.0524 -71.61
89 -33.0524 -71.6099
551 -33.0524 -71.6099
681 -33.0524 -71.6099
22 -33.0523 -71.6098
575 -33.0523 -71.6098
228 -33.0522 -71.6096
600 -33.0521 -71.6094
885 -33.0521 -71.6094
204 -33.052 -71.6093
398 -33.0521 -71.6088
227 -33.0521 -71.6087
981 -33.0521 -71.6087
671 -33.052 -71.6088
704 -33.052 -71.6089
421 -33.052 -71.6089
167 -33.0521 -71.6085
469 -33.0548 -71.6084
129 -33.0548 -71.6084
934 -33.0549 -71.6083
11 -33.0548 -71.6084
513 -33.0547 -71.6084
296 -33.0548 -71.6084
510 -33.0548 -71.6084
558 -33.0549 -71.6083
362 -33.0551 -71.6081
977 -33.0552 -71.6081
311 -33.0552 -71.6081
454 -33.0551 -71.6082
499 -33.055 -71.6083
79 -33.055 -71.6083
332 -33.055 -71.6082
461 -33.0547 -71.6084
477 -33.0542 -71.6085
873 -33.0542 -71.6085
83 -33.0542 -71.6085
225 -33.0541 -71.6085
438 -33.0541 -71.6085
888 -33.054 -71.6085
858 -33.054 -71.6085
168 -33.054 -71.6085
929 -33.0546 -71.6085
400 -33.0547 -71.6085
527 -33.0547 -71.6084
335 -33.0546 -71.6085
922 -33.0539 -71.6085
740 -33.0539 -71.6085
857 -33.0539 -71.6085
581 -33.0553 -71.608
528 -33.057 -71.608
300 -33.0568 -71.608
474 -33.0566 -71.608
677 -33.0564 -71.608
808 -33.0564 -71.608
281 -33.0562 -71.6079
63 -33.0558 -71.6079
419 -33.0558 -71.6079
291 -33.0564 -71.6074
441 -33.057 -71.6046
147 -33.056 -71.6043
331 -33.056 -71.6075
925 -33.0558 -71.6079
491 -33.0559 -71.6076
870 -33.0559 -71.6043
768 -33.0558 -71.6046
886 -33.0557 -71.6079
280 -33.0558 -71.6078
159 -33.0557 -71.6078
876 -33.0555 -71.6078
672 -33.0553 -71.608
903 -33.0554 -71.6079
525 -33.0555 -71.6079
606 -33.0556 -71.6078
112 -33.0557 -71.6077
924 -33.0548 -71.6045
90 -33.0552 -71.6045
221 -33.0545 -71.6046
98 -33.054 -71.6074
196 -33.0542 -71.6054
46 -33.0539 -71.6085
422 -33.0538 -71.6085
282 -33.0538 -71.6085
833 -33.0538 -71.6085
472 -33.0537 -71.6085
723 -33.0535 -71.6085
878 -33.0534 -71.6085
662 -33.0534 -71.6085
489 -33.0534 -71.6085
954 -33.0534 -71.6085
769 -33.0534 -71.6085
378 -33.0533 -71.6084
458 -33.0533 -71.6084
715 -33.0532 -71.6084
825 -33.0532 -71.6084
753 -33.0532 -71.6084
664 -33.0532 -71.6084
984 -33.0531 -71.6084
156 -33.0531 -71.6084
540 -33.0531 -71.6084
470 -33.0531 -71.6084
62 -33.0531 -71.6084
503 -33.053 -71.6083
843 -33.053 -71.6083
73 -33.053 -71.6083
350 -33.053 -71.6083
261 -33.0529 -71.6083
622 -33.0529 -71.6083
557 -33.0528 -71.6083
846 -33.0522 -71.6083
316 -33.0522 -71.6083
381 -33.0528 -71.6083
532 -33.0528 -71.6082
110 -33.0527 -71.6082
94 -33.0527 -71.6082
746 -33.0526 -71.6082
32 -33.0524 -71.6081
923 -33.0523 -71.6081
626 -33.0523 -71.6081
706 -33.0523 -71.6081
937 -33.0528 -71.6066
620 -33.0526 -71.6048
78 -33.0536 -71.6047
169 -33.0526 -71.6048
840 -33.0523 -71.6081
690 -33.0522 -71.6079
256 -33.0523 -71.6071
183 -33.0522 -71.6081
137 -33.0522 -71.6082
158 -33.0522 -71.6082
952 -33.0522 -71.6081
328 -33.0521 -71.6081
468 -33.0521 -71.6081
126 -33.052 -71.6081
836 -33.052 -71.608
471 -33.0521 -71.6076
502 -33.0522 -71.6075
752 -33.0522 -71.6073
595 -33.0522 -71.6072
966 -33.0522 -71.6073
181 -33.0522 -71.6073
815 -33.0521 -71.607
741 -33.052 -71.6089
916 -33.052 -71.612
252 -33.0517 -71.612
577 -33.0517 -71.612
789 -33.0517 -71.612
387 -33.0517 -71.612
23 -33.0516 -71.612
272 -33.0515 -71.612
310 -33.0513 -71.6119
415 -33.0515 -71.6119
745 -33.0516 -71.6118
268 -33.0516 -71.6118
905 -33.0515 -71.6114
160 -33.0512 -71.6119
347 -33.0512 -71.6118
742 -33.0514 -71.6117
143 -33.0512 -71.612
386 -33.0511 -71.6121
649 -33.0512 -71.6119
998 -33.0512 -71.6119
986 -33.0511 -71.6123
141 -33.0511 -71.6123
507 -33.0499 -71.6116
609 -33.05 -71.6114
689 -33.05 -71.6113
41 -33.05 -71.611
552 -33.05 -71.611
616 -33.0501 -71.6109
959 -33.05 -71.6111
445 -33.05 -71.6112
965 -33.05 -71.6112
893 -33.05 -71.6111
6 -33.0501 -71.6108
813 -33.0508 -71.6102
397 -33.0504 -71.6102
731 -33.0505 -71.6102
267 -33.0504 -71.6101
806 -33.0502 -71.6102
245 -33.0503 -71.6102
691 -33.0502 -71.6101
720 -33.0503 -71.6101
375 -33.0514 -71.6097
997 -33.0514 -71.6097
357 -33.0515 -71.6096
230 -33.0512 -71.6099
257 -33.051 -71.6101
371 -33.051 -71.6101
670 -33.0511 -71.61
247 -33.0502 -71.6101
871 -33.0501 -71.6106
667 -33.0501 -71.6106
359 -33.0501 -71.6105
921 -33.0501 -71.6106
289 -33.0501 -71.6107
184 -33.0501 -71.6107
567 -33.0501 -71.6107
264 -33.0501 -71.6104
682 -33.0502 -71.6104
554 -33.0502 -71.6102
887 -33.0502 -71.6101
875 -33.0502 -71.6104
410 -33.0501 -71.6104
67 -33.0501 -71.6104
953 -33.0499 -71.6116
396 -33.0499 -71.612
699 -33.0499 -71.6119
426 -33.0499 -71.6119
543 -33.0499 -71.6121
684 -33.0498 -71.6123
792 -33.0498 -71.6122
352 -33.0499 -71.6121
443 -33.0499 -71.6119
570 -33.0499 -71.6118
104 -33.0499 -71.6113
490 -33.0498 -71.6113
37 -33.0497 -71.6112
135 -33.0497 -71.6112
594 -33.0496 -71.6112
777 -33.0495 -71.6112
630 -33.0495 -71.6112
817 -33.0489 -71.6123
974 -33.049 -71.6118
526 -33.0482 -71.6115
317 -33.0481 -71.6115
96 -33.0479 -71.6122
241 -33.0479 -71.6122
312 -33.048 -71.6121
45 -33.0495 -71.6112
584 -33.0494 -71.6112
114 -33.0494 -71.6112
275 -33.0494 -71.6112
926 -33.0493 -71.6112
766 -33.0482 -71.6112
449 -33.0493 -71.6112
131 -33.0492 -71.6112
330 -33.0491 -71.6112
729 -33.0491 -71.6112
781 -33.0495 -71.61
451 -33.0491 -71.6112
969 -33.0489 -71.6112
898 -33.0487 -71.6112
338 -33.0486 -71.6112
650 -33.0495 -71.6099
121 -33.0495 -71.6099
28 -33.0492 -71.6099
47 -33.0492 -71.6099
995 -33.0491 -71.6099
39 -33.0489 -71.6099
344 -33.0487 -71.6098
663 -33.0486 -71.6098
928 -33.0485 -71.6098
824 -33.0484 -71.6098
459 -33.0484 -71.6098
3 -33.0484 -71.6098
33 -33.0482 -71.6111
814 -33.0482 -71.6098
702 -33.0482 -71.6098
486 -33.0481 -71.6098
249 -33.048 -71.6098
798 -33.048 -71.6098
288 -33.048 -71.6098
865 -33.0479 -71.6098
4 -33.0478 -71.6098
985 -33.0472 -71.6098
695 -33.0472 -71.6098
229 -33.0515 -71.6096
343 -33.052 -71.6093
211 -33.052 -71.6093
863 -33.052 -71.6092
861 -33.0519 -71.6092
284 -33.0517 -71.6094
349 -33.0518 -71.6093
669 -33.0519 -71.6092
404 -33.0519 -71.6091
832 -33.0519 -71.6091
236 -33.052 -71.6091
593 -33.052 -71.609
182 -33.0519 -71.6091
856 -33.0519 -71.6091
324 -33.0518 -71.6091
734 -33.0518 -71.6091
882 -33.0517 -71.6094
294 -33.0516 -71.6095
736 -33.0517 -71.6094
821 -33.0517 -71.609
321 -33.0516 -71.6095
319 -33.0516 -71.6096
199 -33.0516 -71.6095
707 -33.0511 -71.609
771 -33.0515 -71.6089
607 -33.0515 -71.6088
498 -33.0514 -71.6087
68 -33.0514 -71.6087
235 -33.0514 -71.6087
233 -33.0512 -71.6086
437 -33.0512 -71.6086
738 -33.0512 -71.6086
82 -33.0511 -71.6086
714 -33.0519 -71.608
136 -33.0519 -71.608
369 -33.0519 -71.6076
951 -33.0518 -71.6081
990 -33.0516 -71.6082
785 -33.0517 -71.6081
757 -33.0517 -71.6081
460 -33.0519 -71.6076
382 -33.052 -71.6068
770 -33.052 -71.6068
673 -33.0519 -71.6067
788 -33.0518 -71.6065
56 -33.0518 -71.6076
99 -33.0517 -71.6048
293 -33.0518 -71.6047
653 -33.0516 -71.6082
243 -33.0511 -71.6085
845 -33.0511 -71.6085
125 -33.0512 -71.6084
306 -33.0511 -71.6086
172 -33.051 -71.6085
16 -33.0511 -71.6085
71 -33.0511 -71.6085
406 -33.0512 -71.6084
624 -33.0515 -71.6075
365 -33.0515 -71.6075
244 -33.0515 -71.6059
325 -33.0513 -71.6075
417 -33.0513 -71.6084
957 -33.0512 -71.6054
185 -33.0509 -71.6085
623 -33.0505 -71.6092
544 -33.0506 -71.6085
395 -33.0506 -71.6085
8 -33.0505 -71.6087
776 -33.0499 -71.6091
193 -33.05 -71.6091
215 -33.0504 -71.6091
562 -33.0505 -71.6085
91 -33.0504 -71.6085
625 -33.0504 -71.6085
534 -33.0504 -71.6085
658 -33.0504 -71.6085
203 -33.0501 -71.6084
867 -33.0501 -71.6084
791 -33.0497 -71.6084
566 -33.0496 -71.6084
536 -33.0495 -71.6084
429 -33.0494 -71.6084
270 -33.0494 -71.6083
161 -33.0494 -71.6083
906 -33.0492 -71.6083
508 -33.0492 -71.6083
914 -33.0491 -71.6083
617 -33.049 -71.6083
717 -33.0487 -71.6083
188 -33.0484 -71.6082
59 -33.0483 -71.6082
380 -33.0483 -71.6082
568 -33.0483 -71.6082
618 -33.0481 -71.6082
346 -33.0479 -71.6082
287 -33.0508 -71.6074
103 -33.0508 -71.6074
993 -33.0508 -71.6074
975 -33.0505 -71.6073
232 -33.0503 -71.6073
339 -33.0502 -71.6072
149 -33.0502 -71.6066
564 -33.0509 -71.6058
358 -33.0508 -71.6058
65 -33.0507 -71.6057
122 -33.0507 -71.6057
1 -33.0507 -71.605
388 -33.0505 -71.6057
628 -33.0504 -71.6056
913 -33.0502 -71.6056
30 -33.0501 -71.6047
839 -33.0501 -71.6072
895 -33.0497 -71.6071
989 -33.0497 -71.6071
308 -33.0497 -71.6071
559 -33.0474 -71.6082
162 -33.0472 -71.6082
21 -33.0496 -71.6071
194 -33.0495 -71.6071
492 -33.0498 -71.6054
896 -33.0497 -71.6054
826 -33.05 -71.6046
800 -33.0496 -71.6054
514 -33.0492 -71.6052
533 -33.0468 -71.6044
