961 -33.0543 -71.6243
313 -33.0543 -71.6242
940 -33.0543 -71.6241
176 -33.0543 -71.624
53 -33.0543 -71.6243
550 -33.0543 -71.6239
66 -33.0543 -71.6238
85 -33.0543 -71.6237
38 -33.0543 -71.6233
315 -33.0543 -71.6232
500 -33.0543 -71.6232
142 -33.0543 -71.6237
497 -33.0543 -71.6236
647 -33.0543 -71.6236
5 -33.0543 -71.6235
115 -33.0543 -71.6235
829 -33.0533 -71.6246
979 -33.0534 -71.6246
883 -33.0538 -71.6245
786 -33.0532 -71.6246
598 -33.053 -71.6246
589 -33.0531 -71.6246
25 -33.0528 -71.6246
109 -33.0539 -71.6245
890 -33.0543 -71.6235
796 -33.0543 -71.6235
226 -33.0543 -71.6234
703 -33.0543 -71.6234
217 -33.0541 -71.6244
697 -33.0541 -71.6244
479 -33.0541 -71.6244
327 -33.0543 -71.6231
930 -33.0546 -71.6224
177 -33.0547 -71.6223
880 -33.0549 -71.6219
253 -33.0546 -71.6224
260 -33.0544 -71.6228
487 -33.0545 -71.6226
266 -33.0546 -71.6224
179 -33.0552 -71.6214
210 -33.055 -71.6208
377 -33.055 -71.6207
413 -33.0548 -71.6184
765 -33.0548 -71.6184
963 -33.0546 -71.6184
367 -33.0546 -71.6184
189 -33.0546 -71.6184
678 -33.0544 -71.6229
376 -33.0534 -71.6188
881 -33.0533 -71.6188
549 -33.0535 -71.6186
816 -33.0533 -71.6188
134 -33.0532 -71.6188
301 -33.0527 -71.6187
42 -33.0527 -71.6187
255 -33.0536 -71.6185
407 -33.0541 -71.6184
582 -33.0544 -71.6184
978 -33.0543 -71.6184
537 -33.054 -71.6184
370 -33.0537 -71.6184
408 -33.0538 -71.6184
542 -33.0527 -71.6187
987 -33.0526 -71.6245
710 -33.0525 -71.6245
92 -33.0525 -71.6245
409 -33.052 -71.6244
849 -33.0517 -71.6252
629 -33.0518 -71.625
101 -33.0507 -71.6237
633 -33.0505 -71.6224
116 -33.0518 -71.6194
361 -33.0527 -71.6187
69 -33.0525 -71.6186
399 -33.0518 -71.6194
732 -33.0506 -71.6213
547 -33.051 -71.6187
891 -33.0512 -71.6186
493 -33.0505 -71.6217
447 -33.0504 -71.6223
34 -33.0504 -71.622
935 -33.0504 -71.6218
716 -33.05 -71.6204
694 -33.05 -71.6203
799 -33.0498 -71.6201
901 -33.0497 -71.62
283 -33.0496 -71.6199
440 -33.0496 -71.6198
632 -33.0498 -71.6187
250 -33.0497 -71.6186
999 -33.0496 -71.6198
859 -33.0495 -71.6196
163 -33.0495 -71.6188
852 -33.0495 -71.6188
17 -33.0496 -71.6186
698 -33.0523 -71.6186
754 -33.0523 -71.6186
373 -33.0522 -71.6185
455 -33.0522 -71.6185
587 -33.0521 -71.6185
216 -33.052 -71.6185
760 -33.052 -71.6185
809 -33.0519 -71.6184
919 -33.0518 -71.6184
456 -33.0517 -71.6184
803 -33.0516 -71.6184
355 -33.0516 -71.6184
341 -33.0515 -71.6184
761 -33.0513 -71.6184
844 -33.0513 -71.6184
434 -33.0513 -71.6184
713 -33.0512 -71.6185
973 -33.0512 -71.6184
198 -33.0512 -71.6184
775 -33.0512 -71.6186
166 -33.0506 -71.6184
262 -33.0501 -71.6184
323 -33.0505 -71.6184
838 -33.0512 -71.6184
687 -33.0502 -71.6183
767 -33.051 -71.6182
466 -33.0509 -71.6181
831 -33.0501 -71.6183
340 -33.0501 -71.6183
448 -33.0501 -71.6183
668 -33.055 -71.6181
475 -33.056 -71.618
482 -33.0562 -71.616
991 -33.0561 -71.616
560 -33.0556 -71.617
646 -33.0552 -71.6178
869 -33.0553 -71.6176
774 -33.0556 -71.6172
948 -33.0561 -71.6159
945 -33.0562 -71.6159
976 -33.0562 -71.6159
872 -33.0562 -71.6159
118 -33.0561 -71.6158
297 -33.0555 -71.6159
561 -33.0554 -71.6158
842 -33.0551 -71.6158
483 -33.0551 -71.6158
57 -33.055 -71.6179
251 -33.0529 -71.6159
476 -33.0529 -71.6159
955 -33.0527 -71.6158
726 -33.0527 -71.6158
279 -33.0526 -71.6158
123 -33.0526 -71.6158
531 -33.0551 -71.6158
501 -33.055 -71.6158
124 -33.0549 -71.6158
640 -33.0546 -71.6157
464 -33.0546 -71.6157
743 -33.0529 -71.6157
950 -33.0545 -71.6157
602 -33.0525 -71.6157
608 -33.0545 -71.6157
20 -33.0545 -71.6157
60 -33.0543 -71.6157
879 -33.0543 -71.6157
818 -33.0542 -71.6157
107 -33.0524 -71.6157
520 -33.0524 -71.6157
286 -33.0542 -71.6156
389 -33.0529 -71.6156
994 -33.0551 -71.6153
686 -33.054 -71.6145
127 -33.0536 -71.6143
18 -33.0534 -71.6155
822 -33.0532 -71.6155
450 -33.0531 -71.6155
762 -33.0525 -71.6136
693 -33.0524 -71.6156
146 -33.052 -71.6156
442 -33.052 -71.6156
269 -33.0523 -71.6156
580 -33.0519 -71.6156
271 -33.0519 -71.6156
150 -33.0516 -71.6156
641 -33.0515 -71.6156
356 -33.0519 -71.6132
105 -33.0519 -71.6132
405 -33.0519 -71.6132
907 -33.0519 -71.6132
931 -33.0518 -71.6131
943 -33.0517 -71.6131
936 -33.0516 -71.6131
446 -33.0514 -71.6131
495 -33.0505 -71.618
117 -33.0502 -71.6158
546 -33.0505 -71.6157
254 -33.0502 -71.6158
431 -33.05 -71.6178
292 -33.0502 -71.6158
992 -33.05 -71.6157
812 -33.05 -71.6157
819 -33.0512 -71.6156
488 -33.0512 -71.6156
290 -33.0511 -71.6156
403 -33.0511 -71.6131
892 -33.0499 -71.6157
730 -33.0505 -71.6155
423 -33.0511 -71.6131
864 -33.0498 -71.6157
545 -33.0498 -71.6157
721 -33.0498 -71.6157
908 -33.0498 -71.6157
787 -33.0497 -71.6158
946 -33.0497 -71.616
246 -33.0495 -71.6139
841 -33.0495 -71.6139
95 -33.0496 -71.6136
396 -33.0496 -71.6133
699 -33.0497 -71.6132
443 -33.0497 -71.6131
543 -33.0496 -71.6133
684 -33.0496 -71.6135
352 -33.0496 -71.6134
160 -33.0511 -71.6131
998 -33.051 -71.6131
649 -33.051 -71.6131
310 -33.0511 -71.6131
143 -33.0509 -71.6131
386 -33.0508 -71.6131
145 -33.0508 -71.6131
141 -33.0507 -71.6131
986 -33.0507 -71.6131
309 -33.0505 -71.613
151 -33.0504 -71.613
171 -33.0504 -71.613
433 -33.0503 -71.613
759 -33.0503 -71.613
102 -33.0502 -71.613
792 -33.0502 -71.613
391 -33.0502 -71.613
108 -33.0502 -71.613
611 -33.0502 -71.613
711 -33.0501 -71.613
200 -33.0501 -71.613
426 -33.0497 -71.6131
570 -33.0497 -71.613
208 -33.05 -71.613
202 -33.0499 -71.613
615 -33.0499 -71.6129
334 -33.0498 -71.6129
70 -33.0497 -71.6129
507 -33.0497 -71.6129
837 -33.0496 -71.6129
953 -33.0497 -71.6129
860 -33.0495 -71.6163
213 -33.0481 -71.6192
529 -33.0481 -71.6192
897 -33.0481 -71.6192
130 -33.0481 -71.6192
453 -33.048 -71.6194
165 -33.048 -71.6193
263 -33.048 -71.6193
712 -33.0481 -71.6192
412 -33.0494 -71.6191
692 -33.0482 -71.619
660 -33.0482 -71.619
394 -33.0482 -71.619
900 -33.0482 -71.619
36 -33.0482 -71.619
868 -33.0482 -71.619
318 -33.048 -71.6194
113 -33.0476 -71.6201
333 -33.0477 -71.62
170 -33.0477 -71.6199
605 -33.0476 -71.6202
383 -33.0475 -71.6204
639 -33.0476 -71.6202
155 -33.0476 -71.6202
889 -33.0478 -71.6197
10 -33.0479 -71.6196
983 -33.0479 -71.6196
239 -33.048 -71.6194
949 -33.0478 -71.6196
573 -33.0478 -71.6197
206 -33.0478 -71.6197
416 -33.0478 -71.6197
854 -33.0483 -71.6189
597 -33.0494 -71.6188
111 -33.0494 -71.6188
144 -33.0494 -71.6188
106 -33.0486 -71.6181
850 -33.0485 -71.6182
688 -33.0485 -71.6182
574 -33.0485 -71.6181
462 -33.0486 -71.6181
432 -33.049 -71.6181
302 -33.049 -71.6181
77 -33.0489 -71.6179
637 -33.0487 -71.6177
374 -33.0486 -71.6181
780 -33.0487 -71.6178
195 -33.0487 -71.6177
884 -33.0485 -71.6183
364 -33.0483 -71.6187
586 -33.0484 -71.6187
191 -33.0484 -71.6186
174 -33.0483 -71.6187
631 -33.0483 -71.6188
834 -33.0483 -71.6188
904 -33.0483 -71.6187
273 -33.0484 -71.6186
13 -33.0484 -71.6185
572 -33.0484 -71.6184
612 -33.0485 -71.6183
778 -33.0474 -71.6177
436 -33.0474 -71.6177
541 -33.0474 -71.6177
794 -33.0474 -71.6203
80 -33.0474 -71.6226
485 -33.0474 -71.6225
764 -33.0474 -71.6223
509 -33.0474 -71.6223
222 -33.047 -71.6228
718 -33.0472 -71.6228
360 -33.0472 -71.6228
583 -33.0474 -71.6223
911 -33.0474 -71.6221
484 -33.0474 -71.6221
939 -33.0474 -71.622
9 -33.0473 -71.6219
55 -33.0473 -71.6217
755 -33.0472 -71.6217
722 -33.0472 -71.6214
516 -33.047 -71.6228
277 -33.0467 -71.6229
802 -33.0467 -71.6229
322 -33.0467 -71.6229
938 -33.0466 -71.6229
205 -33.0465 -71.6229
820 -33.0466 -71.6229
139 -33.0466 -71.6229
735 -33.0468 -71.6229
696 -33.0469 -71.6228
982 -33.0459 -71.6219
88 -33.0462 -71.6215
988 -33.0459 -71.622
784 -33.0457 -71.6222
220 -33.0457 -71.6222
152 -33.0472 -71.6214
708 -33.0473 -71.6209
763 -33.0474 -71.6203
157 -33.0473 -71.6202
511 -33.0473 -71.6212
530 -33.0472 -71.6214
604 -33.047 -71.619
140 -33.0472 -71.6184
853 -33.0472 -71.6184
314 -33.0474 -71.6179
84 -33.0474 -71.6179
855 -33.0474 -71.6179
50 -33.0473 -71.618
941 -33.0473 -71.6183
862 -33.0473 -71.6182
435 -33.0473 -71.6181
81 -33.047 -71.619
724 -33.0466 -71.6205
968 -33.0467 -71.6202
610 -33.0467 -71.6202
644 -33.0465 -71.6207
643 -33.0463 -71.6211
827 -33.0464 -71.6209
427 -33.0464 -71.6208
635 -33.0469 -71.6201
48 -33.047 -71.6192
933 -33.047 -71.6192
348 -33.047 -71.619
553 -33.0469 -71.6193
793 -33.0467 -71.6199
972 -33.0467 -71.6199
727 -33.0493 -71.6176
614 -33.0492 -71.6176
393 -33.049 -71.6176
795 -33.0492 -71.6165
64 -33.049 -71.6166
363 -33.049 -71.6166
425 -33.049 -71.6166
240 -33.049 -71.6166
93 -33.0491 -71.6165
320 -33.0494 -71.6165
565 -33.0494 -71.6164
548 -33.0491 -71.6162
278 -33.0491 -71.6163
27 -33.0491 -71.6164
654 -33.0491 -71.6164
74 -33.0491 -71.6164
430 -33.049 -71.6167
830 -33.0488 -71.6176
128 -33.0489 -71.6176
234 -33.0488 -71.6173
680 -33.0488 -71.6173
504 -33.0488 -71.6176
337 -33.0488 -71.6174
701 -33.0488 -71.6173
956 -33.0489 -71.617
481 -33.049 -71.6168
828 -33.049 -71.6168
783 -33.049 -71.6168
401 -33.0489 -71.6169
457 -33.0489 -71.617
148 -33.0489 -71.6165
385 -33.0488 -71.6164
76 -33.0491 -71.6162
539 -33.0494 -71.6148
164 -33.0494 -71.6148
750 -33.0494 -71.6146
428 -33.0493 -71.6149
656 -33.0493 -71.6154
258 -33.0493 -71.6152
180 -33.0493 -71.615
379 -33.0494 -71.6145
524 -33.0495 -71.6143
801 -33.0494 -71.6129
87 -33.0494 -71.6129
661 -33.0494 -71.6129
725 -33.0493 -71.6129
372 -33.0493 -71.6129
877 -33.0493 -71.6129
329 -33.0492 -71.6155
518 -33.0492 -71.616
804 -33.0492 -71.616
86 -33.0492 -71.616
665 -33.0491 -71.6162
709 -33.0491 -71.6162
207 -33.0491 -71.6162
522 -33.0491 -71.6162
265 -33.0492 -71.6129
599 -33.0491 -71.6129
585 -33.049 -71.6129
655 -33.049 -71.6129
517 -33.0489 -71.6129
744 -33.0488 -71.6129
835 -33.0488 -71.6129
756 -33.0488 -71.6164
0 -33.0487 -71.6176
496 -33.0487 -71.6175
304 -33.0483 -71.6173
75 -33.0481 -71.6163
971 -33.0479 -71.6161
823 -33.0479 -71.616
119 -33.0479 -71.616
231 -33.0479 -71.616
345 -33.0481 -71.6154
133 -33.0481 -71.6154
847 -33.0481 -71.6153
683 -33.0481 -71.6154
807 -33.048 -71.6159
178 -33.0481 -71.6156
153 -33.0481 -71.6155
418 -33.0479 -71.6161
851 -33.0477 -71.617
515 -33.0477 -71.617
31 -33.0477 -71.6169
652 -33.0476 -71.6173
519 -33.0475 -71.6175
218 -33.0475 -71.6175
960 -33.0475 -71.6174
648 -33.0478 -71.6166
590 -33.0479 -71.6162
248 -33.0479 -71.6162
758 -33.0479 -71.6162
44 -33.0479 -71.6163
538 -33.0478 -71.6166
728 -33.0478 -71.6164
899 -33.0481 -71.6153
465 -33.0485 -71.6139
932 -33.0485 -71.6138
439 -33.0485 -71.6137
805 -33.0485 -71.6139
894 -33.0484 -71.6143
651 -33.0484 -71.6142
58 -33.0484 -71.6142
817 -33.0486 -71.6135
336 -33.0487 -71.6131
974 -33.0487 -71.6131
942 -33.0486 -71.6129
201 -33.0486 -71.6129
392 -33.0486 -71.6129
739 -33.0485 -71.6129
100 -33.0485 -71.6129
666 -33.0484 -71.6143
596 -33.0483 -71.6146
920 -33.0483 -71.6145
719 -33.0483 -71.6145
947 -33.0483 -71.6146
444 -33.0482 -71.6152
685 -33.0483 -71.6148
634 -33.0471 -71.6148
779 -33.0483 -71.6145
342 -33.0484 -71.6144
638 -33.0484 -71.6143
588 -33.0477 -71.613
312 -33.0476 -71.6133
96 -33.0475 -71.6134
241 -33.0476 -71.6133
902 -33.0484 -71.6129
19 -33.0553 -71.6124
790 -33.0551 -71.6124
326 -33.055 -71.6124
420 -33.0548 -71.6124
414 -33.0548 -71.6124
521 -33.0546 -71.6124
43 -33.0546 -71.6124
354 -33.0546 -71.6124
576 -33.0546 -71.6124
747 -33.0546 -71.6124
467 -33.0545 -71.6122
619 -33.0543 -71.6119
917 -33.0542 -71.6123
579 -33.0542 -71.6123
368 -33.0542 -71.6122
237 -33.0542 -71.6117
523 -33.0538 -71.6122
298 -33.0535 -71.6122
154 -33.0541 -71.6116
238 -33.0532 -71.6121
305 -33.053 -71.6121
962 -33.0528 -71.6121
26 -33.0529 -71.6116
967 -33.0541 -71.6116
866 -33.0535 -71.6114
384 -33.0539 -71.6112
591 -33.0539 -71.6112
874 -33.0534 -71.6114
505 -33.0529 -71.6116
192 -33.053 -71.6116
569 -33.0533 -71.6115
563 -33.0538 -71.6112
209 -33.0537 -71.6111
636 -33.0537 -71.6111
366 -33.0536 -71.6111
307 -33.0536 -71.6111
627 -33.0536 -71.6111
751 -33.0536 -71.6111
52 -33.0535 -71.6111
402 -33.0534 -71.611
463 -33.0537 -71.6108
132 -33.0544 -71.6105
970 -33.0553 -71.6104
259 -33.0536 -71.6107
452 -33.0534 -71.611
175 -33.0533 -71.611
72 -33.0536 -71.6107
873 -33.0533 -71.6089
61 -33.0531 -71.6109
12 -33.053 -71.6108
927 -33.0529 -71.6108
35 -33.0529 -71.6107
773 -33.0529 -71.6107
679 -33.0528 -71.6106
274 -33.0528 -71.6106
190 -33.0527 -71.6104
772 -33.0532 -71.6096
810 -33.0532 -71.6095
83 -33.0532 -71.609
592 -33.0531 -71.6094
424 -33.0527 -71.6103
922 -33.053 -71.6092
676 -33.0527 -71.6103
51 -33.0526 -71.6121
642 -33.0525 -71.6121
958 -33.0524 -71.6121
390 -33.0524 -71.6117
737 -33.0521 -71.6117
187 -33.0522 -71.6117
276 -33.0523 -71.6117
120 -33.0524 -71.6117
782 -33.0525 -71.6117
303 -33.0526 -71.6103
512 -33.0525 -71.6101
811 -33.0525 -71.6117
556 -33.0524 -71.6117
675 -33.0525 -71.6117
797 -33.0525 -71.61
2 -33.0521 -71.6117
733 -33.0521 -71.612
173 -33.052 -71.612
480 -33.0517 -71.612
571 -33.0517 -71.612
214 -33.0516 -71.612
14 -33.0515 -71.612
351 -33.0515 -71.612
29 -33.0514 -71.6119
910 -33.0517 -71.6118
242 -33.052 -71.6118
789 -33.0515 -71.6114
578 -33.0514 -71.6119
15 -33.0513 -71.6119
97 -33.0513 -71.6119
674 -33.0524 -71.61
7 -33.0524 -71.61
848 -33.0524 -71.61
506 -33.0523 -71.6098
40 -33.0523 -71.6098
49 -33.0521 -71.6095
603 -33.0519 -71.6092
212 -33.052 -71.6092
626 -33.0519 -71.6092
551 -33.052 -71.6088
110 -33.0521 -71.6088
94 -33.0521 -71.6088
746 -33.052 -71.6088
32 -33.0519 -71.6092
923 -33.0519 -71.6092
645 -33.052 -71.6089
840 -33.0518 -71.6093
575 -33.0516 -71.6095
681 -33.0516 -71.6095
22 -33.0516 -71.6095
167 -33.0516 -71.6095
671 -33.0514 -71.6097
398 -33.0514 -71.6097
981 -33.0514 -71.6097
846 -33.0517 -71.6094
137 -33.0518 -71.6093
601 -33.0518 -71.6091
224 -33.0518 -71.6091
158 -33.0518 -71.6093
316 -33.0517 -71.6094
89 -33.0517 -71.609
228 -33.0514 -71.6087
876 -33.0546 -71.6085
525 -33.0546 -71.6085
903 -33.0545 -71.6085
672 -33.0544 -71.6085
581 -33.0543 -71.6085
311 -33.0542 -71.6085
977 -33.0542 -71.6085
362 -33.0541 -71.6085
454 -33.0541 -71.6085
332 -33.054 -71.6085
499 -33.0539 -71.6085
79 -33.0539 -71.6085
934 -33.0539 -71.6085
558 -33.0539 -71.6085
469 -33.0538 -71.6085
129 -33.0538 -71.6085
527 -33.0536 -71.6085
461 -33.0537 -71.6085
513 -33.0537 -71.6085
98 -33.0536 -71.6086
929 -33.0536 -71.6085
335 -33.0536 -71.6085
400 -33.0535 -71.6085
411 -33.0535 -71.6085
296 -33.0537 -71.6085
510 -33.0538 -71.6085
11 -33.0538 -71.6085
657 -33.0535 -71.6085
700 -33.0534 -71.6085
223 -33.0534 -71.6085
613 -33.0533 -71.6085
473 -33.0534 -71.6085
281 -33.0552 -71.6081
677 -33.0554 -71.608
808 -33.0554 -71.608
331 -33.055 -71.6082
419 -33.0549 -71.6083
63 -33.0549 -71.6083
491 -33.055 -71.6083
291 -33.0554 -71.6079
528 -33.0559 -71.6079
300 -33.0557 -71.6078
441 -33.0559 -71.6043
748 -33.0556 -71.6078
474 -33.0555 -71.6079
870 -33.0548 -71.6045
147 -33.055 -71.6045
925 -33.0548 -71.6083
606 -33.0547 -71.6085
112 -33.0547 -71.6084
159 -33.0548 -71.6084
285 -33.0533 -71.6084
912 -33.0533 -71.6084
535 -33.0533 -71.6084
705 -33.0532 -71.6084
886 -33.0548 -71.6084
280 -33.0548 -71.6084
768 -33.0548 -71.6051
90 -33.0541 -71.6047
924 -33.0537 -71.6048
196 -33.0535 -71.6063
221 -33.0534 -71.6047
477 -33.0532 -71.6084
225 -33.0531 -71.6084
888 -33.053 -71.6083
438 -33.053 -71.6083
858 -33.053 -71.6083
168 -33.0529 -71.6083
740 -33.0529 -71.6083
46 -33.0528 -71.6083
857 -33.0528 -71.6083
282 -33.0528 -71.6083
422 -33.0527 -71.6083
833 -33.0527 -71.6082
472 -33.0527 -71.6082
555 -33.0527 -71.6082
478 -33.0527 -71.6082
138 -33.0527 -71.6082
944 -33.0526 -71.6082
219 -33.0525 -71.6082
918 -33.0525 -71.6082
980 -33.0525 -71.6082
723 -33.0524 -71.6081
622 -33.0521 -71.6086
470 -33.0522 -71.6083
825 -33.0522 -71.6082
715 -33.0522 -71.6081
662 -33.0524 -71.6081
489 -33.0524 -71.6081
878 -33.0524 -71.6081
954 -33.0523 -71.6081
984 -33.0522 -71.6081
595 -33.0518 -71.6081
769 -33.0523 -71.6081
458 -33.0523 -71.608
753 -33.0522 -71.608
540 -33.0522 -71.6079
664 -33.0522 -71.6079
378 -33.0522 -71.6081
156 -33.0522 -71.6079
62 -33.0522 -71.6078
593 -33.0522 -71.6078
350 -33.0522 -71.6077
73 -33.0522 -71.6077
78 -33.0525 -71.6048
421 -33.0522 -71.6076
937 -33.0522 -71.6075
557 -33.0522 -71.6075
227 -33.0522 -71.6075
381 -33.0522 -71.6074
843 -33.052 -71.608
532 -33.0522 -71.6074
706 -33.052 -71.6069
503 -33.052 -71.608
261 -33.0519 -71.6081
256 -33.0519 -71.608
690 -33.0514 -71.6075
502 -33.0518 -71.6063
181 -33.0517 -71.6061
620 -33.0517 -71.605
169 -33.0517 -71.605
752 -33.0517 -71.6061
966 -33.0517 -71.6061
815 -33.0515 -71.6059
382 -33.0513 -71.6059
268 -33.0511 -71.6127
745 -33.0511 -71.6126
387 -33.0511 -71.6126
252 -33.0511 -71.6126
272 -33.0511 -71.6128
415 -33.0511 -71.6128
23 -33.0511 -71.6126
577 -33.0511 -71.6125
299 -33.0512 -71.612
295 -33.0512 -71.6119
909 -33.0513 -71.6118
197 -33.0511 -71.6121
916 -33.0511 -71.6123
347 -33.051 -71.6114
742 -33.0508 -71.6113
905 -33.0504 -71.6113
6 -33.0499 -71.6121
184 -33.0499 -71.6119
921 -33.0499 -71.6119
41 -33.0498 -71.6123
689 -33.0498 -71.6125
893 -33.0498 -71.6124
959 -33.0498 -71.6123
871 -33.0499 -71.6118
554 -33.05 -71.6115
887 -33.05 -71.6114
245 -33.05 -71.6113
720 -33.05 -71.6113
682 -33.0499 -71.6117
806 -33.05 -71.6113
247 -33.0499 -71.6113
691 -33.0499 -71.6113
349 -33.051 -71.6101
669 -33.051 -71.6101
861 -33.0511 -71.61
284 -33.0509 -71.6102
882 -33.0509 -71.6102
294 -33.0508 -71.6102
736 -33.0508 -71.6102
404 -33.0511 -71.61
741 -33.0512 -71.6099
885 -33.0513 -71.6098
704 -33.0513 -71.6098
236 -33.0512 -71.6099
856 -33.0511 -71.61
182 -33.0511 -71.61
832 -33.0512 -71.6099
199 -33.0507 -71.6102
257 -33.0501 -71.6105
371 -33.0501 -71.6105
670 -33.0502 -71.6103
813 -33.0501 -71.6107
267 -33.05 -71.6112
397 -33.05 -71.6112
731 -33.05 -71.611
319 -33.0507 -71.6102
357 -33.0506 -71.6102
229 -33.0506 -71.6102
321 -33.0507 -71.6102
997 -33.0505 -71.6102
230 -33.0503 -71.6102
375 -33.0504 -71.6101
609 -33.0498 -71.6126
915 -33.0484 -71.6129
777 -33.0489 -71.6121
445 -33.0491 -71.6114
330 -33.0482 -71.6114
969 -33.0481 -71.6117
451 -33.0482 -71.6114
729 -33.0482 -71.6114
131 -33.0482 -71.6113
875 -33.0497 -71.6112
67 -33.0497 -71.6112
410 -33.0497 -71.6112
264 -33.0496 -71.6112
359 -33.0496 -71.6112
667 -33.0495 -71.6112
567 -33.0494 -71.6112
621 -33.0481 -71.6128
749 -33.0481 -71.6128
996 -33.048 -71.6128
186 -33.0478 -71.6128
659 -33.0478 -71.6128
317 -33.0478 -71.6127
964 -33.0474 -71.6127
24 -33.0474 -71.6127
494 -33.047 -71.6127
766 -33.0479 -71.6124
338 -33.048 -71.612
898 -33.048 -71.6119
526 -33.0478 -71.6127
353 -33.0458 -71.6123
54 -33.0455 -71.6122
289 -33.0494 -71.6112
616 -33.0492 -71.6112
552 -33.0491 -71.6112
781 -33.0491 -71.6112
965 -33.0491 -71.6112
104 -33.0488 -71.6112
490 -33.0487 -71.6112
37 -33.0486 -71.6112
135 -33.0486 -71.6112
594 -33.0485 -71.6112
776 -33.0494 -71.6101
193 -33.0494 -71.6099
45 -33.0484 -71.6111
630 -33.0484 -71.6111
121 -33.0484 -71.6098
650 -33.0484 -71.6098
584 -33.0483 -71.6111
926 -33.0482 -71.6112
114 -33.0483 -71.6111
275 -33.0483 -71.6111
449 -33.0482 -71.6111
33 -33.0472 -71.611
985 -33.0461 -71.6098
695 -33.0462 -71.6098
4 -33.0467 -71.6098
28 -33.0482 -71.6098
47 -33.0481 -71.6098
995 -33.048 -71.6098
798 -33.0469 -71.6098
865 -33.0468 -71.6098
288 -33.0469 -71.6098
249 -33.047 -71.6098
211 -33.0512 -71.6088
600 -33.0513 -71.6086
204 -33.0511 -71.6086
324 -33.0511 -71.609
821 -33.0511 -71.6092
343 -33.0511 -71.6086
863 -33.051 -71.6086
136 -33.051 -71.6086
468 -33.0511 -71.6085
126 -33.0511 -71.6085
328 -33.0511 -71.6085
836 -33.051 -71.6085
714 -33.0509 -71.6085
951 -33.0508 -71.6085
734 -33.0508 -71.6085
785 -33.0508 -71.6085
16 -33.0504 -71.6091
243 -33.0504 -71.609
845 -33.0504 -71.609
172 -33.0504 -71.6091
707 -33.0502 -71.6091
395 -33.0499 -71.6091
8 -33.0497 -71.6091
406 -33.0504 -71.6089
757 -33.0507 -71.6085
990 -33.0506 -71.6085
653 -33.0506 -71.6085
771 -33.0505 -71.6085
607 -33.0505 -71.6085
68 -33.0503 -71.6085
498 -33.0503 -71.6085
235 -33.0503 -71.6085
952 -33.0512 -71.6084
183 -33.0513 -71.6084
471 -33.051 -71.6074
369 -33.0508 -71.6074
460 -33.0508 -71.6074
56 -33.0508 -71.6074
624 -33.0505 -71.6073
365 -33.0504 -71.6073
673 -33.0513 -71.6059
770 -33.0512 -71.6059
293 -33.0511 -71.6052
788 -33.051 -71.6058
957 -33.0509 -71.6066
244 -33.0504 -71.6056
99 -33.051 -71.6051
417 -33.0503 -71.6085
125 -33.0502 -71.6085
233 -33.0501 -71.6084
82 -33.0501 -71.6084
738 -33.0501 -71.6084
437 -33.0501 -71.6084
306 -33.0501 -71.6084
71 -33.05 -71.6084
185 -33.0498 -71.6084
325 -33.0503 -71.6072
564 -33.0498 -71.6054
358 -33.0498 -71.6054
287 -33.0497 -71.6071
103 -33.0497 -71.6071
65 -33.0497 -71.6054
1 -33.0497 -71.6044
215 -33.0496 -71.6094
623 -33.0494 -71.6091
544 -33.0495 -71.6084
562 -33.0494 -71.6083
91 -33.0494 -71.6083
625 -33.0494 -71.6083
534 -33.0493 -71.6083
658 -33.0493 -71.6083
203 -33.049 -71.6083
867 -33.049 -71.6083
791 -33.0486 -71.6083
566 -33.0485 -71.6082
429 -33.0483 -71.6082
270 -33.0483 -71.6082
536 -33.0484 -71.6082
161 -33.0483 -71.6082
39 -33.0479 -71.6098
344 -33.0476 -71.6098
663 -33.0475 -71.6098
3 -33.0472 -71.6098
486 -33.047 -71.6098
814 -33.0471 -71.6098
702 -33.0471 -71.6098
459 -33.0473 -71.6098
914 -33.048 -71.6082
617 -33.0479 -71.6082
717 -33.0477 -71.6082
928 -33.0474 -71.6098
824 -33.0473 -71.6098
59 -33.0472 -71.6082
568 -33.0472 -71.6082
993 -33.0496 -71.6071
975 -33.0494 -71.6071
122 -33.0497 -71.6054
232 -33.0492 -71.607
339 -33.0491 -71.607
839 -33.049 -71.607
149 -33.0491 -71.6065
388 -33.0494 -71.6053
628 -33.0493 -71.6052
30 -33.0494 -71.6038
826 -33.0493 -71.6037
913 -33.0492 -71.6052
492 -33.0489 -71.6049
896 -33.0489 -71.6047
800 -33.0488 -71.6046
194 -33.0488 -71.6066
188 -33.0472 -71.6082
380 -33.0472 -71.6082
906 -33.0482 -71.608
618 -33.047 -71.6081
346 -33.0468 -71.6081
559 -33.0463 -71.6081
162 -33.0461 -71.6081
508 -33.0482 -71.6079
895 -33.0488 -71.6068
989 -33.0488 -71.6067
21 -33.0488 -71.6066
308 -33.0488 -71.6068
533 -33.0458 -71.6048
514 -33.0486 -71.6042
