145 -33.0629 -71.6156
179 -33.0631 -71.6155
271 -33.0646 -71.6154
448 -33.0627 -71.6157
930 -33.0622 -71.6158
908 -33.0622 -71.6158
171 -33.0626 -71.6157
619 -33.0644 -71.6153
290 -33.0638 -71.6152
754 -33.0641 -71.6152
978 -33.0627 -71.6151
495 -33.0626 -71.615
166 -33.0621 -71.6151
760 -33.0621 -71.6151
403 -33.0622 -71.6151
907 -33.0621 -71.6151
946 -33.0621 -71.6158
487 -33.0619 -71.6158
727 -33.0619 -71.6158
506 -33.0618 -71.6158
585 -33.0612 -71.616
597 -33.0613 -71.6159
128 -33.0615 -71.6158
393 -33.0617 -71.6158
327 -33.0616 -71.6158
614 -33.0611 -71.6155
838 -33.062 -71.6152
423 -33.061 -71.6154
446 -33.0608 -71.6155
456 -33.0609 -71.6154
803 -33.061 -71.6154
301 -33.0626 -71.615
466 -33.0631 -71.615
455 -33.0633 -71.6149
286 -33.0627 -71.6136
582 -33.0627 -71.6136
475 -33.0626 -71.615
14 -33.0627 -71.6136
958 -33.0627 -71.6136
531 -33.0639 -71.6133
238 -33.0639 -71.6133
118 -33.0639 -71.6133
52 -33.0629 -71.6132
489 -33.0627 -71.613
255 -33.0626 -71.6131
878 -33.0624 -71.6131
224 -33.0626 -71.6129
160 -33.0624 -71.6131
917 -33.0623 -71.6135
51 -33.0623 -71.6135
501 -33.0622 -71.6135
351 -33.0622 -71.6134
600 -33.0607 -71.6139
127 -33.0608 -71.6136
819 -33.061 -71.6134
994 -33.061 -71.6134
274 -33.061 -71.6134
762 -33.061 -71.6134
579 -33.0621 -71.6131
198 -33.061 -71.6134
809 -33.061 -71.6134
189 -33.061 -71.6134
483 -33.0607 -71.6139
904 -33.0604 -71.6163
611 -33.0604 -71.6156
154 -33.0607 -71.6155
100 -33.0603 -71.6156
739 -33.0602 -71.6143
148 -33.0602 -71.6143
711 -33.0603 -71.6143
945 -33.0603 -71.6143
431 -33.0605 -71.6141
61 -33.0606 -71.6141
467 -33.0606 -71.6141
767 -33.0605 -71.6142
49 -33.0603 -71.6142
7 -33.0604 -71.6142
262 -33.0605 -71.6141
279 -33.0602 -71.6143
130 -33.0599 -71.6165
593 -33.06 -71.6165
109 -33.06 -71.6165
749 -33.0598 -71.6147
964 -33.0596 -71.6166
830 -33.0597 -71.6147
698 -33.0597 -71.6147
549 -33.0597 -71.6146
367 -33.06 -71.6144
117 -33.0601 -71.6144
546 -33.0601 -71.6144
228 -33.06 -71.6144
726 -33.0597 -71.6145
204 -33.0598 -71.6145
89 -33.06 -71.6144
123 -33.0606 -71.6141
686 -33.0607 -71.614
424 -33.0607 -71.6139
615 -33.0602 -71.6134
751 -33.0601 -71.6134
580 -33.0601 -71.6134
756 -33.06 -71.6134
430 -33.06 -71.6133
177 -33.0601 -71.6132
134 -33.0604 -71.613
150 -33.0605 -71.6129
320 -33.0604 -71.6128
116 -33.0603 -71.613
93 -33.0602 -71.6131
795 -33.0603 -71.613
340 -33.0603 -71.613
783 -33.06 -71.6134
385 -33.0597 -71.6139
185 -33.0597 -71.6139
967 -33.0598 -71.6138
678 -33.0597 -71.6137
355 -33.0597 -71.6139
852 -33.0596 -71.6138
163 -33.0597 -71.6138
927 -33.0598 -71.6137
354 -33.0598 -71.6137
632 -33.0599 -71.6136
906 -33.0598 -71.6128
617 -33.0598 -71.6128
250 -33.0597 -71.6137
914 -33.0597 -71.6128
295 -33.0598 -71.6128
700 -33.0645 -71.6125
285 -33.0634 -71.6124
705 -33.0643 -71.6123
57 -33.0633 -71.6126
22 -33.0627 -71.6127
62 -33.0627 -71.6126
269 -33.0627 -71.6124
251 -33.0644 -71.6123
309 -33.0631 -71.6122
816 -33.0635 -71.6122
976 -33.0646 -71.6121
641 -33.0629 -71.6122
69 -33.0628 -71.6122
200 -33.0627 -71.6122
208 -33.0626 -71.6121
373 -33.0626 -71.612
366 -33.0622 -71.6126
324 -33.0625 -71.6121
738 -33.0617 -71.612
577 -33.0617 -71.612
233 -33.0616 -71.6121
599 -33.0617 -71.6121
437 -33.0617 -71.6121
202 -33.0626 -71.612
87 -33.0621 -71.612
607 -33.0621 -71.612
733 -33.0623 -71.612
661 -33.062 -71.612
341 -33.0618 -71.612
498 -33.062 -71.612
759 -33.0619 -71.612
674 -33.0633 -71.6119
370 -33.0643 -71.6115
408 -33.0643 -71.6115
407 -33.0637 -71.6112
387 -33.0632 -71.6112
347 -33.0631 -71.6113
561 -33.0631 -71.6112
209 -33.0631 -71.6112
523 -33.0639 -71.6112
480 -33.0649 -71.6109
413 -33.0649 -71.6108
473 -33.0648 -71.6105
482 -33.0648 -71.6105
11 -33.064 -71.6111
790 -33.064 -71.6108
499 -33.064 -71.6107
642 -33.063 -71.6113
837 -33.0622 -71.6119
789 -33.0629 -71.6117
986 -33.063 -71.6115
452 -33.0619 -71.6118
752 -33.0619 -71.6116
934 -33.0619 -71.6112
918 -33.0618 -71.611
297 -33.0618 -71.6108
146 -33.0618 -71.6108
474 -33.0618 -71.6108
43 -33.0618 -71.6106
818 -33.0618 -71.6105
740 -33.0617 -71.6107
537 -33.0617 -71.6105
655 -33.0616 -71.6121
575 -33.0609 -71.6124
275 -33.061 -71.6123
679 -33.061 -71.6123
534 -33.0609 -71.6124
203 -33.0608 -71.6126
996 -33.0608 -71.6125
449 -33.0608 -71.6125
864 -33.0611 -71.6123
201 -33.0613 -71.6122
942 -33.0613 -71.6122
693 -33.0613 -71.6122
392 -33.0612 -71.6122
863 -33.0611 -71.6123
892 -33.0611 -71.6122
992 -33.0612 -71.6122
623 -33.0607 -71.6126
860 -33.0605 -71.6128
666 -33.06 -71.6128
566 -33.0601 -71.6128
235 -33.06 -71.6128
33 -33.0599 -71.6128
70 -33.0599 -71.6128
414 -33.06 -71.6128
791 -33.0604 -71.6128
565 -33.0605 -71.6128
880 -33.0606 -71.6127
265 -33.0606 -71.6127
562 -33.0604 -71.6128
787 -33.0603 -71.6125
237 -33.0603 -71.6124
747 -33.0613 -71.6122
973 -33.0615 -71.6121
761 -33.0616 -71.6121
434 -33.0616 -71.6121
254 -33.0615 -71.6121
707 -33.0614 -71.6121
292 -33.0614 -71.6121
272 -33.0608 -71.612
844 -33.0611 -71.6118
12 -33.0612 -71.6115
903 -33.0614 -71.6107
458 -33.0615 -71.6107
627 -33.0609 -71.6115
252 -33.0605 -71.6116
307 -33.0607 -71.6116
771 -33.0608 -71.6116
603 -33.0605 -71.612
306 -33.0603 -71.6121
658 -33.0605 -71.6121
82 -33.0603 -71.6111
334 -33.0603 -71.6119
601 -33.0603 -71.6118
368 -33.0598 -71.6116
919 -33.06 -71.6116
815 -33.0603 -71.611
876 -33.0603 -71.611
998 -33.0602 -71.6106
190 -33.0602 -71.6104
770 -33.0599 -71.6106
877 -33.0597 -71.6106
909 -33.0598 -71.6106
773 -33.0596 -71.6148
494 -33.0591 -71.6168
949 -33.0595 -71.6167
659 -33.0593 -71.615
66 -33.059 -71.6152
91 -33.0586 -71.6167
961 -33.0586 -71.6155
636 -33.0586 -71.6149
703 -33.0594 -71.6149
962 -33.0596 -71.6148
191 -33.0588 -71.6148
313 -33.0588 -71.6148
273 -33.0588 -71.6148
488 -33.0588 -71.6148
174 -33.0588 -71.6148
652 -33.0587 -71.6148
697 -33.0585 -71.6147
708 -33.0585 -71.6173
786 -33.0584 -71.6165
867 -33.0584 -71.6164
382 -33.0584 -71.6164
983 -33.0584 -71.6163
10 -33.0584 -71.6163
979 -33.0584 -71.6163
165 -33.0583 -71.6159
364 -33.0585 -71.6155
900 -33.0584 -71.6148
712 -33.0585 -71.6148
529 -33.0584 -71.6148
536 -33.0583 -71.6157
105 -33.0583 -71.6148
721 -33.0583 -71.6148
504 -33.0595 -71.6147
107 -33.0594 -71.6142
497 -33.0593 -71.6141
734 -33.0595 -71.6141
226 -33.0593 -71.6142
421 -33.0593 -71.6143
24 -33.0593 -71.6143
890 -33.0593 -71.6142
304 -33.0594 -71.6141
405 -33.0595 -71.614
111 -33.0595 -71.614
38 -33.0595 -71.614
144 -33.0594 -71.614
195 -33.0594 -71.6141
315 -33.0594 -71.6141
75 -33.0594 -71.614
115 -33.0593 -71.6142
572 -33.059 -71.6146
450 -33.0591 -71.6145
176 -33.0591 -71.6145
859 -33.0589 -71.6147
692 -33.0586 -71.6147
13 -33.0589 -71.6147
797 -33.0586 -71.6146
884 -33.0591 -71.6145
574 -33.0591 -71.6145
106 -33.0591 -71.6144
142 -33.0592 -71.6144
545 -33.0589 -71.6139
512 -33.0586 -71.6144
175 -33.0584 -71.6139
343 -33.0583 -71.6151
511 -33.0582 -71.6175
409 -33.0582 -71.6174
161 -33.0582 -71.6157
883 -33.0582 -71.615
353 -33.058 -71.617
239 -33.058 -71.615
416 -33.058 -71.615
263 -33.0582 -71.615
829 -33.0579 -71.615
835 -33.0579 -71.6149
625 -33.0579 -71.6149
361 -33.0578 -71.6149
573 -33.0578 -71.6149
889 -33.0577 -71.6149
170 -33.0577 -71.6149
427 -33.0576 -71.618
516 -33.0567 -71.6183
509 -33.0574 -71.6182
988 -33.0556 -71.6159
205 -33.0555 -71.6159
820 -33.0555 -71.6159
277 -33.0554 -71.6159
938 -33.0554 -71.6158
764 -33.0561 -71.6156
629 -33.056 -71.6153
59 -33.0575 -71.6151
610 -33.0564 -71.615
911 -33.056 -71.6155
849 -33.056 -71.6155
644 -33.0559 -71.6153
54 -33.0576 -71.6149
323 -33.0582 -71.6148
377 -33.0577 -71.6145
885 -33.0577 -71.6144
333 -33.0576 -71.6149
598 -33.0575 -71.6149
812 -33.0576 -71.6149
181 -33.0576 -71.6149
476 -33.0581 -71.6144
68 -33.0581 -71.6144
948 -33.0582 -71.6142
551 -33.0582 -71.6142
713 -33.0581 -71.6144
429 -33.0578 -71.6139
5 -33.0578 -71.6139
17 -33.0578 -71.6139
113 -33.0575 -71.6149
380 -33.0575 -71.6149
850 -33.0575 -71.6149
618 -33.0574 -71.6149
605 -33.0574 -71.6149
639 -33.0574 -71.6149
155 -33.0574 -71.6149
635 -33.0566 -71.6149
25 -33.0573 -71.6149
987 -33.0571 -71.6148
763 -33.0571 -71.6148
157 -33.057 -71.6148
92 -33.057 -71.6148
794 -33.057 -71.6148
710 -33.057 -71.6148
453 -33.0575 -71.6139
500 -33.0596 -71.6138
916 -33.0591 -71.6135
399 -33.0591 -71.6135
402 -33.0591 -71.6136
496 -33.059 -71.6138
464 -33.0591 -71.6136
717 -33.059 -71.6135
102 -33.0591 -71.6135
730 -33.0593 -71.6129
19 -33.0594 -71.6129
266 -33.0595 -71.6128
801 -33.0592 -71.6128
950 -33.0591 -71.6134
687 -33.059 -71.6134
188 -33.059 -71.6129
822 -33.0589 -71.6133
891 -33.0588 -71.6135
412 -33.0586 -71.6135
668 -33.0586 -71.6133
211 -33.0585 -71.6137
571 -33.0584 -71.6138
881 -33.0583 -71.6134
18 -33.0584 -71.613
42 -33.0585 -71.613
758 -33.0588 -71.6129
742 -33.0589 -71.6128
386 -33.0589 -71.6127
124 -33.0588 -71.6129
346 -33.0585 -71.613
260 -33.0586 -71.613
44 -33.0586 -71.613
20 -33.0589 -71.6127
991 -33.0595 -71.6125
831 -33.0595 -71.6122
270 -33.0595 -71.6122
955 -33.0595 -71.612
23 -33.0592 -71.6126
303 -33.0591 -71.6125
676 -33.0591 -71.6122
298 -33.0593 -71.6116
743 -33.0595 -71.6109
902 -33.0595 -71.6107
706 -33.0594 -71.6105
216 -33.0594 -71.6116
563 -33.0593 -71.6116
187 -33.0592 -71.6112
765 -33.0592 -71.6104
775 -33.0591 -71.6106
29 -33.0588 -71.6126
905 -33.0588 -71.6121
560 -33.0588 -71.6117
568 -33.0585 -71.6124
197 -33.0585 -71.6124
805 -33.0584 -71.6117
151 -33.0584 -71.6117
372 -33.0583 -71.6113
388 -33.0588 -71.6113
259 -33.0589 -71.6112
748 -33.0589 -71.6112
547 -33.0588 -71.6113
558 -33.0584 -71.6106
920 -33.0587 -71.6105
27 -33.0583 -71.6106
521 -33.0583 -71.6134
688 -33.0582 -71.6132
963 -33.0582 -71.6131
53 -33.0582 -71.6138
85 -33.0581 -71.6134
940 -33.0581 -71.6134
848 -33.0581 -71.6133
550 -33.0582 -71.6131
227 -33.0582 -71.6131
872 -33.0583 -71.6127
645 -33.0583 -71.6127
647 -33.0582 -71.6128
508 -33.0581 -71.613
559 -33.0581 -71.613
796 -33.0582 -71.6128
999 -33.0581 -71.6136
389 -33.0579 -71.6139
479 -33.058 -71.6138
212 -33.0581 -71.6136
217 -33.0579 -71.6139
589 -33.0558 -71.6136
40 -33.0574 -71.6135
591 -33.0576 -71.6134
520 -33.0577 -71.6131
725 -33.058 -71.613
851 -33.0579 -71.6129
186 -33.0578 -71.6129
649 -33.0578 -71.6129
35 -33.0577 -71.6131
173 -33.0576 -71.6129
214 -33.0583 -71.6127
842 -33.0583 -71.6126
588 -33.0583 -71.6124
358 -33.0583 -71.6117
108 -33.0582 -71.6123
638 -33.0581 -71.6121
442 -33.058 -71.6119
683 -33.058 -71.6118
253 -33.058 -71.6115
621 -33.0582 -71.6113
606 -33.0583 -71.6113
821 -33.0581 -71.6108
278 -33.0581 -71.6104
15 -33.058 -71.6113
569 -33.0579 -71.6113
915 -33.058 -71.611
345 -33.0578 -71.6104
862 -33.0569 -71.6126
861 -33.0575 -71.6119
681 -33.0575 -71.6116
553 -33.0559 -71.6123
793 -33.0554 -71.6124
972 -33.0554 -71.6124
447 -33.0535 -71.6114
510 -33.0577 -71.6107
673 -33.0574 -71.6106
604 -33.0551 -71.6104
901 -33.0549 -71.6104
348 -33.0549 -71.6104
9 -33.0536 -71.6107
827 -33.0536 -71.6106
542 -33.0607 -71.6103
470 -33.0634 -71.6101
757 -33.0632 -71.61
326 -33.0645 -71.6099
63 -33.0632 -71.61
774 -33.0631 -71.61
282 -33.0632 -71.61
715 -33.0631 -71.6099
869 -33.0645 -71.6099
640 -33.0645 -71.6098
469 -33.0648 -71.6098
664 -33.0644 -71.6091
677 -33.0644 -71.6095
690 -33.0633 -71.6093
328 -33.0634 -71.6092
532 -33.0639 -71.6092
858 -33.063 -71.6099
882 -33.0626 -71.6098
646 -33.0624 -71.6096
471 -33.0626 -71.6096
879 -33.0623 -71.6096
581 -33.0617 -71.6103
576 -33.0617 -71.6103
310 -33.0616 -71.6103
294 -33.0625 -71.6096
741 -33.0627 -71.6092
624 -33.0623 -71.6091
952 -33.0623 -71.6091
422 -33.062 -71.6095
813 -33.0616 -71.6094
339 -33.0616 -71.6094
375 -33.0617 -71.6092
79 -33.0646 -71.609
438 -33.0642 -71.609
420 -33.064 -71.6089
723 -33.0642 -71.6087
944 -33.0637 -71.6088
183 -33.0634 -71.609
219 -33.0635 -71.6087
736 -33.0623 -71.6083
156 -33.0623 -71.6083
335 -33.064 -71.6083
225 -33.0632 -71.6077
369 -33.0628 -71.6077
350 -33.0625 -71.6082
60 -33.0623 -71.6082
608 -33.0624 -71.608
463 -33.0625 -71.608
103 -33.0622 -71.6084
788 -33.0621 -71.609
653 -33.0617 -71.609
731 -33.0615 -71.6089
215 -33.0614 -71.6089
71 -33.0614 -71.6089
245 -33.0614 -71.6089
806 -33.0614 -71.6089
232 -33.0618 -71.6087
72 -33.0622 -71.6085
714 -33.0619 -71.6084
199 -33.0622 -71.6078
419 -33.0617 -71.608
981 -33.0617 -71.6077
398 -33.0613 -71.6077
21 -33.0613 -71.6089
26 -33.061 -71.6103
839 -33.0611 -71.6098
94 -33.0612 -71.6098
415 -33.061 -71.6103
138 -33.0605 -71.6096
970 -33.0608 -71.6096
691 -33.061 -71.6093
871 -33.0609 -71.6089
194 -33.0612 -71.6089
682 -33.0611 -71.6089
192 -33.061 -71.6086
913 -33.061 -71.6089
921 -33.0609 -71.6089
667 -33.0609 -71.6088
289 -33.0608 -71.6088
73 -33.0605 -71.6093
886 -33.0602 -71.6103
305 -33.0601 -71.6101
97 -33.0603 -71.6101
376 -33.0598 -71.61
602 -33.0598 -71.61
517 -33.0594 -71.6099
895 -33.0596 -71.6098
391 -33.0595 -71.6098
866 -33.0596 -71.6098
626 -33.06 -71.6088
132 -33.06 -71.6088
141 -33.0595 -71.6098
587 -33.0595 -71.6098
143 -33.0595 -71.6098
461 -33.061 -71.6086
616 -33.0607 -71.6086
959 -33.0607 -71.6086
896 -33.0607 -71.6085
746 -33.0606 -71.6085
609 -33.0605 -71.6084
410 -33.0604 -71.6084
28 -33.0604 -71.6084
37 -33.0603 -71.6083
359 -33.0607 -71.608
753 -33.0607 -71.6079
264 -33.0605 -71.6078
594 -33.0604 -71.6077
39 -33.0602 -71.6083
570 -33.0604 -71.6077
630 -33.0603 -71.6077
332 -33.0602 -71.6083
242 -33.0601 -71.6083
490 -33.06 -71.6083
45 -33.0601 -71.6082
584 -33.06 -71.608
810 -33.0598 -71.6082
167 -33.0598 -71.6082
114 -33.06 -71.608
663 -33.0598 -71.6079
468 -33.0601 -71.6079
888 -33.0601 -71.6078
229 -33.0599 -71.6078
824 -33.0597 -71.6079
814 -33.0595 -71.6078
486 -33.0595 -71.6077
3 -33.0596 -71.6076
296 -33.0643 -71.6071
769 -33.0642 -71.6068
331 -33.0642 -71.6068
620 -33.0642 -71.6068
825 -33.0642 -71.6067
922 -33.0642 -71.6067
441 -33.0634 -71.6065
293 -33.0634 -71.6065
622 -33.0637 -71.6064
291 -33.0637 -71.6064
32 -33.0638 -71.6064
158 -33.0635 -71.6063
147 -33.0633 -71.6065
99 -33.0635 -71.6065
951 -33.0633 -71.6063
400 -33.0631 -71.6075
832 -33.0627 -71.6075
478 -33.0622 -71.6074
997 -33.0619 -71.6069
833 -33.0619 -71.6069
977 -33.0617 -71.6073
737 -33.0617 -71.6073
122 -33.0618 -71.607
662 -33.0619 -71.6068
672 -33.0625 -71.6068
592 -33.0623 -71.6062
287 -33.0623 -71.6062
720 -33.0615 -71.6067
808 -33.0612 -71.6068
381 -33.0611 -71.6066
785 -33.0613 -71.6064
112 -33.0632 -71.6062
261 -33.0642 -71.6061
870 -33.0648 -71.606
90 -33.0645 -71.6059
924 -33.064 -71.6061
669 -33.0629 -71.606
284 -33.0627 -71.6059
843 -33.0639 -71.6059
78 -33.0638 -71.6059
845 -33.0626 -71.6058
349 -33.0627 -71.6058
169 -33.0633 -71.6057
505 -33.0626 -71.6058
417 -33.0626 -71.6057
16 -33.0625 -71.6057
172 -33.0625 -71.6057
857 -33.0624 -71.6055
325 -33.0619 -71.6058
544 -33.0622 -71.6055
276 -33.0621 -71.6054
557 -33.0619 -71.6058
56 -33.0611 -71.6061
923 -33.0619 -71.6057
966 -33.0619 -71.6057
230 -33.0621 -71.6054
8 -33.062 -71.6053
30 -33.0619 -71.6052
826 -33.0618 -71.6052
910 -33.0617 -71.6051
578 -33.0614 -71.6048
267 -33.0614 -71.6048
836 -33.061 -71.606
965 -33.0608 -71.6075
502 -33.0607 -71.6074
365 -33.0607 -71.6071
556 -33.0607 -71.6075
912 -33.0602 -71.6072
281 -33.0602 -71.607
397 -33.0602 -71.6069
300 -33.0606 -71.6068
395 -33.0609 -71.6065
159 -33.0609 -71.6065
137 -33.0609 -71.6065
989 -33.0607 -71.6064
299 -33.0601 -71.6068
321 -33.0601 -71.6067
925 -33.0607 -71.6064
247 -33.0601 -71.6063
46 -33.0601 -71.6072
772 -33.0601 -71.6065
243 -33.0601 -71.6065
404 -33.0595 -71.6065
288 -33.0594 -71.6076
249 -33.0594 -71.6076
954 -33.0594 -71.6064
125 -33.0594 -71.6064
969 -33.0595 -71.6064
95 -33.0596 -71.6063
459 -33.0596 -71.6063
246 -33.0595 -71.6064
873 -33.0593 -71.6064
841 -33.0594 -71.6064
356 -33.0597 -71.6063
135 -33.0603 -71.6058
567 -33.0605 -71.6057
689 -33.0605 -71.6057
47 -33.0603 -71.6059
83 -33.0601 -71.6063
670 -33.0602 -71.6061
953 -33.0602 -71.6059
104 -33.0605 -71.6056
491 -33.061 -71.6055
184 -33.0608 -71.6053
67 -33.061 -71.6051
6 -33.0608 -71.6053
41 -33.0606 -71.6055
552 -33.0606 -71.6055
120 -33.0605 -71.6049
129 -33.0601 -71.6063
311 -33.06 -71.6062
443 -33.06 -71.6061
936 -33.06 -71.6061
411 -33.0599 -71.6062
352 -33.0599 -71.6062
344 -33.0599 -71.6062
396 -33.0599 -71.6062
543 -33.0601 -71.6061
926 -33.06 -71.6061
777 -33.0601 -71.6061
406 -33.0597 -71.6054
149 -33.0596 -71.6055
256 -33.0594 -71.6055
1 -33.0595 -71.6051
308 -33.0593 -71.6083
210 -33.0587 -71.6103
336 -33.0592 -71.6102
800 -33.0586 -71.6101
995 -33.0586 -71.6101
975 -33.0584 -71.6101
657 -33.0586 -71.6101
894 -33.0584 -71.6099
433 -33.0583 -71.6099
362 -33.0589 -71.6095
856 -33.0587 -71.6093
236 -33.0588 -71.6088
524 -33.0587 -71.6088
338 -33.0584 -71.6094
131 -33.0587 -71.6092
931 -33.0587 -71.6089
684 -33.0583 -71.609
180 -33.0583 -71.6101
745 -33.0582 -71.6101
65 -33.058 -71.6099
268 -33.058 -71.6099
540 -33.0575 -71.6103
384 -33.0577 -71.6102
337 -33.0574 -71.6101
162 -33.0576 -71.6096
74 -33.0579 -71.6095
875 -33.0583 -71.6092
454 -33.0582 -71.609
744 -33.0578 -71.6096
401 -33.0576 -71.6096
133 -33.0577 -71.6095
874 -33.0576 -71.6088
699 -33.0589 -71.6088
2 -33.0592 -71.6088
451 -33.0592 -71.6088
554 -33.0587 -71.6083
650 -33.0584 -71.6086
257 -33.0583 -71.6087
426 -33.0582 -71.6084
656 -33.0582 -71.6084
244 -33.058 -71.6083
779 -33.0582 -71.6081
719 -33.0582 -71.6081
675 -33.0584 -71.608
96 -33.0581 -71.6083
811 -33.0579 -71.6083
709 -33.0577 -71.6082
947 -33.0581 -71.6081
522 -33.0577 -71.6082
665 -33.0577 -71.6081
548 -33.0577 -71.6081
444 -33.0576 -71.6081
76 -33.0576 -71.6081
535 -33.0575 -71.6088
207 -33.0576 -71.6081
893 -33.0575 -71.6081
847 -33.0574 -71.6081
654 -33.0574 -71.6081
363 -33.0573 -71.6081
153 -33.0573 -71.6081
64 -33.0573 -71.6081
240 -33.0573 -71.6081
425 -33.0572 -71.608
828 -33.0572 -71.608
834 -33.0562 -71.6102
77 -33.0566 -71.6096
780 -33.0568 -71.6096
855 -33.056 -71.6103
81 -33.055 -71.6103
394 -33.056 -71.6103
660 -33.0557 -71.6094
314 -33.0557 -71.6094
31 -33.0564 -71.6088
440 -33.0545 -71.6085
206 -33.0546 -71.6085
283 -33.0543 -71.6085
48 -33.0542 -71.6085
933 -33.0542 -71.6085
383 -33.0539 -71.6085
694 -33.0539 -71.6085
802 -33.052 -71.6091
784 -33.052 -71.609
735 -33.052 -71.609
696 -33.0519 -71.6091
101 -33.0503 -71.6094
139 -33.0519 -71.6092
322 -33.0519 -71.6092
220 -33.052 -71.609
718 -33.0521 -71.6086
968 -33.0535 -71.6085
716 -33.0538 -71.6085
982 -33.0521 -71.6087
222 -33.052 -71.6089
633 -33.052 -71.6089
360 -33.0521 -71.6085
140 -33.0549 -71.6083
897 -33.055 -71.6082
213 -33.055 -71.6082
318 -33.0549 -71.6083
530 -33.0531 -71.6084
853 -33.0548 -71.6084
724 -33.0531 -71.6084
941 -33.055 -71.6082
481 -33.0572 -71.608
457 -33.0569 -71.608
634 -33.057 -71.608
807 -33.0569 -71.608
868 -33.0552 -71.6081
50 -33.0552 -71.6081
36 -33.0553 -71.608
152 -33.0531 -71.6084
722 -33.053 -71.6083
55 -33.053 -71.6083
755 -33.0527 -71.6083
88 -33.0522 -71.6082
34 -33.0522 -71.6083
485 -33.0522 -71.6082
80 -33.0522 -71.6082
939 -33.0527 -71.6082
732 -33.0526 -71.6082
643 -33.0526 -71.6082
484 -33.0525 -71.6082
583 -33.0523 -71.6081
935 -33.0522 -71.6082
493 -33.0522 -71.6081
956 -33.0569 -71.608
330 -33.0593 -71.608
846 -33.059 -71.6079
528 -33.059 -71.6079
817 -33.059 -71.6077
929 -33.0589 -71.6078
526 -33.0589 -71.6078
439 -33.0589 -71.6078
4 -33.0591 -71.6077
974 -33.0593 -71.6076
371 -33.0593 -71.6076
378 -33.0592 -71.6068
798 -33.0591 -71.6073
280 -33.0591 -71.6075
671 -33.0591 -71.6067
445 -33.0591 -71.6067
317 -33.0588 -71.6078
695 -33.0587 -71.6079
932 -33.0587 -71.6079
465 -33.0587 -71.6079
258 -33.0586 -71.6079
985 -33.0585 -71.6079
58 -33.0585 -71.6079
993 -33.0581 -71.6078
110 -33.0584 -71.6073
514 -33.0584 -71.6073
980 -33.0584 -71.6067
887 -33.0586 -71.6067
168 -33.0584 -71.6067
182 -33.0583 -71.6071
865 -33.0583 -71.6069
329 -33.0581 -71.6067
651 -33.0584 -71.6066
766 -33.059 -71.6065
898 -33.0593 -71.6064
702 -33.0593 -71.6064
704 -33.0588 -71.6066
555 -33.0587 -71.6066
126 -33.0588 -71.6066
164 -33.0587 -71.6066
527 -33.0592 -71.6063
513 -33.0591 -71.6063
221 -33.0591 -71.6054
781 -33.0591 -71.6053
525 -33.059 -71.6063
628 -33.0588 -71.6062
196 -33.0587 -71.6051
957 -33.0587 -71.6051
928 -33.0587 -71.6062
428 -33.0584 -71.6066
840 -33.0584 -71.6062
223 -33.0585 -71.6062
782 -33.0583 -71.6062
492 -33.0582 -71.6062
136 -33.0582 -71.6059
984 -33.0583 -71.6058
564 -33.0583 -71.6057
776 -33.0586 -71.6051
937 -33.0586 -71.6051
533 -33.0584 -71.6043
792 -33.0583 -71.6043
595 -33.0583 -71.6051
729 -33.0582 -71.6048
943 -33.058 -71.6062
231 -33.0569 -71.608
823 -33.0568 -71.608
418 -33.0568 -71.608
590 -33.0567 -71.608
680 -33.0567 -71.608
701 -33.0567 -71.608
728 -33.0566 -71.608
0 -33.0565 -71.608
750 -33.0579 -71.608
193 -33.0577 -71.6076
319 -33.0577 -71.6076
539 -33.0575 -71.6076
637 -33.0564 -71.608
538 -33.0564 -71.608
648 -33.0563 -71.608
462 -33.056 -71.6079
374 -33.056 -71.6079
515 -33.056 -71.6079
302 -33.056 -71.6079
854 -33.0555 -71.6079
436 -33.0554 -71.608
84 -33.0554 -71.6079
631 -33.0554 -71.6079
541 -33.0555 -71.6079
612 -33.0558 -71.6078
960 -33.0557 -71.6078
218 -33.0556 -71.6078
519 -33.0555 -71.6078
778 -33.0555 -71.6079
586 -33.0555 -71.6078
432 -33.0559 -71.6076
379 -33.0578 -71.6073
685 -33.0578 -71.6068
596 -33.0579 -71.6068
804 -33.0578 -71.6068
613 -33.0577 -71.6073
390 -33.0577 -71.6072
86 -33.0576 -71.6068
503 -33.0578 -71.6066
241 -33.0578 -71.6063
990 -33.058 -71.6062
477 -33.058 -71.6059
460 -33.0578 -71.6058
357 -33.0578 -71.6062
316 -33.0577 -71.6058
768 -33.0576 -71.6049
518 -33.0576 -71.6071
342 -33.0572 -71.6061
472 -33.0575 -71.6061
312 -33.0572 -71.606
178 -33.0571 -71.607
234 -33.0567 -71.6072
119 -33.0568 -71.6072
799 -33.053 -71.6064
435 -33.054 -71.6059
98 -33.0575 -71.6051
507 -33.0575 -71.6051
121 -33.0575 -71.6051
899 -33.056 -71.6043
971 -33.0554 -71.6048
248 -33.0555 -71.6047
