171 -33.0628 -71.6157
448 -33.0629 -71.6156
145 -33.0631 -71.6155
930 -33.0624 -71.6157
487 -33.0621 -71.6158
946 -33.0623 -71.6158
908 -33.0622 -71.6156
179 -33.0632 -71.6154
271 -33.0646 -71.6154
619 -33.0644 -71.6153
754 -33.0641 -71.6152
290 -33.064 -71.6151
403 -33.0622 -71.6151
978 -33.0627 -71.6151
495 -33.0626 -71.615
166 -33.0621 -71.6151
727 -33.0621 -71.6158
506 -33.062 -71.6158
393 -33.0619 -71.6158
327 -33.0617 -71.6158
585 -33.0614 -71.6159
597 -33.0615 -71.6158
128 -33.0617 -71.6158
446 -33.0608 -71.6155
838 -33.062 -71.6152
907 -33.0621 -71.6151
760 -33.0621 -71.6151
614 -33.0611 -71.6155
423 -33.061 -71.6154
456 -33.0609 -71.6154
803 -33.061 -71.6154
301 -33.0626 -71.615
466 -33.0631 -71.615
455 -33.0633 -71.6149
286 -33.0627 -71.6136
582 -33.0627 -71.6136
475 -33.0626 -71.615
14 -33.0627 -71.6136
958 -33.0627 -71.6136
531 -33.0639 -71.6133
238 -33.0639 -71.6133
118 -33.0639 -71.6133
52 -33.0629 -71.6132
489 -33.0628 -71.613
878 -33.0623 -71.6132
255 -33.0626 -71.6131
224 -33.0628 -71.613
917 -33.0623 -71.6135
51 -33.0623 -71.6135
501 -33.0622 -71.6135
351 -33.0622 -71.6134
994 -33.061 -71.6134
600 -33.0607 -71.6139
127 -33.0608 -71.6136
819 -33.061 -71.6134
809 -33.061 -71.6134
762 -33.061 -71.6134
160 -33.0622 -71.6133
579 -33.0621 -71.6131
274 -33.061 -71.6134
189 -33.061 -71.6134
198 -33.061 -71.6134
483 -33.0607 -71.6139
904 -33.0605 -71.6162
154 -33.0607 -71.6155
739 -33.0604 -71.6142
611 -33.0604 -71.6156
100 -33.0603 -71.6156
945 -33.0603 -71.6143
49 -33.0603 -71.6142
7 -33.0604 -71.6142
467 -33.0606 -71.6141
123 -33.0606 -71.6141
262 -33.0606 -71.614
61 -33.0606 -71.6141
148 -33.0604 -71.6142
767 -33.0605 -71.6142
431 -33.0605 -71.6141
711 -33.0603 -71.6143
130 -33.0601 -71.6164
109 -33.0602 -71.6164
593 -33.0602 -71.6164
749 -33.0599 -71.6146
964 -33.0598 -71.6165
830 -33.0598 -71.6146
549 -33.0597 -71.6146
726 -33.0597 -71.6145
117 -33.0601 -71.6144
546 -33.0601 -71.6144
279 -33.0602 -71.6143
367 -33.06 -71.6144
204 -33.0598 -71.6145
89 -33.06 -71.6144
228 -33.06 -71.6144
686 -33.0607 -71.614
424 -33.0607 -71.6139
751 -33.0601 -71.6134
615 -33.0602 -71.6134
580 -33.0601 -71.6134
632 -33.0601 -71.6135
783 -33.0601 -71.6133
756 -33.0601 -71.6132
430 -33.0602 -71.6132
134 -33.0604 -71.613
150 -33.0605 -71.6129
116 -33.0605 -71.6128
340 -33.0604 -71.6129
177 -33.0603 -71.6131
93 -33.0603 -71.613
795 -33.0604 -71.6129
70 -33.0599 -71.6128
967 -33.0598 -71.6138
927 -33.0598 -71.6137
354 -33.0598 -71.6137
500 -33.0597 -71.6137
355 -33.0597 -71.6139
385 -33.0597 -71.6139
185 -33.0597 -71.6139
852 -33.0597 -71.6137
250 -33.0598 -71.6135
906 -33.0599 -71.6128
914 -33.0599 -71.6128
295 -33.0598 -71.6128
163 -33.0598 -71.6136
678 -33.0598 -71.6136
617 -33.0599 -71.6128
700 -33.0645 -71.6125
705 -33.0644 -71.6125
251 -33.0645 -71.6125
285 -33.0634 -71.6124
57 -33.0633 -71.6126
269 -33.0627 -71.6124
200 -33.0627 -71.6124
208 -33.0627 -71.6123
309 -33.0633 -71.6122
816 -33.0637 -71.6122
976 -33.0646 -71.6121
641 -33.0631 -71.6122
69 -33.063 -71.6122
373 -33.0628 -71.6121
202 -33.0628 -71.6121
324 -33.0626 -71.6121
22 -33.0626 -71.6128
62 -33.0626 -71.6127
366 -33.0622 -71.6126
661 -33.0622 -71.612
761 -33.0618 -71.612
434 -33.0618 -71.612
655 -33.0618 -71.612
233 -33.0618 -71.612
87 -33.0623 -71.612
607 -33.0623 -71.612
498 -33.0622 -71.612
341 -33.0619 -71.612
437 -33.0619 -71.612
599 -33.0619 -71.612
738 -33.0619 -71.612
759 -33.0619 -71.612
370 -33.0644 -71.6114
408 -33.0645 -71.6114
407 -33.0637 -71.6112
674 -33.0633 -71.6119
209 -33.0631 -71.6112
347 -33.0632 -71.6112
387 -33.0632 -71.6112
523 -33.0639 -71.6112
480 -33.0648 -71.6107
413 -33.0648 -71.6106
473 -33.0648 -71.6105
482 -33.0648 -71.6105
11 -33.064 -71.6111
790 -33.064 -71.6108
499 -33.064 -71.6107
561 -33.0631 -71.6112
789 -33.0629 -71.6117
642 -33.063 -71.6113
986 -33.063 -71.6113
733 -33.0623 -71.612
837 -33.0622 -71.6119
752 -33.0619 -71.6118
452 -33.0619 -71.6118
934 -33.0619 -71.6112
918 -33.0618 -71.611
297 -33.0618 -71.6108
146 -33.0618 -71.6108
474 -33.0618 -71.6108
43 -33.0618 -71.6106
818 -33.0618 -71.6105
740 -33.0617 -71.6107
679 -33.061 -71.6123
534 -33.0611 -71.6123
863 -33.0611 -71.6123
449 -33.061 -71.6124
203 -33.0609 -71.6124
996 -33.061 -71.6124
575 -33.0609 -71.6124
275 -33.0612 -71.6122
392 -33.0614 -71.6121
201 -33.0614 -71.6121
942 -33.0614 -71.6121
892 -33.0613 -71.6122
864 -33.0612 -71.6122
693 -33.0613 -71.6122
747 -33.0613 -71.6122
623 -33.0608 -71.6125
566 -33.0603 -71.6128
562 -33.0604 -71.6128
791 -33.0605 -71.6127
33 -33.0601 -71.6128
414 -33.06 -71.6128
235 -33.06 -71.6128
666 -33.06 -71.6128
320 -33.0606 -71.6127
860 -33.0606 -71.6127
565 -33.0606 -71.6127
880 -33.0607 -71.6126
265 -33.0606 -71.6127
237 -33.0603 -71.6124
787 -33.0603 -71.6123
306 -33.0603 -71.6121
254 -33.0617 -71.6121
973 -33.0617 -71.6121
577 -33.0617 -71.612
292 -33.0616 -71.6121
707 -33.0616 -71.6121
992 -33.0611 -71.6121
272 -33.0608 -71.612
844 -33.0611 -71.6116
903 -33.0614 -71.6107
458 -33.0615 -71.6107
537 -33.0617 -71.6105
12 -33.0612 -71.6115
307 -33.0607 -71.6116
771 -33.0608 -71.6116
627 -33.0609 -71.6115
658 -33.0607 -71.612
603 -33.0605 -71.612
252 -33.0605 -71.6116
82 -33.0603 -71.6111
334 -33.0603 -71.6119
601 -33.0603 -71.6118
368 -33.0598 -71.6116
919 -33.06 -71.6116
815 -33.0603 -71.611
876 -33.0603 -71.611
998 -33.0602 -71.6106
190 -33.0602 -71.6104
770 -33.0599 -71.6106
877 -33.0597 -71.6106
909 -33.0598 -71.6106
698 -33.0597 -71.6147
494 -33.0593 -71.6167
949 -33.0596 -71.6166
659 -33.0593 -71.615
66 -33.0591 -71.6151
91 -33.0587 -71.6169
364 -33.0587 -71.6154
961 -33.0588 -71.6153
962 -33.0596 -71.6148
773 -33.0596 -71.6148
703 -33.0596 -71.6148
174 -33.0589 -71.6147
652 -33.0589 -71.6147
488 -33.0588 -71.6148
692 -33.0588 -71.6148
697 -33.0587 -71.6147
708 -33.0586 -71.6171
867 -33.0584 -71.6166
382 -33.0584 -71.6166
786 -33.0584 -71.6163
409 -33.0584 -71.6173
511 -33.0584 -71.6173
983 -33.0584 -71.6161
10 -33.0584 -71.6161
979 -33.0583 -71.616
636 -33.0586 -71.6149
712 -33.0586 -71.6147
900 -33.0586 -71.6147
529 -33.0586 -71.6147
883 -33.0583 -71.6149
263 -33.0583 -71.6149
721 -33.0583 -71.6148
273 -33.0589 -71.6146
504 -33.0596 -71.6146
24 -33.0595 -71.6141
405 -33.0595 -71.614
734 -33.0595 -71.6141
421 -33.0593 -71.6143
107 -33.0594 -71.6142
115 -33.0594 -71.6141
890 -33.0594 -71.614
144 -33.0595 -71.6139
315 -33.0596 -71.6139
75 -33.0596 -71.6139
195 -33.0595 -71.6139
226 -33.0595 -71.614
497 -33.0595 -71.614
304 -33.0595 -71.614
142 -33.0593 -71.6143
859 -33.059 -71.6145
450 -33.0591 -71.6145
572 -33.0591 -71.6145
13 -33.059 -71.6145
191 -33.0589 -71.6146
313 -33.059 -71.6146
797 -33.0586 -71.6146
512 -33.0586 -71.6144
884 -33.0592 -71.6143
574 -33.0592 -71.6143
106 -33.0592 -71.6143
176 -33.0592 -71.6143
545 -33.0589 -71.6139
175 -33.0584 -71.6139
536 -33.0583 -71.6159
161 -33.0583 -71.6158
165 -33.0583 -71.6157
343 -33.0583 -71.6151
353 -33.0582 -71.617
416 -33.0581 -71.615
829 -33.058 -71.615
573 -33.058 -71.615
889 -33.0579 -71.615
170 -33.0579 -71.615
239 -33.0582 -71.615
835 -33.0579 -71.6149
625 -33.0579 -71.6149
54 -33.0578 -71.6149
333 -33.0578 -71.6149
361 -33.0578 -71.6149
427 -33.0577 -71.6179
516 -33.0569 -71.6183
509 -33.0575 -71.618
988 -33.0558 -71.6159
205 -33.0557 -71.6159
820 -33.0556 -71.6159
277 -33.0556 -71.6159
938 -33.0555 -71.6159
764 -33.056 -71.6155
59 -33.0576 -71.6153
629 -33.0562 -71.6152
598 -33.0577 -71.6149
644 -33.0561 -71.6152
911 -33.056 -71.6153
849 -33.056 -71.6153
113 -33.0577 -71.6149
323 -33.0582 -71.6148
105 -33.0583 -71.6148
476 -33.0581 -71.6144
377 -33.0577 -71.6145
380 -33.0577 -71.6149
812 -33.0576 -71.6149
885 -33.0577 -71.6144
68 -33.0581 -71.6144
713 -33.0581 -71.6144
948 -33.0582 -71.6142
551 -33.0582 -71.6142
389 -33.0579 -71.6139
429 -33.0578 -71.6139
5 -33.0578 -71.6139
17 -33.0578 -71.6139
618 -33.0576 -71.6149
605 -33.0576 -71.6149
639 -33.0576 -71.6149
181 -33.0576 -71.6149
155 -33.0575 -71.6149
610 -33.0565 -71.6149
25 -33.0575 -71.6149
850 -33.0575 -71.6149
763 -33.0573 -71.6149
987 -33.0573 -71.6148
157 -33.0572 -71.6148
92 -33.0572 -71.6148
794 -33.0572 -71.6148
710 -33.0572 -71.6148
635 -33.0567 -71.6148
453 -33.0577 -71.6139
111 -33.0596 -71.6138
38 -33.0596 -71.6138
399 -33.0591 -71.6135
916 -33.0591 -71.6135
717 -33.0591 -71.6137
464 -33.0591 -71.6136
402 -33.0591 -71.6136
102 -33.0591 -71.6135
188 -33.0592 -71.6129
730 -33.0593 -71.6129
19 -33.0594 -71.6129
801 -33.0592 -71.6128
950 -33.0591 -71.6134
687 -33.059 -71.6134
758 -33.059 -71.6129
496 -33.059 -71.6138
891 -33.0588 -71.6135
412 -33.0588 -71.6134
822 -33.0589 -71.6133
668 -33.0586 -71.6133
571 -33.0584 -71.6138
211 -33.0585 -71.6137
18 -33.0584 -71.613
42 -33.0585 -71.613
742 -33.0589 -71.6128
386 -33.0589 -71.6127
20 -33.0589 -71.6127
124 -33.0588 -71.6129
260 -33.0586 -71.613
346 -33.0587 -71.613
44 -33.0588 -71.6129
23 -33.0592 -71.6126
266 -33.0595 -71.6126
991 -33.0595 -71.6125
831 -33.0595 -71.612
270 -33.0595 -71.612
303 -33.0591 -71.6125
676 -33.0591 -71.6122
955 -33.0595 -71.612
298 -33.0593 -71.6116
743 -33.0595 -71.6109
902 -33.0596 -71.6107
706 -33.0594 -71.6105
216 -33.0594 -71.6116
563 -33.0593 -71.6116
187 -33.0592 -71.6112
765 -33.0592 -71.6104
775 -33.0591 -71.6106
29 -33.0588 -71.6126
905 -33.0588 -71.6121
560 -33.0588 -71.6117
568 -33.0587 -71.6124
197 -33.0585 -71.6124
805 -33.0584 -71.6117
151 -33.0584 -71.6117
547 -33.0588 -71.6113
388 -33.059 -71.6112
748 -33.0589 -71.6112
920 -33.0589 -71.6105
259 -33.0589 -71.6112
27 -33.0584 -71.6106
558 -33.0584 -71.6106
881 -33.0583 -71.6134
53 -33.0583 -71.6137
521 -33.0583 -71.6134
963 -33.0582 -71.6131
940 -33.0582 -71.6132
999 -33.0581 -71.6134
85 -33.0581 -71.6134
848 -33.0581 -71.6133
227 -33.0582 -71.6131
559 -33.0583 -71.613
645 -33.0583 -71.6127
214 -33.0583 -71.6127
872 -33.0583 -71.6127
688 -33.0582 -71.613
550 -33.0582 -71.6129
647 -33.0582 -71.6126
508 -33.0581 -71.613
217 -33.058 -71.6138
212 -33.0581 -71.6136
479 -33.0581 -71.6136
520 -33.0577 -71.6131
589 -33.056 -71.6135
40 -33.0574 -71.6135
591 -33.0576 -71.6134
35 -33.0577 -71.6131
851 -33.0581 -71.613
725 -33.058 -71.613
186 -33.0578 -71.6129
649 -33.0578 -71.6129
173 -33.0576 -71.6129
862 -33.0571 -71.6127
796 -33.0582 -71.6126
842 -33.0583 -71.6126
588 -33.0583 -71.6124
358 -33.0583 -71.6117
108 -33.0582 -71.6123
638 -33.0581 -71.6121
442 -33.058 -71.6119
683 -33.058 -71.6118
15 -33.058 -71.6113
621 -33.0582 -71.6113
606 -33.0583 -71.6113
372 -33.0583 -71.6113
821 -33.0581 -71.6108
253 -33.058 -71.6113
915 -33.058 -71.611
278 -33.0581 -71.6104
569 -33.0579 -71.6113
861 -33.0575 -71.6119
681 -33.0575 -71.6116
510 -33.0577 -71.6107
553 -33.0561 -71.6123
793 -33.0556 -71.6123
972 -33.0556 -71.6123
447 -33.0537 -71.6113
345 -33.0578 -71.6106
673 -33.0574 -71.6106
604 -33.0553 -71.6104
540 -33.0575 -71.6103
348 -33.0551 -71.6104
9 -33.0535 -71.6105
827 -33.0536 -71.6105
886 -33.0602 -71.6103
470 -33.0634 -71.6101
757 -33.0632 -71.61
326 -33.0645 -71.6099
63 -33.0632 -71.61
774 -33.0631 -71.61
282 -33.0632 -71.61
715 -33.0631 -71.6099
858 -33.063 -71.6099
469 -33.0648 -71.6098
869 -33.0645 -71.6097
640 -33.0645 -71.6097
677 -33.0644 -71.6095
690 -33.0635 -71.6092
328 -33.0635 -71.6092
532 -33.0641 -71.6092
741 -33.0629 -71.6093
882 -33.0628 -71.6098
646 -33.0624 -71.6096
471 -33.0626 -71.6096
879 -33.0623 -71.6096
581 -33.0617 -71.6103
576 -33.0617 -71.6103
310 -33.0616 -71.6103
294 -33.0626 -71.6096
624 -33.0625 -71.6092
788 -33.0622 -71.6091
952 -33.0623 -71.6091
422 -33.062 -71.6095
339 -33.0618 -71.6094
813 -33.0618 -71.6094
375 -33.0617 -71.6092
79 -33.0646 -71.609
438 -33.0642 -71.609
664 -33.0644 -71.609
723 -33.0641 -71.6085
420 -33.064 -71.6089
183 -33.0635 -71.6089
944 -33.0637 -71.6088
219 -33.0635 -71.6087
156 -33.0623 -71.6083
335 -33.064 -71.6083
369 -33.0629 -71.6079
225 -33.0632 -71.6077
350 -33.0625 -71.6082
60 -33.0624 -71.608
463 -33.0625 -71.608
608 -33.0625 -71.6078
736 -33.0623 -71.6083
653 -33.0617 -71.609
731 -33.0617 -71.6089
245 -33.0616 -71.6089
806 -33.0615 -71.6089
215 -33.0614 -71.6089
71 -33.0614 -71.6089
21 -33.0614 -71.6089
232 -33.0619 -71.6085
72 -33.0622 -71.6085
103 -33.0622 -71.6084
199 -33.0622 -71.6078
714 -33.0619 -71.6084
419 -33.0617 -71.608
981 -33.0617 -71.6077
194 -33.0614 -71.6089
839 -33.0612 -71.61
94 -33.0612 -71.6098
691 -33.0611 -71.6093
26 -33.061 -71.6103
415 -33.061 -71.6103
542 -33.0608 -71.6103
970 -33.0608 -71.6096
871 -33.061 -71.6091
921 -33.0609 -71.609
682 -33.0612 -71.6089
913 -33.0612 -71.6089
289 -33.0609 -71.6089
667 -33.0609 -71.609
616 -33.0607 -71.6088
959 -33.0607 -71.6088
896 -33.0607 -71.6087
305 -33.0601 -71.6101
97 -33.0603 -71.6101
376 -33.0598 -71.61
602 -33.0598 -71.61
391 -33.0595 -71.6098
587 -33.0595 -71.6098
143 -33.0595 -71.6098
141 -33.0595 -71.6098
138 -33.0605 -71.6096
73 -33.0605 -71.6093
626 -33.06 -71.6088
132 -33.06 -71.6088
866 -33.0596 -71.6098
895 -33.0597 -71.6098
192 -33.061 -71.6086
461 -33.061 -71.6086
609 -33.0607 -71.6085
746 -33.0606 -71.6085
28 -33.0606 -71.6085
37 -33.0605 -71.6084
410 -33.0604 -71.6084
39 -33.0604 -71.6084
332 -33.0602 -71.6083
359 -33.0607 -71.608
753 -33.0607 -71.6079
594 -33.0606 -71.6077
570 -33.0606 -71.6077
45 -33.0603 -71.6083
264 -33.0605 -71.6078
630 -33.0605 -71.6077
468 -33.0601 -71.6079
242 -33.0601 -71.6083
584 -33.0601 -71.6082
114 -33.0601 -71.6081
490 -33.06 -71.6083
810 -33.0598 -71.6082
167 -33.0598 -71.6082
663 -33.06 -71.6081
824 -33.0599 -71.608
888 -33.0601 -71.6078
486 -33.0597 -71.6078
229 -33.0599 -71.6078
814 -33.0596 -71.608
288 -33.0595 -71.6077
249 -33.0595 -71.6077
398 -33.0613 -71.6077
296 -33.0643 -71.6071
769 -33.0642 -71.6068
331 -33.0642 -71.6068
620 -33.0642 -71.6068
825 -33.0642 -71.6067
922 -33.0642 -71.6067
441 -33.0634 -71.6065
293 -33.0634 -71.6065
622 -33.0637 -71.6064
291 -33.0637 -71.6064
32 -33.0639 -71.6062
99 -33.0637 -71.6064
147 -33.0633 -71.6065
951 -33.0634 -71.6064
112 -33.0632 -71.6062
400 -33.0631 -71.6075
832 -33.0629 -71.6074
478 -33.0622 -71.6074
122 -33.0619 -71.6069
997 -33.0619 -71.6069
977 -33.0617 -71.6073
737 -33.0617 -71.6073
833 -33.0619 -71.6069
662 -33.0619 -71.6068
672 -33.0625 -71.6068
592 -33.0623 -71.6062
287 -33.0622 -71.6061
720 -33.0617 -71.6065
808 -33.0612 -71.6068
785 -33.0613 -71.6064
56 -33.0611 -71.6061
158 -33.0636 -71.6061
870 -33.0648 -71.606
90 -33.0645 -71.6059
261 -33.0644 -71.6059
924 -33.064 -71.6061
669 -33.063 -71.6061
284 -33.0629 -71.606
845 -33.0628 -71.606
505 -33.0628 -71.6059
843 -33.0639 -71.6059
78 -33.0638 -71.6059
169 -33.0631 -71.6057
16 -33.0627 -71.6058
172 -33.0627 -71.6058
349 -33.0627 -71.6058
417 -33.0626 -71.6057
544 -33.0624 -71.6056
276 -33.0622 -71.6055
230 -33.0622 -71.6055
857 -33.0624 -71.6055
557 -33.0619 -71.6058
923 -33.0619 -71.6057
966 -33.0619 -71.6057
325 -33.0619 -71.6057
8 -33.0621 -71.6054
30 -33.0621 -71.6054
826 -33.062 -71.6053
910 -33.0618 -71.6052
267 -33.0616 -71.605
67 -33.0612 -71.605
578 -33.0615 -71.605
381 -33.0611 -71.6066
965 -33.061 -71.6074
502 -33.0607 -71.6074
365 -33.0607 -71.6071
556 -33.0607 -71.6075
912 -33.0602 -71.6072
281 -33.0602 -71.607
397 -33.0602 -71.6069
300 -33.0606 -71.6068
395 -33.0609 -71.6065
159 -33.0609 -71.6065
137 -33.0609 -71.6065
989 -33.0607 -71.6064
299 -33.0601 -71.6068
321 -33.0601 -71.6067
925 -33.0607 -71.6064
247 -33.0601 -71.6063
46 -33.0601 -71.6072
772 -33.0601 -71.6065
243 -33.0601 -71.6065
3 -33.0598 -71.6077
974 -33.0594 -71.6077
404 -33.0595 -71.6065
954 -33.0594 -71.6064
125 -33.0594 -71.6064
246 -33.0597 -71.6063
969 -33.0597 -71.6063
95 -33.0598 -71.6063
841 -33.0596 -71.6063
898 -33.0595 -71.6064
702 -33.0595 -71.6064
459 -33.0598 -71.6063
836 -33.061 -71.606
567 -33.0605 -71.6057
135 -33.0605 -71.6057
47 -33.0604 -71.6057
543 -33.0602 -71.606
777 -33.0603 -71.606
953 -33.0604 -71.6058
689 -33.0606 -71.6055
491 -33.061 -71.6055
6 -33.061 -71.6052
184 -33.061 -71.6051
552 -33.0607 -71.6054
104 -33.0606 -71.6055
41 -33.0607 -71.6054
120 -33.0603 -71.605
670 -33.0602 -71.6061
83 -33.0601 -71.6063
129 -33.0601 -71.6063
352 -33.0601 -71.6061
344 -33.06 -71.6061
356 -33.0599 -71.6062
311 -33.06 -71.6062
411 -33.0599 -71.6062
396 -33.0601 -71.6061
443 -33.0602 -71.606
936 -33.0602 -71.606
926 -33.0602 -71.606
406 -33.0597 -71.6054
149 -33.0596 -71.6055
1 -33.0595 -71.6051
256 -33.0594 -71.6055
210 -33.0589 -71.6102
336 -33.0592 -71.6102
800 -33.0586 -71.6101
995 -33.0586 -71.6101
975 -33.0584 -71.6101
657 -33.0586 -71.6101
894 -33.0584 -71.6099
517 -33.0594 -71.6099
362 -33.0589 -71.6095
236 -33.0588 -71.6088
699 -33.0589 -71.6088
856 -33.0587 -71.6093
338 -33.0584 -71.6094
131 -33.0587 -71.6092
931 -33.0587 -71.6089
433 -33.0583 -71.6099
180 -33.0583 -71.6101
745 -33.0582 -71.6101
65 -33.058 -71.6099
268 -33.058 -71.6099
384 -33.0577 -71.6102
337 -33.0576 -71.6101
162 -33.0578 -71.6097
401 -33.0578 -71.6096
875 -33.0583 -71.6092
454 -33.0582 -71.609
684 -33.0583 -71.609
74 -33.0581 -71.6095
744 -33.0578 -71.6096
133 -33.0579 -71.6095
874 -33.0576 -71.6088
524 -33.0589 -71.6088
451 -33.0593 -71.6088
2 -33.0592 -71.6088
650 -33.0584 -71.6086
257 -33.0583 -71.6087
426 -33.0582 -71.6084
96 -33.0582 -71.6084
656 -33.0582 -71.6084
554 -33.0587 -71.6083
308 -33.0593 -71.6083
675 -33.0584 -71.608
947 -33.0583 -71.608
244 -33.058 -71.6083
811 -33.0579 -71.6083
709 -33.0579 -71.6082
522 -33.0579 -71.6082
548 -33.0579 -71.6082
665 -33.0579 -71.6082
444 -33.0578 -71.6082
76 -33.0577 -71.6082
207 -33.0577 -71.6082
535 -33.0575 -71.6088
654 -33.0576 -71.6081
847 -33.0576 -71.6081
893 -33.0575 -71.6081
153 -33.0575 -71.6081
363 -33.0575 -71.6081
64 -33.0575 -71.6081
240 -33.0575 -71.6081
425 -33.0574 -71.6081
828 -33.0574 -71.6081
481 -33.0574 -71.6081
834 -33.0563 -71.6101
77 -33.0568 -71.6096
780 -33.057 -71.6095
394 -33.0562 -71.6102
901 -33.055 -71.6102
855 -33.0562 -71.6102
81 -33.0551 -71.6101
660 -33.0559 -71.6095
314 -33.0559 -71.6095
31 -33.0566 -71.6087
440 -33.0547 -71.6085
283 -33.0544 -71.6085
48 -33.0544 -71.6085
933 -33.0544 -71.6085
383 -33.0541 -71.6085
694 -33.0541 -71.6085
802 -33.052 -71.6089
784 -33.052 -71.6088
735 -33.0521 -71.6088
696 -33.052 -71.6089
101 -33.0504 -71.6092
322 -33.052 -71.609
139 -33.052 -71.609
220 -33.0521 -71.6088
968 -33.0536 -71.6085
716 -33.054 -71.6085
530 -33.0533 -71.6084
982 -33.0521 -71.6085
222 -33.0521 -71.6087
633 -33.0521 -71.6087
724 -33.0532 -71.6084
318 -33.055 -71.6082
140 -33.055 -71.6082
897 -33.0551 -71.6081
853 -33.055 -71.6083
152 -33.0532 -71.6084
722 -33.0532 -71.6084
206 -33.0548 -71.6084
213 -33.0552 -71.6081
634 -33.0571 -71.608
807 -33.0571 -71.608
956 -33.0571 -71.608
457 -33.0571 -71.608
941 -33.0552 -71.6081
231 -33.0571 -71.608
823 -33.057 -71.608
55 -33.0531 -71.6084
755 -33.0529 -71.6083
939 -33.0528 -71.6083
732 -33.0528 -71.6083
643 -33.0527 -71.6083
718 -33.0522 -71.6084
360 -33.0522 -71.6083
484 -33.0527 -71.6082
583 -33.0525 -71.6082
493 -33.0524 -71.6081
935 -33.0524 -71.6081
88 -33.0523 -71.6081
485 -33.0523 -71.6081
80 -33.0523 -71.6081
34 -33.0523 -71.6081
418 -33.057 -71.608
330 -33.0593 -71.608
846 -33.059 -71.6079
439 -33.0591 -71.6077
526 -33.059 -71.6077
528 -33.059 -71.6079
465 -33.0589 -71.6078
317 -33.0589 -71.6078
817 -33.0592 -71.6076
4 -33.0592 -71.6076
371 -33.0593 -71.6076
378 -33.0592 -71.6068
798 -33.0592 -71.6071
280 -33.0591 -71.6075
671 -33.0591 -71.6067
445 -33.0591 -71.6067
932 -33.0589 -71.6078
258 -33.0588 -71.6078
695 -33.0588 -71.6078
929 -33.0589 -71.6078
58 -33.0587 -71.6079
779 -33.0583 -71.608
719 -33.0584 -71.608
985 -33.0587 -71.6079
993 -33.0581 -71.6078
110 -33.0584 -71.6073
514 -33.0584 -71.6073
980 -33.0584 -71.6067
168 -33.0584 -71.6067
182 -33.0583 -71.6071
865 -33.0583 -71.6069
329 -33.0583 -71.6067
887 -33.0586 -71.6067
766 -33.0592 -71.6064
873 -33.0593 -71.6064
527 -33.0592 -71.6063
164 -33.0589 -71.6065
555 -33.0587 -71.6066
126 -33.0588 -71.6066
704 -33.0588 -71.6066
513 -33.0591 -71.6063
525 -33.059 -71.6063
781 -33.0593 -71.6054
221 -33.0591 -71.6054
628 -33.0588 -71.6062
928 -33.0587 -71.6062
196 -33.0587 -71.6051
957 -33.0587 -71.6051
776 -33.0586 -71.6051
651 -33.0586 -71.6066
428 -33.0586 -71.6066
223 -33.0585 -71.6062
840 -33.0584 -71.6062
782 -33.0583 -71.6062
492 -33.0582 -71.6062
136 -33.0582 -71.6059
984 -33.0583 -71.6058
937 -33.0586 -71.6051
792 -33.0585 -71.6042
533 -33.0585 -71.6042
729 -33.0584 -71.6049
564 -33.0583 -71.6057
595 -33.0583 -71.6051
596 -33.0581 -71.6067
680 -33.0569 -71.608
701 -33.0569 -71.608
590 -33.0569 -71.608
728 -33.0568 -71.608
0 -33.0567 -71.608
637 -33.0566 -71.608
648 -33.0564 -71.608
538 -33.0565 -71.608
750 -33.0579 -71.608
193 -33.0577 -71.6076
319 -33.0577 -71.6076
539 -33.0575 -71.6076
462 -33.0562 -71.608
374 -33.0562 -71.608
515 -33.0562 -71.608
302 -33.0562 -71.6079
612 -33.0559 -71.6079
960 -33.0559 -71.6079
218 -33.0558 -71.6078
436 -33.0555 -71.6078
868 -33.0553 -71.608
50 -33.0554 -71.608
36 -33.0554 -71.6079
519 -33.0557 -71.6078
778 -33.0556 -71.6078
854 -33.0556 -71.6078
586 -33.0556 -71.6077
541 -33.0556 -71.6078
84 -33.0556 -71.6078
631 -33.0556 -71.6078
432 -33.0561 -71.6075
379 -33.0578 -71.6073
804 -33.058 -71.6067
685 -33.058 -71.6067
86 -33.0578 -71.6067
613 -33.0577 -71.6073
390 -33.0577 -71.6072
503 -33.0578 -71.6066
357 -33.0578 -71.6062
990 -33.058 -71.6062
943 -33.058 -71.6062
477 -33.058 -71.6059
241 -33.058 -71.6062
316 -33.0577 -71.6058
460 -33.0578 -71.6058
768 -33.0576 -71.6049
518 -33.0576 -71.6071
472 -33.0575 -71.6061
342 -33.0573 -71.606
312 -33.0574 -71.6059
178 -33.0573 -71.6069
234 -33.0568 -71.6071
119 -33.0569 -71.6071
799 -33.0531 -71.6066
435 -33.0541 -71.6057
98 -33.0575 -71.6051
507 -33.0575 -71.6051
121 -33.0575 -71.6051
899 -33.0561 -71.6044
971 -33.0556 -71.6047
248 -33.0557 -71.6046
