647 -33.0544 -71.6228
497 -33.0545 -71.6228
5 -33.0545 -71.6227
142 -33.0544 -71.6229
550 -33.0543 -71.6231
66 -33.0544 -71.623
85 -33.0544 -71.6229
115 -33.0545 -71.6227
38 -33.0546 -71.6225
315 -33.0546 -71.6225
500 -33.0546 -71.6224
703 -33.0545 -71.6226
890 -33.0545 -71.6227
796 -33.0545 -71.6227
226 -33.0545 -71.6227
883 -33.0543 -71.6242
829 -33.054 -71.6244
979 -33.0541 -71.6244
109 -33.0543 -71.624
786 -33.0539 -71.6244
25 -33.0534 -71.6246
598 -33.0537 -71.6245
589 -33.0538 -71.6245
217 -33.0543 -71.6238
697 -33.0543 -71.6238
940 -33.0543 -71.6232
176 -33.0543 -71.6232
479 -33.0543 -71.6237
53 -33.0543 -71.6236
961 -33.0543 -71.6235
313 -33.0543 -71.6234
327 -33.0547 -71.6223
930 -33.0551 -71.6217
177 -33.0551 -71.6216
880 -33.0551 -71.6211
253 -33.0551 -71.6217
487 -33.0549 -71.6219
266 -33.055 -71.6218
179 -33.0549 -71.6206
475 -33.0567 -71.6182
189 -33.0551 -71.6179
765 -33.0552 -71.6178
413 -33.0552 -71.6178
367 -33.055 -71.6179
978 -33.0549 -71.6182
582 -33.055 -71.6181
963 -33.055 -71.618
407 -33.0548 -71.6184
678 -33.0548 -71.6222
260 -33.0548 -71.6221
210 -33.0546 -71.6202
377 -33.0545 -71.6202
42 -33.0534 -71.6188
134 -33.0537 -71.6184
816 -33.0538 -71.6184
881 -33.0538 -71.6184
370 -33.0545 -71.6184
408 -33.0545 -71.6184
537 -33.0547 -71.6184
255 -33.0543 -71.6184
376 -33.0539 -71.6184
549 -33.0542 -71.6184
301 -33.0534 -71.6188
987 -33.0533 -71.6246
542 -33.0534 -71.6188
361 -33.0534 -71.6188
69 -33.0532 -71.6188
710 -33.0532 -71.6246
92 -33.0532 -71.6246
409 -33.0527 -71.6245
698 -33.053 -71.6187
754 -33.053 -71.6187
373 -33.0529 -71.6187
455 -33.0529 -71.6187
587 -33.0528 -71.6187
216 -33.0527 -71.6187
760 -33.0527 -71.6187
809 -33.0526 -71.6187
629 -33.0521 -71.6243
849 -33.052 -71.6245
101 -33.0512 -71.6231
34 -33.0507 -71.6212
447 -33.0505 -71.6215
633 -33.0505 -71.6216
935 -33.0505 -71.6211
493 -33.0505 -71.621
732 -33.0502 -71.6209
116 -33.0512 -71.6189
399 -33.0512 -71.6189
163 -33.05 -71.6187
852 -33.05 -71.6187
111 -33.05 -71.6188
144 -33.0499 -71.6188
597 -33.0498 -71.6187
323 -33.0511 -71.6186
919 -33.0525 -71.6186
456 -33.0524 -71.6186
803 -33.0523 -71.6186
355 -33.0523 -71.6186
341 -33.0522 -71.6185
434 -33.052 -71.6185
761 -33.052 -71.6185
844 -33.052 -71.6185
838 -33.0519 -71.6185
198 -33.0519 -71.6184
973 -33.0518 -71.6184
775 -33.0518 -71.6184
713 -33.0518 -71.6184
891 -33.0517 -71.6184
767 -33.0516 -71.6184
466 -33.0515 -71.6184
687 -33.0509 -71.6185
448 -33.0508 -71.6185
166 -33.0512 -71.6185
831 -33.0508 -71.6185
340 -33.0507 -71.6185
17 -33.05 -71.6185
262 -33.0507 -71.6184
250 -33.0501 -71.6184
547 -33.0515 -71.6184
495 -33.0511 -71.6182
431 -33.0507 -71.618
632 -33.0501 -71.6183
727 -33.05 -71.6178
614 -33.05 -71.6178
393 -33.0498 -71.6177
774 -33.0558 -71.6164
560 -33.0559 -71.6163
297 -33.0562 -71.616
869 -33.0556 -71.6169
668 -33.0554 -71.6175
57 -33.0554 -71.6174
646 -33.0555 -71.6172
561 -33.0561 -71.616
842 -33.0558 -71.6159
483 -33.0558 -71.6159
531 -33.0557 -71.6159
994 -33.0557 -71.6157
501 -33.0557 -71.6159
124 -33.0556 -71.6159
464 -33.0553 -71.6158
640 -33.0553 -71.6158
950 -33.0552 -71.6158
608 -33.0552 -71.6158
20 -33.0552 -71.6158
269 -33.0529 -71.6158
146 -33.0527 -71.6158
442 -33.0526 -71.6158
580 -33.0526 -71.6158
60 -33.055 -71.6158
879 -33.0549 -71.6158
818 -33.0549 -71.6158
286 -33.0549 -71.6158
520 -33.0529 -71.6157
271 -33.0525 -71.6157
693 -33.0529 -71.6157
641 -33.0522 -71.6157
18 -33.0541 -71.6156
822 -33.0539 -71.6156
991 -33.0559 -71.6153
948 -33.0559 -71.6153
450 -33.0538 -71.6156
389 -33.0536 -71.6155
743 -33.0535 -71.6155
476 -33.0534 -71.6155
482 -33.056 -71.6153
872 -33.0561 -71.6152
976 -33.0561 -71.6152
118 -33.0562 -71.6152
945 -33.0561 -71.6152
686 -33.0546 -71.6149
127 -33.0543 -71.6147
467 -33.0543 -71.6125
251 -33.0533 -71.6155
602 -33.053 -71.6156
955 -33.0532 -71.6155
726 -33.0531 -71.6155
107 -33.0529 -71.6156
150 -33.0523 -71.6156
819 -33.0519 -71.6156
488 -33.0519 -71.6156
279 -33.0531 -71.6155
123 -33.053 -71.6155
762 -33.0532 -71.614
105 -33.0526 -71.6136
405 -33.0525 -71.6136
907 -33.0525 -71.6136
446 -33.0521 -71.6133
403 -33.0518 -71.6131
290 -33.0518 -71.6156
423 -33.0518 -71.6131
145 -33.0515 -71.6131
356 -33.0512 -71.6131
730 -33.0512 -71.6156
546 -33.051 -71.6156
931 -33.0511 -71.6131
171 -33.0511 -71.6131
433 -33.051 -71.6131
759 -33.051 -71.6131
151 -33.0511 -71.6131
102 -33.0509 -71.6131
391 -33.0509 -71.6131
108 -33.0509 -71.6131
611 -33.0509 -71.6131
117 -33.0507 -71.6155
908 -33.0505 -71.6157
721 -33.0505 -71.6157
864 -33.0505 -71.6157
545 -33.0504 -71.6158
787 -33.0503 -71.6158
946 -33.0502 -71.6158
320 -33.0498 -71.6157
860 -33.0498 -71.6157
892 -33.0505 -71.6157
292 -33.0507 -71.6155
254 -33.0507 -71.6155
992 -33.0505 -71.6155
565 -33.0498 -71.6157
812 -33.0505 -71.6156
711 -33.0508 -71.6131
200 -33.0507 -71.6131
208 -33.0507 -71.6131
202 -33.0506 -71.6131
615 -33.0506 -71.6131
334 -33.0505 -71.613
70 -33.0504 -71.613
837 -33.0503 -71.613
943 -33.0511 -71.613
986 -33.0511 -71.6127
141 -33.0511 -71.6127
386 -33.0511 -71.6126
936 -33.0511 -71.6129
309 -33.0511 -71.613
801 -33.0502 -71.613
87 -33.0501 -71.613
661 -33.0501 -71.613
725 -33.0501 -71.613
372 -33.05 -71.613
877 -33.05 -71.613
265 -33.0499 -71.613
841 -33.0497 -71.613
599 -33.0498 -71.6129
585 -33.0498 -71.6129
655 -33.0497 -71.6129
352 -33.0498 -71.6125
543 -33.0498 -71.6125
396 -33.0498 -71.6125
792 -33.0498 -71.6127
95 -33.0497 -71.6127
684 -33.0497 -71.6127
246 -33.0497 -71.6131
716 -33.0496 -71.6198
694 -33.0495 -71.6197
799 -33.0494 -71.6195
283 -33.0494 -71.6191
901 -33.0494 -71.6193
440 -33.0494 -71.619
999 -33.0494 -71.6189
859 -33.0494 -71.6188
412 -33.0496 -71.6186
712 -33.0485 -71.6184
900 -33.0485 -71.6183
897 -33.0484 -71.6185
213 -33.0484 -71.6185
130 -33.0484 -71.6185
529 -33.0484 -71.6185
263 -33.0484 -71.6186
889 -33.0482 -71.6191
573 -33.0482 -71.619
206 -33.0482 -71.619
170 -33.0481 -71.6192
639 -33.0479 -71.6195
113 -33.048 -71.6193
333 -33.0481 -71.6193
416 -33.0482 -71.619
318 -33.0484 -71.6187
453 -33.0484 -71.6187
165 -33.0484 -71.6186
239 -33.0483 -71.6187
949 -33.0483 -71.6189
10 -33.0483 -71.6189
983 -33.0483 -71.6189
36 -33.0485 -71.6183
128 -33.0496 -71.6177
830 -33.0495 -71.6177
504 -33.0495 -71.6177
850 -33.0488 -71.6175
572 -33.0487 -71.6177
612 -33.0487 -71.6176
884 -33.0488 -71.6175
688 -33.0488 -71.6174
462 -33.0488 -71.6173
374 -33.0488 -71.6173
77 -33.0489 -71.6171
106 -33.0488 -71.6174
432 -33.0488 -71.6174
574 -33.0488 -71.6174
302 -33.0488 -71.6174
13 -33.0487 -71.6177
631 -33.0486 -71.6181
854 -33.0486 -71.6181
834 -33.0486 -71.618
692 -33.0485 -71.6182
394 -33.0485 -71.6182
868 -33.0485 -71.6182
660 -33.0485 -71.6182
174 -33.0486 -71.6179
586 -33.0486 -71.6179
191 -33.0487 -71.6178
273 -33.0487 -71.6178
904 -33.0486 -71.6179
364 -33.0486 -71.6179
652 -33.0482 -71.6173
605 -33.0479 -71.6195
277 -33.0474 -71.6227
802 -33.0474 -71.6227
322 -33.0474 -71.6227
735 -33.0474 -71.6226
820 -33.0473 -71.6228
938 -33.0473 -71.6228
139 -33.0473 -71.6228
696 -33.0474 -71.6225
516 -33.0474 -71.6224
222 -33.0474 -71.6224
722 -33.0474 -71.6206
718 -33.0474 -71.6221
360 -33.0474 -71.6221
55 -33.0473 -71.6209
755 -33.0473 -71.6209
9 -33.0473 -71.6212
205 -33.0473 -71.6228
80 -33.0473 -71.6217
485 -33.0473 -71.6217
764 -33.0472 -71.6216
220 -33.0461 -71.6215
784 -33.0461 -71.6215
509 -33.0472 -71.6215
583 -33.0472 -71.6215
911 -33.0472 -71.6213
484 -33.0472 -71.6213
939 -33.0473 -71.6212
88 -33.0465 -71.6208
988 -33.0463 -71.6213
982 -33.0463 -71.6212
152 -33.0475 -71.6206
157 -33.0477 -71.6198
763 -33.0478 -71.6197
794 -33.0478 -71.6197
708 -33.0476 -71.6201
530 -33.0475 -71.6206
511 -33.0475 -71.6204
635 -33.0475 -71.6203
383 -33.0478 -71.6197
155 -33.0479 -71.6195
435 -33.0476 -71.6173
50 -33.0476 -71.6173
862 -33.0475 -71.6174
140 -33.0475 -71.6176
853 -33.0475 -71.6176
941 -33.0475 -71.6175
604 -33.0473 -71.6182
610 -33.0473 -71.6202
644 -33.0468 -71.6201
968 -33.0469 -71.6194
724 -33.0468 -71.6197
643 -33.0466 -71.6203
827 -33.0467 -71.6201
427 -33.0467 -71.62
793 -33.047 -71.6192
933 -33.0472 -71.6184
348 -33.0473 -71.6183
81 -33.0473 -71.6182
48 -33.0472 -71.6184
972 -33.047 -71.6191
553 -33.0472 -71.6185
314 -33.0476 -71.6171
148 -33.0495 -71.6163
93 -33.0496 -71.6161
795 -33.0497 -71.616
430 -33.0495 -71.6163
756 -33.0494 -71.6164
783 -33.0494 -71.6164
385 -33.0494 -71.6164
363 -33.0492 -71.6158
74 -33.0492 -71.6155
278 -33.0493 -71.6154
548 -33.0493 -71.6154
27 -33.0492 -71.6156
240 -33.0492 -71.6158
64 -33.0492 -71.6157
654 -33.0492 -71.6156
425 -33.0492 -71.6158
496 -33.049 -71.6167
337 -33.049 -71.6166
701 -33.0491 -71.6165
0 -33.049 -71.6167
780 -33.0489 -71.617
637 -33.0489 -71.6169
195 -33.0489 -71.6169
680 -33.0491 -71.6165
401 -33.0491 -71.6161
481 -33.0491 -71.616
828 -33.0491 -71.616
457 -33.0491 -71.6162
234 -33.0491 -71.6165
75 -33.0488 -71.6164
956 -33.0491 -71.6162
76 -33.0493 -71.6154
428 -33.0495 -71.6141
539 -33.0495 -71.614
164 -33.0495 -71.614
180 -33.0495 -71.6142
329 -33.0494 -71.6147
656 -33.0494 -71.6145
258 -33.0494 -71.6143
750 -33.0495 -71.6138
379 -33.0496 -71.6137
524 -33.0496 -71.6134
517 -33.0496 -71.6129
744 -33.0495 -71.6129
835 -33.0495 -71.6129
942 -33.0494 -71.6129
201 -33.0493 -71.6129
804 -33.0493 -71.6151
518 -33.0493 -71.6152
86 -33.0493 -71.6151
392 -33.0493 -71.6129
665 -33.0493 -71.6153
207 -33.0493 -71.6154
522 -33.0493 -71.6154
709 -33.0493 -71.6154
739 -33.0492 -71.6129
336 -33.0492 -71.6129
100 -33.0492 -71.6129
902 -33.0492 -71.6129
915 -33.0491 -71.6129
621 -33.0488 -71.6129
817 -33.0488 -71.6127
749 -33.0487 -71.6129
304 -33.0486 -71.6165
971 -33.0481 -71.6153
823 -33.0482 -71.6152
418 -33.0481 -71.6153
248 -33.0481 -71.6154
590 -33.0481 -71.6154
758 -33.0481 -71.6153
119 -33.0482 -71.6152
345 -33.0483 -71.6146
683 -33.0483 -71.6146
133 -33.0483 -71.6146
153 -33.0483 -71.6147
231 -33.0482 -71.6152
807 -33.0482 -71.6151
178 -33.0483 -71.6148
44 -33.0481 -71.6155
778 -33.0477 -71.6169
519 -33.0477 -71.6168
218 -33.0477 -71.6167
541 -33.0477 -71.6169
855 -33.0476 -71.6171
84 -33.0476 -71.6171
436 -33.0477 -71.6169
960 -33.0478 -71.6166
648 -33.048 -71.6158
538 -33.048 -71.6158
728 -33.0481 -71.6156
31 -33.0479 -71.6161
851 -33.0479 -71.6162
515 -33.0479 -71.6162
847 -33.0483 -71.6145
666 -33.0486 -71.6135
638 -33.0486 -71.6135
894 -33.0486 -71.6134
342 -33.0486 -71.6136
779 -33.0485 -71.6137
719 -33.0485 -71.6137
920 -33.0485 -71.6137
651 -33.0486 -71.6134
932 -33.0487 -71.613
439 -33.0487 -71.6129
996 -33.0487 -71.6129
465 -33.0487 -71.613
58 -33.0486 -71.6133
805 -33.0487 -71.6131
186 -33.0485 -71.6129
947 -33.0485 -71.6138
685 -33.0485 -71.614
596 -33.0485 -71.6138
659 -33.0485 -71.6129
444 -33.0484 -71.6144
899 -33.0484 -71.6144
634 -33.0473 -71.614
588 -33.0483 -71.6129
964 -33.048 -71.6128
24 -33.048 -71.6128
241 -33.0478 -71.6125
312 -33.0478 -71.6125
96 -33.0478 -71.6126
494 -33.0477 -71.6127
353 -33.0465 -71.6125
143 -33.0511 -71.6125
521 -33.0553 -71.6124
43 -33.0553 -71.6124
576 -33.0554 -71.6124
354 -33.0553 -71.6124
747 -33.0553 -71.6124
917 -33.0549 -71.6124
579 -33.0549 -71.6124
368 -33.0547 -71.6124
19 -33.056 -71.6123
326 -33.0557 -71.6123
790 -33.0558 -71.6123
420 -33.0555 -71.6124
414 -33.0555 -71.6124
523 -33.0545 -71.6123
154 -33.0544 -71.6122
967 -33.0544 -71.6122
298 -33.0542 -71.6123
237 -33.0543 -71.6122
591 -33.0543 -71.6119
619 -33.0541 -71.6123
238 -33.0539 -71.6122
305 -33.0537 -71.6122
962 -33.0535 -71.6122
563 -33.0543 -71.6118
209 -33.0542 -71.6117
636 -33.0542 -71.6117
366 -33.0541 -71.6116
307 -33.0541 -71.6116
627 -33.0541 -71.6116
751 -33.0541 -71.6116
52 -33.0541 -71.6115
402 -33.054 -71.6114
452 -33.054 -71.6113
175 -33.054 -71.6113
569 -33.0539 -71.6112
874 -33.0538 -71.611
61 -33.0537 -71.6112
12 -33.0537 -71.6111
866 -33.0537 -71.6109
463 -33.054 -71.6105
970 -33.056 -71.6103
132 -33.055 -71.6102
469 -33.0545 -71.6085
72 -33.0541 -71.6105
259 -33.0541 -71.6105
888 -33.0537 -71.6085
438 -33.0537 -71.6085
858 -33.0537 -71.6085
26 -33.0536 -71.6114
505 -33.0536 -71.6113
192 -33.0536 -71.6113
927 -33.0536 -71.6111
35 -33.0535 -71.611
773 -33.0535 -71.611
274 -33.0534 -71.611
679 -33.0534 -71.611
922 -33.0536 -71.6086
740 -33.0536 -71.6085
168 -33.0536 -71.6085
384 -33.0535 -71.6105
592 -33.0534 -71.6088
857 -33.0535 -71.6085
810 -33.0533 -71.6089
51 -33.0533 -71.6122
642 -33.0532 -71.6121
958 -33.0531 -71.6121
390 -33.0531 -71.6116
737 -33.0528 -71.6116
187 -33.0529 -71.6116
276 -33.053 -71.6116
120 -33.0531 -71.6115
811 -33.0532 -71.6115
782 -33.0532 -71.6115
190 -33.0532 -71.6109
675 -33.0532 -71.6115
556 -33.0532 -71.6115
676 -33.0532 -71.6109
424 -33.0532 -71.6109
733 -33.0528 -71.6121
173 -33.0527 -71.6121
480 -33.0524 -71.6121
571 -33.0524 -71.612
214 -33.0523 -71.612
14 -33.0522 -71.612
351 -33.0522 -71.612
29 -33.0521 -71.612
15 -33.0521 -71.612
910 -33.0525 -71.6117
242 -33.0527 -71.6116
2 -33.0528 -71.6116
578 -33.0521 -71.6117
295 -33.0519 -71.612
97 -33.052 -71.6118
303 -33.0531 -71.6109
512 -33.053 -71.6108
674 -33.0529 -71.6107
797 -33.0529 -71.6107
7 -33.0529 -71.6107
848 -33.0529 -71.6106
506 -33.0527 -71.6105
40 -33.0527 -71.6104
49 -33.0525 -71.6101
212 -33.0524 -71.6099
603 -33.0523 -71.6098
772 -33.0533 -71.6089
601 -33.0523 -71.6098
224 -33.0522 -71.6097
645 -33.0522 -71.6096
89 -33.0522 -71.6096
551 -33.0522 -71.6095
681 -33.0521 -71.6095
22 -33.0521 -71.6095
575 -33.0521 -71.6095
981 -33.052 -71.6091
228 -33.052 -71.6092
671 -33.0519 -71.6092
398 -33.0519 -71.6092
167 -33.052 -71.6089
158 -33.0521 -71.6086
593 -33.0521 -71.6086
840 -33.0521 -71.6085
137 -33.0521 -71.6086
846 -33.0521 -71.6087
316 -33.0521 -71.6087
129 -33.0545 -71.6085
11 -33.0545 -71.6085
934 -33.0546 -71.6085
558 -33.0546 -71.6085
510 -33.0545 -71.6085
296 -33.0544 -71.6085
513 -33.0544 -71.6085
461 -33.0544 -71.6085
79 -33.0546 -71.6085
748 -33.056 -71.6085
977 -33.0548 -71.6083
311 -33.0549 -71.6083
362 -33.0548 -71.6084
499 -33.0546 -71.6085
332 -33.0547 -71.6084
454 -33.0548 -71.6084
527 -33.0544 -71.6085
929 -33.0543 -71.6085
400 -33.0543 -71.6085
335 -33.0543 -71.6085
411 -33.0542 -71.6085
657 -33.0542 -71.6085
700 -33.0541 -71.6085
613 -33.0541 -71.6085
223 -33.0541 -71.6085
473 -33.054 -71.6085
535 -33.054 -71.6085
285 -33.054 -71.6085
912 -33.054 -71.6085
705 -33.0539 -71.6085
477 -33.0539 -71.6085
873 -33.0538 -71.6085
581 -33.055 -71.6083
528 -33.0566 -71.608
300 -33.0564 -71.608
474 -33.0562 -71.6079
808 -33.0561 -71.6079
677 -33.0561 -71.6079
925 -33.0555 -71.6079
419 -33.0555 -71.6079
63 -33.0555 -71.6079
281 -33.0558 -71.6079
291 -33.056 -71.6075
441 -33.0566 -71.6045
147 -33.0557 -71.6043
491 -33.0556 -71.6078
331 -33.0556 -71.6077
870 -33.0556 -71.6044
768 -33.0554 -71.6048
606 -33.0553 -71.608
112 -33.0554 -71.608
159 -33.0554 -71.6079
876 -33.0552 -71.6081
672 -33.055 -71.6082
903 -33.0551 -71.6081
525 -33.0552 -71.6081
886 -33.0554 -71.6079
280 -33.0554 -71.6079
924 -33.0544 -71.6046
90 -33.0548 -71.6045
221 -33.0541 -71.6047
98 -33.0538 -71.6078
196 -33.054 -71.6058
83 -33.0538 -71.6085
46 -33.0535 -71.6085
225 -33.0538 -71.6085
282 -33.0535 -71.6085
422 -33.0534 -71.6085
833 -33.0534 -71.6085
472 -33.0534 -71.6085
478 -33.0534 -71.6085
555 -33.0533 -71.6085
138 -33.0534 -71.6085
944 -33.0533 -71.6084
219 -33.0532 -71.6084
918 -33.0532 -71.6084
980 -33.0532 -71.6084
723 -33.0531 -71.6084
878 -33.0531 -71.6084
662 -33.053 -71.6084
489 -33.053 -71.6083
954 -33.053 -71.6083
769 -33.053 -71.6083
32 -33.0522 -71.6084
626 -33.0522 -71.6084
421 -33.0522 -71.6084
923 -33.0522 -71.6084
378 -33.0529 -71.6083
458 -33.0529 -71.6083
715 -33.0529 -71.6083
825 -33.0529 -71.6083
753 -33.0528 -71.6083
227 -33.0522 -71.6083
664 -33.0528 -71.6083
984 -33.0528 -71.6083
470 -33.0528 -71.6083
540 -33.0528 -71.6083
156 -33.0528 -71.6083
62 -33.0527 -71.6082
503 -33.0526 -71.6082
843 -33.0526 -71.6082
350 -33.0526 -71.6082
73 -33.0526 -71.6082
261 -33.0525 -71.6082
937 -33.0525 -71.6069
78 -33.0532 -71.6047
622 -33.0525 -71.6082
557 -33.0525 -71.6081
381 -33.0524 -71.6081
532 -33.0524 -71.6081
94 -33.0523 -71.6081
110 -33.0523 -71.6081
746 -33.0523 -71.6081
706 -33.0522 -71.6077
595 -33.0522 -71.6076
183 -33.0519 -71.608
690 -33.0521 -71.6076
256 -33.0522 -71.6074
502 -33.0521 -71.607
752 -33.052 -71.6069
169 -33.0522 -71.6048
620 -33.0522 -71.6048
181 -33.052 -71.6069
966 -33.052 -71.6069
815 -33.0519 -71.6066
952 -33.0519 -71.6081
197 -33.0517 -71.612
909 -33.0517 -71.612
916 -33.0516 -71.612
577 -33.0513 -71.6119
272 -33.0512 -71.612
252 -33.0513 -71.6119
789 -33.0513 -71.6119
23 -33.0513 -71.6119
299 -33.0518 -71.6118
347 -33.0515 -71.6115
742 -33.0515 -71.6114
387 -33.0513 -71.6119
415 -33.0512 -71.6119
268 -33.0512 -71.6119
745 -33.0513 -71.6119
310 -33.0511 -71.6122
649 -33.0511 -71.6124
998 -33.0511 -71.6124
160 -33.0511 -71.6123
905 -33.0511 -71.6114
959 -33.05 -71.6115
41 -33.05 -71.6115
6 -33.05 -71.6112
289 -33.05 -71.6112
871 -33.05 -71.611
359 -33.05 -71.611
264 -33.0501 -71.6109
921 -33.05 -71.611
184 -33.05 -71.6111
567 -33.05 -71.6111
667 -33.05 -71.611
410 -33.0501 -71.6108
997 -33.0511 -71.61
357 -33.0512 -71.6099
229 -33.0512 -71.6099
375 -33.0511 -71.61
670 -33.0508 -71.6102
371 -33.0506 -71.6102
230 -33.051 -71.6101
319 -33.0513 -71.6098
882 -33.0514 -71.6097
284 -33.0514 -71.6097
349 -33.0515 -71.6096
736 -33.0514 -71.6097
199 -33.0513 -71.6098
321 -33.0513 -71.6098
294 -33.0514 -71.6097
257 -33.0506 -71.6102
887 -33.0501 -71.6106
247 -33.0501 -71.6105
691 -33.0501 -71.6105
554 -33.0501 -71.6107
67 -33.0501 -71.6108
682 -33.0501 -71.6108
875 -33.0501 -71.6108
720 -33.0501 -71.6105
397 -33.0502 -71.6103
731 -33.0502 -71.6102
813 -33.0504 -71.6102
267 -33.0501 -71.6104
806 -33.0501 -71.6105
245 -33.0501 -71.6104
893 -33.05 -71.6115
953 -33.0499 -71.612
507 -33.0499 -71.612
609 -33.0499 -71.6118
570 -33.0498 -71.6122
699 -33.0498 -71.6124
443 -33.0498 -71.6123
426 -33.0498 -71.6123
689 -33.0499 -71.6117
616 -33.0499 -71.6113
552 -33.0498 -71.6113
965 -33.0497 -71.6113
445 -33.0497 -71.6112
104 -33.0496 -71.6112
490 -33.0495 -71.6112
37 -33.0493 -71.6112
135 -33.0493 -71.6112
974 -33.0489 -71.6123
777 -33.0492 -71.6113
594 -33.0493 -71.6112
766 -33.0481 -71.6116
54 -33.0462 -71.6124
317 -33.048 -71.6119
526 -33.048 -71.6119
338 -33.0482 -71.6112
45 -33.0491 -71.6112
630 -33.0491 -71.6112
584 -33.049 -71.6112
114 -33.049 -71.6112
275 -33.049 -71.6112
926 -33.0489 -71.6112
449 -33.0489 -71.6112
131 -33.0489 -71.6112
729 -33.0488 -71.6112
781 -33.0494 -71.6104
330 -33.0488 -71.6112
451 -33.0487 -71.6112
969 -33.0485 -71.6111
898 -33.0483 -71.6111
650 -33.0491 -71.6099
121 -33.0491 -71.6099
28 -33.0489 -71.6099
47 -33.0488 -71.6098
995 -33.0487 -71.6098
39 -33.0486 -71.6098
344 -33.0484 -71.6098
663 -33.0482 -71.6098
928 -33.0481 -71.6098
824 -33.048 -71.6098
459 -33.048 -71.6098
3 -33.048 -71.6098
33 -33.0479 -71.6111
985 -33.0468 -71.6098
695 -33.0469 -71.6098
814 -33.0478 -71.6098
702 -33.0478 -71.6098
486 -33.0477 -71.6098
249 -33.0477 -71.6098
798 -33.0476 -71.6098
288 -33.0476 -71.6098
865 -33.0476 -71.6098
4 -33.0474 -71.6098
669 -33.0516 -71.6095
182 -33.0517 -71.6094
236 -33.0517 -71.6094
741 -33.0518 -71.6093
832 -33.0517 -71.6094
861 -33.0516 -71.6095
404 -33.0517 -71.6094
856 -33.0517 -71.6094
885 -33.0518 -71.6093
704 -33.0518 -71.6093
600 -33.0518 -71.6091
204 -33.0518 -71.609
211 -33.0517 -71.609
343 -33.0517 -71.609
863 -33.0516 -71.6089
324 -33.0515 -71.6089
734 -33.0515 -71.6088
821 -33.0514 -71.6087
771 -33.0512 -71.6086
607 -33.0512 -71.6086
498 -33.0511 -71.6086
707 -33.0509 -71.6092
235 -33.051 -71.6086
68 -33.051 -71.6086
417 -33.0509 -71.6085
125 -33.0509 -71.6085
406 -33.0508 -71.6085
233 -33.0508 -71.6085
738 -33.0508 -71.6085
845 -33.0508 -71.6085
243 -33.0508 -71.6085
82 -33.0508 -71.6085
437 -33.0508 -71.6085
126 -33.0517 -71.6081
468 -33.0517 -71.6081
328 -33.0517 -71.6081
836 -33.0517 -71.6082
951 -33.0515 -71.6083
714 -33.0516 -71.6082
136 -33.0516 -71.6082
471 -33.0517 -71.6075
382 -33.0518 -71.6064
770 -33.0518 -71.6063
673 -33.0518 -71.6063
293 -33.0517 -71.605
369 -33.0515 -71.6075
788 -33.0517 -71.6061
99 -33.0516 -71.6052
460 -33.0515 -71.6075
653 -33.0512 -71.6084
990 -33.0513 -71.6084
757 -33.0514 -71.6083
306 -33.0508 -71.6085
16 -33.0507 -71.6085
71 -33.0507 -71.6085
172 -33.0507 -71.6085
785 -33.0514 -71.6083
56 -33.0515 -71.6075
624 -33.0512 -71.6074
365 -33.0512 -71.6074
244 -33.0511 -71.6058
325 -33.0509 -71.6074
957 -33.0511 -71.6058
564 -33.0505 -71.6057
8 -33.0504 -71.6091
395 -33.0504 -71.6089
185 -33.0505 -71.6085
623 -33.0501 -71.6091
776 -33.0496 -71.6092
193 -33.0496 -71.6092
215 -33.0501 -71.6091
544 -33.0502 -71.6085
562 -33.0501 -71.6085
91 -33.0501 -71.6084
625 -33.0501 -71.6084
534 -33.05 -71.6084
658 -33.05 -71.6084
203 -33.0497 -71.6084
867 -33.0497 -71.6084
791 -33.0493 -71.6083
566 -33.0492 -71.6083
536 -33.0491 -71.6083
429 -33.049 -71.6083
270 -33.049 -71.6083
161 -33.049 -71.6083
906 -33.0488 -71.6083
508 -33.0488 -71.6083
914 -33.0487 -71.6083
617 -33.0486 -71.6083
717 -33.0484 -71.6082
188 -33.048 -71.6082
59 -33.048 -71.6082
380 -33.0479 -71.6082
568 -33.0479 -71.6082
618 -33.0477 -71.6082
287 -33.0504 -71.6073
103 -33.0504 -71.6073
993 -33.0504 -71.6073
975 -33.0501 -71.6072
232 -33.0499 -71.6072
339 -33.0498 -71.6072
149 -33.0498 -71.6066
358 -33.0505 -71.6056
65 -33.0504 -71.6056
122 -33.0503 -71.6056
1 -33.0503 -71.6048
388 -33.0501 -71.6055
628 -33.05 -71.6055
913 -33.0498 -71.6054
30 -33.0498 -71.6045
839 -33.0497 -71.6071
989 -33.0493 -71.607
895 -33.0493 -71.607
308 -33.0493 -71.607
21 -33.0492 -71.607
346 -33.0475 -71.6082
559 -33.047 -71.6081
162 -33.0468 -71.6081
194 -33.0492 -71.607
492 -33.0495 -71.6053
896 -33.0494 -71.6053
826 -33.0497 -71.6044
800 -33.0493 -71.6052
514 -33.0489 -71.6049
533 -33.0465 -71.6045
