497 -33.0548 -71.6222
647 -33.0548 -71.6222
5 -33.0548 -71.6221
142 -33.0547 -71.6223
550 -33.0546 -71.6225
66 -33.0546 -71.6224
85 -33.0547 -71.6223
115 -33.0548 -71.6221
38 -33.0549 -71.622
315 -33.0549 -71.6219
500 -33.055 -71.6218
703 -33.0548 -71.622
796 -33.0548 -71.6221
890 -33.0548 -71.6221
226 -33.0548 -71.6221
176 -33.0545 -71.6226
589 -33.0543 -71.6243
786 -33.0543 -71.6242
829 -33.0543 -71.6241
979 -33.0543 -71.6239
25 -33.054 -71.6244
598 -33.0542 -71.6244
883 -33.0543 -71.6235
109 -33.0543 -71.6233
961 -33.0544 -71.6229
313 -33.0544 -71.6228
940 -33.0545 -71.6226
53 -33.0544 -71.6229
217 -33.0543 -71.6231
697 -33.0543 -71.6231
479 -33.0543 -71.6231
327 -33.055 -71.6218
475 -33.0572 -71.6183
189 -33.0556 -71.6179
367 -33.0556 -71.6179
260 -33.0552 -71.6215
678 -33.0551 -71.6216
487 -33.0551 -71.6213
266 -33.0551 -71.6212
978 -33.0553 -71.6179
413 -33.0555 -71.6172
668 -33.0556 -71.617
57 -33.0557 -71.6168
765 -33.0555 -71.6173
407 -33.0552 -71.6178
582 -33.0553 -71.6176
963 -33.0554 -71.6175
253 -33.0551 -71.6211
930 -33.0551 -71.6211
177 -33.0551 -71.6209
880 -33.0549 -71.6205
179 -33.0545 -71.6202
210 -33.054 -71.6199
134 -33.0543 -71.6184
816 -33.0544 -71.6184
881 -33.0544 -71.6184
370 -33.0549 -71.6182
408 -33.055 -71.6181
537 -33.055 -71.618
255 -33.0549 -71.6183
376 -33.0545 -71.6184
549 -33.0547 -71.6184
377 -33.054 -71.6198
92 -33.0538 -71.6245
710 -33.0538 -71.6245
987 -33.0539 -71.6245
455 -33.0534 -71.6188
409 -33.0532 -71.6246
587 -33.0534 -71.6188
216 -33.0533 -71.6188
809 -33.0532 -71.6188
373 -33.0534 -71.6187
698 -33.0535 -71.6186
754 -33.0535 -71.6186
760 -33.0532 -71.6188
919 -33.053 -71.6187
456 -33.0529 -71.6187
803 -33.0529 -71.6187
355 -33.0528 -71.6187
629 -33.0527 -71.6245
849 -33.0524 -71.6244
101 -33.0508 -71.6227
633 -33.0505 -71.6211
447 -33.0504 -71.621
34 -33.0502 -71.6208
935 -33.0502 -71.6207
493 -33.0502 -71.6206
341 -33.0527 -71.6187
434 -33.0526 -71.6187
844 -33.0526 -71.6186
761 -33.0525 -71.6186
838 -33.0525 -71.6186
198 -33.0524 -71.6186
973 -33.0524 -71.6186
713 -33.0523 -71.6186
775 -33.0523 -71.6186
69 -33.0536 -71.6185
361 -33.0538 -71.6184
891 -33.0522 -71.6185
767 -33.0522 -71.6185
466 -33.0521 -71.6185
547 -33.0521 -71.6185
542 -33.0538 -71.6184
42 -33.0538 -71.6184
301 -33.0538 -71.6184
166 -33.0517 -71.6184
495 -33.0516 -71.6184
323 -33.0516 -71.6184
687 -33.0513 -71.6183
448 -33.0512 -71.6183
431 -33.0512 -71.6183
116 -33.0512 -71.6186
340 -33.0512 -71.6185
831 -33.0512 -71.6184
262 -33.0512 -71.6186
399 -33.0512 -71.6186
632 -33.0507 -71.6184
250 -33.0505 -71.6184
17 -33.0505 -71.6184
727 -33.0505 -71.618
614 -33.0505 -71.618
393 -33.0503 -71.6179
163 -33.0503 -71.6183
852 -33.0503 -71.6183
111 -33.0502 -71.6183
646 -33.0557 -71.6167
124 -33.0562 -71.616
774 -33.0562 -71.616
994 -33.0562 -71.616
640 -33.0559 -71.6159
869 -33.0558 -71.6163
464 -33.0558 -71.6159
950 -33.0558 -71.6159
608 -33.0558 -71.6159
501 -33.0562 -71.6159
531 -33.0562 -71.6159
560 -33.0561 -71.6158
483 -33.0561 -71.6158
20 -33.0558 -71.6159
842 -33.0561 -71.6158
561 -33.056 -71.6155
60 -33.0556 -71.6159
879 -33.0555 -71.6159
818 -33.0555 -71.6159
286 -33.0555 -71.6159
18 -33.0547 -71.6157
822 -33.0544 -71.6157
450 -33.0544 -71.6157
389 -33.0541 -71.6156
743 -33.054 -71.6156
476 -33.0539 -71.6156
251 -33.0539 -71.6156
955 -33.0538 -71.6156
726 -33.0537 -71.6156
279 -33.0536 -71.6156
123 -33.0536 -71.6156
602 -33.0535 -71.6155
693 -33.0534 -71.6155
945 -33.0566 -71.6149
976 -33.0566 -71.6149
872 -33.0566 -71.6149
482 -33.0565 -71.6149
297 -33.0559 -71.6154
991 -33.0564 -71.615
948 -33.0565 -71.6149
118 -33.0567 -71.6148
19 -33.0566 -71.6125
790 -33.0564 -71.6124
326 -33.0563 -71.6124
420 -33.0561 -71.6123
917 -33.0555 -71.6124
414 -33.0561 -71.6123
576 -33.056 -71.6123
579 -33.0555 -71.6124
686 -33.0551 -71.6152
127 -33.0548 -71.615
467 -33.0548 -71.6129
619 -33.0546 -71.6127
107 -33.0534 -71.6155
520 -33.0534 -71.6155
762 -33.0537 -71.6143
154 -33.0544 -71.6125
368 -33.0553 -71.6124
523 -33.0551 -71.6124
298 -33.0548 -71.6124
238 -33.0545 -71.6124
237 -33.0545 -71.6123
967 -33.0544 -71.6123
269 -33.0533 -71.6155
271 -33.053 -71.6161
150 -33.0528 -71.6159
641 -33.0527 -71.6158
819 -33.0525 -71.6157
488 -33.0525 -71.6157
290 -33.0524 -71.6157
730 -33.0518 -71.6156
546 -33.0515 -71.6156
105 -33.0531 -71.6139
907 -33.053 -71.6139
405 -33.053 -71.6139
146 -33.053 -71.6155
580 -33.053 -71.6156
442 -33.053 -71.6155
446 -33.0526 -71.6136
254 -33.0513 -71.6156
117 -33.0513 -71.6156
292 -33.0512 -71.6156
992 -33.0511 -71.6156
812 -33.051 -71.6156
565 -33.0504 -71.6158
320 -33.0503 -71.6158
860 -33.0504 -71.6158
892 -33.0509 -71.6156
721 -33.0508 -71.6156
864 -33.0508 -71.6156
908 -33.0508 -71.6155
545 -33.0508 -71.6155
787 -33.0507 -71.6155
946 -33.0506 -71.6155
403 -33.0524 -71.6135
423 -33.0523 -71.6135
145 -33.0521 -71.6133
171 -33.0517 -71.6131
611 -33.0515 -71.6131
711 -33.0514 -71.6131
200 -33.0511 -71.6128
208 -33.0511 -71.6128
108 -33.0511 -71.6127
433 -33.0511 -71.6125
931 -33.0511 -71.6124
151 -33.0511 -71.6124
759 -33.0511 -71.6125
391 -33.0511 -71.6126
356 -33.0511 -71.6126
102 -33.0511 -71.6126
202 -33.0511 -71.6129
70 -33.051 -71.6131
837 -33.0509 -71.6131
334 -33.0511 -71.6131
801 -33.0507 -71.6131
87 -33.0507 -71.6131
661 -33.0507 -71.6131
725 -33.0506 -71.6131
372 -33.0506 -71.6131
877 -33.0505 -71.613
265 -33.0505 -71.613
615 -33.0511 -71.613
599 -33.0503 -71.613
585 -33.0503 -71.613
655 -33.0503 -71.613
128 -33.0502 -71.6178
732 -33.05 -71.6203
859 -33.0498 -71.6187
412 -33.05 -71.6186
716 -33.0494 -71.6191
694 -33.0494 -71.6191
799 -33.0494 -71.6188
901 -33.0494 -71.6186
999 -33.0496 -71.6186
283 -33.0493 -71.6185
597 -33.0501 -71.6183
144 -33.0501 -71.6183
440 -33.0492 -71.6183
213 -33.0486 -71.6179
897 -33.0486 -71.6178
130 -33.0486 -71.6178
263 -33.0486 -71.6179
889 -33.0484 -71.6184
573 -33.0484 -71.6184
206 -33.0485 -71.6184
170 -33.0484 -71.6187
605 -33.0483 -71.6189
113 -33.0483 -71.6188
333 -33.0484 -71.6187
416 -33.0485 -71.6184
318 -33.0486 -71.618
453 -33.0486 -71.618
165 -33.0486 -71.618
239 -33.0486 -71.6181
949 -33.0485 -71.6183
10 -33.0485 -71.6183
983 -33.0485 -71.6182
830 -33.0501 -71.6178
504 -33.0501 -71.6178
904 -33.049 -71.6176
364 -33.049 -71.6176
612 -33.0489 -71.6169
273 -33.0489 -71.6172
13 -33.0489 -71.6171
572 -33.0489 -71.617
884 -33.049 -71.6168
106 -33.049 -71.6167
302 -33.049 -71.6167
462 -33.049 -71.6167
574 -33.049 -71.6167
850 -33.049 -71.6168
688 -33.049 -71.6168
432 -33.049 -71.6167
191 -33.0489 -71.6172
394 -33.0487 -71.6176
868 -33.0487 -71.6176
692 -33.0487 -71.6176
36 -33.0487 -71.6176
529 -33.0487 -71.6178
712 -33.0487 -71.6177
900 -33.0487 -71.6177
660 -33.0487 -71.6175
834 -33.0488 -71.6174
174 -33.0488 -71.6173
586 -33.0488 -71.6172
854 -33.0488 -71.6174
631 -33.0488 -71.6174
652 -33.0485 -71.6167
155 -33.0483 -71.6189
205 -33.0474 -71.6222
820 -33.0474 -71.6221
509 -33.0474 -71.6209
938 -33.0474 -71.6221
139 -33.0474 -71.6221
277 -33.0474 -71.622
764 -33.0474 -71.6209
583 -33.0474 -71.6208
939 -33.0475 -71.6205
755 -33.0475 -71.6203
55 -33.0476 -71.6203
9 -33.0475 -71.6205
911 -33.0474 -71.6207
484 -33.0474 -71.6207
644 -33.0474 -71.6203
322 -33.0474 -71.622
802 -33.0474 -71.622
735 -33.0473 -71.6219
696 -33.0473 -71.6218
222 -33.0473 -71.6217
516 -33.0473 -71.6217
360 -33.0472 -71.6214
718 -33.0472 -71.6214
80 -33.0473 -71.6211
485 -33.0473 -71.6211
982 -33.0465 -71.6206
427 -33.0472 -71.6202
988 -33.0465 -71.6206
784 -33.0464 -71.6209
220 -33.0464 -71.6209
88 -33.0467 -71.6201
157 -33.048 -71.6193
763 -33.0481 -71.6192
794 -33.0481 -71.6191
708 -33.0479 -71.6195
152 -33.0477 -71.62
511 -33.0478 -71.6197
635 -33.0478 -71.6197
383 -33.0482 -71.6191
639 -33.0483 -71.6189
435 -33.0478 -71.6166
50 -33.0478 -71.6166
862 -33.0477 -71.6168
140 -33.0477 -71.617
853 -33.0477 -71.6169
941 -33.0477 -71.6168
530 -33.0477 -71.62
722 -33.0477 -71.62
610 -33.0477 -71.62
793 -33.0472 -71.6185
968 -33.0471 -71.6187
643 -33.0468 -71.6197
827 -33.0469 -71.6194
724 -33.047 -71.6191
972 -33.0472 -71.6185
348 -33.0475 -71.6176
81 -33.0475 -71.6176
604 -33.0475 -71.6175
933 -33.0474 -71.6177
553 -33.0474 -71.6178
48 -33.0474 -71.6177
374 -33.049 -71.6166
385 -33.0497 -71.6158
795 -33.0501 -71.6157
430 -33.0498 -71.6157
756 -33.0497 -71.6158
75 -33.0494 -71.6165
496 -33.0494 -71.6165
783 -33.0497 -71.6159
93 -33.0499 -71.6157
148 -33.0498 -71.6157
207 -33.0494 -71.6147
709 -33.0494 -71.6147
76 -33.0494 -71.6147
74 -33.0494 -71.6148
278 -33.0494 -71.6148
548 -33.0494 -71.6147
27 -33.0493 -71.6149
195 -33.0493 -71.6165
956 -33.0492 -71.6155
457 -33.0492 -71.6155
234 -33.0492 -71.6158
337 -33.0492 -71.6159
701 -33.0492 -71.6159
680 -33.0492 -71.6158
401 -33.0493 -71.6154
240 -33.0493 -71.6151
64 -33.0493 -71.615
654 -33.0493 -71.6149
363 -33.0493 -71.6152
481 -33.0493 -71.6153
828 -33.0493 -71.6153
425 -33.0493 -71.6152
665 -33.0494 -71.6147
517 -33.0501 -71.613
744 -33.0501 -71.613
835 -33.0501 -71.613
942 -33.0499 -71.613
750 -33.0497 -71.6131
379 -33.0497 -71.613
201 -33.0499 -71.6129
392 -33.0498 -71.6129
739 -33.0498 -71.6129
246 -33.0498 -71.6124
841 -33.0498 -71.6124
100 -33.0498 -71.6129
336 -33.0498 -71.6129
902 -33.0498 -71.6129
524 -33.0497 -71.6128
915 -33.0497 -71.6129
329 -33.0495 -71.614
656 -33.0495 -71.6138
258 -33.0496 -71.6136
804 -33.0494 -71.6144
522 -33.0494 -71.6147
518 -33.0494 -71.6145
86 -33.0494 -71.6145
180 -33.0496 -71.6136
428 -33.0496 -71.6135
539 -33.0496 -71.6133
164 -33.0496 -71.6133
621 -33.0494 -71.6129
749 -33.0493 -71.6129
996 -33.0493 -71.6129
0 -33.0491 -71.6161
304 -33.0491 -71.6165
780 -33.0491 -71.6163
637 -33.0491 -71.6162
77 -33.0491 -71.6165
44 -33.0483 -71.6148
248 -33.0483 -71.6147
590 -33.0483 -71.6147
758 -33.0483 -71.6146
231 -33.0483 -71.6145
807 -33.0483 -71.6145
178 -33.0484 -71.6142
119 -33.0483 -71.6146
971 -33.0483 -71.6146
418 -33.0483 -71.6146
823 -33.0483 -71.6146
728 -33.0482 -71.615
541 -33.0479 -71.6163
778 -33.0479 -71.6163
519 -33.0479 -71.6161
436 -33.0479 -71.6163
314 -33.0478 -71.6164
855 -33.0478 -71.6164
84 -33.0478 -71.6164
218 -33.0479 -71.6161
31 -33.0481 -71.6154
648 -33.0482 -71.6152
538 -33.0482 -71.6151
515 -33.0481 -71.6156
960 -33.048 -71.6159
851 -33.0481 -71.6156
153 -33.0484 -71.6141
805 -33.0491 -71.6129
659 -33.0491 -71.6129
186 -33.0491 -71.6129
342 -33.0487 -71.6129
920 -33.0487 -71.613
779 -33.0487 -71.613
719 -33.0487 -71.613
894 -33.0488 -71.6129
588 -33.0489 -71.6129
465 -33.0489 -71.6124
932 -33.0489 -71.6124
638 -33.0488 -71.6129
666 -33.0488 -71.6129
58 -33.0488 -71.6127
651 -33.0488 -71.6127
596 -33.0487 -71.6131
847 -33.0485 -71.6138
899 -33.0485 -71.6138
444 -33.0485 -71.6137
683 -33.0485 -71.6139
345 -33.0485 -71.614
133 -33.0485 -71.6139
634 -33.0475 -71.6134
685 -33.0486 -71.6134
947 -33.0487 -71.6132
24 -33.0486 -71.6129
964 -33.0486 -71.6129
494 -33.0482 -71.6128
353 -33.0471 -71.6127
54 -33.0468 -71.6126
43 -33.0559 -71.6123
354 -33.0559 -71.6123
521 -33.0559 -71.6123
747 -33.0559 -71.6123
636 -33.0544 -71.6122
305 -33.0543 -71.6123
563 -33.0543 -71.6122
209 -33.0544 -71.6122
366 -33.0545 -71.6122
627 -33.0545 -71.6122
307 -33.0545 -71.6122
751 -33.0545 -71.6121
52 -33.0544 -71.6121
402 -33.0544 -71.612
452 -33.0543 -71.6119
175 -33.0543 -71.6119
591 -33.0542 -71.6122
962 -33.054 -71.6122
61 -33.0541 -71.6116
12 -33.0541 -71.6116
927 -33.054 -71.6114
51 -33.0539 -71.6122
642 -33.0538 -71.6122
773 -33.054 -71.6114
35 -33.054 -71.6113
679 -33.054 -71.6113
274 -33.054 -71.6113
782 -33.0538 -71.6113
811 -33.0537 -71.6113
556 -33.0537 -71.6113
675 -33.0537 -71.6113
190 -33.0537 -71.6112
676 -33.0537 -71.6112
970 -33.0565 -71.61
132 -33.0553 -71.6096
748 -33.0559 -71.6091
259 -33.0547 -71.6104
463 -33.0546 -71.6105
72 -33.0547 -71.6104
535 -33.0546 -71.6085
285 -33.0546 -71.6085
912 -33.0546 -71.6085
705 -33.0545 -71.6085
473 -33.0546 -71.6085
477 -33.0545 -71.6085
873 -33.0544 -71.6085
83 -33.0544 -71.6085
225 -33.0543 -71.6085
438 -33.0543 -71.6085
384 -33.0541 -71.6105
888 -33.0542 -71.6085
858 -33.0542 -71.6085
505 -33.0538 -71.611
424 -33.0537 -71.6111
26 -33.0537 -71.6109
192 -33.0537 -71.6109
168 -33.0542 -71.6085
922 -33.0541 -71.6085
740 -33.0541 -71.6085
857 -33.0541 -71.6085
46 -33.0541 -71.6085
282 -33.054 -71.6085
422 -33.054 -71.6085
958 -33.0537 -71.6122
733 -33.0534 -71.6122
187 -33.0535 -71.6114
276 -33.0536 -71.6114
2 -33.0533 -71.6114
173 -33.0533 -71.6121
242 -33.0533 -71.6115
737 -33.0533 -71.6114
390 -33.0536 -71.6113
120 -33.0537 -71.6113
303 -33.0536 -71.6111
512 -33.0535 -71.611
674 -33.0534 -71.611
7 -33.0534 -71.611
797 -33.0534 -71.611
848 -33.0533 -71.611
480 -33.053 -71.6121
571 -33.0529 -71.6121
214 -33.0529 -71.6121
14 -33.0528 -71.6121
351 -33.0528 -71.6121
29 -33.0527 -71.6121
15 -33.0526 -71.6121
295 -33.0525 -71.6121
197 -33.0523 -71.612
97 -33.0526 -71.6117
578 -33.0527 -71.6116
910 -33.053 -71.6116
299 -33.0524 -71.6117
909 -33.0523 -71.612
916 -33.0522 -71.612
506 -33.0532 -71.6109
569 -33.0535 -71.6106
874 -33.0536 -71.6105
866 -33.0537 -71.6105
40 -33.0531 -71.6109
49 -33.0529 -71.6107
212 -33.0527 -71.6104
603 -33.0527 -71.6104
601 -33.0526 -71.6103
662 -33.0536 -71.6085
878 -33.0536 -71.6085
723 -33.0537 -71.6085
954 -33.0536 -71.6085
224 -33.0526 -71.6102
489 -33.0536 -71.6085
769 -33.0535 -71.6085
645 -33.0526 -71.6102
89 -33.0525 -71.6101
551 -33.0525 -71.6101
681 -33.0525 -71.6101
22 -33.0525 -71.61
575 -33.0524 -71.61
228 -33.0523 -71.6098
600 -33.0522 -71.6096
885 -33.0522 -71.6096
204 -33.0521 -71.6095
343 -33.0521 -71.6095
398 -33.0521 -71.6085
671 -33.0521 -71.6086
211 -33.0521 -71.6095
704 -33.0521 -71.6087
833 -33.054 -71.6085
129 -33.055 -71.6082
469 -33.055 -71.6082
558 -33.0551 -71.6082
11 -33.055 -71.6082
513 -33.0549 -71.6083
296 -33.0549 -71.6083
510 -33.055 -71.6082
934 -33.0551 -71.6081
886 -33.0558 -71.6081
528 -33.0572 -71.608
606 -33.0557 -71.608
454 -33.0553 -71.608
499 -33.0551 -71.6081
79 -33.0551 -71.6081
332 -33.0552 -71.6081
527 -33.0549 -71.6083
472 -33.054 -71.6085
138 -33.0539 -71.6085
613 -33.0546 -71.6085
555 -33.0539 -71.6085
478 -33.0539 -71.6085
592 -33.0539 -71.6085
944 -33.0539 -71.6085
223 -33.0547 -71.6084
335 -33.0548 -71.6084
400 -33.0548 -71.6083
461 -33.0549 -71.6083
929 -33.0548 -71.6084
700 -33.0547 -71.6084
657 -33.0547 -71.6084
411 -33.0548 -71.6084
300 -33.057 -71.608
474 -33.0568 -71.608
677 -33.0566 -71.608
808 -33.0566 -71.608
281 -33.0564 -71.608
63 -33.056 -71.6079
419 -33.056 -71.6079
925 -33.056 -71.6079
280 -33.056 -71.6079
291 -33.0566 -71.6073
441 -33.0572 -71.6047
147 -33.0562 -71.6044
331 -33.0562 -71.6074
159 -33.0559 -71.6079
491 -33.0561 -71.6075
870 -33.0561 -71.6044
768 -33.0559 -71.6043
876 -33.0557 -71.608
672 -33.0555 -71.6079
903 -33.0556 -71.6078
581 -33.0555 -71.6079
362 -33.0553 -71.608
977 -33.0554 -71.608
311 -33.0554 -71.6079
525 -33.0556 -71.6077
112 -33.0559 -71.6076
924 -33.055 -71.6045
90 -33.0554 -71.6044
221 -33.0547 -71.6046
98 -33.054 -71.6071
196 -33.0544 -71.6053
810 -33.0538 -71.6085
219 -33.0538 -71.6085
918 -33.0537 -71.6085
980 -33.0537 -71.6085
772 -33.0537 -71.6085
378 -33.0535 -71.6085
458 -33.0535 -71.6085
715 -33.0534 -71.6085
753 -33.0534 -71.6085
825 -33.0534 -71.6085
664 -33.0534 -71.6085
984 -33.0533 -71.6085
540 -33.0533 -71.6084
470 -33.0533 -71.6084
156 -33.0533 -71.6084
62 -33.0533 -71.6084
350 -33.0532 -71.6084
503 -33.0532 -71.6084
843 -33.0532 -71.6084
73 -33.0532 -71.6084
261 -33.0531 -71.6084
981 -33.0522 -71.6084
622 -33.0531 -71.6084
557 -33.053 -71.6083
381 -33.053 -71.6083
532 -33.0529 -71.6083
110 -33.0529 -71.6083
94 -33.0529 -71.6083
746 -33.0529 -71.6083
167 -33.0522 -71.6083
32 -33.0526 -71.6082
923 -33.0525 -71.6082
626 -33.0525 -71.6082
706 -33.0525 -71.6082
840 -33.0525 -71.6082
183 -33.0524 -71.6081
158 -33.0524 -71.6081
952 -33.0524 -71.6081
316 -33.0523 -71.6081
137 -33.0523 -71.6081
937 -33.053 -71.6065
78 -33.0538 -71.6048
620 -33.0528 -71.6047
169 -33.0528 -71.6047
690 -33.0523 -71.6081
595 -33.0524 -71.607
256 -33.0525 -71.6069
846 -33.0523 -71.6081
126 -33.0522 -71.6081
468 -33.0522 -71.6081
328 -33.0522 -71.6081
471 -33.0522 -71.6077
836 -33.0522 -71.6081
714 -33.0521 -71.6081
136 -33.0521 -71.6081
502 -33.0522 -71.6077
752 -33.0522 -71.6076
181 -33.0522 -71.6076
966 -33.0522 -71.6076
815 -33.0522 -71.6073
369 -33.0521 -71.6076
460 -33.0521 -71.6076
863 -33.0521 -71.6094
252 -33.0519 -71.612
577 -33.0519 -71.612
789 -33.0519 -71.612
387 -33.0519 -71.612
23 -33.0518 -71.612
272 -33.0517 -71.612
310 -33.0515 -71.612
160 -33.0514 -71.612
415 -33.0517 -71.6118
745 -33.0518 -71.6118
268 -33.0518 -71.6118
905 -33.0515 -71.6115
998 -33.0514 -71.6119
649 -33.0513 -71.6119
143 -33.0513 -71.6119
347 -33.0513 -71.6119
986 -33.0512 -71.612
386 -33.0512 -71.6119
742 -33.0512 -71.6118
141 -33.0512 -71.612
943 -33.0511 -71.6123
309 -33.0511 -71.6123
936 -33.0511 -71.6123
490 -33.05 -71.6112
965 -33.0501 -71.6109
893 -33.0501 -71.6108
959 -33.0501 -71.6108
445 -33.05 -71.611
609 -33.05 -71.6112
104 -33.05 -71.6111
689 -33.05 -71.611
41 -33.0501 -71.6108
731 -33.0507 -71.6102
397 -33.0506 -71.6102
267 -33.0506 -71.6102
245 -33.0505 -71.6102
806 -33.0504 -71.6102
691 -33.0505 -71.6102
887 -33.0504 -71.6102
247 -33.0504 -71.6102
371 -33.0511 -71.61
670 -33.0513 -71.6098
230 -33.0514 -71.6097
257 -33.0511 -71.61
720 -33.0505 -71.6102
554 -33.0503 -71.6101
813 -33.051 -71.6101
682 -33.0502 -71.6101
184 -33.0501 -71.6104
567 -33.0501 -71.6104
921 -33.0502 -71.6103
289 -33.0501 -71.6105
552 -33.0501 -71.6108
616 -33.0501 -71.6107
6 -33.0501 -71.6105
667 -33.0502 -71.6103
410 -33.0502 -71.6102
875 -33.0502 -71.6102
67 -33.0502 -71.6101
264 -33.0502 -71.6102
359 -33.0502 -71.6103
871 -33.0502 -71.6103
507 -33.05 -71.6113
543 -33.0499 -71.6118
396 -33.0499 -71.6118
699 -33.0499 -71.6117
352 -33.0499 -71.6119
95 -33.0499 -71.6121
684 -33.0499 -71.612
792 -33.0499 -71.612
426 -33.0499 -71.6116
443 -33.0499 -71.6116
570 -33.05 -71.6115
953 -33.05 -71.6114
37 -33.0499 -71.6113
135 -33.0499 -71.6113
594 -33.0499 -71.6113
777 -33.0497 -71.6113
45 -33.0497 -71.6112
439 -33.0489 -71.6123
817 -33.049 -71.612
974 -33.0491 -71.6116
317 -33.0482 -71.6113
96 -33.048 -71.612
241 -33.048 -71.6119
312 -33.048 -71.6119
630 -33.0497 -71.6112
584 -33.0496 -71.6112
114 -33.0496 -71.6112
275 -33.0496 -71.6112
926 -33.0495 -71.6112
449 -33.0495 -71.6112
131 -33.0494 -71.6112
526 -33.0482 -71.6112
330 -33.0493 -71.6112
451 -33.0493 -71.6112
28 -33.0494 -71.6099
729 -33.0492 -71.611
969 -33.0491 -71.6112
898 -33.0489 -71.6112
338 -33.0488 -71.6112
47 -33.0494 -71.6099
995 -33.0493 -71.6099
781 -33.0495 -71.6098
121 -33.0495 -71.6097
39 -33.0491 -71.6099
344 -33.0489 -71.6099
663 -33.0488 -71.6098
928 -33.0487 -71.6098
824 -33.0486 -71.6098
33 -33.0484 -71.6111
459 -33.0486 -71.6098
3 -33.0486 -71.6098
814 -33.0484 -71.6098
766 -33.0484 -71.6111
702 -33.0484 -71.6098
486 -33.0483 -71.6098
249 -33.0483 -71.6098
798 -33.0482 -71.6098
288 -33.0482 -71.6098
865 -33.0481 -71.6098
4 -33.048 -71.6098
695 -33.0474 -71.6098
985 -33.0474 -71.6098
650 -33.0495 -71.6097
861 -33.052 -71.6094
324 -33.052 -71.6093
593 -33.052 -71.6092
421 -33.052 -71.6091
882 -33.0519 -71.6092
284 -33.0519 -71.6092
734 -33.0519 -71.6092
349 -33.052 -71.6091
832 -33.052 -71.6089
182 -33.052 -71.6089
236 -33.052 -71.6088
227 -33.052 -71.6089
669 -33.052 -71.609
404 -33.052 -71.6089
856 -33.052 -71.6089
821 -33.0519 -71.6091
319 -33.0517 -71.6094
199 -33.0518 -71.6094
321 -33.0518 -71.6094
229 -33.0517 -71.6094
375 -33.0515 -71.6096
997 -33.0516 -71.6095
357 -33.0517 -71.6094
294 -33.0518 -71.6093
736 -33.0518 -71.6093
771 -33.0517 -71.609
607 -33.0517 -71.609
498 -33.0516 -71.6089
68 -33.0515 -71.6089
235 -33.0515 -71.6089
707 -33.0512 -71.6088
233 -33.0514 -71.6087
741 -33.0521 -71.6087
951 -33.052 -71.608
56 -33.052 -71.6076
757 -33.0519 -71.608
653 -33.0518 -71.6081
990 -33.0518 -71.6081
785 -33.0519 -71.608
365 -33.0518 -71.6076
382 -33.052 -71.607
770 -33.052 -71.607
673 -33.052 -71.607
293 -33.052 -71.6048
624 -33.0517 -71.6076
788 -33.0519 -71.6067
99 -33.0518 -71.6047
244 -33.0517 -71.606
738 -33.0513 -71.6087
437 -33.0513 -71.6087
82 -33.0513 -71.6087
71 -33.0513 -71.6084
306 -33.0513 -71.6087
16 -33.0512 -71.6084
172 -33.0512 -71.6084
243 -33.0513 -71.6084
125 -33.0514 -71.6083
417 -33.0515 -71.6083
325 -33.0515 -71.6075
406 -33.0514 -71.6083
845 -33.0513 -71.6084
957 -33.0513 -71.6052
185 -33.0511 -71.6086
544 -33.0508 -71.6085
395 -33.0508 -71.6085
562 -33.0507 -71.6085
623 -33.0507 -71.6092
776 -33.0501 -71.6092
193 -33.0502 -71.6092
215 -33.0504 -71.6088
8 -33.0506 -71.6085
91 -33.0506 -71.6085
625 -33.0506 -71.6085
534 -33.0506 -71.6085
658 -33.0506 -71.6085
203 -33.0503 -71.6085
867 -33.0503 -71.6085
791 -33.0499 -71.6084
566 -33.0498 -71.6084
536 -33.0497 -71.6084
429 -33.0496 -71.6084
270 -33.0496 -71.6084
161 -33.0496 -71.6084
906 -33.0494 -71.6084
508 -33.0494 -71.6083
914 -33.0493 -71.6083
617 -33.0492 -71.6083
717 -33.0489 -71.6083
188 -33.0486 -71.6082
59 -33.0485 -71.6082
380 -33.0485 -71.6082
568 -33.0485 -71.6082
618 -33.0483 -71.6082
346 -33.0481 -71.6082
103 -33.051 -71.6074
287 -33.051 -71.6074
993 -33.051 -71.6074
975 -33.0507 -71.6073
232 -33.0505 -71.6073
339 -33.0504 -71.6073
149 -33.0504 -71.6066
564 -33.0511 -71.6058
358 -33.051 -71.6058
65 -33.051 -71.6058
122 -33.0509 -71.6058
1 -33.0509 -71.6051
388 -33.0507 -71.6057
628 -33.0506 -71.6057
913 -33.0504 -71.6056
30 -33.0503 -71.6048
839 -33.0503 -71.6073
989 -33.0499 -71.6072
895 -33.0499 -71.6072
308 -33.0499 -71.6072
559 -33.0476 -71.6082
162 -33.0474 -71.6082
21 -33.0498 -71.6071
194 -33.0497 -71.6071
492 -33.05 -71.6055
896 -33.0499 -71.6055
826 -33.0502 -71.6047
800 -33.0498 -71.6054
514 -33.0494 -71.6053
533 -33.047 -71.6043
