497 -33.0545 -71.6227
647 -33.0545 -71.6227
5 -33.0545 -71.6226
142 -33.0544 -71.6228
550 -33.0544 -71.623
66 -33.0544 -71.6229
85 -33.0544 -71.6228
115 -33.0545 -71.6226
38 -33.0546 -71.6224
315 -33.0547 -71.6224
500 -33.0547 -71.6223
703 -33.0546 -71.6225
890 -33.0545 -71.6226
796 -33.0545 -71.6226
226 -33.0546 -71.6226
176 -33.0543 -71.6231
829 -33.0541 -71.6244
979 -33.0542 -71.6244
883 -33.0543 -71.6241
786 -33.054 -71.6244
25 -33.0535 -71.6245
598 -33.0538 -71.6245
589 -33.0539 -71.6245
109 -33.0543 -71.6239
697 -33.0543 -71.6237
313 -33.0543 -71.6233
940 -33.0543 -71.6231
217 -33.0543 -71.6237
479 -33.0543 -71.6236
53 -33.0543 -71.6235
961 -33.0543 -71.6234
327 -33.0547 -71.6222
253 -33.0551 -71.6216
930 -33.0552 -71.6216
177 -33.0552 -71.6215
880 -33.0551 -71.621
260 -33.0549 -71.622
487 -33.055 -71.6218
266 -33.0551 -71.6217
407 -33.0549 -71.6183
475 -33.0568 -71.6183
189 -33.0552 -71.6178
765 -33.0553 -71.6178
367 -33.0551 -71.6179
978 -33.055 -71.6181
582 -33.055 -71.618
963 -33.0551 -71.6179
179 -33.0549 -71.6205
678 -33.0548 -71.6221
210 -33.0545 -71.6202
377 -33.0544 -71.6201
816 -33.0539 -71.6184
301 -33.0535 -71.6187
42 -33.0535 -71.6187
134 -33.0538 -71.6184
881 -33.0539 -71.6184
370 -33.0546 -71.6184
408 -33.0546 -71.6184
537 -33.0548 -71.6184
255 -33.0544 -71.6184
376 -33.054 -71.6184
549 -33.0543 -71.6184
542 -33.0534 -71.6187
710 -33.0533 -71.6246
987 -33.0534 -71.6246
69 -33.0533 -71.6188
92 -33.0533 -71.6246
409 -33.0527 -71.6246
698 -33.0531 -71.6188
754 -33.0531 -71.6188
373 -33.053 -71.6187
455 -33.053 -71.6187
361 -33.0534 -71.6187
587 -33.0529 -71.6187
216 -33.0528 -71.6187
760 -33.0528 -71.6187
809 -33.0527 -71.6187
919 -33.0526 -71.6187
456 -33.0525 -71.6186
629 -33.0522 -71.6244
849 -33.052 -71.6244
101 -33.0512 -71.6231
34 -33.0506 -71.6211
633 -33.0505 -71.6215
447 -33.0506 -71.6214
935 -33.0504 -71.621
493 -33.0504 -71.621
116 -33.0512 -71.6188
399 -33.0512 -71.6188
803 -33.0524 -71.6186
732 -33.0502 -71.6208
144 -33.05 -71.6188
597 -33.0499 -71.6188
111 -33.05 -71.6187
355 -33.0524 -71.6186
341 -33.0523 -71.6186
434 -33.0521 -71.6185
761 -33.0521 -71.6185
844 -33.0521 -71.6185
838 -33.052 -71.6185
198 -33.052 -71.6185
973 -33.0519 -71.6185
713 -33.0519 -71.6184
775 -33.0519 -71.6184
891 -33.0518 -71.6184
767 -33.0517 -71.6184
466 -33.0516 -71.6184
547 -33.0516 -71.6184
166 -33.0512 -71.6184
495 -33.0512 -71.6183
323 -33.0512 -71.6185
687 -33.051 -71.6186
448 -33.0509 -71.6186
831 -33.0509 -71.6185
340 -33.0508 -71.6185
852 -33.05 -71.6186
163 -33.05 -71.6186
262 -33.0508 -71.6185
17 -33.0501 -71.6183
632 -33.0502 -71.6183
431 -33.0508 -71.6181
727 -33.0501 -71.6178
250 -33.0501 -71.6183
614 -33.05 -71.6178
393 -33.0499 -71.6178
413 -33.0553 -71.6177
774 -33.0559 -71.6163
560 -33.056 -71.6162
561 -33.0562 -71.616
869 -33.0557 -71.6168
668 -33.0554 -71.6174
57 -33.0555 -71.6173
646 -33.0556 -71.6172
842 -33.0559 -71.6159
483 -33.0559 -71.6159
531 -33.0558 -71.6159
297 -33.0562 -71.6159
994 -33.0558 -71.6157
501 -33.0558 -71.6159
124 -33.0557 -71.6159
640 -33.0554 -71.6158
464 -33.0554 -71.6158
950 -33.0553 -71.6158
608 -33.0553 -71.6158
20 -33.0553 -71.6158
60 -33.0551 -71.6158
146 -33.0527 -71.6159
442 -33.0527 -71.6159
580 -33.0527 -71.6158
271 -33.0526 -71.6158
879 -33.055 -71.6158
818 -33.055 -71.6158
286 -33.055 -71.6158
18 -33.0542 -71.6157
269 -33.0529 -71.6157
641 -33.0523 -71.6156
819 -33.052 -71.6156
150 -33.0524 -71.6156
991 -33.056 -71.6153
948 -33.056 -71.6152
482 -33.0561 -71.6152
822 -33.054 -71.6156
450 -33.0539 -71.6156
389 -33.0537 -71.6156
743 -33.0536 -71.6156
945 -33.0562 -71.6152
872 -33.0562 -71.6152
976 -33.0562 -71.6152
118 -33.0563 -71.6151
917 -33.055 -71.6124
686 -33.0547 -71.615
127 -33.0544 -71.6148
467 -33.0544 -71.6125
476 -33.0535 -71.6155
251 -33.0534 -71.6155
955 -33.0533 -71.6155
726 -33.0532 -71.6155
279 -33.0532 -71.6155
520 -33.053 -71.6156
693 -33.053 -71.6155
107 -33.053 -71.6155
123 -33.0531 -71.6155
602 -33.053 -71.6155
762 -33.0532 -71.614
105 -33.0526 -71.6137
405 -33.0526 -71.6136
907 -33.0526 -71.6136
446 -33.0522 -71.6133
488 -33.052 -71.6156
290 -33.0519 -71.6156
403 -33.0519 -71.6132
423 -33.0519 -71.6132
145 -33.0516 -71.6131
730 -33.0513 -71.6156
546 -33.0511 -71.6156
117 -33.0508 -71.6155
356 -33.0511 -71.6131
171 -33.0512 -71.6131
102 -33.051 -71.6131
759 -33.0511 -71.6131
391 -33.051 -71.6131
611 -33.051 -71.6131
108 -33.051 -71.6131
711 -33.0509 -71.6131
254 -33.0508 -71.6155
787 -33.0504 -71.6158
545 -33.0505 -71.6157
721 -33.0505 -71.6157
946 -33.0503 -71.6158
795 -33.0497 -71.6159
860 -33.0499 -71.6157
565 -33.0499 -71.6157
908 -33.0505 -71.6157
292 -33.0508 -71.6155
992 -33.0506 -71.6155
812 -33.0505 -71.6155
864 -33.0505 -71.6156
320 -33.0498 -71.6157
892 -33.0505 -71.6156
200 -33.0508 -71.6131
208 -33.0508 -71.6131
202 -33.0508 -71.6131
433 -33.0511 -71.6131
615 -33.0507 -71.6131
334 -33.0506 -71.6131
70 -33.0505 -71.613
837 -33.0504 -71.613
931 -33.0511 -71.613
986 -33.0511 -71.6126
141 -33.0511 -71.6126
386 -33.0511 -71.6125
936 -33.0511 -71.6128
151 -33.0511 -71.613
309 -33.0511 -71.6129
943 -33.0511 -71.6129
801 -33.0502 -71.613
87 -33.0502 -71.613
661 -33.0502 -71.613
725 -33.0502 -71.613
372 -33.0501 -71.613
877 -33.0501 -71.613
265 -33.05 -71.613
599 -33.0499 -71.6129
585 -33.0499 -71.6129
655 -33.0498 -71.6129
792 -33.0498 -71.6125
352 -33.0498 -71.6124
684 -33.0498 -71.6126
841 -33.0497 -71.6129
95 -33.0498 -71.6126
246 -33.0497 -71.6129
716 -33.0495 -71.6197
694 -33.0495 -71.6196
859 -33.0494 -71.6188
799 -33.0494 -71.6193
901 -33.0494 -71.6192
283 -33.0494 -71.619
440 -33.0494 -71.6189
999 -33.0494 -71.6188
412 -33.0497 -71.6186
712 -33.0485 -71.6183
900 -33.0485 -71.6182
529 -33.0485 -71.6184
213 -33.0485 -71.6184
130 -33.0485 -71.6184
897 -33.0485 -71.6184
263 -33.0484 -71.6185
889 -33.0482 -71.619
573 -33.0482 -71.6189
206 -33.0483 -71.6189
170 -33.0481 -71.6191
605 -33.048 -71.6194
113 -33.0481 -71.6193
333 -33.0481 -71.6192
416 -33.0483 -71.6189
318 -33.0484 -71.6186
453 -33.0484 -71.6186
165 -33.0484 -71.6185
239 -33.0484 -71.6186
949 -33.0483 -71.6188
10 -33.0483 -71.6188
983 -33.0483 -71.6188
36 -33.0485 -71.6182
128 -33.0497 -71.6177
830 -33.0496 -71.6177
504 -33.0496 -71.6177
850 -33.0488 -71.6173
572 -33.0487 -71.6176
612 -33.0488 -71.6175
884 -33.0488 -71.6174
688 -33.0488 -71.6173
462 -33.0488 -71.6172
374 -33.0489 -71.6171
77 -33.0489 -71.617
106 -33.0488 -71.6172
432 -33.0488 -71.6173
574 -33.0488 -71.6173
302 -33.0488 -71.6173
13 -33.0487 -71.6176
631 -33.0486 -71.618
854 -33.0486 -71.6179
834 -33.0486 -71.6179
692 -33.0486 -71.6181
868 -33.0485 -71.6181
394 -33.0486 -71.6181
660 -33.0486 -71.6181
174 -33.0487 -71.6178
586 -33.0487 -71.6178
273 -33.0487 -71.6177
191 -33.0487 -71.6177
904 -33.0487 -71.6178
364 -33.0487 -71.6178
652 -33.0483 -71.6172
639 -33.048 -71.6194
139 -33.0474 -71.6227
938 -33.0474 -71.6227
277 -33.0474 -71.6226
820 -33.0474 -71.6227
802 -33.0474 -71.6226
322 -33.0474 -71.6226
735 -33.0474 -71.6225
696 -33.0474 -71.6224
755 -33.0474 -71.6208
55 -33.0474 -71.6208
722 -33.0475 -71.6205
516 -33.0474 -71.6222
222 -33.0474 -71.6222
360 -33.0474 -71.622
718 -33.0474 -71.622
205 -33.0473 -71.6228
485 -33.0472 -71.6216
80 -33.0472 -71.6216
583 -33.0472 -71.6214
509 -33.0472 -71.6214
764 -33.0472 -71.6215
220 -33.0462 -71.6214
784 -33.0462 -71.6214
911 -33.0472 -71.6212
484 -33.0473 -71.6212
939 -33.0473 -71.6211
9 -33.0473 -71.6211
88 -33.0465 -71.6207
988 -33.0463 -71.6212
982 -33.0463 -71.6211
152 -33.0475 -71.6205
157 -33.0478 -71.6197
763 -33.0478 -71.6196
794 -33.0478 -71.6196
708 -33.0476 -71.62
530 -33.0475 -71.6205
511 -33.0476 -71.6203
635 -33.0476 -71.6202
383 -33.0479 -71.6196
155 -33.048 -71.6194
435 -33.0476 -71.6172
50 -33.0476 -71.6172
862 -33.0476 -71.6173
140 -33.0475 -71.6175
853 -33.0475 -71.6175
941 -33.0475 -71.6174
610 -33.0474 -71.6203
644 -33.0469 -71.6201
968 -33.0469 -71.6193
793 -33.047 -71.619
724 -33.0468 -71.6196
643 -33.0466 -71.6202
427 -33.0468 -71.62
827 -33.0467 -71.62
972 -33.047 -71.619
348 -33.0473 -71.6182
81 -33.0473 -71.6181
604 -33.0473 -71.6181
933 -33.0473 -71.6183
553 -33.0472 -71.6184
48 -33.0472 -71.6183
314 -33.0477 -71.617
430 -33.0495 -71.6162
148 -33.0495 -71.6162
93 -33.0496 -71.616
385 -33.0495 -71.6163
783 -33.0495 -71.6163
756 -33.0495 -71.6163
363 -33.0492 -71.6157
240 -33.0492 -71.6157
278 -33.0493 -71.6153
76 -33.0493 -71.6153
548 -33.0493 -71.6153
74 -33.0493 -71.6154
64 -33.0492 -71.6156
654 -33.0492 -71.6155
27 -33.0493 -71.6154
425 -33.0492 -71.6157
0 -33.049 -71.6166
496 -33.049 -71.6166
337 -33.0491 -71.6165
637 -33.049 -71.6168
780 -33.049 -71.6169
195 -33.049 -71.6168
75 -33.0489 -71.6165
701 -33.0491 -71.6164
401 -33.0492 -71.6159
481 -33.0492 -71.6159
828 -33.0492 -71.6159
457 -33.0491 -71.6161
680 -33.0491 -71.6164
234 -33.0491 -71.6163
956 -33.0491 -71.6161
207 -33.0493 -71.6153
428 -33.0495 -71.614
539 -33.0495 -71.6139
164 -33.0495 -71.6138
180 -33.0495 -71.6141
329 -33.0494 -71.6146
656 -33.0494 -71.6144
258 -33.0495 -71.6142
750 -33.0496 -71.6136
524 -33.0496 -71.6133
517 -33.0497 -71.6129
835 -33.0496 -71.6129
744 -33.0496 -71.6129
379 -33.0496 -71.6136
942 -33.0494 -71.6129
201 -33.0494 -71.6129
392 -33.0494 -71.6129
86 -33.0493 -71.615
804 -33.0493 -71.615
739 -33.0493 -71.6129
518 -33.0493 -71.615
522 -33.0493 -71.6153
709 -33.0493 -71.6152
665 -33.0493 -71.6152
336 -33.0493 -71.6129
100 -33.0493 -71.6129
902 -33.0493 -71.6129
915 -33.0492 -71.6129
621 -33.0489 -71.6129
749 -33.0488 -71.6129
996 -33.0488 -71.6129
817 -33.0488 -71.6126
304 -33.0486 -71.6164
971 -33.0482 -71.6152
823 -33.0482 -71.6152
418 -33.0482 -71.6152
248 -33.0482 -71.6152
590 -33.0482 -71.6152
758 -33.0482 -71.6152
119 -33.0482 -71.6151
345 -33.0483 -71.6145
683 -33.0483 -71.6145
133 -33.0483 -71.6145
153 -33.0483 -71.6146
231 -33.0482 -71.6151
807 -33.0482 -71.615
178 -33.0483 -71.6147
44 -33.0481 -71.6154
778 -33.0477 -71.6168
519 -33.0478 -71.6167
218 -33.0478 -71.6166
541 -33.0477 -71.6168
84 -33.0477 -71.617
855 -33.0477 -71.6169
436 -33.0477 -71.6168
960 -33.0478 -71.6165
648 -33.048 -71.6157
538 -33.048 -71.6157
728 -33.0481 -71.6155
31 -33.048 -71.6159
851 -33.0479 -71.6161
515 -33.0479 -71.6161
847 -33.0484 -71.6144
666 -33.0486 -71.6134
638 -33.0486 -71.6134
894 -33.0486 -71.6133
342 -33.0486 -71.6135
719 -33.0486 -71.6136
779 -33.0486 -71.6136
920 -33.0486 -71.6136
651 -33.0486 -71.6132
465 -33.0487 -71.6129
932 -33.0487 -71.6129
439 -33.0488 -71.6128
805 -33.0487 -71.613
58 -33.0487 -71.6132
186 -33.0486 -71.6129
659 -33.0486 -71.6129
947 -33.0485 -71.6137
685 -33.0485 -71.6139
596 -33.0485 -71.6137
588 -33.0484 -71.6129
444 -33.0484 -71.6143
899 -33.0484 -71.6143
634 -33.0473 -71.6139
964 -33.0481 -71.6128
24 -33.0481 -71.6128
96 -33.0478 -71.6125
241 -33.0479 -71.6124
312 -33.0479 -71.6124
494 -33.0478 -71.6128
353 -33.0466 -71.6125
54 -33.0463 -71.6124
579 -33.055 -71.6124
354 -33.0554 -71.6124
43 -33.0554 -71.6124
576 -33.0555 -71.6124
521 -33.0554 -71.6124
368 -33.0548 -71.6124
747 -33.0554 -71.6124
523 -33.0546 -71.6124
19 -33.0561 -71.6123
420 -33.0556 -71.6123
790 -33.0559 -71.6123
326 -33.0558 -71.6123
414 -33.0556 -71.6123
298 -33.0543 -71.6123
591 -33.0544 -71.612
563 -33.0543 -71.6119
154 -33.0543 -71.6122
237 -33.0542 -71.6122
967 -33.0543 -71.6122
209 -33.0543 -71.6118
619 -33.0542 -71.6124
238 -33.054 -71.6122
305 -33.0538 -71.6122
962 -33.0536 -71.6122
636 -33.0542 -71.6118
366 -33.0542 -71.6117
307 -33.0542 -71.6117
627 -33.0542 -71.6117
751 -33.0542 -71.6117
52 -33.0541 -71.6116
402 -33.0541 -71.6115
452 -33.054 -71.6114
175 -33.054 -71.6114
61 -33.0538 -71.6112
463 -33.0541 -71.6105
72 -33.0542 -71.6105
569 -33.0538 -71.6111
192 -33.0537 -71.6113
12 -33.0538 -71.6112
874 -33.0537 -71.6109
259 -33.0542 -71.6105
970 -33.0561 -71.6102
132 -33.0551 -71.6101
748 -33.056 -71.6086
469 -33.0546 -71.6085
129 -33.0546 -71.6085
11 -33.0546 -71.6085
510 -33.0546 -71.6085
505 -33.0537 -71.6113
26 -33.0537 -71.6113
927 -33.0536 -71.6111
866 -33.0537 -71.6108
35 -33.0536 -71.6111
773 -33.0536 -71.6111
274 -33.0535 -71.6111
679 -33.0535 -71.6111
384 -33.0536 -71.6105
857 -33.0536 -71.6085
922 -33.0536 -71.6085
740 -33.0537 -71.6085
46 -33.0536 -71.6085
592 -33.0535 -71.6087
282 -33.0535 -71.6085
810 -33.0534 -71.6088
51 -33.0534 -71.6122
642 -33.0533 -71.6122
958 -33.0532 -71.6121
390 -33.0532 -71.6115
737 -33.0529 -71.6116
187 -33.053 -71.6116
276 -33.0531 -71.6115
120 -33.0532 -71.6115
811 -33.0533 -71.6115
782 -33.0533 -71.6115
190 -33.0533 -71.611
675 -33.0533 -71.6115
556 -33.0533 -71.6115
424 -33.0533 -71.6109
676 -33.0533 -71.6109
2 -33.0529 -71.6116
733 -33.0529 -71.6121
173 -33.0528 -71.6121
480 -33.0525 -71.6121
571 -33.0525 -71.6121
214 -33.0524 -71.612
14 -33.0523 -71.612
351 -33.0523 -71.612
29 -33.0522 -71.612
578 -33.0522 -71.6117
910 -33.0526 -71.6117
242 -33.0528 -71.6116
15 -33.0522 -71.612
295 -33.052 -71.612
97 -33.0521 -71.6117
303 -33.0532 -71.6109
512 -33.053 -71.6108
674 -33.0529 -71.6108
797 -33.0529 -71.6108
7 -33.0529 -71.6108
848 -33.0529 -71.6107
506 -33.0528 -71.6106
40 -33.0528 -71.6105
49 -33.0526 -71.6102
212 -33.0524 -71.61
603 -33.0524 -71.6099
772 -33.0533 -71.6088
601 -33.0524 -71.6098
224 -33.0523 -71.6098
645 -33.0523 -71.6097
89 -33.0522 -71.6097
551 -33.0522 -71.6096
681 -33.0522 -71.6096
22 -33.0522 -71.6096
575 -33.0522 -71.6096
228 -33.052 -71.6093
600 -33.0519 -71.6092
671 -33.052 -71.6091
398 -33.052 -71.6091
981 -33.052 -71.609
316 -33.0521 -71.6086
421 -33.0521 -71.6085
137 -33.0521 -71.6085
846 -33.0521 -71.6086
167 -33.052 -71.6088
593 -33.0521 -71.6087
296 -33.0545 -71.6085
513 -33.0545 -71.6085
461 -33.0545 -71.6085
934 -33.0547 -71.6084
527 -33.0545 -71.6085
929 -33.0544 -71.6085
400 -33.0544 -71.6085
335 -33.0543 -71.6085
558 -33.0547 -71.6084
362 -33.0549 -71.6083
977 -33.0549 -71.6083
311 -33.055 -71.6083
454 -33.0549 -71.6083
79 -33.0547 -71.6084
499 -33.0547 -71.6084
332 -33.0548 -71.6084
411 -33.0543 -71.6085
657 -33.0543 -71.6085
700 -33.0542 -71.6085
223 -33.0542 -71.6085
613 -33.0542 -71.6085
473 -33.0541 -71.6085
912 -33.0541 -71.6085
535 -33.0541 -71.6085
285 -33.0541 -71.6085
705 -33.0541 -71.6085
477 -33.054 -71.6085
873 -33.0539 -71.6085
83 -33.0539 -71.6085
225 -33.0539 -71.6085
438 -33.0538 -71.6085
888 -33.0538 -71.6085
581 -33.055 -71.6082
528 -33.0567 -71.608
300 -33.0565 -71.608
474 -33.0563 -71.608
808 -33.0562 -71.6079
677 -33.0562 -71.6079
281 -33.0559 -71.6079
925 -33.0555 -71.6078
419 -33.0556 -71.6078
291 -33.0561 -71.6075
441 -33.0567 -71.6046
147 -33.0558 -71.6043
331 -33.0557 -71.6077
63 -33.0556 -71.6078
491 -33.0556 -71.6077
870 -33.0557 -71.6043
768 -33.0555 -71.6047
606 -33.0554 -71.608
112 -33.0554 -71.6079
886 -33.0555 -71.6079
876 -33.0553 -71.608
672 -33.0551 -71.6082
903 -33.0552 -71.6081
525 -33.0553 -71.608
159 -33.0555 -71.6079
280 -33.0555 -71.6079
924 -33.0545 -71.6046
90 -33.0549 -71.6045
221 -33.0542 -71.6047
98 -33.0539 -71.6077
196 -33.0541 -71.6057
858 -33.0538 -71.6085
833 -33.0535 -71.6085
422 -33.0535 -71.6085
168 -33.0537 -71.6085
472 -33.0535 -71.6085
478 -33.0535 -71.6085
555 -33.0534 -71.6085
138 -33.0534 -71.6085
944 -33.0534 -71.6085
918 -33.0533 -71.6084
219 -33.0533 -71.6084
980 -33.0533 -71.6084
723 -33.0532 -71.6084
878 -33.0532 -71.6084
662 -33.0531 -71.6084
489 -33.0531 -71.6084
954 -33.0531 -71.6084
769 -33.0531 -71.6084
378 -33.053 -71.6083
458 -33.053 -71.6083
715 -33.053 -71.6083
158 -33.0521 -71.6085
840 -33.0522 -71.6084
227 -33.0522 -71.6084
626 -33.0522 -71.6083
825 -33.0529 -71.6083
753 -33.0529 -71.6083
664 -33.0529 -71.6083
984 -33.0529 -71.6083
470 -33.0528 -71.6083
540 -33.0529 -71.6083
156 -33.0529 -71.6083
62 -33.0528 -71.6083
843 -33.0527 -71.6082
73 -33.0527 -71.6082
350 -33.0527 -71.6082
503 -33.0527 -71.6082
261 -33.0526 -71.6082
622 -33.0526 -71.6082
557 -33.0526 -71.6082
381 -33.0525 -71.6082
937 -33.0526 -71.6068
78 -33.0533 -71.6047
532 -33.0525 -71.6082
110 -33.0524 -71.6082
94 -33.0524 -71.6081
746 -33.0524 -71.6081
169 -33.0523 -71.6048
923 -33.0522 -71.6083
32 -33.0522 -71.6083
706 -33.0522 -71.6078
595 -33.0522 -71.6075
183 -33.052 -71.608
952 -33.0519 -71.608
690 -33.0522 -71.6076
256 -33.0522 -71.6073
502 -33.0521 -71.6072
752 -33.0521 -71.607
620 -33.0523 -71.6048
181 -33.0521 -71.607
966 -33.0521 -71.607
815 -33.0519 -71.6067
704 -33.0519 -71.6092
197 -33.0518 -71.612
909 -33.0518 -71.612
916 -33.0517 -71.612
577 -33.0514 -71.612
252 -33.0514 -71.612
23 -33.0514 -71.6119
387 -33.0514 -71.6119
789 -33.0514 -71.6119
299 -33.0519 -71.6118
347 -33.0514 -71.6116
742 -33.0515 -71.6114
745 -33.0513 -71.6119
415 -33.0512 -71.6119
268 -33.0513 -71.6119
905 -33.0512 -71.6114
272 -33.0512 -71.6119
998 -33.0511 -71.6122
160 -33.0511 -71.6122
310 -33.0512 -71.6121
649 -33.0511 -71.6123
143 -33.0511 -71.6123
959 -33.05 -71.6114
41 -33.05 -71.6113
616 -33.05 -71.6112
921 -33.0501 -71.6109
667 -33.0501 -71.6109
871 -33.0501 -71.6109
184 -33.05 -71.611
6 -33.05 -71.6111
289 -33.05 -71.6111
567 -33.05 -71.611
359 -33.0501 -71.6108
230 -33.051 -71.6101
375 -33.0512 -71.6099
997 -33.0512 -71.6099
670 -33.0509 -71.6102
371 -33.0507 -71.6102
257 -33.0507 -71.6102
813 -33.0505 -71.6102
357 -33.0513 -71.6098
294 -33.0514 -71.6097
736 -33.0514 -71.6097
882 -33.0515 -71.6096
321 -33.0514 -71.6097
229 -33.0513 -71.6098
319 -33.0514 -71.6097
199 -33.0514 -71.6097
731 -33.0503 -71.6101
682 -33.0501 -71.6107
554 -33.0501 -71.6105
887 -33.0501 -71.6105
875 -33.0501 -71.6107
264 -33.0501 -71.6107
67 -33.0501 -71.6107
410 -33.0501 -71.6107
247 -33.0501 -71.6104
245 -33.0502 -71.6103
267 -33.0502 -71.6103
397 -33.0502 -71.6102
720 -33.0502 -71.6104
691 -33.0501 -71.6104
806 -33.0501 -71.6104
893 -33.05 -71.6114
426 -33.0498 -71.6122
570 -33.0499 -71.6121
953 -33.0499 -71.6119
443 -33.0498 -71.6122
543 -33.0498 -71.6124
396 -33.0498 -71.6123
699 -33.0498 -71.6123
507 -33.0499 -71.6119
609 -33.0499 -71.6117
689 -33.0499 -71.6116
552 -33.0499 -71.6113
965 -33.0498 -71.6113
445 -33.0498 -71.6113
104 -33.0497 -71.6112
490 -33.0496 -71.6112
37 -33.0494 -71.6112
135 -33.0494 -71.6112
594 -33.0494 -71.6112
777 -33.0492 -71.6112
974 -33.0489 -71.6121
317 -33.0481 -71.6118
526 -33.0481 -71.6118
766 -33.0481 -71.6115
45 -33.0492 -71.6112
630 -33.0492 -71.6112
584 -33.0491 -71.6112
114 -33.0491 -71.6112
275 -33.0491 -71.6112
926 -33.049 -71.6112
449 -33.049 -71.6112
131 -33.0489 -71.6112
729 -33.0489 -71.6112
330 -33.0488 -71.6112
781 -33.0494 -71.6103
451 -33.0488 -71.6112
969 -33.0486 -71.6112
898 -33.0484 -71.6111
338 -33.0483 -71.6111
650 -33.0492 -71.6099
121 -33.0492 -71.6099
28 -33.049 -71.6099
47 -33.0489 -71.6099
995 -33.0488 -71.6098
39 -33.0486 -71.6098
344 -33.0485 -71.6098
663 -33.0483 -71.6098
928 -33.0482 -71.6098
824 -33.0481 -71.6098
459 -33.0481 -71.6098
3 -33.0481 -71.6098
33 -33.048 -71.6111
985 -33.0469 -71.6098
814 -33.0479 -71.6098
695 -33.047 -71.6098
702 -33.0479 -71.6098
486 -33.0478 -71.6098
249 -33.0478 -71.6098
798 -33.0477 -71.6098
288 -33.0477 -71.6098
865 -33.0477 -71.6098
4 -33.0475 -71.6098
284 -33.0515 -71.6096
856 -33.0518 -71.6094
832 -33.0518 -71.6094
182 -33.0518 -71.6093
404 -33.0517 -71.6094
349 -33.0516 -71.6095
669 -33.0517 -71.6094
861 -33.0517 -71.6094
236 -33.0518 -71.6093
741 -33.0519 -71.6092
885 -33.0519 -71.6092
204 -33.0518 -71.6091
211 -33.0518 -71.6091
343 -33.0518 -71.6091
863 -33.0517 -71.609
324 -33.0516 -71.6089
734 -33.0515 -71.6089
821 -33.0515 -71.6088
771 -33.0513 -71.6087
607 -33.0513 -71.6087
498 -33.0512 -71.6086
707 -33.051 -71.6092
235 -33.0511 -71.6086
68 -33.0511 -71.6086
125 -33.051 -71.6086
406 -33.0509 -71.6085
233 -33.0509 -71.6085
437 -33.0509 -71.6085
82 -33.0509 -71.6085
845 -33.0509 -71.6085
738 -33.0509 -71.6085
243 -33.0509 -71.6085
306 -33.0508 -71.6085
126 -33.0518 -71.6081
468 -33.0518 -71.6081
328 -33.0518 -71.6081
836 -33.0518 -71.6081
951 -33.0516 -71.6082
714 -33.0517 -71.6082
136 -33.0517 -71.6082
471 -33.0518 -71.6076
382 -33.0518 -71.6065
770 -33.0518 -71.6065
673 -33.0518 -71.6065
293 -33.0517 -71.6049
369 -33.0516 -71.6075
788 -33.0517 -71.6062
99 -33.0517 -71.6051
460 -33.0516 -71.6075
990 -33.0513 -71.6084
653 -33.0513 -71.6084
757 -33.0515 -71.6083
417 -33.051 -71.6085
71 -33.0508 -71.6085
16 -33.0508 -71.6085
172 -33.0508 -71.6085
785 -33.0515 -71.6083
56 -33.0516 -71.6075
624 -33.0513 -71.6075
365 -33.0513 -71.6075
244 -33.0512 -71.6059
325 -33.051 -71.6074
957 -33.0511 -71.6057
185 -33.0506 -71.6085
8 -33.0504 -71.609
395 -33.0505 -71.6087
544 -33.0503 -71.6085
623 -33.0502 -71.6092
215 -33.0502 -71.6092
776 -33.0497 -71.6091
193 -33.0497 -71.6091
562 -33.0502 -71.6085
91 -33.0502 -71.6085
625 -33.0502 -71.6085
534 -33.0501 -71.6084
658 -33.0501 -71.6084
203 -33.0499 -71.6084
867 -33.0498 -71.6084
791 -33.0494 -71.6084
566 -33.0493 -71.6083
536 -33.0492 -71.6083
429 -33.0491 -71.6083
270 -33.0491 -71.6083
161 -33.0491 -71.6083
906 -33.0489 -71.6083
508 -33.0489 -71.6083
914 -33.0488 -71.6083
617 -33.0487 -71.6083
717 -33.0485 -71.6082
188 -33.0481 -71.6082
59 -33.0481 -71.6082
380 -33.048 -71.6082
568 -33.048 -71.6082
618 -33.0478 -71.6082
346 -33.0476 -71.6082
287 -33.0505 -71.6073
103 -33.0505 -71.6073
993 -33.0505 -71.6073
975 -33.0502 -71.6072
232 -33.05 -71.6072
339 -33.0499 -71.6072
149 -33.0499 -71.6066
564 -33.0506 -71.6057
358 -33.0506 -71.6057
65 -33.0505 -71.6057
122 -33.0504 -71.6056
1 -33.0504 -71.6049
388 -33.0502 -71.6056
628 -33.0501 -71.6055
913 -33.0499 -71.6055
30 -33.0499 -71.6045
839 -33.0498 -71.6072
989 -33.0494 -71.6071
895 -33.0494 -71.6071
308 -33.0494 -71.6071
559 -33.0471 -71.6082
162 -33.0469 -71.6081
21 -33.0493 -71.607
194 -33.0493 -71.607
492 -33.0496 -71.6053
896 -33.0495 -71.6053
826 -33.0498 -71.6045
800 -33.0494 -71.6053
514 -33.049 -71.605
533 -33.0466 -71.6045
