497 -33.0514 -71.626
940 -33.0517 -71.6257
327 -33.0513 -71.6256
142 -33.0512 -71.6261
176 -33.0507 -71.626
38 -33.051 -71.6255
935 -33.0511 -71.6255
266 -33.0518 -71.6254
930 -33.0516 -71.6252
880 -33.0517 -71.6237
177 -33.0513 -71.6236
732 -33.0513 -71.6247
315 -33.0512 -71.6247
253 -33.0513 -71.6245
799 -33.0513 -71.6243
115 -33.0506 -71.6249
961 -33.0506 -71.626
66 -33.0504 -71.6254
85 -33.0505 -71.6251
716 -33.0502 -71.6246
217 -33.0499 -71.6256
479 -33.05 -71.6255
796 -33.0501 -71.6244
647 -33.05 -71.6244
678 -33.0505 -71.6243
890 -33.0504 -71.6239
703 -33.0504 -71.6237
226 -33.0503 -71.6241
694 -33.05 -71.6244
5 -33.0501 -71.6241
440 -33.0503 -71.624
500 -33.0506 -71.6234
210 -33.0517 -71.6226
377 -33.0516 -71.6224
373 -33.0517 -71.6212
487 -33.0514 -71.6229
260 -33.0509 -71.6234
179 -33.051 -71.6221
713 -33.0506 -71.6217
74 -33.0506 -71.6211
76 -33.0508 -71.6208
542 -33.0516 -71.6206
301 -33.0516 -71.6203
69 -33.0508 -71.6202
761 -33.0506 -71.6209
838 -33.0507 -71.6209
341 -33.0507 -71.6206
355 -33.0505 -71.6205
637 -33.0505 -71.6225
956 -33.0504 -71.6219
775 -33.0504 -71.6215
283 -33.0501 -71.6229
901 -33.0499 -71.6228
302 -33.0499 -71.6225
234 -33.0499 -71.6219
547 -33.0502 -71.6214
425 -33.0505 -71.6214
216 -33.0504 -71.6203
587 -33.0504 -71.6202
973 -33.0504 -71.6208
760 -33.0501 -71.6204
456 -33.0502 -71.6203
166 -33.0499 -71.6216
883 -33.0494 -71.6252
34 -33.0495 -71.6251
109 -33.0497 -71.6248
829 -33.0493 -71.6248
101 -33.0492 -71.6257
633 -33.0491 -71.6254
447 -33.0491 -71.6251
550 -33.0498 -71.6241
313 -33.0499 -71.6235
53 -33.0495 -71.623
77 -33.0498 -71.6226
206 -33.0494 -71.6236
697 -33.0492 -71.6241
852 -33.0489 -71.6232
213 -33.0491 -71.6231
597 -33.0489 -71.6236
598 -33.0488 -71.6257
786 -33.0488 -71.6255
493 -33.0489 -71.6248
735 -33.0485 -71.6255
360 -33.0483 -71.6254
92 -33.048 -71.6252
987 -33.0482 -71.625
979 -33.0486 -71.6239
589 -33.0485 -71.6237
144 -33.0487 -71.6235
250 -33.0488 -71.6231
632 -33.0484 -71.6227
412 -33.0481 -71.6235
111 -33.048 -71.623
163 -33.0481 -71.6229
374 -33.049 -71.6226
432 -33.0499 -71.6225
399 -33.0496 -71.6225
116 -33.0496 -71.6222
401 -33.0493 -71.6219
340 -33.049 -71.6224
780 -33.0489 -71.6224
448 -33.0491 -71.6222
701 -33.0488 -71.6216
844 -33.0497 -71.6209
86 -33.0497 -71.6208
656 -33.0497 -71.6203
804 -33.0494 -71.6211
522 -33.0488 -71.6212
891 -33.0489 -71.621
198 -33.0489 -71.6208
323 -33.0487 -71.6213
262 -33.0485 -71.6222
831 -33.0485 -71.6218
457 -33.0487 -71.6218
337 -33.0484 -71.6222
17 -33.0482 -71.6225
481 -33.0481 -71.6219
783 -33.0482 -71.6219
687 -33.0486 -71.6216
363 -33.0485 -71.6216
654 -33.0482 -71.6214
721 -33.0483 -71.6205
767 -33.0482 -71.6203
207 -33.048 -71.6213
565 -33.048 -71.6211
539 -33.0493 -71.6202
881 -33.0517 -71.6197
765 -33.0517 -71.6192
413 -33.0517 -71.619
816 -33.0516 -71.6195
680 -33.051 -71.6198
376 -33.0515 -71.6198
537 -33.0507 -71.6194
57 -33.0507 -71.6183
774 -33.0514 -71.6176
931 -33.0514 -71.6176
936 -33.0514 -71.6174
560 -33.0514 -71.6177
869 -33.051 -71.6183
646 -33.0508 -71.618
356 -33.0509 -71.6175
428 -33.0507 -71.6195
919 -33.0503 -71.6197
379 -33.0502 -71.6195
370 -33.0505 -71.6191
524 -33.0501 -71.6195
134 -33.0498 -71.6192
95 -33.0498 -71.6184
189 -33.05 -71.6183
367 -33.0499 -71.6182
668 -33.0506 -71.6182
389 -33.0502 -71.6173
286 -33.0506 -71.6168
963 -33.0501 -71.6182
978 -33.0498 -71.6177
433 -33.05 -71.6172
18 -33.0499 -71.6167
842 -33.0514 -71.6167
945 -33.0518 -71.6162
991 -33.0516 -71.6158
118 -33.0517 -71.6158
475 -33.0515 -71.6167
426 -33.0512 -71.6163
792 -33.0513 -71.616
299 -33.0515 -71.6159
578 -33.0515 -71.6155
507 -33.0516 -71.6154
782 -33.0518 -71.6149
872 -33.0516 -71.6149
976 -33.0515 -71.6149
2 -33.0514 -71.6151
242 -33.0512 -71.6149
482 -33.0514 -71.6147
297 -33.051 -71.6153
640 -33.0509 -71.6167
20 -33.0509 -71.6164
268 -33.0509 -71.6163
818 -33.0508 -71.6163
943 -33.0507 -71.6166
554 -33.0498 -71.6165
608 -33.0501 -71.6161
464 -33.0503 -71.6161
893 -33.0499 -71.6161
910 -33.0509 -71.6151
950 -33.0508 -71.6148
6 -33.0499 -71.6157
60 -33.0498 -71.6158
879 -33.0498 -71.6154
42 -33.0497 -71.6196
352 -33.0495 -71.6189
255 -33.0495 -71.6184
443 -33.0494 -71.6184
549 -33.0493 -71.6184
361 -33.0489 -71.6193
841 -33.0493 -71.6193
543 -33.0489 -71.6188
582 -33.0497 -71.6179
407 -33.0495 -71.6177
689 -33.0495 -71.6174
391 -33.0492 -71.6172
408 -33.0492 -71.6175
921 -33.0489 -71.6175
871 -33.0489 -71.6174
41 -33.0491 -71.6173
146 -33.0489 -71.618
434 -33.0488 -71.6201
812 -33.0484 -71.6201
641 -33.0484 -71.6187
396 -33.0482 -71.6191
992 -33.0481 -71.6202
455 -33.0481 -71.619
754 -33.0481 -71.6188
150 -33.0485 -71.6186
570 -33.0488 -71.6186
269 -33.0487 -71.6178
107 -33.0488 -71.6175
959 -33.0485 -71.6181
609 -33.0485 -71.6185
442 -33.0482 -71.6174
184 -33.0485 -71.6171
450 -33.0497 -71.6166
822 -33.0496 -71.6166
887 -33.0497 -71.6164
743 -33.0493 -71.6171
415 -33.0489 -71.6167
295 -33.0492 -71.616
257 -33.0488 -71.6159
375 -33.0492 -71.6158
321 -33.0496 -71.6153
882 -33.0494 -71.6152
349 -33.0497 -71.6149
284 -33.0493 -71.6153
762 -33.049 -71.615
229 -33.0489 -71.615
319 -33.049 -71.6149
476 -33.0488 -71.6168
955 -33.0487 -71.6171
726 -33.0487 -71.6167
251 -33.0486 -71.6164
123 -33.0485 -71.6168
141 -33.0483 -71.6171
602 -33.0483 -71.6167
693 -33.0481 -71.6165
682 -33.0481 -71.6163
279 -33.0486 -71.616
290 -33.0484 -71.6155
252 -33.0484 -71.6154
745 -33.0482 -71.6155
520 -33.048 -71.6162
731 -33.0481 -71.6158
684 -33.048 -71.6188
849 -33.0473 -71.6258
409 -33.0477 -71.6254
484 -33.0476 -71.6246
755 -33.0473 -71.625
583 -33.0471 -71.6257
509 -33.0471 -71.6256
722 -33.0471 -71.6249
710 -33.0475 -71.6243
25 -33.0479 -71.6242
854 -33.048 -71.6238
859 -33.0479 -71.6237
999 -33.0474 -71.6236
152 -33.0472 -71.6242
868 -33.0474 -71.6238
36 -33.0472 -71.6237
629 -33.0471 -71.6248
911 -33.0471 -71.6257
939 -33.0464 -71.6256
55 -33.0469 -71.6253
9 -33.0463 -71.6257
764 -33.0462 -71.6259
80 -33.0458 -71.6256
485 -33.0459 -71.6254
530 -33.0466 -71.6253
708 -33.0465 -71.6248
511 -33.0467 -71.6246
453 -33.0468 -71.6239
900 -33.0464 -71.6239
383 -33.0461 -71.6244
889 -33.0458 -71.624
692 -33.0464 -71.6237
130 -33.0467 -71.6236
688 -33.0476 -71.6233
586 -33.0479 -71.6232
0 -33.0478 -71.6227
27 -33.0474 -71.6217
462 -33.0469 -71.6233
195 -33.0473 -71.6232
64 -33.0469 -71.622
665 -33.0472 -71.6216
430 -33.0477 -71.6214
709 -33.0479 -71.6213
548 -33.0479 -71.6213
518 -33.0475 -71.6212
431 -33.047 -71.6213
278 -33.047 -71.6211
93 -33.047 -71.6211
240 -33.0469 -71.621
884 -33.0468 -71.6232
660 -33.0464 -71.6232
191 -33.0466 -71.6231
612 -33.0464 -71.6229
394 -33.0459 -71.6233
834 -33.0461 -71.6229
631 -33.0459 -71.6229
13 -33.0459 -71.6225
538 -33.0464 -71.6221
727 -33.0464 -71.6211
683 -33.0466 -71.6209
728 -33.0461 -71.6219
31 -33.046 -71.6223
106 -33.0458 -71.621
318 -33.0457 -71.6237
718 -33.0455 -71.6258
516 -33.0454 -71.6256
222 -33.0454 -71.625
802 -33.0454 -71.6253
277 -33.045 -71.6258
696 -33.0453 -71.6255
938 -33.0449 -71.6252
322 -33.0451 -71.6248
820 -33.0453 -71.6246
605 -33.0455 -71.6244
983 -33.0456 -71.6237
639 -33.0453 -71.6237
205 -33.045 -71.6248
972 -33.0448 -71.6246
635 -33.0449 -71.6245
139 -33.0448 -71.6252
220 -33.0444 -71.6255
784 -33.0443 -71.6253
988 -33.0442 -71.6252
982 -33.0441 -71.6254
88 -33.0437 -71.6258
643 -33.0437 -71.6252
644 -33.0437 -71.6251
827 -33.0442 -71.625
933 -33.0446 -71.6242
348 -33.0446 -71.6241
113 -33.0446 -71.6237
793 -33.0443 -71.6248
427 -33.0442 -71.6249
724 -33.0439 -71.6246
862 -33.045 -71.6235
897 -33.0457 -71.6235
263 -33.0456 -71.6233
529 -33.0457 -71.6231
519 -33.0453 -71.6229
435 -33.0449 -71.6233
314 -33.0452 -71.6232
855 -33.0449 -71.6227
904 -33.0454 -71.6227
648 -33.0457 -71.6221
574 -33.0457 -71.6212
850 -33.0457 -71.6211
572 -33.0455 -71.6219
84 -33.0453 -71.6221
778 -33.0452 -71.622
174 -33.0451 -71.6214
170 -33.0448 -71.6229
794 -33.0442 -71.6233
573 -33.0448 -71.6228
941 -33.0447 -71.6224
48 -33.044 -71.6225
968 -33.0437 -71.6234
610 -33.0437 -71.6223
157 -33.0438 -71.6223
81 -33.0439 -71.6223
604 -33.0444 -71.6217
10 -33.0445 -71.6216
333 -33.0443 -71.6216
155 -33.044 -71.6211
553 -33.0438 -71.6223
763 -33.0438 -71.6213
231 -33.0458 -71.6209
787 -33.0475 -71.6208
180 -33.0477 -71.6205
164 -33.0476 -71.6203
864 -33.0474 -71.6207
828 -33.0468 -71.6208
258 -33.0474 -71.6208
329 -33.047 -71.6206
254 -33.0475 -71.6202
292 -33.0477 -71.6195
246 -33.0479 -71.6184
699 -33.048 -71.6183
803 -33.0477 -71.6191
750 -33.0475 -71.6198
439 -33.0468 -71.6193
730 -33.0475 -71.6186
495 -33.0468 -71.6201
685 -33.0465 -71.6204
779 -33.0465 -71.62
860 -33.0466 -71.6198
444 -33.0464 -71.6206
614 -33.0463 -71.6207
345 -33.046 -71.6203
153 -33.0461 -71.6198
651 -33.0466 -71.6197
465 -33.0465 -71.6187
817 -33.0466 -71.6185
466 -33.0467 -71.6181
932 -33.0463 -71.6181
947 -33.0462 -71.6195
920 -33.0462 -71.6193
805 -33.0462 -71.618
698 -33.048 -71.6179
809 -33.0475 -71.6179
953 -33.0479 -71.6171
67 -33.0477 -71.6162
488 -33.0475 -71.6175
777 -33.0472 -71.6169
445 -33.0474 -71.6168
594 -33.0469 -71.6166
649 -33.048 -71.6162
271 -33.0479 -71.6159
267 -33.0476 -71.6154
577 -33.0478 -71.6148
580 -33.0475 -71.6162
819 -33.0469 -71.6159
965 -33.047 -71.6159
998 -33.0473 -71.615
143 -33.0469 -71.6147
336 -33.0466 -71.6177
131 -33.0462 -71.6159
801 -33.0467 -71.6158
599 -33.0462 -71.6158
974 -33.0461 -71.617
117 -33.0461 -71.6165
546 -33.0459 -71.6161
729 -33.0463 -71.6157
309 -33.0469 -71.6153
908 -33.0464 -71.6152
334 -33.0462 -71.615
114 -33.0461 -71.6156
451 -33.046 -71.6157
926 -33.0461 -71.6157
320 -33.0458 -71.6183
496 -33.0458 -71.6206
418 -33.0457 -71.6206
807 -33.0455 -71.6201
830 -33.0455 -71.6202
273 -33.0449 -71.6207
218 -33.0446 -71.6204
971 -33.0455 -71.6201
178 -33.0457 -71.6201
44 -33.0452 -71.6196
847 -33.0456 -71.6193
342 -33.0458 -71.6182
504 -33.045 -71.619
851 -33.0446 -71.6199
515 -33.0448 -71.6199
393 -33.0447 -71.6176
248 -33.0445 -71.6185
712 -33.0445 -71.6208
949 -33.044 -71.6203
50 -33.044 -71.62
416 -33.044 -71.6204
140 -33.0439 -71.6205
853 -33.0438 -71.6201
165 -33.044 -71.6199
239 -33.0437 -71.6198
541 -33.0443 -71.6196
364 -33.0442 -71.6191
304 -33.0445 -71.6188
436 -33.0441 -71.6198
960 -33.0438 -71.6189
652 -33.044 -71.6186
590 -33.0441 -71.6176
795 -33.0456 -71.6176
596 -33.0456 -71.6175
894 -33.0453 -71.6171
58 -33.0452 -71.6168
899 -33.0448 -71.6175
719 -33.045 -71.617
638 -33.0451 -71.6168
545 -33.0454 -71.6164
942 -33.0456 -71.6156
946 -33.0455 -71.6152
655 -33.0455 -71.6152
892 -33.0453 -71.6161
317 -33.0449 -71.6159
766 -33.0451 -71.6155
338 -33.0451 -71.6151
666 -33.0448 -71.6163
823 -33.0441 -71.6176
119 -33.0443 -71.6175
756 -33.0445 -71.6173
128 -33.044 -71.6167
758 -33.044 -71.6175
75 -33.0437 -71.6167
634 -33.0438 -71.6167
133 -33.0441 -71.6166
96 -33.0445 -71.6162
588 -33.0445 -71.6156
148 -33.0447 -71.6149
385 -33.0441 -71.6164
312 -33.0437 -71.615
241 -33.0438 -71.615
276 -33.0503 -71.6147
737 -33.0514 -71.6146
866 -33.0517 -71.614
874 -33.0514 -71.6139
192 -33.0511 -71.614
505 -33.051 -71.6145
561 -33.0508 -71.6141
556 -33.0508 -71.6137
298 -33.0515 -71.6137
463 -33.0516 -71.6134
747 -33.0516 -71.6133
948 -33.0517 -71.613
72 -33.0514 -71.6135
501 -33.0507 -71.6136
414 -33.0512 -71.6135
810 -33.0511 -71.6128
675 -33.0507 -71.6138
531 -33.0504 -71.6146
483 -33.0507 -71.6145
390 -33.0505 -71.6139
120 -33.0504 -71.614
811 -33.0504 -71.6142
124 -33.0503 -71.614
923 -33.05 -71.6134
576 -33.0507 -71.6133
994 -33.0507 -71.6133
420 -33.0506 -71.6131
521 -33.0507 -71.6128
316 -33.0504 -71.6126
626 -33.0503 -71.6132
746 -33.0499 -71.6131
32 -33.0503 -71.613
922 -33.0514 -71.6123
98 -33.0515 -71.612
970 -33.0515 -71.6119
873 -33.0512 -71.6119
83 -33.0511 -71.612
790 -33.0511 -71.6115
954 -33.051 -71.6114
769 -33.0511 -71.6113
219 -33.0509 -71.6113
19 -33.0516 -71.6111
677 -33.0516 -71.61
291 -33.0515 -71.6096
368 -33.0515 -71.6103
326 -33.051 -71.6111
579 -33.0514 -71.61
925 -33.0509 -71.61
132 -33.0507 -71.6121
772 -33.0505 -71.612
592 -33.0506 -71.6119
857 -33.0505 -71.6113
225 -33.0502 -71.6113
937 -33.05 -71.6118
523 -33.0499 -71.6117
917 -33.0502 -71.6115
43 -33.0505 -71.6112
52 -33.0505 -71.6107
525 -33.0506 -71.61
636 -33.0505 -71.6098
400 -33.0505 -71.6107
307 -33.0504 -71.6106
591 -33.05 -71.6102
158 -33.0498 -71.6138
704 -33.0496 -71.6145
127 -33.0495 -71.6139
238 -33.0496 -71.6137
958 -33.0492 -71.6135
669 -33.049 -71.6144
671 -33.049 -71.6137
856 -33.0491 -71.6134
137 -33.049 -71.6132
470 -33.0496 -71.6127
378 -33.0498 -71.6126
662 -33.0497 -71.6123
622 -33.0496 -71.6129
686 -33.0492 -71.613
840 -33.0489 -71.6127
26 -33.0495 -71.6122
480 -33.0487 -71.6144
199 -33.0486 -71.6144
642 -33.0486 -71.6133
398 -33.0483 -71.6128
187 -33.0482 -71.6131
97 -33.0481 -71.6142
14 -33.0476 -71.6133
294 -33.0477 -71.6132
51 -33.0485 -71.6128
404 -33.048 -71.6127
741 -33.048 -71.6125
182 -33.0483 -71.6124
29 -33.0479 -71.6122
832 -33.0477 -71.6124
351 -33.0476 -71.6124
15 -33.0484 -71.6121
472 -33.0497 -71.6118
422 -33.0498 -71.6118
46 -33.0497 -71.6117
94 -33.0494 -71.6119
825 -33.0493 -71.6115
569 -33.0493 -71.6113
305 -33.0489 -71.6112
555 -33.0493 -71.6112
402 -33.0498 -71.6106
35 -33.0496 -71.6106
469 -33.0498 -71.6099
513 -33.0496 -71.6099
944 -33.0495 -71.6109
773 -33.0489 -71.6102
282 -33.0489 -71.61
674 -33.0487 -71.6103
733 -33.0485 -71.612
110 -33.0487 -71.6119
962 -33.0487 -71.6112
907 -33.0482 -71.612
571 -33.0479 -71.6118
846 -33.048 -71.6118
981 -33.0477 -71.6116
173 -33.048 -71.6112
261 -33.0485 -71.6106
145 -33.0486 -71.6103
984 -33.0483 -71.6102
843 -33.0481 -71.6096
214 -33.0477 -71.6108
167 -33.0479 -71.6105
740 -33.0491 -71.6096
354 -33.0516 -71.6094
528 -33.0513 -71.6085
768 -33.0515 -71.608
619 -33.0512 -71.6095
281 -33.0508 -71.6092
808 -33.051 -71.609
474 -33.051 -71.6088
467 -33.0513 -71.608
237 -33.0514 -71.6074
967 -33.0515 -71.6073
751 -33.0514 -71.6066
748 -33.0512 -71.6077
886 -33.0508 -71.6079
300 -33.0511 -71.6074
147 -33.051 -71.6063
606 -33.0506 -71.6065
331 -33.0506 -71.6082
419 -33.0506 -71.608
63 -33.0506 -71.6079
154 -33.0505 -71.6091
196 -33.0501 -71.6093
259 -33.0503 -71.6086
672 -33.0499 -71.608
112 -33.0505 -71.6079
563 -33.0504 -71.6077
491 -33.0505 -71.6075
876 -33.0501 -71.6074
927 -33.05 -71.6069
452 -33.0498 -71.6078
848 -33.0498 -71.6067
221 -33.0498 -71.6067
159 -33.0509 -71.6062
175 -33.0516 -71.6058
441 -33.0517 -71.6056
280 -33.0514 -71.6054
903 -33.0512 -71.6053
129 -33.0506 -71.606
679 -33.0511 -71.6056
79 -33.0506 -71.6053
581 -33.051 -71.605
311 -33.0511 -71.605
303 -33.0512 -71.6049
332 -33.0517 -71.6046
870 -33.0509 -71.6046
473 -33.0507 -71.6043
551 -33.0506 -71.6039
858 -33.0508 -71.6039
527 -33.0505 -71.6047
558 -33.0503 -71.606
506 -33.0502 -71.6054
223 -33.0502 -71.6051
499 -33.0502 -71.6056
797 -33.0501 -71.6062
411 -33.0498 -71.6056
929 -33.0499 -71.6053
461 -33.0503 -71.6049
40 -33.0505 -71.6049
73 -33.0503 -71.6041
557 -33.0504 -71.6039
156 -33.0502 -71.6041
980 -33.0499 -71.6042
489 -33.05 -71.6039
627 -33.0497 -71.6089
209 -33.0497 -71.6088
454 -33.0494 -71.6086
384 -33.0497 -71.6083
977 -33.0494 -71.6084
613 -33.0492 -71.6095
535 -33.049 -71.6093
274 -33.0491 -71.6088
366 -33.0495 -71.6083
362 -33.0494 -71.6081
934 -33.0494 -71.6069
657 -33.0495 -71.6068
512 -33.0493 -71.6072
11 -33.0492 -71.6072
510 -33.0491 -71.6071
285 -33.0492 -71.6066
296 -33.049 -71.607
190 -33.0488 -71.6093
888 -33.0489 -71.6087
61 -33.0489 -71.6085
424 -33.0487 -71.6087
723 -33.0482 -71.6094
912 -33.0487 -71.6086
478 -33.0479 -71.6084
833 -33.0478 -71.6081
12 -33.0489 -71.6081
676 -33.0486 -71.6078
138 -33.0485 -71.6069
7 -33.0483 -71.6075
49 -33.0477 -71.6077
350 -33.0477 -71.6066
700 -33.0492 -71.6065
335 -33.0497 -71.6061
212 -33.0495 -71.6054
645 -33.0493 -71.6053
168 -33.0492 -71.6053
438 -33.0488 -71.6064
477 -33.049 -71.6063
228 -33.0487 -71.6056
705 -33.0497 -71.6051
90 -33.0496 -71.6045
540 -33.049 -71.604
924 -33.0497 -71.604
706 -33.0489 -71.604
878 -33.0488 -71.6051
918 -33.0489 -71.6049
458 -33.0487 -71.6046
381 -33.0486 -71.6041
753 -33.0482 -71.6061
78 -33.0486 -71.6059
664 -33.0485 -71.6054
365 -33.048 -71.6057
62 -33.0478 -71.6064
369 -33.0478 -71.6059
233 -33.0477 -71.6054
227 -33.0483 -71.605
532 -33.0483 -71.6044
593 -33.0486 -71.6043
421 -33.0485 -71.6042
181 -33.048 -71.6046
169 -33.048 -71.6045
502 -33.0478 -71.6038
160 -33.0476 -71.6145
23 -33.0472 -71.614
197 -33.0473 -71.6137
405 -33.0472 -71.6135
446 -33.0472 -71.6141
776 -33.0469 -71.614
272 -33.0468 -71.6137
371 -33.0471 -71.6137
105 -33.0472 -71.6134
997 -33.0471 -71.6127
230 -33.047 -71.6123
916 -33.0475 -71.6122
357 -33.0469 -71.6118
813 -33.0467 -71.6134
310 -33.0463 -71.6131
387 -33.0465 -71.6125
397 -33.0462 -71.6122
567 -33.0462 -71.614
386 -33.0462 -71.6136
806 -33.0462 -71.6132
986 -33.0461 -71.6137
552 -33.0461 -71.6144
410 -33.0461 -71.6137
202 -33.0457 -71.6135
759 -33.0456 -71.6129
423 -33.0462 -71.6123
247 -33.046 -71.6122
691 -33.046 -71.6122
245 -33.0459 -71.6123
616 -33.0457 -71.6129
264 -33.0457 -71.6121
151 -33.0457 -71.6119
200 -33.0459 -71.6118
403 -33.0473 -71.6112
236 -33.0471 -71.6111
757 -33.0473 -71.6107
909 -33.0469 -71.611
102 -33.0467 -71.6118
736 -33.0466 -71.6113
789 -33.0469 -71.6104
885 -33.0467 -71.6103
468 -33.0473 -71.6103
952 -33.0474 -71.6102
603 -33.047 -71.6098
681 -33.047 -71.6101
126 -33.047 -71.61
575 -33.0468 -71.6098
22 -33.0469 -71.6097
611 -33.0466 -71.6109
171 -33.0464 -71.6116
720 -33.0459 -71.6114
742 -33.0465 -71.6112
215 -33.0458 -71.6105
711 -33.0457 -71.6117
670 -33.0458 -71.6109
8 -33.0456 -71.6105
347 -33.0462 -71.6104
861 -33.0463 -71.6101
845 -33.0461 -71.61
653 -33.0465 -71.6099
16 -33.0461 -71.61
172 -33.046 -71.6101
243 -33.0459 -71.6099
661 -33.0456 -71.6147
372 -33.0454 -71.6146
835 -33.045 -71.6143
517 -33.0451 -71.6139
898 -33.0448 -71.6141
392 -33.0446 -71.6146
201 -33.0448 -71.6143
877 -33.0448 -71.6133
725 -33.0448 -71.6132
781 -33.0454 -71.613
208 -33.0453 -71.613
104 -33.0452 -71.6128
615 -33.0452 -71.613
837 -33.0449 -71.613
630 -33.0447 -71.6128
490 -33.0451 -71.6126
584 -33.0446 -71.6129
739 -33.0446 -71.614
996 -33.044 -71.6138
749 -33.044 -71.6137
526 -33.0439 -71.6145
985 -33.0438 -71.6141
964 -33.0437 -71.614
186 -33.0438 -71.6137
902 -33.0442 -71.6136
330 -33.0446 -71.6133
969 -33.0442 -71.6133
824 -33.0444 -71.6125
744 -33.0442 -71.6128
915 -33.0441 -71.6134
798 -33.0441 -71.6132
100 -33.0437 -71.6124
37 -33.0453 -71.6124
359 -33.0455 -71.6122
108 -33.0451 -71.6121
70 -33.0449 -71.6117
45 -33.0446 -71.6124
87 -33.0447 -71.6124
650 -33.0446 -71.6115
265 -33.0448 -71.6114
289 -33.0452 -71.6113
905 -33.0454 -71.6107
395 -33.0454 -71.61
667 -33.0452 -71.6111
875 -33.045 -71.6111
193 -33.0447 -71.6103
121 -33.0446 -71.6099
135 -33.0445 -71.612
585 -33.0444 -71.6117
621 -33.0443 -71.6111
659 -33.0442 -71.6108
486 -33.0441 -71.6116
814 -33.0439 -71.6119
4 -33.0439 -71.6113
288 -33.0438 -71.611
24 -33.0437 -71.6108
449 -33.0443 -71.6102
275 -33.0442 -71.6102
47 -33.044 -71.61
39 -33.0439 -71.6098
249 -33.0437 -71.6107
995 -33.0439 -71.61
28 -33.0446 -71.6096
183 -33.047 -71.6094
503 -33.0475 -71.6091
601 -33.0472 -71.6085
990 -33.0467 -71.6095
211 -33.0464 -71.6089
714 -33.0463 -71.6086
836 -33.0465 -71.6084
715 -33.0473 -71.6082
256 -33.047 -71.6081
595 -33.0471 -71.6079
89 -33.0475 -71.6071
224 -33.0469 -71.6081
343 -33.0464 -71.6078
951 -33.0465 -71.6077
607 -33.0466 -71.6073
957 -33.0463 -71.6075
785 -33.0462 -71.6091
324 -33.0463 -71.6091
821 -33.0461 -71.6088
734 -33.0459 -71.6082
406 -33.0457 -71.609
125 -33.0457 -71.6087
417 -33.0457 -71.6086
204 -33.046 -71.6081
600 -33.0463 -71.6079
136 -33.0463 -71.6076
498 -33.0463 -71.6067
328 -33.0461 -71.608
306 -33.0459 -71.6075
71 -33.0457 -71.6074
625 -33.0458 -71.6065
690 -33.0469 -71.6065
471 -33.0472 -71.6055
325 -33.0471 -71.6047
99 -33.0472 -71.6046
863 -33.0471 -71.6064
56 -33.0468 -71.6057
460 -33.047 -71.6054
624 -33.047 -71.6051
770 -33.0469 -71.6043
966 -33.0476 -71.6043
620 -33.0476 -71.6043
752 -33.0475 -71.6042
815 -33.0473 -71.6039
293 -33.0468 -71.6043
382 -33.0472 -71.604
673 -33.0471 -71.6038
788 -33.0467 -71.6044
185 -33.0466 -71.6064
993 -33.0466 -71.6058
534 -33.0465 -71.6057
658 -33.0462 -71.6055
437 -33.0461 -71.6065
791 -33.0459 -71.6058
1 -33.0459 -71.6057
232 -33.0458 -71.6054
91 -33.0466 -71.6048
287 -33.0466 -71.6048
244 -33.0466 -71.6037
536 -33.0461 -71.6041
203 -33.0461 -71.6051
906 -33.0457 -71.6051
975 -33.0457 -71.6062
707 -33.0452 -71.6087
82 -33.0454 -71.6085
738 -33.0452 -71.6083
623 -33.0447 -71.6087
344 -33.0444 -71.6091
562 -33.0445 -71.6083
566 -33.0445 -71.6083
771 -33.0455 -71.6082
68 -33.0452 -71.6081
235 -33.0454 -71.6079
103 -33.0455 -71.6065
339 -33.0447 -71.6068
544 -33.0446 -71.6081
839 -33.0446 -71.607
867 -33.0446 -71.607
663 -33.0443 -71.6089
3 -33.044 -71.6089
459 -33.0442 -71.6088
865 -33.0441 -71.608
702 -33.0439 -71.6088
928 -33.0438 -71.6094
494 -33.0438 -71.6094
33 -33.0438 -71.6089
353 -33.0437 -71.6078
695 -33.0438 -71.6077
149 -33.0441 -71.6075
429 -33.0441 -71.6068
54 -33.0437 -71.6071
533 -33.0437 -71.6077
162 -33.0437 -71.6066
21 -33.0442 -71.6063
826 -33.0452 -71.6057
161 -33.0453 -71.6052
358 -33.0454 -71.605
308 -33.0451 -71.6056
895 -33.0449 -71.6061
989 -33.0449 -71.6059
617 -33.0449 -71.605
388 -33.0452 -71.605
564 -33.0456 -71.6049
508 -33.0456 -71.6044
122 -33.0456 -71.6044
65 -33.0454 -71.6049
628 -33.0451 -71.6049
717 -33.0451 -71.6045
30 -33.045 -71.6044
913 -33.0449 -71.6051
270 -33.0445 -71.606
194 -33.0446 -71.606
896 -33.0446 -71.6055
618 -33.0442 -71.6052
914 -33.0441 -71.6062
59 -33.0438 -71.6057
380 -33.0437 -71.6055
188 -33.0447 -71.6051
492 -33.0447 -71.6049
568 -33.0448 -71.6042
559 -33.0445 -71.6039
800 -33.0444 -71.6049
514 -33.0443 -71.6047
346 -33.0443 -71.6046
