796 -33.0536 -71.6245
226 -33.0537 -71.6245
38 -33.0538 -71.6245
5 -33.0536 -71.6245
497 -33.0535 -71.6245
115 -33.0535 -71.6245
647 -33.0536 -71.6245
315 -33.0539 -71.6245
260 -33.0542 -71.6243
487 -33.0543 -71.6243
253 -33.0543 -71.624
678 -33.0541 -71.6244
327 -33.054 -71.6244
500 -33.0539 -71.6242
703 -33.0537 -71.6241
85 -33.0534 -71.6246
176 -33.0531 -71.6246
550 -33.0533 -71.6246
66 -33.0533 -71.6246
940 -33.0531 -71.6246
598 -33.0519 -71.6248
961 -33.0529 -71.6246
786 -33.0519 -71.6246
142 -33.0534 -71.6246
697 -33.0527 -71.6245
479 -33.0527 -71.6245
217 -33.0526 -71.6245
109 -33.0525 -71.6245
829 -33.052 -71.6245
883 -33.0523 -71.6244
979 -33.052 -71.6243
890 -33.0537 -71.624
179 -33.0543 -71.6227
210 -33.0547 -71.6223
377 -33.0547 -71.6223
266 -33.0543 -71.624
930 -33.0543 -71.624
177 -33.0543 -71.6238
880 -33.0543 -71.6234
189 -33.0534 -71.6188
413 -33.0535 -71.6186
57 -33.0538 -71.6184
668 -33.0538 -71.6184
765 -33.0534 -71.6187
963 -33.0533 -71.6188
367 -33.0533 -71.6188
582 -33.0531 -71.6188
978 -33.0531 -71.6188
313 -33.0531 -71.6238
53 -33.0529 -71.6237
407 -33.0529 -71.6187
537 -33.0527 -71.6187
547 -33.0521 -71.6198
713 -33.0519 -71.6196
775 -33.0519 -71.6196
408 -33.0526 -71.6187
370 -33.0525 -71.6186
255 -33.0524 -71.6186
549 -33.0522 -71.6185
376 -33.052 -71.6185
881 -33.0519 -71.6185
816 -33.0519 -71.6185
134 -33.0518 -71.6184
987 -33.0517 -71.6252
92 -33.0517 -71.6252
589 -33.0517 -71.6243
25 -33.0514 -71.6243
409 -33.0511 -71.6251
101 -33.0508 -71.625
710 -33.0511 -71.6243
633 -33.0509 -71.6235
935 -33.0512 -71.6231
116 -33.0515 -71.6201
399 -33.0515 -71.6201
34 -33.0512 -71.6232
447 -33.051 -71.6234
493 -33.0511 -71.623
732 -33.0509 -71.6228
799 -33.0506 -71.6212
716 -33.0505 -71.6216
694 -33.0506 -71.6214
901 -33.0506 -71.6211
629 -33.0505 -71.6251
849 -33.0503 -71.6252
999 -33.0493 -71.6211
283 -33.0504 -71.621
440 -33.0503 -71.621
111 -33.0494 -71.6202
852 -33.0495 -71.6201
163 -33.0495 -71.6201
144 -33.0494 -71.6202
859 -33.0493 -71.6209
412 -33.0494 -71.6206
597 -33.0493 -71.6203
17 -33.0496 -71.6199
973 -33.0518 -71.6194
838 -33.0517 -71.6194
761 -33.0517 -71.6193
341 -33.0516 -71.6192
250 -33.0496 -71.6198
355 -33.0515 -71.6191
456 -33.0514 -71.619
919 -33.0513 -71.619
216 -33.0512 -71.6188
587 -33.0511 -71.6187
69 -33.0512 -71.6185
373 -33.051 -71.6186
891 -33.05 -71.6186
760 -33.0508 -71.6185
198 -33.0501 -71.6184
166 -33.0496 -71.6186
632 -33.0495 -71.6197
432 -33.0495 -71.6195
302 -33.0495 -71.6195
77 -33.0494 -71.6193
637 -33.0494 -71.6191
262 -33.0494 -71.6191
340 -33.0494 -71.619
448 -33.0494 -71.6189
831 -33.0494 -71.6189
323 -33.0495 -71.6187
234 -33.0494 -71.6186
687 -33.0494 -71.6188
680 -33.0494 -71.6187
956 -33.0493 -71.6184
646 -33.054 -71.6184
560 -33.0549 -71.6183
118 -33.055 -71.6158
872 -33.0549 -71.6158
945 -33.0549 -71.6158
869 -33.0543 -71.6184
774 -33.0548 -71.6184
475 -33.0546 -71.6172
976 -33.0549 -71.6158
482 -33.0548 -71.6157
991 -33.0547 -71.6157
297 -33.0541 -71.6156
561 -33.0539 -71.6156
818 -33.0529 -71.6157
879 -33.0529 -71.6156
60 -33.0529 -71.6156
286 -33.0529 -71.6158
301 -33.0513 -71.6184
822 -33.0521 -71.6156
450 -33.052 -71.6156
542 -33.0513 -71.6184
361 -33.0512 -71.6184
42 -33.0513 -71.6184
698 -33.0509 -71.6182
18 -33.0523 -71.6156
389 -33.0517 -71.6156
743 -33.0516 -71.6156
476 -33.0515 -71.6156
251 -33.0515 -71.6156
726 -33.0513 -71.6156
955 -33.0513 -71.6156
279 -33.0512 -71.6156
123 -33.0512 -71.6156
842 -33.0537 -71.6156
483 -33.0537 -71.6156
531 -33.0536 -71.6155
501 -33.0535 -71.6155
124 -33.0534 -71.6155
640 -33.0531 -71.6155
464 -33.0531 -71.6155
950 -33.0531 -71.6155
608 -33.0531 -71.6155
948 -33.0549 -71.6151
994 -33.0539 -71.6145
20 -33.053 -71.6155
686 -33.0527 -71.6137
268 -33.0519 -71.6135
127 -33.0524 -71.6135
356 -33.0517 -71.6146
931 -33.0516 -71.6145
943 -33.0515 -71.6144
936 -33.0515 -71.6144
602 -33.0511 -71.6156
107 -33.051 -71.6156
693 -33.051 -71.6156
520 -33.051 -71.6156
792 -33.0516 -71.6131
299 -33.0516 -71.6131
578 -33.0512 -71.6131
762 -33.0511 -71.6131
507 -33.0511 -71.6131
14 -33.051 -71.6131
351 -33.0509 -71.6131
754 -33.0509 -71.6181
455 -33.0508 -71.6181
809 -33.0505 -71.618
150 -33.0503 -71.6158
641 -33.0503 -71.6158
434 -33.0501 -71.6183
844 -33.0501 -71.6183
803 -33.0503 -71.6179
488 -33.05 -71.6157
269 -33.0508 -71.6156
442 -33.0505 -71.6155
146 -33.0505 -71.6155
271 -33.0505 -71.6156
819 -33.05 -71.6157
290 -33.0499 -71.6157
580 -33.0505 -71.6155
767 -33.0496 -71.6177
401 -33.0492 -71.6183
466 -33.0495 -71.6177
117 -33.0492 -71.6165
254 -33.0492 -71.6165
292 -33.0492 -71.6165
164 -33.0491 -71.6165
539 -33.0491 -71.6165
546 -33.0494 -71.6165
730 -33.0495 -71.6162
246 -33.0492 -71.6157
841 -33.0492 -71.6155
524 -33.0492 -71.616
379 -33.0491 -71.6163
750 -33.0491 -71.6163
95 -33.0493 -71.6153
921 -33.0496 -71.6135
141 -33.0496 -71.6135
682 -33.0496 -71.6133
871 -33.0496 -71.6136
433 -33.0495 -71.6139
6 -33.0496 -71.6137
184 -33.0496 -71.6136
554 -33.0497 -71.6132
97 -33.0508 -71.6131
295 -33.0507 -71.6131
197 -33.0505 -71.613
105 -33.0505 -71.613
887 -33.0497 -71.6131
405 -33.0505 -71.613
907 -33.0505 -71.613
41 -33.0495 -71.614
699 -33.0493 -71.6149
443 -33.0494 -71.6148
426 -33.0494 -71.6148
543 -33.0493 -71.615
684 -33.0493 -71.6152
352 -33.0493 -71.615
396 -33.0493 -71.615
570 -33.0494 -71.6147
893 -33.0495 -71.614
391 -33.0495 -71.614
959 -33.0495 -71.614
689 -33.0495 -71.6142
953 -33.0494 -71.6145
609 -33.0494 -71.6143
425 -33.0491 -71.6181
206 -33.0482 -71.621
213 -33.0483 -71.6206
868 -33.0475 -71.6205
394 -33.0475 -71.6205
529 -33.0474 -71.6207
900 -33.0475 -71.6205
36 -33.0475 -71.6205
692 -33.0475 -71.6204
904 -33.0476 -71.6202
174 -33.0476 -71.6201
586 -33.0476 -71.6201
834 -33.0476 -71.6203
660 -33.0475 -71.6204
631 -33.0475 -71.6204
854 -33.0475 -71.6203
897 -33.0474 -71.6207
511 -33.0473 -71.6228
708 -33.0474 -71.6226
383 -33.0474 -71.622
605 -33.0473 -71.6218
722 -33.0471 -71.6228
530 -33.0471 -71.6228
152 -33.0472 -71.6228
889 -33.0472 -71.6214
318 -33.0473 -71.6209
263 -33.0474 -71.6208
130 -33.0474 -71.6208
453 -33.0473 -71.621
983 -33.0473 -71.6211
712 -33.0472 -71.6202
165 -33.047 -71.6201
239 -33.047 -71.6201
688 -33.0478 -71.6196
106 -33.0478 -71.6196
462 -33.0478 -71.6196
574 -33.0478 -71.6196
612 -33.0477 -71.6198
884 -33.0478 -71.6197
850 -33.0478 -71.6197
374 -33.0479 -71.6195
496 -33.0482 -71.6191
830 -33.0482 -71.619
337 -33.0482 -71.619
504 -33.0482 -71.6191
780 -33.048 -71.6193
195 -33.0481 -71.6192
0 -33.0481 -71.6191
572 -33.0477 -71.6199
273 -33.0476 -71.6201
191 -33.0476 -71.6201
13 -33.0477 -71.62
364 -33.0474 -71.6197
10 -33.0468 -71.6201
84 -33.0468 -71.6195
314 -33.0469 -71.6195
855 -33.0469 -71.6195
519 -33.047 -71.6192
218 -33.047 -71.6191
960 -33.047 -71.619
541 -33.0469 -71.6193
436 -33.0469 -71.6194
778 -33.0469 -71.6193
55 -33.0468 -71.6228
718 -33.0459 -71.6233
80 -33.0461 -71.623
485 -33.0461 -71.623
360 -33.0459 -71.6233
696 -33.0458 -71.6237
516 -33.0458 -71.6236
222 -33.0458 -71.6235
764 -33.0463 -71.6229
939 -33.0466 -71.6229
9 -33.0467 -71.6229
755 -33.0468 -71.6228
484 -33.0465 -71.6229
509 -33.0463 -71.6229
583 -33.0463 -71.6229
911 -33.0464 -71.6229
735 -33.0457 -71.6238
277 -33.0457 -71.6239
802 -33.0457 -71.6238
322 -33.0457 -71.6238
938 -33.0457 -71.6239
820 -33.0456 -71.624
139 -33.0456 -71.624
205 -33.0456 -71.6239
220 -33.0449 -71.6236
88 -33.0452 -71.6229
643 -33.0455 -71.6226
827 -33.0456 -71.6223
982 -33.045 -71.6233
784 -33.0449 -71.6236
988 -33.045 -71.6234
427 -33.0456 -71.6223
333 -33.0466 -71.6203
170 -33.0466 -71.6202
949 -33.0468 -71.6201
113 -33.0466 -71.6204
81 -33.0465 -71.6207
348 -33.0465 -71.6207
639 -33.0465 -71.6206
140 -33.0467 -71.62
862 -33.0468 -71.6198
435 -33.0468 -71.6198
50 -33.0468 -71.6197
941 -33.0467 -71.6198
416 -33.0467 -71.62
573 -33.0467 -71.62
853 -33.0467 -71.62
933 -33.0465 -71.6208
793 -33.0461 -71.6215
972 -33.0462 -71.6215
635 -33.0462 -71.6214
968 -33.046 -71.6217
644 -33.0457 -71.6222
724 -33.0459 -71.622
610 -33.046 -71.6218
553 -33.0464 -71.621
48 -33.0464 -71.6209
794 -33.0464 -71.6208
155 -33.0464 -71.6203
157 -33.0464 -71.621
604 -33.0464 -71.6203
763 -33.0462 -71.6203
701 -33.0483 -71.6189
74 -33.0489 -71.6179
76 -33.0488 -71.6178
665 -33.0487 -71.6178
207 -33.0486 -71.6178
548 -33.0486 -71.6179
709 -33.0486 -71.6179
522 -33.0486 -71.6178
431 -33.0487 -71.6178
495 -33.049 -71.6176
329 -33.0488 -71.6172
656 -33.0489 -71.617
565 -33.0487 -71.6176
518 -33.0487 -71.6176
804 -33.0487 -71.6176
86 -33.0487 -71.6176
278 -33.0486 -71.6179
481 -33.0484 -71.6185
783 -33.0484 -71.6184
430 -33.0485 -71.6183
828 -33.0484 -71.6185
457 -33.0484 -71.6186
614 -33.0484 -71.6186
727 -33.0484 -71.6186
363 -33.0485 -71.6183
93 -33.0486 -71.618
654 -33.0486 -71.618
27 -33.0486 -71.618
64 -33.0485 -71.6182
240 -33.0485 -71.6182
795 -33.0483 -71.6173
320 -33.0483 -71.6171
787 -33.0489 -71.617
180 -33.049 -71.6168
812 -33.049 -71.6167
428 -33.049 -71.6166
864 -33.049 -71.6168
860 -33.0484 -71.617
721 -33.0489 -71.6169
258 -33.0489 -71.6169
992 -33.049 -71.6166
892 -33.0489 -71.6164
908 -33.0488 -71.6164
445 -33.0487 -71.6131
545 -33.0487 -71.6164
946 -33.0485 -71.6164
777 -33.0485 -71.6138
801 -33.0485 -71.6137
974 -33.0483 -71.6148
894 -33.048 -71.616
638 -33.048 -71.616
651 -33.048 -71.6159
666 -33.0479 -71.616
719 -33.0479 -71.6162
779 -33.0479 -71.6161
342 -33.0479 -71.6161
58 -33.048 -71.6158
439 -33.0481 -71.6154
817 -33.0482 -71.6152
336 -33.0483 -71.6148
932 -33.0481 -71.6154
805 -33.0481 -71.6156
465 -33.0481 -71.6155
920 -33.0479 -71.6162
756 -33.0479 -71.6173
393 -33.0477 -71.6173
178 -33.0476 -71.6173
128 -33.0476 -71.6172
418 -33.0474 -71.6177
231 -33.0475 -71.6177
807 -33.0475 -71.6176
153 -33.0476 -71.6171
444 -33.0477 -71.6168
685 -33.0478 -71.6165
947 -33.0479 -71.6163
899 -33.0477 -71.6169
683 -33.0476 -71.6171
345 -33.0477 -71.617
847 -33.0477 -71.617
971 -33.0474 -71.6177
648 -33.0472 -71.6183
538 -33.0473 -71.6182
728 -33.0473 -71.618
31 -33.0472 -71.6185
652 -33.0471 -71.6189
851 -33.0471 -71.6187
515 -33.0471 -71.6186
304 -33.0473 -71.618
44 -33.0474 -71.6179
823 -33.0472 -71.6172
119 -33.0472 -71.6172
758 -33.0471 -71.6171
248 -33.0471 -71.6171
590 -33.0471 -71.6171
596 -33.0479 -71.6163
148 -33.0475 -71.6162
201 -33.0475 -71.6135
942 -33.0475 -71.6135
392 -33.0475 -71.6136
338 -33.0475 -71.6136
898 -33.0475 -71.6134
739 -33.0474 -71.6134
969 -33.0476 -71.6133
729 -33.0477 -71.613
451 -33.0477 -71.613
330 -33.0477 -71.613
655 -33.0477 -71.6131
835 -33.0476 -71.6133
744 -33.0476 -71.6133
517 -33.0476 -71.6132
385 -33.0473 -71.6162
133 -33.0472 -71.6162
96 -33.0471 -71.615
588 -33.0471 -71.6146
312 -33.047 -71.6148
75 -33.0466 -71.6161
634 -33.0466 -71.6161
241 -33.0469 -71.6148
317 -33.0472 -71.6143
766 -33.0473 -71.614
902 -33.0473 -71.6134
915 -33.0472 -71.6134
526 -33.0472 -71.6142
996 -33.0469 -71.6133
749 -33.0469 -71.6133
480 -33.0511 -71.613
19 -33.0538 -71.6122
790 -33.0536 -71.6122
354 -33.0542 -71.6117
326 -33.0536 -71.6122
420 -33.0534 -71.6122
414 -33.0533 -71.6122
576 -33.0532 -71.6121
579 -33.0539 -71.6112
772 -33.0539 -71.6112
810 -33.0538 -71.6111
132 -33.0538 -71.611
592 -33.0538 -71.611
368 -33.0537 -71.6111
467 -33.0534 -71.611
922 -33.0536 -71.6108
619 -33.0532 -71.6109
521 -33.0532 -71.6121
43 -33.0532 -71.6121
747 -33.0531 -71.6121
917 -33.0527 -71.6121
523 -33.0523 -71.612
298 -33.052 -71.612
238 -33.0518 -71.612
569 -33.0519 -71.6118
463 -33.053 -71.6116
72 -33.053 -71.6116
259 -33.0531 -71.6109
237 -33.0529 -71.6108
874 -33.052 -71.6118
866 -33.0521 -71.6117
154 -33.0529 -71.6107
967 -33.0529 -71.6107
83 -33.0535 -71.6105
970 -33.0539 -71.6105
873 -33.0535 -71.6104
384 -33.0527 -71.6104
591 -33.0527 -71.6103
563 -33.0526 -71.6103
209 -33.0526 -71.6102
636 -33.0525 -71.6101
366 -33.0525 -71.6101
307 -33.0525 -71.6101
98 -33.0533 -71.61
751 -33.0525 -71.6101
627 -33.0525 -71.6101
52 -33.0524 -71.61
402 -33.0524 -71.6099
452 -33.0523 -71.6098
175 -33.0523 -71.6098
61 -33.0521 -71.6095
12 -33.0521 -71.6095
927 -33.052 -71.6093
35 -33.052 -71.6093
944 -33.0519 -71.6093
773 -33.052 -71.6093
274 -33.052 -71.6092
679 -33.052 -71.6092
422 -33.0519 -71.6091
857 -33.052 -71.6091
472 -33.0519 -71.6092
555 -33.0519 -71.6092
190 -33.0518 -71.6091
219 -33.0518 -71.6093
556 -33.0512 -71.6121
782 -33.0512 -71.612
51 -33.0512 -71.612
642 -33.0512 -71.612
120 -33.0511 -71.6121
811 -33.0512 -71.6121
675 -33.0512 -71.6121
305 -33.0515 -71.612
192 -33.0515 -71.6119
733 -33.0515 -71.6115
173 -33.0515 -71.6114
26 -33.0515 -71.6119
962 -33.0513 -71.6119
505 -33.0515 -71.6119
571 -33.0512 -71.6114
390 -33.0511 -71.6122
2 -33.0511 -71.6125
187 -33.0511 -71.6124
276 -33.0511 -71.6123
737 -33.0511 -71.6125
916 -33.0503 -71.613
910 -33.0511 -71.6129
242 -33.0511 -71.6127
958 -33.0511 -71.6122
214 -33.0511 -71.6114
29 -33.0509 -71.6114
15 -33.0508 -71.6113
909 -33.0505 -71.6113
789 -33.0501 -71.6113
236 -33.0501 -71.6106
741 -33.0501 -71.6105
746 -33.0511 -71.61
110 -33.0511 -71.61
94 -33.0511 -71.61
32 -33.0508 -71.6102
923 -33.0508 -71.6102
626 -33.0507 -71.6102
603 -33.0507 -71.6102
622 -33.0512 -71.6099
954 -33.0516 -71.6095
769 -33.0516 -71.6095
662 -33.0516 -71.6095
378 -33.0515 -71.6096
470 -33.0514 -71.6097
674 -33.0515 -71.6096
825 -33.0515 -71.6096
840 -33.0507 -71.6102
137 -33.0505 -71.6102
316 -33.0505 -71.6102
846 -33.0505 -71.6102
981 -33.0502 -71.6102
704 -33.0501 -71.6105
671 -33.0502 -71.6103
398 -33.0502 -71.6102
158 -33.0505 -71.6102
22 -33.0504 -71.6101
681 -33.0504 -71.6101
575 -33.0504 -71.6101
183 -33.0503 -71.6092
167 -33.0503 -71.6102
952 -33.0502 -71.6092
46 -33.052 -71.609
300 -33.0544 -71.6085
748 -33.0543 -71.6085
474 -33.0542 -71.6085
291 -33.0541 -71.6085
491 -33.0535 -71.6085
331 -33.0537 -71.6085
419 -33.0535 -71.6085
528 -33.0546 -71.6085
677 -33.054 -71.6085
808 -33.054 -71.6085
281 -33.0538 -71.6085
63 -33.0534 -71.6085
280 -33.0534 -71.6085
886 -33.0534 -71.6085
925 -33.0534 -71.6085
159 -33.0534 -71.6085
112 -33.0533 -71.6084
606 -33.0532 -71.6084
876 -33.0532 -71.6084
525 -33.0531 -71.6084
903 -33.0531 -71.6084
672 -33.0529 -71.6083
581 -33.0529 -71.6083
311 -33.0528 -71.6083
977 -33.0527 -71.6082
362 -33.0527 -71.6082
454 -33.0527 -71.6082
332 -33.0526 -71.6082
506 -33.0522 -71.6083
40 -33.0522 -71.6082
400 -33.0522 -71.6082
558 -33.0525 -71.6082
934 -33.0525 -71.6082
499 -33.0525 -71.6082
79 -33.0525 -71.6082
469 -33.0524 -71.6081
11 -33.0524 -71.6081
129 -33.0524 -71.6081
510 -33.0524 -71.6081
296 -33.0523 -71.6081
768 -33.0537 -71.6062
147 -33.0535 -71.6047
441 -33.0545 -71.6046
870 -33.0534 -71.6047
196 -33.0524 -71.6071
924 -33.0523 -71.6048
90 -33.0526 -71.6048
461 -33.0523 -71.6081
513 -33.0523 -71.6081
527 -33.0523 -71.608
335 -33.0522 -71.608
929 -33.0522 -71.6079
411 -33.0522 -71.6079
657 -33.0522 -71.6078
223 -33.0522 -71.6078
700 -33.0522 -71.6078
285 -33.0522 -71.6077
473 -33.0522 -71.6077
212 -33.0522 -71.6075
705 -33.0522 -71.6075
477 -33.0522 -71.6075
858 -33.0522 -71.6073
168 -33.0521 -71.6072
676 -33.0517 -71.609
303 -33.052 -71.6088
225 -33.0521 -71.6088
424 -33.0517 -71.609
512 -33.0516 -71.6089
7 -33.0515 -71.6088
797 -33.0515 -71.6088
848 -33.0514 -71.6087
535 -33.052 -71.608
613 -33.052 -71.608
912 -33.052 -71.608
438 -33.0519 -71.6076
282 -33.0515 -71.6083
740 -33.0515 -71.6083
888 -33.0517 -71.6082
833 -33.0514 -71.6083
49 -33.0509 -71.6085
715 -33.0509 -71.6085
984 -33.0508 -71.6085
843 -33.0506 -71.6085
503 -33.0506 -71.6085
261 -33.0505 -71.6085
256 -33.0505 -71.6085
601 -33.0505 -71.6085
723 -33.0512 -71.6085
937 -33.0512 -71.6085
478 -33.0513 -71.6084
224 -33.0505 -71.6085
595 -33.0504 -71.6085
89 -33.0503 -71.6085
138 -33.0515 -71.6075
645 -33.0521 -71.6072
551 -33.0521 -71.6071
918 -33.052 -71.6067
980 -33.0519 -71.6067
878 -33.0519 -71.6066
489 -33.0519 -71.6066
458 -33.0518 -71.6064
664 -33.0518 -71.6063
540 -33.0518 -71.6063
156 -33.0518 -71.6063
221 -33.052 -71.6048
593 -33.0517 -71.6061
73 -33.0517 -71.6061
421 -33.0516 -71.606
557 -33.0516 -71.6059
227 -33.0515 -71.606
228 -33.0511 -71.6074
532 -33.0515 -71.6059
381 -33.0515 -71.6059
753 -33.0511 -71.6074
62 -33.0509 -71.6074
350 -33.0509 -71.6074
502 -33.0505 -71.6057
752 -33.0504 -71.6056
706 -33.0513 -71.6054
78 -33.0513 -71.6053
169 -33.0505 -71.6049
620 -33.0504 -71.6049
181 -33.0503 -71.6056
966 -33.0503 -71.6056
832 -33.0501 -71.6106
577 -33.0501 -71.613
387 -33.0501 -71.613
252 -33.0501 -71.613
745 -33.05 -71.613
23 -33.05 -71.613
415 -33.05 -71.613
446 -33.0499 -71.613
272 -33.0499 -71.6129
423 -33.0497 -71.6129
145 -33.0498 -71.6125
257 -33.0498 -71.6122
403 -33.0497 -71.6129
310 -33.0496 -71.6129
160 -33.0496 -71.6129
998 -33.0496 -71.6129
649 -33.0495 -71.6129
143 -33.0494 -71.6129
386 -33.0494 -71.6129
986 -33.0492 -71.6129
309 -33.049 -71.6129
171 -33.0489 -71.6129
151 -33.0489 -71.6129
759 -33.0488 -71.6129
102 -33.0488 -71.6129
67 -33.0489 -71.6123
267 -33.049 -71.6119
731 -33.049 -71.6117
108 -33.0487 -71.6129
711 -33.0487 -71.6129
611 -33.0487 -71.6129
200 -33.0486 -71.6129
375 -33.05 -71.6115
321 -33.05 -71.6113
736 -33.05 -71.6112
294 -33.05 -71.6112
199 -33.05 -71.6113
229 -33.05 -71.6113
319 -33.05 -71.6113
357 -33.0499 -71.6113
882 -33.05 -71.611
182 -33.0501 -71.6107
404 -33.0501 -71.6107
856 -33.0501 -71.6107
669 -33.0501 -71.6108
284 -33.05 -71.611
349 -33.0501 -71.6109
885 -33.0499 -71.61
997 -33.0498 -71.6113
230 -33.0496 -71.6112
347 -33.0495 -71.6112
670 -33.0494 -71.6112
742 -33.0493 -71.6112
371 -33.0492 -71.6112
813 -33.049 -71.6112
905 -33.0489 -71.6112
776 -33.0487 -71.6112
861 -33.0496 -71.61
172 -33.0495 -71.6099
16 -33.0495 -71.6099
395 -33.049 -71.6099
397 -33.0487 -71.6112
8 -33.0488 -71.6098
208 -33.0486 -71.6129
202 -33.0485 -71.6129
615 -33.0484 -71.6129
334 -33.0484 -71.6129
70 -33.0482 -71.6128
877 -33.0478 -71.6129
837 -33.0482 -71.6128
372 -33.0479 -71.6128
725 -33.0479 -71.6128
661 -33.048 -71.6128
87 -33.048 -71.6128
490 -33.0479 -71.6122
37 -33.0479 -71.6124
45 -33.0478 -71.6126
594 -33.0478 -71.6125
135 -33.0479 -71.6124
630 -33.0478 -71.6126
265 -33.0478 -71.6128
584 -33.0478 -71.6127
114 -33.0478 -71.6127
926 -33.0477 -71.6128
599 -33.0477 -71.613
131 -33.0477 -71.6129
585 -33.0476 -71.6127
100 -33.047 -71.6127
621 -33.0467 -71.6126
186 -33.0464 -71.6125
659 -33.0464 -71.6125
964 -33.0459 -71.6123
24 -33.0459 -71.6123
494 -33.0455 -71.6122
104 -33.0479 -71.6122
567 -33.0481 -71.6115
359 -33.0482 -71.6113
245 -33.0485 -71.6112
616 -33.0481 -71.6117
965 -33.048 -71.6118
552 -33.048 -71.6118
781 -33.0481 -71.6118
691 -33.0485 -71.6111
247 -33.0485 -71.6111
720 -33.0485 -71.6111
806 -33.0484 -71.6111
410 -33.0483 -71.6111
875 -33.0482 -71.6111
264 -33.0481 -71.6111
667 -33.0481 -71.6111
289 -33.0479 -71.6111
275 -33.0468 -71.6109
449 -33.0468 -71.6109
33 -33.0457 -71.6108
814 -33.0457 -71.6098
353 -33.0448 -71.6115
54 -33.0447 -71.6111
985 -33.0447 -71.61
702 -33.0457 -71.6098
486 -33.0455 -71.6098
3 -33.0457 -71.6098
459 -33.0459 -71.6098
249 -33.0455 -71.6098
695 -33.0447 -71.6098
798 -33.0455 -71.6098
824 -33.0459 -71.6098
468 -33.0501 -71.6091
126 -33.0501 -71.6091
211 -33.05 -71.6091
324 -33.0498 -71.6091
990 -33.0496 -71.6093
653 -33.0496 -71.6092
757 -33.0497 -71.6091
785 -33.0497 -71.6091
600 -33.0498 -71.6084
343 -33.0497 -71.6084
204 -33.0496 -71.6084
328 -33.0496 -71.6084
821 -33.0496 -71.6091
863 -33.0496 -71.6084
836 -33.0496 -71.6084
845 -33.0495 -71.6098
243 -33.0495 -71.6098
136 -33.0495 -71.6084
714 -33.0495 -71.6084
951 -33.0494 -71.6084
406 -33.0491 -71.6091
707 -33.0487 -71.6091
734 -33.0494 -71.6083
771 -33.049 -71.6083
607 -33.049 -71.6083
498 -33.0489 -71.6083
235 -33.0489 -71.6083
68 -33.0489 -71.6083
417 -33.0488 -71.6083
125 -33.0487 -71.6083
233 -33.0487 -71.6083
306 -33.0486 -71.6083
690 -33.0499 -71.6072
471 -33.0495 -71.6071
957 -33.0494 -71.6065
369 -33.0494 -71.6071
460 -33.0494 -71.6071
56 -33.0494 -71.6071
624 -33.0491 -71.607
815 -33.0501 -71.6055
673 -33.0499 -71.6054
382 -33.0499 -71.6054
770 -33.0498 -71.6054
293 -33.0498 -71.6045
788 -33.0496 -71.6053
244 -33.0491 -71.6051
99 -33.0496 -71.6044
365 -33.049 -71.607
82 -33.0486 -71.6083
325 -33.0488 -71.6069
103 -33.0486 -71.6065
71 -33.0486 -71.6083
738 -33.0486 -71.6083
437 -33.0486 -71.6082
993 -33.0486 -71.6066
287 -33.0486 -71.6065
564 -33.0487 -71.6045
358 -33.0487 -71.6044
1 -33.0487 -71.6036
65 -33.0486 -71.6043
122 -33.0486 -71.6043
388 -33.0485 -71.6041
215 -33.0484 -71.6098
193 -33.048 -71.6098
623 -33.048 -71.6091
185 -33.0484 -71.6082
121 -33.0469 -71.6098
47 -33.0466 -71.6098
28 -33.0467 -71.6098
650 -33.0469 -71.6098
544 -33.0481 -71.6082
562 -33.0479 -71.6082
625 -33.0479 -71.6082
867 -33.0475 -71.6082
566 -33.0471 -71.6082
429 -33.0469 -71.6081
270 -33.0469 -71.6081
161 -33.0468 -71.6081
914 -33.0466 -71.6081
663 -33.046 -71.6098
344 -33.0462 -71.6098
39 -33.0464 -71.6098
928 -33.046 -71.6098
288 -33.0454 -71.6098
865 -33.0454 -71.6098
4 -33.0453 -71.6098
995 -33.0465 -71.6098
617 -33.0465 -71.6081
717 -33.0462 -71.6081
59 -33.0458 -71.608
188 -33.0458 -71.608
568 -33.0458 -71.608
380 -33.0457 -71.608
618 -33.0456 -71.608
91 -33.0481 -71.6078
339 -33.0481 -71.6067
232 -33.0481 -71.6066
658 -33.048 -71.6078
534 -33.048 -71.6078
203 -33.0478 -71.6075
839 -33.0479 -71.6067
975 -33.0483 -71.6066
628 -33.0484 -71.6039
913 -33.0483 -71.6038
30 -33.0483 -71.6035
492 -33.0481 -71.6035
896 -33.0479 -71.604
826 -33.0481 -71.6039
800 -33.0479 -71.6036
149 -33.0477 -71.6067
791 -33.0475 -71.6075
536 -33.0474 -71.6072
906 -33.0474 -71.607
508 -33.0474 -71.6069
162 -33.0446 -71.608
346 -33.0456 -71.6077
559 -33.0456 -71.6071
21 -33.0474 -71.6068
895 -33.0476 -71.6067
308 -33.0476 -71.6067
514 -33.0475 -71.6038
989 -33.0475 -71.6068
194 -33.0474 -71.6068
533 -33.0444 -71.6054
