38 -33.0519 -71.6249
315 -33.0519 -71.6248
327 -33.0519 -71.6247
497 -33.0518 -71.6252
115 -33.0518 -71.6252
142 -33.0517 -71.6252
85 -33.0517 -71.6252
253 -33.0523 -71.6244
930 -33.0523 -71.6244
880 -33.0528 -71.6238
177 -33.0524 -71.6238
266 -33.0523 -71.6244
678 -33.0518 -71.6243
487 -33.0522 -71.6235
260 -33.052 -71.6234
66 -33.0515 -71.6252
961 -33.0512 -71.6254
940 -33.0513 -71.6253
176 -33.0514 -71.6252
479 -33.0509 -71.6251
217 -33.0509 -71.6255
34 -33.0506 -71.6251
109 -33.0507 -71.6251
935 -33.0508 -71.6251
226 -33.0514 -71.6243
796 -33.0513 -71.6243
5 -33.0513 -71.6243
647 -33.0512 -71.6243
550 -33.051 -71.6243
716 -33.0508 -71.6236
694 -33.0509 -71.6235
799 -33.051 -71.6233
377 -33.0527 -71.6223
210 -33.0527 -71.6223
179 -33.0521 -71.6222
500 -33.0517 -71.6233
703 -33.0515 -71.6232
713 -33.0514 -71.6212
775 -33.0514 -71.6212
587 -33.0515 -71.6201
301 -33.0521 -71.62
542 -33.0521 -71.62
816 -33.0519 -71.6196
881 -33.0519 -71.6196
373 -33.0516 -71.62
69 -33.0519 -71.6199
376 -33.0519 -71.6196
216 -33.0514 -71.6202
890 -33.0513 -71.6232
283 -33.0512 -71.6232
440 -33.0512 -71.6231
547 -33.0512 -71.6212
313 -33.0507 -71.6231
901 -33.051 -71.6231
637 -33.0506 -71.6212
919 -33.0512 -71.6203
456 -33.0511 -71.6202
355 -33.051 -71.6202
341 -33.0508 -71.6202
761 -33.0508 -71.6201
838 -33.0507 -71.6201
973 -33.0506 -71.6201
53 -33.0506 -71.6231
101 -33.0501 -71.6259
829 -33.0501 -71.6252
633 -33.0503 -71.6252
786 -33.05 -71.6252
598 -33.0499 -71.6259
987 -33.0493 -71.6253
92 -33.0493 -71.6253
883 -33.0506 -71.6251
732 -33.0506 -71.6246
697 -33.0504 -71.6242
116 -33.0504 -71.6218
979 -33.0496 -71.6243
493 -33.0494 -71.6243
589 -33.0493 -71.6243
250 -33.0493 -71.6221
852 -33.0492 -71.6223
710 -33.0488 -71.6243
447 -33.0489 -71.6243
25 -33.049 -71.6243
409 -33.0487 -71.6252
999 -33.0486 -71.6232
859 -33.0487 -71.623
206 -33.0487 -71.6229
412 -33.0489 -71.6226
597 -33.0489 -71.6223
144 -33.049 -71.6223
632 -33.049 -71.6219
213 -33.0489 -71.6224
111 -33.0487 -71.6222
163 -33.0487 -71.622
17 -33.0489 -71.6218
399 -33.0504 -71.6218
432 -33.0505 -71.6216
302 -33.0505 -71.6215
956 -33.0502 -71.6208
425 -33.0501 -71.6204
401 -33.0494 -71.6207
74 -33.05 -71.6203
891 -33.0494 -71.6202
76 -33.0498 -71.6201
680 -33.0504 -71.6201
86 -33.0496 -71.62
434 -33.0496 -71.62
844 -33.0496 -71.6199
198 -33.0496 -71.62
804 -33.0496 -71.62
656 -33.0494 -71.6194
166 -33.0494 -71.6208
831 -33.0493 -71.6213
448 -33.0493 -71.6213
687 -33.0493 -71.6212
340 -33.0493 -71.6214
77 -33.0492 -71.6217
374 -33.0484 -71.6216
262 -33.0493 -71.6215
234 -33.0493 -71.621
323 -33.0493 -71.6208
783 -33.0484 -71.6208
481 -33.0484 -71.6207
363 -33.0484 -71.6206
457 -33.0483 -71.6209
430 -33.0483 -71.6206
134 -33.051 -71.6193
869 -33.0522 -71.6185
560 -33.0526 -71.6181
774 -33.0525 -71.6181
646 -33.0519 -71.6184
370 -33.0514 -71.6191
57 -33.0517 -71.6184
668 -33.0517 -71.6184
475 -33.0527 -71.6172
356 -33.0515 -71.6166
931 -33.052 -71.6165
936 -33.052 -71.6165
286 -33.0515 -71.6165
818 -33.0515 -71.6163
943 -33.0515 -71.6163
20 -33.0515 -71.6162
537 -33.0513 -71.6189
189 -33.0512 -71.6186
765 -33.0512 -71.6185
413 -33.0512 -71.6183
963 -33.0512 -71.6186
367 -33.0511 -71.6186
255 -33.0503 -71.6183
549 -33.0501 -71.6183
582 -33.0509 -71.6181
978 -33.0508 -71.6181
407 -33.0507 -71.618
18 -33.0511 -71.6163
389 -33.0505 -71.6165
408 -33.0503 -71.6179
426 -33.05 -71.6167
743 -33.0504 -71.6165
251 -33.0496 -71.616
118 -33.0528 -71.6159
945 -33.0528 -71.6159
991 -33.0526 -71.6158
872 -33.0526 -71.6152
297 -33.0521 -71.6156
842 -33.0516 -71.6156
976 -33.0526 -71.6151
482 -33.0525 -71.615
792 -33.0519 -71.6149
299 -33.052 -71.6149
561 -33.0519 -71.6148
578 -33.0519 -71.6148
507 -33.0518 -71.6147
483 -33.0517 -71.6146
910 -33.0516 -71.6146
531 -33.0516 -71.6145
640 -33.0515 -71.616
464 -33.0511 -71.6156
950 -33.051 -71.6156
608 -33.051 -71.6156
822 -33.0499 -71.6157
450 -33.0498 -71.6157
268 -33.0505 -71.6156
879 -33.0508 -71.6155
501 -33.0516 -71.6145
242 -33.0515 -71.6144
124 -33.0515 -71.6144
2 -33.0515 -71.6142
60 -33.0508 -71.6155
737 -33.0515 -71.6142
476 -33.0496 -71.6161
428 -33.0496 -71.6189
42 -33.0496 -71.6186
361 -33.0496 -71.6186
760 -33.0494 -71.6192
539 -33.0494 -71.6189
379 -33.0494 -71.6187
524 -33.0493 -71.6184
841 -33.049 -71.6181
391 -33.049 -71.6168
959 -33.049 -71.6168
146 -33.049 -71.6167
609 -33.0489 -71.6171
95 -33.0489 -71.6179
641 -33.0488 -71.6173
150 -33.0488 -71.6173
570 -33.0488 -71.6174
684 -33.0486 -71.6179
455 -33.0486 -71.6178
352 -33.0487 -71.6178
809 -33.0485 -71.6181
803 -33.0484 -71.6185
730 -33.0484 -71.6184
246 -33.0485 -71.6183
396 -33.0487 -71.6177
698 -33.0487 -71.6177
699 -33.0487 -71.6177
443 -33.0488 -71.6175
754 -33.0487 -71.6177
543 -33.0487 -71.6177
488 -33.0484 -71.617
953 -33.0485 -71.6167
689 -33.0495 -71.6166
893 -33.0493 -71.6165
602 -33.0493 -71.6165
107 -33.0493 -71.6165
433 -33.0492 -71.6165
693 -33.0492 -71.6165
520 -33.0492 -71.6165
279 -33.0494 -71.6165
726 -33.0494 -71.6164
955 -33.0494 -71.6163
375 -33.0494 -71.6143
123 -33.0494 -71.6164
415 -33.0493 -71.6154
257 -33.0493 -71.6149
295 -33.0494 -71.6145
269 -33.0492 -71.6165
6 -33.0491 -71.6165
184 -33.0491 -71.6164
871 -33.0491 -71.6164
41 -33.049 -71.6167
442 -33.0489 -71.6164
580 -33.0488 -71.6164
271 -33.0487 -71.6164
921 -33.0491 -71.6163
682 -33.0491 -71.6161
554 -33.0492 -71.6159
887 -33.0492 -71.6159
141 -33.0491 -71.6162
267 -33.0483 -71.6146
731 -33.0484 -71.6144
160 -33.0483 -71.6146
735 -33.0474 -71.6253
849 -33.0479 -71.6253
629 -33.0481 -71.6253
868 -33.0473 -71.6231
360 -33.0471 -71.6251
36 -33.0473 -71.6232
453 -33.0468 -71.623
854 -33.0473 -71.6229
631 -33.0471 -71.6228
692 -33.047 -71.6228
834 -33.0473 -71.6228
660 -33.047 -71.6228
529 -33.0469 -71.6228
394 -33.047 -71.6228
900 -33.0469 -71.6228
130 -33.0468 -71.6229
222 -33.0466 -71.6257
718 -33.0466 -71.6255
80 -33.0465 -71.6253
485 -33.0465 -71.6252
516 -33.0465 -71.6257
696 -33.0463 -71.6257
583 -33.0464 -71.6249
764 -33.0464 -71.6249
318 -33.0466 -71.6229
263 -33.0467 -71.6229
897 -33.0468 -71.6229
484 -33.0465 -71.6241
509 -33.0464 -71.6249
911 -33.0464 -71.6249
983 -33.0465 -71.6229
191 -33.0473 -71.6227
780 -33.0482 -71.6214
337 -33.0481 -71.6211
701 -33.0481 -71.621
612 -33.0474 -71.6224
884 -33.0474 -71.6224
688 -33.0474 -71.6222
462 -33.0474 -71.6222
240 -33.0474 -71.6207
654 -33.0482 -71.6204
665 -33.0476 -71.6203
548 -33.0481 -71.6203
278 -33.0475 -71.6205
64 -33.0475 -71.6206
93 -33.0475 -71.6205
27 -33.0475 -71.6205
828 -33.0473 -71.6209
586 -33.0473 -71.6227
195 -33.0473 -71.6218
0 -33.0472 -71.6216
648 -33.0464 -71.6209
13 -33.0463 -71.6213
31 -33.0463 -71.6212
574 -33.0464 -71.621
538 -33.0464 -71.6209
496 -33.0466 -71.6203
231 -33.0466 -71.6203
830 -33.0466 -71.6202
418 -33.0466 -71.6203
728 -33.0465 -71.6206
971 -33.0466 -71.6204
322 -33.0463 -71.6255
277 -33.0462 -71.6257
802 -33.0462 -71.6256
939 -33.0462 -71.6247
205 -33.0462 -71.6255
938 -33.0461 -71.6256
139 -33.0461 -71.6256
820 -33.0461 -71.6255
9 -33.0462 -71.6247
55 -33.0461 -71.6245
755 -33.0462 -71.6244
722 -33.046 -71.6242
605 -33.046 -71.6232
530 -33.0458 -71.6242
152 -33.0459 -71.624
383 -33.0459 -71.6234
511 -33.0457 -71.6241
88 -33.0435 -71.6246
643 -33.0437 -71.6244
827 -33.044 -71.6242
220 -33.0435 -71.6254
784 -33.0435 -71.6254
988 -33.0434 -71.6252
982 -33.0433 -71.625
427 -33.044 -71.6242
708 -33.0457 -71.6239
972 -33.0448 -71.6237
635 -33.0448 -71.6237
793 -33.0447 -71.6237
644 -33.0441 -71.6241
724 -33.0443 -71.624
933 -33.0451 -71.6231
889 -33.0462 -71.623
435 -33.0457 -71.6222
855 -33.0458 -71.622
862 -33.0456 -71.6223
170 -33.0454 -71.6226
573 -33.0455 -71.6225
941 -33.0456 -71.6223
314 -33.0459 -71.622
519 -33.046 -71.6217
904 -33.0462 -71.6215
572 -33.0462 -71.6213
174 -33.0457 -71.6203
84 -33.0455 -71.6209
778 -33.0456 -71.6207
712 -33.0454 -71.6204
113 -33.0453 -71.6228
348 -33.0452 -71.623
639 -33.0452 -71.6229
81 -33.0451 -71.6226
48 -33.045 -71.6226
794 -33.0449 -71.6225
553 -33.0449 -71.6225
157 -33.0449 -71.6225
968 -33.0442 -71.6222
333 -33.0449 -71.6208
604 -33.0447 -71.6208
10 -33.045 -71.6204
155 -33.0447 -71.6208
610 -33.0442 -71.6221
763 -33.0445 -71.6208
431 -33.0476 -71.6202
709 -33.0481 -71.6202
522 -33.048 -71.6202
207 -33.048 -71.6202
864 -33.048 -71.6194
565 -33.0479 -71.62
258 -33.048 -71.6194
721 -33.048 -71.6194
180 -33.048 -71.6193
254 -33.0482 -71.619
292 -33.0483 -71.6189
750 -33.0483 -71.6189
164 -33.0482 -71.6191
812 -33.0481 -71.6192
767 -33.0481 -71.6192
992 -33.0481 -71.6191
787 -33.0479 -71.6195
518 -33.0476 -71.6201
329 -33.0477 -71.6198
495 -33.0478 -71.6197
727 -33.047 -71.6201
807 -33.0466 -71.6202
614 -33.0469 -71.6201
178 -33.0467 -71.62
345 -33.0468 -71.6197
685 -33.047 -71.6191
947 -33.047 -71.619
920 -33.0471 -71.6188
444 -33.0469 -71.6194
683 -33.0468 -71.6197
847 -33.0467 -71.6194
153 -33.0466 -71.6194
779 -33.0471 -71.6188
817 -33.0474 -71.6178
974 -33.0474 -71.6172
336 -33.0474 -71.6172
439 -33.0473 -71.618
465 -33.0473 -71.6182
932 -33.0473 -71.6181
466 -33.0473 -71.6172
777 -33.0478 -71.6165
67 -33.0482 -71.615
649 -33.0483 -71.6147
998 -33.0483 -71.6147
819 -33.0481 -71.6163
290 -33.048 -71.6163
801 -33.0477 -71.6162
445 -33.048 -71.6158
805 -33.0472 -71.6183
860 -33.0471 -71.6186
651 -33.0472 -71.6186
546 -33.047 -71.6161
342 -33.047 -71.6184
320 -33.0469 -71.6183
117 -33.0468 -71.6161
892 -33.0465 -71.6161
131 -33.047 -71.6156
594 -33.0471 -71.6151
334 -33.0471 -71.6148
965 -33.0471 -71.6144
661 -33.0467 -71.6147
114 -33.0466 -71.6147
372 -33.0466 -71.6147
926 -33.0465 -71.6147
106 -33.0461 -71.6202
850 -33.046 -71.6202
504 -33.0462 -71.6193
515 -33.0458 -71.6201
273 -33.0457 -71.6202
851 -33.0457 -71.6201
218 -33.0454 -71.62
44 -33.0459 -71.6192
58 -33.0464 -71.617
638 -33.0464 -71.617
894 -33.0464 -71.617
719 -33.0462 -71.617
304 -33.0458 -71.6192
596 -33.0461 -71.6169
795 -33.046 -71.6169
248 -33.0453 -71.6178
541 -33.0452 -71.6199
436 -33.0452 -71.6199
165 -33.045 -71.6198
949 -33.0448 -71.6199
853 -33.0448 -71.6199
416 -33.0447 -71.6199
140 -33.0447 -71.6199
239 -33.0449 -71.6198
652 -33.0451 -71.619
364 -33.0451 -71.619
960 -33.0449 -71.6189
50 -33.0449 -71.6198
590 -33.0448 -71.6169
758 -33.0447 -71.6169
823 -33.0448 -71.6169
908 -33.0464 -71.616
545 -33.0463 -71.616
451 -33.0464 -71.6147
946 -33.0462 -71.616
756 -33.0455 -71.6169
317 -33.0461 -71.616
666 -33.0457 -71.616
599 -33.0464 -71.6147
729 -33.0463 -71.6147
655 -33.0463 -71.6147
835 -33.0461 -71.6147
942 -33.0459 -71.6146
201 -33.0459 -71.6146
392 -33.0458 -71.6146
338 -33.0458 -71.6146
96 -33.0455 -71.616
899 -33.0455 -71.6169
393 -33.0454 -71.6169
128 -33.0452 -71.6168
148 -33.0451 -71.616
119 -33.0448 -71.6169
385 -33.045 -71.6159
133 -33.0448 -71.6159
75 -33.0443 -71.6159
766 -33.0454 -71.6145
526 -33.0453 -71.6145
588 -33.0449 -71.6145
312 -33.0446 -71.6145
634 -33.0443 -71.6159
241 -33.0446 -71.6145
745 -33.0484 -71.6141
948 -33.0528 -71.6137
505 -33.0519 -71.6135
192 -33.0519 -71.6134
782 -33.0517 -71.6138
811 -33.0515 -71.6137
675 -33.0516 -71.6137
556 -33.0516 -71.6137
994 -33.0518 -71.6131
132 -33.0518 -71.6118
592 -33.0519 -71.6118
922 -33.052 -71.6118
772 -33.0517 -71.6118
298 -33.0516 -71.6131
874 -33.0516 -71.6131
810 -33.0517 -71.6118
390 -33.0515 -71.6137
276 -33.0514 -71.6139
120 -33.0515 -71.6137
866 -33.0515 -71.6131
72 -33.0511 -71.6124
686 -33.0504 -71.613
238 -33.0503 -71.613
463 -33.0511 -71.6126
747 -33.0511 -71.6124
19 -33.0515 -71.6119
790 -33.0512 -71.6119
326 -33.0512 -71.6119
414 -33.0512 -71.6121
521 -33.0511 -71.6123
576 -33.0511 -71.6123
420 -33.0511 -71.6122
83 -33.0523 -71.6117
873 -33.0524 -71.6117
970 -33.0527 -71.6117
98 -33.0527 -71.6116
43 -33.0514 -71.6116
917 -33.0513 -71.6114
523 -33.0509 -71.6114
636 -33.0509 -71.6102
513 -33.0508 -71.6102
354 -33.0524 -71.61
579 -33.0521 -71.6095
368 -33.052 -71.6093
925 -33.0518 -71.6094
469 -33.051 -71.6101
591 -33.051 -71.61
525 -33.0516 -71.6095
307 -33.0508 -71.6102
569 -33.0505 -71.6113
305 -33.0501 -71.6113
46 -33.0501 -71.6104
937 -33.0501 -71.6105
555 -33.0501 -71.6106
472 -33.0501 -71.6105
422 -33.0501 -71.6105
857 -33.0501 -71.6104
400 -33.0507 -71.6102
52 -33.0507 -71.6102
402 -33.0506 -71.6102
225 -33.0503 -71.6101
613 -33.0502 -71.6092
274 -33.0501 -71.6091
944 -33.0501 -71.6106
671 -33.0497 -71.6131
127 -33.05 -71.613
26 -33.0501 -71.613
704 -33.0497 -71.6132
669 -33.0496 -71.6136
856 -33.0496 -71.6134
958 -33.0497 -71.6132
51 -33.0497 -71.6129
626 -33.0498 -71.6123
923 -33.0498 -71.6122
32 -33.0498 -71.6122
137 -33.0498 -71.6125
642 -33.0496 -71.6129
316 -33.0498 -71.6126
158 -33.0498 -71.6125
349 -33.0496 -71.6137
321 -33.0495 -71.614
480 -33.0495 -71.614
882 -33.0495 -71.6138
762 -33.0495 -71.614
229 -33.0495 -71.6141
319 -33.0495 -71.6141
199 -33.0495 -71.6141
284 -33.0495 -71.6138
187 -33.0493 -71.6129
404 -33.0489 -71.6124
182 -33.0489 -71.6124
97 -33.0486 -71.6132
351 -33.0486 -71.6129
14 -33.0485 -71.6129
398 -33.049 -71.612
470 -33.05 -71.6114
825 -33.05 -71.6113
378 -33.05 -71.6111
622 -33.0499 -71.6117
746 -33.0499 -71.6119
962 -33.0499 -71.6113
94 -33.0496 -71.6112
954 -33.05 -71.611
769 -33.05 -71.611
662 -33.0501 -71.611
219 -33.0501 -71.6108
35 -33.0499 -71.6101
773 -33.0499 -71.61
282 -33.0496 -71.6092
740 -33.0496 -71.6092
110 -33.0495 -71.6112
840 -33.0491 -71.6113
733 -33.0493 -71.6112
173 -33.0491 -71.6112
846 -33.0489 -71.6112
571 -33.0488 -71.6112
214 -33.0488 -71.6112
167 -33.0487 -71.6112
981 -33.0486 -71.6112
984 -33.0493 -71.6099
674 -33.0493 -71.6099
843 -33.0492 -71.6099
261 -33.0491 -71.6099
29 -33.0486 -71.6112
145 -33.0487 -71.6112
535 -33.0501 -71.6091
467 -33.0518 -71.6091
677 -33.0521 -71.6087
291 -33.0521 -71.6086
281 -33.0516 -71.6082
619 -33.0516 -71.6089
259 -33.0515 -71.6088
331 -33.0515 -71.6083
528 -33.0524 -71.6081
300 -33.0522 -71.6079
748 -33.0522 -71.6077
768 -33.0521 -71.6076
474 -33.0519 -71.608
808 -33.0518 -71.6081
491 -33.0516 -71.6075
63 -33.0515 -71.6075
237 -33.0514 -71.6087
967 -33.0513 -71.6087
154 -33.0513 -71.6087
384 -33.051 -71.6086
563 -33.0509 -71.6085
196 -33.0508 -71.6085
672 -33.0507 -71.6085
366 -33.0507 -71.6085
209 -33.0507 -71.6085
751 -33.0513 -71.6079
886 -33.0514 -71.6075
112 -33.0513 -71.6075
419 -33.0513 -71.6084
627 -33.0506 -71.6085
876 -33.0512 -71.6074
927 -33.051 -71.6074
175 -33.0521 -71.6072
159 -33.0519 -71.6068
280 -33.052 -71.6068
679 -33.0518 -71.6065
903 -33.0518 -71.6064
606 -33.0518 -71.6068
311 -33.0517 -71.6062
581 -33.0517 -71.6062
303 -33.0517 -71.6061
332 -33.0516 -71.6058
40 -33.0515 -71.6056
441 -33.0526 -71.6053
147 -33.0514 -71.6053
499 -33.0514 -71.6059
79 -33.0514 -71.6059
461 -33.0514 -71.6055
527 -33.0514 -71.6055
558 -33.051 -71.6067
506 -33.0513 -71.6059
929 -33.051 -71.6058
411 -33.051 -71.6058
129 -33.0509 -71.6067
221 -33.0509 -71.6066
212 -33.0507 -71.6057
705 -33.0507 -71.6057
870 -33.0513 -71.6053
223 -33.0513 -71.6053
473 -33.0512 -71.6052
858 -33.0509 -71.6051
551 -33.0507 -71.605
90 -33.0507 -71.605
335 -33.0506 -71.6066
977 -33.0506 -71.6085
362 -33.0505 -71.6085
454 -33.0505 -71.6085
452 -33.0504 -71.6085
190 -33.0499 -71.6091
61 -33.0501 -71.6084
12 -33.05 -71.6084
912 -33.0497 -71.6084
934 -33.0505 -71.6073
512 -33.0504 -71.6073
11 -33.0504 -71.6073
510 -33.0503 -71.6073
797 -33.0503 -71.6073
296 -33.0502 -71.6072
848 -33.0502 -71.6072
438 -33.0496 -71.6071
676 -33.0495 -71.6084
424 -33.0495 -71.6084
888 -33.0493 -71.6083
723 -33.0492 -71.6091
503 -33.0487 -71.6091
7 -33.0491 -71.6083
833 -33.049 -71.6083
478 -33.0489 -71.6083
138 -33.0492 -71.607
228 -33.0488 -71.6069
62 -33.0488 -71.6067
753 -33.0488 -71.6069
715 -33.0485 -71.6082
49 -33.0486 -71.6082
350 -33.0488 -71.6066
657 -33.0506 -71.6066
645 -33.0505 -71.6057
168 -33.0505 -71.6056
700 -33.0504 -71.6066
285 -33.0504 -71.6066
477 -33.0502 -71.6066
918 -33.05 -71.6055
878 -33.0499 -71.6055
980 -33.0504 -71.6048
924 -33.0503 -71.6048
489 -33.0503 -71.6048
540 -33.05 -71.6046
156 -33.05 -71.6046
73 -33.0499 -71.6045
557 -33.0497 -71.6045
458 -33.0497 -71.6054
664 -33.0496 -71.6054
593 -33.0495 -71.6053
78 -33.0495 -71.6053
421 -33.0494 -71.6053
227 -33.0493 -71.6052
381 -33.0492 -71.6052
532 -33.0492 -71.6052
502 -33.0486 -71.6042
706 -33.0494 -71.604
620 -33.0486 -71.6037
169 -33.0487 -71.6036
752 -33.0485 -71.6042
181 -33.0485 -71.6041
966 -33.0485 -71.6041
15 -33.0485 -71.6111
252 -33.0484 -71.6141
577 -33.0485 -71.614
23 -33.0477 -71.613
446 -33.0477 -71.613
310 -33.0475 -71.6134
776 -33.0476 -71.6132
272 -33.0476 -71.6131
813 -33.0477 -71.6129
197 -33.0481 -71.6128
405 -33.0481 -71.6128
105 -33.0481 -71.6128
907 -33.048 -71.6128
916 -33.0479 -71.6128
371 -33.0477 -71.6128
387 -33.0477 -71.6128
143 -33.0475 -71.6136
309 -33.0473 -71.6141
806 -33.0474 -71.6134
386 -33.0473 -71.6134
986 -33.0472 -71.6134
410 -33.0472 -71.6134
567 -33.0468 -71.6133
759 -33.0468 -71.6133
616 -33.0467 -71.6133
781 -33.0467 -71.6132
423 -33.0474 -71.6127
403 -33.0473 -71.6127
552 -33.0466 -71.6132
208 -33.0466 -71.6132
202 -33.0464 -71.6132
615 -33.0464 -71.6132
245 -33.0471 -71.6127
832 -33.0482 -71.6112
741 -33.0483 -71.6111
236 -33.0482 -71.6111
294 -33.0481 -71.6117
997 -33.0479 -71.6121
611 -33.0473 -71.6116
230 -33.0473 -71.6111
909 -33.0481 -71.6111
603 -33.0483 -71.6098
468 -33.0482 -71.6098
952 -33.0483 -71.6098
757 -33.0479 -71.6098
789 -33.0477 -71.6111
736 -33.0477 -71.611
357 -33.0475 -71.611
347 -33.0471 -71.611
247 -33.0471 -71.6127
691 -33.0471 -71.6127
359 -33.0467 -71.6126
171 -33.0466 -71.6125
151 -33.0465 -71.6125
102 -33.0464 -71.6125
711 -33.0463 -71.6125
108 -33.0463 -71.6125
670 -33.047 -71.611
742 -33.047 -71.611
395 -33.0466 -71.6098
905 -33.0466 -71.6109
397 -33.0463 -71.6109
8 -33.0464 -71.6098
104 -33.0463 -71.6132
837 -33.0462 -71.6131
630 -33.0459 -71.6131
725 -33.0458 -71.6131
584 -33.0458 -71.6131
877 -33.0457 -71.613
330 -33.0456 -71.613
517 -33.0454 -71.613
200 -33.0463 -71.6124
490 -33.0459 -71.6123
70 -33.0459 -71.6123
37 -33.0458 -71.6123
135 -33.0457 -71.6123
87 -33.0457 -71.6123
45 -33.0456 -71.6122
265 -33.0455 -71.6122
744 -33.0453 -71.613
969 -33.0453 -71.613
898 -33.0451 -71.6129
739 -33.045 -71.6129
902 -33.045 -71.6129
749 -33.0445 -71.6129
996 -33.0445 -71.6129
915 -33.0449 -71.6129
964 -33.044 -71.6127
585 -33.0453 -71.6121
621 -33.0443 -71.612
100 -33.0447 -71.612
186 -33.0442 -71.6122
985 -33.0441 -71.6126
659 -33.0441 -71.6122
798 -33.0444 -71.6118
720 -33.0462 -71.6108
875 -33.0459 -71.6108
264 -33.0458 -71.6108
667 -33.0457 -71.6108
289 -33.0455 -71.6108
39 -33.0447 -71.6107
275 -33.0448 -71.6106
995 -33.0447 -71.6105
449 -33.0448 -71.6105
193 -33.0456 -71.6098
215 -33.0461 -71.6098
47 -33.0447 -71.6104
28 -33.0447 -71.6103
650 -33.0447 -71.6101
121 -33.0447 -71.61
344 -33.0446 -71.6105
824 -33.0446 -71.6112
663 -33.0446 -71.6103
928 -33.0445 -71.6102
814 -33.0445 -71.6115
24 -33.0442 -71.6117
486 -33.0445 -71.6116
4 -33.0443 -71.6103
494 -33.0445 -71.6102
459 -33.0445 -71.6102
3 -33.0444 -71.6101
702 -33.0443 -71.61
249 -33.0443 -71.61
288 -33.0443 -71.6101
33 -33.0443 -71.6099
126 -33.0481 -71.6098
22 -33.0481 -71.6098
681 -33.048 -71.6098
575 -33.048 -71.6098
183 -33.048 -71.6091
653 -33.0477 -71.6098
990 -33.0477 -71.6098
885 -33.0476 -71.6098
211 -33.0477 -71.609
601 -33.0482 -71.6082
256 -33.0482 -71.6082
595 -33.0481 -71.6082
224 -33.0481 -71.6082
324 -33.0475 -71.609
785 -33.0473 -71.609
600 -33.0474 -71.6082
861 -33.0473 -71.6098
845 -33.0472 -71.6098
821 -33.0472 -71.609
343 -33.0473 -71.6082
243 -33.0472 -71.6098
172 -33.0471 -71.6098
16 -33.0472 -71.6098
406 -33.0467 -71.609
204 -33.0473 -71.6082
328 -33.0473 -71.6082
836 -33.0472 -71.6082
714 -33.0471 -71.6082
136 -33.0471 -71.6082
734 -33.047 -71.6081
951 -33.047 -71.6081
771 -33.0466 -71.6081
607 -33.0466 -71.6081
89 -33.0481 -71.6079
471 -33.0475 -71.6067
690 -33.0479 -71.6067
863 -33.0475 -71.6075
369 -33.0474 -71.6068
460 -33.0474 -71.6067
56 -33.0474 -71.6067
99 -33.0478 -71.604
815 -33.0483 -71.6038
382 -33.0483 -71.6036
673 -33.0482 -71.6036
770 -33.0481 -71.6039
788 -33.0479 -71.604
293 -33.048 -71.6039
244 -33.0477 -71.6032
498 -33.0473 -71.6068
233 -33.0473 -71.6065
624 -33.0473 -71.6064
365 -33.0473 -71.6064
325 -33.0473 -71.6061
185 -33.0468 -71.6069
437 -33.047 -71.6069
957 -33.0471 -71.6068
91 -33.0472 -71.6056
287 -33.0472 -71.6055
1 -33.0469 -71.6049
536 -33.047 -71.6044
564 -33.0468 -71.6044
358 -33.0466 -71.6045
122 -33.0467 -71.6041
65 -33.0466 -71.6045
235 -33.0466 -71.6081
68 -33.0465 -71.6081
417 -33.0464 -71.6081
125 -33.0463 -71.6081
707 -33.0463 -71.609
623 -33.0457 -71.6089
306 -33.0463 -71.6081
82 -33.0462 -71.6081
71 -33.0462 -71.6081
103 -33.0463 -71.607
658 -33.0463 -71.607
738 -33.0462 -71.6081
544 -33.0457 -71.608
339 -33.0457 -71.6071
975 -33.046 -71.6071
625 -33.0456 -71.6079
562 -33.0455 -71.608
867 -33.0451 -71.608
566 -33.0447 -71.608
865 -33.0444 -71.6095
695 -33.0442 -71.609
353 -33.0441 -71.6089
54 -33.0441 -71.6086
429 -33.0446 -71.6078
194 -33.0451 -71.6071
149 -33.0453 -71.6071
839 -33.0456 -71.6071
21 -33.045 -71.6071
914 -33.0446 -71.6075
270 -33.0448 -71.6075
534 -33.0463 -71.607
993 -33.0463 -71.6069
203 -33.0463 -71.6066
232 -33.0462 -71.6063
791 -33.0462 -71.6062
895 -33.0456 -71.6067
906 -33.0462 -71.6056
508 -33.0461 -71.6055
896 -33.0456 -71.6049
913 -33.0461 -71.6047
628 -33.0462 -71.6047
388 -33.0463 -71.6046
30 -33.0461 -71.6043
826 -33.0458 -71.6048
800 -33.0456 -71.6045
492 -33.0459 -71.6044
308 -33.0456 -71.6067
161 -33.0456 -71.6066
989 -33.0456 -71.6066
617 -33.0455 -71.6062
59 -33.0443 -71.6067
380 -33.0443 -71.6066
533 -33.0432 -71.6064
618 -33.0443 -71.6063
162 -33.0435 -71.6059
717 -33.0455 -71.6059
188 -33.0453 -71.6054
568 -33.0453 -71.6054
514 -33.0453 -71.6047
346 -33.0452 -71.6049
559 -33.045 -71.6044
