313 -33.0552 -71.6216
940 -33.0551 -71.6214
176 -33.0551 -71.6214
550 -33.0551 -71.6212
53 -33.055 -71.6217
961 -33.0551 -71.6217
66 -33.0551 -71.6212
142 -33.0551 -71.621
85 -33.0551 -71.621
497 -33.0551 -71.6209
189 -33.0568 -71.6183
647 -33.0551 -71.6209
115 -33.0551 -71.6209
5 -33.055 -71.6209
796 -33.055 -71.6208
890 -33.055 -71.6208
479 -33.055 -71.6218
226 -33.055 -71.6208
703 -33.055 -71.6208
217 -33.055 -71.6219
883 -33.0547 -71.6222
109 -33.0548 -71.622
697 -33.055 -71.6219
38 -33.0549 -71.6207
315 -33.0549 -71.6206
500 -33.0549 -71.6205
327 -33.0548 -71.6205
69 -33.0548 -71.6184
678 -33.0547 -71.6203
260 -33.0547 -71.6203
754 -33.0546 -71.6184
361 -33.0549 -71.6183
367 -33.0568 -71.6183
978 -33.0565 -71.6182
475 -33.0583 -71.6174
407 -33.0557 -71.6167
549 -33.0557 -71.6179
408 -33.0556 -71.6171
537 -33.0556 -71.6169
582 -33.0558 -71.6164
413 -33.0561 -71.6161
686 -33.0562 -71.6159
668 -33.0562 -71.6158
765 -33.056 -71.6162
963 -33.0559 -71.6163
18 -33.0559 -71.6159
822 -33.0557 -71.6159
370 -33.0556 -71.6172
816 -33.0553 -71.6178
881 -33.0553 -71.6177
376 -33.0553 -71.6176
134 -33.0552 -71.6178
542 -33.0549 -71.6183
301 -33.055 -71.6182
42 -33.055 -71.6182
255 -33.0555 -71.6172
450 -33.0556 -71.6159
389 -33.0554 -71.6158
743 -33.0553 -71.6158
476 -33.0552 -71.6158
251 -33.0551 -71.6158
955 -33.055 -71.6158
698 -33.0546 -71.6184
409 -33.0543 -71.6242
598 -33.0544 -71.623
589 -33.0544 -71.6229
25 -33.0543 -71.6233
710 -33.0543 -71.6236
92 -33.0543 -71.6235
987 -33.0543 -71.6235
786 -33.0545 -71.6228
829 -33.0545 -71.6227
979 -33.0546 -71.6225
487 -33.0545 -71.6202
266 -33.0544 -71.6201
253 -33.0544 -71.6201
930 -33.0543 -71.62
177 -33.0542 -71.62
629 -33.0539 -71.6245
849 -33.0536 -71.6245
880 -33.0538 -71.6197
377 -33.0537 -71.6188
210 -33.0536 -71.6188
179 -33.0535 -71.6194
466 -33.0533 -71.6188
547 -33.0533 -71.6188
767 -33.0534 -71.6188
891 -33.0534 -71.6188
775 -33.0535 -71.6187
713 -33.0535 -71.6186
495 -33.0528 -71.6187
166 -33.0528 -71.6187
323 -33.0527 -71.6187
687 -33.0525 -71.6186
448 -33.0524 -71.6186
355 -33.0539 -71.6184
803 -33.0539 -71.6184
456 -33.0539 -71.6184
341 -33.0537 -71.6184
761 -33.0536 -71.6185
844 -33.0535 -71.6185
434 -33.0536 -71.6185
919 -33.0541 -71.6184
587 -33.0544 -71.6184
455 -33.0544 -71.6184
373 -33.0544 -71.6184
216 -33.0543 -71.6184
809 -33.0542 -71.6184
760 -33.0542 -71.6184
271 -33.0541 -71.6168
838 -33.0535 -71.6185
831 -33.0524 -71.6186
973 -33.0535 -71.6186
431 -33.0524 -71.6186
340 -33.0523 -71.6186
116 -33.0522 -71.6185
262 -33.0522 -71.6185
399 -33.0522 -71.6185
198 -33.0535 -71.6185
290 -33.0535 -71.6164
546 -33.0527 -71.6159
730 -33.0529 -71.6158
727 -33.0517 -71.6184
632 -33.0517 -71.6184
614 -33.0516 -71.6184
726 -33.0549 -71.6158
118 -33.0579 -71.615
976 -33.0577 -71.6149
945 -33.0577 -71.6149
482 -33.0576 -71.6149
774 -33.0564 -71.615
501 -33.0565 -71.6149
531 -33.0565 -71.6149
560 -33.0566 -71.6149
991 -33.0574 -71.6145
948 -33.0574 -71.6145
872 -33.0574 -71.6143
297 -33.057 -71.6148
483 -33.0566 -71.6149
842 -33.0566 -71.6148
561 -33.0568 -71.6147
994 -33.0564 -71.615
57 -33.0561 -71.6157
646 -33.056 -71.6156
286 -33.056 -71.6155
818 -33.056 -71.6155
127 -33.0558 -71.6157
879 -33.056 -71.6154
60 -33.0559 -71.6153
869 -33.056 -71.6153
640 -33.0561 -71.6152
464 -33.0561 -71.6152
124 -33.0564 -71.615
950 -33.0561 -71.6152
20 -33.056 -71.6153
608 -33.0561 -71.6152
154 -33.0554 -71.6131
619 -33.0558 -71.6131
19 -33.0578 -71.6129
790 -33.0576 -71.6129
326 -33.0574 -71.6128
420 -33.0573 -71.6128
414 -33.0572 -71.6128
576 -33.0571 -71.6127
521 -33.0571 -71.6127
43 -33.0571 -71.6127
354 -33.0571 -71.6127
747 -33.0571 -71.6127
917 -33.0567 -71.6125
579 -33.0567 -71.6125
368 -33.0566 -71.6125
523 -33.0563 -71.6124
298 -33.056 -71.6123
467 -33.056 -71.6131
962 -33.0551 -71.6131
563 -33.0551 -71.6124
209 -33.0551 -71.6124
51 -33.0551 -71.6124
591 -33.055 -71.6131
642 -33.055 -71.6124
366 -33.055 -71.6124
751 -33.0549 -71.6124
967 -33.0557 -71.6123
237 -33.0557 -71.6123
238 -33.0558 -71.6123
305 -33.0555 -71.6124
627 -33.0549 -71.6124
307 -33.055 -71.6124
958 -33.0549 -71.6124
279 -33.0548 -71.6158
123 -33.0548 -71.6158
602 -33.0547 -71.6157
107 -33.0547 -71.6157
520 -33.0546 -71.6157
693 -33.0546 -71.6157
269 -33.0545 -71.6157
146 -33.0542 -71.6157
442 -33.0542 -71.6156
762 -33.0548 -71.615
105 -33.0542 -71.6146
580 -33.0541 -71.6156
150 -33.0538 -71.6156
405 -33.0541 -71.6146
907 -33.0541 -71.6146
641 -33.0537 -71.6156
254 -33.0525 -71.6157
117 -33.0525 -71.6157
292 -33.0524 -71.6157
812 -33.0523 -71.6156
892 -33.0522 -71.6157
721 -33.0521 -71.6156
864 -33.052 -71.6156
908 -33.052 -71.6156
992 -33.0523 -71.6156
488 -33.0534 -71.6155
819 -33.0534 -71.6155
545 -33.052 -71.6156
787 -33.0519 -71.6156
946 -33.0518 -71.6156
446 -33.0537 -71.6143
636 -33.0549 -71.6129
52 -33.0548 -71.6124
402 -33.0548 -71.6124
452 -33.0546 -71.6124
175 -33.0545 -71.6126
61 -33.0543 -71.6124
733 -33.0546 -71.6124
173 -33.0545 -71.6123
12 -33.0543 -71.6123
424 -33.0544 -71.6122
676 -33.0544 -71.6122
480 -33.0543 -71.6123
571 -33.0542 -71.6123
927 -33.0542 -71.6123
274 -33.0542 -71.6122
679 -33.0541 -71.6123
403 -33.0535 -71.6142
423 -33.0534 -71.6142
145 -33.0532 -71.614
171 -33.0528 -71.6137
611 -33.0526 -71.6136
711 -33.0525 -71.6136
585 -33.0516 -71.6131
35 -33.0541 -71.6123
773 -33.0541 -71.6123
214 -33.0541 -71.6123
14 -33.054 -71.6122
351 -33.054 -71.6122
29 -33.0539 -71.6122
15 -33.0539 -71.6122
250 -33.0515 -71.6184
144 -33.0512 -71.6185
111 -33.0512 -71.6184
17 -33.0515 -71.6184
597 -33.0512 -71.6186
101 -33.0505 -71.6215
412 -33.051 -71.6186
859 -33.0506 -71.6184
393 -33.0515 -71.6184
163 -33.0513 -71.6184
852 -33.0513 -71.6184
128 -33.0512 -71.6183
830 -33.0512 -71.6183
999 -33.0504 -71.6184
504 -33.0512 -71.6183
364 -33.0502 -71.6178
904 -33.0502 -71.6178
633 -33.0498 -71.6202
447 -33.0497 -71.62
34 -33.0496 -71.6198
935 -33.0495 -71.6196
493 -33.0495 -71.6195
732 -33.0494 -71.6191
716 -33.0489 -71.6179
694 -33.0488 -71.6179
130 -33.0497 -71.6177
165 -33.0496 -71.6177
983 -33.0493 -71.6177
10 -33.0493 -71.6176
949 -33.0493 -71.6176
170 -33.0488 -71.6173
440 -33.0489 -71.6172
889 -33.0489 -71.6171
174 -33.0495 -71.6163
191 -33.0495 -71.6162
273 -33.0495 -71.6162
652 -33.0495 -71.6163
692 -33.0493 -71.6165
900 -33.0493 -71.6165
712 -33.0492 -71.6165
13 -33.0496 -71.6161
884 -33.0497 -71.6159
850 -33.0497 -71.6159
688 -33.0497 -71.6158
572 -33.0496 -71.6161
834 -33.0492 -71.616
854 -33.0492 -71.6159
586 -33.0492 -71.6158
631 -33.0491 -71.616
318 -33.049 -71.6166
453 -33.049 -71.6166
263 -33.049 -71.6166
239 -33.049 -71.6167
573 -33.0489 -71.617
206 -33.0489 -71.617
416 -33.0489 -71.617
213 -33.0491 -71.6165
529 -33.0491 -71.6165
868 -33.0491 -71.6162
660 -33.0491 -71.6162
394 -33.0491 -71.6162
897 -33.0491 -71.6165
36 -33.0491 -71.6162
333 -33.0488 -71.6173
764 -33.0479 -71.6196
509 -33.0479 -71.6195
583 -33.0479 -71.6195
485 -33.0478 -71.6197
718 -33.0476 -71.6201
360 -33.0476 -71.6201
80 -33.0478 -71.6197
911 -33.048 -71.6194
939 -33.0481 -71.6192
755 -33.0482 -71.619
55 -33.0482 -71.619
9 -33.0481 -71.6192
427 -33.048 -71.6194
484 -33.048 -71.6193
644 -33.0481 -71.6192
516 -33.0475 -71.6204
277 -33.0474 -71.6207
802 -33.0474 -71.6207
322 -33.0474 -71.6206
139 -33.0474 -71.6208
205 -33.0474 -71.6208
938 -33.0474 -71.6208
820 -33.0474 -71.6208
735 -33.0475 -71.6206
696 -33.0475 -71.6205
222 -33.0475 -71.6204
988 -33.0474 -71.6203
982 -33.0469 -71.6192
220 -33.0468 -71.6195
784 -33.0468 -71.6195
152 -33.0483 -71.6188
157 -33.0486 -71.618
794 -33.0486 -71.6179
763 -33.0486 -71.6179
708 -33.0485 -71.6183
610 -33.0483 -71.6187
511 -33.0484 -71.6185
635 -33.0484 -71.6184
383 -33.0487 -71.6178
901 -33.0487 -71.6175
113 -33.0488 -71.6174
283 -33.0488 -71.6174
155 -33.0487 -71.6175
799 -33.0487 -71.6177
605 -33.0487 -71.6176
639 -33.0487 -71.6176
722 -33.0483 -71.6187
530 -33.0483 -71.6187
968 -33.0476 -71.6173
793 -33.0476 -71.6171
724 -33.0474 -71.6177
88 -33.0471 -71.6187
643 -33.0472 -71.6183
827 -33.0473 -71.6181
972 -33.0476 -71.6171
348 -33.0479 -71.6163
81 -33.0479 -71.6162
604 -33.0479 -71.6161
48 -33.0478 -71.6164
553 -33.0478 -71.6165
933 -33.0478 -71.6164
574 -33.0497 -71.6158
860 -33.0514 -71.6156
565 -33.0514 -71.6156
320 -33.0513 -71.6156
795 -33.0511 -71.6156
496 -33.0502 -71.6158
93 -33.0509 -71.6156
148 -33.0508 -71.6156
430 -33.0508 -71.6155
835 -33.0513 -71.6131
739 -33.0511 -71.6131
392 -33.051 -71.6131
336 -33.051 -71.6131
756 -33.0506 -71.6155
385 -33.0506 -71.6155
783 -33.0506 -71.6155
75 -33.0502 -71.6158
106 -33.0497 -71.6158
195 -33.05 -71.6157
304 -33.0499 -71.6157
74 -33.0496 -71.6134
240 -33.0496 -71.6137
64 -33.0496 -71.6136
654 -33.0496 -71.6135
27 -33.0496 -71.6134
522 -33.0496 -71.6133
709 -33.0496 -71.6133
665 -33.0496 -71.6132
548 -33.0496 -71.6133
278 -33.0496 -71.6133
207 -33.0496 -71.6133
76 -33.0496 -71.6133
100 -33.051 -71.6131
902 -33.051 -71.6131
915 -33.0509 -71.6131
942 -33.0511 -71.613
621 -33.0506 -71.6131
749 -33.0506 -71.613
996 -33.0505 -71.613
180 -33.0504 -71.613
201 -33.0511 -71.613
265 -33.0511 -71.6123
877 -33.0511 -71.6122
372 -33.0511 -71.6122
599 -33.0511 -71.6125
744 -33.0511 -71.6128
517 -33.0511 -71.6127
655 -33.0511 -71.6126
805 -33.0504 -71.613
659 -33.0503 -71.613
186 -33.0503 -71.613
588 -33.0501 -71.613
894 -33.0501 -71.613
86 -33.0497 -71.613
518 -33.0497 -71.613
804 -33.0497 -71.613
638 -33.05 -71.613
666 -33.05 -71.613
24 -33.0499 -71.6129
920 -33.0499 -71.6129
964 -33.0499 -71.6129
329 -33.0498 -71.6126
656 -33.0498 -71.6125
363 -33.0496 -71.6137
462 -33.0493 -71.6152
77 -33.0493 -71.615
780 -33.0494 -71.6148
374 -33.0493 -71.6152
612 -33.0492 -71.6155
432 -33.0493 -71.6153
302 -33.0493 -71.6153
637 -33.0494 -71.6148
701 -33.0494 -71.6144
680 -33.0494 -71.6144
234 -33.0494 -71.6144
337 -33.0494 -71.6145
0 -33.0494 -71.6146
515 -33.0484 -71.6141
851 -33.0484 -71.6141
960 -33.0483 -71.6145
435 -33.0482 -71.6153
50 -33.0482 -71.6152
314 -33.0482 -71.615
862 -33.0481 -71.6154
853 -33.0481 -71.6156
140 -33.0481 -71.6156
941 -33.0481 -71.6154
855 -33.0482 -71.615
436 -33.0483 -71.6149
519 -33.0483 -71.6147
218 -33.0483 -71.6147
541 -33.0482 -71.6149
84 -33.0482 -71.615
778 -33.0482 -71.6149
457 -33.0495 -71.6141
481 -33.0495 -71.6139
828 -33.0495 -71.6138
425 -33.0495 -71.6138
401 -33.0495 -71.614
956 -33.0495 -71.6141
807 -33.0487 -71.613
494 -33.0495 -71.6129
683 -33.0491 -71.6129
133 -33.0491 -71.6129
345 -33.049 -71.6129
444 -33.0489 -71.6123
899 -33.0489 -71.6124
178 -33.0488 -71.6127
153 -33.0488 -71.6127
847 -33.0489 -71.6124
231 -33.0487 -71.6131
44 -33.0486 -71.6134
248 -33.0486 -71.6133
590 -33.0486 -71.6133
728 -33.0486 -71.6136
31 -33.0485 -71.6139
648 -33.0485 -71.6138
538 -33.0485 -71.6137
758 -33.0487 -71.6132
971 -33.0487 -71.6132
823 -33.0487 -71.6132
119 -33.0487 -71.6132
418 -33.0487 -71.6132
353 -33.0483 -71.6129
54 -33.0479 -71.6128
295 -33.0537 -71.6122
874 -33.0548 -71.6104
384 -33.0553 -71.6104
866 -33.0549 -71.6104
569 -33.0547 -71.6104
303 -33.0545 -71.6122
512 -33.0544 -71.612
26 -33.0543 -71.6105
463 -33.0557 -71.6104
970 -33.0577 -71.6102
132 -33.0564 -71.6096
748 -33.0561 -71.6095
259 -33.0559 -71.6103
72 -33.0558 -71.6104
886 -33.0557 -71.6092
606 -33.0558 -71.6092
7 -33.0543 -71.6119
674 -33.0543 -71.6119
848 -33.0543 -71.6119
797 -33.0543 -71.6118
506 -33.0542 -71.6117
40 -33.0542 -71.6116
49 -33.054 -71.6113
97 -33.0538 -71.6113
578 -33.0539 -71.6112
212 -33.0538 -71.6112
910 -33.0537 -71.6109
190 -33.0538 -71.6105
603 -33.0537 -71.6111
601 -33.0536 -71.6111
242 -33.0536 -71.6107
187 -33.0536 -71.6105
876 -33.0559 -71.6091
664 -33.0546 -71.6085
470 -33.0546 -71.6085
984 -33.0546 -71.6085
156 -33.0545 -71.6085
540 -33.0545 -71.6085
73 -33.0545 -71.6085
62 -33.0544 -71.6085
843 -33.0544 -71.6085
715 -33.0547 -71.6085
458 -33.0547 -71.6085
558 -33.056 -71.6084
378 -33.0547 -71.6085
350 -33.0544 -71.6085
825 -33.0546 -71.6085
753 -33.0546 -71.6085
503 -33.0544 -71.6085
261 -33.0543 -71.6085
622 -33.0543 -71.6085
557 -33.0542 -71.6085
706 -33.0537 -71.6085
840 -33.0536 -71.6085
183 -33.0536 -71.6085
626 -33.0537 -71.6085
923 -33.0537 -71.6085
381 -33.0542 -71.6085
532 -33.0542 -71.6085
110 -33.0541 -71.6085
94 -33.0541 -71.6085
32 -33.0537 -71.6085
746 -33.0541 -71.6085
224 -33.0536 -71.6111
909 -33.0535 -71.6122
197 -33.0535 -71.6122
916 -33.0533 -71.6122
252 -33.0531 -71.6121
577 -33.0531 -71.6121
789 -33.0531 -71.6121
387 -33.0531 -71.6121
299 -33.0535 -71.6114
645 -33.0535 -71.611
89 -33.0534 -71.611
2 -33.0535 -71.6106
551 -33.0534 -71.611
575 -33.0534 -71.611
681 -33.0533 -71.611
22 -33.0533 -71.611
228 -33.0531 -71.6109
23 -33.0531 -71.6121
272 -33.0529 -71.6121
415 -33.0529 -71.6116
310 -33.0527 -71.6121
160 -33.0526 -71.6121
649 -33.0526 -71.6121
998 -33.0526 -71.6121
745 -33.053 -71.6116
268 -33.053 -71.6116
600 -33.053 -71.6108
885 -33.0529 -71.6108
204 -33.0529 -71.6107
343 -33.0529 -71.6107
211 -33.0529 -71.6107
863 -33.0528 -71.6106
737 -33.0535 -71.6106
276 -33.0534 -71.6104
952 -33.0535 -71.6085
120 -33.0534 -71.6102
390 -33.0534 -71.6102
556 -33.0534 -71.6102
782 -33.0534 -71.6102
158 -33.0535 -71.6085
316 -33.0535 -71.6085
690 -33.0535 -71.6085
137 -33.0535 -71.6085
846 -33.0535 -71.6085
328 -33.0534 -71.6085
468 -33.0534 -71.6085
126 -33.0534 -71.6085
675 -33.0534 -71.6102
861 -33.0528 -71.6105
324 -33.0527 -71.6105
811 -33.0534 -71.6101
593 -33.0527 -71.6104
734 -33.0527 -71.6103
821 -33.0526 -71.6103
421 -33.0526 -71.6103
505 -33.0532 -71.6096
836 -33.0533 -71.6085
714 -33.0533 -71.6084
167 -33.0533 -71.6084
136 -33.0532 -71.6084
192 -33.0532 -71.6096
951 -33.0532 -71.6084
954 -33.0548 -71.6084
808 -33.0579 -71.6082
474 -33.058 -71.6081
300 -33.0582 -71.6081
677 -33.0578 -71.6082
281 -33.0576 -71.6081
419 -33.0573 -71.608
925 -33.0572 -71.608
63 -33.0572 -71.608
280 -33.0572 -71.608
159 -33.0572 -71.608
528 -33.0584 -71.608
903 -33.0569 -71.608
672 -33.0567 -71.608
581 -33.0566 -71.608
977 -33.0565 -71.608
362 -33.0565 -71.608
454 -33.0564 -71.608
332 -33.0564 -71.608
499 -33.0563 -71.608
79 -33.0563 -71.608
510 -33.0559 -71.6083
858 -33.0554 -71.608
934 -33.0562 -71.608
438 -33.0554 -71.608
469 -33.0561 -71.6079
11 -33.0561 -71.6079
461 -33.056 -71.6079
400 -33.056 -71.6079
225 -33.0554 -71.6079
83 -33.0554 -71.6079
535 -33.0556 -71.6079
335 -33.0559 -71.6079
525 -33.0568 -71.6071
112 -33.057 -71.607
491 -33.0572 -71.6069
311 -33.0565 -71.6073
513 -33.056 -71.6076
296 -33.056 -71.6075
129 -33.056 -71.6075
331 -33.0574 -71.6069
291 -33.0577 -71.6068
147 -33.0574 -71.6048
441 -33.0584 -71.6043
870 -33.0573 -71.6047
768 -33.0571 -71.6047
90 -33.0566 -71.6045
924 -33.0562 -71.6044
527 -33.056 -71.6076
929 -33.0559 -71.6079
657 -33.0558 -71.6079
700 -33.0558 -71.6079
473 -33.0557 -71.6078
873 -33.0555 -71.6079
477 -33.0555 -71.6078
912 -33.0557 -71.6078
285 -33.0557 -71.6078
223 -33.0557 -71.6077
411 -33.0558 -71.6076
221 -33.0559 -71.6043
613 -33.0557 -71.6077
705 -33.0556 -71.6078
196 -33.0555 -71.6047
888 -33.0553 -71.608
471 -33.0532 -71.6084
489 -33.0548 -71.6084
769 -33.0548 -71.6084
502 -33.0531 -71.6084
981 -33.0531 -71.6084
757 -33.0531 -71.6084
785 -33.0531 -71.6084
662 -33.0548 -71.6084
219 -33.0549 -71.6083
918 -33.0549 -71.6083
810 -33.055 -71.6083
772 -33.0549 -71.6083
878 -33.0548 -71.6084
723 -33.0548 -71.6083
980 -33.0549 -71.6083
398 -33.0531 -71.6084
671 -33.053 -71.6083
966 -33.053 -71.6083
752 -33.053 -71.6083
460 -33.053 -71.6083
704 -33.0529 -71.6083
369 -33.0529 -71.6083
56 -33.0529 -71.6083
653 -33.0529 -71.6083
741 -33.0529 -71.6083
990 -33.0529 -71.6083
236 -33.0528 -71.6083
815 -33.0528 -71.6083
182 -33.0528 -71.6083
404 -33.0528 -71.6083
832 -33.0527 -71.6082
138 -33.0551 -71.6082
472 -33.0551 -71.6081
833 -33.0551 -71.6081
555 -33.0551 -71.6082
944 -33.055 -71.6082
592 -33.0551 -71.6082
478 -33.0551 -71.6082
422 -33.0551 -71.6081
740 -33.0553 -71.608
922 -33.0553 -71.608
168 -33.0553 -71.608
282 -33.0552 -71.6081
857 -33.0552 -71.6081
46 -33.0552 -71.6081
78 -33.0549 -71.6045
98 -33.0545 -71.6059
856 -33.0527 -71.6082
365 -33.0527 -71.6082
624 -33.0526 -71.6082
669 -33.0526 -71.6082
417 -33.0526 -71.6082
349 -33.0526 -71.6082
673 -33.0525 -71.6082
595 -33.0533 -71.6064
937 -33.054 -71.6059
169 -33.054 -71.6047
620 -33.054 -71.6047
256 -33.0534 -71.6063
99 -33.053 -71.6047
293 -33.0532 -71.6047
143 -33.0525 -71.6117
347 -33.0525 -71.6121
386 -33.0524 -71.6121
742 -33.0523 -71.612
986 -33.0523 -71.612
309 -33.0521 -71.612
151 -33.0519 -71.612
759 -33.0519 -71.612
905 -33.0519 -71.612
943 -33.052 -71.6118
936 -33.0521 -71.6117
141 -33.0522 -71.6117
931 -33.0519 -71.6118
102 -33.0518 -71.612
356 -33.0518 -71.6118
433 -33.0519 -71.6118
391 -33.0518 -71.6118
108 -33.0517 -71.612
200 -33.0516 -71.612
208 -33.0516 -71.612
801 -33.0512 -71.6121
725 -33.0511 -71.6122
87 -33.0511 -71.6121
661 -33.0512 -71.6121
202 -33.0516 -71.612
615 -33.0515 -71.612
334 -33.0514 -71.6119
70 -33.0513 -71.6119
837 -33.0512 -71.6119
275 -33.0508 -71.6113
449 -33.0507 -71.6113
552 -33.0509 -71.6102
41 -33.0509 -71.6102
227 -33.0525 -71.6101
771 -33.0525 -71.6101
607 -33.0525 -71.6101
498 -33.0524 -71.6099
567 -33.0511 -71.61
184 -33.0511 -71.61
921 -33.0511 -71.61
68 -33.0524 -71.6099
235 -33.0524 -71.6099
410 -33.0513 -71.6098
875 -33.0513 -71.6098
264 -33.0513 -71.6098
667 -33.0512 -71.6099
359 -33.0512 -71.6099
871 -33.0512 -71.6099
6 -33.0511 -71.61
893 -33.0508 -71.6102
959 -33.0508 -71.6102
965 -33.0508 -71.6102
445 -33.0507 -71.6102
689 -33.0507 -71.6102
609 -33.0506 -71.6102
104 -33.0506 -71.6102
490 -33.0505 -71.6102
995 -33.0505 -71.6102
616 -33.051 -71.6101
289 -33.0511 -71.61
953 -33.0504 -71.6102
37 -33.0504 -71.6101
135 -33.0503 -71.6101
594 -33.0503 -71.6101
750 -33.0499 -71.6117
379 -33.0499 -71.6116
524 -33.05 -71.6113
164 -33.0499 -71.6118
258 -33.0498 -71.6122
428 -33.0499 -71.6121
539 -33.0499 -71.6119
817 -33.0497 -71.6112
974 -33.05 -71.6112
338 -33.05 -71.6112
898 -33.05 -71.6111
766 -33.0497 -71.6112
33 -33.0497 -71.6112
439 -33.0495 -71.6112
526 -33.0494 -71.6112
932 -33.0494 -71.6112
779 -33.0491 -71.6116
719 -33.0491 -71.6116
342 -33.0491 -71.6116
596 -33.049 -71.6117
634 -33.048 -71.612
685 -33.049 -71.612
947 -33.049 -71.6118
58 -33.0491 -71.6113
651 -33.0492 -71.6112
317 -33.0494 -71.6112
465 -33.0493 -71.6112
312 -33.0488 -71.6112
241 -33.0488 -71.6112
96 -33.0487 -71.6112
841 -33.0501 -71.6109
396 -33.0502 -71.6104
114 -33.0502 -71.6103
584 -33.0502 -71.6103
543 -33.0501 -71.6104
131 -33.0501 -71.6105
352 -33.0501 -71.6104
926 -33.0501 -71.6104
699 -33.0502 -71.6102
45 -33.0502 -71.6101
570 -33.0502 -71.6101
507 -33.0502 -71.6099
777 -33.0502 -71.6102
426 -33.0502 -71.6102
443 -33.0502 -71.6102
630 -33.0502 -71.6102
792 -33.0501 -71.6106
95 -33.0501 -71.6107
330 -33.0501 -71.6106
684 -33.0501 -71.6106
451 -33.0501 -71.6107
246 -33.0501 -71.6109
969 -33.0501 -71.6109
249 -33.0495 -71.6099
798 -33.0494 -71.6099
288 -33.0494 -71.6099
865 -33.0493 -71.6099
486 -33.0495 -71.6098
4 -33.0492 -71.6099
695 -33.0487 -71.6098
985 -33.0486 -71.6098
67 -33.0513 -71.6098
233 -33.0523 -71.6097
738 -33.0523 -71.6097
437 -33.0523 -71.6097
82 -33.0522 -71.6097
306 -33.0522 -71.6096
375 -33.0522 -71.6084
382 -33.0522 -71.6084
997 -33.0522 -71.6083
125 -33.0525 -71.6082
770 -33.0525 -71.6082
284 -33.0525 -71.6082
882 -33.0524 -71.6081
357 -33.0522 -71.6082
243 -33.0524 -71.6081
845 -33.0524 -71.6081
230 -33.0521 -71.6086
185 -33.0521 -71.6095
707 -33.0521 -71.6094
813 -33.0519 -71.6091
562 -33.0518 -71.6091
267 -33.0516 -71.6095
397 -33.0516 -71.6095
731 -33.0517 -71.6094
91 -33.0518 -71.609
181 -33.052 -71.609
371 -33.052 -71.6089
670 -33.0521 -71.6087
257 -33.052 -71.609
625 -33.0517 -71.609
658 -33.0517 -71.609
534 -33.0517 -71.609
71 -33.0524 -71.6081
325 -33.0524 -71.6081
736 -33.0524 -71.6081
294 -33.0523 -71.6081
16 -33.0523 -71.6081
172 -33.0523 -71.6081
199 -33.0523 -71.6081
319 -33.0523 -71.6081
229 -33.0523 -71.6081
321 -33.0523 -71.6081
788 -33.0523 -71.6081
406 -33.0522 -71.6075
287 -33.0522 -71.6077
103 -33.0522 -71.6077
993 -33.0521 -71.6076
244 -33.0522 -71.6074
957 -33.0521 -71.6048
395 -33.0519 -71.608
544 -33.052 -71.608
564 -33.0519 -71.6067
975 -33.0519 -71.6076
8 -33.0518 -71.6081
232 -33.0517 -71.6075
339 -33.0517 -71.6075
358 -33.0519 -71.6066
65 -33.0519 -71.6066
122 -33.0518 -71.6065
388 -33.0518 -71.6063
1 -33.0517 -71.6047
628 -33.0517 -71.6061
913 -33.0516 -71.606
245 -33.0516 -71.6095
806 -33.0515 -71.6096
691 -33.0515 -71.6096
720 -33.0516 -71.6095
887 -33.0515 -71.6096
682 -33.0513 -71.6098
554 -33.0514 -71.6097
247 -33.0515 -71.6096
203 -33.0515 -71.6088
623 -33.0515 -71.6088
867 -33.0515 -71.6088
791 -33.0511 -71.6086
566 -33.051 -71.6086
193 -33.051 -71.6086
776 -33.0509 -71.6085
536 -33.0509 -71.6085
121 -33.0504 -71.6091
459 -33.0496 -71.6095
824 -33.0496 -71.6095
928 -33.0496 -71.6094
3 -33.0496 -71.6095
702 -33.0495 -71.6098
814 -33.0495 -71.6097
729 -33.0496 -71.6096
663 -33.0496 -71.6093
781 -33.0503 -71.6092
28 -33.0502 -71.6092
650 -33.0504 -71.6091
47 -33.0501 -71.6091
344 -33.0496 -71.6092
39 -33.0499 -71.6091
429 -33.0509 -71.6085
215 -33.0514 -71.6083
839 -33.0515 -71.6075
895 -33.0512 -71.6074
989 -33.0511 -71.6074
270 -33.0508 -71.6085
161 -33.0508 -71.6085
308 -33.0511 -71.6074
21 -33.051 -71.6074
492 -33.0512 -71.6059
30 -33.0514 -71.6053
826 -33.0513 -71.6053
896 -33.0511 -71.6058
194 -33.0509 -71.6074
149 -33.0511 -71.6058
800 -33.051 -71.6058
906 -33.0507 -71.6085
508 -33.0506 -71.6085
914 -33.0505 -71.6085
617 -33.0504 -71.6085
717 -33.0502 -71.6085
188 -33.0498 -71.6084
59 -33.0498 -71.6084
380 -33.0498 -71.6084
568 -33.0497 -71.6084
618 -33.0495 -71.6084
346 -33.0493 -71.6083
514 -33.0505 -71.6057
559 -33.0488 -71.6083
162 -33.0486 -71.6082
533 -33.0482 -71.6039
