5 -33.054 -71.6244
796 -33.054 -71.6244
226 -33.0541 -71.6244
647 -33.054 -71.6244
85 -33.0538 -71.6245
497 -33.0539 -71.6244
115 -33.054 -71.6244
38 -33.0542 -71.6244
500 -33.0543 -71.6243
327 -33.0543 -71.6243
678 -33.0543 -71.6241
260 -33.0543 -71.624
315 -33.0543 -71.6244
703 -33.0541 -71.6242
890 -33.054 -71.6242
142 -33.0538 -71.6245
697 -33.0531 -71.6246
961 -33.0533 -71.6246
940 -33.0535 -71.6245
479 -33.0531 -71.6246
217 -33.053 -71.6246
109 -33.0529 -71.6246
883 -33.0527 -71.6246
176 -33.0535 -71.6245
550 -33.0537 -71.6245
66 -33.0537 -71.6245
979 -33.0524 -71.6244
829 -33.0523 -71.6244
598 -33.052 -71.6244
786 -33.0522 -71.6244
589 -33.0521 -71.6243
313 -33.0534 -71.6239
487 -33.0543 -71.6238
880 -33.0544 -71.623
179 -33.0546 -71.6224
266 -33.0543 -71.6236
253 -33.0543 -71.6236
930 -33.0543 -71.6235
177 -33.0543 -71.6234
210 -33.0549 -71.6219
377 -33.055 -71.6219
57 -33.0542 -71.6184
646 -33.0544 -71.6184
668 -33.0542 -71.6184
189 -33.0536 -71.6185
765 -33.0537 -71.6184
413 -33.0538 -71.6184
367 -33.0535 -71.6185
53 -33.0533 -71.6239
407 -33.0533 -71.6188
978 -33.0534 -71.6187
537 -33.0531 -71.6188
408 -33.0529 -71.6187
370 -33.0529 -71.6187
255 -33.0528 -71.6187
582 -33.0535 -71.6187
549 -33.0526 -71.6187
376 -33.0524 -71.6186
963 -33.0535 -71.6185
881 -33.0523 -71.6186
816 -33.0523 -71.6186
134 -33.0522 -71.6185
987 -33.0519 -71.6248
409 -33.0515 -71.6252
92 -33.0518 -71.6249
25 -33.0518 -71.6243
710 -33.0515 -71.6243
849 -33.0507 -71.6251
629 -33.0509 -71.6251
633 -33.0512 -71.6232
447 -33.0512 -71.6231
399 -33.0518 -71.6199
116 -33.0518 -71.6199
547 -33.0518 -71.6195
34 -33.051 -71.6229
935 -33.0509 -71.6228
493 -33.0508 -71.6227
716 -33.0506 -71.6212
101 -33.0506 -71.6246
732 -33.0506 -71.6224
694 -33.0505 -71.6211
799 -33.0503 -71.621
901 -33.0503 -71.6209
283 -33.0502 -71.6208
999 -33.0494 -71.6208
440 -33.0502 -71.6206
859 -33.0494 -71.6205
597 -33.0496 -71.62
144 -33.0496 -71.6199
111 -33.0496 -71.6198
163 -33.0496 -71.6197
412 -33.0494 -71.6202
852 -33.0495 -71.6197
17 -33.0494 -71.6195
250 -33.0494 -71.6194
713 -33.0516 -71.6192
775 -33.0516 -71.6192
973 -33.0515 -71.6191
838 -33.0514 -71.6191
761 -33.0514 -71.619
341 -33.0513 -71.6189
355 -33.0512 -71.6188
760 -33.0511 -71.6186
301 -33.0517 -71.6184
542 -33.0517 -71.6184
42 -33.0517 -71.6184
361 -33.0517 -71.6184
216 -33.0511 -71.6186
587 -33.0512 -71.6185
69 -33.0515 -71.6184
456 -33.0511 -71.6187
262 -33.0495 -71.6188
166 -33.0499 -71.6188
340 -33.0495 -71.6187
432 -33.0494 -71.6191
632 -33.0494 -71.6193
302 -33.0494 -71.6191
77 -33.0494 -71.6189
323 -33.0499 -71.6187
919 -33.051 -71.6187
687 -33.0496 -71.6186
844 -33.0505 -71.6184
831 -33.0496 -71.6187
448 -33.0496 -71.6187
637 -33.0494 -71.6186
373 -33.0512 -71.6184
118 -33.0554 -71.6158
976 -33.0553 -71.6158
872 -33.0553 -71.6158
560 -33.0551 -71.6179
869 -33.0547 -71.6184
774 -33.055 -71.618
475 -33.055 -71.6175
945 -33.0553 -71.6158
482 -33.0552 -71.6158
991 -33.0551 -71.6158
297 -33.0545 -71.6157
561 -33.0543 -71.6157
842 -33.0541 -71.6156
483 -33.054 -71.6156
531 -33.054 -71.6156
501 -33.0539 -71.6156
18 -33.0526 -71.6158
822 -33.0525 -71.6157
389 -33.0521 -71.6156
698 -33.0513 -71.6183
754 -33.0513 -71.6183
455 -33.0512 -71.6183
809 -33.0509 -71.6182
743 -33.052 -71.6156
476 -33.0519 -71.6156
251 -33.0519 -71.6156
450 -33.0523 -71.6156
726 -33.0517 -71.6156
955 -33.0517 -71.6156
279 -33.0516 -71.6156
123 -33.0516 -71.6156
124 -33.0539 -71.6156
640 -33.0535 -71.6155
464 -33.0535 -71.6155
950 -33.0535 -71.6155
608 -33.0535 -71.6155
20 -33.0534 -71.6155
60 -33.0533 -71.6155
879 -33.0532 -71.6155
818 -33.0532 -71.6155
286 -33.0531 -71.6155
948 -33.0552 -71.6153
994 -33.0542 -71.6147
686 -33.053 -71.6139
936 -33.0516 -71.614
127 -33.0527 -71.6137
268 -33.0517 -71.6131
943 -33.0516 -71.614
602 -33.0515 -71.6156
107 -33.0514 -71.6156
520 -33.0514 -71.6156
693 -33.0514 -71.6156
269 -33.0512 -71.6156
442 -33.0509 -71.6156
146 -33.0509 -71.6156
356 -33.0514 -71.6143
931 -33.0515 -71.6141
762 -33.0515 -71.6131
792 -33.0512 -71.6131
299 -33.0512 -71.6131
295 -33.0511 -71.6131
97 -33.0511 -71.6129
580 -33.0509 -71.6156
434 -33.0505 -71.6184
198 -33.0503 -71.6183
803 -33.0507 -71.618
891 -33.0502 -71.6183
767 -33.05 -71.6178
466 -33.0499 -71.6178
546 -33.0496 -71.616
730 -33.0497 -71.6158
641 -33.0505 -71.6156
271 -33.0508 -71.6156
150 -33.0505 -71.6155
488 -33.0504 -71.6158
819 -33.0504 -71.6158
290 -33.0503 -71.6158
609 -33.0495 -71.6138
953 -33.0495 -71.6141
292 -33.0495 -71.6163
254 -33.0495 -71.6163
117 -33.0495 -71.6163
495 -33.0494 -71.6177
992 -33.0494 -71.6165
95 -33.0494 -71.6148
684 -33.0494 -71.6147
352 -33.0494 -71.6146
443 -33.0494 -71.6143
426 -33.0494 -71.6143
570 -33.0495 -71.6142
699 -33.0494 -71.6144
543 -33.0494 -71.6145
396 -33.0494 -71.6145
689 -33.0496 -71.6137
105 -33.0509 -71.6131
197 -33.0509 -71.6131
907 -33.0509 -71.6131
405 -33.0509 -71.6131
916 -33.0507 -71.6131
507 -33.0507 -71.6131
577 -33.0505 -71.613
387 -33.0505 -71.613
252 -33.0505 -71.613
745 -33.0504 -71.613
23 -33.0504 -71.613
446 -33.0503 -71.613
415 -33.0503 -71.613
272 -33.0503 -71.613
423 -33.0501 -71.613
403 -33.0501 -71.613
433 -33.0496 -71.6134
6 -33.0496 -71.6133
184 -33.0497 -71.6131
41 -33.0496 -71.6135
893 -33.0496 -71.6136
391 -33.0496 -71.6136
959 -33.0496 -71.6135
871 -33.0497 -71.6131
310 -33.0501 -71.613
160 -33.05 -71.613
998 -33.0499 -71.613
649 -33.0499 -71.6129
921 -33.0497 -71.6131
141 -33.0497 -71.613
812 -33.0493 -71.6165
206 -33.0484 -71.6207
130 -33.0475 -71.6203
529 -33.0476 -71.6203
263 -33.0475 -71.6204
983 -33.0474 -71.6207
453 -33.0475 -71.6205
318 -33.0475 -71.6205
897 -33.0476 -71.6203
213 -33.0481 -71.6202
394 -33.0476 -71.62
692 -33.0477 -71.62
868 -33.0476 -71.62
712 -33.0476 -71.6202
900 -33.0476 -71.6201
36 -33.0476 -71.6201
165 -33.0474 -71.6203
722 -33.0474 -71.6226
530 -33.0474 -71.6225
152 -33.0474 -71.6225
511 -33.0474 -71.6223
55 -33.0472 -71.6228
755 -33.0472 -71.6228
708 -33.0474 -71.6221
383 -33.0472 -71.6216
889 -33.0474 -71.6209
239 -33.0474 -71.6203
10 -33.0472 -71.6202
605 -33.0472 -71.6213
949 -33.0472 -71.6202
416 -33.0471 -71.6202
573 -33.0471 -71.6202
660 -33.0477 -71.62
574 -33.0481 -71.6192
106 -33.0481 -71.6192
462 -33.0481 -71.6192
688 -33.0481 -71.6192
612 -33.048 -71.6194
884 -33.048 -71.6193
850 -33.048 -71.6193
374 -33.0481 -71.6192
496 -33.0484 -71.6186
830 -33.0484 -71.6186
337 -33.0484 -71.6185
504 -33.0484 -71.6187
780 -33.0483 -71.6189
195 -33.0483 -71.6189
0 -33.0483 -71.6187
572 -33.0479 -71.6195
174 -33.0478 -71.6197
586 -33.0478 -71.6197
364 -33.0478 -71.6197
904 -33.0478 -71.6198
631 -33.0477 -71.6199
854 -33.0477 -71.6199
834 -33.0477 -71.6198
191 -33.0478 -71.6197
273 -33.0478 -71.6197
13 -33.0479 -71.6196
960 -33.0471 -71.6186
218 -33.0471 -71.6187
541 -33.0471 -71.6189
519 -33.0471 -71.6187
9 -33.0471 -71.6228
360 -33.0462 -71.623
80 -33.0465 -71.6229
485 -33.0465 -71.6229
718 -33.0462 -71.623
696 -33.0459 -71.6232
516 -33.046 -71.6231
222 -33.046 -71.6231
764 -33.0467 -71.6229
911 -33.0468 -71.6228
484 -33.0469 -71.6228
939 -33.047 -71.6228
583 -33.0467 -71.6229
509 -33.0467 -71.6229
427 -33.0459 -71.6219
644 -33.046 -71.6218
827 -33.0459 -71.6219
277 -33.0459 -71.6234
802 -33.0459 -71.6234
322 -33.0459 -71.6234
938 -33.0458 -71.6235
205 -33.0458 -71.6236
820 -33.0458 -71.6235
139 -33.0458 -71.6235
735 -33.0459 -71.6233
982 -33.0452 -71.6229
88 -33.0455 -71.6225
643 -33.0457 -71.6222
988 -33.0452 -71.623
220 -33.0451 -71.6232
784 -33.0451 -71.6232
724 -33.0461 -71.6216
170 -33.0469 -71.6201
333 -33.0468 -71.6201
941 -33.0469 -71.6194
853 -33.0468 -71.6195
155 -33.0467 -71.6201
113 -33.0467 -71.62
140 -33.0468 -71.6196
862 -33.0469 -71.6194
855 -33.047 -71.619
436 -33.047 -71.6189
778 -33.0471 -71.6189
84 -33.047 -71.619
435 -33.0469 -71.6193
50 -33.0469 -71.6192
314 -33.047 -71.6191
639 -33.0467 -71.6201
635 -33.0464 -71.621
553 -33.0465 -71.6205
157 -33.0465 -71.6205
972 -33.0464 -71.621
968 -33.0462 -71.6213
610 -33.0462 -71.6213
793 -33.0463 -71.6211
48 -33.0466 -71.6204
81 -33.0466 -71.6203
348 -33.0466 -71.6202
604 -33.0467 -71.6201
933 -33.0466 -71.6203
794 -33.0466 -71.6204
763 -33.0466 -71.6204
701 -33.0484 -71.6185
680 -33.0492 -71.6183
234 -33.0492 -71.6182
956 -33.049 -71.6181
431 -33.0489 -71.6176
401 -33.0489 -71.6179
425 -33.0488 -71.6178
548 -33.0488 -71.6174
709 -33.0488 -71.6174
518 -33.0489 -71.6172
86 -33.0489 -71.6172
804 -33.0489 -71.6171
665 -33.0488 -71.6174
76 -33.0488 -71.6174
522 -33.0488 -71.6174
207 -33.0488 -71.6174
278 -33.0488 -71.6175
828 -33.0486 -71.618
783 -33.0486 -71.618
430 -33.0486 -71.6179
481 -33.0486 -71.618
457 -33.0485 -71.6182
614 -33.0485 -71.6182
727 -33.0486 -71.6181
363 -33.0486 -71.6178
654 -33.0487 -71.6176
27 -33.0487 -71.6176
74 -33.0487 -71.6176
93 -33.0487 -71.6176
240 -33.0487 -71.6177
64 -33.0487 -71.6177
756 -33.0482 -71.6174
565 -33.0489 -71.6171
892 -33.0493 -71.6165
864 -33.0492 -71.6165
908 -33.0491 -71.6165
721 -33.0491 -71.6165
545 -33.0491 -71.6165
258 -33.0491 -71.6164
180 -33.0491 -71.6163
428 -33.0491 -71.6162
524 -33.0492 -71.6155
246 -33.0493 -71.6152
841 -33.0493 -71.6151
379 -33.0492 -71.6158
164 -33.0491 -71.616
539 -33.0491 -71.616
750 -33.0492 -71.6158
787 -33.0491 -71.6165
329 -33.049 -71.6168
656 -33.049 -71.6166
946 -33.0489 -71.6165
860 -33.0486 -71.6165
795 -33.0484 -71.6169
320 -33.0485 -71.6167
465 -33.0482 -71.6151
932 -33.0482 -71.615
336 -33.0484 -71.6143
777 -33.0486 -71.6133
801 -33.0486 -71.6133
974 -33.0484 -71.6143
439 -33.0482 -71.6149
817 -33.0483 -71.6147
805 -33.0482 -71.6151
393 -33.0481 -71.6174
128 -33.048 -71.6174
178 -33.0477 -71.6169
807 -33.0476 -71.6171
971 -33.0476 -71.6173
823 -33.0476 -71.6172
231 -33.0476 -71.6172
153 -33.0478 -71.6167
899 -33.0478 -71.6165
444 -33.0479 -71.6163
148 -33.0479 -71.6163
847 -33.0478 -71.6166
683 -33.0478 -71.6166
345 -33.0478 -71.6166
385 -33.0477 -71.6162
119 -33.0476 -71.6172
648 -33.0474 -71.6178
538 -33.0474 -71.6178
728 -33.0475 -71.6176
31 -33.0473 -71.6181
652 -33.0472 -71.6184
851 -33.0473 -71.6182
515 -33.0473 -71.6182
304 -33.0475 -71.6176
44 -33.0475 -71.6175
418 -33.0476 -71.6173
133 -33.0476 -71.6162
758 -33.0475 -71.6172
248 -33.0475 -71.6172
590 -33.0475 -71.6172
75 -33.047 -71.6161
719 -33.048 -71.6157
779 -33.048 -71.6157
342 -33.0481 -71.6156
920 -33.048 -71.6157
685 -33.048 -71.616
596 -33.048 -71.6158
947 -33.048 -71.6158
638 -33.0481 -71.6155
894 -33.0481 -71.6155
651 -33.0481 -71.6154
58 -33.0481 -71.6154
666 -33.0481 -71.6155
898 -33.0476 -71.6131
201 -33.0477 -71.613
942 -33.0477 -71.613
392 -33.0476 -71.6131
588 -33.0472 -71.6142
317 -33.0474 -71.6139
526 -33.0474 -71.6138
312 -33.0471 -71.6144
634 -33.047 -71.6161
96 -33.0471 -71.6145
241 -33.0471 -71.6145
766 -33.0475 -71.6136
902 -33.0476 -71.6132
338 -33.0476 -71.6132
739 -33.0476 -71.6131
915 -33.0476 -71.6133
996 -33.0473 -71.6134
749 -33.0473 -71.6134
143 -33.0499 -71.6129
19 -33.0542 -71.6123
790 -33.054 -71.6122
326 -33.0539 -71.6122
420 -33.0538 -71.6122
414 -33.0537 -71.6122
576 -33.0536 -71.6122
43 -33.0536 -71.6122
521 -33.0536 -71.6122
354 -33.0544 -71.612
579 -33.0541 -71.6116
368 -33.054 -71.6114
467 -33.0538 -71.6112
747 -33.0535 -71.6122
619 -33.0536 -71.6111
772 -33.0536 -71.6108
259 -33.0535 -71.611
917 -33.0532 -71.6121
523 -33.0527 -71.6121
298 -33.0524 -71.6121
874 -33.0524 -71.6117
238 -33.0522 -71.612
305 -33.052 -71.612
569 -33.0523 -71.6117
866 -33.0525 -71.6117
463 -33.0533 -71.6114
72 -33.0534 -71.6114
237 -33.0533 -71.611
154 -33.0533 -71.611
967 -33.0533 -71.6109
384 -33.0529 -71.6108
591 -33.0529 -71.6107
810 -33.0536 -71.6107
132 -33.0536 -71.6106
592 -33.0535 -71.6105
970 -33.0543 -71.6105
563 -33.0529 -71.6107
209 -33.0528 -71.6106
636 -33.0528 -71.6105
627 -33.0527 -71.6105
366 -33.0527 -71.6105
922 -33.0534 -71.6103
83 -33.0534 -71.6101
873 -33.0533 -71.61
98 -33.0532 -71.6095
751 -33.0527 -71.6105
307 -33.0527 -71.6104
52 -33.0527 -71.6104
402 -33.0526 -71.6103
452 -33.0526 -71.6102
175 -33.0526 -71.6102
61 -33.0524 -71.6099
12 -33.0524 -71.6099
927 -33.0523 -71.6097
35 -33.0522 -71.6097
773 -33.0522 -71.6096
274 -33.0522 -71.6096
679 -33.0522 -71.6096
190 -33.0521 -71.6094
676 -33.052 -71.6093
424 -33.052 -71.6093
303 -33.052 -71.6093
219 -33.052 -71.6089
662 -33.0519 -71.6091
962 -33.0517 -71.612
51 -33.0515 -71.612
642 -33.0514 -71.612
556 -33.0514 -71.6119
958 -33.0513 -71.6119
390 -33.0513 -71.6119
120 -33.0514 -71.6119
675 -33.0514 -71.6119
505 -33.0519 -71.6118
26 -33.0519 -71.6118
192 -33.0519 -71.6118
214 -33.0515 -71.6114
811 -33.0514 -71.6119
782 -33.0515 -71.6119
571 -33.0515 -71.6115
29 -33.0513 -71.6114
910 -33.0511 -71.6124
242 -33.0511 -71.6122
737 -33.0512 -71.612
480 -33.0511 -71.6125
578 -33.0511 -71.6128
351 -33.0511 -71.6128
14 -33.0511 -71.6127
2 -33.0512 -71.612
276 -33.0512 -71.6119
173 -33.0513 -71.6117
15 -33.0512 -71.6114
733 -33.0512 -71.6118
187 -33.0512 -71.6119
909 -33.0509 -71.6114
789 -33.0505 -71.6113
622 -33.0515 -71.6096
470 -33.0517 -71.6094
674 -33.0518 -71.6093
94 -33.0514 -71.6097
32 -33.0511 -71.61
746 -33.0514 -71.6098
110 -33.0514 -71.6097
825 -33.0518 -71.6093
954 -33.0519 -71.6092
769 -33.0519 -71.6092
512 -33.0519 -71.6092
378 -33.0519 -71.6093
797 -33.0518 -71.6091
7 -33.0518 -71.6091
848 -33.0518 -71.609
923 -33.0511 -71.61
158 -33.0509 -71.6102
316 -33.0509 -71.6102
846 -33.0509 -71.6102
22 -33.0508 -71.6102
167 -33.0507 -71.6102
681 -33.0508 -71.6102
575 -33.0508 -71.6102
137 -33.0509 -71.6102
840 -33.051 -71.6101
603 -33.0511 -71.61
626 -33.0511 -71.61
981 -33.0505 -71.6102
398 -33.0505 -71.6102
211 -33.0504 -71.6092
944 -33.052 -71.6089
474 -33.0546 -71.6085
291 -33.0545 -71.6085
808 -33.0544 -71.6085
677 -33.0544 -71.6085
281 -33.0542 -71.6085
331 -33.0541 -71.6085
491 -33.054 -71.6085
280 -33.0538 -71.6085
419 -33.0539 -71.6085
748 -33.0547 -71.6085
300 -33.0548 -71.6084
63 -33.0539 -71.6085
925 -33.0538 -71.6085
886 -33.0538 -71.6085
159 -33.0538 -71.6085
112 -33.0537 -71.6085
606 -33.0536 -71.6085
876 -33.0535 -71.6085
525 -33.0535 -71.6085
903 -33.0535 -71.6085
672 -33.0533 -71.6084
581 -33.0533 -71.6084
311 -33.0532 -71.6084
977 -33.0531 -71.6084
362 -33.0531 -71.6084
454 -33.0531 -71.6084
332 -33.053 -71.6083
934 -33.0529 -71.6083
558 -33.0529 -71.6083
79 -33.0529 -71.6083
499 -33.0529 -71.6083
469 -33.0528 -71.6083
129 -33.0528 -71.6083
11 -33.0528 -71.6083
528 -33.055 -71.6082
510 -33.0528 -71.6083
513 -33.0527 -71.6082
296 -33.0527 -71.6082
461 -33.0527 -71.6082
527 -33.0526 -71.6082
768 -33.054 -71.6059
147 -33.0539 -71.6047
441 -33.0549 -71.6045
870 -33.0538 -71.6048
196 -33.0527 -71.6067
924 -33.0527 -71.6048
90 -33.053 -71.6047
335 -33.0526 -71.6082
400 -33.0525 -71.6082
929 -33.0525 -71.6082
411 -33.0525 -71.6081
657 -33.0525 -71.6081
223 -33.0524 -71.6081
700 -33.0524 -71.6081
912 -33.0523 -71.6081
613 -33.0523 -71.6081
285 -33.0523 -71.6081
473 -33.0523 -71.6081
221 -33.0524 -71.6048
535 -33.0523 -71.6081
212 -33.0523 -71.608
705 -33.0523 -71.608
477 -33.0522 -71.6079
422 -33.0521 -71.6087
857 -33.0521 -71.6086
46 -33.0521 -71.6086
40 -33.0521 -71.6087
555 -33.052 -71.6088
472 -33.0521 -71.6087
506 -33.0521 -71.6087
225 -33.0522 -71.6083
438 -33.0522 -71.6078
858 -33.0522 -71.6078
168 -33.0522 -71.6077
888 -33.052 -71.608
833 -33.0517 -71.6081
282 -33.0518 -71.6081
740 -33.0519 -71.608
478 -33.0517 -71.6082
49 -33.0513 -71.6087
256 -33.0509 -71.6085
601 -33.0509 -71.6085
261 -33.0509 -71.6085
183 -33.0504 -71.6088
224 -33.0509 -71.6085
595 -33.0508 -71.6085
503 -33.051 -71.6085
715 -33.0513 -71.6084
723 -33.0515 -71.6083
937 -33.0516 -71.6082
984 -33.0512 -71.6084
89 -33.0507 -71.6085
843 -33.0511 -71.6085
645 -33.0522 -71.6077
551 -33.0522 -71.6076
918 -33.0521 -71.6072
980 -33.0521 -71.6071
878 -33.0521 -71.6071
138 -33.052 -71.6076
489 -33.0521 -71.607
458 -33.052 -71.6068
664 -33.0519 -71.6067
156 -33.0519 -71.6067
540 -33.0519 -71.6067
593 -33.0519 -71.6065
73 -33.0519 -71.6065
421 -33.0518 -71.6064
557 -33.0518 -71.6063
227 -33.0518 -71.6063
381 -33.0518 -71.6063
753 -33.0515 -71.6075
532 -33.0518 -71.6063
706 -33.0515 -71.6058
228 -33.0514 -71.6076
350 -33.0513 -71.6075
62 -33.0513 -71.6075
502 -33.0509 -71.6058
752 -33.0508 -71.6057
78 -33.0517 -71.6051
169 -33.0508 -71.6051
620 -33.0508 -71.6051
966 -33.0507 -71.6057
181 -33.0507 -71.6057
815 -33.0505 -71.6057
671 -33.0504 -71.6102
386 -33.0498 -71.6129
145 -33.0498 -71.6129
887 -33.0498 -71.6126
554 -33.0497 -71.6127
986 -33.0496 -71.6129
309 -33.0494 -71.6129
682 -33.0497 -71.6129
257 -33.0499 -71.6117
230 -33.05 -71.6113
347 -33.0499 -71.6113
670 -33.0498 -71.6113
742 -33.0497 -71.6112
371 -33.0496 -71.6112
813 -33.0494 -71.6112
905 -33.0493 -71.6112
151 -33.0493 -71.6129
171 -33.0493 -71.6129
759 -33.0492 -71.6129
102 -33.0492 -71.6129
108 -33.0491 -71.6129
711 -33.0491 -71.6129
611 -33.0491 -71.6129
200 -33.049 -71.6129
208 -33.049 -71.6129
267 -33.0491 -71.6114
731 -33.0492 -71.6112
776 -33.0491 -71.6112
67 -33.049 -71.6118
202 -33.0489 -71.6129
615 -33.0488 -71.6129
445 -33.0488 -71.6127
397 -33.0491 -71.6112
284 -33.0501 -71.6106
349 -33.0501 -71.6104
669 -33.0502 -71.6103
882 -33.0501 -71.6106
321 -33.0501 -71.6108
736 -33.0501 -71.6107
294 -33.0501 -71.6107
182 -33.0502 -71.6102
741 -33.0503 -71.6101
704 -33.0503 -71.6101
885 -33.0503 -71.6101
236 -33.0502 -71.6101
404 -33.0502 -71.6102
856 -33.0502 -71.6102
832 -33.0502 -71.6102
199 -33.0501 -71.6108
245 -33.0489 -71.6112
375 -33.05 -71.6111
997 -33.05 -71.6111
720 -33.0489 -71.6112
247 -33.0489 -71.6112
691 -33.0489 -71.6112
806 -33.0489 -71.6112
357 -33.0501 -71.6109
229 -33.0501 -71.6109
319 -33.0501 -71.6108
861 -33.05 -71.6101
395 -33.0494 -71.6099
8 -33.0492 -71.6099
215 -33.0488 -71.6099
334 -33.0488 -71.6129
70 -33.0486 -71.6129
837 -33.0486 -71.6129
87 -33.0484 -71.6129
661 -33.0484 -71.6129
725 -33.0483 -71.6129
372 -33.0483 -71.6129
877 -33.0482 -71.6128
265 -33.0482 -71.6128
599 -33.048 -71.6128
655 -33.0479 -71.6128
585 -33.048 -71.6128
630 -33.0479 -71.6122
926 -33.0479 -71.6124
584 -33.0479 -71.6123
114 -33.0479 -71.6122
131 -33.0479 -71.6124
835 -33.0477 -71.6129
744 -33.0478 -71.6129
517 -33.0478 -71.6129
969 -33.0477 -71.6129
100 -33.0475 -71.6127
621 -33.047 -71.6127
186 -33.0468 -71.6126
659 -33.0468 -71.6126
729 -33.0478 -71.6126
451 -33.0478 -71.6126
330 -33.0478 -71.6126
964 -33.0463 -71.6125
24 -33.0463 -71.6125
494 -33.0459 -71.6124
45 -33.0479 -71.6121
965 -33.0482 -71.6114
552 -33.0482 -71.6114
781 -33.0482 -71.6113
104 -33.0481 -71.6117
135 -33.048 -71.612
37 -33.048 -71.6119
490 -33.0481 -71.6118
616 -33.0482 -71.6112
410 -33.0487 -71.6112
875 -33.0486 -71.6112
264 -33.0485 -71.6111
359 -33.0485 -71.6111
667 -33.0485 -71.6111
567 -33.0483 -71.6111
289 -33.0483 -71.6111
594 -33.048 -71.612
275 -33.0472 -71.611
449 -33.0472 -71.611
33 -33.0461 -71.6108
865 -33.0458 -71.6098
353 -33.0448 -71.612
54 -33.0448 -71.6116
4 -33.0457 -71.6098
288 -33.0458 -71.6098
814 -33.0461 -71.6098
702 -33.0461 -71.6098
3 -33.0462 -71.6098
486 -33.046 -71.6098
798 -33.0459 -71.6098
249 -33.0459 -71.6098
459 -33.0462 -71.6098
324 -33.0502 -71.6092
785 -33.0501 -71.6091
126 -33.0504 -71.609
757 -33.0501 -71.6091
990 -33.05 -71.6091
821 -33.05 -71.6091
653 -33.05 -71.6091
468 -33.0504 -71.609
952 -33.0504 -71.6089
600 -33.0502 -71.6085
343 -33.0501 -71.6084
204 -33.0501 -71.6084
328 -33.05 -71.6084
863 -33.05 -71.6084
836 -33.05 -71.6084
714 -33.0499 -71.6084
243 -33.0496 -71.6094
845 -33.0496 -71.6094
136 -33.0499 -71.6084
16 -33.0496 -71.6094
172 -33.0496 -71.6094
406 -33.0495 -71.6091
707 -33.0491 -71.6091
951 -33.0498 -71.6084
734 -33.0498 -71.6084
771 -33.0494 -71.6084
607 -33.0494 -71.6084
498 -33.0493 -71.6083
68 -33.0493 -71.6083
235 -33.0493 -71.6083
417 -33.0492 -71.6083
125 -33.0491 -71.6083
690 -33.0503 -71.6073
471 -33.0499 -71.6072
369 -33.0498 -71.6071
56 -33.0498 -71.6071
460 -33.0498 -71.6071
624 -33.0495 -71.6071
365 -33.0494 -71.6071
957 -33.0498 -71.6066
382 -33.0503 -71.6056
673 -33.0503 -71.6056
770 -33.0502 -71.6056
293 -33.0502 -71.6047
788 -33.05 -71.6055
244 -33.0494 -71.6053
99 -33.05 -71.6046
325 -33.0492 -71.607
233 -33.0491 -71.6083
738 -33.049 -71.6083
82 -33.049 -71.6083
71 -33.049 -71.6083
306 -33.049 -71.6083
437 -33.049 -71.6083
185 -33.0488 -71.6083
103 -33.0488 -71.6068
564 -33.049 -71.6049
358 -33.0489 -71.6048
1 -33.0491 -71.6035
65 -33.0489 -71.6048
993 -33.0488 -71.6068
122 -33.0488 -71.6047
287 -33.0488 -71.6068
193 -33.0484 -71.6098
623 -33.0484 -71.6091
544 -33.0485 -71.6082
562 -33.0483 -71.6082
650 -33.0473 -71.6098
121 -33.0473 -71.6098
625 -33.0483 -71.6082
867 -33.048 -71.6082
91 -33.0483 -71.6082
658 -33.0483 -71.6081
534 -33.0483 -71.6081
566 -33.0475 -71.6082
429 -33.0473 -71.6082
270 -33.0473 -71.6082
161 -33.0472 -71.6082
28 -33.0471 -71.6098
663 -33.0464 -71.6098
344 -33.0466 -71.6098
39 -33.0468 -71.6098
928 -33.0464 -71.6098
824 -33.0463 -71.6098
695 -33.0451 -71.6098
985 -33.045 -71.6098
995 -33.0469 -71.6098
47 -33.047 -71.6098
914 -33.047 -71.6081
617 -33.0469 -71.6081
717 -33.0466 -71.6081
59 -33.0462 -71.6081
188 -33.0462 -71.6081
568 -33.0462 -71.6081
339 -33.0485 -71.6066
232 -33.0485 -71.6066
975 -33.0487 -71.6065
839 -33.0483 -71.6066
203 -33.0481 -71.6079
308 -33.048 -71.6067
149 -33.048 -71.6067
388 -33.0487 -71.6045
628 -33.0486 -71.6043
913 -33.0486 -71.6042
30 -33.0487 -71.6033
826 -33.0485 -71.6037
896 -33.0482 -71.6038
492 -33.0483 -71.6038
800 -33.0482 -71.6036
895 -33.048 -71.6067
380 -33.0461 -71.6081
791 -33.0479 -71.6076
536 -33.0476 -71.6075
618 -33.046 -71.6081
346 -33.0458 -71.608
162 -33.045 -71.608
559 -33.0456 -71.6076
906 -33.0474 -71.6074
194 -33.0478 -71.6067
989 -33.0479 -71.6067
514 -33.0479 -71.6036
21 -33.0478 -71.6067
508 -33.0474 -71.6073
533 -33.0448 -71.6052
