550 -33.0552 -71.6215
66 -33.0552 -71.6215
85 -33.0551 -71.6213
142 -33.0551 -71.6213
940 -33.0551 -71.6217
176 -33.0551 -71.6216
497 -33.0551 -71.6212
647 -33.0551 -71.6212
115 -33.0551 -71.6212
5 -33.0551 -71.6211
796 -33.0551 -71.6211
890 -33.0551 -71.6211
226 -33.0551 -71.6211
703 -33.0551 -71.6211
38 -33.0551 -71.6209
315 -33.0551 -71.6209
217 -33.0548 -71.6221
479 -33.0548 -71.6221
53 -33.0549 -71.622
697 -33.0548 -71.6221
979 -33.0544 -71.6228
883 -33.0546 -71.6225
109 -33.0547 -71.6223
961 -33.0549 -71.6219
313 -33.055 -71.6218
500 -33.055 -71.6208
327 -33.055 -71.6208
678 -33.0549 -71.6206
260 -33.0548 -71.6205
487 -33.0547 -71.6203
266 -33.0546 -71.6202
253 -33.0546 -71.6202
189 -33.0566 -71.6182
367 -33.0565 -71.6182
475 -33.0581 -71.6176
978 -33.0563 -71.6181
408 -33.0555 -71.6173
537 -33.0556 -71.6172
407 -33.0556 -71.617
582 -33.0557 -71.6166
668 -33.0561 -71.6161
57 -33.0562 -71.616
646 -33.0561 -71.6158
413 -33.0559 -71.6163
963 -33.0557 -71.6166
765 -33.0558 -71.6164
18 -33.0557 -71.6159
370 -33.0555 -71.6173
42 -33.0548 -71.6184
301 -33.0548 -71.6184
134 -33.055 -71.618
542 -33.0547 -71.6184
930 -33.0545 -71.6202
69 -33.0546 -71.6184
361 -33.0547 -71.6184
816 -33.0551 -71.6179
549 -33.0554 -71.6179
255 -33.0554 -71.6175
822 -33.0554 -71.6159
450 -33.0553 -71.6158
881 -33.0551 -71.6179
376 -33.0552 -71.6178
177 -33.0544 -71.6201
710 -33.0543 -71.6239
92 -33.0543 -71.6239
987 -33.0543 -71.6238
25 -33.0543 -71.6236
629 -33.0536 -71.6245
409 -33.0542 -71.6244
598 -33.0543 -71.6233
589 -33.0543 -71.6232
786 -33.0544 -71.623
829 -33.0544 -71.6229
880 -33.0541 -71.6199
179 -33.0537 -71.6196
210 -33.0535 -71.6191
377 -33.0535 -71.619
434 -33.0535 -71.6187
761 -33.0535 -71.6187
849 -33.0534 -71.6246
198 -33.0534 -71.6188
973 -33.0533 -71.6188
713 -33.0533 -71.6188
775 -33.0533 -71.6188
767 -33.0532 -71.6188
891 -33.0532 -71.6188
838 -33.0534 -71.6188
466 -33.053 -71.6187
547 -33.053 -71.6187
844 -33.0534 -71.6187
166 -33.0526 -71.6187
495 -33.0526 -71.6187
323 -33.0525 -71.6186
852 -33.0512 -71.6186
163 -33.0512 -71.6185
919 -33.0538 -71.6184
809 -33.054 -71.6184
760 -33.054 -71.6184
456 -33.0537 -71.6184
341 -33.0535 -71.6185
355 -33.0536 -71.6185
803 -33.0536 -71.6185
216 -33.0541 -71.6184
373 -33.0542 -71.6184
698 -33.0543 -71.6184
754 -33.0543 -71.6184
455 -33.0542 -71.6184
587 -33.0541 -71.6184
271 -33.0539 -71.6166
290 -33.0533 -71.6162
730 -33.0527 -71.6158
687 -33.0522 -71.6185
448 -33.0522 -71.6185
831 -33.0522 -71.6185
431 -33.0521 -71.6185
340 -33.0521 -71.6185
399 -33.052 -71.6185
116 -33.052 -71.6185
262 -33.052 -71.6185
632 -33.0514 -71.6184
727 -33.0514 -71.6184
614 -33.0514 -71.6184
250 -33.0513 -71.6184
17 -33.0512 -71.6183
393 -33.0512 -71.6183
686 -33.0559 -71.6158
531 -33.0563 -71.6151
560 -33.0563 -71.615
483 -33.0564 -71.615
501 -33.0563 -71.6151
124 -33.0562 -71.6151
994 -33.0562 -71.6151
774 -33.0562 -71.6151
842 -33.0564 -71.615
118 -33.0576 -71.6149
976 -33.0575 -71.6149
945 -33.0575 -71.6149
482 -33.0574 -71.6149
561 -33.0566 -71.6149
991 -33.0573 -71.6148
948 -33.0573 -71.6148
286 -33.0561 -71.6157
389 -33.0551 -71.6158
818 -33.0561 -71.6157
879 -33.0561 -71.6157
743 -33.055 -71.6158
476 -33.0549 -71.6158
251 -33.0549 -71.6158
955 -33.0547 -71.6157
127 -33.0556 -71.6156
60 -33.056 -71.6156
869 -33.056 -71.6155
20 -33.056 -71.6155
608 -33.056 -71.6154
950 -33.056 -71.6154
640 -33.056 -71.6154
464 -33.0559 -71.6154
297 -33.0567 -71.6147
872 -33.0574 -71.6146
19 -33.0575 -71.6128
790 -33.0573 -71.6128
326 -33.0572 -71.6127
420 -33.057 -71.6127
414 -33.057 -71.6127
521 -33.0569 -71.6126
576 -33.0569 -71.6126
43 -33.0569 -71.6126
354 -33.0569 -71.6126
747 -33.0568 -71.6126
917 -33.0565 -71.6124
579 -33.0564 -71.6124
368 -33.0563 -71.6124
523 -33.056 -71.6123
298 -33.0557 -71.6123
619 -33.0555 -71.6131
467 -33.0557 -71.6131
967 -33.0554 -71.6124
305 -33.0552 -71.6124
154 -33.0551 -71.6131
962 -33.0549 -71.6129
591 -33.0548 -71.6129
563 -33.0549 -71.6124
209 -33.0548 -71.6124
237 -33.0554 -71.6124
238 -33.0555 -71.6124
51 -33.0548 -71.6124
642 -33.0548 -71.6124
366 -33.0547 -71.6124
627 -33.0547 -71.6124
726 -33.0546 -71.6157
279 -33.0546 -71.6157
123 -33.0545 -71.6157
602 -33.0544 -71.6157
107 -33.0544 -71.6157
520 -33.0544 -71.6157
693 -33.0543 -71.6157
269 -33.0542 -71.6157
146 -33.054 -71.6156
442 -33.0539 -71.6156
762 -33.0545 -71.6149
580 -33.0539 -71.6156
150 -33.0535 -71.6155
641 -33.0534 -71.6155
488 -33.0531 -71.6155
819 -33.0531 -71.6155
546 -33.0525 -71.6157
117 -33.0522 -71.6157
254 -33.0523 -71.6156
292 -33.0522 -71.6157
992 -33.052 -71.6156
812 -33.052 -71.6156
892 -33.0519 -71.6156
721 -33.0518 -71.6156
864 -33.0518 -71.6156
908 -33.0518 -71.6156
545 -33.0518 -71.6156
787 -33.0517 -71.6156
946 -33.0516 -71.6156
860 -33.0511 -71.6156
105 -33.0539 -71.6145
958 -33.0547 -71.6124
751 -33.0547 -71.6124
307 -33.0547 -71.6124
636 -33.0547 -71.6128
175 -33.0543 -71.6125
52 -33.0546 -71.6124
402 -33.0545 -71.6123
452 -33.0544 -71.6123
773 -33.0544 -71.6122
679 -33.0544 -71.6122
35 -33.0544 -71.6122
927 -33.0543 -71.6122
733 -33.0543 -71.6123
173 -33.0542 -71.6123
12 -33.0541 -71.6123
61 -33.0541 -71.6123
405 -33.0539 -71.6145
907 -33.0539 -71.6145
446 -33.0535 -71.6142
423 -33.0532 -71.614
403 -33.0532 -71.614
145 -33.0529 -71.6139
171 -33.0525 -71.6136
611 -33.0524 -71.6135
711 -33.0523 -71.6134
480 -33.054 -71.6122
571 -33.0539 -71.6122
585 -33.0513 -71.6131
661 -33.0511 -71.6124
801 -33.0511 -71.6124
87 -33.0511 -71.6124
111 -33.0511 -71.6186
144 -33.051 -71.6186
597 -33.0509 -71.6186
101 -33.0504 -71.6218
633 -33.05 -71.6204
447 -33.0499 -71.6202
34 -33.0497 -71.62
412 -33.0507 -71.6185
128 -33.051 -71.6182
504 -33.051 -71.6182
830 -33.051 -71.6182
859 -33.0503 -71.6183
999 -33.0502 -71.6183
364 -33.0499 -71.6178
904 -33.0499 -71.6178
935 -33.0496 -71.6199
493 -33.0496 -71.6198
732 -33.0494 -71.6194
130 -33.0495 -71.6177
716 -33.049 -71.6181
694 -33.049 -71.6181
799 -33.0489 -71.6179
901 -33.0488 -71.6178
165 -33.0494 -71.6177
983 -33.0491 -71.6176
10 -33.0491 -71.6176
949 -33.049 -71.6176
573 -33.0488 -71.6173
170 -33.0487 -71.6176
440 -33.0488 -71.6175
889 -33.0488 -71.6174
206 -33.0488 -71.6173
273 -33.0494 -71.6165
13 -33.0494 -71.6164
572 -33.0495 -71.6163
191 -33.0494 -71.6165
174 -33.0493 -71.6165
652 -33.0493 -71.6165
631 -33.0491 -71.6163
834 -33.0491 -71.6163
688 -33.0496 -71.6161
574 -33.0496 -71.6161
106 -33.0496 -71.616
850 -33.0496 -71.6161
854 -33.0491 -71.6162
884 -33.0495 -71.6162
586 -33.0491 -71.6161
692 -33.0491 -71.6165
263 -33.049 -71.6169
213 -33.049 -71.6168
897 -33.049 -71.6168
453 -33.0489 -71.6169
416 -33.0488 -71.6173
239 -33.0489 -71.617
318 -33.0489 -71.617
529 -33.049 -71.6167
394 -33.0491 -71.6165
868 -33.0491 -71.6165
660 -33.0491 -71.6165
36 -33.0491 -71.6165
712 -33.049 -71.6166
900 -33.0491 -71.6165
333 -33.0487 -71.6176
764 -33.0477 -71.6198
509 -33.0477 -71.6198
583 -33.0478 -71.6198
485 -33.0477 -71.62
718 -33.0475 -71.6204
360 -33.0475 -71.6204
80 -33.0477 -71.62
911 -33.0478 -71.6196
939 -33.0479 -71.6195
755 -33.048 -71.6193
55 -33.0481 -71.6193
9 -33.0479 -71.6195
427 -33.0478 -71.6196
484 -33.0478 -71.6196
644 -33.0479 -71.6195
516 -33.0474 -71.6206
277 -33.0473 -71.621
322 -33.0473 -71.6209
802 -33.0474 -71.6209
139 -33.0473 -71.6211
205 -33.0473 -71.6211
820 -33.0473 -71.6211
938 -33.0473 -71.6211
735 -33.0474 -71.6209
696 -33.0474 -71.6208
222 -33.0474 -71.6207
988 -33.0471 -71.6202
982 -33.0469 -71.6195
220 -33.0467 -71.6198
784 -33.0468 -71.6198
152 -33.0482 -71.619
635 -33.0483 -71.6187
708 -33.0484 -71.6186
157 -33.0485 -71.6182
511 -33.0483 -71.6188
722 -33.0482 -71.619
530 -33.0482 -71.619
610 -33.0482 -71.619
794 -33.0485 -71.6181
155 -33.0486 -71.6179
113 -33.0487 -71.6177
283 -33.0487 -71.6177
639 -33.0486 -71.6179
763 -33.0485 -71.6181
383 -33.0486 -71.618
605 -33.0486 -71.6179
853 -33.048 -71.6158
968 -33.0475 -71.6176
793 -33.0475 -71.6174
972 -33.0475 -71.6174
724 -33.0473 -71.618
88 -33.047 -71.619
643 -33.0471 -71.6186
827 -33.0472 -71.6183
553 -33.0477 -71.6168
81 -33.0478 -71.6165
604 -33.0478 -71.6164
140 -33.048 -71.6159
348 -33.0478 -71.6166
933 -33.0478 -71.6167
48 -33.0478 -71.6167
304 -33.0497 -71.6158
783 -33.0505 -71.6157
565 -33.0511 -71.6156
320 -33.0511 -71.6156
385 -33.0505 -71.6156
496 -33.0499 -71.6157
75 -33.0499 -71.6157
756 -33.0505 -71.6156
795 -33.0508 -71.6155
835 -33.0511 -71.6131
201 -33.0509 -71.6131
942 -33.0509 -71.6131
739 -33.0508 -71.6131
93 -33.0507 -71.6155
148 -33.0506 -71.6155
430 -33.0505 -71.6155
195 -33.0498 -71.6157
27 -33.0496 -71.6137
278 -33.0496 -71.6136
548 -33.0496 -71.6136
74 -33.0496 -71.6137
240 -33.0495 -71.614
64 -33.0495 -71.6139
654 -33.0496 -71.6137
76 -33.0496 -71.6136
86 -33.0496 -71.6133
518 -33.0496 -71.6133
804 -33.0496 -71.6133
665 -33.0496 -71.6135
207 -33.0496 -71.6136
709 -33.0496 -71.6136
522 -33.0496 -71.6136
392 -33.0508 -71.6131
336 -33.0508 -71.6131
744 -33.0511 -71.6131
517 -33.0511 -71.613
100 -33.0508 -71.6131
902 -33.0507 -71.6131
915 -33.0506 -71.6131
621 -33.0503 -71.613
749 -33.0503 -71.613
877 -33.0511 -71.6126
372 -33.0511 -71.6125
725 -33.0511 -71.6125
265 -33.0511 -71.6127
996 -33.0503 -71.613
655 -33.0511 -71.6129
599 -33.0511 -71.6128
180 -33.0501 -71.613
805 -33.0501 -71.613
659 -33.05 -71.613
186 -33.05 -71.613
588 -33.0499 -71.6129
894 -33.0498 -71.6129
638 -33.0498 -71.6129
666 -33.0497 -71.6129
24 -33.0496 -71.6129
656 -33.0497 -71.6127
258 -33.0498 -71.6125
428 -33.0498 -71.6124
329 -33.0497 -71.6129
964 -33.0496 -71.6129
920 -33.0496 -71.6129
363 -33.0495 -71.614
374 -33.0492 -71.6155
77 -33.0493 -71.6153
780 -33.0493 -71.6152
462 -33.0492 -71.6155
612 -33.0492 -71.6158
302 -33.0492 -71.6156
432 -33.0492 -71.6156
637 -33.0493 -71.6151
680 -33.0494 -71.6147
956 -33.0494 -71.6144
457 -33.0494 -71.6144
234 -33.0494 -71.6147
0 -33.0493 -71.6149
337 -33.0494 -71.6148
701 -33.0494 -71.6147
851 -33.0484 -71.6144
314 -33.0481 -71.6153
855 -33.0481 -71.6153
84 -33.0481 -71.6153
50 -33.0481 -71.6155
941 -33.048 -71.6157
862 -33.048 -71.6157
435 -33.0481 -71.6156
778 -33.0482 -71.6152
218 -33.0482 -71.615
960 -33.0483 -71.6148
515 -33.0484 -71.6144
519 -33.0482 -71.615
541 -33.0482 -71.6152
436 -33.0482 -71.6152
401 -33.0495 -71.6142
481 -33.0495 -71.6142
828 -33.0495 -71.6141
425 -33.0495 -71.6141
153 -33.0487 -71.613
231 -33.0486 -71.6134
807 -33.0486 -71.6133
178 -33.0487 -71.613
494 -33.0492 -71.6129
683 -33.0488 -71.6129
444 -33.0488 -71.6126
685 -33.0489 -71.6123
133 -33.0488 -71.6129
345 -33.0488 -71.6129
847 -33.0488 -71.6127
899 -33.0488 -71.6127
119 -33.0486 -71.6135
44 -33.0485 -71.6138
248 -33.0486 -71.6136
590 -33.0486 -71.6136
728 -33.0485 -71.6139
31 -33.0484 -71.6142
648 -33.0484 -71.6141
538 -33.0485 -71.614
758 -33.0486 -71.6135
418 -33.0486 -71.6135
971 -33.0486 -71.6135
823 -33.0486 -71.6135
353 -33.048 -71.6128
54 -33.0477 -71.6128
634 -33.0479 -71.6123
214 -33.0538 -71.6122
259 -33.0556 -71.6105
72 -33.0556 -71.6105
463 -33.0555 -71.6104
384 -33.0551 -71.6104
274 -33.0544 -71.6122
874 -33.0546 -71.6105
866 -33.0546 -71.6104
970 -33.0574 -71.6101
132 -33.0562 -71.6095
606 -33.056 -71.609
876 -33.0561 -71.609
886 -33.0559 -71.6091
748 -33.0559 -71.6095
878 -33.0546 -71.6085
489 -33.0546 -71.6085
569 -33.0544 -71.6105
424 -33.0544 -71.612
676 -33.0544 -71.612
303 -33.0543 -71.6119
512 -33.0542 -71.6118
14 -33.0538 -71.6122
351 -33.0537 -71.6122
7 -33.0542 -71.6117
674 -33.0541 -71.6116
848 -33.0541 -71.6116
797 -33.0541 -71.6116
26 -33.0541 -71.6105
506 -33.054 -71.6114
40 -33.054 -71.6114
910 -33.0539 -71.6112
242 -33.0537 -71.6109
769 -33.0546 -71.6085
954 -33.0545 -71.6085
662 -33.0546 -71.6085
458 -33.0544 -71.6085
378 -33.0544 -71.6085
715 -33.0544 -71.6085
825 -33.0544 -71.6085
753 -33.0544 -71.6085
664 -33.0543 -71.6085
772 -33.0547 -71.6084
918 -33.0547 -71.6084
219 -33.0547 -71.6084
980 -33.0547 -71.6085
470 -33.0543 -71.6085
984 -33.0543 -71.6085
723 -33.0546 -71.6085
156 -33.0543 -71.6085
540 -33.0543 -71.6085
73 -33.0542 -71.6085
62 -33.0542 -71.6085
503 -33.0542 -71.6085
350 -33.0542 -71.6085
843 -33.0541 -71.6085
261 -33.0541 -71.6085
622 -33.054 -71.6085
557 -33.054 -71.6085
381 -33.0539 -71.6085
532 -33.0539 -71.6085
110 -33.0539 -71.6085
94 -33.0538 -71.6085
746 -33.0538 -71.6085
49 -33.0537 -71.6111
29 -33.0536 -71.6122
15 -33.0536 -71.6122
97 -33.0536 -71.6114
295 -33.0535 -71.6122
909 -33.0533 -71.6122
197 -33.0533 -71.6121
299 -33.0533 -71.6115
578 -33.0537 -71.6113
212 -33.0535 -71.6111
603 -33.0534 -71.611
2 -33.0537 -71.6108
601 -33.0534 -71.611
224 -33.0533 -71.611
645 -33.0532 -71.6109
89 -33.0532 -71.6109
551 -33.0532 -71.6109
916 -33.0531 -71.6121
252 -33.0529 -71.6121
577 -33.0529 -71.6121
387 -33.0529 -71.6121
789 -33.0529 -71.6121
23 -33.0528 -71.6121
272 -33.0526 -71.6121
310 -33.0524 -71.6121
681 -33.0531 -71.6109
575 -33.0531 -71.6109
22 -33.0531 -71.6109
268 -33.0528 -71.6116
415 -33.0527 -71.6116
745 -33.0528 -71.6116
737 -33.0537 -71.6108
187 -33.0536 -71.6107
276 -33.0536 -71.6106
190 -33.0536 -71.6105
120 -33.0535 -71.6105
390 -33.0535 -71.6105
556 -33.0535 -71.6105
782 -33.0535 -71.6105
675 -33.0535 -71.6104
811 -33.0535 -71.6104
32 -33.0535 -71.6085
923 -33.0535 -71.6085
706 -33.0534 -71.6085
626 -33.0534 -71.6085
840 -33.0534 -71.6085
183 -33.0534 -71.6085
505 -33.0533 -71.6099
228 -33.0529 -71.6107
600 -33.0528 -71.6106
885 -33.0528 -71.6105
204 -33.0527 -71.6104
343 -33.0527 -71.6104
211 -33.0527 -71.6104
863 -33.0527 -71.6103
861 -33.0526 -71.6103
324 -33.0526 -71.6102
593 -33.0526 -71.6102
192 -33.0533 -71.6099
734 -33.0525 -71.6101
821 -33.0525 -71.6101
421 -33.0525 -71.61
158 -33.0533 -71.6084
474 -33.0577 -71.6082
300 -33.058 -71.6081
528 -33.0581 -71.6081
808 -33.0576 -71.6081
677 -33.0576 -71.6081
281 -33.0573 -71.6081
419 -33.057 -71.608
63 -33.057 -71.608
925 -33.057 -71.608
159 -33.0569 -71.608
280 -33.057 -71.608
903 -33.0566 -71.608
672 -33.0565 -71.608
581 -33.0564 -71.608
977 -33.0563 -71.608
362 -33.0562 -71.608
558 -33.0558 -71.6082
510 -33.0557 -71.608
477 -33.0553 -71.608
873 -33.0553 -71.608
438 -33.0552 -71.6081
83 -33.0552 -71.6081
225 -33.0552 -71.6081
705 -33.0554 -71.608
454 -33.0562 -71.6079
332 -33.0561 -71.6079
499 -33.0561 -71.6079
79 -33.056 -71.6079
912 -33.0554 -71.6079
285 -33.0554 -71.6079
934 -33.056 -71.6079
613 -33.0555 -71.6079
525 -33.0565 -71.6073
112 -33.0568 -71.6072
491 -33.057 -71.607
311 -33.0562 -71.6074
469 -33.0559 -71.6079
11 -33.0559 -71.6079
129 -33.0558 -71.6076
331 -33.0571 -71.607
291 -33.0575 -71.6069
147 -33.0572 -71.6047
441 -33.0581 -71.6044
870 -33.0571 -71.6047
768 -33.0568 -71.6046
90 -33.0563 -71.6044
924 -33.0559 -71.6043
296 -33.0558 -71.6076
461 -33.0557 -71.6078
400 -33.0557 -71.6078
335 -33.0557 -71.6078
700 -33.0556 -71.6078
535 -33.0555 -71.6079
473 -33.0555 -71.6079
223 -33.0555 -71.6078
929 -33.0556 -71.6078
513 -33.0557 -71.6077
527 -33.0557 -71.6077
221 -33.0556 -71.6044
411 -33.0556 -71.6078
657 -33.0556 -71.6078
196 -33.0553 -71.6048
858 -33.0551 -71.6081
810 -33.0547 -71.6084
944 -33.0548 -71.6084
592 -33.0548 -71.6084
952 -33.0533 -71.6084
316 -33.0533 -71.6084
690 -33.0532 -71.6084
137 -33.0532 -71.6084
478 -33.0548 -71.6083
422 -33.0549 -71.6083
857 -33.055 -71.6083
46 -33.055 -71.6083
833 -33.0549 -71.6083
555 -33.0549 -71.6083
138 -33.0549 -71.6083
472 -33.0549 -71.6083
846 -33.0532 -71.6084
328 -33.0532 -71.6084
468 -33.0531 -71.6084
126 -33.0531 -71.6084
836 -33.0531 -71.6084
714 -33.053 -71.6084
167 -33.053 -71.6083
136 -33.053 -71.6083
951 -33.0529 -71.6083
471 -33.0529 -71.6083
502 -33.0529 -71.6083
981 -33.0529 -71.6083
757 -33.0528 -71.6083
785 -33.0528 -71.6083
398 -33.0528 -71.6083
671 -33.0528 -71.6083
922 -33.0551 -71.6082
168 -33.0551 -71.6082
888 -33.0551 -71.6081
740 -33.055 -71.6082
282 -33.055 -71.6083
966 -33.0528 -71.6083
595 -33.0531 -71.6066
256 -33.0532 -71.6065
98 -33.0545 -71.6062
937 -33.0538 -71.6061
78 -33.0547 -71.6046
620 -33.0538 -71.6048
169 -33.0537 -71.6048
99 -33.0528 -71.6047
293 -33.053 -71.6047
752 -33.0528 -71.6083
460 -33.0527 -71.6082
369 -33.0527 -71.6082
56 -33.0527 -71.6082
704 -33.0527 -71.6082
653 -33.0527 -71.6082
741 -33.0526 -71.6082
990 -33.0526 -71.6082
236 -33.0525 -71.6082
815 -33.0525 -71.6082
182 -33.0525 -71.6082
832 -33.0525 -71.6082
404 -33.0525 -71.6082
856 -33.0525 -71.6082
365 -33.0524 -71.6081
624 -33.0524 -71.6081
160 -33.0524 -71.6121
998 -33.0523 -71.612
649 -33.0523 -71.612
347 -33.0522 -71.612
386 -33.0521 -71.612
986 -33.052 -71.612
742 -33.052 -71.612
309 -33.0518 -71.612
936 -33.0518 -71.6118
141 -33.052 -71.6118
143 -33.0523 -71.6117
943 -33.0518 -71.6118
151 -33.0517 -71.612
905 -33.0516 -71.612
931 -33.0517 -71.6118
759 -33.0516 -71.612
102 -33.0515 -71.612
108 -33.0515 -71.612
200 -33.0514 -71.612
208 -33.0514 -71.6119
837 -33.0511 -71.6121
70 -33.0512 -71.612
334 -33.0512 -71.6119
202 -33.0513 -71.6119
391 -33.0515 -71.6119
356 -33.0515 -71.6119
433 -33.0516 -71.6118
615 -33.0512 -71.6119
275 -33.0505 -71.6113
449 -33.0504 -71.6113
37 -33.0502 -71.6102
953 -33.0502 -71.6102
871 -33.051 -71.6101
359 -33.051 -71.6101
264 -33.0511 -71.61
667 -33.051 -71.6101
567 -33.0509 -71.6102
184 -33.0509 -71.6102
921 -33.051 -71.6101
410 -33.0511 -71.61
227 -33.0524 -71.6099
771 -33.0523 -71.6098
607 -33.0523 -71.6098
554 -33.0512 -71.6099
67 -33.0511 -71.61
875 -33.0511 -71.61
682 -33.0511 -71.61
289 -33.0509 -71.6102
6 -33.0508 -71.6102
552 -33.0506 -71.6102
616 -33.0507 -71.6102
41 -33.0506 -71.6102
507 -33.0502 -71.6102
893 -33.0506 -71.6102
445 -33.0504 -71.6102
965 -33.0505 -71.6102
959 -33.0506 -71.6102
689 -33.0504 -71.6102
104 -33.0504 -71.6101
609 -33.0503 -71.6102
490 -33.0503 -71.6101
995 -33.0503 -71.6101
135 -33.0502 -71.6103
379 -33.0499 -71.6119
524 -33.0499 -71.6116
246 -33.05 -71.6113
750 -33.0499 -71.612
539 -33.0498 -71.6122
164 -33.0498 -71.6121
898 -33.0498 -71.6113
974 -33.0498 -71.6113
841 -33.05 -71.6113
969 -33.05 -71.6112
95 -33.0501 -71.611
338 -33.0498 -71.6113
817 -33.0494 -71.6112
33 -33.0494 -71.6112
766 -33.0494 -71.6112
439 -33.0492 -71.6112
342 -33.049 -71.6119
58 -33.0491 -71.6116
651 -33.0491 -71.6116
719 -33.049 -71.6119
947 -33.049 -71.6121
596 -33.049 -71.612
779 -33.049 -71.6119
465 -33.0491 -71.6113
932 -33.0492 -71.6112
526 -33.0492 -71.6112
317 -33.0491 -71.6112
312 -33.0486 -71.6112
241 -33.0486 -71.6112
96 -33.0485 -71.6111
451 -33.05 -71.611
396 -33.0501 -71.6107
114 -33.0501 -71.6106
584 -33.0501 -71.6106
543 -33.0501 -71.6107
131 -33.0501 -71.6108
352 -33.0501 -71.6107
926 -33.0501 -71.6107
699 -33.0501 -71.6106
777 -33.0501 -71.6105
570 -33.0501 -71.6104
594 -33.0502 -71.6103
45 -33.0501 -71.6105
443 -33.0501 -71.6105
426 -33.0501 -71.6105
630 -33.0501 -71.6105
792 -33.0501 -71.6109
330 -33.0501 -71.6109
684 -33.0501 -71.6109
729 -33.0495 -71.6099
814 -33.0494 -71.6099
702 -33.0494 -71.6099
486 -33.0493 -71.6099
249 -33.0492 -71.6099
798 -33.0492 -71.6099
288 -33.0492 -71.6099
865 -33.0491 -71.6099
3 -33.0495 -71.6099
4 -33.049 -71.6099
695 -33.0484 -71.6098
985 -33.0483 -71.6098
887 -33.0513 -71.6098
498 -33.0522 -71.6097
68 -33.0522 -71.6097
235 -33.0522 -71.6096
233 -33.0521 -71.6095
437 -33.0521 -71.6094
738 -33.0521 -71.6094
997 -33.0521 -71.6086
357 -33.0521 -71.6085
294 -33.0522 -71.6083
736 -33.0522 -71.6082
882 -33.0522 -71.6082
199 -33.0522 -71.6083
229 -33.0522 -71.6084
321 -33.0522 -71.6084
319 -33.0522 -71.6084
181 -33.0521 -71.6087
82 -33.0521 -71.6094
306 -33.0521 -71.6094
185 -33.0519 -71.6092
371 -33.0519 -71.6092
731 -33.0515 -71.6096
813 -33.0518 -71.6093
257 -33.0519 -71.6092
707 -33.0519 -71.6091
670 -33.052 -71.609
230 -33.052 -71.6089
375 -33.0521 -71.6087
562 -33.0516 -71.6089
91 -33.0515 -71.6089
625 -33.0515 -71.6088
8 -33.0515 -71.6083
395 -33.0517 -71.6082
669 -33.0524 -71.6081
417 -33.0523 -71.6081
349 -33.0523 -71.6081
284 -33.0522 -71.6081
243 -33.0522 -71.6081
71 -33.0522 -71.6081
845 -33.0522 -71.6081
382 -33.0522 -71.6081
125 -33.0523 -71.6081
673 -33.0523 -71.6081
770 -33.0523 -71.6081
325 -33.0522 -71.6079
16 -33.0521 -71.6081
406 -33.0522 -71.6078
788 -33.0522 -71.6078
172 -33.0521 -71.6081
103 -33.0519 -71.6076
287 -33.0519 -71.6076
244 -33.0521 -71.6071
993 -33.0519 -71.6076
544 -33.0518 -71.6081
975 -33.0516 -71.6075
564 -33.0518 -71.6064
358 -33.0518 -71.6064
65 -33.0518 -71.6063
122 -33.0517 -71.6062
957 -33.0518 -71.6047
1 -33.0517 -71.605
388 -33.0516 -71.606
628 -33.0515 -71.606
534 -33.0515 -71.6088
245 -33.0514 -71.6097
267 -33.0514 -71.6097
397 -33.0514 -71.6097
720 -33.0514 -71.6097
247 -33.0513 -71.6098
806 -33.0513 -71.6098
691 -33.0513 -71.6098
658 -33.0515 -71.6088
203 -33.0513 -71.6087
623 -33.0513 -71.6086
867 -33.0512 -71.6086
791 -33.0509 -71.6085
566 -33.0508 -71.6085
193 -33.0507 -71.6085
776 -33.0507 -71.6085
536 -33.0507 -71.6085
344 -33.0496 -71.6094
39 -33.0496 -71.6092
650 -33.0501 -71.6092
663 -33.0495 -71.6096
459 -33.0495 -71.6098
824 -33.0495 -71.6098
928 -33.0495 -71.6097
121 -33.0502 -71.6092
429 -33.0506 -71.6085
270 -33.0506 -71.6085
161 -33.0505 -71.6085
781 -33.05 -71.6091
28 -33.0499 -71.6091
47 -33.0498 -71.6091
906 -33.0504 -71.6085
232 -33.0514 -71.6075
339 -33.0514 -71.6075
839 -33.0512 -71.6075
215 -33.0512 -71.6085
895 -33.0509 -71.6074
989 -33.0509 -71.6074
308 -33.0508 -71.6074
21 -33.0507 -71.6073
913 -33.0514 -71.6059
30 -33.0512 -71.6052
826 -33.0511 -71.6051
149 -33.051 -71.6061
492 -33.051 -71.6058
896 -33.0509 -71.6058
800 -33.0508 -71.6057
194 -33.0507 -71.6073
508 -33.0503 -71.6085
914 -33.0503 -71.6085
617 -33.0502 -71.6085
717 -33.0499 -71.6084
188 -33.0495 -71.6084
59 -33.0495 -71.6084
380 -33.0495 -71.6084
568 -33.0495 -71.6084
618 -33.0492 -71.6083
346 -33.049 -71.6083
514 -33.0503 -71.6056
559 -33.0486 -71.6082
162 -33.0483 -71.6082
533 -33.0479 -71.604
