176 -33.0543 -71.6244
550 -33.0543 -71.6242
66 -33.0543 -71.6242
85 -33.0543 -71.624
940 -33.0543 -71.6244
142 -33.0543 -71.624
497 -33.0543 -71.6239
647 -33.0543 -71.6239
115 -33.0543 -71.6239
5 -33.0543 -71.6239
678 -33.0543 -71.6232
890 -33.0543 -71.6238
796 -33.0543 -71.6238
226 -33.0543 -71.6237
703 -33.0543 -71.6237
38 -33.0543 -71.6236
883 -33.0535 -71.6245
109 -33.0537 -71.6245
217 -33.0538 -71.6245
979 -33.0531 -71.6246
829 -33.0531 -71.6246
786 -33.053 -71.6246
589 -33.0529 -71.6246
697 -33.0538 -71.6245
315 -33.0543 -71.6235
500 -33.0543 -71.6235
327 -33.0543 -71.6234
313 -33.0542 -71.6243
479 -33.0538 -71.6245
961 -33.0541 -71.6244
53 -33.054 -71.6242
260 -33.0543 -71.6231
177 -33.0546 -71.6225
880 -33.0548 -71.6221
179 -33.0551 -71.6217
930 -33.0545 -71.6227
487 -33.0544 -71.6229
266 -33.0545 -71.6227
253 -33.0545 -71.6227
210 -33.0551 -71.6211
377 -33.0551 -71.621
646 -33.055 -71.618
475 -33.0557 -71.6179
57 -33.0549 -71.6183
765 -33.0545 -71.6184
413 -33.0546 -71.6184
668 -33.0549 -71.6184
189 -33.0543 -71.6184
549 -33.0534 -71.6188
255 -33.0535 -71.6186
370 -33.0535 -71.6185
376 -33.0532 -71.6188
881 -33.0531 -71.6187
816 -33.053 -71.6187
134 -33.053 -71.6187
408 -33.0535 -71.6185
582 -33.0541 -71.6184
963 -33.0543 -71.6184
367 -33.0543 -71.6184
978 -33.0541 -71.6184
537 -33.0537 -71.6184
407 -33.0539 -71.6184
598 -33.0527 -71.6245
25 -33.0525 -71.6245
987 -33.0523 -71.6244
710 -33.0523 -71.6244
92 -33.0522 -71.6244
629 -33.0517 -71.6252
849 -33.0515 -71.6252
409 -33.0519 -71.6247
633 -33.0507 -71.6226
116 -33.052 -71.6197
399 -33.052 -71.6197
301 -33.0525 -71.6186
547 -33.0512 -71.6189
973 -33.0511 -71.6186
775 -33.051 -71.6186
713 -33.051 -71.6186
447 -33.0506 -71.6225
101 -33.0505 -71.624
34 -33.0504 -71.6223
732 -33.0505 -71.6216
493 -33.0504 -71.622
935 -33.0504 -71.6221
716 -33.0502 -71.6206
694 -33.0502 -71.6205
799 -33.05 -71.6203
901 -33.0499 -71.6202
262 -33.05 -71.6187
340 -33.05 -71.6186
283 -33.0498 -71.6201
999 -33.0496 -71.62
440 -33.0497 -71.62
859 -33.0496 -71.6199
198 -33.0511 -71.6186
542 -33.0525 -71.6186
42 -33.0525 -71.6186
361 -33.0524 -71.6186
69 -33.0523 -71.6186
698 -33.052 -71.6185
754 -33.052 -71.6185
373 -33.0519 -71.6185
455 -33.0519 -71.6185
587 -33.0518 -71.6184
216 -33.0517 -71.6184
760 -33.0517 -71.6184
809 -33.0516 -71.6184
919 -33.0515 -71.6184
456 -33.0514 -71.6184
803 -33.0513 -71.6184
355 -33.0513 -71.6184
434 -33.0512 -71.6186
844 -33.0512 -71.6186
761 -33.0512 -71.6185
838 -33.0512 -71.6186
632 -33.0496 -71.6186
891 -33.0509 -71.6185
831 -33.05 -71.6185
448 -33.05 -71.6185
341 -33.0512 -71.6184
767 -33.0507 -71.6181
466 -33.0506 -71.618
166 -33.0503 -71.6183
687 -33.05 -71.6184
323 -33.0502 -71.6183
495 -33.0502 -71.6179
118 -33.0562 -71.616
976 -33.0561 -71.616
872 -33.0561 -71.616
945 -33.0561 -71.616
869 -33.0552 -71.6178
774 -33.0555 -71.6173
560 -33.0555 -71.6172
482 -33.0559 -71.6159
991 -33.0559 -71.6159
297 -33.0553 -71.6158
948 -33.0559 -71.6158
561 -33.0551 -71.6158
842 -33.0548 -71.6158
483 -33.0548 -71.6158
531 -33.0548 -71.6157
501 -33.0547 -71.6157
389 -33.0528 -71.6159
124 -33.0546 -71.6157
640 -33.0543 -71.6157
743 -33.0527 -71.6159
476 -33.0527 -71.6158
251 -33.0526 -71.6158
955 -33.0524 -71.6157
464 -33.0543 -71.6157
950 -33.0543 -71.6157
608 -33.0542 -71.6157
20 -33.0542 -71.6157
450 -33.0529 -71.6157
726 -33.0524 -71.6157
107 -33.0522 -71.6157
520 -33.0522 -71.6157
693 -33.0522 -71.6157
60 -33.054 -71.6156
879 -33.054 -71.6156
818 -33.054 -71.6156
279 -33.0524 -71.6156
602 -33.0523 -71.6156
269 -33.052 -71.6156
123 -33.0524 -71.6156
286 -33.0539 -71.6156
994 -33.0549 -71.6151
686 -33.0537 -71.6144
127 -33.0534 -71.6141
18 -33.0531 -71.6155
822 -33.053 -71.6155
762 -33.0523 -71.6134
931 -33.0519 -71.6134
356 -33.0519 -71.6135
146 -33.0517 -71.6156
442 -33.0517 -71.6156
943 -33.0519 -71.6132
580 -33.0517 -71.6156
271 -33.0516 -71.6156
150 -33.0513 -71.6156
641 -33.0512 -71.6156
936 -33.0519 -71.6132
105 -33.0517 -71.6131
405 -33.0516 -71.6131
907 -33.0516 -71.6131
446 -33.0511 -71.6131
268 -33.0511 -71.613
387 -33.0511 -71.6129
252 -33.0511 -71.6129
730 -33.0504 -71.6158
546 -33.0502 -71.6158
992 -33.0498 -71.6157
812 -33.0498 -71.6158
431 -33.0497 -71.6177
864 -33.0497 -71.6159
892 -33.0497 -71.6159
117 -33.05 -71.6157
488 -33.0509 -71.6156
819 -33.0509 -71.6156
272 -33.051 -71.6131
290 -33.0509 -71.6156
254 -33.0499 -71.6157
292 -33.0499 -71.6157
310 -33.0508 -71.6131
953 -33.0497 -71.6132
545 -33.0496 -71.616
721 -33.0496 -71.616
908 -33.0497 -71.616
787 -33.0496 -71.6161
946 -33.0495 -71.6162
95 -33.0495 -71.6139
684 -33.0495 -71.6138
352 -33.0496 -71.6137
443 -33.0496 -71.6134
426 -33.0496 -71.6134
570 -33.0496 -71.6133
699 -33.0496 -71.6135
543 -33.0496 -71.6136
396 -33.0496 -71.6136
423 -33.0508 -71.6131
403 -33.0508 -71.6131
160 -33.0508 -71.6131
415 -33.0511 -71.6131
998 -33.0507 -71.6131
649 -33.0507 -71.6131
143 -33.0507 -71.6131
386 -33.0506 -71.613
145 -33.0506 -71.613
792 -33.0505 -71.613
23 -33.0511 -71.613
745 -33.0511 -71.6129
141 -33.0504 -71.613
986 -33.0504 -71.613
309 -33.0502 -71.613
151 -33.0501 -71.613
171 -33.0501 -71.613
433 -33.05 -71.613
759 -33.05 -71.613
102 -33.0499 -71.613
507 -33.0499 -71.613
391 -33.0499 -71.613
609 -33.0497 -71.613
108 -33.0499 -71.6129
611 -33.0499 -71.6129
711 -33.0499 -71.6129
200 -33.0498 -71.6129
208 -33.0498 -71.6129
202 -33.0497 -71.6129
615 -33.0497 -71.6129
334 -33.0495 -71.6129
250 -33.0495 -71.6188
263 -33.0479 -71.6195
130 -33.0479 -71.6195
213 -33.0479 -71.6195
165 -33.0479 -71.6196
206 -33.0478 -71.6199
318 -33.0478 -71.6196
453 -33.0478 -71.6196
529 -33.0479 -71.6195
412 -33.0494 -71.6194
868 -33.0481 -71.6192
394 -33.0481 -71.6192
36 -33.048 -71.6193
897 -33.0479 -71.6194
712 -33.048 -71.6194
900 -33.048 -71.6193
239 -33.0478 -71.6197
383 -33.0474 -71.6207
605 -33.0475 -71.6205
113 -33.0475 -71.6203
764 -33.0474 -71.6227
509 -33.0474 -71.6226
583 -33.0474 -71.6226
155 -33.0474 -71.6203
333 -33.0476 -71.6202
949 -33.0477 -71.6199
10 -33.0477 -71.6198
983 -33.0477 -71.6198
416 -33.0477 -71.6199
170 -33.0476 -71.6202
889 -33.0476 -71.62
573 -33.0477 -71.62
692 -33.0481 -71.6192
597 -33.0494 -71.6191
144 -33.0494 -71.619
17 -33.0495 -71.6188
111 -33.0494 -71.619
852 -33.0494 -71.6189
163 -33.0494 -71.6188
688 -33.0484 -71.6184
106 -33.0484 -71.6184
432 -33.0492 -71.6183
302 -33.0492 -71.6183
77 -33.0491 -71.6181
780 -33.0486 -71.6181
574 -33.0485 -71.6184
462 -33.0485 -71.6184
374 -33.0485 -71.6183
850 -33.0484 -71.6185
904 -33.0482 -71.619
174 -33.0482 -71.619
364 -33.0482 -71.619
834 -33.0482 -71.6191
660 -33.0481 -71.6192
854 -33.0481 -71.6191
631 -33.0481 -71.6191
586 -33.0482 -71.619
572 -33.0483 -71.6187
612 -33.0484 -71.6186
884 -33.0484 -71.6186
13 -33.0483 -71.6188
191 -33.0483 -71.6189
273 -33.0483 -71.6189
911 -33.0474 -71.6224
80 -33.0473 -71.6228
485 -33.0473 -71.6228
484 -33.0474 -71.6224
360 -33.047 -71.6228
516 -33.0467 -71.6229
222 -33.0467 -71.6229
718 -33.0469 -71.6228
939 -33.0474 -71.6223
9 -33.0474 -71.6222
55 -33.0474 -71.622
755 -33.0474 -71.622
722 -33.0473 -71.6217
152 -33.0472 -71.6216
530 -33.0472 -71.6216
511 -33.0472 -71.6215
696 -33.0466 -71.6229
277 -33.0464 -71.6229
322 -33.0464 -71.6229
802 -33.0464 -71.6229
938 -33.0463 -71.6229
205 -33.0463 -71.6229
820 -33.0463 -71.6229
139 -33.0463 -71.6229
735 -33.0465 -71.6229
982 -33.0457 -71.6222
88 -33.046 -71.6218
643 -33.0462 -71.6214
988 -33.0457 -71.6222
220 -33.0455 -71.6225
784 -33.0455 -71.6224
708 -33.0472 -71.6212
639 -33.0474 -71.6203
763 -33.0472 -71.6202
794 -33.0472 -71.6202
941 -33.0472 -71.6185
157 -33.047 -71.6201
140 -33.0471 -71.6187
853 -33.0471 -71.6187
862 -33.0472 -71.6185
855 -33.0473 -71.6181
436 -33.0473 -71.618
778 -33.0473 -71.618
314 -33.0473 -71.6182
435 -33.0472 -71.6184
50 -33.0472 -71.6183
84 -33.0473 -71.6182
604 -33.0469 -71.6193
610 -33.0466 -71.6205
968 -33.0466 -71.6205
793 -33.0466 -71.6202
724 -33.0465 -71.6208
827 -33.0463 -71.6212
427 -33.0463 -71.6211
644 -33.0464 -71.621
972 -33.0466 -71.6202
933 -33.0469 -71.6195
81 -33.0469 -71.6194
348 -33.0469 -71.6193
48 -33.0469 -71.6195
635 -33.0467 -71.6201
553 -33.0468 -71.6196
541 -33.0473 -71.618
727 -33.049 -71.6176
614 -33.049 -71.6176
654 -33.049 -71.6167
93 -33.049 -71.6168
363 -33.0489 -71.6169
240 -33.0489 -71.6169
64 -33.049 -71.6169
27 -33.049 -71.6167
860 -33.0493 -71.6165
565 -33.0493 -71.6165
709 -33.0491 -71.6165
76 -33.049 -71.6165
74 -33.049 -71.6167
278 -33.049 -71.6166
548 -33.049 -71.6165
425 -33.0489 -71.6169
637 -33.0489 -71.6179
680 -33.0487 -71.6176
393 -33.0488 -71.6176
701 -33.0487 -71.6176
830 -33.0487 -71.6177
128 -33.0487 -71.6177
337 -33.0487 -71.6177
234 -33.0487 -71.6176
828 -33.0489 -71.6171
783 -33.0489 -71.6171
430 -33.0489 -71.617
481 -33.0489 -71.6171
956 -33.0488 -71.6173
457 -33.0488 -71.6173
401 -33.0489 -71.6172
207 -33.0491 -71.6165
428 -33.0493 -71.6153
164 -33.0493 -71.6151
539 -33.0493 -71.6151
180 -33.0493 -71.6154
329 -33.0492 -71.6158
656 -33.0492 -71.6157
258 -33.0492 -71.6155
750 -33.0493 -71.6149
246 -33.0495 -71.6142
841 -33.0495 -71.6142
70 -33.0495 -71.6129
524 -33.0494 -71.6146
379 -33.0494 -71.6149
837 -33.0494 -71.6129
801 -33.0492 -71.6129
87 -33.0492 -71.6129
320 -33.0492 -71.6165
518 -33.0491 -71.6163
804 -33.0491 -71.6163
665 -33.0491 -71.6165
522 -33.0491 -71.6165
795 -33.049 -71.6165
148 -33.0487 -71.6164
86 -33.0491 -71.6163
661 -33.0491 -71.6129
725 -33.0491 -71.6129
372 -33.049 -71.6129
877 -33.049 -71.6129
265 -33.049 -71.6129
599 -33.0488 -71.6129
504 -33.0487 -71.6178
195 -33.0486 -71.618
0 -33.0486 -71.6179
496 -33.0487 -71.6178
756 -33.0486 -71.6166
304 -33.0481 -71.6174
418 -33.0478 -71.6164
385 -33.0485 -71.6164
971 -33.0478 -71.6164
178 -33.048 -71.6159
153 -33.048 -71.6158
683 -33.048 -71.6157
807 -33.0479 -71.6162
119 -33.0479 -71.6164
823 -33.0479 -71.6164
231 -33.0479 -71.6163
758 -33.0478 -71.6164
851 -33.0476 -71.6174
515 -33.0476 -71.6173
31 -33.0476 -71.6172
652 -33.0475 -71.6175
519 -33.0474 -71.6178
218 -33.0474 -71.6178
960 -33.0474 -71.6177
648 -33.0477 -71.6169
590 -33.0478 -71.6165
248 -33.0478 -71.6165
75 -33.0478 -71.6162
44 -33.0478 -71.6166
538 -33.0477 -71.6169
728 -33.0477 -71.6167
345 -33.048 -71.6157
666 -33.0483 -71.6146
894 -33.0483 -71.6146
651 -33.0483 -71.6145
638 -33.0483 -71.6146
719 -33.0483 -71.6148
779 -33.0483 -71.6148
342 -33.0483 -71.6147
58 -33.0483 -71.6145
817 -33.0485 -71.6138
336 -33.0486 -71.6134
974 -33.0486 -71.6134
439 -33.0484 -71.614
805 -33.0484 -71.6142
465 -33.0484 -71.6142
932 -33.0484 -71.6141
920 -33.0483 -71.6148
444 -33.0481 -71.6155
685 -33.0482 -71.6151
596 -33.0482 -71.6149
899 -33.0481 -71.6156
133 -33.048 -71.6157
847 -33.048 -71.6157
634 -33.0471 -71.6151
947 -33.0482 -71.6149
588 -33.0476 -71.6133
317 -33.0477 -71.613
526 -33.0477 -71.6129
312 -33.0475 -71.6136
96 -33.0474 -71.6137
241 -33.0474 -71.6136
585 -33.0488 -71.6129
19 -33.0551 -71.6124
790 -33.0548 -71.6124
326 -33.0547 -71.6124
420 -33.0546 -71.6124
414 -33.0545 -71.6123
43 -33.0544 -71.6123
521 -33.0544 -71.6123
576 -33.0544 -71.6123
354 -33.0543 -71.6123
747 -33.0543 -71.6123
368 -33.0545 -71.6122
579 -33.0543 -71.6122
467 -33.0543 -71.6119
619 -33.0542 -71.6116
237 -33.054 -71.6114
154 -33.054 -71.6114
917 -33.0539 -71.6122
523 -33.0535 -71.6122
298 -33.0532 -71.6121
238 -33.053 -71.6121
305 -33.0528 -71.6121
962 -33.0525 -71.6121
26 -33.0526 -71.6116
505 -33.0527 -71.6116
967 -33.054 -71.6113
384 -33.0536 -71.6111
591 -33.0536 -71.6111
866 -33.0533 -71.6115
192 -33.0527 -71.6116
569 -33.053 -71.6116
874 -33.0532 -71.6115
563 -33.0536 -71.6111
463 -33.0538 -71.611
209 -33.0535 -71.611
636 -33.0534 -71.611
366 -33.0534 -71.611
307 -33.0533 -71.611
627 -33.0533 -71.611
751 -33.0533 -71.611
52 -33.0533 -71.6109
72 -33.0537 -71.6109
132 -33.0542 -71.6105
970 -33.055 -71.6104
259 -33.0537 -71.6109
772 -33.0533 -71.6099
810 -33.0533 -71.6098
592 -33.0532 -71.6097
402 -33.0532 -71.6109
452 -33.0531 -71.6109
175 -33.053 -71.6109
61 -33.0529 -71.6107
12 -33.0528 -71.6106
927 -33.0528 -71.6105
773 -33.0527 -71.6104
35 -33.0527 -71.6104
679 -33.0527 -71.6104
922 -33.0531 -71.6095
83 -33.053 -71.6092
873 -33.0531 -71.6091
274 -33.0527 -71.6103
190 -33.0525 -71.6101
676 -33.0525 -71.6101
424 -33.0525 -71.6101
51 -33.0523 -71.612
642 -33.0522 -71.612
958 -33.0521 -71.612
187 -33.0519 -71.6118
733 -33.0518 -71.612
2 -33.0518 -71.6118
737 -33.0519 -71.6118
276 -33.052 -71.6118
811 -33.0522 -71.6117
782 -33.0523 -71.6117
303 -33.0524 -71.61
675 -33.0522 -71.6117
390 -33.0521 -71.6117
120 -33.0521 -71.6117
556 -33.0522 -71.6117
242 -33.0517 -71.6118
173 -33.0517 -71.612
480 -33.0514 -71.612
571 -33.0514 -71.6119
214 -33.0513 -71.6119
97 -33.0512 -71.612
14 -33.0512 -71.6119
351 -33.0512 -71.6119
578 -33.0512 -71.6119
910 -33.0515 -71.6119
909 -33.0514 -71.6116
789 -33.0513 -71.6114
15 -33.0512 -71.6118
29 -33.0512 -71.6119
671 -33.0512 -71.6099
512 -33.0524 -71.6099
797 -33.0523 -71.6097
674 -33.0523 -71.6097
7 -33.0523 -71.6097
848 -33.0523 -71.6097
506 -33.0522 -71.6096
40 -33.0521 -71.6095
626 -33.0517 -71.6094
32 -33.0517 -71.6094
94 -33.052 -71.609
212 -33.052 -71.6089
622 -33.052 -71.6089
110 -33.052 -71.6091
923 -33.0517 -71.6094
49 -33.052 -71.6092
746 -33.0519 -71.6091
603 -33.0517 -71.6094
681 -33.0514 -71.6097
22 -33.0514 -71.6097
846 -33.0515 -71.6096
575 -33.0514 -71.6097
398 -33.0512 -71.6099
981 -33.0512 -71.6099
167 -33.0513 -71.6098
316 -33.0515 -71.6096
840 -33.0516 -71.6095
601 -33.0516 -71.6089
224 -33.0516 -71.6089
158 -33.0515 -71.6096
137 -33.0515 -71.6096
89 -33.0515 -71.6088
98 -33.0534 -71.6088
280 -33.0546 -71.6085
886 -33.0546 -71.6085
159 -33.0546 -71.6085
112 -33.0545 -71.6085
606 -33.0544 -71.6085
876 -33.0543 -71.6085
525 -33.0543 -71.6085
903 -33.0542 -71.6085
419 -33.0546 -71.6085
925 -33.0546 -71.6085
63 -33.0546 -71.6085
672 -33.0541 -71.6085
581 -33.054 -71.6085
311 -33.054 -71.6085
977 -33.0539 -71.6085
362 -33.0539 -71.6085
934 -33.0537 -71.6085
558 -33.0537 -71.6085
499 -33.0537 -71.6085
79 -33.0537 -71.6085
469 -33.0536 -71.6085
129 -33.0535 -71.6085
11 -33.0535 -71.6085
510 -33.0535 -71.6085
454 -33.0538 -71.6085
332 -33.0538 -71.6085
296 -33.0534 -71.6085
513 -33.0534 -71.6085
461 -33.0534 -71.6085
527 -33.0534 -71.6085
335 -33.0533 -71.6084
929 -33.0533 -71.6084
808 -33.0551 -71.6081
291 -33.0552 -71.6081
474 -33.0553 -71.608
677 -33.0551 -71.6081
491 -33.0547 -71.6084
331 -33.0548 -71.6084
281 -33.0549 -71.6083
748 -33.0553 -71.608
300 -33.0555 -71.6079
528 -33.0557 -71.6078
441 -33.0557 -71.6043
147 -33.0547 -71.6046
768 -33.0545 -71.6053
90 -33.0538 -71.6048
870 -33.0546 -71.6046
924 -33.0535 -71.6047
400 -33.0533 -71.6084
411 -33.0533 -71.6084
657 -33.0532 -71.6084
223 -33.0532 -71.6084
700 -33.0532 -71.6084
473 -33.0531 -71.6084
613 -33.0531 -71.6084
285 -33.0531 -71.6084
535 -33.053 -71.6084
196 -33.0532 -71.6065
221 -33.0532 -71.6047
912 -33.053 -71.6084
705 -33.053 -71.6083
477 -33.0529 -71.6083
225 -33.0528 -71.6083
888 -33.0528 -71.6083
438 -33.0528 -71.6083
858 -33.0527 -71.6082
168 -33.0527 -71.6082
740 -33.0526 -71.6082
46 -33.0526 -71.6082
857 -33.0526 -71.6082
282 -33.0525 -71.6082
422 -33.0525 -71.6082
833 -33.0525 -71.6082
472 -33.0525 -71.6082
555 -33.0524 -71.6081
138 -33.0524 -71.6081
478 -33.0524 -71.6081
944 -33.0523 -71.6081
723 -33.0522 -71.6081
825 -33.0521 -71.6085
378 -33.0522 -71.6084
769 -33.0522 -71.6083
551 -33.0521 -71.6085
470 -33.0521 -71.6086
645 -33.0521 -71.6086
228 -33.0512 -71.6085
954 -33.0522 -71.6083
662 -33.0522 -71.6082
503 -33.0517 -71.6081
843 -33.0518 -71.6081
256 -33.0517 -71.6082
595 -33.0515 -71.6082
261 -33.0516 -71.6082
219 -33.0522 -71.6081
918 -33.0523 -71.6081
980 -33.0523 -71.6081
878 -33.0522 -71.6079
489 -33.0522 -71.6079
937 -33.0522 -71.6078
458 -33.0522 -71.6077
753 -33.0522 -71.6077
664 -33.0522 -71.6076
540 -33.0522 -71.6076
156 -33.0522 -71.6075
593 -33.0522 -71.6074
78 -33.0522 -71.6048
73 -33.0522 -71.6074
421 -33.0522 -71.6073
557 -33.0521 -71.6072
227 -33.0521 -71.6072
62 -33.0521 -71.6076
532 -33.0521 -71.6071
381 -33.0521 -71.6071
350 -33.052 -71.6076
984 -33.0519 -71.608
715 -33.052 -71.608
706 -33.0519 -71.6066
502 -33.0516 -71.606
181 -33.0515 -71.606
620 -33.0516 -71.6052
169 -33.0516 -71.6052
752 -33.0515 -71.6059
966 -33.0515 -71.6059
815 -33.0512 -71.6059
295 -33.0511 -71.6122
916 -33.0511 -71.6126
197 -33.0511 -71.6124
299 -33.0511 -71.6124
577 -33.0511 -71.6129
184 -33.0498 -71.6122
921 -33.0498 -71.6122
871 -33.0498 -71.6122
682 -33.0499 -71.612
347 -33.0507 -71.6113
742 -33.0505 -71.6113
905 -33.0501 -71.6113
731 -33.0499 -71.6113
554 -33.0499 -71.6118
887 -33.0499 -71.6117
397 -33.0498 -71.6113
6 -33.0498 -71.6124
959 -33.0498 -71.6126
41 -33.0498 -71.6126
267 -33.0498 -71.6113
893 -33.0497 -71.6127
689 -33.0497 -71.6128
245 -33.0497 -71.6113
720 -33.0497 -71.6112
247 -33.0497 -71.6112
691 -33.0497 -71.6112
806 -33.0497 -71.6112
875 -33.0494 -71.6112
410 -33.0494 -71.6112
67 -33.0494 -71.6112
264 -33.0493 -71.6112
359 -33.0493 -71.6112
667 -33.0492 -71.6112
856 -33.0509 -71.6102
182 -33.0509 -71.6102
404 -33.0509 -71.6102
861 -33.0508 -71.6102
669 -33.0508 -71.6102
349 -33.0507 -71.6102
284 -33.0506 -71.6102
832 -33.0509 -71.6102
741 -33.051 -71.6101
704 -33.0511 -71.61
885 -33.0511 -71.61
236 -33.051 -71.6101
882 -33.0506 -71.6102
294 -33.0505 -71.6102
736 -33.0505 -71.6102
199 -33.0504 -71.6102
371 -33.0501 -71.6108
670 -33.0501 -71.6106
230 -33.0502 -71.6104
257 -33.0501 -71.6108
567 -33.0491 -71.6112
813 -33.05 -71.611
776 -33.0494 -71.6104
375 -33.0502 -71.6102
319 -33.0504 -71.6102
229 -33.0504 -71.6102
321 -33.0504 -71.6101
357 -33.0503 -71.6102
997 -33.0502 -71.6101
193 -33.0491 -71.6099
289 -33.0491 -71.6112
655 -33.0487 -71.6129
517 -33.0486 -71.6129
744 -33.0485 -71.6129
835 -33.0485 -71.6129
201 -33.0484 -71.6129
942 -33.0484 -71.6129
392 -33.0483 -71.6129
739 -33.0482 -71.6129
100 -33.0482 -71.6128
777 -33.0489 -71.6124
445 -33.049 -71.6118
902 -33.0482 -71.6128
915 -33.0481 -71.6128
729 -33.0481 -71.6117
330 -33.0481 -71.6117
451 -33.0481 -71.6117
749 -33.0478 -71.6129
621 -33.0478 -71.6128
766 -33.0478 -71.6127
996 -33.0478 -71.6129
186 -33.0476 -71.6127
659 -33.0475 -71.6127
964 -33.0471 -71.6127
24 -33.0471 -71.6127
338 -33.0479 -71.6123
898 -33.0479 -71.6122
969 -33.048 -71.612
494 -33.0467 -71.6126
353 -33.0455 -71.6122
54 -33.0452 -71.6121
131 -33.0481 -71.6116
45 -33.0482 -71.6113
616 -33.049 -71.6112
552 -33.0489 -71.6112
630 -33.0482 -71.6113
926 -33.0482 -71.6115
114 -33.0482 -71.6114
584 -33.0482 -71.6114
781 -33.0488 -71.6112
965 -33.0488 -71.6112
104 -33.0486 -71.6112
490 -33.0485 -71.6111
37 -33.0483 -71.6111
135 -33.0483 -71.6111
594 -33.0483 -71.6111
121 -33.0481 -71.6098
650 -33.0481 -71.6098
275 -33.048 -71.6111
449 -33.0479 -71.6111
33 -33.0469 -71.6109
865 -33.0466 -71.6098
985 -33.0458 -71.6098
695 -33.0459 -71.6098
4 -33.0465 -71.6098
288 -33.0466 -71.6098
814 -33.0469 -71.6098
702 -33.0469 -71.6098
3 -33.0469 -71.6098
486 -33.0468 -71.6098
798 -33.0466 -71.6098
249 -33.0467 -71.6098
28 -33.0479 -71.6098
324 -33.051 -71.6092
211 -33.0511 -71.6091
600 -33.051 -71.6086
952 -33.051 -71.6086
821 -33.0509 -71.6092
204 -33.0509 -71.6085
343 -33.0508 -71.6085
468 -33.0508 -71.6085
126 -33.0508 -71.6085
328 -33.0508 -71.6085
183 -33.051 -71.6085
836 -33.0508 -71.6085
863 -33.0508 -71.6085
136 -33.0507 -71.6085
714 -33.0507 -71.6085
951 -33.0506 -71.6085
406 -33.0503 -71.6092
243 -33.0502 -71.6092
845 -33.0502 -71.6092
16 -33.0502 -71.6091
215 -33.0495 -71.6098
8 -33.0496 -71.6094
172 -33.0502 -71.6092
707 -33.0499 -71.6091
757 -33.0505 -71.6086
785 -33.0505 -71.6085
734 -33.0505 -71.6085
653 -33.0505 -71.6087
395 -33.0497 -71.6091
990 -33.0505 -71.6087
771 -33.0502 -71.6085
607 -33.0502 -71.6085
690 -33.0511 -71.6074
471 -33.0507 -71.6073
369 -33.0506 -71.6073
460 -33.0505 -71.6073
56 -33.0505 -71.6073
624 -33.0502 -71.6072
365 -33.0502 -71.6072
957 -33.0506 -71.6066
382 -33.051 -71.6058
673 -33.051 -71.6058
770 -33.051 -71.6058
293 -33.0509 -71.6051
788 -33.0507 -71.6057
244 -33.0502 -71.6055
99 -33.0507 -71.605
498 -33.0501 -71.6084
235 -33.0501 -71.6084
68 -33.0501 -71.6084
417 -33.05 -71.6084
125 -33.0499 -71.6084
233 -33.0499 -71.6084
82 -33.0498 -71.6084
738 -33.0498 -71.6084
437 -33.0498 -71.6084
306 -33.0498 -71.6084
71 -33.0498 -71.6084
325 -33.05 -71.6072
564 -33.0496 -71.6053
185 -33.0495 -71.6084
1 -33.0495 -71.6042
358 -33.0495 -71.6053
623 -33.0492 -71.6091
544 -33.0493 -71.6083
562 -33.0491 -71.6083
91 -33.0491 -71.6083
47 -33.0478 -71.6098
625 -33.0491 -71.6083
534 -33.0491 -71.6083
658 -33.049 -71.6083
203 -33.0488 -71.6083
867 -33.0487 -71.6083
791 -33.0484 -71.6082
566 -33.0483 -71.6082
429 -33.0481 -71.6082
270 -33.048 -71.6082
161 -33.048 -71.6082
914 -33.0477 -71.6082
995 -33.0477 -71.6098
39 -33.0476 -71.6098
344 -33.0473 -71.6098
663 -33.0472 -71.6098
459 -33.047 -71.6098
824 -33.0471 -71.6098
928 -33.0471 -71.6098
617 -33.0477 -71.6082
717 -33.0474 -71.6082
59 -33.047 -71.6081
568 -33.047 -71.6081
188 -33.047 -71.6081
380 -33.0469 -71.6081
618 -33.0467 -71.6081
346 -33.0465 -71.6081
287 -33.0495 -71.6071
103 -33.0495 -71.6071
993 -33.0494 -71.6071
975 -33.0491 -71.607
232 -33.049 -71.607
339 -33.0489 -71.6069
149 -33.0488 -71.6065
65 -33.0494 -71.6053
122 -33.0494 -71.6053
388 -33.0492 -71.6052
30 -33.0492 -71.6035
826 -33.0492 -71.6034
628 -33.0491 -71.6051
913 -33.049 -71.605
492 -33.0488 -71.6046
839 -33.0488 -71.6069
536 -33.0482 -71.608
21 -33.0485 -71.6066
194 -33.0486 -71.6066
906 -33.0481 -71.6078
559 -33.046 -71.6081
162 -33.0458 -71.608
508 -33.048 -71.6078
989 -33.0487 -71.6065
308 -33.0487 -71.6065
895 -33.0488 -71.6065
896 -33.0487 -71.6045
800 -33.0486 -71.6044
533 -33.0456 -71.6049
514 -33.0484 -71.604
