253 -33.053 -71.6246
930 -33.053 -71.6246
266 -33.053 -71.6246
678 -33.0525 -71.6245
327 -33.0524 -71.6244
315 -33.0523 -71.6244
38 -33.0522 -71.6244
226 -33.0521 -71.6243
880 -33.0535 -71.624
177 -33.0532 -71.6238
487 -33.0529 -71.6237
260 -33.0527 -71.6237
796 -33.052 -71.6243
500 -33.0524 -71.6235
703 -33.0522 -71.6235
5 -33.052 -71.6243
961 -33.0518 -71.6251
940 -33.0518 -71.625
176 -33.0519 -71.6248
479 -33.0517 -71.6252
217 -33.0516 -71.6252
109 -33.0514 -71.6252
883 -33.0513 -71.6251
66 -33.0519 -71.6247
115 -33.052 -71.6244
497 -33.052 -71.6244
647 -33.052 -71.6243
142 -33.052 -71.6245
85 -33.0519 -71.6245
550 -33.0517 -71.6243
697 -33.0511 -71.6243
890 -33.0521 -71.6234
179 -33.0528 -71.6223
377 -33.0533 -71.6223
210 -33.0533 -71.6223
373 -33.0522 -71.62
341 -33.0515 -71.6201
587 -33.0521 -71.62
216 -33.0521 -71.62
355 -33.0517 -71.6199
69 -33.052 -71.6197
869 -33.0529 -71.6187
646 -33.0526 -71.6187
542 -33.0518 -71.6195
919 -33.0518 -71.6199
456 -33.0517 -71.6199
301 -33.0518 -71.6195
313 -33.0515 -71.6232
547 -33.0514 -71.6207
713 -33.0514 -71.6204
775 -33.0514 -71.6204
53 -33.0514 -71.6232
716 -33.0512 -71.6231
694 -33.0511 -71.623
973 -33.0514 -71.6203
838 -33.0514 -71.6202
761 -33.0514 -71.6202
134 -33.0515 -71.6191
816 -33.0514 -71.619
881 -33.0514 -71.619
376 -33.0513 -71.619
370 -33.0511 -71.6186
799 -33.051 -71.6229
101 -33.0508 -71.6256
829 -33.0508 -71.6251
633 -33.0507 -71.6249
786 -33.0507 -71.6251
598 -33.0506 -71.6257
987 -33.05 -71.6252
34 -33.0505 -71.6245
935 -33.0505 -71.6244
901 -33.0508 -71.6227
283 -33.0507 -71.6226
440 -33.0506 -71.6225
732 -33.0505 -71.624
589 -33.0501 -71.6242
493 -33.0501 -71.6242
979 -33.0503 -71.6242
92 -33.05 -71.6252
409 -33.0495 -71.6253
447 -33.0497 -71.6243
25 -33.0497 -71.6243
710 -33.0495 -71.6243
849 -33.0486 -71.6253
629 -33.0488 -71.6253
999 -33.0489 -71.6224
859 -33.049 -71.6223
412 -33.0493 -71.6222
597 -33.0493 -71.622
852 -33.0492 -71.6218
163 -33.0492 -71.6218
206 -33.0488 -71.6223
144 -33.0492 -71.6219
111 -33.0491 -71.6219
213 -33.0487 -71.6218
116 -33.0508 -71.6212
399 -33.0508 -71.6212
432 -33.0503 -71.621
302 -33.0503 -71.621
637 -33.0502 -71.6206
680 -33.05 -71.6203
323 -33.0494 -71.6202
956 -33.0498 -71.6202
401 -33.0496 -71.62
425 -33.0496 -71.6198
760 -33.0496 -71.6186
74 -33.0495 -71.6196
166 -33.0495 -71.6201
891 -33.0495 -71.6195
76 -33.0494 -71.6194
804 -33.0494 -71.6192
262 -33.0494 -71.6207
340 -33.0494 -71.6206
831 -33.0494 -71.6206
17 -33.0493 -71.6214
250 -33.0493 -71.6214
632 -33.0493 -71.6213
77 -33.0493 -71.6209
448 -33.0494 -71.6206
86 -33.0494 -71.6192
844 -33.0494 -71.6191
434 -33.0494 -71.6191
198 -33.0494 -71.6193
687 -33.0493 -71.6205
234 -33.0493 -71.6203
656 -33.0494 -71.6186
57 -33.0524 -71.6186
668 -33.0524 -71.6186
413 -33.052 -71.6185
765 -33.0518 -71.6184
189 -33.0517 -71.6184
963 -33.0517 -71.6184
367 -33.0517 -71.6184
582 -33.0516 -71.6184
560 -33.0533 -71.6184
774 -33.0532 -71.6183
475 -33.0534 -71.6174
297 -33.0528 -71.6159
931 -33.0519 -71.6158
936 -33.0519 -71.6157
464 -33.0518 -71.6156
18 -33.0515 -71.6164
537 -33.0512 -71.6184
978 -33.0515 -71.6184
407 -33.0513 -71.6184
255 -33.0509 -71.6186
361 -33.05 -71.6186
42 -33.05 -71.6185
549 -33.0508 -71.6185
408 -33.051 -71.6182
389 -33.0512 -71.6163
356 -33.0514 -71.6157
286 -33.0514 -71.6156
743 -33.0512 -71.6163
476 -33.0502 -71.6158
251 -33.0501 -71.6157
450 -33.0505 -71.6157
640 -33.0518 -71.6156
118 -33.0533 -71.6155
872 -33.0533 -71.6155
945 -33.0532 -71.6155
976 -33.0532 -71.6155
842 -33.0523 -71.6156
482 -33.0531 -71.6155
991 -33.0531 -71.6155
561 -33.0524 -71.615
483 -33.0522 -71.6149
948 -33.0534 -71.6142
994 -33.0524 -71.6135
531 -33.0521 -71.6149
501 -33.052 -71.6148
124 -33.052 -71.6147
737 -33.0519 -71.6135
242 -33.0518 -71.6137
950 -33.0518 -71.6156
608 -33.0518 -71.6156
20 -33.0517 -71.6156
60 -33.0515 -71.6156
822 -33.0505 -71.6156
818 -33.0515 -71.6156
879 -33.0515 -71.6156
943 -33.0515 -71.6155
792 -33.0516 -71.6146
299 -33.0516 -71.6145
910 -33.0517 -71.6139
507 -33.0515 -71.6141
268 -33.0509 -71.615
578 -33.0515 -71.6142
726 -33.0499 -71.6157
698 -33.0493 -71.6177
754 -33.0493 -71.6177
455 -33.0492 -71.6176
428 -33.0492 -71.6182
539 -33.0491 -71.6182
379 -33.0489 -71.618
543 -33.0489 -71.6169
699 -33.049 -71.6168
426 -33.0493 -71.6165
150 -33.0491 -71.6165
271 -33.0494 -71.6164
953 -33.0491 -71.6165
443 -33.049 -71.6167
570 -33.049 -71.6166
641 -33.0491 -71.6165
396 -33.0489 -71.6169
524 -33.0488 -71.6178
803 -33.0487 -71.6176
809 -33.0489 -71.6176
730 -33.0487 -71.6176
254 -33.0485 -71.6182
292 -33.0485 -71.6182
750 -33.0486 -71.6181
246 -33.0488 -71.6175
95 -33.0489 -71.6172
684 -33.0489 -71.6171
352 -33.0489 -71.617
819 -33.0488 -71.6164
841 -33.0488 -71.6174
488 -33.0488 -71.6164
290 -33.0487 -71.6164
693 -33.0497 -71.6159
520 -33.0497 -71.6159
107 -33.0497 -71.6159
269 -33.0496 -71.616
580 -33.0494 -71.6164
146 -33.0495 -71.6163
442 -33.0495 -71.6163
602 -33.0497 -71.6158
123 -33.0498 -71.6157
279 -33.0498 -71.6157
955 -33.0498 -71.6157
295 -33.0496 -71.6137
887 -33.0493 -71.615
415 -33.0494 -71.6145
257 -33.0495 -71.6141
554 -33.0493 -71.6151
959 -33.0492 -71.6159
41 -33.0492 -71.6158
433 -33.0492 -71.6158
893 -33.0492 -71.6159
609 -33.0491 -71.6163
689 -33.0491 -71.6162
391 -33.0492 -71.6159
6 -33.0492 -71.6157
921 -33.0492 -71.6155
141 -33.0493 -71.6154
682 -33.0493 -71.6153
871 -33.0492 -71.6155
184 -33.0492 -71.6155
731 -33.0486 -71.6136
267 -33.0485 -71.6138
263 -33.0474 -71.6227
130 -33.0474 -71.6226
897 -33.0474 -71.6226
900 -33.0474 -71.6224
318 -33.0473 -71.6228
453 -33.0473 -71.6228
529 -33.0474 -71.6225
36 -33.0474 -71.6224
394 -33.0474 -71.6224
868 -33.0474 -71.6223
660 -33.0474 -71.6223
692 -33.0474 -71.6223
631 -33.0474 -71.6222
854 -33.0474 -71.6221
834 -33.0474 -71.622
983 -33.0472 -71.6228
139 -33.0466 -71.6255
820 -33.0465 -71.6255
205 -33.0465 -71.6254
938 -33.0465 -71.6254
802 -33.0465 -71.6253
277 -33.0465 -71.6253
322 -33.0465 -71.6253
696 -33.0465 -71.6252
735 -33.0468 -71.6249
605 -33.0466 -71.6229
889 -33.047 -71.6228
360 -33.0465 -71.6247
516 -33.0465 -71.625
222 -33.0464 -71.6249
383 -33.0464 -71.6229
586 -33.0473 -71.622
191 -33.0473 -71.6219
374 -33.0482 -71.621
780 -33.0484 -71.6209
195 -33.0473 -71.621
612 -33.0472 -71.6216
884 -33.0472 -71.6216
462 -33.0472 -71.6214
0 -33.0474 -71.6208
337 -33.0483 -71.6205
701 -33.0482 -71.6204
457 -33.048 -71.6202
783 -33.0479 -71.6201
614 -33.0476 -71.6202
727 -33.0476 -71.6202
828 -33.0476 -71.6202
830 -33.0472 -71.6202
688 -33.0472 -71.6214
572 -33.0465 -71.6205
31 -33.0466 -71.6204
13 -33.0465 -71.6205
519 -33.0464 -71.621
904 -33.0465 -71.6207
515 -33.0465 -71.6204
851 -33.0465 -71.6203
496 -33.0471 -71.6202
106 -33.0466 -71.6202
648 -33.0467 -71.6201
574 -33.0466 -71.6202
273 -33.0463 -71.6203
850 -33.0466 -71.6202
174 -33.0463 -71.6203
718 -33.0463 -71.6248
80 -33.0461 -71.6246
485 -33.0461 -71.6245
764 -33.0459 -71.6243
509 -33.0459 -71.6243
583 -33.0459 -71.6243
911 -33.0459 -71.6243
939 -33.0457 -71.6241
484 -33.0458 -71.624
511 -33.0459 -71.6234
708 -33.046 -71.6232
530 -33.0458 -71.6235
9 -33.0457 -71.6241
722 -33.0458 -71.6237
152 -33.0458 -71.6236
55 -33.0457 -71.6239
88 -33.0441 -71.6241
643 -33.0444 -71.624
755 -33.0457 -71.6239
982 -33.0437 -71.6244
220 -33.0435 -71.6246
784 -33.0435 -71.6246
988 -33.0436 -71.6244
827 -33.0446 -71.6238
793 -33.0452 -71.6231
972 -33.0452 -71.623
635 -33.0452 -71.623
724 -33.0449 -71.6235
427 -33.0446 -71.6238
644 -33.0448 -71.6237
157 -33.0455 -71.6225
862 -33.0461 -71.6217
941 -33.0461 -71.6216
435 -33.0461 -71.6216
573 -33.046 -71.6218
639 -33.0457 -71.6222
113 -33.0458 -71.6221
170 -33.0459 -71.622
855 -33.0462 -71.6213
314 -33.0462 -71.6213
218 -33.0461 -71.6202
541 -33.0459 -71.6202
778 -33.0459 -71.6202
436 -33.0459 -71.6201
712 -33.0459 -71.6201
84 -33.0458 -71.6201
165 -33.0457 -71.6201
48 -33.0455 -71.6224
933 -33.0456 -71.6224
348 -33.0456 -71.6223
794 -33.0455 -71.6225
553 -33.0455 -71.6225
610 -33.0449 -71.6225
968 -33.0448 -71.6225
81 -33.0456 -71.6223
10 -33.0457 -71.6205
333 -33.0453 -71.6204
50 -33.0456 -71.6201
155 -33.045 -71.6203
763 -33.045 -71.6205
604 -33.045 -71.6203
481 -33.0479 -71.6201
329 -33.0482 -71.619
495 -33.0482 -71.619
787 -33.0483 -71.6188
565 -33.048 -71.6193
665 -33.0479 -71.6195
431 -33.0479 -71.6195
518 -33.048 -71.6193
258 -33.0483 -71.6187
767 -33.0485 -71.6184
992 -33.0485 -71.6184
164 -33.0485 -71.6183
812 -33.0484 -71.6185
721 -33.0483 -71.6187
864 -33.0484 -71.6187
180 -33.0484 -71.6186
207 -33.0479 -71.6195
430 -33.0478 -71.62
363 -33.0479 -71.62
27 -33.0478 -71.6197
654 -33.0478 -71.6197
240 -33.0477 -71.6199
64 -33.0477 -71.6198
93 -33.0478 -71.6197
278 -33.0478 -71.6197
548 -33.0478 -71.6196
709 -33.0479 -71.6196
522 -33.0479 -71.6195
920 -33.0473 -71.618
444 -33.0471 -71.6186
685 -33.0472 -71.6183
947 -33.0473 -71.6181
320 -33.0473 -71.618
466 -33.048 -71.6174
336 -33.0478 -71.6167
974 -33.0478 -71.6166
817 -33.0477 -71.617
465 -33.0476 -71.6174
932 -33.0476 -71.6173
439 -33.0476 -71.6173
546 -33.0478 -71.6162
649 -33.0485 -71.6139
998 -33.0485 -71.6138
160 -33.0485 -71.6138
67 -33.0484 -71.6142
801 -33.048 -71.6157
777 -33.048 -71.6157
445 -33.0482 -71.615
117 -33.0475 -71.6162
860 -33.0474 -71.6178
651 -33.0474 -71.6177
805 -33.0475 -71.6175
342 -33.0474 -71.6179
779 -33.0473 -71.618
58 -33.0472 -71.6172
892 -33.0472 -71.6162
908 -33.0471 -71.6161
594 -33.0472 -71.6143
334 -33.0473 -71.614
965 -33.0474 -71.6137
661 -33.0471 -71.6144
114 -33.0471 -71.6145
372 -33.0471 -71.6145
926 -33.0471 -71.6146
807 -33.0469 -71.6194
178 -33.047 -71.6191
153 -33.047 -71.619
504 -33.0469 -71.6195
418 -33.0468 -71.6195
971 -33.0468 -71.6195
231 -33.0469 -71.6195
345 -33.0471 -71.6189
847 -33.0471 -71.6188
638 -33.0471 -71.6171
894 -33.0471 -71.6171
683 -33.0471 -71.6189
719 -33.0469 -71.6171
596 -33.0468 -71.6171
795 -33.0468 -71.6171
728 -33.0467 -71.6198
538 -33.0467 -71.62
239 -33.0456 -71.62
44 -33.0466 -71.6194
949 -33.0454 -71.62
853 -33.0453 -71.62
416 -33.0453 -71.62
140 -33.0453 -71.6199
304 -33.0465 -71.6194
756 -33.0462 -71.617
899 -33.0462 -71.617
393 -33.0462 -71.617
364 -33.0458 -71.6192
652 -33.0458 -71.6192
960 -33.0456 -71.6191
248 -33.0455 -71.617
545 -33.047 -71.6161
451 -33.0471 -71.6148
729 -33.047 -71.6148
946 -33.0469 -71.6161
317 -33.0469 -71.6161
666 -33.0465 -71.616
96 -33.0462 -71.616
655 -33.047 -71.6148
835 -33.0468 -71.6147
599 -33.0471 -71.6147
131 -33.0471 -71.6147
942 -33.0466 -71.6147
201 -33.0466 -71.6147
392 -33.0465 -71.6147
338 -33.0465 -71.6147
766 -33.0461 -71.6147
128 -33.0459 -71.6169
148 -33.0458 -71.616
385 -33.0457 -71.616
119 -33.0456 -71.6169
823 -33.0455 -71.6169
758 -33.0455 -71.6169
590 -33.0455 -71.6169
133 -33.0455 -71.616
526 -33.046 -71.6146
588 -33.0456 -71.6146
312 -33.0453 -71.6145
241 -33.0453 -71.6145
75 -33.045 -71.6159
634 -33.045 -71.6159
2 -33.0519 -71.6135
276 -33.0519 -71.6133
120 -33.0519 -71.6132
390 -33.0519 -71.6132
811 -33.0518 -71.6132
675 -33.0518 -71.6132
556 -33.0518 -71.6132
782 -33.0518 -71.6131
19 -33.0522 -71.612
810 -33.0524 -71.6117
772 -33.0524 -71.6117
132 -33.0525 -71.6117
790 -33.052 -71.612
326 -33.0519 -71.612
414 -33.0517 -71.612
420 -33.0517 -71.612
576 -33.0516 -71.612
505 -33.0514 -71.6131
192 -33.0513 -71.6131
686 -33.0511 -71.6131
298 -33.0511 -71.6128
238 -33.0511 -71.6131
26 -33.0508 -71.6131
127 -33.0507 -71.6131
874 -33.0511 -71.6128
521 -33.0515 -71.612
43 -33.0516 -71.612
747 -33.0515 -71.612
72 -33.0515 -71.6119
866 -33.0511 -71.6127
463 -33.0513 -71.6119
917 -33.0512 -71.6119
592 -33.0526 -71.6117
873 -33.0531 -71.6115
970 -33.0534 -71.6114
98 -33.0535 -71.6114
83 -33.053 -71.6116
922 -33.0528 -71.6116
523 -33.0515 -71.6115
354 -33.0529 -71.6107
579 -33.0526 -71.6102
368 -33.0524 -71.61
467 -33.0523 -71.6097
619 -33.0521 -71.6095
259 -33.052 -71.6094
469 -33.0515 -71.6096
591 -33.0516 -71.6095
237 -33.052 -71.6093
636 -33.0515 -71.6096
569 -33.0512 -71.6114
305 -33.0509 -71.6114
46 -33.0507 -71.6102
857 -33.0507 -71.6102
962 -33.0507 -71.6113
422 -33.0506 -71.6102
35 -33.0506 -71.6102
773 -33.0506 -71.6102
400 -33.0513 -71.6098
513 -33.0514 -71.6097
307 -33.0514 -71.6097
52 -33.0513 -71.6098
225 -33.051 -71.6101
402 -33.0513 -71.6098
472 -33.0506 -71.6102
51 -33.0504 -71.613
642 -33.0503 -71.613
958 -33.0502 -71.613
187 -33.0501 -71.613
669 -33.0497 -71.6127
856 -33.0498 -71.6126
704 -33.0498 -71.6124
671 -33.0498 -71.6123
626 -33.05 -71.6115
923 -33.05 -71.6114
32 -33.05 -71.6113
733 -33.0499 -71.6113
316 -33.0499 -71.6117
158 -33.0499 -71.6117
137 -33.0499 -71.6117
349 -33.0497 -71.6128
762 -33.0497 -71.6132
321 -33.0497 -71.6132
480 -33.0497 -71.6131
199 -33.0497 -71.6132
375 -33.0496 -71.6135
319 -33.0496 -71.6133
229 -33.0496 -71.6133
882 -33.0497 -71.6129
284 -33.0497 -71.6129
14 -33.0493 -71.6129
351 -33.0493 -71.6129
97 -33.0491 -71.6129
404 -33.0491 -71.6116
182 -33.0491 -71.6116
173 -33.0498 -71.6113
470 -33.0501 -71.6106
825 -33.0502 -71.6103
378 -33.0502 -71.6103
622 -33.0501 -71.6108
746 -33.05 -71.611
110 -33.05 -71.611
94 -33.0501 -71.6109
954 -33.0502 -71.6102
944 -33.0505 -71.6102
555 -33.0505 -71.6102
219 -33.0503 -71.6101
937 -33.0503 -71.6096
769 -33.0502 -71.6102
662 -33.0502 -71.6102
674 -33.05 -71.6101
840 -33.0498 -71.6113
846 -33.0496 -71.6112
571 -33.0495 -71.6112
214 -33.0495 -71.6112
167 -33.0494 -71.6112
145 -33.0494 -71.6112
29 -33.0493 -71.6112
981 -33.0493 -71.6112
398 -33.0492 -71.6112
15 -33.0492 -71.6112
261 -33.0496 -71.6095
843 -33.0496 -71.6094
603 -33.0491 -71.6099
741 -33.049 -71.6112
952 -33.049 -71.6099
984 -33.0496 -71.6092
528 -33.0531 -71.6084
300 -33.0528 -71.6083
748 -33.0527 -71.6082
474 -33.0526 -71.6082
925 -33.0521 -71.6086
291 -33.0525 -71.6082
677 -33.0525 -71.6082
808 -33.0524 -71.6081
281 -33.0522 -71.6081
175 -33.0523 -71.608
491 -33.0522 -71.6077
280 -33.0522 -71.6076
331 -33.0522 -71.6081
63 -33.0522 -71.6077
886 -33.0521 -71.6076
112 -33.0521 -71.6076
967 -33.0519 -71.6092
154 -33.0519 -71.6091
525 -33.052 -71.6089
384 -33.0516 -71.6089
563 -33.0515 -71.6089
209 -33.0514 -71.6087
366 -33.0514 -71.6087
627 -33.0513 -71.6087
196 -33.0515 -71.6083
419 -33.052 -71.608
876 -33.0519 -71.6076
672 -33.0514 -71.6083
751 -33.0513 -71.6087
977 -33.0513 -71.6084
927 -33.0513 -71.6079
159 -33.0522 -71.6075
606 -33.0522 -71.6073
679 -33.0522 -71.6073
768 -33.0524 -71.607
903 -33.0521 -71.6072
581 -33.052 -71.6069
311 -33.052 -71.6069
303 -33.052 -71.6069
332 -33.0519 -71.6066
499 -33.0519 -71.6065
441 -33.0529 -71.6047
147 -33.0519 -71.6047
79 -33.0518 -71.6065
40 -33.0518 -71.6064
506 -33.0518 -71.6064
461 -33.0518 -71.6063
558 -33.0517 -71.6068
527 -33.0517 -71.6062
929 -33.0517 -71.6061
411 -33.0517 -71.606
223 -33.0516 -71.606
129 -33.0516 -71.6068
335 -33.0513 -71.6067
657 -33.0513 -71.6067
212 -33.0514 -71.6059
473 -33.0516 -71.6059
858 -33.0514 -71.6056
870 -33.0517 -71.6047
90 -33.0514 -71.6053
705 -33.0514 -71.6059
551 -33.0513 -71.6054
934 -33.0512 -71.6075
274 -33.0509 -71.6092
452 -33.0512 -71.6086
61 -33.0508 -71.6085
12 -33.0507 -71.6085
190 -33.0506 -71.6092
535 -33.0505 -71.6086
613 -33.0505 -71.6085
454 -33.0512 -71.6084
362 -33.0512 -71.6084
512 -33.0512 -71.6074
11 -33.0511 -71.6074
510 -33.051 -71.6074
797 -33.051 -71.6074
296 -33.051 -71.6074
848 -33.0509 -71.6074
912 -33.0504 -71.6085
740 -33.0503 -71.6092
282 -33.0503 -71.6092
676 -33.0502 -71.6085
424 -33.0502 -71.6085
723 -33.05 -71.6091
503 -33.0494 -71.6091
888 -33.0501 -71.6084
7 -33.0498 -71.6084
833 -33.0497 -71.6084
438 -33.0503 -71.6073
138 -33.0499 -71.6072
478 -33.0497 -71.6084
49 -33.0493 -71.6083
715 -33.0492 -71.6083
753 -33.0495 -71.6071
700 -33.0512 -71.6067
645 -33.0512 -71.6059
168 -33.0512 -71.6058
285 -33.0511 -71.6067
477 -33.0509 -71.6067
221 -33.0511 -71.6057
918 -33.0507 -71.6057
878 -33.0506 -71.6057
980 -33.051 -71.6051
924 -33.051 -71.6051
489 -33.0509 -71.6051
540 -33.0507 -71.605
458 -33.0504 -71.6056
156 -33.0507 -71.605
73 -33.0505 -71.6049
557 -33.0504 -71.6049
664 -33.0503 -71.6056
593 -33.0502 -71.6056
78 -33.0501 -71.6055
421 -33.05 -71.6055
228 -33.0495 -71.6071
62 -33.0493 -71.607
350 -33.0492 -71.607
227 -33.05 -71.6055
532 -33.0499 -71.6055
381 -33.0499 -71.6055
706 -33.0499 -71.6046
169 -33.0493 -71.6036
502 -33.049 -71.605
620 -33.0493 -71.6036
468 -33.0489 -71.6099
197 -33.0489 -71.6129
405 -33.0488 -71.6129
105 -33.0488 -71.6129
907 -33.0488 -71.6129
745 -33.0486 -71.6133
252 -33.0486 -71.6132
577 -33.0487 -71.6132
916 -33.0486 -71.6129
387 -33.0484 -71.6129
23 -33.0484 -71.6129
446 -33.0483 -71.6129
272 -33.0482 -71.6128
403 -33.048 -71.6128
310 -33.048 -71.6128
423 -33.0481 -71.6128
143 -33.0478 -71.6129
759 -33.0475 -71.6134
616 -33.0475 -71.6134
567 -33.0475 -71.6134
781 -33.0474 -71.6134
552 -33.0473 -71.6134
208 -33.0473 -71.6134
615 -33.0471 -71.6133
202 -33.0471 -71.6133
386 -33.0478 -71.6129
806 -33.0478 -71.6127
691 -33.0478 -71.6127
247 -33.0478 -71.6127
309 -33.0476 -71.6133
410 -33.0477 -71.613
986 -33.0477 -71.613
359 -33.0474 -71.6127
236 -33.0489 -71.6112
832 -33.0489 -71.6112
909 -33.0489 -71.6112
789 -33.0485 -71.6111
371 -33.048 -71.6119
997 -33.0482 -71.6113
294 -33.0485 -71.6111
736 -33.0484 -71.6111
126 -33.0489 -71.6099
22 -33.0488 -71.6098
681 -33.0488 -71.6098
575 -33.0487 -71.6098
357 -33.0482 -71.6111
757 -33.0486 -71.6098
653 -33.0485 -71.6098
230 -33.048 -71.6111
171 -33.0473 -71.6127
245 -33.0478 -71.6127
776 -33.0478 -71.6125
151 -33.0472 -71.6127
102 -33.0471 -71.6127
108 -33.0471 -71.6127
711 -33.0471 -71.6127
611 -33.0473 -71.6124
813 -33.0479 -71.6121
347 -33.0478 -71.6111
670 -33.0477 -71.6111
742 -33.0477 -71.6111
905 -33.0473 -71.611
397 -33.047 -71.611
104 -33.047 -71.6133
837 -33.0469 -71.6133
630 -33.0466 -71.6132
725 -33.0466 -71.6132
584 -33.0466 -71.6132
877 -33.0464 -71.6132
330 -33.0463 -71.6132
517 -33.0461 -71.6131
200 -33.047 -71.6127
70 -33.0466 -71.6126
490 -33.0466 -71.6125
37 -33.0465 -71.6125
135 -33.0464 -71.6125
87 -33.0464 -71.6125
45 -33.0463 -71.6124
265 -33.0462 -71.6124
744 -33.0461 -71.6131
969 -33.046 -71.6131
898 -33.0458 -71.6131
739 -33.0458 -71.613
902 -33.0457 -71.613
915 -33.0456 -71.613
996 -33.0453 -71.6129
749 -33.0452 -71.6129
585 -33.046 -71.6124
100 -33.0454 -71.6122
621 -33.045 -71.6121
186 -33.0448 -71.612
659 -33.0448 -71.612
964 -33.0444 -71.612
24 -33.0443 -71.612
985 -33.0444 -71.6119
720 -33.0469 -71.6109
875 -33.0466 -71.6109
264 -33.0465 -71.6109
667 -33.0464 -71.6109
289 -33.0463 -71.6109
275 -33.0452 -71.6107
449 -33.0452 -71.6107
459 -33.0447 -71.6104
121 -33.0453 -71.6098
650 -33.0453 -71.6098
193 -33.0463 -71.6098
28 -33.045 -71.6098
39 -33.0448 -71.6098
995 -33.0449 -71.6098
47 -33.045 -71.6098
928 -33.0447 -71.6103
494 -33.0447 -71.611
814 -33.0447 -71.6107
3 -33.0447 -71.6106
702 -33.0447 -71.6107
798 -33.0447 -71.6109
486 -33.0447 -71.6108
249 -33.0447 -71.6106
33 -33.0446 -71.6106
824 -33.0447 -71.6104
663 -33.0447 -71.6102
344 -33.0447 -71.6101
288 -33.0446 -71.6105
865 -33.0446 -71.6104
4 -33.0446 -71.6103
990 -33.0484 -71.6098
183 -33.0487 -71.6091
211 -33.0484 -71.6091
601 -33.0489 -71.6083
885 -33.0483 -71.6098
861 -33.048 -71.6098
324 -33.0482 -71.6091
785 -33.0481 -71.6091
256 -33.0489 -71.6083
595 -33.0488 -71.6083
224 -33.0488 -71.6083
89 -33.0487 -71.6083
600 -33.0482 -71.6082
204 -33.048 -71.6082
343 -33.048 -71.6082
328 -33.048 -71.6082
821 -33.048 -71.6091
243 -33.0479 -71.6098
845 -33.0479 -71.6098
836 -33.0479 -71.6082
16 -33.0479 -71.6098
172 -33.0478 -71.6098
395 -33.0474 -71.6098
406 -33.0475 -71.609
136 -33.0479 -71.6082
714 -33.0478 -71.6082
734 -33.0478 -71.6082
951 -33.0478 -71.6082
771 -33.0474 -71.6082
607 -33.0474 -71.6082
235 -33.0473 -71.6082
68 -33.0472 -71.6082
863 -33.0481 -71.6078
752 -33.0489 -71.6049
181 -33.0489 -71.6048
966 -33.0489 -71.6048
690 -33.0487 -71.6065
460 -33.0481 -71.6067
369 -33.0481 -71.6066
471 -33.0482 -71.6066
815 -33.0487 -71.6045
673 -33.0486 -71.6043
382 -33.0486 -71.6043
293 -33.0487 -71.6036
770 -33.0486 -71.6043
788 -33.0485 -71.6041
99 -33.0485 -71.6037
244 -33.0482 -71.6034
56 -33.048 -71.6067
325 -33.0475 -71.6067
365 -33.0478 -71.6067
624 -33.0478 -71.6067
498 -33.0475 -71.6075
233 -33.0474 -71.6073
437 -33.0474 -71.6072
185 -33.0474 -71.607
957 -33.0478 -71.6067
358 -33.0473 -71.6042
564 -33.0474 -71.6042
122 -33.0474 -71.6038
91 -33.0473 -71.6065
287 -33.0473 -71.6064
65 -33.0473 -71.6042
1 -33.0472 -71.6043
8 -33.0471 -71.6098
417 -33.0471 -71.6082
125 -33.047 -71.6081
707 -33.047 -71.609
215 -33.0468 -71.6098
623 -33.0464 -71.609
82 -33.047 -71.6081
71 -33.047 -71.6081
306 -33.047 -71.6081
738 -33.047 -71.6081
544 -33.0464 -71.6081
562 -33.0463 -71.6081
625 -33.0462 -71.6081
308 -33.0459 -71.6071
895 -33.046 -71.6071
989 -33.0459 -71.6071
867 -33.0459 -71.6081
566 -33.0455 -71.608
270 -33.0452 -71.608
429 -33.0452 -71.608
695 -33.0443 -71.6098
353 -33.0442 -71.6098
54 -33.0442 -71.6094
914 -33.0449 -71.608
161 -33.0456 -71.6074
21 -33.0458 -71.6071
194 -33.0458 -71.6071
59 -33.0446 -71.6075
380 -33.0446 -71.6073
618 -33.0445 -71.6071
149 -33.046 -71.6071
993 -33.047 -71.6069
534 -33.047 -71.6069
658 -33.047 -71.6069
203 -33.0468 -71.6069
339 -33.0464 -71.607
232 -33.0465 -71.607
975 -33.0467 -71.6069
103 -33.047 -71.6069
536 -33.0471 -71.6053
628 -33.0469 -71.6044
388 -33.047 -71.6043
913 -33.0468 -71.6044
826 -33.0465 -71.6045
492 -33.0466 -71.6041
30 -33.0468 -71.6041
791 -33.0464 -71.607
839 -33.0463 -71.607
906 -33.0463 -71.6065
508 -33.0462 -71.6064
617 -33.0456 -71.6071
717 -33.0456 -71.6068
162 -33.0438 -71.6067
568 -33.0455 -71.6062
188 -33.0455 -71.6062
896 -33.0463 -71.6046
514 -33.046 -71.6044
800 -33.0463 -71.6042
346 -33.0454 -71.6057
533 -33.043 -71.6058
559 -33.0453 -71.6052
