315 -33.0519 -71.6246
930 -33.0525 -71.6245
253 -33.0525 -71.6245
38 -33.0519 -71.6246
142 -33.0518 -71.6251
115 -33.0518 -71.625
497 -33.0518 -71.625
266 -33.0525 -71.6245
880 -33.053 -71.6238
177 -33.0526 -71.6238
487 -33.0524 -71.6235
260 -33.0522 -71.6235
327 -33.052 -71.6244
678 -33.052 -71.6243
500 -33.0519 -71.6234
85 -33.0518 -71.6251
66 -33.0517 -71.6252
176 -33.0516 -71.6252
940 -33.0515 -71.6252
961 -33.0514 -71.6253
217 -33.0511 -71.6254
479 -33.0511 -71.6251
109 -33.0509 -71.6251
226 -33.0516 -71.6243
796 -33.0515 -71.6243
5 -33.0515 -71.6243
703 -33.0516 -71.6233
647 -33.0514 -71.6243
550 -33.0512 -71.6243
716 -33.0509 -71.6235
694 -33.051 -71.6233
890 -33.0515 -71.6233
210 -33.0528 -71.6223
377 -33.0529 -71.6223
179 -33.0523 -71.6223
216 -33.0516 -71.62
713 -33.0515 -71.6211
775 -33.0515 -71.621
919 -33.0514 -71.6202
542 -33.0522 -71.62
69 -33.0521 -71.62
301 -33.0521 -71.6199
816 -33.0518 -71.6195
881 -33.0518 -71.6194
587 -33.0516 -71.62
373 -33.0517 -71.6199
376 -33.0517 -71.6194
547 -33.0514 -71.6212
901 -33.0512 -71.6231
456 -33.0513 -71.6203
355 -33.0512 -71.6203
799 -33.0511 -71.6232
313 -33.0509 -71.6231
283 -33.0511 -71.623
440 -33.051 -71.623
341 -33.051 -71.6202
134 -33.0512 -71.6192
370 -33.0513 -71.6189
537 -33.0511 -71.6188
761 -33.0509 -71.6202
838 -33.0509 -71.6202
973 -33.0508 -71.6202
53 -33.0508 -71.6231
101 -33.0503 -71.6258
829 -33.0503 -71.6252
633 -33.0505 -71.6251
786 -33.0502 -71.6252
598 -33.0501 -71.6259
92 -33.0495 -71.6253
987 -33.0495 -71.6253
883 -33.0508 -71.6251
34 -33.0508 -71.6251
935 -33.0507 -71.6249
697 -33.0506 -71.6242
732 -33.0505 -71.6244
493 -33.0496 -71.6243
589 -33.0495 -71.6243
979 -33.0498 -71.6243
852 -33.0493 -71.6223
710 -33.0489 -71.6243
447 -33.0491 -71.6243
25 -33.0492 -71.6243
409 -33.0489 -71.6253
999 -33.0487 -71.623
859 -33.0488 -71.6228
206 -33.0488 -71.6227
412 -33.0489 -71.6224
144 -33.0492 -71.6223
250 -33.0492 -71.622
632 -33.0491 -71.6219
597 -33.0491 -71.6223
213 -33.0488 -71.6223
111 -33.0487 -71.6219
17 -33.0491 -71.6219
163 -33.0488 -71.6218
399 -33.0505 -71.6216
432 -33.0506 -71.6213
302 -33.0506 -71.6213
116 -33.0505 -71.6216
637 -33.0505 -71.621
956 -33.0502 -71.6206
680 -33.0504 -71.6203
425 -33.05 -71.6203
74 -33.0498 -71.6201
76 -33.0497 -71.62
198 -33.0496 -71.6199
804 -33.0496 -71.6198
891 -33.0496 -71.62
86 -33.0496 -71.6198
434 -33.0496 -71.6197
844 -33.0495 -71.6197
262 -33.0493 -71.6213
448 -33.0493 -71.6211
234 -33.0494 -71.6208
831 -33.0493 -71.6211
77 -33.0493 -71.6215
340 -33.0493 -71.6211
687 -33.0493 -71.621
323 -33.0494 -71.6207
656 -33.0494 -71.6192
760 -33.0494 -71.619
428 -33.0494 -71.6188
166 -33.0494 -71.6206
457 -33.0484 -71.6207
401 -33.0493 -71.6205
292 -33.0483 -71.6187
869 -33.0524 -71.6186
560 -33.0528 -71.6182
774 -33.0527 -71.6182
646 -33.0521 -71.6185
57 -33.0519 -71.6184
668 -33.0519 -71.6184
413 -33.0514 -71.6184
475 -33.0529 -71.6173
356 -33.0515 -71.6164
931 -33.052 -71.6163
936 -33.052 -71.6163
286 -33.0515 -71.6163
818 -33.0515 -71.6161
943 -33.0515 -71.6161
20 -33.0514 -71.6159
765 -33.0513 -71.6184
367 -33.0512 -71.6184
963 -33.0512 -71.6184
189 -33.0512 -71.6183
255 -33.0504 -71.6184
361 -33.0497 -71.6187
42 -33.0497 -71.6186
549 -33.0503 -71.6183
582 -33.0511 -71.6182
978 -33.051 -71.6182
407 -33.0509 -71.6181
18 -33.0513 -71.6163
389 -33.0507 -71.6164
408 -33.0505 -71.618
426 -33.0498 -71.6167
743 -33.0506 -71.6164
991 -33.0528 -71.6159
945 -33.0529 -71.6158
118 -33.0529 -71.6157
872 -33.0528 -71.6153
976 -33.0527 -71.6153
297 -33.0523 -71.6156
842 -33.0518 -71.6156
482 -33.0526 -71.6152
483 -33.0518 -71.6148
561 -33.052 -71.6147
792 -33.052 -71.6147
299 -33.052 -71.6147
531 -33.0517 -71.6147
578 -33.0517 -71.6147
501 -33.0517 -71.6146
507 -33.0516 -71.6146
124 -33.0516 -71.6146
640 -33.0514 -71.6158
464 -33.0513 -71.6156
950 -33.0512 -71.6156
608 -33.0512 -71.6156
476 -33.0497 -71.6159
822 -33.0501 -71.6157
450 -33.05 -71.6157
60 -33.051 -71.6156
910 -33.0515 -71.6144
737 -33.0516 -71.6141
2 -33.0516 -71.614
242 -33.0515 -71.6142
879 -33.051 -71.6156
268 -33.0505 -71.6155
251 -33.0497 -71.6159
539 -33.0494 -71.6187
379 -33.0493 -71.6185
524 -33.0492 -71.6183
841 -33.0489 -71.6179
698 -33.0488 -71.6176
570 -33.0489 -71.6172
641 -33.0489 -71.6171
150 -33.0489 -71.6171
689 -33.0493 -71.6165
269 -33.0494 -71.6165
893 -33.0491 -71.6165
146 -33.0491 -71.6165
609 -33.0489 -71.6169
391 -33.049 -71.6165
959 -33.0491 -71.6165
443 -33.0488 -71.6173
809 -33.0486 -71.6179
95 -33.0487 -71.6177
684 -33.0487 -71.6176
246 -33.0486 -71.6181
750 -33.0484 -71.6187
803 -33.0485 -71.6182
730 -33.0485 -71.6182
455 -33.0487 -71.6176
754 -33.0488 -71.6176
543 -33.0488 -71.6175
699 -33.0488 -71.6174
396 -33.0487 -71.6175
352 -33.0487 -71.6176
488 -33.0485 -71.6168
953 -33.0486 -71.6165
279 -33.0495 -71.6163
123 -33.0495 -71.6162
726 -33.0495 -71.6162
602 -33.0494 -71.6163
693 -33.0494 -71.6165
520 -33.0494 -71.6165
107 -33.0494 -71.6164
955 -33.0496 -71.6161
257 -33.0494 -71.6147
295 -33.0494 -71.6143
375 -33.0495 -71.6141
415 -33.0493 -71.6152
682 -33.0492 -71.6159
554 -33.0492 -71.6157
887 -33.0492 -71.6156
141 -33.0491 -71.616
41 -33.0491 -71.6164
6 -33.0491 -71.6163
184 -33.0491 -71.6161
433 -33.0491 -71.6165
442 -33.049 -71.6165
580 -33.049 -71.6165
271 -33.0489 -71.6165
871 -33.0491 -71.6161
921 -33.0491 -71.6161
267 -33.0484 -71.6144
731 -33.0484 -71.6142
160 -33.0484 -71.6144
649 -33.0483 -71.6145
998 -33.0484 -71.6144
701 -33.0483 -71.6209
849 -33.0481 -71.6253
629 -33.0483 -71.6253
868 -33.0473 -71.6229
36 -33.0473 -71.623
735 -33.0472 -71.6252
360 -33.047 -71.625
263 -33.0469 -71.6228
897 -33.047 -71.6228
660 -33.0472 -71.6228
631 -33.0473 -71.6228
854 -33.0474 -71.6227
692 -33.0472 -71.6228
529 -33.0471 -71.6228
394 -33.0472 -71.6228
900 -33.0471 -71.6228
130 -33.0469 -71.6228
696 -33.0465 -71.6257
516 -33.0466 -71.6256
222 -33.0466 -71.6255
322 -33.0464 -71.6256
277 -33.0464 -71.6257
802 -33.0464 -71.6257
938 -33.0463 -71.6256
718 -33.0465 -71.6253
983 -33.0467 -71.6229
318 -33.0468 -71.6228
453 -33.0468 -71.6228
80 -33.0465 -71.625
485 -33.0465 -71.625
484 -33.0464 -71.6241
889 -33.0464 -71.6229
834 -33.0474 -71.6227
374 -33.0482 -71.6214
783 -33.0483 -71.6205
481 -33.0483 -71.6205
337 -33.0482 -71.621
586 -33.0474 -71.6226
780 -33.048 -71.6213
828 -33.0474 -71.6207
240 -33.0475 -71.6205
363 -33.0482 -71.6204
430 -33.0482 -71.6204
654 -33.048 -71.6202
278 -33.0476 -71.6202
64 -33.0475 -71.6204
93 -33.0476 -71.6203
27 -33.0476 -71.6203
191 -33.0474 -71.6226
612 -33.0474 -71.6222
884 -33.0474 -71.6222
688 -33.0474 -71.622
462 -33.0474 -71.622
195 -33.0472 -71.6216
0 -33.0472 -71.6214
572 -33.0463 -71.6211
13 -33.0463 -71.6211
538 -33.0465 -71.6207
728 -33.0466 -71.6204
727 -33.0471 -71.6202
648 -33.0465 -71.6207
31 -33.0464 -71.621
574 -33.0465 -71.6208
205 -33.0463 -71.6256
820 -33.0463 -71.6256
764 -33.0463 -71.6248
583 -33.0463 -71.6248
509 -33.0463 -71.6248
139 -33.0463 -71.6256
911 -33.0463 -71.6247
939 -33.0461 -71.6245
9 -33.0461 -71.6245
755 -33.046 -71.6242
383 -33.0459 -71.6232
605 -33.0461 -71.623
55 -33.0459 -71.6243
722 -33.0458 -71.6241
152 -33.0458 -71.624
708 -33.0458 -71.6237
530 -33.0457 -71.6241
88 -33.0436 -71.6244
643 -33.0439 -71.6243
827 -33.0441 -71.6241
982 -33.0434 -71.6248
220 -33.0434 -71.6252
784 -33.0434 -71.6252
988 -33.0433 -71.625
427 -33.0442 -71.6241
511 -33.0456 -71.6239
972 -33.0449 -71.6235
635 -33.0449 -71.6235
793 -33.0449 -71.6236
644 -33.0443 -71.624
724 -33.0445 -71.6239
933 -33.0452 -71.6229
435 -33.0458 -71.6221
855 -33.046 -71.6219
314 -33.046 -71.6218
941 -33.0458 -71.6221
170 -33.0455 -71.6224
573 -33.0457 -71.6223
862 -33.0458 -71.6221
519 -33.0461 -71.6215
904 -33.0463 -71.6213
106 -33.0462 -71.6203
850 -33.0462 -71.6203
515 -33.046 -71.6202
84 -33.0456 -71.6207
778 -33.0456 -71.6205
712 -33.0456 -71.6205
113 -33.0454 -71.6226
348 -33.0453 -71.6228
81 -33.0453 -71.6227
639 -33.0453 -71.6227
48 -33.0452 -71.6227
794 -33.0451 -71.6227
553 -33.0451 -71.6226
157 -33.0451 -71.6226
968 -33.0444 -71.6222
604 -33.0449 -71.6209
333 -33.0449 -71.6206
10 -33.0452 -71.6203
155 -33.0449 -71.6209
610 -33.0444 -71.6222
763 -33.0447 -71.6208
614 -33.0471 -71.6202
548 -33.048 -71.6201
787 -33.048 -71.6194
258 -33.0481 -71.6192
709 -33.0479 -71.6201
522 -33.0479 -71.62
207 -33.0479 -71.62
495 -33.0479 -71.6196
721 -33.0481 -71.6192
992 -33.0482 -71.619
164 -33.0483 -71.6189
254 -33.0483 -71.6188
767 -33.0482 -71.619
864 -33.0481 -71.6192
180 -33.0481 -71.6191
812 -33.0482 -71.619
329 -33.0479 -71.6196
431 -33.0476 -71.62
518 -33.0477 -71.6199
565 -33.0478 -71.6198
665 -33.0476 -71.6201
231 -33.0467 -71.6201
830 -33.0467 -71.62
807 -33.0467 -71.62
178 -33.0468 -71.6197
444 -33.047 -71.6192
685 -33.047 -71.6189
947 -33.0471 -71.6187
847 -33.0469 -71.6194
345 -33.0469 -71.6195
683 -33.0469 -71.6195
153 -33.0468 -71.6194
920 -33.0471 -71.6186
817 -33.0475 -71.6176
336 -33.0476 -71.6172
974 -33.0476 -71.6172
439 -33.0474 -71.6178
805 -33.0473 -71.6181
465 -33.0473 -71.618
932 -33.0474 -71.6178
466 -33.0475 -71.6172
819 -33.0482 -71.6163
290 -33.0482 -71.6163
67 -33.0483 -71.6148
445 -33.0481 -71.6156
801 -33.0479 -71.6162
777 -33.0479 -71.6162
546 -33.0472 -71.6162
651 -33.0472 -71.6183
779 -33.0471 -71.6186
342 -33.0471 -71.6184
860 -33.0472 -71.6184
131 -33.047 -71.6153
320 -33.047 -71.6184
117 -33.047 -71.6161
892 -33.0467 -71.6161
594 -33.0471 -71.6149
661 -33.0469 -71.6147
334 -33.0471 -71.6146
965 -33.0472 -71.6142
372 -33.0468 -71.6147
114 -33.0468 -71.6147
926 -33.0467 -71.6147
496 -33.0467 -71.6201
971 -33.0467 -71.6201
418 -33.0467 -71.6201
504 -33.0464 -71.6193
44 -33.0461 -71.6192
851 -33.0459 -71.6202
273 -33.0458 -71.6201
174 -33.0458 -71.6201
304 -33.046 -71.6192
58 -33.0466 -71.6171
638 -33.0466 -71.617
894 -33.0466 -71.617
719 -33.0464 -71.617
596 -33.0463 -71.617
795 -33.0462 -71.617
756 -33.0457 -71.6169
899 -33.0457 -71.6169
218 -33.0456 -71.62
541 -33.0454 -71.62
436 -33.0454 -71.62
165 -33.0452 -71.6199
140 -33.0449 -71.6199
50 -33.0451 -71.6199
416 -33.0449 -71.6199
239 -33.045 -71.6199
364 -33.0453 -71.619
652 -33.0453 -71.619
248 -33.0454 -71.6176
960 -33.0451 -71.619
853 -33.0449 -71.6199
949 -33.0449 -71.6198
393 -33.0456 -71.6169
908 -33.0466 -71.6161
545 -33.0465 -71.616
451 -33.0466 -71.6147
946 -33.0464 -71.616
317 -33.0463 -71.616
666 -33.0459 -71.616
96 -33.0457 -71.616
599 -33.0466 -71.6147
729 -33.0465 -71.6147
655 -33.0464 -71.6147
835 -33.0463 -71.6147
942 -33.0461 -71.6147
201 -33.0461 -71.6147
392 -33.046 -71.6146
338 -33.0459 -71.6146
766 -33.0456 -71.6146
128 -33.0454 -71.6169
148 -33.0453 -71.616
385 -33.0452 -71.616
119 -33.045 -71.6168
758 -33.0449 -71.6169
590 -33.0449 -71.6169
823 -33.045 -71.6168
133 -33.045 -71.6159
526 -33.0455 -71.6145
588 -33.0451 -71.6145
312 -33.0448 -71.6145
241 -33.0448 -71.6145
75 -33.0445 -71.6159
634 -33.0444 -71.6159
745 -33.0485 -71.6139
948 -33.053 -71.6139
782 -33.0518 -71.6136
675 -33.0517 -71.6136
811 -33.0517 -71.6136
276 -33.0516 -71.6137
120 -33.0516 -71.6136
390 -33.0517 -71.6136
556 -33.0518 -71.6136
994 -33.052 -71.6132
505 -33.0519 -71.6132
772 -33.0519 -71.6118
810 -33.0519 -71.6118
192 -33.0519 -71.6132
19 -33.0517 -71.612
790 -33.0515 -71.612
326 -33.0514 -71.6119
298 -33.0514 -71.6131
874 -33.0514 -71.6131
866 -33.0513 -71.6131
686 -33.0506 -71.6131
238 -33.0505 -71.613
26 -33.0503 -71.613
127 -33.0502 -71.613
463 -33.0511 -71.6124
576 -33.0512 -71.6121
414 -33.0512 -71.6119
43 -33.0512 -71.6118
521 -33.0512 -71.6121
72 -33.0511 -71.6122
747 -33.0511 -71.6121
420 -33.0511 -71.6119
132 -33.052 -71.6118
873 -33.0526 -71.6117
970 -33.0529 -71.6116
98 -33.0529 -71.6116
83 -33.0525 -71.6117
592 -33.0521 -71.6118
922 -33.0522 -71.6117
917 -33.0515 -71.6114
523 -33.0511 -71.6114
354 -33.0525 -71.6102
579 -33.0523 -71.6097
368 -33.0521 -71.6095
467 -33.0519 -71.6092
591 -33.0512 -71.6099
525 -33.0517 -71.6094
925 -33.0519 -71.6092
469 -33.0511 -71.61
569 -33.0507 -71.6113
400 -33.0509 -71.6102
52 -33.0509 -71.6102
305 -33.0503 -71.6113
937 -33.0502 -71.6102
46 -33.0502 -71.6102
857 -33.0502 -71.6102
402 -33.0508 -71.6102
307 -33.051 -71.6101
513 -33.051 -71.6101
636 -33.051 -71.61
225 -33.0505 -71.6102
274 -33.0503 -71.6092
535 -33.0503 -71.6092
422 -33.0502 -71.6103
704 -33.0497 -71.613
51 -33.0498 -71.6129
642 -33.0498 -71.6129
958 -33.0497 -71.613
349 -33.0496 -71.6134
669 -33.0496 -71.6133
856 -33.0497 -71.6132
671 -33.0497 -71.6129
923 -33.0499 -71.612
32 -33.0499 -71.612
746 -33.0499 -71.6116
626 -33.0499 -71.6121
316 -33.0498 -71.6124
158 -33.0498 -71.6123
137 -33.0498 -71.6123
284 -33.0496 -71.6135
321 -33.0495 -71.6138
480 -33.0496 -71.6137
882 -33.0496 -71.6135
762 -33.0495 -71.6138
319 -33.0495 -71.6139
229 -33.0495 -71.6139
199 -33.0495 -71.6138
97 -33.0487 -71.613
187 -33.0495 -71.6129
182 -33.0489 -71.6122
398 -33.049 -71.6118
404 -33.0489 -71.6122
351 -33.0488 -71.6129
14 -33.0487 -71.6129
622 -33.05 -71.6114
962 -33.0501 -71.6113
378 -33.0501 -71.6109
954 -33.0501 -71.6108
825 -33.05 -71.611
94 -33.0498 -71.6113
110 -33.0497 -71.6113
470 -33.05 -71.6112
769 -33.0501 -71.6108
944 -33.0501 -71.6104
555 -33.0501 -71.6104
472 -33.0502 -71.6103
35 -33.0501 -71.6101
662 -33.0501 -71.6107
219 -33.0501 -71.6106
773 -33.0501 -71.6101
984 -33.0495 -71.6098
733 -33.0495 -71.6112
173 -33.0493 -71.6112
840 -33.0493 -71.6112
846 -33.0491 -71.6112
214 -33.049 -71.6112
571 -33.049 -71.6112
167 -33.0488 -71.6112
981 -33.0488 -71.6112
674 -33.0495 -71.6099
843 -33.0494 -71.6099
261 -33.0493 -71.6099
145 -33.0488 -71.6112
29 -33.0488 -71.6112
15 -33.0487 -71.6112
190 -33.0501 -71.6091
677 -33.0521 -71.6085
291 -33.0522 -71.6083
528 -33.0525 -71.6082
281 -33.0518 -71.6081
619 -33.0517 -71.609
259 -33.0516 -71.6089
331 -33.0517 -71.6082
474 -33.0521 -71.6081
300 -33.0523 -71.6081
748 -33.0522 -71.608
768 -33.0522 -71.6075
175 -33.0522 -71.6074
808 -33.052 -71.608
491 -33.0518 -71.6076
63 -33.0517 -71.6075
886 -33.0516 -71.6075
237 -33.0516 -71.6089
967 -33.0515 -71.6088
154 -33.0514 -71.6088
384 -33.0512 -71.6086
563 -33.0511 -71.6086
196 -33.051 -71.6086
672 -33.0509 -71.6085
366 -33.0509 -71.6085
419 -33.0515 -71.6083
112 -33.0515 -71.6075
876 -33.0514 -71.6075
751 -33.0513 -71.6081
209 -33.0509 -71.6085
627 -33.0508 -71.6085
927 -33.0512 -71.6075
280 -33.052 -71.607
159 -33.052 -71.6069
606 -33.052 -71.6068
679 -33.0519 -71.6067
903 -33.0519 -71.6066
311 -33.0518 -71.6064
303 -33.0518 -71.6064
581 -33.0518 -71.6063
332 -33.0517 -71.6061
499 -33.0516 -71.606
147 -33.0516 -71.6052
441 -33.0526 -71.6051
79 -33.0516 -71.606
40 -33.0516 -71.6058
461 -33.0515 -71.6057
870 -33.0515 -71.6052
527 -33.0515 -71.6057
558 -33.0512 -71.6067
506 -33.0515 -71.6059
929 -33.0512 -71.6059
411 -33.0512 -71.6059
129 -33.0511 -71.6067
335 -33.0508 -71.6066
221 -33.051 -71.6064
212 -33.0509 -71.6058
223 -33.0514 -71.6055
473 -33.0513 -71.6054
858 -33.0511 -71.6051
551 -33.0509 -71.6051
705 -33.0508 -71.6058
90 -33.0509 -71.6051
657 -33.0508 -71.6066
977 -33.0508 -71.6085
362 -33.0507 -71.6085
454 -33.0507 -71.6085
452 -33.0506 -71.6085
613 -33.0504 -71.6091
61 -33.0502 -71.6085
12 -33.0502 -71.6085
912 -33.0499 -71.6084
934 -33.0507 -71.6073
512 -33.0506 -71.6073
11 -33.0506 -71.6073
797 -33.0505 -71.6073
510 -33.0505 -71.6073
296 -33.0504 -71.6073
848 -33.0504 -71.6073
740 -33.0498 -71.6091
282 -33.0498 -71.6091
676 -33.0497 -71.6084
424 -33.0497 -71.6084
888 -33.0495 -71.6084
723 -33.0494 -71.6091
503 -33.0489 -71.6091
7 -33.0493 -71.6083
833 -33.0492 -71.6083
478 -33.0491 -71.6083
438 -33.0498 -71.6071
138 -33.0494 -71.6071
228 -33.0489 -71.607
49 -33.0488 -71.6083
715 -33.0487 -71.6083
753 -33.0489 -71.607
700 -33.0506 -71.6066
645 -33.0507 -71.6057
168 -33.0507 -71.6057
285 -33.0506 -71.6066
477 -33.0504 -71.6066
918 -33.0502 -71.6056
878 -33.0501 -71.6055
458 -33.0499 -71.6055
980 -33.0505 -71.6049
924 -33.0505 -71.6049
489 -33.0504 -71.6049
156 -33.0502 -71.6047
540 -33.0502 -71.6047
73 -33.05 -71.6046
557 -33.0499 -71.6046
664 -33.0498 -71.6054
593 -33.0497 -71.6054
78 -33.0496 -71.6054
421 -33.0495 -71.6053
227 -33.0495 -71.6053
62 -33.0488 -71.6069
350 -33.0488 -71.6069
381 -33.0494 -71.6053
532 -33.0494 -71.6053
706 -33.0495 -71.6042
620 -33.0488 -71.6036
169 -33.0489 -71.6036
502 -33.0487 -71.6044
752 -33.0486 -71.6043
181 -33.0486 -71.6043
966 -33.0486 -71.6043
252 -33.0485 -71.6139
577 -33.0485 -71.6138
446 -33.0477 -71.6129
272 -33.0477 -71.6129
806 -33.0476 -71.6133
310 -33.0476 -71.6132
776 -33.0477 -71.6131
197 -33.0483 -71.6129
405 -33.0483 -71.6129
105 -33.0483 -71.6129
907 -33.0482 -71.6128
916 -33.0481 -71.6128
23 -33.0478 -71.6129
387 -33.0479 -71.6128
813 -33.0478 -71.6127
423 -33.0476 -71.6127
143 -33.0475 -71.6134
386 -33.0475 -71.6134
986 -33.0474 -71.6134
309 -33.0474 -71.6139
410 -33.0474 -71.6134
567 -33.047 -71.6133
759 -33.047 -71.6133
616 -33.0469 -71.6133
781 -33.0469 -71.6133
403 -33.0475 -71.6127
245 -33.0473 -71.6127
552 -33.0468 -71.6133
208 -33.0467 -71.6133
615 -33.0466 -71.6132
202 -33.0466 -71.6132
247 -33.0473 -71.6127
741 -33.0485 -71.6111
236 -33.0484 -71.6111
832 -33.0483 -71.6111
909 -33.0483 -71.6111
371 -33.0478 -71.6125
997 -33.048 -71.6119
294 -33.0481 -71.6115
789 -33.0479 -71.6111
603 -33.0486 -71.6098
952 -33.0485 -71.6098
468 -33.0484 -71.6098
126 -33.0483 -71.6098
736 -33.0479 -71.6111
357 -33.0477 -71.6111
757 -33.0481 -71.6098
230 -33.0475 -71.611
691 -33.0472 -71.6127
359 -33.0469 -71.6126
171 -33.0468 -71.6126
151 -33.0467 -71.6126
102 -33.0466 -71.6125
108 -33.0465 -71.6125
711 -33.0465 -71.6125
611 -33.0473 -71.6118
347 -33.0473 -71.611
670 -33.0472 -71.611
742 -33.0472 -71.611
905 -33.0468 -71.6109
397 -33.0465 -71.6109
8 -33.0466 -71.6098
104 -33.0465 -71.6132
837 -33.0464 -71.6132
630 -33.0461 -71.6131
725 -33.046 -71.6131
584 -33.046 -71.6131
877 -33.0459 -71.6131
330 -33.0458 -71.613
517 -33.0456 -71.613
200 -33.0465 -71.6125
490 -33.0461 -71.6124
70 -33.0461 -71.6124
37 -33.046 -71.6124
135 -33.0459 -71.6123
87 -33.0459 -71.6123
45 -33.0458 -71.6123
265 -33.0457 -71.6123
744 -33.0455 -71.613
969 -33.0455 -71.613
898 -33.0453 -71.613
739 -33.0452 -71.6129
902 -33.0452 -71.6129
749 -33.0447 -71.6129
996 -33.0447 -71.6129
915 -33.0451 -71.6129
964 -33.0441 -71.6124
585 -33.0454 -71.6122
100 -33.0449 -71.612
621 -33.0445 -71.612
659 -33.0443 -71.612
985 -33.0442 -71.6124
186 -33.0443 -71.612
24 -33.0442 -71.6119
720 -33.0464 -71.6109
875 -33.0461 -71.6108
264 -33.046 -71.6108
667 -33.0459 -71.6108
289 -33.0457 -71.6108
275 -33.0449 -71.6107
449 -33.0449 -71.6107
39 -33.0447 -71.6104
193 -33.0458 -71.6098
121 -33.0448 -71.6098
215 -33.0463 -71.6098
995 -33.0447 -71.6103
47 -33.0447 -71.6102
28 -33.0447 -71.6101
650 -33.0447 -71.6098
344 -33.0447 -71.6107
824 -33.0446 -71.611
663 -33.0446 -71.6106
494 -33.0446 -71.6104
928 -33.0446 -71.6104
798 -33.0445 -71.6115
486 -33.0445 -71.6114
814 -33.0446 -71.6113
459 -33.0446 -71.6104
3 -33.0446 -71.6103
702 -33.0445 -71.6102
249 -33.0444 -71.6101
33 -33.0444 -71.6101
4 -33.0443 -71.6101
288 -33.0444 -71.6101
22 -33.0482 -71.6098
681 -33.0482 -71.6098
575 -33.0482 -71.6098
183 -33.0482 -71.6091
653 -33.0479 -71.6098
990 -33.0479 -71.6098
885 -33.0478 -71.6098
861 -33.0475 -71.6098
211 -33.0479 -71.6091
601 -33.0484 -71.6082
256 -33.0484 -71.6082
595 -33.0483 -71.6082
224 -33.0483 -71.6082
324 -33.0477 -71.609
785 -33.0475 -71.609
600 -33.0476 -71.6082
343 -33.0475 -71.6082
845 -33.0474 -71.6098
243 -33.0474 -71.6098
821 -33.0474 -71.609
16 -33.0474 -71.6098
395 -33.0468 -71.6098
172 -33.0473 -71.6098
406 -33.0469 -71.609
204 -33.0475 -71.6082
328 -33.0475 -71.6082
836 -33.0474 -71.6082
714 -33.0473 -71.6082
136 -33.0473 -71.6082
734 -33.0472 -71.6082
951 -33.0472 -71.6082
771 -33.0468 -71.6081
607 -33.0469 -71.6081
89 -33.0482 -71.608
471 -33.0477 -71.6067
690 -33.0481 -71.6066
863 -33.0477 -71.6075
56 -33.0475 -71.6068
460 -33.0475 -71.6067
369 -33.0476 -71.6067
815 -33.0484 -71.604
770 -33.0483 -71.6038
382 -33.0483 -71.6038
673 -33.0483 -71.6038
293 -33.0482 -71.6038
99 -33.048 -71.6039
788 -33.0481 -71.6039
244 -33.0479 -71.6032
498 -33.0474 -71.607
233 -33.0473 -71.6067
624 -33.0473 -71.6067
365 -33.0473 -71.6066
325 -33.0473 -71.6063
185 -33.047 -71.6069
437 -33.0472 -71.6068
957 -33.0473 -71.6068
91 -33.0472 -71.6058
287 -33.0472 -71.6057
1 -33.047 -71.6047
536 -33.047 -71.6046
564 -33.0469 -71.6043
358 -33.0468 -71.6044
122 -33.0469 -71.604
65 -33.0468 -71.6044
235 -33.0468 -71.6081
68 -33.0467 -71.6081
417 -33.0466 -71.6081
125 -33.0465 -71.6081
707 -33.0465 -71.609
623 -33.0459 -71.6089
306 -33.0465 -71.6081
71 -33.0464 -71.6081
82 -33.0464 -71.6081
738 -33.0464 -71.6081
658 -33.0465 -71.607
993 -33.0464 -71.607
544 -33.0459 -71.6081
339 -33.0459 -71.6071
975 -33.0461 -71.607
839 -33.0458 -71.6071
562 -33.0457 -71.608
625 -33.0457 -71.608
867 -33.0453 -71.608
865 -33.0445 -71.6098
695 -33.0442 -71.6092
353 -33.0442 -71.6091
54 -33.0441 -71.6088
566 -33.0449 -71.608
21 -33.0452 -71.6071
194 -33.0453 -71.6071
149 -33.0455 -71.6071
270 -33.0449 -71.6077
429 -33.0446 -71.608
914 -33.0446 -71.6077
103 -33.0465 -71.607
534 -33.0465 -71.607
203 -33.0463 -71.6069
232 -33.0463 -71.6066
791 -33.0462 -71.6064
895 -33.0456 -71.6069
906 -33.0462 -71.6058
508 -33.0462 -71.6057
896 -33.0458 -71.6048
913 -33.0463 -71.6046
628 -33.0464 -71.6046
388 -33.0465 -71.6045
30 -33.0462 -71.6043
826 -33.046 -71.6047
800 -33.0458 -71.6045
492 -33.0461 -71.6043
308 -33.0456 -71.6069
161 -33.0456 -71.6068
989 -33.0456 -71.6068
617 -33.0455 -71.6064
59 -33.0444 -71.6068
380 -33.0444 -71.6068
618 -33.0443 -71.6065
533 -33.0431 -71.6062
717 -33.0455 -71.6061
568 -33.0454 -71.6056
188 -33.0454 -71.6056
514 -33.0455 -71.6046
346 -33.0452 -71.6051
162 -33.0436 -71.6061
559 -33.0451 -71.6046
