403 -33.0622 -71.6158
466 -33.0624 -71.6157
290 -33.0628 -71.6156
179 -33.0621 -71.6158
166 -33.0621 -71.6158
495 -33.062 -71.6158
145 -33.0619 -71.6158
619 -33.0635 -71.6154
271 -33.0635 -71.6154
754 -33.0639 -71.6152
978 -33.0627 -71.6151
301 -33.0626 -71.615
838 -33.062 -71.6152
907 -33.0621 -71.6151
760 -33.0621 -71.6151
448 -33.0617 -71.6158
487 -33.0609 -71.6161
946 -33.061 -71.616
930 -33.0611 -71.616
727 -33.0609 -71.6161
327 -33.0605 -71.6162
393 -33.0607 -71.6162
506 -33.0608 -71.6161
908 -33.0612 -71.6159
171 -33.0615 -71.6158
423 -33.061 -71.6154
803 -33.061 -71.6154
456 -33.0609 -71.6154
614 -33.0607 -71.6157
154 -33.0607 -71.6155
446 -33.0608 -71.6155
475 -33.0626 -71.615
455 -33.0633 -71.6149
286 -33.0627 -71.6136
958 -33.0627 -71.6136
917 -33.0623 -71.6135
51 -33.0623 -71.6135
501 -33.0622 -71.6135
351 -33.0622 -71.6134
762 -33.061 -71.6134
531 -33.0639 -71.6133
238 -33.0639 -71.6133
118 -33.0639 -71.6133
52 -33.0629 -71.6132
14 -33.0623 -71.6133
582 -33.0623 -71.6133
579 -33.0621 -71.6131
274 -33.061 -71.6134
686 -33.0607 -71.614
424 -33.0607 -71.6139
483 -33.0607 -71.6139
123 -33.0606 -71.6141
767 -33.0605 -71.6142
61 -33.0606 -71.6141
467 -33.0606 -71.6141
198 -33.0606 -71.6137
994 -33.061 -71.6134
809 -33.061 -71.6134
189 -33.061 -71.6134
819 -33.061 -71.6134
127 -33.0608 -71.6136
150 -33.0605 -71.6129
128 -33.0604 -71.6163
585 -33.0602 -71.6164
597 -33.0603 -71.6163
611 -33.0604 -71.6156
600 -33.06 -71.6144
204 -33.0598 -71.6145
89 -33.06 -71.6144
228 -33.06 -71.6144
367 -33.06 -71.6144
945 -33.0603 -71.6143
49 -33.0603 -71.6142
7 -33.0604 -71.6142
711 -33.0603 -71.6143
117 -33.0601 -71.6144
546 -33.0601 -71.6144
279 -33.0602 -71.6143
726 -33.0597 -71.6145
100 -33.0596 -71.6163
773 -33.0596 -71.6148
262 -33.0596 -71.6148
962 -33.0596 -71.6148
904 -33.0594 -71.6167
739 -33.0593 -71.615
148 -33.0593 -71.615
431 -33.0596 -71.6148
698 -33.0597 -71.6147
549 -33.0597 -71.6146
107 -33.0594 -71.6142
421 -33.0593 -71.6143
783 -33.0592 -71.6143
756 -33.0592 -71.6143
430 -33.0593 -71.6142
734 -33.0595 -71.6141
580 -33.0601 -71.6134
751 -33.0601 -71.6134
615 -33.0602 -71.6134
354 -33.0598 -71.6137
967 -33.0598 -71.6138
927 -33.0598 -71.6137
880 -33.0598 -71.6136
787 -33.06 -71.6133
892 -33.0603 -71.613
992 -33.0603 -71.613
134 -33.0604 -71.613
864 -33.0602 -71.6131
203 -33.0598 -71.6128
996 -33.0598 -71.6128
449 -33.0598 -71.6128
565 -33.0597 -71.6137
405 -33.0595 -71.614
116 -33.0595 -71.6139
355 -33.0597 -71.6139
340 -33.0595 -71.6139
177 -33.0594 -71.6141
93 -33.0595 -71.614
795 -33.0595 -71.614
320 -33.0597 -71.6137
860 -33.0597 -71.6137
19 -33.0594 -71.6129
623 -33.0596 -71.6128
730 -33.0593 -71.6129
666 -33.0593 -71.6129
791 -33.0593 -71.6129
295 -33.0598 -71.6128
705 -33.0633 -71.6122
285 -33.0634 -71.6122
700 -33.0636 -71.6122
57 -33.0633 -71.6126
255 -33.0627 -71.6125
269 -33.0627 -71.6122
251 -33.0633 -71.6122
160 -33.0626 -71.6121
878 -33.0626 -71.6121
976 -33.0646 -71.6121
816 -33.0625 -71.6121
224 -33.0625 -71.6121
489 -33.0624 -71.6121
347 -33.0624 -71.612
986 -33.0623 -71.612
733 -33.0623 -71.612
366 -33.0622 -71.6126
373 -33.0615 -71.6121
208 -33.0616 -71.6121
202 -33.0615 -71.6121
693 -33.0613 -71.6122
747 -33.0613 -71.6122
324 -33.0614 -71.6121
200 -33.0616 -71.6121
22 -33.0621 -71.612
309 -33.062 -71.612
62 -33.062 -71.612
759 -33.0619 -71.612
577 -33.0617 -71.612
69 -33.0618 -71.612
641 -33.0619 -71.612
674 -33.0633 -71.6119
480 -33.0642 -71.6115
413 -33.0643 -71.6115
407 -33.0635 -71.6115
408 -33.0633 -71.6119
370 -33.0632 -71.6119
387 -33.063 -71.6117
561 -33.0631 -71.6112
209 -33.0631 -71.6112
869 -33.065 -71.6111
640 -33.065 -71.611
482 -33.0648 -71.6105
790 -33.064 -71.6108
523 -33.0639 -71.6112
11 -33.064 -71.6111
499 -33.064 -71.6107
642 -33.063 -71.6113
452 -33.0619 -71.6118
789 -33.0629 -71.6117
146 -33.0619 -71.6116
934 -33.0619 -71.6112
310 -33.0619 -71.6111
918 -33.0618 -71.611
297 -33.0618 -71.6108
474 -33.0618 -71.6108
740 -33.0617 -71.6107
43 -33.0618 -71.6106
818 -33.0618 -71.6105
537 -33.0617 -71.6105
903 -33.0614 -71.6107
458 -33.0615 -71.6107
837 -33.0612 -71.6122
761 -33.0606 -71.6127
434 -33.0606 -71.6127
233 -33.0607 -71.6126
265 -33.0606 -71.6127
844 -33.0606 -71.6127
973 -33.0606 -71.6127
254 -33.0606 -71.6127
655 -33.0607 -71.6126
575 -33.0609 -71.6124
498 -33.061 -71.6124
661 -33.061 -71.6124
341 -33.0608 -71.6125
599 -33.0607 -71.6126
437 -33.0607 -71.6126
738 -33.0607 -71.6126
292 -33.0605 -71.6128
562 -33.06 -71.6128
235 -33.06 -71.6128
275 -33.06 -71.6128
658 -33.06 -71.6128
534 -33.0599 -71.6128
70 -33.0599 -71.6128
414 -33.06 -71.6128
392 -33.0603 -71.6128
201 -33.0603 -71.6128
942 -33.0603 -71.6128
707 -33.0605 -71.6128
237 -33.0603 -71.6124
991 -33.0595 -71.6125
306 -33.0603 -71.6123
607 -33.061 -71.6123
679 -33.061 -71.6123
87 -33.0611 -71.6123
863 -33.0611 -71.6123
272 -33.0608 -71.612
603 -33.0605 -71.612
334 -33.0603 -71.6119
601 -33.0603 -71.6118
919 -33.0599 -71.6116
307 -33.0607 -71.6116
627 -33.0609 -71.6115
12 -33.0612 -71.6115
252 -33.0605 -71.6116
771 -33.06 -71.6116
876 -33.0603 -71.611
998 -33.0602 -71.6106
909 -33.0598 -71.6106
902 -33.0595 -71.6119
82 -33.0597 -71.6116
368 -33.0598 -71.6116
955 -33.0595 -71.612
298 -33.0593 -71.6116
563 -33.0593 -71.6116
216 -33.0594 -71.6116
815 -33.0597 -71.6116
770 -33.0595 -71.6111
877 -33.0595 -71.6109
542 -33.0596 -71.6104
743 -33.0595 -71.6109
187 -33.0592 -71.6112
706 -33.0594 -71.6105
385 -33.0592 -71.6144
979 -33.0586 -71.6171
165 -33.0588 -71.617
130 -33.0589 -71.6169
10 -33.0586 -71.6172
949 -33.0585 -71.6172
983 -33.0586 -71.6172
964 -33.0586 -71.6169
109 -33.059 -71.6169
593 -33.059 -71.6169
830 -33.0588 -71.6154
749 -33.0588 -71.6153
659 -33.0587 -71.6154
364 -33.0585 -71.6167
703 -33.0585 -71.6156
504 -33.0586 -71.6155
786 -33.0584 -71.6173
961 -33.0584 -71.6165
66 -33.0583 -71.616
343 -33.0583 -71.6151
91 -33.0582 -71.6158
494 -33.0581 -71.617
382 -33.0578 -71.6158
176 -33.0581 -71.615
572 -33.058 -71.615
574 -33.0582 -71.615
884 -33.0582 -71.615
106 -33.0582 -71.615
13 -33.058 -71.615
859 -33.0579 -71.615
313 -33.0578 -71.615
835 -33.0579 -71.6149
625 -33.0579 -71.6149
488 -33.0588 -71.6148
500 -33.0588 -71.6148
852 -33.0588 -71.6148
38 -33.0587 -71.6147
111 -33.0586 -71.6147
315 -33.0586 -71.6147
75 -33.0586 -71.6147
163 -33.0589 -71.6147
185 -33.059 -71.6146
450 -33.0591 -71.6145
632 -33.0591 -71.6145
250 -33.0589 -71.6146
678 -33.0589 -71.6146
797 -33.0586 -71.6146
512 -33.0586 -71.6144
144 -33.0586 -71.6147
636 -33.0586 -71.6149
115 -33.0584 -71.6148
24 -33.0584 -71.6148
105 -33.0583 -71.6148
361 -33.0578 -71.6149
142 -33.0582 -71.6149
323 -33.0582 -71.6148
890 -33.0585 -71.6148
304 -33.0585 -71.6147
496 -33.0585 -71.6147
195 -33.0586 -71.6147
497 -33.0585 -71.6147
721 -33.0583 -71.6148
226 -33.0585 -71.6148
867 -33.0578 -71.6157
511 -33.0573 -71.6182
409 -33.0574 -71.6182
708 -33.0576 -71.618
353 -33.057 -71.617
427 -33.0566 -71.6182
509 -33.0564 -71.6181
610 -33.0562 -71.6159
92 -33.0561 -71.6152
536 -33.0575 -71.6152
161 -33.0574 -71.6151
155 -33.0564 -71.615
639 -33.0564 -71.615
763 -33.0562 -71.6152
987 -33.0562 -71.6152
25 -33.0563 -71.6151
794 -33.0561 -71.6152
849 -33.0558 -71.6164
629 -33.056 -71.6162
644 -33.0558 -71.6159
516 -33.0557 -71.6179
911 -33.0556 -71.6159
764 -33.0555 -71.6159
988 -33.0546 -71.6157
205 -33.0544 -71.6157
635 -33.0561 -71.6157
710 -33.0561 -71.6152
157 -33.0561 -71.6152
277 -33.0544 -71.6157
820 -33.0544 -71.6157
938 -33.0543 -71.6157
605 -33.0564 -71.615
191 -33.0578 -71.615
273 -33.0578 -71.615
174 -33.0578 -71.6149
652 -33.0577 -71.6149
692 -33.0576 -71.6149
697 -33.0575 -71.6149
812 -33.0576 -71.6149
181 -33.0576 -71.6149
850 -33.0575 -71.6149
377 -33.0577 -71.6145
885 -33.0577 -71.6144
900 -33.0575 -71.6149
712 -33.0574 -71.6149
529 -33.0574 -71.6149
479 -33.0574 -71.6145
217 -33.0573 -71.6147
170 -33.0566 -71.6148
263 -33.0571 -71.6148
883 -33.0571 -71.6148
54 -33.0566 -71.6149
598 -33.0565 -71.6149
113 -33.0565 -71.6149
333 -33.0565 -71.6149
889 -33.0567 -71.6148
453 -33.0571 -71.6148
239 -33.057 -71.6148
416 -33.0569 -71.6147
829 -33.0568 -71.6147
573 -33.0567 -71.6148
589 -33.0556 -71.6145
476 -33.0581 -71.6144
916 -33.0591 -71.6135
399 -33.0591 -71.6135
102 -33.0591 -71.6135
402 -33.0591 -71.6136
545 -33.0589 -71.6139
464 -33.0591 -71.6136
891 -33.0588 -71.6135
950 -33.0591 -71.6134
687 -33.059 -71.6134
822 -33.0589 -71.6133
33 -33.0588 -71.6129
124 -33.0588 -71.6129
266 -33.0588 -71.6134
617 -33.0587 -71.613
906 -33.0587 -71.613
914 -33.0586 -71.613
175 -33.0584 -71.6139
571 -33.0584 -71.6138
211 -33.0585 -71.6137
881 -33.0583 -71.6134
948 -33.0582 -71.6142
551 -33.0582 -71.6142
521 -33.0583 -71.6134
260 -33.0581 -71.6134
668 -33.0586 -71.6133
18 -33.0584 -71.613
42 -33.0585 -71.613
717 -33.0583 -71.613
848 -33.0581 -71.6133
963 -33.0582 -71.6131
227 -33.0582 -71.6131
831 -33.059 -71.6129
566 -33.059 -71.6129
801 -33.0592 -71.6128
23 -33.0592 -71.6126
270 -33.059 -71.6129
742 -33.0589 -71.6128
386 -33.0589 -71.6127
20 -33.0589 -71.6127
29 -33.0588 -71.6126
303 -33.0591 -71.6125
676 -33.0591 -71.6122
765 -33.0592 -71.6104
748 -33.0589 -71.6112
905 -33.0588 -71.6121
560 -33.0588 -71.6117
259 -33.0589 -71.6112
197 -33.0585 -71.6124
214 -33.0583 -71.6127
842 -33.0583 -71.6126
588 -33.0583 -71.6124
645 -33.0583 -71.6127
683 -33.0582 -71.6128
253 -33.0582 -71.6128
872 -33.0583 -71.6127
108 -33.0582 -71.6123
151 -33.0584 -71.6117
372 -33.0583 -71.6113
558 -33.0584 -71.6106
805 -33.0583 -71.6117
606 -33.0583 -71.6113
775 -33.0581 -71.6108
388 -33.0581 -71.6109
68 -33.0581 -71.6144
713 -33.0581 -71.6144
389 -33.0579 -71.6139
796 -33.0579 -71.6139
429 -33.0578 -71.6139
5 -33.0578 -71.6139
85 -33.0578 -71.6139
647 -33.0578 -71.6139
212 -33.0581 -71.6136
508 -33.0581 -71.613
725 -33.058 -71.613
188 -33.0579 -71.6129
568 -33.0578 -71.6129
186 -33.0578 -71.6129
649 -33.0578 -71.6129
17 -33.0578 -71.6139
412 -33.0576 -71.6139
688 -33.0575 -71.6139
550 -33.0576 -71.6139
59 -33.0575 -71.6139
53 -33.0574 -71.6143
999 -33.0574 -71.6142
940 -33.0575 -71.614
380 -33.0575 -71.6138
520 -33.0577 -71.6131
35 -33.0577 -71.6131
758 -33.0577 -71.6129
591 -33.0576 -71.6134
618 -33.0574 -71.6138
40 -33.0574 -71.6135
173 -33.0576 -71.6129
638 -33.0581 -71.6121
442 -33.058 -71.6119
15 -33.058 -71.6113
569 -33.0579 -71.6113
44 -33.0576 -71.6129
861 -33.0575 -71.6119
681 -33.0575 -71.6116
547 -33.0581 -71.6113
210 -33.0581 -71.6111
621 -33.0581 -71.611
821 -33.0581 -71.6108
915 -33.058 -71.611
358 -33.058 -71.6112
510 -33.0577 -71.6107
673 -33.0574 -71.6106
346 -33.0574 -71.6128
559 -33.0571 -71.6127
851 -33.0569 -71.6126
862 -33.0558 -71.6123
553 -33.0548 -71.6124
972 -33.0544 -71.6123
793 -33.0543 -71.6123
447 -33.0525 -71.6117
9 -33.0534 -71.6114
348 -33.0539 -71.6105
81 -33.054 -71.6105
604 -33.0541 -71.6105
901 -33.0538 -71.6105
827 -33.0535 -71.6114
101 -33.0501 -71.6107
752 -33.0616 -71.6104
470 -33.0634 -71.6101
63 -33.0632 -71.61
326 -33.0645 -71.6099
282 -33.0632 -71.61
774 -33.0631 -71.61
715 -33.0631 -71.6099
858 -33.063 -71.6099
473 -33.0645 -71.6099
469 -33.0648 -71.6098
677 -33.0644 -71.6095
723 -33.0638 -71.6092
664 -33.0633 -71.6093
757 -33.0623 -71.6096
532 -33.0628 -71.6092
183 -33.0624 -71.6091
328 -33.0623 -71.6091
581 -33.0617 -71.6103
471 -33.0622 -71.6095
422 -33.062 -71.6095
576 -33.0617 -71.6103
415 -33.061 -71.6103
26 -33.061 -71.6103
94 -33.0612 -71.6098
741 -33.062 -71.6095
879 -33.0619 -71.6094
646 -33.0618 -71.6094
60 -33.0617 -71.6092
624 -33.0617 -71.6094
882 -33.0616 -71.6094
294 -33.0615 -71.6094
788 -33.0614 -71.6094
952 -33.0623 -71.6091
79 -33.0646 -71.609
438 -33.0642 -71.609
335 -33.0642 -71.6087
420 -33.064 -71.6089
690 -33.0622 -71.6091
944 -33.0637 -71.6088
219 -33.0635 -71.6087
832 -33.0622 -71.6085
350 -33.0625 -71.6082
463 -33.0625 -71.608
225 -33.0632 -71.6077
156 -33.0623 -71.6083
72 -33.0622 -71.6085
714 -33.0619 -71.6084
369 -33.0622 -71.6083
736 -33.0618 -71.6087
653 -33.0617 -71.609
608 -33.0617 -71.6089
199 -33.0617 -71.6089
375 -33.0616 -71.6089
71 -33.0614 -71.6089
103 -33.0613 -71.6089
339 -33.0609 -71.6088
215 -33.0609 -71.6088
419 -33.0617 -71.608
981 -33.0618 -71.6079
398 -33.0613 -71.6077
192 -33.061 -71.6086
232 -33.0608 -71.6088
461 -33.061 -71.6086
813 -33.0608 -71.6088
138 -33.0605 -71.6096
970 -33.0608 -71.6096
839 -33.0607 -71.6088
73 -33.0605 -71.6093
190 -33.0602 -71.6104
886 -33.0602 -71.6103
97 -33.0603 -71.6101
731 -33.0607 -71.6085
746 -33.0606 -71.6085
245 -33.0606 -71.6085
806 -33.0606 -71.6085
691 -33.0605 -71.6085
21 -33.0605 -71.6084
194 -33.0604 -71.6083
332 -33.0602 -71.6083
305 -33.0601 -71.6101
602 -33.0598 -71.61
376 -33.0598 -71.61
141 -33.0595 -71.6098
143 -33.0595 -71.6098
336 -33.0589 -71.6103
517 -33.0591 -71.6101
391 -33.0595 -71.6098
866 -33.0596 -71.6098
626 -33.06 -71.6088
132 -33.06 -71.6088
242 -33.0601 -71.6083
308 -33.0593 -71.6083
362 -33.0589 -71.6095
2 -33.0592 -71.6088
410 -33.0602 -71.6083
682 -33.0602 -71.6083
871 -33.0602 -71.6082
913 -33.0602 -71.6082
921 -33.0601 -71.6082
810 -33.0598 -71.6082
667 -33.0601 -71.6082
289 -33.0601 -71.6081
753 -33.0607 -71.6079
468 -33.0601 -71.6079
264 -33.0604 -71.6078
359 -33.0602 -71.6077
888 -33.0601 -71.6078
616 -33.0598 -71.6079
229 -33.0599 -71.6078
965 -33.0598 -71.6077
959 -33.0598 -71.6079
167 -33.0598 -71.6082
896 -33.0597 -71.6079
609 -33.0596 -71.6078
490 -33.0595 -71.6078
846 -33.059 -71.6079
528 -33.059 -71.6079
929 -33.0589 -71.6078
114 -33.059 -71.6077
28 -33.0595 -71.6077
570 -33.0593 -71.6076
39 -33.0593 -71.6076
630 -33.0592 -71.6076
584 -33.059 -71.6077
45 -33.0592 -71.6076
594 -33.0593 -71.6076
296 -33.0643 -71.6071
331 -33.0642 -71.6068
922 -33.0642 -71.6067
843 -33.0635 -71.6065
400 -33.0631 -71.6075
441 -33.0634 -71.6065
147 -33.0633 -71.6065
620 -33.0635 -71.6065
825 -33.0636 -71.6065
291 -33.0637 -71.6064
769 -33.0638 -71.6064
169 -33.0634 -71.6064
622 -33.0634 -71.6064
261 -33.0633 -71.6063
112 -33.0632 -71.6062
672 -33.0625 -71.6068
478 -33.0622 -71.6074
833 -33.0619 -71.6069
662 -33.0619 -71.6068
997 -33.0618 -71.607
737 -33.0615 -71.6074
977 -33.0617 -71.6073
287 -33.0615 -71.6068
808 -33.0612 -71.6068
325 -33.0618 -71.6064
785 -33.0613 -71.6064
592 -33.0623 -71.6062
381 -33.0611 -71.6066
395 -33.0609 -71.6065
159 -33.0609 -71.6065
137 -33.0609 -71.6065
966 -33.0622 -71.6062
924 -33.064 -71.6061
870 -33.0648 -71.606
90 -33.0645 -71.6059
78 -33.0638 -71.6059
32 -33.0628 -71.6059
293 -33.0627 -71.6059
158 -33.0627 -71.6059
99 -33.0626 -71.6058
951 -33.0624 -71.6056
857 -33.0624 -71.6055
349 -33.062 -71.6053
669 -33.0619 -71.6053
557 -33.0619 -71.6058
923 -33.0619 -71.6057
417 -33.0619 -71.6052
284 -33.0618 -71.6052
505 -33.0618 -71.6051
845 -33.0618 -71.6051
16 -33.0616 -71.605
8 -33.0611 -71.605
56 -33.0611 -71.6061
836 -33.061 -71.606
491 -33.061 -71.6055
172 -33.0616 -71.605
230 -33.0612 -71.6049
120 -33.0612 -71.6049
544 -33.0613 -71.6048
276 -33.0612 -71.6049
30 -33.061 -71.6047
826 -33.0608 -71.6047
910 -33.0608 -71.6053
122 -33.0608 -71.6076
720 -33.0607 -71.6076
502 -33.0607 -71.6074
556 -33.0607 -71.6075
989 -33.0606 -71.6074
46 -33.0601 -71.6072
912 -33.0602 -71.6072
365 -33.0607 -71.6071
281 -33.0602 -71.607
397 -33.0602 -71.6069
300 -33.0606 -71.6068
321 -33.0601 -71.6067
299 -33.0601 -71.6068
772 -33.0601 -71.6065
243 -33.0601 -71.6065
404 -33.0595 -71.6065
371 -33.0593 -71.6076
37 -33.0594 -71.6076
378 -33.0592 -71.6068
671 -33.0591 -71.6067
280 -33.0591 -71.6075
445 -33.0591 -71.6067
352 -33.0589 -71.6065
396 -33.0589 -71.6065
926 -33.059 -71.6065
543 -33.059 -71.6065
777 -33.0591 -71.6065
443 -33.059 -71.6065
344 -33.0589 -71.6065
936 -33.059 -71.6065
925 -33.0607 -71.6064
247 -33.0601 -71.6063
83 -33.0601 -71.6063
129 -33.0601 -71.6063
567 -33.06 -71.6062
41 -33.0597 -71.6063
552 -33.0597 -71.6063
311 -33.06 -71.6062
411 -33.0599 -71.6062
670 -33.0602 -71.6061
267 -33.0606 -71.6056
578 -33.0606 -71.6055
67 -33.0602 -71.606
6 -33.06 -71.6061
184 -33.06 -71.6061
406 -33.0597 -71.6054
104 -33.0596 -71.6063
954 -33.0594 -71.6064
125 -33.0594 -71.6064
689 -33.0596 -71.6063
135 -33.0594 -71.6064
953 -33.0593 -71.6064
47 -33.0593 -71.6064
873 -33.0593 -71.6064
527 -33.0592 -71.6063
256 -33.0594 -71.6055
149 -33.0596 -71.6055
1 -33.0595 -71.6051
221 -33.0591 -71.6054
513 -33.0591 -71.6063
525 -33.059 -71.6063
330 -33.0588 -71.6078
895 -33.0586 -71.6103
587 -33.0588 -71.6102
657 -33.0586 -71.6101
975 -33.0584 -71.6101
920 -33.0578 -71.6102
745 -33.0582 -71.6101
180 -33.0581 -71.61
65 -33.058 -71.6099
433 -33.0583 -71.6099
800 -33.0585 -71.6097
856 -33.0587 -71.6093
875 -33.0583 -71.6092
268 -33.058 -71.6099
995 -33.0581 -71.6099
744 -33.0578 -71.6096
894 -33.0578 -71.6097
540 -33.0575 -71.6103
384 -33.0577 -71.6102
27 -33.0574 -71.61
278 -33.0573 -71.61
834 -33.0552 -71.6104
394 -33.055 -71.6104
337 -33.0564 -71.6101
345 -33.057 -71.6099
133 -33.0567 -71.6096
162 -33.0565 -71.6096
74 -33.0569 -71.6095
401 -33.0565 -71.6096
780 -33.0557 -71.6094
77 -33.0556 -71.6094
31 -33.0554 -71.6094
131 -33.0584 -71.609
699 -33.0586 -71.6089
931 -33.0587 -71.6089
236 -33.0588 -71.6088
257 -33.0583 -71.6087
454 -33.0582 -71.609
684 -33.0583 -71.609
451 -33.0583 -71.6088
650 -33.0584 -71.6086
338 -33.0583 -71.6084
524 -33.0582 -71.6084
554 -33.0587 -71.6083
426 -33.0582 -71.6084
244 -33.058 -71.6083
817 -33.058 -71.6081
4 -33.0581 -71.6081
811 -33.0579 -71.6083
874 -33.0576 -71.6088
535 -33.0575 -71.6088
439 -33.0578 -71.6082
462 -33.0551 -71.6082
302 -33.055 -71.6082
374 -33.0551 -71.6082
515 -33.0551 -71.6082
526 -33.0578 -71.6082
317 -33.0577 -71.6081
932 -33.0577 -71.6081
465 -33.0577 -71.6081
695 -33.0576 -71.6081
258 -33.0576 -71.6081
893 -33.0575 -71.6081
660 -33.055 -71.6102
855 -33.055 -71.6104
314 -33.055 -71.6102
484 -33.052 -71.609
583 -33.0519 -71.6092
88 -33.0518 -71.6093
935 -33.0518 -71.6093
493 -33.0518 -71.6093
643 -33.052 -71.6089
586 -33.0546 -71.6085
778 -33.0546 -71.6085
541 -33.0545 -71.6085
206 -33.0536 -71.6085
732 -33.052 -71.6089
939 -33.052 -71.6088
755 -33.0521 -71.6087
485 -33.0518 -71.6094
784 -33.0512 -71.6099
735 -33.0512 -71.6099
220 -33.0513 -71.6098
696 -33.0511 -71.6099
139 -33.0511 -71.61
322 -33.0511 -71.61
802 -33.0511 -71.61
222 -33.0513 -71.6098
360 -33.0516 -71.6095
34 -33.0517 -71.6094
80 -33.0517 -71.6094
718 -33.0515 -71.6096
633 -33.0513 -71.6098
982 -33.0514 -71.6097
854 -33.0545 -71.6085
631 -33.0544 -71.6085
436 -33.0544 -71.6085
519 -33.0546 -71.6085
84 -33.0544 -71.6085
36 -33.0543 -71.6085
868 -33.0542 -71.6085
50 -33.0542 -71.6085
941 -33.054 -71.6085
960 -33.0547 -71.6084
612 -33.0548 -71.6084
432 -33.055 -71.6083
218 -33.0547 -71.6085
897 -33.054 -71.6085
213 -33.054 -71.6085
140 -33.0538 -71.6085
318 -33.0538 -71.6085
853 -33.0537 -71.6085
440 -33.0534 -71.6085
283 -33.0532 -71.6084
933 -33.0532 -71.6084
55 -33.0521 -71.6084
722 -33.0522 -71.6084
48 -33.0531 -71.6084
152 -33.0522 -71.6084
694 -33.0528 -71.6083
383 -33.0528 -71.6083
716 -33.0528 -71.6083
968 -33.0524 -71.6081
724 -33.0522 -71.6083
530 -33.0522 -71.6082
58 -33.0575 -71.6081
814 -33.0586 -71.6079
3 -33.0586 -71.6079
824 -33.0587 -71.6079
486 -33.0585 -71.6079
675 -33.0584 -71.608
249 -33.0584 -71.608
798 -33.0584 -71.608
663 -33.0588 -71.6078
980 -33.0584 -71.6067
887 -33.0586 -71.6067
555 -33.0587 -71.6066
110 -33.0584 -71.6073
514 -33.0584 -71.6073
168 -33.0584 -71.6067
841 -33.0584 -71.6066
288 -33.0583 -71.608
974 -33.0583 -71.608
993 -33.0581 -71.6078
865 -33.058 -71.6076
750 -33.0579 -71.6081
193 -33.0577 -71.6076
319 -33.0577 -71.6076
379 -33.0578 -71.6074
613 -33.0577 -71.6073
182 -33.0583 -71.6071
898 -33.0582 -71.6067
702 -33.0582 -71.6067
766 -33.0579 -71.6068
390 -33.0577 -71.6072
164 -33.0576 -71.6068
503 -33.0578 -71.6066
126 -33.0588 -71.6066
704 -33.0588 -71.6066
95 -33.0586 -71.6066
356 -33.0587 -71.6066
459 -33.0586 -71.6066
246 -33.0584 -71.6066
969 -33.0585 -71.6066
928 -33.0585 -71.6063
840 -33.0584 -71.6062
628 -33.0588 -71.6062
196 -33.0587 -71.6051
957 -33.0587 -71.6051
776 -33.0586 -71.6051
782 -33.0583 -71.6062
223 -33.0585 -71.6062
937 -33.0586 -71.6051
595 -33.0583 -71.6051
943 -33.058 -71.6062
492 -33.0582 -71.6062
136 -33.0582 -71.6059
990 -33.058 -71.6062
357 -33.0578 -71.6062
477 -33.058 -71.6059
316 -33.0577 -71.6058
460 -33.0578 -71.6058
984 -33.0583 -71.6058
564 -33.0583 -71.6057
781 -33.0581 -71.6047
768 -33.0576 -71.6049
507 -33.0575 -71.6051
121 -33.0575 -71.6051
98 -33.0575 -71.6051
985 -33.0574 -71.6081
656 -33.0573 -71.6081
779 -33.0571 -71.608
719 -33.0571 -71.608
96 -33.057 -71.608
947 -33.057 -71.608
665 -33.0566 -71.608
522 -33.0566 -71.608
709 -33.0566 -71.608
548 -33.0566 -71.608
444 -33.0565 -71.608
76 -33.0565 -71.608
207 -33.0565 -71.608
847 -33.0564 -71.608
654 -33.0564 -71.608
64 -33.0562 -71.608
153 -33.0562 -71.608
363 -33.0562 -71.608
240 -33.0562 -71.608
425 -33.0562 -71.6079
648 -33.0553 -71.608
538 -33.0553 -71.608
481 -33.0562 -71.6079
828 -33.0562 -71.6079
634 -33.0559 -71.6079
457 -33.0559 -71.6079
807 -33.0559 -71.6079
956 -33.0559 -71.6079
637 -33.0554 -71.6079
0 -33.0555 -71.6079
231 -33.0558 -71.6079
539 -33.0575 -71.6076
241 -33.057 -71.6071
329 -33.057 -71.607
518 -33.0569 -71.6074
685 -33.0567 -71.6072
804 -33.0568 -71.6072
596 -33.0569 -71.6071
428 -33.0573 -71.6069
472 -33.0575 -71.6061
533 -33.0574 -71.6048
729 -33.0574 -71.6048
651 -33.0573 -71.6069
342 -33.0567 -71.6068
312 -33.0567 -71.6068
792 -33.0573 -71.6048
86 -33.0566 -71.6072
823 -33.0558 -71.6078
418 -33.0558 -71.6078
234 -33.0557 -71.6077
590 -33.0557 -71.6078
728 -33.0555 -71.6078
680 -33.0557 -71.6078
701 -33.0557 -71.6078
119 -33.0557 -71.6077
178 -33.0561 -71.6075
248 -33.0545 -71.6053
899 -33.0551 -71.605
971 -33.0545 -71.6053
799 -33.0522 -71.6073
435 -33.0531 -71.6066
