549 -33.0587 -71.6171
978 -33.0594 -71.6167
367 -33.0584 -71.6161
189 -33.0583 -71.6161
754 -33.0575 -71.618
698 -33.0575 -71.618
301 -33.0579 -71.6178
475 -33.0614 -71.6159
686 -33.0584 -71.6151
467 -33.0581 -71.615
127 -33.0581 -71.615
582 -33.058 -71.615
619 -33.0577 -71.6155
450 -33.0578 -71.615
407 -33.0577 -71.6149
154 -33.0574 -71.6151
271 -33.0571 -71.6184
809 -33.0573 -71.6183
760 -33.0573 -71.6183
456 -33.057 -71.6183
803 -33.0569 -71.6183
838 -33.0566 -71.6182
198 -33.0565 -71.6182
290 -33.0564 -71.6182
455 -33.0574 -71.6181
907 -33.0567 -71.6168
146 -33.0565 -71.6149
580 -33.0565 -71.6149
767 -33.0563 -71.6181
446 -33.0563 -71.6166
423 -33.0563 -71.6163
442 -33.0565 -71.6149
537 -33.0574 -71.6149
413 -33.0584 -71.6148
994 -33.0593 -71.6148
251 -33.0574 -71.6149
408 -33.0573 -71.6149
370 -33.0573 -71.6149
962 -33.0573 -71.6148
483 -33.0595 -71.6148
818 -33.0589 -71.6146
879 -33.059 -71.6146
60 -33.059 -71.6145
286 -33.0589 -71.6147
57 -33.0586 -71.6147
646 -33.0589 -71.6147
476 -33.0573 -71.6146
955 -33.0573 -71.6148
726 -33.0572 -71.6148
279 -33.0571 -71.6148
123 -33.0571 -71.6148
255 -33.0571 -71.6148
134 -33.0566 -71.6149
816 -33.0566 -71.6149
881 -33.0566 -71.6148
107 -33.057 -71.6148
602 -33.0569 -71.6147
693 -33.0569 -71.6147
520 -33.0569 -71.6147
762 -33.0569 -71.6147
376 -33.0568 -71.6147
269 -33.0568 -71.6147
403 -33.0563 -71.6162
466 -33.0562 -71.6181
179 -33.0558 -71.618
166 -33.0557 -71.618
495 -33.0557 -71.6179
323 -33.0554 -71.6175
547 -33.0556 -71.617
210 -33.0557 -71.6168
891 -33.0557 -71.6168
844 -33.0557 -71.6165
434 -33.0557 -71.6164
761 -33.0557 -71.6164
973 -33.0557 -71.6165
775 -33.0557 -71.6166
377 -33.0557 -71.6166
713 -33.0557 -71.6166
448 -33.0553 -71.6179
849 -33.0552 -71.6215
629 -33.0551 -71.6213
262 -33.0551 -71.6179
177 -33.055 -71.6181
409 -33.055 -71.6207
253 -33.0549 -71.6182
930 -33.055 -71.6181
399 -33.0551 -71.6179
831 -33.0552 -71.6178
687 -33.0553 -71.6177
880 -33.0553 -71.6177
431 -33.0552 -71.6178
340 -33.0551 -71.6178
116 -33.0551 -71.6178
908 -33.055 -71.6175
341 -33.0558 -71.6163
919 -33.0561 -71.6161
216 -33.0561 -71.6158
587 -33.0561 -71.6158
145 -33.0561 -71.6159
355 -33.056 -71.6162
730 -33.056 -71.6159
373 -33.0561 -71.6156
69 -33.056 -71.6153
150 -33.0561 -71.6152
105 -33.0562 -71.6151
405 -33.0562 -71.6151
542 -33.0561 -71.6152
361 -33.056 -71.6152
641 -33.0561 -71.6152
42 -33.0561 -71.6152
819 -33.056 -71.6154
546 -33.0558 -71.6159
254 -33.0556 -71.6159
292 -33.0555 -71.6159
117 -33.0555 -71.6159
812 -33.0553 -71.6158
992 -33.0553 -71.6158
892 -33.0552 -71.6158
721 -33.0551 -71.6158
171 -33.0558 -71.6157
711 -33.0555 -71.6155
488 -33.056 -71.6154
611 -33.0555 -71.6155
864 -33.055 -71.6158
545 -33.055 -71.6158
743 -33.0574 -71.6145
945 -33.0603 -71.6143
531 -33.0595 -71.614
501 -33.0595 -71.614
774 -33.0595 -71.614
869 -33.0591 -71.6145
608 -33.0591 -71.6144
640 -33.0591 -71.6144
950 -33.0588 -71.614
464 -33.0589 -71.6139
561 -33.0597 -71.6137
297 -33.0598 -71.6136
20 -33.0585 -71.6135
642 -33.0584 -71.613
209 -33.0584 -71.613
124 -33.0585 -71.613
51 -33.0583 -71.613
948 -33.0582 -71.6142
668 -33.0579 -71.6139
521 -33.0583 -71.6134
591 -33.0576 -71.6134
18 -33.0575 -71.6139
765 -33.0576 -71.6139
175 -33.0576 -71.6139
627 -33.0582 -71.613
307 -33.0583 -71.613
751 -33.0583 -71.613
366 -33.0583 -71.613
958 -33.0582 -71.613
52 -33.0581 -71.613
402 -33.0581 -71.613
452 -33.058 -71.613
305 -33.0588 -71.6129
976 -33.0604 -71.6129
482 -33.0604 -71.6129
747 -33.0604 -71.6128
917 -33.0601 -71.6128
523 -33.0596 -71.6128
579 -33.0599 -71.6128
414 -33.06 -71.6128
354 -33.0604 -71.6128
420 -33.0606 -71.6127
326 -33.0608 -71.6126
790 -33.0609 -71.6125
43 -33.0605 -71.6128
576 -33.0605 -71.6128
118 -33.0605 -71.6128
991 -33.0595 -71.6125
368 -33.0595 -71.6125
967 -33.059 -71.6129
238 -33.0591 -71.6129
19 -33.0594 -71.6129
237 -33.0589 -71.6129
733 -33.0579 -71.6129
12 -33.0576 -71.6129
173 -33.0576 -71.6129
480 -33.0576 -71.6129
842 -33.0583 -71.6126
560 -33.0583 -71.6124
298 -33.0588 -71.6123
872 -33.0583 -71.6127
927 -33.0575 -71.6128
563 -33.0583 -71.6127
963 -33.0575 -71.614
389 -33.0574 -71.6144
822 -33.0575 -71.6141
61 -33.0574 -71.6138
636 -33.0574 -71.6144
773 -33.0572 -71.6136
571 -33.0572 -71.6136
274 -33.0571 -71.6135
35 -33.0574 -71.6128
214 -33.0574 -71.6128
679 -33.0574 -71.6128
351 -33.0573 -71.6128
14 -33.0573 -71.6128
29 -33.0572 -71.6128
15 -33.0572 -71.6127
676 -33.0571 -71.6127
295 -33.057 -71.6127
424 -33.0569 -71.6134
512 -33.0567 -71.6133
7 -33.0566 -71.6132
797 -33.0565 -71.6132
89 -33.0554 -71.6131
40 -33.0564 -71.6131
212 -33.0557 -71.6131
551 -33.0554 -71.6131
303 -33.057 -71.6127
197 -33.0569 -71.6126
909 -33.0568 -71.6126
506 -33.0564 -71.6131
49 -33.056 -71.6131
228 -33.055 -71.6131
674 -33.0567 -71.6125
848 -33.0567 -71.6125
916 -33.0566 -71.6125
387 -33.0565 -71.6124
789 -33.0565 -71.6124
23 -33.0565 -71.6124
577 -33.0565 -71.6124
252 -33.0564 -71.6124
272 -33.0562 -71.6124
310 -33.056 -71.6123
160 -33.056 -71.6123
998 -33.056 -71.6123
649 -33.0559 -71.6123
601 -33.0558 -71.6123
347 -33.0558 -71.6123
603 -33.0558 -71.6123
224 -33.0557 -71.6123
151 -33.0553 -71.6124
759 -33.0553 -71.6124
905 -33.0552 -71.6124
102 -33.0552 -71.6124
108 -33.0551 -71.6124
208 -33.055 -71.6124
200 -33.0549 -71.6124
22 -33.0554 -71.6124
742 -33.0557 -71.6123
986 -33.0557 -71.6123
386 -33.0557 -71.6123
645 -33.0556 -71.6123
309 -33.0555 -71.6124
575 -33.0555 -71.6124
266 -33.0549 -71.6182
500 -33.0547 -71.6189
327 -33.0547 -71.6189
315 -33.0546 -71.6189
710 -33.0545 -71.6202
92 -33.0545 -71.6202
987 -33.0544 -71.6201
25 -33.0543 -71.6201
38 -33.0546 -71.6189
703 -33.0545 -71.6189
890 -33.0544 -71.6189
226 -33.0544 -71.6189
497 -33.0544 -71.6189
5 -33.0544 -71.6189
115 -33.0544 -71.6189
647 -33.0543 -71.6189
796 -33.0543 -71.6189
598 -33.0541 -71.6199
589 -33.054 -71.6198
786 -33.0539 -71.6198
829 -33.0538 -71.6197
979 -33.0537 -71.6197
883 -33.0535 -71.6194
109 -33.0535 -71.6193
217 -33.0535 -71.619
85 -33.0542 -71.6189
142 -33.0542 -71.6189
550 -33.0541 -71.6189
66 -33.054 -71.6189
697 -33.0535 -71.619
479 -33.0535 -71.619
176 -33.0539 -71.6189
940 -33.0539 -71.6188
678 -33.0548 -71.6187
260 -33.0548 -71.6186
487 -33.0549 -71.6184
393 -33.0546 -71.6184
128 -33.0544 -71.6184
852 -33.0544 -71.6184
163 -33.0544 -71.6184
17 -33.0546 -71.6184
632 -33.0548 -71.6184
727 -33.0548 -71.6184
787 -33.0549 -71.6158
946 -33.0548 -71.6174
250 -33.0547 -71.6184
614 -33.0548 -71.6184
565 -33.0544 -71.6157
860 -33.0544 -71.6157
313 -33.0538 -71.6188
412 -33.0539 -71.6184
597 -33.0541 -71.6184
961 -33.0536 -71.6188
53 -33.0536 -71.6188
999 -33.0535 -71.6187
859 -33.0535 -71.6185
144 -33.0542 -71.6184
504 -33.0543 -71.6184
830 -33.0544 -71.6184
320 -33.0543 -71.6157
111 -33.0543 -71.6184
795 -33.0541 -71.6156
93 -33.0539 -71.6156
364 -33.0534 -71.6188
904 -33.0534 -71.6188
130 -33.0529 -71.6187
165 -33.0529 -71.6187
983 -33.0525 -71.6186
10 -33.0525 -71.6186
949 -33.0525 -71.6186
101 -33.0493 -71.6184
708 -33.0514 -71.6184
511 -33.0512 -71.6183
427 -33.0504 -71.6179
509 -33.0502 -71.6178
911 -33.0495 -71.6162
516 -33.0495 -71.6177
764 -33.0495 -71.6163
34 -33.0491 -71.6162
360 -33.0491 -71.6164
277 -33.0489 -71.6171
802 -33.0489 -71.6171
322 -33.0489 -71.6171
139 -33.0489 -71.6171
205 -33.0488 -71.6172
820 -33.0489 -71.6172
938 -33.0489 -71.6171
735 -33.0489 -71.6169
633 -33.049 -71.6167
447 -33.049 -71.6166
718 -33.0491 -71.6165
222 -33.049 -71.6168
696 -33.0489 -71.6169
988 -33.0489 -71.6169
80 -33.0491 -71.6161
106 -33.0528 -71.6159
574 -33.0528 -71.6159
850 -33.0527 -71.6159
688 -33.0527 -71.6158
884 -33.0526 -71.6158
572 -33.0525 -71.6157
13 -33.0525 -71.6157
304 -33.0529 -71.6157
195 -33.0529 -71.6157
191 -33.0524 -71.6156
174 -33.0523 -71.6156
652 -33.0523 -71.6156
692 -33.0521 -71.6156
900 -33.052 -71.6156
273 -33.0523 -71.6156
712 -33.0519 -71.6156
644 -33.0496 -71.616
493 -33.0492 -71.616
583 -33.0492 -71.6158
935 -33.0491 -71.616
485 -33.0491 -71.6161
220 -33.048 -71.6158
784 -33.048 -71.6158
635 -33.0502 -71.6158
529 -33.0519 -71.6156
263 -33.0517 -71.6156
453 -33.0516 -71.6156
239 -33.0516 -71.6156
610 -33.05 -71.6157
484 -33.0492 -71.6156
148 -33.0538 -71.6156
600 -33.0549 -71.613
885 -33.0549 -71.613
204 -33.0548 -71.6129
211 -33.0548 -71.6128
585 -33.0546 -71.6149
343 -33.0548 -71.6128
593 -33.0546 -71.6127
734 -33.0545 -71.6126
202 -33.0549 -71.6124
863 -33.0548 -71.6124
615 -33.0548 -71.6124
324 -33.0547 -71.6124
70 -33.0547 -71.6124
334 -33.0547 -71.6124
837 -33.0545 -71.6124
421 -33.0544 -71.6125
430 -33.0538 -71.6156
756 -33.0537 -71.6156
835 -33.0544 -71.6148
385 -33.0537 -71.6156
783 -33.0536 -71.6155
496 -33.053 -71.6155
75 -33.053 -71.6155
739 -33.0542 -71.6146
100 -33.0541 -71.6146
749 -33.0537 -71.6143
659 -33.0534 -71.6142
24 -33.0531 -71.614
964 -33.0531 -71.6139
494 -33.0527 -71.6137
353 -33.0516 -71.6131
801 -33.0545 -71.6123
87 -33.0544 -71.6123
607 -33.0544 -71.6123
227 -33.0543 -71.6123
661 -33.0543 -71.6123
771 -33.0543 -71.6123
725 -33.0543 -71.6123
498 -33.0543 -71.6123
877 -33.0542 -71.6123
233 -33.0543 -71.6122
306 -33.0544 -71.6122
185 -33.0544 -71.6121
437 -33.0543 -71.6122
235 -33.0542 -71.6123
738 -33.0543 -71.6122
82 -33.0543 -71.6122
265 -33.0542 -71.6123
68 -33.0541 -71.6123
599 -33.054 -71.6122
655 -33.054 -71.6122
201 -33.0535 -71.6122
942 -33.0535 -71.6122
392 -33.0535 -71.6122
902 -33.0535 -71.6122
275 -33.0532 -71.6121
449 -33.0531 -71.6121
996 -33.053 -71.6121
805 -33.0528 -71.6121
186 -33.0527 -71.6121
588 -33.0526 -71.6121
638 -33.0525 -71.6121
416 -33.0513 -71.6156
573 -33.0513 -71.6156
889 -33.0512 -71.6156
170 -33.0511 -71.6156
333 -33.051 -71.6156
113 -33.051 -71.6156
157 -33.0505 -71.6156
639 -33.0509 -71.6156
155 -33.0508 -71.6156
605 -33.0508 -71.6155
763 -33.0506 -71.6155
794 -33.0505 -71.6155
283 -33.0496 -71.6135
383 -33.0495 -71.6139
799 -33.0495 -71.6138
901 -33.0496 -71.6136
694 -33.0495 -71.614
755 -33.0493 -71.6152
55 -33.0493 -71.6152
722 -33.0493 -71.615
939 -33.0493 -71.6154
732 -33.0492 -71.6156
982 -33.0481 -71.6156
9 -33.0492 -71.6155
152 -33.0493 -71.6149
530 -33.0493 -71.6149
716 -33.0495 -71.614
724 -33.0485 -71.6139
827 -33.0484 -71.6142
88 -33.0482 -71.6149
643 -33.0483 -71.6145
968 -33.0486 -71.6134
54 -33.0513 -71.6131
851 -33.051 -71.6131
834 -33.0505 -71.613
394 -33.0503 -71.613
660 -33.0503 -71.613
855 -33.0503 -71.613
314 -33.0502 -71.613
31 -33.0511 -71.613
44 -33.0511 -71.6125
337 -33.0511 -71.6123
758 -33.0511 -71.6122
780 -33.0511 -71.6127
862 -33.0499 -71.6129
77 -33.0511 -71.6129
631 -33.0499 -71.6121
36 -33.0498 -71.6122
440 -33.0496 -71.6132
206 -33.0497 -71.613
604 -33.0493 -71.6129
348 -33.0492 -71.6129
972 -33.0486 -71.6133
793 -33.0486 -71.6133
81 -33.0491 -71.6129
553 -33.049 -71.6129
213 -33.0498 -71.6126
897 -33.0498 -71.6126
868 -33.0498 -71.6123
318 -33.0497 -71.6127
48 -33.0488 -71.6126
933 -33.0488 -71.6125
666 -33.0524 -71.6121
72 -33.059 -71.6105
970 -33.0608 -71.6102
362 -33.0589 -71.6095
463 -33.0588 -71.6105
259 -33.0582 -71.6113
748 -33.0585 -71.6113
606 -33.0582 -71.6106
657 -33.0584 -71.6093
474 -33.0607 -71.6088
677 -33.0607 -71.6087
63 -33.0604 -71.6084
419 -33.0604 -71.6083
454 -33.0582 -71.609
132 -33.0597 -71.6088
138 -33.0583 -71.6085
886 -33.0581 -71.6107
876 -33.0581 -71.6105
866 -33.058 -71.6104
569 -33.0578 -71.6103
384 -33.0577 -71.6102
26 -33.0575 -71.6101
558 -33.0575 -71.6101
510 -33.0574 -71.61
190 -33.0571 -71.6099
715 -33.0579 -71.6082
753 -33.0578 -71.6082
470 -33.0578 -71.6082
458 -33.0578 -71.6082
874 -33.0575 -71.6088
535 -33.0575 -71.6088
378 -33.0578 -71.6082
664 -33.0578 -71.6082
918 -33.0581 -71.6081
810 -33.0582 -71.6081
903 -33.06 -71.6081
219 -33.0581 -71.6081
878 -33.0581 -71.6081
662 -33.0581 -71.6081
772 -33.0581 -71.6081
592 -33.0583 -71.608
672 -33.0599 -71.608
422 -33.0584 -71.608
282 -33.0584 -71.608
46 -33.0584 -71.608
944 -33.0583 -71.608
478 -33.0583 -71.608
833 -33.0584 -71.608
723 -33.058 -71.6081
156 -33.0577 -71.6082
73 -33.0577 -71.6081
489 -33.058 -71.6081
62 -33.0576 -71.6081
350 -33.0576 -71.6081
557 -33.0574 -71.6081
381 -33.0573 -71.6081
110 -33.0573 -71.6081
532 -33.0573 -71.6081
94 -33.0573 -71.6081
746 -33.0573 -71.608
626 -33.0569 -71.608
923 -33.0568 -71.608
183 -33.0568 -71.608
187 -33.0568 -71.6099
681 -33.0556 -71.6105
97 -33.056 -71.6103
2 -33.0564 -71.6096
415 -33.0551 -71.6104
861 -33.0549 -71.6104
268 -33.0551 -71.6101
745 -33.0551 -71.61
540 -33.0557 -71.6094
706 -33.0559 -71.6091
230 -33.055 -71.6082
276 -33.0551 -71.6082
670 -33.055 -71.6083
737 -33.0549 -71.6083
8 -33.0549 -71.6083
244 -33.0549 -71.6083
975 -33.0548 -71.6084
821 -33.0547 -71.6104
143 -33.0547 -71.6104
910 -33.0546 -71.6085
839 -33.0545 -71.6085
707 -33.0544 -71.612
141 -33.0544 -71.6105
564 -33.0544 -71.6085
813 -33.0546 -71.6085
257 -33.0547 -71.6084
242 -33.0548 -71.6084
371 -33.0548 -71.6084
232 -33.0547 -71.6085
215 -33.0546 -71.6085
339 -33.0547 -71.6085
103 -33.0551 -71.6082
952 -33.0568 -71.608
137 -33.0567 -71.608
690 -33.0567 -71.608
846 -33.0566 -71.608
468 -33.0566 -71.608
126 -33.0566 -71.608
328 -33.0566 -71.608
836 -33.0565 -71.608
714 -33.0565 -71.608
167 -33.0565 -71.608
471 -33.0563 -71.608
757 -33.0563 -71.608
981 -33.0563 -71.608
502 -33.0563 -71.608
398 -33.0562 -71.608
966 -33.0562 -71.608
815 -33.0558 -71.6082
390 -33.0551 -71.6081
120 -33.0551 -71.6081
395 -33.0551 -71.6081
993 -33.0551 -71.6082
287 -33.0551 -71.6082
544 -33.0551 -71.6082
782 -33.0552 -71.6081
675 -33.0552 -71.6081
997 -33.0552 -71.6081
357 -33.0553 -71.608
556 -33.0552 -71.6081
375 -33.0552 -71.6081
811 -33.0552 -71.6081
671 -33.0562 -71.608
581 -33.0598 -71.6079
159 -33.0605 -71.6077
925 -33.0605 -71.6077
332 -33.0596 -71.6078
499 -33.0596 -71.6078
79 -33.0595 -71.6077
934 -33.0595 -71.6077
977 -33.0598 -71.6077
469 -33.0594 -71.6076
11 -33.0594 -71.6076
808 -33.0609 -71.6072
461 -33.0593 -71.6076
335 -33.0592 -71.6076
400 -33.0593 -71.6076
280 -33.0591 -71.6075
700 -33.0591 -71.6077
528 -33.059 -71.6079
888 -33.0586 -71.6079
225 -33.0587 -71.6079
858 -33.0586 -71.6079
740 -33.0585 -71.6079
438 -33.0586 -71.6079
980 -33.0579 -71.6078
929 -33.0589 -71.6078
912 -33.059 -71.6077
285 -33.059 -71.6077
473 -33.059 -71.6077
705 -33.0589 -71.6078
555 -33.0581 -71.6076
613 -33.0577 -71.6073
168 -33.0582 -71.6072
281 -33.0602 -71.607
300 -33.0606 -71.6068
311 -33.0598 -71.6063
112 -33.0602 -71.6059
129 -33.0593 -71.6064
296 -33.0593 -71.6064
527 -33.0592 -71.6063
513 -33.0591 -71.6063
491 -33.0605 -71.6058
331 -33.0605 -71.6056
291 -33.0608 -71.6054
441 -33.0615 -71.6049
147 -33.0605 -71.6046
870 -33.0604 -71.6046
90 -33.0596 -71.6045
924 -33.0592 -71.6044
411 -33.059 -71.6065
922 -33.0584 -71.6066
83 -33.0585 -71.6066
873 -33.0587 -71.6066
857 -33.0583 -71.6067
825 -33.0577 -71.6068
954 -33.0578 -71.6068
769 -33.0579 -71.6068
525 -33.059 -71.6063
223 -33.0585 -71.6062
221 -33.0589 -71.6052
196 -33.0585 -71.605
78 -33.0582 -71.6044
477 -33.058 -71.6059
768 -33.0576 -71.6049
984 -33.0575 -71.6066
785 -33.0562 -71.608
752 -33.0562 -71.6079
704 -33.0561 -71.6079
369 -33.0561 -71.6079
56 -33.0561 -71.6079
741 -33.0561 -71.6079
653 -33.0561 -71.6079
236 -33.056 -71.6079
856 -33.0559 -71.6079
182 -33.0559 -71.6079
832 -33.0559 -71.6079
365 -33.0558 -71.6079
673 -33.0556 -71.6079
624 -33.0557 -71.6078
192 -33.0556 -71.6078
770 -33.0556 -71.6079
319 -33.0555 -71.6079
172 -33.0555 -71.6079
199 -33.0555 -71.6079
229 -33.0555 -71.6079
788 -33.0554 -71.6079
321 -33.0554 -71.6079
294 -33.0555 -71.6079
16 -33.0555 -71.6079
882 -33.0556 -71.6078
243 -33.0556 -71.6078
71 -33.0556 -71.6078
845 -33.0556 -71.6078
325 -33.0555 -71.6079
736 -33.0555 -71.6078
505 -33.0556 -71.6078
503 -33.0575 -71.6075
32 -33.0568 -71.6072
261 -33.0573 -71.6069
840 -33.0567 -71.6072
136 -33.0564 -71.6074
158 -33.0566 -71.6072
316 -33.0565 -71.6071
622 -33.0573 -71.6069
843 -33.0575 -71.6069
472 -33.0575 -71.6061
169 -33.0573 -71.6047
620 -33.0573 -71.6047
937 -33.0569 -71.6046
293 -33.0564 -71.6045
99 -33.0563 -71.6044
951 -33.0563 -71.6074
669 -33.0557 -71.6077
404 -33.0559 -71.6076
990 -33.056 -71.6075
349 -33.0557 -71.6077
284 -33.0556 -71.6077
125 -33.0556 -71.6077
417 -33.0557 -71.6077
460 -33.0561 -71.6074
256 -33.0562 -71.6044
98 -33.0561 -71.6044
595 -33.056 -71.6043
957 -33.0554 -71.6044
406 -33.0546 -71.6053
1 -33.0551 -71.6045
30 -33.0544 -71.6046
181 -33.0542 -71.6117
625 -33.0542 -71.6117
562 -33.0542 -71.6117
91 -33.0542 -71.6117
658 -33.0542 -71.6117
534 -33.0541 -71.6116
203 -33.054 -71.6114
623 -33.054 -71.6113
744 -33.0538 -71.6113
867 -33.0539 -71.6113
382 -33.0539 -71.6112
372 -33.0538 -71.611
517 -33.0537 -71.6113
791 -33.0536 -71.6111
566 -33.0535 -71.6111
336 -33.0535 -71.6114
33 -33.052 -71.612
27 -33.0518 -71.6118
278 -33.0518 -71.6118
74 -33.0517 -71.6118
683 -33.0515 -71.612
345 -33.0514 -71.6119
133 -33.0515 -71.6119
920 -33.0523 -71.6117
536 -33.0534 -71.611
429 -33.0534 -71.611
161 -33.0533 -71.611
915 -33.0533 -71.6115
894 -33.0525 -71.6117
180 -33.0528 -71.6116
621 -33.053 -71.6116
270 -33.0533 -71.611
906 -33.0532 -71.6109
508 -33.0532 -71.6109
391 -33.054 -71.6105
617 -33.0531 -71.6109
914 -33.053 -71.6108
995 -33.0529 -71.6108
717 -33.0528 -71.6106
433 -33.0541 -71.6105
931 -33.0541 -71.6105
356 -33.0533 -71.61
943 -33.0532 -71.6097
936 -33.0532 -71.6096
188 -33.0526 -71.6102
59 -33.0526 -71.6102
568 -33.0525 -71.6101
380 -33.0525 -71.6101
618 -33.0524 -71.61
346 -33.0523 -71.6098
719 -33.0514 -71.6097
329 -33.0513 -71.6098
779 -33.0513 -71.6098
241 -33.0513 -71.6098
312 -33.0513 -71.6098
342 -33.0514 -71.6097
428 -33.0516 -71.6095
258 -33.0517 -71.6094
465 -33.0517 -71.6094
651 -33.0516 -71.6096
656 -33.0514 -71.6097
58 -33.0515 -71.6096
401 -33.0512 -71.6119
462 -33.05 -71.6112
648 -33.0501 -71.611
538 -33.0501 -71.6109
374 -33.05 -71.6113
432 -33.05 -71.6114
302 -33.05 -71.6113
515 -33.05 -71.6113
637 -33.0501 -71.6108
234 -33.0501 -71.6104
590 -33.0501 -71.6104
418 -33.0502 -71.6103
680 -33.0501 -71.6104
728 -33.0501 -71.6107
0 -33.0501 -71.6107
701 -33.0501 -71.6104
612 -33.0499 -71.6116
854 -33.0499 -71.612
586 -33.0499 -71.6119
50 -33.0491 -71.6114
435 -33.0491 -71.6114
853 -33.049 -71.6117
140 -33.049 -71.6117
941 -33.0491 -71.6116
960 -33.0496 -71.6112
218 -33.0495 -71.6112
519 -33.0495 -71.6112
436 -33.0493 -71.6112
778 -33.0493 -71.6112
541 -33.0493 -71.6112
84 -33.0492 -71.6112
823 -33.0502 -71.6103
548 -33.0509 -71.6102
522 -33.0509 -71.6102
709 -33.0509 -71.6102
665 -33.0509 -71.6102
444 -33.0508 -71.6102
207 -33.0508 -71.6102
76 -33.0508 -71.6102
847 -33.0507 -71.6102
947 -33.0512 -71.6099
596 -33.0512 -71.6099
96 -33.0512 -71.6098
804 -33.0511 -71.61
86 -33.051 -71.6101
518 -33.0511 -71.61
685 -33.0511 -71.61
654 -33.0507 -71.6102
807 -33.0502 -71.6102
64 -33.0506 -71.6102
240 -33.0505 -71.6102
457 -33.0502 -71.6102
231 -33.0502 -71.6103
119 -33.0502 -71.6103
634 -33.0502 -71.6103
425 -33.0504 -71.6102
363 -33.0505 -71.6102
178 -33.0505 -71.6102
153 -33.0505 -71.6102
828 -33.0504 -71.6101
481 -33.0504 -71.6101
956 -33.0502 -71.6101
971 -33.0496 -71.6094
731 -33.0543 -71.6085
358 -33.0543 -71.6085
65 -33.0543 -71.6085
578 -33.0543 -71.6085
267 -33.0542 -71.6085
989 -33.0542 -71.6085
122 -33.0541 -71.6085
895 -33.0542 -71.6085
397 -33.0542 -71.6085
193 -33.0541 -71.6085
245 -33.0542 -71.6085
806 -33.0541 -71.6085
691 -33.0541 -71.6085
308 -33.0541 -71.6085
720 -33.0541 -71.6085
247 -33.054 -71.6085
921 -33.0536 -71.6085
667 -33.0536 -71.6085
913 -33.0537 -71.6085
184 -33.0535 -71.6085
289 -33.0535 -71.6085
6 -33.0535 -71.6085
567 -33.0535 -71.6085
359 -33.0537 -71.6085
887 -33.054 -71.6085
388 -33.054 -71.6085
21 -33.0539 -71.6085
554 -33.0539 -71.6085
871 -33.0537 -71.6085
299 -33.0539 -71.6085
67 -33.0538 -71.6085
628 -33.0538 -71.6085
194 -33.0539 -71.6085
682 -33.0539 -71.6085
875 -33.0538 -71.6085
410 -33.0538 -71.6085
264 -33.0538 -71.6085
616 -33.0533 -71.6084
492 -33.0533 -71.6084
552 -33.0533 -71.6084
893 -33.0533 -71.6084
149 -33.0536 -71.6047
826 -33.0543 -71.6046
41 -33.0533 -71.6084
959 -33.0532 -71.6084
896 -33.0532 -71.6084
776 -33.0532 -71.6065
965 -33.0532 -71.6084
650 -33.0531 -71.6084
445 -33.0531 -71.6084
689 -33.0531 -71.6084
609 -33.053 -71.6084
104 -33.053 -71.6083
800 -33.053 -71.6083
490 -33.053 -71.6083
28 -33.0529 -71.6083
47 -33.0528 -71.6083
135 -33.0528 -71.6083
953 -33.0528 -71.6083
37 -33.0527 -71.6083
594 -33.0527 -71.6082
570 -33.0527 -71.6082
39 -33.0526 -71.6082
898 -33.0521 -71.6087
246 -33.0522 -71.6084
969 -33.0522 -71.6084
524 -33.0521 -71.6087
559 -33.052 -71.6093
974 -33.052 -71.6088
338 -33.0521 -71.6088
841 -33.0522 -71.6084
45 -33.0526 -71.6082
777 -33.0526 -71.6082
514 -33.0526 -71.6082
630 -33.0526 -71.6082
451 -33.0522 -71.6082
426 -33.0526 -71.6082
95 -33.0522 -71.6082
379 -33.052 -71.6091
439 -33.0518 -71.6093
164 -33.0518 -71.6093
539 -33.0519 -71.6092
526 -33.0518 -71.6093
248 -33.0496 -71.6094
932 -33.0517 -71.6094
317 -33.0518 -71.6094
817 -33.0519 -71.6092
750 -33.0519 -71.6091
766 -33.0519 -71.6091
4 -33.0516 -71.6082
695 -33.0511 -71.6085
899 -33.0501 -71.6091
985 -33.051 -71.6085
443 -33.0525 -71.6082
699 -33.0525 -71.6082
584 -33.0525 -71.6082
114 -33.0525 -71.6082
926 -33.0525 -71.6082
330 -33.0522 -71.6082
543 -33.0524 -71.6081
344 -33.0524 -71.6081
396 -33.0524 -71.6081
352 -33.0524 -71.6081
781 -33.0524 -71.607
121 -33.0526 -71.6068
131 -33.0523 -71.6081
663 -33.0522 -71.6081
928 -33.0522 -71.6081
684 -33.0523 -71.6081
507 -33.0522 -71.6075
824 -33.0522 -71.6081
459 -33.0521 -71.6081
162 -33.0519 -71.6081
798 -33.0518 -71.6081
865 -33.0517 -71.6081
288 -33.0518 -71.6081
249 -33.0518 -71.6081
702 -33.0519 -71.6081
3 -33.052 -71.6081
792 -33.0521 -71.6079
729 -33.0521 -71.6079
814 -33.052 -71.608
486 -33.052 -71.608
533 -33.0509 -71.6051
