550 -33.0552 -71.6215
66 -33.0552 -71.6215
85 -33.0551 -71.6214
142 -33.0551 -71.6214
176 -33.0551 -71.6217
497 -33.0551 -71.6213
647 -33.0551 -71.6212
115 -33.0551 -71.6212
5 -33.0551 -71.6212
796 -33.0551 -71.6212
890 -33.0551 -71.6211
226 -33.0551 -71.6211
703 -33.0551 -71.6211
38 -33.0551 -71.621
315 -33.0551 -71.6209
940 -33.0551 -71.6217
479 -33.0548 -71.6221
53 -33.0549 -71.622
961 -33.0549 -71.622
217 -33.0548 -71.6221
883 -33.0546 -71.6225
109 -33.0547 -71.6223
697 -33.0548 -71.6222
313 -33.055 -71.6219
500 -33.055 -71.6208
327 -33.055 -71.6208
678 -33.0549 -71.6206
260 -33.0549 -71.6205
487 -33.0548 -71.6203
266 -33.0546 -71.6203
253 -33.0546 -71.6202
930 -33.0546 -71.6202
189 -33.0566 -71.6182
367 -33.0565 -71.6182
475 -33.058 -71.6176
978 -33.0562 -71.6181
408 -33.0555 -71.6173
537 -33.0556 -71.6172
407 -33.0556 -71.617
582 -33.0557 -71.6167
668 -33.0561 -71.6161
57 -33.0562 -71.616
646 -33.0562 -71.6159
413 -33.0558 -71.6164
963 -33.0557 -71.6166
765 -33.0558 -71.6164
18 -33.0556 -71.6159
370 -33.0554 -71.6174
42 -33.0548 -71.6184
301 -33.0548 -71.6184
134 -33.055 -71.618
361 -33.0547 -71.6184
177 -33.0545 -71.6202
69 -33.0545 -71.6184
542 -33.0547 -71.6184
816 -33.055 -71.6179
549 -33.0554 -71.6179
255 -33.0554 -71.6175
822 -33.0554 -71.6158
450 -33.0553 -71.6158
881 -33.0551 -71.6179
376 -33.0552 -71.6178
979 -33.0544 -71.6228
710 -33.0543 -71.6239
92 -33.0543 -71.6239
987 -33.0543 -71.6238
25 -33.0543 -71.6237
629 -33.0536 -71.6245
409 -33.0541 -71.6244
598 -33.0543 -71.6234
589 -33.0543 -71.6232
786 -33.0543 -71.6231
829 -33.0544 -71.623
880 -33.0541 -71.6199
179 -33.0537 -71.6197
210 -33.0535 -71.6192
377 -33.0535 -71.619
434 -33.0534 -71.6187
761 -33.0534 -71.6187
838 -33.0534 -71.6188
198 -33.0533 -71.6188
844 -33.0534 -71.6188
849 -33.0533 -71.6246
973 -33.0533 -71.6188
713 -33.0533 -71.6188
775 -33.0532 -71.6188
767 -33.0532 -71.6188
891 -33.0532 -71.6188
466 -33.053 -71.6187
547 -33.053 -71.6187
495 -33.0525 -71.6186
166 -33.0525 -71.6186
323 -33.0525 -71.6186
852 -33.0512 -71.6186
163 -33.0512 -71.6186
919 -33.0538 -71.6184
809 -33.0539 -71.6184
760 -33.0539 -71.6184
456 -33.0536 -71.6184
341 -33.0535 -71.6186
355 -33.0536 -71.6185
803 -33.0536 -71.6185
216 -33.054 -71.6184
373 -33.0542 -71.6184
698 -33.0543 -71.6184
754 -33.0543 -71.6184
455 -33.0541 -71.6184
587 -33.0541 -71.6184
271 -33.0539 -71.6166
290 -33.0532 -71.6162
730 -33.0526 -71.6158
687 -33.0522 -71.6185
448 -33.0522 -71.6185
831 -33.0521 -71.6185
431 -33.0521 -71.6185
340 -33.052 -71.6185
399 -33.0519 -71.6185
262 -33.0519 -71.6185
116 -33.0519 -71.6185
632 -33.0514 -71.6184
727 -33.0514 -71.6184
614 -33.0513 -71.6184
250 -33.0513 -71.6184
17 -33.0512 -71.6184
393 -33.0512 -71.6183
389 -33.0551 -71.6158
531 -33.0563 -71.6151
560 -33.0563 -71.6151
483 -33.0563 -71.615
501 -33.0563 -71.6151
124 -33.0562 -71.6152
994 -33.0562 -71.6151
774 -33.0562 -71.6151
842 -33.0563 -71.615
118 -33.0576 -71.6149
976 -33.0575 -71.6149
945 -33.0574 -71.6149
482 -33.0573 -71.6149
561 -33.0566 -71.6149
991 -33.0573 -71.6149
948 -33.0573 -71.6148
286 -33.0561 -71.6158
686 -33.0559 -71.6158
818 -33.0561 -71.6158
879 -33.0561 -71.6157
743 -33.055 -71.6158
476 -33.0549 -71.6158
251 -33.0548 -71.6158
955 -33.0547 -71.6157
60 -33.0561 -71.6156
869 -33.056 -71.6155
20 -33.056 -71.6155
608 -33.056 -71.6155
950 -33.056 -71.6155
127 -33.0556 -71.6156
640 -33.056 -71.6154
464 -33.056 -71.6154
297 -33.0567 -71.6148
872 -33.0573 -71.6147
19 -33.0575 -71.6128
790 -33.0573 -71.6128
326 -33.0572 -71.6127
420 -33.057 -71.6127
414 -33.057 -71.6127
576 -33.0568 -71.6126
521 -33.0568 -71.6126
43 -33.0568 -71.6126
747 -33.0568 -71.6126
354 -33.0568 -71.6126
917 -33.0564 -71.6124
579 -33.0564 -71.6124
368 -33.0563 -71.6124
523 -33.056 -71.6123
298 -33.0557 -71.6123
619 -33.0555 -71.6131
467 -33.0557 -71.6131
967 -33.0554 -71.6124
305 -33.0552 -71.6124
154 -33.0551 -71.6131
962 -33.0548 -71.6129
591 -33.0548 -71.6129
237 -33.0554 -71.6124
563 -33.0548 -71.6124
209 -33.0548 -71.6124
238 -33.0555 -71.6124
51 -33.0548 -71.6124
642 -33.0547 -71.6124
366 -33.0546 -71.6124
627 -33.0546 -71.6124
726 -33.0546 -71.6157
279 -33.0545 -71.6157
123 -33.0545 -71.6157
602 -33.0544 -71.6157
107 -33.0544 -71.6157
693 -33.0543 -71.6157
520 -33.0543 -71.6157
269 -33.0542 -71.6157
146 -33.0539 -71.6156
762 -33.0545 -71.6149
105 -33.0539 -71.6145
442 -33.0539 -71.6156
580 -33.0538 -71.6156
150 -33.0535 -71.6155
641 -33.0534 -71.6155
488 -33.0531 -71.6155
546 -33.0524 -71.6157
254 -33.0522 -71.6157
117 -33.0522 -71.6157
292 -33.0522 -71.6157
992 -33.052 -71.6156
812 -33.052 -71.6156
892 -33.0519 -71.6156
721 -33.0518 -71.6156
864 -33.0518 -71.6156
908 -33.0517 -71.6156
819 -33.0531 -71.6155
545 -33.0517 -71.6156
787 -33.0516 -71.6156
946 -33.0515 -71.6156
405 -33.0539 -71.6144
636 -33.0546 -71.6127
958 -33.0546 -71.6124
751 -33.0546 -71.6124
307 -33.0546 -71.6124
175 -33.0543 -71.6124
52 -33.0545 -71.6124
402 -33.0545 -71.6123
452 -33.0543 -71.6123
733 -33.0543 -71.6123
927 -33.0544 -71.6122
773 -33.0544 -71.6122
173 -33.0542 -71.6123
61 -33.0541 -71.6123
12 -33.0542 -71.6122
480 -33.054 -71.6122
571 -33.0539 -71.6122
907 -33.0538 -71.6144
446 -33.0534 -71.6142
423 -33.0532 -71.614
403 -33.0532 -71.614
145 -33.0529 -71.6138
171 -33.0525 -71.6136
611 -33.0523 -71.6135
711 -33.0523 -71.6134
585 -33.0512 -71.6131
801 -33.0511 -71.6124
214 -33.0538 -71.6122
661 -33.0511 -71.6125
725 -33.0511 -71.6125
87 -33.0511 -71.6125
372 -33.0511 -71.6126
111 -33.051 -71.6186
144 -33.051 -71.6186
597 -33.0509 -71.6185
101 -33.0504 -71.6218
633 -33.0501 -71.6204
447 -33.0499 -71.6203
34 -33.0497 -71.62
412 -33.0507 -71.6184
128 -33.051 -71.6182
504 -33.051 -71.6182
830 -33.051 -71.6182
859 -33.0503 -71.6183
999 -33.0501 -71.6183
364 -33.0499 -71.6178
904 -33.0499 -71.6178
935 -33.0496 -71.6199
493 -33.0496 -71.6198
732 -33.0495 -71.6195
130 -33.0494 -71.6177
716 -33.0491 -71.6181
694 -33.0491 -71.6181
799 -33.0489 -71.6179
901 -33.0488 -71.6178
165 -33.0493 -71.6176
983 -33.0491 -71.6176
10 -33.049 -71.6176
949 -33.049 -71.6176
573 -33.0488 -71.6174
170 -33.0487 -71.6176
440 -33.0488 -71.6175
889 -33.0488 -71.6174
206 -33.0488 -71.6174
273 -33.0494 -71.6165
13 -33.0494 -71.6164
572 -33.0494 -71.6164
191 -33.0493 -71.6165
174 -33.0493 -71.6165
652 -33.0493 -71.6165
631 -33.0491 -71.6163
834 -33.0491 -71.6163
688 -33.0496 -71.6162
574 -33.0496 -71.6161
106 -33.0496 -71.6161
850 -33.0495 -71.6162
854 -33.0491 -71.6163
884 -33.0495 -71.6162
586 -33.0491 -71.6162
692 -33.0491 -71.6165
263 -33.0489 -71.6169
213 -33.049 -71.6169
897 -33.049 -71.6168
453 -33.0489 -71.617
416 -33.0488 -71.6173
239 -33.0489 -71.617
318 -33.0489 -71.617
529 -33.049 -71.6167
394 -33.049 -71.6166
868 -33.0491 -71.6165
660 -33.0491 -71.6165
36 -33.049 -71.6166
712 -33.049 -71.6167
900 -33.049 -71.6166
333 -33.0487 -71.6177
764 -33.0477 -71.6199
509 -33.0477 -71.6199
583 -33.0477 -71.6198
485 -33.0476 -71.62
360 -33.0475 -71.6204
718 -33.0475 -71.6204
80 -33.0476 -71.6201
911 -33.0478 -71.6197
939 -33.0479 -71.6195
755 -33.048 -71.6193
55 -33.048 -71.6193
9 -33.0479 -71.6195
427 -33.0478 -71.6196
484 -33.0478 -71.6196
644 -33.0479 -71.6195
516 -33.0474 -71.6207
277 -33.0473 -71.621
322 -33.0473 -71.621
802 -33.0473 -71.621
139 -33.0473 -71.6211
205 -33.0473 -71.6212
820 -33.0473 -71.6211
938 -33.0473 -71.6211
735 -33.0473 -71.6209
696 -33.0474 -71.6208
222 -33.0474 -71.6207
988 -33.0471 -71.6202
982 -33.0468 -71.6195
220 -33.0467 -71.6199
784 -33.0467 -71.6199
152 -33.0482 -71.6191
635 -33.0483 -71.6188
708 -33.0484 -71.6186
157 -33.0485 -71.6183
511 -33.0483 -71.6188
722 -33.0482 -71.6191
530 -33.0482 -71.6191
610 -33.0482 -71.619
794 -33.0485 -71.6182
155 -33.0486 -71.6179
113 -33.0487 -71.6178
283 -33.0487 -71.6177
639 -33.0486 -71.6179
763 -33.0485 -71.6182
383 -33.0486 -71.6181
605 -33.0486 -71.6179
853 -33.048 -71.6159
968 -33.0474 -71.6177
793 -33.0475 -71.6175
972 -33.0475 -71.6174
724 -33.0473 -71.618
88 -33.047 -71.6191
643 -33.0471 -71.6186
827 -33.0472 -71.6184
553 -33.0477 -71.6168
81 -33.0478 -71.6165
604 -33.0478 -71.6165
140 -33.048 -71.6159
348 -33.0478 -71.6166
933 -33.0477 -71.6167
48 -33.0477 -71.6167
612 -33.0492 -71.6159
385 -33.0505 -71.6157
756 -33.0505 -71.6157
860 -33.0511 -71.6156
430 -33.0505 -71.6156
783 -33.0505 -71.6157
496 -33.0499 -71.6157
75 -33.0499 -71.6157
565 -33.0511 -71.6156
320 -33.051 -71.6156
744 -33.0511 -71.6131
835 -33.051 -71.6131
201 -33.0509 -71.6131
795 -33.0508 -71.6155
93 -33.0506 -71.6155
148 -33.0505 -71.6155
195 -33.0498 -71.6157
304 -33.0497 -71.6159
278 -33.0496 -71.6137
548 -33.0496 -71.6137
74 -33.0495 -71.6138
64 -33.0495 -71.6139
654 -33.0495 -71.6138
27 -33.0495 -71.6138
76 -33.0496 -71.6137
86 -33.0496 -71.6134
518 -33.0496 -71.6134
804 -33.0496 -71.6133
665 -33.0496 -71.6136
207 -33.0496 -71.6136
522 -33.0496 -71.6136
709 -33.0496 -71.6136
517 -33.0511 -71.6131
942 -33.0508 -71.6131
739 -33.0508 -71.6131
392 -33.0508 -71.6131
100 -33.0507 -71.6131
336 -33.0507 -71.6131
902 -33.0507 -71.6131
915 -33.0506 -71.613
621 -33.0503 -71.613
599 -33.0511 -71.6129
265 -33.0511 -71.6127
877 -33.0511 -71.6126
655 -33.0511 -71.6129
749 -33.0503 -71.613
996 -33.0502 -71.613
180 -33.0501 -71.613
805 -33.05 -71.613
659 -33.05 -71.613
186 -33.05 -71.613
588 -33.0498 -71.6129
894 -33.0498 -71.6129
329 -33.0497 -71.613
638 -33.0497 -71.6129
666 -33.0497 -71.6129
24 -33.0496 -71.6129
258 -33.0498 -71.6125
428 -33.0498 -71.6124
539 -33.0498 -71.6122
656 -33.0497 -71.6128
920 -33.0496 -71.6129
964 -33.0496 -71.6129
240 -33.0495 -71.614
77 -33.0493 -71.6154
780 -33.0493 -71.6152
637 -33.0493 -71.6151
374 -33.0492 -71.6155
302 -33.0492 -71.6156
432 -33.0492 -71.6156
462 -33.0492 -71.6156
0 -33.0493 -71.615
956 -33.0494 -71.6144
457 -33.0494 -71.6144
401 -33.0494 -71.6143
680 -33.0494 -71.6147
337 -33.0494 -71.6148
701 -33.0494 -71.6148
234 -33.0494 -71.6147
851 -33.0483 -71.6145
314 -33.0481 -71.6154
855 -33.0481 -71.6153
84 -33.0481 -71.6153
50 -33.0481 -71.6156
941 -33.048 -71.6158
862 -33.048 -71.6157
435 -33.0481 -71.6156
778 -33.0482 -71.6152
218 -33.0482 -71.615
960 -33.0482 -71.6149
515 -33.0483 -71.6145
519 -33.0482 -71.615
541 -33.0482 -71.6152
436 -33.0482 -71.6152
31 -33.0484 -71.6143
828 -33.0495 -71.6142
425 -33.0495 -71.6141
363 -33.0495 -71.6141
481 -33.0495 -71.6143
807 -33.0486 -71.6134
178 -33.0487 -71.6131
153 -33.0487 -71.613
345 -33.0487 -71.6129
494 -33.0492 -71.6129
444 -33.0488 -71.6126
685 -33.0489 -71.6123
899 -33.0488 -71.6127
683 -33.0488 -71.6129
133 -33.0488 -71.6129
847 -33.0488 -71.6128
231 -33.0486 -71.6135
248 -33.0486 -71.6136
590 -33.0486 -71.6136
758 -33.0486 -71.6136
44 -33.0485 -71.6138
648 -33.0484 -71.6142
538 -33.0484 -71.6141
728 -33.0485 -71.6139
418 -33.0486 -71.6135
971 -33.0486 -71.6135
823 -33.0486 -71.6135
119 -33.0486 -71.6135
353 -33.048 -71.6128
54 -33.0477 -71.6127
634 -33.0479 -71.6124
679 -33.0544 -71.6122
259 -33.0556 -71.6105
72 -33.0555 -71.6105
463 -33.0555 -71.6104
384 -33.055 -71.6104
274 -33.0545 -71.6122
874 -33.0545 -71.6105
866 -33.0546 -71.6105
970 -33.0574 -71.61
132 -33.0561 -71.6095
606 -33.056 -71.609
876 -33.0561 -71.6089
886 -33.056 -71.609
748 -33.0558 -71.6095
723 -33.0546 -71.6085
662 -33.0546 -71.6085
35 -33.0544 -71.6122
676 -33.0543 -71.6119
424 -33.0543 -71.6119
303 -33.0543 -71.6119
512 -33.0542 -71.6117
14 -33.0537 -71.6122
7 -33.0541 -71.6116
674 -33.0541 -71.6116
848 -33.0541 -71.6116
797 -33.0541 -71.6115
506 -33.054 -71.6114
569 -33.0544 -71.6105
26 -33.054 -71.6105
40 -33.054 -71.6113
910 -33.0539 -71.6112
242 -33.0538 -71.611
878 -33.0546 -71.6085
489 -33.0545 -71.6085
769 -33.0545 -71.6085
954 -33.0545 -71.6085
378 -33.0544 -71.6085
458 -33.0544 -71.6085
715 -33.0544 -71.6085
825 -33.0543 -71.6085
753 -33.0543 -71.6085
772 -33.0547 -71.6085
219 -33.0547 -71.6085
918 -33.0547 -71.6085
980 -33.0546 -71.6085
664 -33.0543 -71.6085
470 -33.0543 -71.6085
984 -33.0543 -71.6085
156 -33.0542 -71.6085
540 -33.0542 -71.6085
73 -33.0542 -71.6085
62 -33.0542 -71.6085
503 -33.0541 -71.6085
350 -33.0541 -71.6085
843 -33.0541 -71.6085
261 -33.054 -71.6085
622 -33.054 -71.6085
557 -33.0539 -71.6085
381 -33.0539 -71.6085
532 -33.0539 -71.6085
110 -33.0538 -71.6085
94 -33.0538 -71.6085
746 -33.0538 -71.6085
2 -33.0537 -71.6109
351 -33.0537 -71.6122
29 -33.0536 -71.6122
15 -33.0536 -71.6122
295 -33.0534 -71.6122
197 -33.0532 -71.6121
909 -33.0532 -71.6121
299 -33.0533 -71.6115
97 -33.0535 -71.6114
578 -33.0536 -71.6113
49 -33.0537 -71.6111
737 -33.0537 -71.6109
212 -33.0535 -71.611
603 -33.0534 -71.611
601 -33.0533 -71.611
224 -33.0533 -71.6109
645 -33.0532 -71.6109
916 -33.0531 -71.6121
252 -33.0528 -71.6121
577 -33.0528 -71.6121
789 -33.0528 -71.6121
387 -33.0528 -71.6121
23 -33.0528 -71.6121
272 -33.0526 -71.6121
310 -33.0524 -71.6121
89 -33.0532 -71.6109
551 -33.0531 -71.6109
681 -33.0531 -71.6109
268 -33.0528 -71.6116
415 -33.0526 -71.6116
745 -33.0527 -71.6116
575 -33.0531 -71.6109
187 -33.0536 -71.6108
276 -33.0536 -71.6107
190 -33.0536 -71.6105
120 -33.0535 -71.6105
390 -33.0535 -71.6105
556 -33.0535 -71.6105
782 -33.0535 -71.6105
675 -33.0535 -71.6105
811 -33.0535 -71.6105
32 -33.0535 -71.6085
923 -33.0534 -71.6085
706 -33.0534 -71.6085
505 -33.0533 -71.61
626 -33.0534 -71.6085
840 -33.0534 -71.6085
192 -33.0533 -71.6099
22 -33.053 -71.6108
228 -33.0529 -71.6107
600 -33.0528 -71.6105
885 -33.0528 -71.6105
204 -33.0527 -71.6104
343 -33.0527 -71.6104
211 -33.0527 -71.6104
863 -33.0526 -71.6103
861 -33.0526 -71.6103
324 -33.0525 -71.6102
593 -33.0525 -71.6102
734 -33.0525 -71.6101
821 -33.0525 -71.61
421 -33.0525 -71.61
183 -33.0533 -71.6085
300 -33.0579 -71.6082
474 -33.0577 -71.6081
528 -33.0581 -71.6081
808 -33.0576 -71.6081
677 -33.0575 -71.6081
281 -33.0573 -71.6081
419 -33.057 -71.608
63 -33.0569 -71.608
925 -33.0569 -71.608
159 -33.0569 -71.608
280 -33.0569 -71.608
903 -33.0565 -71.608
672 -33.0564 -71.608
581 -33.0564 -71.608
977 -33.0563 -71.608
362 -33.0562 -71.6079
558 -33.0558 -71.6081
477 -33.0553 -71.608
510 -33.0557 -71.608
873 -33.0553 -71.6081
438 -33.0551 -71.6081
83 -33.0552 -71.6081
225 -33.0552 -71.6081
705 -33.0553 -71.608
454 -33.0561 -71.6079
535 -33.0554 -71.6079
332 -33.0561 -71.6079
473 -33.0554 -71.6079
912 -33.0554 -71.6079
285 -33.0554 -71.6079
613 -33.0554 -71.6079
499 -33.056 -71.6079
525 -33.0565 -71.6073
112 -33.0567 -71.6072
491 -33.057 -71.6071
311 -33.0562 -71.6074
79 -33.056 -71.6079
934 -33.0559 -71.6079
469 -33.0559 -71.6079
331 -33.0571 -71.607
291 -33.0575 -71.6069
147 -33.0571 -71.6047
441 -33.0581 -71.6044
870 -33.057 -71.6047
768 -33.0568 -71.6046
90 -33.0563 -71.6044
924 -33.0559 -71.6043
11 -33.0558 -71.6079
461 -33.0557 -71.6078
400 -33.0557 -71.6078
335 -33.0556 -71.6078
411 -33.0556 -71.6078
223 -33.0555 -71.6079
700 -33.0555 -71.6078
657 -33.0556 -71.6078
929 -33.0556 -71.6078
527 -33.0557 -71.6077
296 -33.0557 -71.6077
129 -33.0558 -71.6077
513 -33.0557 -71.6077
196 -33.0553 -71.6048
221 -33.0556 -71.6044
858 -33.0551 -71.6082
944 -33.0548 -71.6084
592 -33.0548 -71.6084
478 -33.0548 -71.6084
810 -33.0547 -71.6084
158 -33.0533 -71.6084
952 -33.0533 -71.6084
316 -33.0532 -71.6084
555 -33.0548 -71.6084
857 -33.0549 -71.6083
46 -33.0549 -71.6083
282 -33.0549 -71.6083
422 -33.0549 -71.6083
138 -33.0548 -71.6083
472 -33.0549 -71.6083
833 -33.0549 -71.6083
690 -33.0532 -71.6084
137 -33.0532 -71.6084
846 -33.0532 -71.6084
328 -33.0531 -71.6084
468 -33.0531 -71.6084
126 -33.0531 -71.6084
836 -33.053 -71.6084
714 -33.053 -71.6083
167 -33.053 -71.6083
136 -33.053 -71.6083
951 -33.0529 -71.6083
471 -33.0529 -71.6083
502 -33.0529 -71.6083
981 -33.0528 -71.6083
757 -33.0528 -71.6083
785 -33.0528 -71.6083
922 -33.055 -71.6082
168 -33.0551 -71.6082
888 -33.0551 -71.6082
740 -33.055 -71.6082
398 -33.0528 -71.6083
671 -33.0528 -71.6082
966 -33.0527 -71.6082
595 -33.0531 -71.6066
98 -33.0545 -71.6063
937 -33.0537 -71.6061
78 -33.0547 -71.6046
620 -33.0537 -71.6048
256 -33.0532 -71.6065
169 -33.0537 -71.6048
293 -33.0529 -71.6047
99 -33.0527 -71.6047
752 -33.0527 -71.6082
460 -33.0527 -71.6082
369 -33.0527 -71.6082
56 -33.0526 -71.6082
704 -33.0526 -71.6082
653 -33.0526 -71.6082
741 -33.0526 -71.6082
990 -33.0526 -71.6082
236 -33.0525 -71.6082
815 -33.0525 -71.6082
182 -33.0525 -71.6082
404 -33.0525 -71.6082
832 -33.0525 -71.6082
856 -33.0524 -71.6081
365 -33.0524 -71.6081
160 -33.0523 -71.612
998 -33.0523 -71.612
649 -33.0523 -71.612
347 -33.0522 -71.612
386 -33.0521 -71.612
986 -33.052 -71.612
742 -33.052 -71.612
309 -33.0518 -71.612
936 -33.0518 -71.6118
141 -33.0519 -71.6118
143 -33.0522 -71.6117
943 -33.0517 -71.6118
151 -33.0516 -71.612
905 -33.0516 -71.612
931 -33.0517 -71.6118
759 -33.0516 -71.612
102 -33.0515 -71.612
108 -33.0514 -71.612
200 -33.0513 -71.6119
208 -33.0513 -71.6119
837 -33.0511 -71.6122
70 -33.0512 -71.6121
334 -33.0512 -71.612
202 -33.0513 -71.6119
391 -33.0515 -71.6119
356 -33.0515 -71.6119
433 -33.0516 -71.6119
615 -33.0512 -71.6119
275 -33.0505 -71.6113
449 -33.0504 -71.6113
953 -33.0502 -71.6103
507 -33.0502 -71.6103
359 -33.051 -71.6101
264 -33.0511 -71.61
410 -33.0511 -71.61
667 -33.051 -71.6101
921 -33.0509 -71.6102
184 -33.0509 -71.6102
871 -33.051 -71.6101
67 -33.0511 -71.61
806 -33.0512 -71.6098
247 -33.0513 -71.6098
227 -33.0523 -71.6098
887 -33.0512 -71.6099
875 -33.0511 -71.61
682 -33.0511 -71.61
554 -33.0512 -71.6099
567 -33.0509 -71.6102
6 -33.0508 -71.6102
289 -33.0508 -71.6102
616 -33.0507 -71.6102
552 -33.0506 -71.6102
41 -33.0506 -71.6102
893 -33.0505 -71.6102
445 -33.0504 -71.6102
965 -33.0505 -71.6102
959 -33.0505 -71.6102
689 -33.0504 -71.6102
104 -33.0503 -71.6101
609 -33.0503 -71.6102
490 -33.0502 -71.6101
995 -33.0502 -71.6101
37 -33.0502 -71.6103
524 -33.0499 -71.6116
841 -33.05 -71.6113
246 -33.05 -71.6113
379 -33.0499 -71.612
164 -33.0498 -71.6122
750 -33.0499 -71.612
898 -33.0498 -71.6113
974 -33.0497 -71.6113
969 -33.05 -71.6112
451 -33.05 -71.611
95 -33.05 -71.611
338 -33.0497 -71.6113
817 -33.0494 -71.6112
33 -33.0494 -71.6112
766 -33.0494 -71.6112
439 -33.0492 -71.6112
342 -33.049 -71.6119
58 -33.0491 -71.6116
651 -33.0491 -71.6116
719 -33.049 -71.6119
947 -33.0489 -71.6121
596 -33.0489 -71.6121
779 -33.049 -71.612
465 -33.0491 -71.6114
932 -33.0491 -71.6113
526 -33.0491 -71.6112
317 -33.0491 -71.6112
312 -33.0485 -71.6112
241 -33.0485 -71.6111
96 -33.0484 -71.6111
684 -33.0501 -71.6109
114 -33.0501 -71.6107
584 -33.0501 -71.6106
699 -33.0501 -71.6106
396 -33.0501 -71.6107
352 -33.0501 -71.6108
926 -33.0501 -71.6108
543 -33.0501 -71.6108
443 -33.0501 -71.6105
570 -33.0501 -71.6105
594 -33.0501 -71.6104
135 -33.0502 -71.6103
777 -33.0501 -71.6105
630 -33.0501 -71.6105
426 -33.0501 -71.6105
45 -33.0501 -71.6105
131 -33.0501 -71.6108
330 -33.0501 -71.6109
792 -33.0501 -71.6109
3 -33.0495 -71.6099
729 -33.0495 -71.6099
814 -33.0494 -71.6099
702 -33.0493 -71.6099
486 -33.0493 -71.6099
249 -33.0492 -71.6099
798 -33.0491 -71.6099
288 -33.0491 -71.6099
865 -33.049 -71.6099
4 -33.0489 -71.6099
695 -33.0484 -71.6098
985 -33.0483 -71.6098
691 -33.0513 -71.6098
771 -33.0523 -71.6098
607 -33.0523 -71.6098
498 -33.0522 -71.6096
68 -33.0522 -71.6096
235 -33.0522 -71.6096
997 -33.0521 -71.6086
181 -33.0521 -71.6086
357 -33.0521 -71.6086
294 -33.0522 -71.6083
736 -33.0522 -71.6083
882 -33.0522 -71.6082
199 -33.0522 -71.6084
229 -33.0522 -71.6084
321 -33.0522 -71.6084
319 -33.0522 -71.6084
233 -33.0521 -71.6094
437 -33.0521 -71.6094
738 -33.0521 -71.6094
82 -33.0521 -71.6094
306 -33.052 -71.6094
731 -33.0515 -71.6096
813 -33.0517 -71.6094
257 -33.0518 -71.6093
371 -33.0519 -71.6092
670 -33.052 -71.609
230 -33.052 -71.6089
375 -33.0521 -71.6087
185 -33.0519 -71.6092
707 -33.0519 -71.6091
562 -33.0515 -71.6089
91 -33.0515 -71.6088
395 -33.0516 -71.6082
669 -33.0523 -71.6081
125 -33.0522 -71.6081
624 -33.0523 -71.6081
284 -33.0522 -71.6082
243 -33.0522 -71.6081
71 -33.0522 -71.6081
845 -33.0522 -71.6081
417 -33.0523 -71.6081
349 -33.0523 -71.6081
673 -33.0523 -71.6081
382 -33.0523 -71.6081
770 -33.0523 -71.608
325 -33.0522 -71.6079
406 -33.0522 -71.6078
788 -33.0522 -71.6077
16 -33.0521 -71.6081
172 -33.0521 -71.6081
287 -33.0519 -71.6076
244 -33.0521 -71.607
103 -33.0519 -71.6076
544 -33.0517 -71.6081
993 -33.0519 -71.6076
975 -33.0516 -71.6075
564 -33.0518 -71.6064
358 -33.0518 -71.6063
65 -33.0517 -71.6062
957 -33.0518 -71.6047
122 -33.0517 -71.6062
388 -33.0516 -71.606
1 -33.0517 -71.605
628 -33.0515 -71.6059
625 -33.0515 -71.6088
534 -33.0515 -71.6088
658 -33.0515 -71.6088
397 -33.0514 -71.6097
720 -33.0513 -71.6098
245 -33.0514 -71.6097
267 -33.0514 -71.6097
203 -33.0513 -71.6086
623 -33.0512 -71.6086
867 -33.0512 -71.6086
791 -33.0508 -71.6085
566 -33.0507 -71.6085
193 -33.0507 -71.6085
776 -33.0506 -71.6085
536 -33.0506 -71.6085
429 -33.0506 -71.6085
344 -33.0496 -71.6095
39 -33.0496 -71.6092
650 -33.0501 -71.6091
663 -33.0495 -71.6096
459 -33.0495 -71.6098
824 -33.0495 -71.6098
928 -33.0495 -71.6097
121 -33.0501 -71.6091
270 -33.0505 -71.6085
161 -33.0505 -71.6085
906 -33.0504 -71.6085
781 -33.05 -71.6091
28 -33.0499 -71.6091
47 -33.0498 -71.6091
215 -33.0511 -71.6085
8 -33.0515 -71.6083
232 -33.0514 -71.6075
339 -33.0514 -71.6075
839 -33.0512 -71.6074
895 -33.0508 -71.6074
989 -33.0508 -71.6074
308 -33.0508 -71.6074
21 -33.0507 -71.6073
913 -33.0513 -71.6059
30 -33.0511 -71.6051
826 -33.0511 -71.6051
149 -33.051 -71.6062
492 -33.051 -71.6058
896 -33.0508 -71.6058
800 -33.0507 -71.6057
194 -33.0506 -71.6073
508 -33.0503 -71.6085
914 -33.0502 -71.6085
617 -33.0501 -71.6085
717 -33.0499 -71.6084
188 -33.0495 -71.6084
59 -33.0495 -71.6084
380 -33.0495 -71.6084
568 -33.0494 -71.6084
618 -33.0492 -71.6083
346 -33.049 -71.6083
514 -33.0502 -71.6056
559 -33.0485 -71.6082
162 -33.0483 -71.6082
533 -33.0479 -71.604
