253 -33.0528 -71.6246
930 -33.0528 -71.6246
266 -33.0527 -71.6246
678 -33.0523 -71.6244
497 -33.0519 -71.6246
115 -33.0519 -71.6246
327 -33.0522 -71.6244
315 -33.052 -71.6243
880 -33.0533 -71.6239
177 -33.0529 -71.6238
487 -33.0526 -71.6236
260 -33.0525 -71.6236
38 -33.052 -71.6243
500 -33.0522 -71.6235
703 -33.052 -71.6234
142 -33.0519 -71.6248
940 -33.0518 -71.6252
961 -33.0517 -71.6252
176 -33.0518 -71.625
479 -33.0514 -71.6252
217 -33.0514 -71.6252
109 -33.0512 -71.6251
883 -33.0511 -71.6251
66 -33.0518 -71.6249
85 -33.0519 -71.6248
226 -33.0519 -71.6243
5 -33.0518 -71.6243
796 -33.0518 -71.6243
647 -33.0517 -71.6243
550 -33.0515 -71.6243
697 -33.0509 -71.6243
890 -33.0518 -71.6234
179 -33.0526 -71.6223
377 -33.0531 -71.6222
210 -33.0531 -71.6222
373 -33.052 -71.62
355 -33.0515 -71.6201
456 -33.0515 -71.6201
919 -33.0516 -71.62
587 -33.0519 -71.6199
69 -33.0521 -71.6199
542 -33.052 -71.6197
301 -33.0519 -71.6197
216 -33.0518 -71.6199
816 -33.0516 -71.6192
881 -33.0515 -71.6192
376 -33.0515 -71.6191
134 -33.0515 -71.6192
313 -33.0512 -71.6232
694 -33.0512 -71.6232
547 -33.0515 -71.621
53 -33.0512 -71.6231
716 -33.0511 -71.6232
799 -33.0511 -71.623
901 -33.051 -71.6229
713 -33.0514 -71.6207
775 -33.0514 -71.6207
341 -33.0513 -71.6203
761 -33.0512 -71.6203
838 -33.0512 -71.6203
973 -33.0511 -71.6202
370 -33.051 -71.6187
283 -33.0509 -71.6228
101 -33.0506 -71.6257
829 -33.0506 -71.6251
633 -33.0508 -71.6251
786 -33.0505 -71.6251
598 -33.0504 -71.6258
92 -33.0498 -71.6252
987 -33.0498 -71.6252
34 -33.0507 -71.6248
935 -33.0506 -71.6246
732 -33.0503 -71.6242
440 -33.0508 -71.6227
979 -33.0501 -71.6242
25 -33.0495 -71.6243
589 -33.0498 -71.6243
493 -33.0499 -71.6243
447 -33.0494 -71.6243
409 -33.0493 -71.6253
710 -33.0492 -71.6243
412 -33.0492 -71.6223
206 -33.0489 -71.6224
629 -33.0486 -71.6253
999 -33.0488 -71.6226
859 -33.0489 -71.6225
597 -33.0493 -71.6222
144 -33.0493 -71.6221
852 -33.0493 -71.622
250 -33.0493 -71.6216
17 -33.0492 -71.6217
213 -33.0487 -71.622
163 -33.0491 -71.6219
111 -33.0489 -71.6219
632 -33.0493 -71.6216
116 -33.0506 -71.6213
399 -33.0506 -71.6213
432 -33.0506 -71.6211
302 -33.0505 -71.6211
637 -33.0502 -71.6209
680 -33.0502 -71.6205
956 -33.05 -71.6203
425 -33.0497 -71.6201
74 -33.0496 -71.6199
361 -33.05 -71.6188
42 -33.05 -71.6188
891 -33.0495 -71.6197
76 -33.0495 -71.6197
198 -33.0495 -71.6195
804 -33.0495 -71.6195
760 -33.0495 -71.6188
831 -33.0494 -71.6208
448 -33.0494 -71.6208
687 -33.0494 -71.6208
340 -33.0494 -71.6208
77 -33.0493 -71.6212
262 -33.0493 -71.6209
234 -33.0493 -71.6205
323 -33.0493 -71.6203
86 -33.0494 -71.6194
434 -33.0494 -71.6194
844 -33.0494 -71.6194
401 -33.0494 -71.6202
166 -33.0493 -71.6203
656 -33.0494 -71.6189
869 -33.0527 -71.6187
646 -33.0524 -71.6186
57 -33.0522 -71.6185
668 -33.0522 -71.6185
413 -33.0517 -71.6184
765 -33.0516 -71.6184
189 -33.0515 -71.6184
963 -33.0515 -71.6184
367 -33.0515 -71.6184
560 -33.0531 -71.6183
774 -33.053 -71.6183
475 -33.0532 -71.6173
297 -33.0526 -71.6158
18 -33.0515 -71.6166
931 -33.052 -71.616
936 -33.052 -71.6159
356 -33.0514 -71.616
582 -33.0513 -71.6183
978 -33.0513 -71.6183
407 -33.0511 -71.6182
537 -33.0511 -71.6186
255 -33.0507 -71.6185
549 -33.0506 -71.6184
408 -33.0508 -71.6181
743 -33.0509 -71.6163
389 -33.051 -71.6163
286 -33.0514 -71.6159
818 -33.0514 -71.6158
822 -33.0504 -71.6158
726 -33.0497 -71.6159
955 -33.0497 -71.6158
450 -33.0503 -71.6158
943 -33.0514 -71.6157
118 -33.0531 -71.6155
872 -33.053 -71.6155
976 -33.053 -71.6154
945 -33.053 -71.6155
842 -33.0521 -71.6156
991 -33.0529 -71.6156
482 -33.0529 -71.6154
561 -33.0522 -71.6149
483 -33.052 -71.6148
531 -33.052 -71.6147
948 -33.0532 -71.614
501 -33.0519 -71.6147
124 -33.0519 -71.6148
792 -33.0518 -71.6147
299 -33.0518 -71.6147
737 -33.0517 -71.6138
464 -33.0516 -71.6156
640 -33.0515 -71.6156
950 -33.0515 -71.6156
608 -33.0515 -71.6156
476 -33.0499 -71.6157
251 -33.0499 -71.6157
20 -33.0514 -71.6156
60 -33.0513 -71.6156
578 -33.0515 -71.6144
910 -33.0515 -71.6141
242 -33.0516 -71.6139
507 -33.0514 -71.6143
879 -33.0513 -71.6156
268 -33.0507 -71.6152
123 -33.0497 -71.6159
428 -33.0493 -71.6184
539 -33.0493 -71.6184
698 -33.0491 -71.6176
379 -33.0491 -71.6182
754 -33.0491 -71.6176
455 -33.049 -71.6176
570 -33.049 -71.6168
641 -33.049 -71.6168
426 -33.0495 -71.6166
442 -33.0493 -71.6165
146 -33.0493 -71.6165
580 -33.0493 -71.6165
150 -33.049 -71.6167
609 -33.049 -71.6166
271 -33.0492 -71.6165
524 -33.0489 -71.618
246 -33.0487 -71.6177
841 -33.0487 -71.6177
809 -33.0487 -71.6176
730 -33.0486 -71.6179
292 -33.0485 -71.6184
750 -33.0485 -71.6183
803 -33.0486 -71.6179
95 -33.0488 -71.6174
543 -33.0489 -71.6172
699 -33.0489 -71.6171
443 -33.0489 -71.6169
396 -33.0489 -71.6172
684 -33.0488 -71.6173
352 -33.0488 -71.6172
488 -33.0486 -71.6165
107 -33.0496 -71.6161
602 -33.0496 -71.616
279 -33.0497 -71.6159
520 -33.0496 -71.6161
269 -33.0495 -71.6162
693 -33.0496 -71.6161
921 -33.0492 -71.6157
141 -33.0492 -71.6156
257 -33.0494 -71.6143
295 -33.0495 -71.614
375 -33.0496 -71.6137
415 -33.0494 -71.6148
682 -33.0492 -71.6155
554 -33.0493 -71.6154
887 -33.0493 -71.6153
871 -33.0492 -71.6158
893 -33.0491 -71.6162
391 -33.0491 -71.6162
959 -33.0491 -71.6162
689 -33.0491 -71.6164
953 -33.0489 -71.6164
819 -33.0486 -71.6164
290 -33.0485 -71.6164
433 -33.0491 -71.6161
41 -33.0491 -71.6161
6 -33.0492 -71.6159
184 -33.0492 -71.6158
731 -33.0485 -71.6139
160 -33.0484 -71.6141
267 -33.0484 -71.614
254 -33.0484 -71.6185
849 -33.0484 -71.6253
897 -33.0473 -71.6228
529 -33.0474 -71.6227
130 -33.0472 -71.6228
318 -33.0471 -71.6228
453 -33.0471 -71.6228
263 -33.0472 -71.6228
900 -33.0474 -71.6227
36 -33.0474 -71.6227
394 -33.0474 -71.6226
660 -33.0474 -71.6226
868 -33.0474 -71.6226
692 -33.0474 -71.6226
631 -33.0474 -71.6224
854 -33.0474 -71.6224
735 -33.047 -71.625
820 -33.0466 -71.6257
205 -33.0466 -71.6257
938 -33.0466 -71.6257
802 -33.0466 -71.6256
139 -33.0466 -71.6257
277 -33.0466 -71.6256
322 -33.0466 -71.6256
696 -33.0466 -71.6255
360 -33.0467 -71.6248
889 -33.0467 -71.6229
983 -33.047 -71.6228
516 -33.0465 -71.6253
222 -33.0465 -71.6252
718 -33.0465 -71.625
605 -33.0464 -71.6229
834 -33.0474 -71.6223
337 -33.0484 -71.6207
701 -33.0483 -71.6206
457 -33.0482 -71.6204
780 -33.0482 -71.621
586 -33.0474 -71.6222
191 -33.0474 -71.6222
374 -33.048 -71.6212
828 -33.0475 -71.6204
783 -33.0481 -71.6203
481 -33.0481 -71.6203
363 -33.048 -71.6202
430 -33.048 -71.6202
727 -33.0474 -71.6203
614 -33.0474 -71.6203
240 -33.0476 -71.6201
612 -33.0473 -71.6218
884 -33.0473 -71.6218
688 -33.0472 -71.6217
0 -33.0473 -71.6211
195 -33.0472 -71.6213
462 -33.0472 -71.6216
904 -33.0464 -71.621
13 -33.0465 -71.6208
572 -33.0465 -71.6208
574 -33.0466 -71.6204
648 -33.0466 -71.6203
538 -33.0466 -71.6203
106 -33.0466 -71.6204
31 -33.0465 -71.6206
850 -33.0465 -71.6204
80 -33.0463 -71.6247
485 -33.0463 -71.6247
764 -33.0461 -71.6245
509 -33.0461 -71.6245
583 -33.0461 -71.6245
911 -33.046 -71.6245
939 -33.0459 -71.6243
9 -33.0458 -71.6242
55 -33.0457 -71.6241
484 -33.046 -71.6241
708 -33.0459 -71.6234
383 -33.0461 -71.623
511 -33.0458 -71.6236
755 -33.0457 -71.6241
152 -33.0457 -71.6238
530 -33.0457 -71.6238
722 -33.0457 -71.6239
88 -33.0439 -71.6243
643 -33.0442 -71.6241
827 -33.0444 -71.624
982 -33.0435 -71.6245
220 -33.0434 -71.6249
784 -33.0434 -71.6249
988 -33.0435 -71.6246
427 -33.0444 -71.6239
972 -33.0451 -71.6232
635 -33.0451 -71.6232
157 -33.0453 -71.6227
793 -33.045 -71.6233
644 -33.0446 -71.6238
724 -33.0448 -71.6237
553 -33.0453 -71.6227
435 -33.046 -71.6218
855 -33.0461 -71.6216
314 -33.0461 -71.6215
862 -33.046 -71.6219
170 -33.0457 -71.6222
573 -33.0459 -71.622
941 -33.046 -71.6219
519 -33.0463 -71.6212
515 -33.0463 -71.6203
851 -33.0462 -71.6203
273 -33.0461 -71.6202
174 -33.0461 -71.6202
712 -33.0457 -71.6202
778 -33.0457 -71.6202
218 -33.0459 -71.6201
84 -33.0457 -71.6204
81 -33.0455 -71.6225
348 -33.0455 -71.6225
639 -33.0456 -71.6224
933 -33.0454 -71.6226
794 -33.0454 -71.6227
48 -33.0454 -71.6226
610 -33.0447 -71.6224
113 -33.0456 -71.6223
604 -33.045 -71.6206
10 -33.0455 -71.6204
333 -33.045 -71.6203
155 -33.045 -71.6206
968 -33.0446 -71.6223
763 -33.0449 -71.6207
830 -33.047 -71.6201
329 -33.048 -71.6193
495 -33.0481 -71.6192
787 -33.0482 -71.619
565 -33.0479 -71.6196
654 -33.0478 -71.6199
431 -33.0478 -71.6197
518 -33.0479 -71.6196
721 -33.0482 -71.6189
767 -33.0484 -71.6187
992 -33.0484 -71.6186
164 -33.0484 -71.6186
812 -33.0483 -71.6187
258 -33.0482 -71.6189
864 -33.0483 -71.6189
180 -33.0483 -71.6188
207 -33.0478 -71.6197
548 -33.0478 -71.6198
709 -33.0478 -71.6198
522 -33.0478 -71.6198
278 -33.0477 -71.6199
64 -33.0476 -71.6201
93 -33.0477 -71.62
27 -33.0477 -71.6199
665 -33.0478 -71.6197
685 -33.0472 -71.6185
947 -33.0472 -71.6184
320 -33.0472 -71.6183
444 -33.0471 -71.6188
345 -33.047 -71.6191
683 -33.047 -71.6191
847 -33.047 -71.6191
920 -33.0472 -71.6183
466 -33.0478 -71.6173
817 -33.0476 -71.6173
336 -33.0477 -71.6169
439 -33.0475 -71.6175
805 -33.0474 -71.6177
465 -33.0475 -71.6176
932 -33.0475 -71.6175
974 -33.0477 -71.6169
67 -33.0484 -71.6144
649 -33.0484 -71.6142
998 -33.0484 -71.6141
445 -33.0482 -71.6153
546 -33.0476 -71.6162
801 -33.048 -71.6159
777 -33.048 -71.6159
651 -33.0473 -71.618
342 -33.0473 -71.6182
860 -33.0473 -71.6181
117 -33.0473 -71.6162
779 -33.0473 -71.6183
58 -33.047 -71.6171
892 -33.047 -71.6161
131 -33.0471 -71.615
372 -33.0471 -71.6148
594 -33.0471 -71.6145
334 -33.0472 -71.6142
965 -33.0473 -71.6139
661 -33.0471 -71.6147
114 -33.0471 -71.6148
926 -33.047 -71.6148
153 -33.0469 -71.6192
496 -33.0469 -71.6201
231 -33.0468 -71.6197
807 -33.0468 -71.6196
971 -33.0468 -71.6198
728 -33.0467 -71.6201
418 -33.0468 -71.6198
504 -33.0467 -71.6194
178 -33.0469 -71.6194
638 -33.0469 -71.6171
894 -33.0469 -71.6171
719 -33.0467 -71.6171
596 -33.0466 -71.617
44 -33.0464 -71.6193
304 -33.0463 -71.6193
795 -33.0465 -71.617
756 -33.046 -71.6169
541 -33.0457 -71.6201
436 -33.0457 -71.6201
165 -33.0455 -71.62
50 -33.0454 -71.62
239 -33.0453 -71.62
949 -33.0452 -71.6199
853 -33.0451 -71.6199
416 -33.0451 -71.6199
364 -33.0456 -71.6191
652 -33.0456 -71.6191
899 -33.046 -71.6169
248 -33.0454 -71.6172
140 -33.0451 -71.6199
960 -33.0454 -71.619
393 -33.0459 -71.6169
908 -33.0469 -71.6161
545 -33.0468 -71.6161
451 -33.0469 -71.6148
946 -33.0467 -71.6161
317 -33.0467 -71.6161
666 -33.0462 -71.616
96 -33.046 -71.616
599 -33.0469 -71.6147
729 -33.0468 -71.6147
655 -33.0468 -71.6147
835 -33.0466 -71.6147
942 -33.0464 -71.6147
201 -33.0464 -71.6147
392 -33.0463 -71.6147
338 -33.0463 -71.6147
766 -33.0459 -71.6146
128 -33.0457 -71.6169
148 -33.0456 -71.616
385 -33.0455 -71.616
119 -33.0453 -71.6169
823 -33.0453 -71.6169
590 -33.0453 -71.6169
758 -33.0452 -71.6169
133 -33.0453 -71.616
526 -33.0457 -71.6146
588 -33.0454 -71.6145
312 -33.0451 -71.6145
241 -33.0451 -71.6145
75 -33.0448 -71.6159
634 -33.0448 -71.6159
2 -33.0518 -71.6137
120 -33.0519 -71.6135
390 -33.0519 -71.6134
994 -33.0522 -71.6134
811 -33.0519 -71.6134
276 -33.0518 -71.6135
675 -33.0519 -71.6134
556 -33.0519 -71.6133
782 -33.0519 -71.6133
810 -33.0522 -71.6117
772 -33.0522 -71.6117
132 -33.0523 -71.6117
19 -33.052 -71.612
505 -33.0516 -71.6131
790 -33.0518 -71.612
326 -33.0517 -71.612
192 -33.0516 -71.6131
298 -33.0511 -71.6131
874 -33.0511 -71.6131
866 -33.0511 -71.613
686 -33.0509 -71.6131
238 -33.0508 -71.6131
26 -33.0506 -71.613
127 -33.0505 -71.613
463 -33.0512 -71.612
414 -33.0515 -71.612
420 -33.0515 -71.612
576 -33.0513 -71.6119
43 -33.0513 -71.6119
521 -33.0513 -71.6119
747 -33.0513 -71.6119
72 -33.0512 -71.6119
592 -33.0524 -71.6117
873 -33.0529 -71.6116
970 -33.0532 -71.6115
98 -33.0532 -71.6115
83 -33.0528 -71.6116
922 -33.0525 -71.6117
917 -33.0514 -71.6117
523 -33.0514 -71.6114
354 -33.0527 -71.6104
579 -33.0524 -71.61
368 -33.0523 -71.6098
467 -33.0521 -71.6095
619 -33.052 -71.6092
636 -33.0513 -71.6098
469 -33.0514 -71.6097
591 -33.0514 -71.6097
513 -33.0512 -71.6099
569 -33.051 -71.6114
305 -33.0506 -71.6113
225 -33.0508 -71.6102
857 -33.0505 -71.6102
962 -33.0504 -71.6113
46 -33.0505 -71.6102
35 -33.0504 -71.6101
773 -33.0504 -71.6101
52 -33.0511 -71.61
400 -33.0511 -71.61
307 -33.0512 -71.6099
402 -33.0511 -71.61
274 -33.0507 -71.6092
190 -33.0504 -71.6092
422 -33.0504 -71.6102
51 -33.0502 -71.613
642 -33.0501 -71.613
958 -33.05 -71.613
187 -33.0498 -71.6129
669 -33.0497 -71.613
856 -33.0497 -71.6128
704 -33.0498 -71.6126
671 -33.0498 -71.6125
923 -33.0499 -71.6117
32 -33.0499 -71.6116
746 -33.05 -71.6113
626 -33.0499 -71.6117
316 -33.0499 -71.612
158 -33.0499 -71.612
137 -33.0499 -71.6119
349 -33.0497 -71.6131
321 -33.0496 -71.6134
480 -33.0496 -71.6134
882 -33.0497 -71.6132
762 -33.0496 -71.6135
319 -33.0496 -71.6135
229 -33.0496 -71.6135
199 -33.0496 -71.6135
284 -33.0497 -71.6132
351 -33.0491 -71.6129
14 -33.0491 -71.6129
398 -33.0491 -71.6114
182 -33.049 -71.6118
97 -33.0489 -71.6129
404 -33.049 -71.6119
733 -33.0497 -71.6113
825 -33.0501 -71.6106
378 -33.0501 -71.6105
954 -33.0501 -71.6105
470 -33.0501 -71.6108
110 -33.05 -71.6112
94 -33.05 -71.6112
622 -33.05 -71.6111
769 -33.0501 -71.6104
944 -33.0502 -71.6102
472 -33.0504 -71.6102
555 -33.0503 -71.6102
937 -33.0502 -71.6099
662 -33.0502 -71.6104
219 -33.0502 -71.6103
674 -33.0497 -71.61
173 -33.0496 -71.6112
840 -33.0496 -71.6112
846 -33.0494 -71.6112
571 -33.0493 -71.6112
214 -33.0493 -71.6112
167 -33.0492 -71.6112
145 -33.0492 -71.6112
29 -33.0491 -71.6112
981 -33.0491 -71.6112
261 -33.0495 -71.6098
843 -33.0495 -71.6096
984 -33.0496 -71.6095
15 -33.049 -71.6112
603 -33.0489 -71.6099
952 -33.0488 -71.6098
525 -33.0519 -71.6092
528 -33.0528 -71.6083
300 -33.0526 -71.6082
748 -33.0525 -71.6081
474 -33.0524 -71.6081
259 -33.0519 -71.6091
925 -33.052 -71.6089
291 -33.0523 -71.6081
808 -33.0522 -71.6081
677 -33.0522 -71.6081
175 -33.0522 -71.6078
280 -33.0522 -71.6073
491 -33.0521 -71.6076
281 -33.052 -71.608
331 -33.052 -71.608
63 -33.052 -71.6076
886 -33.0519 -71.6076
237 -33.0518 -71.6091
967 -33.0517 -71.609
154 -33.0517 -71.609
384 -33.0514 -71.6088
563 -33.0514 -71.6087
209 -33.0512 -71.6086
366 -33.0512 -71.6086
627 -33.0511 -71.6086
419 -33.0518 -71.6081
112 -33.0518 -71.6076
876 -33.0517 -71.6075
927 -33.0514 -71.6076
751 -33.0512 -71.6085
672 -33.0512 -71.6084
196 -33.0513 -71.6084
768 -33.0522 -71.6072
159 -33.0521 -71.6072
606 -33.0521 -71.6071
679 -33.0521 -71.607
903 -33.052 -71.6069
311 -33.0519 -71.6067
303 -33.0519 -71.6067
581 -33.0519 -71.6067
332 -33.0518 -71.6064
499 -33.0517 -71.6063
79 -33.0517 -71.6062
441 -33.0527 -71.6048
147 -33.0517 -71.6048
40 -33.0517 -71.6062
506 -33.0517 -71.6061
870 -33.0517 -71.605
461 -33.0517 -71.606
558 -33.0515 -71.6067
527 -33.0516 -71.606
929 -33.0515 -71.606
411 -33.0515 -71.6059
129 -33.0514 -71.6067
335 -33.0511 -71.6067
657 -33.0511 -71.6067
212 -33.0512 -71.6059
223 -33.0515 -71.6058
473 -33.0515 -71.6057
858 -33.0513 -71.6053
551 -33.0512 -71.6052
705 -33.0511 -71.6058
90 -33.0512 -71.6052
977 -33.0511 -71.6085
454 -33.051 -71.6086
452 -33.0509 -71.6085
362 -33.051 -71.6085
61 -33.0506 -71.6085
535 -33.0504 -71.6088
613 -33.0504 -71.6088
12 -33.0505 -71.6085
912 -33.0502 -71.6085
934 -33.051 -71.6074
512 -33.0509 -71.6074
11 -33.0509 -71.6074
510 -33.0508 -71.6074
797 -33.0508 -71.6074
296 -33.0507 -71.6073
848 -33.0507 -71.6073
740 -33.0501 -71.6091
282 -33.05 -71.6091
676 -33.05 -71.6084
424 -33.05 -71.6084
888 -33.0498 -71.6084
723 -33.0497 -71.6091
503 -33.0492 -71.6091
7 -33.0496 -71.6084
833 -33.0495 -71.6084
478 -33.0495 -71.6084
438 -33.0501 -71.6072
138 -33.0497 -71.6071
228 -33.0493 -71.607
49 -33.0491 -71.6083
715 -33.049 -71.6083
753 -33.0492 -71.607
221 -33.051 -71.606
645 -33.051 -71.6058
168 -33.051 -71.6058
700 -33.0509 -71.6067
285 -33.0509 -71.6067
477 -33.0507 -71.6066
918 -33.0505 -71.6057
878 -33.0504 -71.6056
980 -33.0508 -71.6051
924 -33.0508 -71.605
489 -33.0507 -71.605
156 -33.0505 -71.6049
540 -33.0505 -71.6049
73 -33.0503 -71.6048
557 -33.0502 -71.6047
458 -33.0502 -71.6055
664 -33.0501 -71.6055
593 -33.05 -71.6055
78 -33.0499 -71.6055
421 -33.0498 -71.6054
62 -33.049 -71.607
350 -33.049 -71.607
227 -33.0498 -71.6054
381 -33.0497 -71.6054
532 -33.0497 -71.6054
706 -33.0497 -71.6044
169 -33.0492 -71.6035
620 -33.0491 -71.6035
502 -33.0489 -71.6048
752 -33.0488 -71.6046
181 -33.0488 -71.6046
577 -33.0486 -71.6134
197 -33.0486 -71.6129
105 -33.0486 -71.6129
405 -33.0486 -71.6129
745 -33.0486 -71.6136
252 -33.0486 -71.6135
310 -33.0478 -71.6129
907 -33.0486 -71.6129
916 -33.0484 -71.6129
387 -33.0482 -71.6128
23 -33.0481 -71.6128
446 -33.0481 -71.6128
272 -33.048 -71.6128
423 -33.0478 -71.6128
403 -33.0478 -71.6128
806 -33.0477 -71.613
309 -33.0475 -71.6136
567 -33.0474 -71.6134
759 -33.0473 -71.6134
616 -33.0473 -71.6134
781 -33.0472 -71.6133
552 -33.0471 -71.6133
208 -33.047 -71.6133
615 -33.0469 -71.6133
386 -33.0477 -71.613
143 -33.0477 -71.613
245 -33.0476 -71.6127
986 -33.0476 -71.6133
202 -33.0469 -71.6133
410 -33.0476 -71.6133
691 -33.0475 -71.6127
247 -33.0475 -71.6127
741 -33.0487 -71.6112
236 -33.0487 -71.6112
832 -33.0487 -71.6112
909 -33.0486 -71.6112
371 -33.0479 -71.6122
997 -33.0481 -71.6116
294 -33.0483 -71.6112
789 -33.0482 -71.6111
468 -33.0487 -71.6098
126 -33.0486 -71.6098
22 -33.0486 -71.6098
681 -33.0485 -71.6098
736 -33.0482 -71.6111
357 -33.048 -71.6111
575 -33.0485 -71.6098
813 -33.0479 -71.6124
776 -33.0478 -71.6127
359 -33.0472 -71.6127
171 -33.0471 -71.6127
151 -33.047 -71.6127
102 -33.0469 -71.6126
108 -33.0468 -71.6126
711 -33.0468 -71.6126
611 -33.0473 -71.6121
230 -33.0478 -71.6111
347 -33.0476 -71.611
670 -33.0475 -71.611
742 -33.0475 -71.611
905 -33.0471 -71.611
397 -33.0468 -71.6109
104 -33.0468 -71.6133
837 -33.0467 -71.6132
630 -33.0464 -71.6132
725 -33.0463 -71.6132
584 -33.0463 -71.6132
877 -33.0462 -71.6132
330 -33.046 -71.6131
517 -33.0459 -71.6131
200 -33.0467 -71.6126
70 -33.0464 -71.6125
490 -33.0464 -71.6125
37 -33.0462 -71.6124
135 -33.0462 -71.6124
87 -33.0462 -71.6124
45 -33.046 -71.6124
265 -33.046 -71.6124
744 -33.0458 -71.6131
969 -33.0458 -71.6131
898 -33.0456 -71.613
739 -33.0455 -71.613
902 -33.0455 -71.613
915 -33.0454 -71.613
749 -33.045 -71.6129
996 -33.045 -71.6129
585 -33.0457 -71.6123
100 -33.0452 -71.6121
621 -33.0448 -71.612
659 -33.0446 -71.612
985 -33.0442 -71.612
24 -33.0441 -71.6122
964 -33.0442 -71.6121
186 -33.0446 -71.612
720 -33.0467 -71.6109
875 -33.0464 -71.6109
264 -33.0463 -71.6109
667 -33.0462 -71.6108
289 -33.046 -71.6108
449 -33.045 -71.6108
275 -33.045 -71.6107
663 -33.0447 -71.6105
193 -33.0461 -71.6098
121 -33.0451 -71.6098
650 -33.045 -71.6098
28 -33.0448 -71.6098
344 -33.0447 -71.6103
39 -33.0447 -71.61
47 -33.0447 -71.6098
995 -33.0447 -71.6099
494 -33.0447 -71.6107
824 -33.0447 -71.6107
928 -33.0447 -71.6106
459 -33.0447 -71.6107
798 -33.0446 -71.6112
486 -33.0446 -71.6111
814 -33.0447 -71.6109
3 -33.0446 -71.6106
702 -33.0446 -71.6105
249 -33.0446 -71.6104
33 -33.0446 -71.6103
288 -33.0446 -71.6103
4 -33.0445 -71.6102
865 -33.0445 -71.6101
757 -33.0484 -71.6098
653 -33.0482 -71.6098
990 -33.0482 -71.6098
183 -33.0485 -71.6091
211 -33.0482 -71.6091
885 -33.0481 -71.6098
861 -33.0478 -71.6098
324 -33.048 -71.6091
785 -33.0479 -71.6091
601 -33.0487 -71.6083
256 -33.0487 -71.6083
595 -33.0486 -71.6083
224 -33.0486 -71.6082
89 -33.0485 -71.6082
600 -33.0479 -71.6082
343 -33.0478 -71.6082
204 -33.0478 -71.6082
243 -33.0477 -71.6098
845 -33.0477 -71.6098
821 -33.0477 -71.6091
16 -33.0477 -71.6098
395 -33.0471 -71.6098
172 -33.0476 -71.6098
406 -33.0472 -71.609
328 -33.0478 -71.6082
836 -33.0477 -71.6082
714 -33.0476 -71.6082
136 -33.0476 -71.6082
734 -33.0475 -71.6082
951 -33.0475 -71.6082
771 -33.0472 -71.6082
607 -33.0472 -71.6082
235 -33.0471 -71.6082
471 -33.048 -71.6067
690 -33.0484 -71.6066
966 -33.0488 -71.6046
863 -33.0479 -71.6076
56 -33.0478 -71.6067
460 -33.0478 -71.6067
369 -33.0479 -71.6067
815 -33.0486 -71.6043
673 -33.0485 -71.6041
382 -33.0485 -71.6041
293 -33.0485 -71.6037
770 -33.0485 -71.6041
788 -33.0483 -71.6039
99 -33.0483 -71.6038
244 -33.0481 -71.6031
957 -33.0476 -71.6067
498 -33.0474 -71.6073
365 -33.0475 -71.6067
624 -33.0476 -71.6067
233 -33.0474 -71.6071
437 -33.0474 -71.6069
185 -33.0473 -71.6068
325 -33.0473 -71.6067
91 -33.0473 -71.6062
287 -33.0473 -71.6061
564 -33.0472 -71.6042
122 -33.0472 -71.6039
358 -33.0471 -71.6043
536 -33.0471 -71.605
65 -33.047 -71.6043
1 -33.047 -71.6044
8 -33.0469 -71.6098
68 -33.047 -71.6081
417 -33.0469 -71.6081
707 -33.0468 -71.609
215 -33.0466 -71.6098
623 -33.0462 -71.609
125 -33.0468 -71.6081
306 -33.0468 -71.6081
71 -33.0467 -71.6081
82 -33.0467 -71.6081
738 -33.0467 -71.6081
544 -33.0462 -71.6081
562 -33.046 -71.6081
625 -33.046 -71.6081
149 -33.0458 -71.6071
895 -33.0458 -71.6071
867 -33.0457 -71.608
566 -33.0452 -71.608
270 -33.045 -71.608
429 -33.045 -71.608
695 -33.0442 -71.6095
353 -33.0442 -71.6095
54 -33.0442 -71.6091
914 -33.0447 -71.608
161 -33.0456 -71.6072
989 -33.0457 -71.6071
308 -33.0457 -71.6071
194 -33.0456 -71.6071
59 -33.0445 -71.6072
21 -33.0455 -71.6071
380 -33.0445 -71.6071
993 -33.0467 -71.6069
534 -33.0468 -71.6069
658 -33.0468 -71.6069
203 -33.0465 -71.607
339 -33.0462 -71.607
975 -33.0464 -71.607
232 -33.0463 -71.6069
103 -33.0468 -71.6069
913 -33.0466 -71.6045
628 -33.0467 -71.6045
388 -33.0468 -71.6044
30 -33.0465 -71.6042
791 -33.0463 -71.6068
826 -33.0463 -71.6046
492 -33.0464 -71.6042
906 -33.0462 -71.6062
839 -33.0461 -71.607
617 -33.0456 -71.6068
508 -33.0462 -71.6061
717 -33.0455 -71.6065
618 -33.0444 -71.6069
162 -33.0437 -71.6064
568 -33.0455 -71.606
188 -33.0455 -71.606
896 -33.0461 -71.6047
514 -33.0458 -71.6045
800 -33.0461 -71.6043
346 -33.0454 -71.6055
533 -33.0429 -71.6059
559 -33.0452 -71.605
