145 -33.0624 -71.6158
179 -33.0626 -71.6157
495 -33.0624 -71.6156
448 -33.0622 -71.6158
171 -33.0621 -71.6158
908 -33.0618 -71.6158
166 -33.0622 -71.6154
290 -33.0633 -71.6154
619 -33.064 -71.6153
271 -33.0641 -71.6153
754 -33.0641 -71.6152
466 -33.0628 -71.6153
403 -33.0622 -71.6152
838 -33.062 -71.6152
907 -33.0621 -71.6151
930 -33.0616 -71.6158
393 -33.0612 -71.616
506 -33.0613 -71.6159
727 -33.0614 -71.6159
327 -33.061 -71.616
585 -33.0607 -71.6162
597 -33.0608 -71.6161
128 -33.061 -71.6161
487 -33.0614 -71.6159
946 -33.0615 -71.6158
614 -33.0611 -71.6155
423 -33.061 -71.6154
803 -33.061 -71.6154
154 -33.0607 -71.6155
446 -33.0608 -71.6155
456 -33.0609 -71.6154
760 -33.0621 -71.6151
455 -33.0633 -71.6149
286 -33.0627 -71.6136
14 -33.0627 -71.6136
958 -33.0627 -71.6136
978 -33.0627 -71.6151
301 -33.0626 -71.615
475 -33.0626 -71.615
582 -33.0626 -71.6135
531 -33.0639 -71.6133
238 -33.0639 -71.6133
118 -33.0639 -71.6133
52 -33.0629 -71.6132
917 -33.0623 -71.6135
51 -33.0623 -71.6135
255 -33.0626 -71.6129
501 -33.0622 -71.6135
127 -33.0608 -71.6136
351 -33.0622 -71.6134
819 -33.061 -71.6134
483 -33.0607 -71.6139
123 -33.0606 -71.6141
686 -33.0607 -71.614
424 -33.0607 -71.6139
994 -33.061 -71.6134
274 -33.061 -71.6134
762 -33.061 -71.6134
579 -33.0621 -71.6131
198 -33.061 -71.6134
809 -33.061 -71.6134
189 -33.061 -71.6134
467 -33.0606 -71.6141
611 -33.0604 -71.6156
431 -33.0601 -71.6144
117 -33.0601 -71.6144
367 -33.06 -71.6144
100 -33.06 -71.6159
262 -33.06 -71.6145
228 -33.06 -71.6144
546 -33.0601 -71.6144
7 -33.0604 -71.6142
767 -33.0605 -71.6142
61 -33.0606 -71.6141
49 -33.0603 -71.6142
279 -33.0602 -71.6143
711 -33.0603 -71.6143
945 -33.0603 -71.6143
89 -33.06 -71.6144
904 -33.0599 -71.6165
698 -33.0597 -71.6147
739 -33.0598 -71.6146
773 -33.0596 -71.6148
109 -33.0595 -71.6167
593 -33.0595 -71.6167
962 -33.0596 -71.6148
148 -33.0598 -71.6146
549 -33.0597 -71.6146
726 -33.0597 -71.6145
204 -33.0598 -71.6145
405 -33.0595 -71.614
185 -33.0594 -71.6142
734 -33.0595 -71.6141
632 -33.0595 -71.6141
600 -33.0605 -71.614
580 -33.0601 -71.6134
751 -33.0601 -71.6134
615 -33.0602 -71.6134
116 -33.0599 -71.6135
354 -33.0598 -71.6137
795 -33.0599 -71.6135
340 -33.0599 -71.6135
320 -33.0601 -71.6133
134 -33.0604 -71.613
787 -33.0604 -71.6129
150 -33.0605 -71.6129
880 -33.0602 -71.6132
860 -33.0601 -71.6133
565 -33.0601 -71.6132
295 -33.0598 -71.6128
927 -33.0598 -71.6137
355 -33.0597 -71.6139
967 -33.0598 -71.6138
177 -33.0597 -71.6137
430 -33.0596 -71.6138
385 -33.0596 -71.614
783 -33.0596 -71.6139
756 -33.0596 -71.6138
93 -33.0598 -71.6136
566 -33.0595 -71.6128
666 -33.0598 -71.6128
791 -33.0598 -71.6128
270 -33.0595 -71.6128
19 -33.0594 -71.6129
831 -33.0595 -71.6128
70 -33.0599 -71.6128
878 -33.0627 -71.6126
57 -33.0633 -71.6126
285 -33.0634 -71.6124
489 -33.0627 -71.6125
160 -33.0626 -71.6127
224 -33.0627 -71.6125
269 -33.0627 -71.6124
816 -33.063 -71.6122
705 -33.0639 -71.6121
700 -33.0641 -71.6121
976 -33.0646 -71.6121
251 -33.0639 -71.6121
22 -33.0626 -71.6121
309 -33.0626 -71.6121
986 -33.0628 -71.6121
62 -33.0625 -71.6121
366 -33.0622 -71.6126
641 -33.0624 -71.6121
69 -33.0623 -71.612
577 -33.0617 -71.612
661 -33.0615 -71.6121
607 -33.0615 -71.6121
87 -33.0616 -71.6121
837 -33.0617 -71.612
200 -33.0622 -71.612
373 -33.0621 -71.612
733 -33.0623 -71.612
208 -33.0621 -71.612
202 -33.062 -71.612
324 -33.0619 -71.612
759 -33.0619 -71.612
674 -33.0633 -71.6119
408 -33.0638 -71.6117
480 -33.0647 -71.6113
413 -33.0648 -71.6113
370 -33.0637 -71.6117
642 -33.063 -71.6113
561 -33.0631 -71.6112
209 -33.0631 -71.6112
387 -33.0632 -71.6112
790 -33.064 -71.6108
482 -33.0648 -71.6105
869 -33.0648 -71.6105
499 -33.064 -71.6107
407 -33.0637 -71.6112
523 -33.0639 -71.6112
11 -33.064 -71.6111
347 -33.0629 -71.6119
452 -33.0619 -71.6118
789 -33.0629 -71.6117
934 -33.0619 -71.6112
918 -33.0618 -71.611
752 -33.0618 -71.611
146 -33.0618 -71.6109
297 -33.0618 -71.6108
474 -33.0618 -71.6108
740 -33.0617 -71.6107
43 -33.0618 -71.6106
818 -33.0618 -71.6105
310 -33.0617 -71.6105
458 -33.0615 -71.6107
537 -33.0617 -71.6105
498 -33.0615 -71.6121
707 -33.0609 -71.6124
292 -33.0609 -71.6124
575 -33.0609 -71.6124
942 -33.0608 -71.6125
992 -33.0607 -71.6126
392 -33.0608 -71.6125
201 -33.0608 -71.6125
844 -33.061 -71.6124
434 -33.0611 -71.6123
233 -33.0611 -71.6123
863 -33.0611 -71.6123
761 -33.0611 -71.6123
973 -33.061 -71.6123
254 -33.061 -71.6123
679 -33.061 -71.6123
892 -33.0607 -71.6126
996 -33.0603 -71.6128
449 -33.0604 -71.6128
562 -33.0604 -71.6128
203 -33.0603 -71.6128
414 -33.06 -71.6128
235 -33.06 -71.6128
623 -33.0602 -71.6128
534 -33.0604 -71.6128
275 -33.0606 -71.6127
265 -33.0606 -71.6127
864 -33.0606 -71.6127
658 -33.0603 -71.6126
991 -33.0595 -71.6125
237 -33.0603 -71.6124
655 -33.0611 -71.6123
341 -33.0612 -71.6122
693 -33.0613 -71.6122
747 -33.0613 -71.6122
738 -33.0612 -71.6122
437 -33.0611 -71.6122
599 -33.0611 -71.6122
306 -33.0603 -71.6121
603 -33.0605 -71.612
627 -33.0609 -71.6115
12 -33.0612 -71.6115
903 -33.0614 -71.6107
272 -33.0608 -71.612
252 -33.0605 -71.6116
771 -33.0605 -71.6116
307 -33.0607 -71.6116
876 -33.0603 -71.611
334 -33.0603 -71.6119
601 -33.0603 -71.6118
82 -33.0603 -71.6116
815 -33.0602 -71.6116
955 -33.0595 -71.612
368 -33.0598 -71.6116
919 -33.06 -71.6116
902 -33.0595 -71.6113
998 -33.0602 -71.6106
877 -33.0597 -71.6106
909 -33.0598 -71.6106
770 -33.0596 -71.6106
743 -33.0595 -71.6109
706 -33.0594 -71.6105
130 -33.0594 -71.6167
786 -33.0588 -71.6169
949 -33.059 -71.6169
964 -33.0591 -71.6168
983 -33.0587 -71.6168
494 -33.0586 -71.6169
10 -33.0586 -71.6168
979 -33.0586 -71.6168
66 -33.0585 -71.6156
659 -33.0591 -71.6151
830 -33.0592 -71.6151
749 -33.0593 -71.615
504 -33.059 -71.6151
703 -33.0589 -71.6152
636 -33.0586 -71.6149
488 -33.0588 -71.6148
165 -33.0584 -71.6166
91 -33.0584 -71.6162
364 -33.0583 -71.616
961 -33.0583 -71.6159
867 -33.0583 -71.6157
382 -33.0583 -71.6157
343 -33.0583 -71.6151
692 -33.0581 -71.615
652 -33.0582 -71.6149
191 -33.0583 -71.6149
313 -33.0583 -71.6149
13 -33.0584 -71.6148
273 -33.0583 -71.6149
174 -33.0583 -71.6149
323 -33.0582 -71.6148
105 -33.0583 -71.6148
859 -33.0584 -71.6148
315 -33.059 -71.6145
144 -33.059 -71.6145
450 -33.0591 -71.6145
75 -33.059 -71.6145
497 -33.059 -71.6146
304 -33.059 -71.6146
195 -33.059 -71.6145
111 -33.0591 -71.6145
421 -33.0593 -71.6143
107 -33.0594 -71.6142
678 -33.0593 -71.6142
163 -33.0593 -71.6142
38 -33.0591 -71.6144
852 -33.0592 -71.6143
500 -33.0592 -71.6143
226 -33.0589 -71.6146
142 -33.0587 -71.6148
106 -33.0587 -71.6147
574 -33.0587 -71.6147
884 -33.0587 -71.6147
721 -33.0583 -71.6148
572 -33.0585 -71.6148
176 -33.0586 -71.6147
24 -33.0589 -71.6147
115 -33.0589 -71.6147
890 -33.0589 -71.6147
512 -33.0586 -71.6144
797 -33.0586 -71.6146
948 -33.0582 -71.6142
551 -33.0582 -71.6142
68 -33.0581 -71.6144
409 -33.0578 -71.6178
708 -33.058 -71.6176
697 -33.0581 -71.615
536 -33.0578 -71.6157
511 -33.0578 -71.6178
353 -33.0575 -71.617
161 -33.0577 -71.6156
900 -33.058 -71.615
712 -33.0579 -71.615
529 -33.0579 -71.615
835 -33.0579 -71.6149
625 -33.0579 -71.6149
361 -33.0578 -71.6149
263 -33.0577 -71.6149
883 -33.0577 -71.6149
427 -33.0571 -71.6184
509 -33.0569 -71.6183
516 -33.0562 -71.6181
849 -33.0562 -71.616
644 -33.0562 -71.6159
911 -33.0562 -71.616
764 -33.056 -71.6159
988 -33.0551 -71.6158
629 -33.0561 -71.6158
205 -33.0549 -71.6158
610 -33.0559 -71.6154
635 -33.0561 -71.6152
277 -33.0549 -71.6158
820 -33.0549 -71.6158
938 -33.0548 -71.6158
794 -33.0565 -71.6149
812 -33.0576 -71.6149
181 -33.0576 -71.6149
850 -33.0575 -71.6149
239 -33.0575 -71.6149
416 -33.0574 -71.6149
829 -33.0573 -71.6149
573 -33.0572 -71.6148
59 -33.0574 -71.6145
377 -33.0577 -71.6145
476 -33.0581 -71.6144
713 -33.0581 -71.6144
885 -33.0577 -71.6144
453 -33.0574 -71.6145
380 -33.0574 -71.6144
618 -33.0574 -71.6143
889 -33.0572 -71.6148
987 -33.0566 -71.6148
170 -33.0571 -71.6148
54 -33.0571 -71.6148
763 -33.0566 -71.6149
710 -33.0565 -71.6149
157 -33.0565 -71.6149
92 -33.0566 -71.6149
333 -33.0571 -71.6148
598 -33.057 -71.6148
113 -33.057 -71.6148
605 -33.0569 -71.6147
639 -33.0569 -71.6147
25 -33.0568 -71.6147
155 -33.0569 -71.6147
496 -33.0588 -71.6142
250 -33.0593 -71.6142
916 -33.0591 -71.6135
399 -33.0591 -71.6135
102 -33.0591 -71.6135
545 -33.0589 -71.6139
464 -33.0591 -71.6136
402 -33.0591 -71.6136
950 -33.0591 -71.6134
906 -33.0592 -71.6129
730 -33.0593 -71.6129
33 -33.0594 -71.6129
617 -33.0592 -71.6129
687 -33.059 -71.6134
266 -33.059 -71.6129
914 -33.0591 -71.6129
822 -33.0589 -71.6133
211 -33.0585 -71.6137
891 -33.0588 -71.6135
668 -33.0586 -71.6133
571 -33.0584 -71.6138
175 -33.0584 -71.6139
521 -33.0583 -71.6134
881 -33.0583 -71.6134
758 -33.0583 -71.613
42 -33.0585 -71.613
124 -33.0588 -71.6129
717 -33.0589 -71.6129
188 -33.0584 -71.613
18 -33.0584 -71.613
260 -33.0584 -71.613
568 -33.0582 -71.6128
801 -33.0592 -71.6128
23 -33.0592 -71.6126
303 -33.0591 -71.6125
676 -33.0591 -71.6122
742 -33.0589 -71.6128
386 -33.0589 -71.6127
20 -33.0589 -71.6127
29 -33.0588 -71.6126
905 -33.0588 -71.6121
298 -33.0593 -71.6116
563 -33.0593 -71.6116
216 -33.0594 -71.6116
187 -33.0592 -71.6112
560 -33.0588 -71.6117
259 -33.0589 -71.6112
748 -33.0589 -71.6112
547 -33.0586 -71.6113
197 -33.0585 -71.6124
588 -33.0583 -71.6124
805 -33.0584 -71.6117
842 -33.0583 -71.6126
872 -33.0583 -71.6127
645 -33.0583 -71.6127
214 -33.0583 -71.6127
151 -33.0584 -71.6117
372 -33.0583 -71.6113
558 -33.0584 -71.6106
775 -33.0585 -71.6106
606 -33.0583 -71.6113
388 -33.0582 -71.6113
210 -33.0582 -71.6105
920 -33.0582 -71.6105
412 -33.0581 -71.6138
85 -33.0581 -71.6135
647 -33.0581 -71.6135
212 -33.0581 -71.6136
940 -33.0579 -71.6139
688 -33.058 -71.6138
550 -33.058 -71.6137
796 -33.0581 -71.6134
848 -33.0581 -71.6133
963 -33.0582 -71.6131
227 -33.0582 -71.6131
44 -33.0581 -71.613
508 -33.0581 -71.613
725 -33.058 -71.613
346 -33.058 -71.613
389 -33.0579 -71.6139
429 -33.0578 -71.6139
5 -33.0578 -71.6139
17 -33.0578 -71.6139
53 -33.0576 -71.6139
217 -33.0575 -71.6141
479 -33.0575 -71.6139
589 -33.0553 -71.6139
999 -33.0577 -71.6139
35 -33.0577 -71.6131
186 -33.0578 -71.6129
649 -33.0578 -71.6129
520 -33.0577 -71.6131
40 -33.0574 -71.6135
591 -33.0576 -71.6134
173 -33.0576 -71.6129
108 -33.0582 -71.6123
683 -33.0581 -71.6122
253 -33.0581 -71.6122
638 -33.0581 -71.6121
559 -33.0576 -71.6129
442 -33.058 -71.6119
861 -33.0575 -71.6119
358 -33.0582 -71.6117
621 -33.0582 -71.6113
915 -33.058 -71.611
821 -33.0581 -71.6108
15 -33.058 -71.6113
681 -33.0575 -71.6116
569 -33.0579 -71.6113
510 -33.0577 -71.6107
673 -33.0574 -71.6106
851 -33.0574 -71.6128
862 -33.0564 -71.6124
553 -33.0554 -71.6124
972 -33.0549 -71.6124
793 -33.0548 -71.6124
447 -33.053 -71.6116
9 -33.0539 -71.6112
827 -33.0539 -71.6112
604 -33.0546 -71.6105
394 -33.0555 -71.6104
855 -33.0555 -71.6104
81 -33.0545 -71.6105
901 -33.0544 -71.6105
348 -33.0544 -71.6105
765 -33.0592 -71.6104
640 -33.0647 -71.6104
473 -33.0648 -71.6104
470 -33.0634 -71.6101
63 -33.0632 -71.61
774 -33.0631 -71.61
282 -33.0632 -71.61
715 -33.0631 -71.6099
326 -33.0645 -71.6099
469 -33.0648 -71.6098
677 -33.0644 -71.6095
532 -33.0634 -71.6093
858 -33.063 -71.6099
757 -33.0628 -71.6098
183 -33.0629 -71.6092
328 -33.0628 -71.6092
690 -33.0627 -71.6092
581 -33.0617 -71.6103
879 -33.0623 -71.6096
471 -33.0626 -71.6096
576 -33.0617 -71.6103
415 -33.061 -71.6103
26 -33.061 -71.6103
94 -33.0612 -71.6098
646 -33.0623 -71.6096
882 -33.0621 -71.6095
422 -33.062 -71.6095
624 -33.062 -71.6093
294 -33.062 -71.6095
788 -33.0619 -71.6094
813 -33.061 -71.6093
339 -33.061 -71.6093
664 -33.0639 -71.6092
723 -33.0643 -71.6091
79 -33.0646 -71.609
438 -33.0642 -71.609
420 -33.064 -71.6089
952 -33.0623 -71.6091
944 -33.0637 -71.6088
219 -33.0635 -71.6087
736 -33.0623 -71.6084
335 -33.064 -71.6083
350 -33.0625 -71.6082
225 -33.0632 -71.6077
463 -33.0625 -71.608
156 -33.0623 -71.6083
832 -33.0624 -71.6079
369 -33.0625 -71.6078
741 -33.0622 -71.6091
375 -33.0617 -71.6092
103 -33.0618 -71.6088
60 -33.0619 -71.6086
653 -33.0617 -71.609
215 -33.0614 -71.6089
71 -33.0614 -71.6089
232 -33.0614 -71.6089
608 -33.0621 -71.6085
72 -33.0622 -71.6085
714 -33.0619 -71.6084
199 -33.062 -71.6083
419 -33.0617 -71.608
981 -33.0617 -71.6077
398 -33.0613 -71.6077
192 -33.061 -71.6086
970 -33.0608 -71.6096
839 -33.061 -71.6092
731 -33.0609 -71.6089
138 -33.0605 -71.6096
190 -33.0602 -71.6104
97 -33.0603 -71.6101
73 -33.0605 -71.6093
245 -33.0609 -71.6088
806 -33.0608 -71.6088
691 -33.0608 -71.6088
461 -33.061 -71.6086
21 -33.0607 -71.6088
194 -33.0607 -71.6087
682 -33.0607 -71.6085
871 -33.0607 -71.6085
886 -33.0602 -71.6103
542 -33.0601 -71.6104
305 -33.0601 -71.6101
376 -33.0598 -71.61
602 -33.0598 -71.61
336 -33.0592 -71.6102
587 -33.0593 -71.6099
517 -33.0594 -71.6099
391 -33.0595 -71.6098
866 -33.0596 -71.6098
626 -33.06 -71.6088
132 -33.06 -71.6088
141 -33.0595 -71.6098
143 -33.0595 -71.6098
2 -33.0592 -71.6088
913 -33.0607 -71.6085
921 -33.0606 -71.6085
746 -33.0606 -71.6085
667 -33.0606 -71.6085
289 -33.0605 -71.6084
410 -33.0604 -71.6084
332 -33.0602 -71.6083
616 -33.0603 -71.6083
959 -33.0602 -71.6082
359 -33.0607 -71.6079
753 -33.0607 -71.6079
264 -33.0605 -71.6078
965 -33.0603 -71.6077
896 -33.0602 -71.6082
468 -33.0601 -71.6079
888 -33.0601 -71.6078
242 -33.0601 -71.6083
490 -33.0599 -71.6082
609 -33.06 -71.6081
28 -33.06 -71.608
810 -33.0598 -71.6082
308 -33.0593 -71.6083
167 -33.0598 -71.6082
330 -33.0593 -71.608
37 -33.0598 -71.6079
39 -33.0598 -71.6079
229 -33.0599 -71.6078
594 -33.0598 -71.6077
45 -33.0597 -71.6078
584 -33.0595 -71.6077
114 -33.0595 -71.6077
570 -33.0598 -71.6077
296 -33.0643 -71.6071
769 -33.0642 -71.6068
331 -33.0642 -71.6068
922 -33.0642 -71.6067
825 -33.064 -71.6066
441 -33.0634 -71.6065
620 -33.0639 -71.6065
147 -33.0633 -71.6065
622 -33.0637 -71.6064
291 -33.0637 -71.6064
261 -33.0638 -71.6064
32 -33.0633 -71.6063
293 -33.0631 -71.6063
158 -33.0632 -71.6062
112 -33.0632 -71.6062
400 -33.0631 -71.6075
478 -33.0622 -71.6074
997 -33.0619 -71.6069
833 -33.0619 -71.6069
977 -33.0617 -71.6073
122 -33.0613 -71.6073
737 -33.0617 -71.6073
720 -33.0611 -71.6071
662 -33.0619 -71.6068
672 -33.0625 -71.6068
325 -33.0623 -71.6063
592 -33.0623 -71.6062
287 -33.0619 -71.6063
808 -33.0612 -71.6068
381 -33.0611 -71.6066
785 -33.0613 -71.6064
99 -33.063 -71.6061
924 -33.064 -71.6061
870 -33.0648 -71.606
90 -33.0645 -71.6059
78 -33.0638 -71.6059
169 -33.0637 -71.606
843 -33.0637 -71.606
951 -33.0628 -71.6059
669 -33.0624 -71.6056
349 -33.0625 -71.6056
417 -33.0624 -71.6055
857 -33.0624 -71.6055
284 -33.0623 -71.6055
505 -33.0622 -71.6055
845 -33.0622 -71.6055
16 -33.0621 -71.6054
172 -33.062 -71.6054
557 -33.0619 -71.6058
923 -33.0619 -71.6057
966 -33.0619 -71.6057
56 -33.0611 -71.6061
836 -33.061 -71.606
267 -33.061 -71.6051
578 -33.061 -71.6051
544 -33.0618 -71.6051
276 -33.0617 -71.605
230 -33.0616 -71.605
8 -33.0615 -71.6049
30 -33.0615 -71.6049
910 -33.0612 -71.6049
826 -33.0614 -71.6048
120 -33.061 -71.6047
556 -33.0607 -71.6075
502 -33.0607 -71.6074
365 -33.0607 -71.6071
989 -33.0607 -71.6068
912 -33.0602 -71.6072
281 -33.0602 -71.607
397 -33.0602 -71.6069
300 -33.0606 -71.6068
395 -33.0609 -71.6065
159 -33.0609 -71.6065
137 -33.0609 -71.6065
925 -33.0607 -71.6064
299 -33.0601 -71.6068
321 -33.0601 -71.6067
772 -33.0601 -71.6065
243 -33.0601 -71.6065
630 -33.0597 -71.6077
663 -33.0593 -71.6076
46 -33.0601 -71.6072
371 -33.0593 -71.6076
824 -33.0592 -71.6076
378 -33.0592 -71.6068
671 -33.0591 -71.6067
404 -33.0595 -71.6065
954 -33.0594 -71.6064
125 -33.0594 -71.6064
344 -33.0594 -71.6064
352 -33.0594 -71.6064
356 -33.0592 -71.6064
873 -33.0593 -71.6064
396 -33.0594 -71.6064
247 -33.0601 -71.6063
83 -33.0601 -71.6063
129 -33.0601 -71.6063
104 -33.0601 -71.6061
311 -33.06 -71.6062
411 -33.0599 -71.6062
689 -33.06 -71.6061
670 -33.0602 -71.6061
184 -33.0604 -71.6057
67 -33.0606 -71.6055
491 -33.061 -71.6055
6 -33.0604 -71.6057
41 -33.0602 -71.606
552 -33.0602 -71.6059
567 -33.0604 -71.6058
135 -33.0599 -71.6062
926 -33.0596 -71.6063
543 -33.0596 -71.6063
777 -33.0596 -71.6063
936 -33.0595 -71.6064
443 -33.0595 -71.6064
527 -33.0592 -71.6063
513 -33.0591 -71.6063
953 -33.0598 -71.6063
47 -33.0598 -71.6063
149 -33.0596 -71.6055
406 -33.0597 -71.6054
1 -33.0595 -71.6051
256 -33.0594 -71.6055
221 -33.0591 -71.6054
445 -33.0591 -71.6067
657 -33.0586 -71.6101
895 -33.0591 -71.6101
800 -33.0586 -71.6101
995 -33.0586 -71.6101
975 -33.0584 -71.6101
180 -33.0583 -71.6101
745 -33.0582 -71.6101
894 -33.0582 -71.6099
362 -33.0589 -71.6095
856 -33.0587 -71.6093
131 -33.0587 -71.6092
433 -33.0583 -71.6099
875 -33.0583 -71.6092
454 -33.0582 -71.609
684 -33.0583 -71.609
65 -33.058 -71.6099
27 -33.0578 -71.6103
278 -33.0578 -71.6102
268 -33.058 -71.6099
384 -33.0577 -71.6102
540 -33.0575 -71.6103
345 -33.0575 -71.6101
337 -33.0569 -71.6098
744 -33.0578 -71.6096
74 -33.0574 -71.6095
133 -33.0572 -71.6095
162 -33.0571 -71.6095
401 -33.057 -71.6095
780 -33.0563 -71.6095
77 -33.0561 -71.6095
31 -33.0559 -71.6091
338 -33.0582 -71.6089
931 -33.0587 -71.6089
236 -33.0588 -71.6088
699 -33.0589 -71.6088
451 -33.0586 -71.6088
524 -33.0583 -71.6088
257 -33.0583 -71.6087
650 -33.0584 -71.6086
426 -33.0582 -71.6084
554 -33.0587 -71.6083
317 -33.0582 -71.608
675 -33.0584 -71.608
465 -33.0582 -71.6081
258 -33.0581 -71.6081
695 -33.0581 -71.6081
932 -33.0582 -71.6081
244 -33.058 -71.6083
811 -33.0579 -71.6083
985 -33.058 -71.6081
58 -33.058 -71.6081
656 -33.0579 -71.6082
874 -33.0576 -71.6088
535 -33.0575 -71.6088
779 -33.0576 -71.6081
719 -33.0576 -71.6081
96 -33.0575 -71.6081
947 -33.0575 -71.6081
893 -33.0575 -71.6081
709 -33.0572 -71.608
548 -33.0571 -71.608
522 -33.0571 -71.608
834 -33.0557 -71.6104
314 -33.0553 -71.6097
660 -33.0553 -71.6097
583 -33.0521 -71.6086
493 -33.0521 -71.6087
80 -33.052 -71.6088
88 -33.052 -71.6088
935 -33.0521 -71.6088
48 -33.0537 -71.6085
941 -33.0546 -71.6085
213 -33.0545 -71.6085
897 -33.0545 -71.6085
140 -33.0544 -71.6085
933 -33.0537 -71.6085
318 -33.0544 -71.6085
853 -33.0543 -71.6085
485 -33.052 -71.6088
696 -33.0516 -71.6096
784 -33.0516 -71.6095
735 -33.0516 -71.6095
802 -33.0515 -71.6096
101 -33.0502 -71.61
139 -33.0515 -71.6096
322 -33.0515 -71.6096
222 -33.0517 -71.6094
718 -33.0519 -71.6092
360 -33.052 -71.6091
34 -33.052 -71.6089
982 -33.0518 -71.6093
220 -33.0517 -71.6094
633 -33.0517 -71.6094
283 -33.0537 -71.6085
436 -33.0549 -71.6083
84 -33.0549 -71.6083
631 -33.0549 -71.6083
36 -33.0548 -71.6084
206 -33.0541 -71.6085
868 -33.0547 -71.6084
50 -33.0547 -71.6084
854 -33.055 -71.6083
218 -33.0551 -71.6081
960 -33.0552 -71.6081
612 -33.0553 -71.608
519 -33.0551 -71.6082
541 -33.055 -71.6082
778 -33.055 -71.6082
586 -33.055 -71.6082
440 -33.0539 -71.6085
383 -33.0533 -71.6085
694 -33.0533 -71.6085
716 -33.0533 -71.6084
968 -33.0529 -71.6083
484 -33.0521 -71.6084
643 -33.0522 -71.6083
732 -33.0522 -71.6083
939 -33.0522 -71.6083
530 -33.0526 -71.6082
724 -33.0526 -71.6082
152 -33.0525 -71.6082
722 -33.0525 -71.6082
55 -33.0525 -71.6082
755 -33.0522 -71.6081
665 -33.0571 -71.608
846 -33.059 -71.6079
528 -33.059 -71.6079
249 -33.0589 -71.6078
288 -33.0589 -71.6078
4 -33.0586 -71.6079
974 -33.0588 -71.6078
929 -33.0589 -71.6078
798 -33.0589 -71.6078
814 -33.059 -71.6077
3 -33.0591 -71.6077
280 -33.0591 -71.6075
486 -33.059 -71.6077
887 -33.0586 -71.6067
555 -33.0587 -71.6066
126 -33.0588 -71.6066
817 -33.0585 -71.608
439 -33.0584 -71.608
110 -33.0584 -71.6073
514 -33.0584 -71.6073
526 -33.0583 -71.608
750 -33.0579 -71.608
993 -33.0581 -71.6078
379 -33.0578 -71.6073
182 -33.0583 -71.6071
168 -33.0584 -71.6067
980 -33.0584 -71.6067
766 -33.0584 -71.6066
865 -33.0582 -71.6071
651 -33.0579 -71.6068
428 -33.0579 -71.6068
164 -33.0582 -71.6067
704 -33.0588 -71.6066
969 -33.059 -71.6065
459 -33.0591 -71.6065
95 -33.0591 -71.6065
246 -33.059 -71.6065
898 -33.0587 -71.6066
702 -33.0588 -71.6065
841 -33.0589 -71.6065
525 -33.059 -71.6063
628 -33.0588 -71.6062
196 -33.0587 -71.6051
957 -33.0587 -71.6051
928 -33.0587 -71.6062
776 -33.0586 -71.6051
937 -33.0586 -71.6051
781 -33.0586 -71.605
223 -33.0585 -71.6062
840 -33.0584 -71.6062
782 -33.0583 -71.6062
136 -33.0582 -71.6059
492 -33.0582 -71.6062
990 -33.058 -71.6062
943 -33.058 -71.6062
477 -33.058 -71.6059
460 -33.0578 -71.6058
984 -33.0583 -71.6058
564 -33.0583 -71.6057
595 -33.0583 -71.6051
533 -33.0579 -71.6045
792 -33.0578 -71.6045
729 -33.0578 -71.6045
357 -33.0578 -71.6062
444 -33.0571 -71.608
207 -33.057 -71.608
76 -33.057 -71.608
847 -33.0569 -71.608
654 -33.0569 -71.608
153 -33.0568 -71.608
363 -33.0568 -71.608
64 -33.0567 -71.608
425 -33.0567 -71.608
240 -33.0567 -71.608
481 -33.0567 -71.608
828 -33.0567 -71.608
634 -33.0564 -71.608
457 -33.0564 -71.608
807 -33.0564 -71.608
956 -33.0564 -71.608
231 -33.0563 -71.608
823 -33.0563 -71.608
418 -33.0563 -71.608
590 -33.0562 -71.608
701 -33.0562 -71.608
680 -33.0562 -71.608
432 -33.0554 -71.6079
728 -33.056 -71.6079
0 -33.056 -71.6079
637 -33.0559 -71.6079
538 -33.0558 -71.6079
462 -33.0555 -71.6079
302 -33.0555 -71.6079
515 -33.0555 -71.6079
374 -33.0555 -71.6078
193 -33.0577 -71.6076
319 -33.0577 -71.6076
613 -33.0577 -71.6073
390 -33.0577 -71.6072
539 -33.0575 -71.6076
518 -33.0574 -71.6075
329 -33.0575 -71.6069
241 -33.0574 -71.6067
503 -33.0578 -71.6066
316 -33.0577 -71.6058
768 -33.0576 -71.6049
121 -33.0575 -71.6051
472 -33.0575 -71.6061
98 -33.0575 -71.6051
507 -33.0575 -71.6051
596 -33.0573 -71.6069
86 -33.0571 -71.607
804 -33.0573 -71.6069
685 -33.0573 -71.6069
178 -33.0566 -71.6073
648 -33.0557 -71.6078
234 -33.0562 -71.6075
119 -33.0562 -71.6074
799 -33.0525 -71.6069
342 -33.0567 -71.6063
312 -33.0567 -71.6063
899 -33.0556 -71.6047
248 -33.055 -71.605
435 -33.0536 -71.6062
971 -33.0549 -71.605
