698 -33.057 -71.6183
754 -33.057 -71.6183
301 -33.0573 -71.6182
455 -33.0568 -71.6183
760 -33.0566 -71.6182
809 -33.0566 -71.6182
271 -33.0565 -71.6182
456 -33.0564 -71.6181
978 -33.0588 -71.617
475 -33.0607 -71.6161
994 -33.0588 -71.6153
367 -33.0586 -71.6168
803 -33.0563 -71.6181
549 -33.0581 -71.6176
189 -33.0586 -71.6168
907 -33.0563 -71.6163
69 -33.0562 -71.6159
641 -33.0562 -71.6159
361 -33.0562 -71.6159
42 -33.0562 -71.6158
488 -33.0561 -71.616
819 -33.0561 -71.616
446 -33.0561 -71.6159
542 -33.0561 -71.6158
150 -33.0561 -71.6158
405 -33.0561 -71.6157
105 -33.0561 -71.6156
816 -33.056 -71.6153
442 -33.056 -71.6153
146 -33.056 -71.6153
134 -33.056 -71.6153
881 -33.0561 -71.6152
483 -33.059 -71.6152
646 -33.0583 -71.6149
286 -33.0583 -71.6149
57 -33.0581 -71.615
686 -33.0578 -71.6149
413 -33.0577 -71.6149
467 -33.0575 -71.6149
127 -33.0574 -71.6149
818 -33.0584 -71.6148
879 -33.0584 -71.6148
60 -33.0585 -71.6148
582 -33.0573 -71.6149
822 -33.0573 -71.6149
619 -33.0573 -71.6148
450 -33.0572 -71.6148
389 -33.057 -71.6148
693 -33.0563 -71.615
602 -33.0564 -71.615
107 -33.0564 -71.615
520 -33.0563 -71.615
376 -33.0562 -71.6151
269 -33.0562 -71.6151
762 -33.0563 -71.6151
255 -33.0565 -71.6149
370 -33.0566 -71.6148
955 -33.0567 -71.6148
408 -33.0567 -71.6148
726 -33.0566 -71.6148
123 -33.0565 -71.6149
279 -33.0565 -71.6149
373 -33.056 -71.6162
409 -33.0551 -71.6214
92 -33.055 -71.6207
710 -33.055 -71.6207
880 -33.0549 -71.6182
629 -33.0549 -71.6219
448 -33.0549 -71.6183
687 -33.0549 -71.6182
838 -33.0559 -71.618
198 -33.0559 -71.618
290 -33.0558 -71.618
767 -33.0556 -71.6179
466 -33.0555 -71.6179
323 -33.055 -71.618
495 -33.055 -71.6179
166 -33.055 -71.6179
987 -33.0549 -71.6206
849 -33.0548 -71.6222
25 -33.0549 -71.6205
266 -33.0547 -71.6189
253 -33.0547 -71.6189
598 -33.0547 -71.6203
589 -33.0546 -71.6202
487 -33.0545 -71.6189
930 -33.0547 -71.6189
177 -33.0548 -71.6188
831 -33.0549 -71.6184
431 -33.0549 -71.6184
340 -33.0548 -71.6184
262 -33.0547 -71.6184
399 -33.0547 -71.6184
116 -33.0547 -71.6184
179 -33.0551 -71.6179
761 -33.0556 -71.6172
434 -33.0556 -71.6172
341 -33.0556 -71.617
844 -33.0556 -71.6172
775 -33.0555 -71.6172
713 -33.0555 -71.6172
973 -33.0555 -71.6172
355 -33.0557 -71.6168
587 -33.0558 -71.6164
403 -33.0558 -71.6157
580 -33.0559 -71.6153
423 -33.0558 -71.6157
919 -33.0557 -71.6166
216 -33.0558 -71.6164
145 -33.0555 -71.6155
377 -33.0555 -71.6172
547 -33.0554 -71.6175
210 -33.0554 -71.6174
891 -33.0554 -71.6174
730 -33.0553 -71.6158
546 -33.0551 -71.6158
254 -33.0549 -71.6158
292 -33.0548 -71.6158
117 -33.0548 -71.6158
171 -33.0552 -71.6153
711 -33.0549 -71.6151
611 -33.0549 -71.6151
992 -33.0547 -71.6157
812 -33.0547 -71.6157
892 -33.0545 -71.6157
963 -33.0573 -71.6148
774 -33.059 -71.6146
464 -33.0586 -71.6146
531 -33.059 -71.6146
640 -33.0586 -71.6147
869 -33.0585 -71.6147
608 -33.0586 -71.6147
950 -33.0586 -71.6147
501 -33.059 -71.6146
945 -33.06 -71.6145
976 -33.0599 -71.6135
118 -33.06 -71.6133
482 -33.0599 -71.6135
561 -33.0593 -71.6142
297 -33.0594 -71.6141
967 -33.0583 -71.613
521 -33.0583 -71.6134
948 -33.0582 -71.6142
962 -33.0575 -71.614
20 -33.0579 -71.6139
668 -33.0575 -71.6141
18 -33.0574 -71.6146
765 -33.0574 -71.6145
154 -33.0574 -71.6143
636 -33.0574 -71.6138
560 -33.0582 -71.6132
842 -33.0582 -71.6132
237 -33.0583 -71.613
305 -33.0581 -71.613
175 -33.0571 -71.6135
591 -33.0576 -71.6135
124 -33.0581 -71.6134
238 -33.0584 -71.613
19 -33.0594 -71.6129
917 -33.0594 -71.6129
747 -33.0597 -71.6128
579 -33.0593 -71.6129
523 -33.0589 -71.6129
368 -33.0592 -71.6129
991 -33.0592 -71.6129
354 -33.0598 -71.6128
414 -33.06 -71.6128
326 -33.0602 -71.6128
790 -33.0603 -71.6128
420 -33.0599 -71.6128
576 -33.0598 -71.6128
43 -33.0598 -71.6128
298 -33.0583 -71.6125
872 -33.0583 -71.6127
209 -33.0578 -71.6129
563 -33.0578 -71.6129
642 -33.0577 -71.6129
51 -33.0577 -71.6129
751 -33.0576 -71.6129
366 -33.0576 -71.6129
307 -33.0576 -71.6129
627 -33.0576 -71.6129
958 -33.0576 -71.6129
52 -33.0575 -71.6128
402 -33.0575 -71.6128
452 -33.0573 -71.6128
733 -33.0572 -71.6127
173 -33.0572 -71.6127
407 -33.057 -71.6148
743 -33.0569 -71.6147
476 -33.0568 -71.6147
61 -33.0569 -71.6134
537 -33.0568 -71.6147
251 -33.0568 -71.6147
773 -33.0566 -71.6133
571 -33.0566 -71.6132
12 -33.057 -71.6127
480 -33.0569 -71.6126
927 -33.0569 -71.6126
35 -33.0568 -71.6126
679 -33.0568 -71.6126
214 -33.0567 -71.6126
351 -33.0567 -71.6125
14 -33.0566 -71.6125
29 -33.0566 -71.6125
274 -33.0565 -71.6132
7 -33.0559 -71.6131
512 -33.056 -71.6131
797 -33.0558 -71.6131
40 -33.0557 -71.6131
506 -33.0557 -71.6131
49 -33.0553 -71.6131
424 -33.0563 -71.6131
15 -33.0566 -71.6125
676 -33.0564 -71.6124
295 -33.0564 -71.6124
212 -33.0551 -71.6131
89 -33.0548 -71.6129
551 -33.0548 -71.6128
303 -33.0564 -71.6124
197 -33.0563 -71.6124
909 -33.0562 -71.6124
272 -33.0556 -71.6123
160 -33.0554 -71.6124
998 -33.0553 -71.6124
649 -33.0553 -71.6124
310 -33.0553 -71.6124
674 -33.0561 -71.6123
848 -33.0561 -71.6123
916 -33.056 -71.6123
789 -33.0559 -71.6123
387 -33.0558 -71.6123
23 -33.0558 -71.6123
577 -33.0558 -71.6123
252 -33.0558 -71.6123
601 -33.0552 -71.6124
347 -33.0552 -71.6124
603 -33.0552 -71.6124
224 -33.0551 -71.6124
386 -33.0551 -71.6124
742 -33.055 -71.6124
986 -33.055 -71.6124
645 -33.055 -71.6124
575 -33.0549 -71.6124
309 -33.0548 -71.6124
22 -33.0548 -71.6124
151 -33.0547 -71.6124
759 -33.0546 -71.6124
905 -33.0546 -71.6124
102 -33.0545 -71.6124
228 -33.0545 -71.6126
786 -33.0545 -71.6202
829 -33.0544 -71.6201
260 -33.0543 -71.6189
979 -33.0543 -71.62
883 -33.054 -71.6199
109 -33.0539 -71.6198
678 -33.0542 -71.6189
500 -33.0541 -71.6189
327 -33.0541 -71.6189
315 -33.0539 -71.6189
38 -33.0539 -71.6189
703 -33.0539 -71.6188
890 -33.0537 -71.6188
226 -33.0537 -71.6188
5 -33.0537 -71.6188
497 -33.0537 -71.6188
217 -33.0537 -71.6196
697 -33.0537 -71.6196
479 -33.0537 -71.6196
961 -33.0535 -71.6195
53 -33.0535 -71.6195
313 -33.0535 -71.6193
940 -33.0535 -71.6192
176 -33.0535 -71.6192
115 -33.0537 -71.6188
796 -33.0537 -71.6188
647 -33.0537 -71.6188
85 -33.0535 -71.6188
66 -33.0535 -71.619
550 -33.0535 -71.619
142 -33.0535 -71.6188
412 -33.0534 -71.6188
250 -33.054 -71.6184
17 -33.054 -71.6184
632 -33.0542 -71.6184
393 -33.0539 -71.6184
128 -33.0537 -71.6184
852 -33.0538 -71.6184
163 -33.0538 -71.6184
614 -33.0541 -71.6184
908 -33.0544 -71.617
721 -33.0544 -71.6157
545 -33.0544 -71.6157
864 -33.0544 -71.6157
727 -33.0541 -71.6184
946 -33.0543 -71.6169
787 -33.0543 -71.6157
830 -33.0537 -71.6184
859 -33.053 -71.6187
999 -33.0529 -71.6187
597 -33.0535 -71.6186
904 -33.0527 -71.6187
364 -33.0527 -71.6187
130 -33.0523 -71.6186
165 -33.0522 -71.6185
111 -33.0536 -71.6185
144 -33.0536 -71.6185
504 -33.0537 -71.6185
75 -33.0526 -71.6158
496 -33.0526 -71.6158
195 -33.0525 -71.6157
304 -33.0524 -71.6157
106 -33.0522 -71.6157
983 -33.0519 -71.6185
10 -33.0519 -71.6184
949 -33.0518 -71.6184
708 -33.0508 -71.6181
101 -33.0494 -71.6191
511 -33.0506 -71.618
427 -33.0497 -71.6177
509 -33.0495 -71.6177
935 -33.049 -71.6168
493 -33.049 -71.6167
764 -33.049 -71.6166
485 -33.049 -71.6168
360 -33.0489 -71.6172
34 -33.0489 -71.617
80 -33.049 -71.6168
718 -33.0488 -71.6172
802 -33.0486 -71.6178
277 -33.0487 -71.6178
322 -33.0487 -71.6178
139 -33.0486 -71.6179
205 -33.0486 -71.618
820 -33.0486 -71.6179
938 -33.0486 -71.6179
735 -33.0487 -71.6177
516 -33.0488 -71.6175
633 -33.0488 -71.6175
447 -33.0488 -71.6173
222 -33.0487 -71.6176
696 -33.0487 -71.6177
988 -33.0487 -71.6176
220 -33.0478 -71.6166
155 -33.0504 -71.6158
605 -33.0504 -71.6158
639 -33.0504 -71.6158
763 -33.0502 -71.6158
610 -33.0496 -71.6161
635 -33.0497 -71.6159
794 -33.0501 -71.6157
157 -33.05 -71.6157
574 -33.0522 -71.6157
850 -33.0521 -71.6156
688 -33.0521 -71.6156
884 -33.052 -71.6156
113 -33.0505 -71.6157
333 -33.0505 -71.6156
572 -33.0519 -71.6156
530 -33.0492 -71.6157
644 -33.0492 -71.6165
484 -33.0491 -71.6164
732 -33.0491 -71.6164
911 -33.0491 -71.6165
583 -33.049 -71.6166
784 -33.0478 -71.6165
982 -33.0479 -71.6163
9 -33.0491 -71.6163
755 -33.0492 -71.616
722 -33.0492 -71.6158
152 -33.0492 -71.6157
55 -33.0491 -71.616
939 -33.0491 -71.6162
88 -33.048 -71.6157
13 -33.0518 -71.6156
565 -33.0538 -71.6156
860 -33.0538 -71.6156
320 -33.0537 -71.6156
795 -33.0534 -71.6155
93 -33.0533 -71.6155
148 -33.0532 -71.6155
430 -33.0531 -71.6155
585 -33.054 -71.6145
600 -33.0544 -71.6125
885 -33.0544 -71.6125
204 -33.0543 -71.6124
211 -33.0542 -71.6124
835 -33.0538 -71.6144
739 -33.0536 -71.6143
100 -33.0535 -71.6142
749 -33.0531 -71.6139
191 -33.0517 -71.6156
273 -33.0516 -71.6156
652 -33.0516 -71.6156
174 -33.0516 -71.6156
692 -33.0514 -71.6156
900 -33.0513 -71.6156
712 -33.0512 -71.6156
529 -33.0512 -71.6156
783 -33.053 -71.6155
385 -33.053 -71.6155
756 -33.053 -71.6155
659 -33.0529 -71.6138
24 -33.0525 -71.6136
964 -33.0525 -71.6136
494 -33.0521 -71.6133
343 -33.0542 -71.6124
108 -33.0544 -71.6123
208 -33.0543 -71.6123
200 -33.0543 -71.6123
202 -33.0542 -71.6123
863 -33.0542 -71.6123
615 -33.0541 -71.6123
324 -33.0542 -71.6122
334 -33.054 -71.6122
607 -33.0545 -71.6122
227 -33.0544 -71.6121
771 -33.0544 -71.6121
421 -33.0544 -71.6122
593 -33.0542 -71.6122
70 -33.054 -71.6122
734 -33.0543 -71.6122
837 -33.0539 -71.6122
801 -33.0538 -71.6122
87 -33.0537 -71.6122
661 -33.0537 -71.6122
725 -33.0536 -71.6122
683 -33.0511 -71.6122
877 -33.0536 -71.6122
265 -33.0536 -71.6122
655 -33.0533 -71.6122
599 -33.0533 -71.6122
201 -33.0529 -71.6121
942 -33.0529 -71.6121
392 -33.0528 -71.6121
902 -33.0528 -71.6121
275 -33.0525 -71.6121
133 -33.0511 -71.6123
263 -33.051 -71.6156
453 -33.051 -71.6156
239 -33.0509 -71.6156
416 -33.0507 -71.6155
170 -33.0505 -71.6156
573 -33.0506 -71.6155
889 -33.0506 -71.6155
901 -33.0494 -71.6144
213 -33.0496 -71.6134
897 -33.0496 -71.6134
337 -33.0511 -71.6131
318 -33.0496 -71.6135
283 -33.0495 -71.6143
440 -33.0495 -71.614
206 -33.0495 -71.6138
799 -33.0494 -71.6145
716 -33.0494 -71.6148
694 -33.0494 -71.6148
383 -33.0494 -71.6147
968 -33.0484 -71.6142
643 -33.0481 -71.6153
827 -33.0482 -71.615
724 -33.0483 -71.6147
793 -33.0484 -71.6141
933 -33.0486 -71.6133
81 -33.0487 -71.6132
348 -33.0487 -71.6132
48 -33.0486 -71.6133
972 -33.0485 -71.614
553 -33.0486 -71.6134
353 -33.051 -71.6131
44 -33.051 -71.6131
780 -33.0508 -71.6131
758 -33.0511 -71.613
54 -33.0507 -71.6131
77 -33.0506 -71.6131
31 -33.0505 -71.613
851 -33.0503 -71.613
834 -33.0498 -71.6129
401 -33.0511 -71.6126
345 -33.0511 -71.6124
374 -33.0499 -71.6121
302 -33.0499 -71.6121
586 -33.0497 -71.6127
612 -33.0498 -71.6124
432 -33.0498 -71.6122
854 -33.0497 -71.6127
394 -33.0497 -71.613
36 -33.0497 -71.613
660 -33.0497 -71.613
868 -33.0497 -71.6131
604 -33.0487 -71.613
855 -33.0496 -71.6129
314 -33.0496 -71.6129
862 -33.0492 -71.6129
631 -33.0497 -71.6128
50 -33.0489 -71.6121
435 -33.0489 -71.6121
941 -33.0489 -71.6123
853 -33.0488 -71.6125
140 -33.0488 -71.6125
498 -33.0544 -71.6121
72 -33.0583 -71.6105
970 -33.0603 -71.6104
362 -33.0585 -71.6091
463 -33.0582 -71.6105
748 -33.0581 -71.6111
259 -33.0581 -71.6107
886 -33.0578 -71.6102
454 -33.0582 -71.609
132 -33.059 -71.6088
474 -33.0604 -71.6083
677 -33.0603 -71.6083
657 -33.0584 -71.6086
282 -33.0578 -71.6082
46 -33.0578 -71.6082
740 -33.0579 -71.6082
384 -33.0577 -71.6102
606 -33.0577 -71.6102
876 -33.0576 -71.6101
866 -33.0574 -71.61
569 -33.0572 -71.6099
97 -33.0554 -71.6104
187 -33.0562 -71.6102
190 -33.0565 -71.6101
26 -33.0569 -71.6098
558 -33.0569 -71.6098
535 -33.0575 -71.6088
874 -33.0569 -71.6088
510 -33.0568 -71.6097
2 -33.0557 -71.6094
540 -33.0558 -71.6092
706 -33.056 -71.6084
422 -33.0578 -71.6082
833 -33.0577 -71.6082
888 -33.058 -71.6081
858 -33.058 -71.6081
555 -33.0577 -71.6082
138 -33.0577 -71.6082
944 -33.0577 -71.6081
478 -33.0577 -71.6081
438 -33.058 -71.6081
592 -33.0577 -71.6081
225 -33.0581 -71.6081
705 -33.0582 -71.608
810 -33.0575 -71.6081
918 -33.0575 -71.6081
219 -33.0575 -71.6081
662 -33.0575 -71.6081
772 -33.0574 -71.6081
980 -33.0574 -71.6081
878 -33.0574 -71.6081
723 -33.0574 -71.6081
489 -33.0573 -71.6081
624 -33.0552 -71.6081
669 -33.0552 -71.6081
365 -33.0552 -71.6081
715 -33.0572 -71.608
753 -33.0572 -71.608
458 -33.0572 -71.608
470 -33.0572 -71.608
378 -33.0572 -71.608
832 -33.0553 -71.608
664 -33.0571 -71.608
349 -33.0552 -71.6081
745 -33.0546 -71.6104
681 -33.0549 -71.6104
375 -33.0546 -71.6085
268 -33.0546 -71.6105
415 -33.0545 -71.6105
782 -33.0546 -71.6085
120 -33.0546 -71.6085
390 -33.0546 -71.6085
544 -33.0545 -71.6085
395 -33.0545 -71.6085
287 -33.0545 -71.6085
993 -33.0545 -71.6085
103 -33.0545 -71.6085
276 -33.0545 -71.6085
230 -33.0545 -71.6085
235 -33.0544 -71.612
68 -33.0543 -71.6119
738 -33.0542 -71.6118
437 -33.0542 -71.6118
82 -33.0542 -71.6117
233 -33.0542 -71.6117
306 -33.0542 -71.6117
185 -33.0541 -71.6115
143 -33.0541 -71.6105
670 -33.0543 -71.6085
8 -33.0543 -71.6085
244 -33.0543 -71.6085
737 -33.0543 -71.6085
861 -33.0543 -71.6105
975 -33.0542 -71.6085
371 -33.0541 -71.6085
505 -33.055 -71.6082
71 -33.055 -71.6082
845 -33.055 -71.6082
325 -33.055 -71.6083
199 -33.0549 -71.6083
736 -33.0549 -71.6083
16 -33.055 -71.6083
882 -33.055 -71.6082
284 -33.0551 -71.6082
673 -33.0551 -71.6082
417 -33.0552 -71.6081
125 -33.0551 -71.6082
243 -33.055 -71.6082
192 -33.0551 -71.6082
770 -33.0551 -71.6082
172 -33.0549 -71.6083
556 -33.0546 -71.6085
811 -33.0546 -71.6085
675 -33.0547 -71.6085
242 -33.0541 -71.6085
232 -33.054 -71.6085
339 -33.054 -71.6085
257 -33.0541 -71.6085
997 -33.0547 -71.6085
229 -33.0549 -71.6083
321 -33.0549 -71.6083
294 -33.0549 -71.6083
319 -33.0549 -71.6083
357 -33.0548 -71.6084
788 -33.0548 -71.6083
856 -33.0553 -71.608
63 -33.0598 -71.608
419 -33.0598 -71.6079
808 -33.0605 -71.6077
528 -33.059 -71.6079
79 -33.0589 -71.6078
499 -33.059 -71.6077
332 -33.059 -71.6077
159 -33.0598 -71.6077
925 -33.0598 -71.6077
903 -33.0594 -71.6076
300 -33.0606 -71.6074
672 -33.0593 -71.6076
977 -33.0592 -71.6076
581 -33.0593 -71.6076
280 -33.0591 -71.6075
934 -33.0589 -71.6078
285 -33.0584 -71.608
473 -33.0584 -71.608
700 -33.0585 -71.608
912 -33.0583 -71.608
156 -33.0571 -71.608
73 -33.057 -71.608
62 -33.057 -71.608
168 -33.0579 -71.6079
400 -33.0586 -71.6079
11 -33.0588 -71.6078
469 -33.0588 -71.6078
461 -33.0586 -71.6079
929 -33.0585 -71.6079
335 -33.0586 -71.6079
613 -33.0577 -71.6073
825 -33.057 -71.607
281 -33.0599 -71.607
311 -33.0591 -71.6065
112 -33.0597 -71.6063
525 -33.059 -71.6063
296 -33.0586 -71.6066
129 -33.0586 -71.6066
527 -33.0586 -71.6065
491 -33.0599 -71.6063
331 -33.06 -71.6061
291 -33.0603 -71.6059
441 -33.0609 -71.6047
147 -33.0598 -71.6045
870 -33.0597 -71.6045
90 -33.059 -71.6042
924 -33.0587 -71.6041
513 -33.0585 -71.6065
83 -33.0579 -71.6068
873 -33.058 -71.6067
411 -33.0584 -71.6066
922 -33.0577 -71.6068
954 -33.0572 -71.607
769 -33.0573 -71.6069
857 -33.0576 -71.6068
472 -33.0573 -71.6065
223 -33.0582 -71.6063
221 -33.0583 -71.6049
196 -33.058 -71.6046
477 -33.0577 -71.6062
768 -33.0576 -71.6049
78 -33.0576 -71.6047
984 -33.057 -71.607
350 -33.057 -71.608
557 -33.0568 -71.608
381 -33.0567 -71.608
110 -33.0567 -71.608
532 -33.0567 -71.608
94 -33.0566 -71.608
746 -33.0566 -71.608
626 -33.0563 -71.608
923 -33.0562 -71.608
183 -33.0562 -71.6079
952 -33.0561 -71.6079
137 -33.0561 -71.6079
690 -33.056 -71.6079
846 -33.056 -71.6079
328 -33.056 -71.6079
468 -33.0559 -71.6079
990 -33.0554 -71.6079
653 -33.0554 -71.6079
741 -33.0554 -71.6079
236 -33.0554 -71.6079
404 -33.0553 -71.608
182 -33.0553 -71.608
815 -33.0553 -71.608
126 -33.0559 -71.6079
836 -33.0559 -71.6079
167 -33.0558 -71.6079
714 -33.0558 -71.6079
704 -33.0555 -71.6079
56 -33.0555 -71.6079
369 -33.0555 -71.6079
460 -33.0555 -71.6078
32 -33.0562 -71.6075
503 -33.0569 -71.6074
261 -33.0567 -71.6072
840 -33.0561 -71.6075
136 -33.0557 -71.6077
158 -33.056 -71.6075
316 -33.0559 -71.6075
622 -33.0567 -71.6072
843 -33.0568 -71.6071
620 -33.0567 -71.6045
169 -33.0566 -71.6045
937 -33.0562 -71.6044
256 -33.0557 -71.6046
99 -33.0557 -71.6043
293 -33.0558 -71.6043
951 -33.0557 -71.6077
981 -33.0556 -71.6078
471 -33.0557 -71.6078
757 -33.0556 -71.6078
502 -33.0556 -71.6078
752 -33.0555 -71.6078
398 -33.0556 -71.6078
785 -33.0556 -71.6078
966 -33.0556 -71.6078
671 -33.0556 -71.6078
595 -33.0555 -71.6047
98 -33.0556 -71.6047
957 -33.0548 -71.6045
406 -33.0541 -71.6057
1 -33.0545 -71.6046
821 -33.054 -71.6105
707 -33.054 -71.6114
181 -33.0538 -71.6112
562 -33.0537 -71.6112
372 -33.0535 -71.6114
336 -33.0528 -71.6116
517 -33.0531 -71.6115
744 -33.0531 -71.6115
625 -33.0537 -71.6112
91 -33.0537 -71.6111
658 -33.0537 -71.6111
534 -33.0536 -71.6111
203 -33.0534 -71.611
623 -33.0534 -71.611
867 -33.0533 -71.611
382 -33.0533 -71.611
915 -33.0527 -71.6116
449 -33.0524 -71.6121
996 -33.0523 -71.6121
805 -33.0521 -71.612
186 -33.0521 -71.612
74 -33.0512 -71.612
588 -33.0519 -71.612
638 -33.0518 -71.612
666 -33.0518 -71.612
894 -33.0518 -71.6118
180 -33.0522 -71.6117
621 -33.0524 -71.6117
920 -33.0516 -71.6118
27 -33.0512 -71.612
278 -33.0512 -71.6119
33 -33.0514 -71.6119
791 -33.053 -71.6108
356 -33.0536 -71.6107
391 -33.0536 -71.6107
433 -33.0536 -71.6106
566 -33.0529 -71.6107
536 -33.0528 -71.6106
429 -33.0528 -71.6106
161 -33.0528 -71.6106
931 -33.0535 -71.6106
141 -33.0538 -71.6105
943 -33.0535 -71.6104
936 -33.0535 -71.6104
270 -33.0528 -71.6105
906 -33.0527 -71.6104
508 -33.0527 -71.6104
914 -33.0526 -71.6102
617 -33.0526 -71.6102
995 -33.0525 -71.6101
717 -33.0524 -71.61
526 -33.0513 -71.6098
932 -33.0512 -71.6099
258 -33.0511 -71.61
465 -33.0512 -71.6099
317 -33.0512 -71.6099
439 -33.0513 -71.6098
750 -33.0514 -71.6097
766 -33.0514 -71.6097
379 -33.0515 -71.6096
817 -33.0514 -71.6097
164 -33.0513 -71.6098
539 -33.0514 -71.6097
428 -33.0511 -71.61
823 -33.05 -71.6111
634 -33.05 -71.6111
231 -33.05 -71.6111
418 -33.05 -71.6111
680 -33.05 -71.6112
234 -33.05 -71.6112
590 -33.05 -71.6111
119 -33.05 -71.6111
828 -33.0501 -71.6107
178 -33.0501 -71.6106
425 -33.0501 -71.6106
481 -33.0501 -71.6107
807 -33.05 -71.611
457 -33.0501 -71.611
956 -33.0501 -71.6109
701 -33.05 -71.6112
462 -33.0499 -71.612
519 -33.0491 -71.6116
218 -33.0491 -71.6116
436 -33.049 -71.6118
84 -33.049 -71.6119
778 -33.049 -71.6118
541 -33.049 -71.6118
637 -33.0499 -71.6116
0 -33.05 -71.6115
728 -33.0498 -71.6113
538 -33.0496 -71.6112
648 -33.0496 -71.6112
960 -33.0491 -71.6114
515 -33.0493 -71.6112
153 -33.0501 -71.6106
656 -33.0509 -71.6102
342 -33.0508 -71.6102
719 -33.0508 -71.6102
312 -33.0508 -71.6102
779 -33.0507 -71.6102
329 -33.0508 -71.6102
96 -33.0507 -71.6102
241 -33.0507 -71.6102
596 -33.0506 -71.6102
58 -33.051 -71.6101
651 -33.051 -71.6101
947 -33.0506 -71.6102
685 -33.0505 -71.6102
804 -33.0505 -71.6102
518 -33.0504 -71.6101
86 -33.0504 -71.6102
847 -33.0502 -71.6103
207 -33.0502 -71.6102
444 -33.0502 -71.6102
654 -33.0502 -71.6104
363 -33.0501 -71.6106
240 -33.0501 -71.6105
64 -33.0501 -71.6104
76 -33.0502 -71.6102
665 -33.0502 -71.6102
548 -33.0502 -71.6101
709 -33.0502 -71.6101
522 -33.0502 -71.6101
248 -33.0494 -71.6101
971 -33.0494 -71.6101
188 -33.0522 -71.6096
358 -33.0536 -71.6085
65 -33.0536 -71.6085
731 -33.0536 -71.6085
578 -33.0536 -71.6086
267 -33.0535 -71.6085
397 -33.0535 -71.6085
122 -33.0535 -71.6085
245 -33.0535 -71.6085
215 -33.054 -71.6085
813 -33.0539 -71.6085
910 -33.0539 -71.6085
839 -33.0538 -71.6085
895 -33.0535 -71.6085
564 -33.0537 -71.6085
193 -33.0535 -71.6085
989 -33.0535 -71.6085
806 -33.0534 -71.6085
720 -33.0534 -71.6085
308 -33.0534 -71.6085
691 -33.0534 -71.6085
299 -33.0533 -71.6089
247 -33.0534 -71.6085
388 -33.0534 -71.6085
887 -33.0533 -71.6085
21 -33.0533 -71.6084
194 -33.0533 -71.6084
554 -33.0532 -71.6084
628 -33.0532 -71.6084
682 -33.0532 -71.6084
67 -33.0532 -71.6084
875 -33.0531 -71.6084
410 -33.0531 -71.6084
264 -33.0531 -71.6084
359 -33.053 -71.6084
871 -33.053 -71.6084
913 -33.053 -71.6083
667 -33.053 -71.6083
921 -33.053 -71.6083
184 -33.0529 -71.6083
289 -33.0529 -71.6083
30 -33.0537 -71.6048
826 -33.0537 -71.6048
149 -33.0529 -71.6047
6 -33.0529 -71.6083
567 -33.0529 -71.6083
616 -33.0527 -71.6082
776 -33.0528 -71.6066
492 -33.0527 -71.6082
552 -33.0527 -71.6082
41 -33.0526 -71.6082
893 -33.0526 -71.6082
959 -33.0525 -71.6082
965 -33.0525 -71.6082
896 -33.0525 -71.6082
650 -33.0525 -71.6082
445 -33.0525 -71.6082
689 -33.0524 -71.6081
104 -33.0524 -71.6081
800 -33.0524 -71.6081
609 -33.0524 -71.6081
28 -33.0522 -71.6081
490 -33.0523 -71.6081
514 -33.0522 -71.6077
59 -33.0522 -71.6095
568 -33.0521 -71.6095
380 -33.0521 -71.6095
684 -33.052 -71.6088
618 -33.052 -71.6094
95 -33.052 -71.6089
330 -33.052 -71.6089
131 -33.0521 -71.6087
926 -33.0521 -71.6086
584 -33.0521 -71.6086
699 -33.0521 -71.6085
114 -33.0521 -71.6086
352 -33.0521 -71.6087
543 -33.0521 -71.6086
396 -33.0521 -71.6086
451 -33.052 -71.6089
898 -33.0518 -71.6093
246 -33.0519 -71.6092
969 -33.0519 -71.6092
338 -33.0517 -71.6094
974 -33.0517 -71.6094
524 -33.0517 -71.6094
899 -33.0496 -71.6093
841 -33.0519 -71.6091
346 -33.0519 -71.6091
559 -33.0515 -71.6088
865 -33.0511 -71.6085
4 -33.051 -71.6086
985 -33.0505 -71.6087
695 -33.0505 -71.6085
288 -33.0512 -71.6085
777 -33.0522 -71.6084
570 -33.0522 -71.6084
594 -33.0522 -71.6083
45 -33.0522 -71.6084
443 -33.0521 -71.6084
630 -33.0522 -71.6084
426 -33.0522 -71.6084
37 -33.0522 -71.6082
135 -33.0522 -71.6082
47 -33.0522 -71.6081
781 -33.0522 -71.6076
953 -33.0522 -71.6082
39 -33.0521 -71.6081
507 -33.0519 -71.608
121 -33.0522 -71.6074
344 -33.0518 -71.6081
486 -33.0513 -71.6084
814 -33.0514 -71.6083
3 -33.0514 -71.6083
702 -33.0513 -71.6084
798 -33.0512 -71.6084
249 -33.0512 -71.6084
162 -33.0513 -71.6084
792 -33.0514 -71.6083
824 -33.0516 -71.6082
928 -33.0517 -71.6082
663 -33.0517 -71.6082
459 -33.0516 -71.6082
729 -33.0515 -71.6083
533 -33.0503 -71.6048
