142 -33.0543 -71.6244
85 -33.0543 -71.6244
497 -33.0543 -71.6242
115 -33.0543 -71.6242
647 -33.0543 -71.6242
5 -33.0543 -71.6242
796 -33.0543 -71.6241
890 -33.0543 -71.6241
226 -33.0543 -71.6241
703 -33.0543 -71.6241
38 -33.0543 -71.6239
315 -33.0543 -71.6238
500 -33.0543 -71.6238
327 -33.0543 -71.6237
678 -33.0543 -71.6235
66 -33.0542 -71.6244
109 -33.0534 -71.6246
217 -33.0535 -71.6245
697 -33.0536 -71.6245
883 -33.0532 -71.6246
979 -33.0528 -71.6246
829 -33.0528 -71.6246
786 -33.0527 -71.6245
479 -33.0536 -71.6245
940 -33.054 -71.6244
176 -33.054 -71.6244
550 -33.0542 -71.6244
313 -33.0539 -71.6242
589 -33.0526 -71.6245
961 -33.0538 -71.6245
53 -33.0537 -71.6241
260 -33.0543 -71.6234
177 -33.0544 -71.6228
880 -33.0546 -71.6224
179 -33.0549 -71.622
930 -33.0544 -71.623
487 -33.0543 -71.6232
266 -33.0544 -71.623
253 -33.0544 -71.623
210 -33.0552 -71.6214
377 -33.0551 -71.6214
646 -33.0549 -71.6183
869 -33.055 -71.618
57 -33.0547 -71.6184
765 -33.0542 -71.6184
413 -33.0543 -71.6184
668 -33.0546 -71.6184
189 -33.0541 -71.6184
370 -33.0534 -71.6188
408 -33.0534 -71.6188
255 -33.0533 -71.6188
549 -33.0531 -71.6188
376 -33.0529 -71.6187
881 -33.0528 -71.6187
816 -33.0528 -71.6187
134 -33.0527 -71.6187
582 -33.0538 -71.6184
963 -33.054 -71.6184
367 -33.054 -71.6184
978 -33.0538 -71.6184
537 -33.0535 -71.6185
407 -33.0536 -71.6184
598 -33.0524 -71.6245
25 -33.0522 -71.6244
987 -33.052 -71.6243
710 -33.052 -71.6243
92 -33.052 -71.6243
629 -33.0514 -71.6252
849 -33.0512 -71.6251
409 -33.0518 -71.625
633 -33.0509 -71.6228
116 -33.0522 -71.6199
399 -33.0522 -71.6199
547 -33.0514 -71.6191
775 -33.0512 -71.6188
447 -33.0508 -71.6227
34 -33.0506 -71.6225
713 -33.0512 -71.6188
935 -33.0505 -71.6224
101 -33.0503 -71.6242
493 -33.0505 -71.6223
732 -33.0504 -71.6219
799 -33.0502 -71.6206
716 -33.0502 -71.6209
694 -33.0502 -71.6208
901 -33.0501 -71.6205
283 -33.05 -71.6203
831 -33.05 -71.6188
448 -33.0499 -71.6188
687 -33.05 -71.6188
440 -33.0499 -71.6202
859 -33.0495 -71.6201
412 -33.0495 -71.6197
597 -33.0494 -71.6195
340 -33.0499 -71.6188
301 -33.0522 -71.6185
542 -33.0522 -71.6185
42 -33.0522 -71.6185
361 -33.0522 -71.6185
69 -33.052 -71.6185
456 -33.0512 -71.6185
698 -33.0518 -71.6184
754 -33.0517 -71.6184
373 -33.0517 -71.6184
455 -33.0516 -71.6184
587 -33.0515 -71.6184
216 -33.0515 -71.6184
760 -33.0514 -71.6184
809 -33.0514 -71.6184
919 -33.0512 -71.6184
355 -33.0512 -71.6185
973 -33.0511 -71.6188
838 -33.051 -71.6187
341 -33.0511 -71.6186
761 -33.051 -71.6186
262 -33.0498 -71.6187
434 -33.0509 -71.6186
844 -33.0509 -71.6186
198 -33.0508 -71.6185
891 -33.0506 -71.6184
803 -33.0511 -71.6182
767 -33.0505 -71.618
466 -33.0503 -71.6179
323 -33.0501 -71.6184
166 -33.0501 -71.6183
495 -33.0499 -71.6178
118 -33.0559 -71.6159
976 -33.0558 -71.6159
945 -33.0558 -71.6159
872 -33.0558 -71.6159
475 -33.0554 -71.6178
774 -33.0553 -71.6176
560 -33.0554 -71.6175
482 -33.0557 -71.6159
991 -33.0556 -71.6159
297 -33.055 -71.6158
561 -33.0548 -71.6158
842 -33.0546 -71.6157
483 -33.0545 -71.6157
531 -33.0545 -71.6157
501 -33.0544 -71.6157
124 -33.0544 -71.6157
450 -33.0528 -71.6159
822 -33.0529 -71.6158
389 -33.0526 -71.6158
743 -33.0525 -71.6157
476 -33.0524 -71.6157
955 -33.0522 -71.6157
726 -33.0522 -71.6157
279 -33.0521 -71.6156
123 -33.0521 -71.6156
251 -33.0524 -71.6156
640 -33.054 -71.6156
602 -33.052 -71.6156
107 -33.0519 -71.6156
520 -33.0519 -71.6156
693 -33.0519 -71.6156
464 -33.054 -71.6156
950 -33.054 -71.6156
948 -33.0557 -71.6156
608 -33.054 -71.6156
20 -33.0539 -71.6156
18 -33.0529 -71.6156
60 -33.0538 -71.6156
879 -33.0537 -71.6156
818 -33.0537 -71.6156
286 -33.0537 -71.6156
994 -33.0546 -71.615
686 -33.0535 -71.6142
127 -33.0532 -71.614
943 -33.0519 -71.6136
936 -33.0519 -71.6135
762 -33.052 -71.6132
931 -33.0518 -71.6137
269 -33.0518 -71.6156
442 -33.0514 -71.6156
356 -33.0517 -71.6138
146 -33.0514 -71.6156
580 -33.0514 -71.6156
271 -33.0513 -71.6156
150 -33.051 -71.6156
105 -33.0514 -71.6131
907 -33.0514 -71.6131
405 -33.0514 -71.6131
268 -33.0512 -71.6131
916 -33.0511 -71.6129
577 -33.051 -71.6131
387 -33.051 -71.6131
252 -33.0509 -71.6131
117 -33.0497 -71.6158
730 -33.0501 -71.6157
546 -33.0499 -71.6157
254 -33.0497 -71.6158
812 -33.0496 -71.616
992 -33.0496 -71.616
292 -33.0497 -71.6158
641 -33.0509 -71.6156
488 -33.0506 -71.6155
745 -33.0509 -71.6131
23 -33.0509 -71.6131
819 -33.0506 -71.6155
290 -33.0506 -71.6155
609 -33.0496 -71.6133
689 -33.0497 -71.6132
953 -33.0496 -71.6135
908 -33.0495 -71.6162
864 -33.0495 -71.6162
892 -33.0496 -71.6162
721 -33.0495 -71.6163
545 -33.0495 -71.6163
95 -33.0495 -71.6142
684 -33.0495 -71.6141
352 -33.0495 -71.614
443 -33.0496 -71.6137
426 -33.0496 -71.6137
570 -33.0496 -71.6137
699 -33.0495 -71.6138
543 -33.0495 -71.6139
396 -33.0495 -71.6139
415 -33.0508 -71.6131
446 -33.0508 -71.6131
272 -33.0508 -71.6131
792 -33.0507 -71.6131
310 -33.0506 -71.613
423 -33.0506 -71.613
403 -33.0506 -71.613
160 -33.0505 -71.613
998 -33.0505 -71.613
649 -33.0504 -71.613
143 -33.0504 -71.613
386 -33.0503 -71.613
145 -33.0503 -71.613
507 -33.0502 -71.613
141 -33.0502 -71.613
986 -33.0501 -71.613
309 -33.0499 -71.613
433 -33.0498 -71.6129
151 -33.0498 -71.6129
171 -33.0498 -71.6129
759 -33.0497 -71.6129
893 -33.0497 -71.613
391 -33.0497 -71.613
959 -33.0497 -71.6129
41 -33.0497 -71.6129
102 -33.0497 -71.6129
108 -33.0496 -71.6129
611 -33.0496 -71.6129
711 -33.0496 -71.6129
200 -33.0495 -71.6129
208 -33.0495 -71.6129
787 -33.0494 -71.6164
999 -33.0493 -71.6202
206 -33.048 -71.6202
213 -33.0478 -71.6198
130 -33.0477 -71.6198
453 -33.0477 -71.6199
165 -33.0477 -71.6199
263 -33.0477 -71.6198
529 -33.0478 -71.6197
868 -33.0479 -71.6195
394 -33.0479 -71.6195
692 -33.0479 -71.6195
36 -33.0479 -71.6196
897 -33.0478 -71.6197
712 -33.0478 -71.6197
900 -33.0479 -71.6196
318 -33.0477 -71.6199
484 -33.0474 -71.6227
9 -33.0474 -71.6226
605 -33.0474 -71.6208
939 -33.0474 -71.6226
911 -33.0474 -71.6227
55 -33.0474 -71.6223
755 -33.0474 -71.6223
889 -33.0475 -71.6204
10 -33.0476 -71.6201
983 -33.0476 -71.6201
239 -33.0477 -71.62
949 -33.0476 -71.6202
573 -33.0475 -71.6203
416 -33.0476 -71.6203
170 -33.0474 -71.6203
660 -33.0479 -71.6195
852 -33.0494 -71.6192
163 -33.0494 -71.6192
632 -33.0494 -71.6188
111 -33.0494 -71.6193
144 -33.0494 -71.6193
17 -33.0494 -71.6189
250 -33.0494 -71.6189
688 -33.0483 -71.6188
432 -33.0494 -71.6185
302 -33.0494 -71.6185
77 -33.0493 -71.6184
780 -33.0485 -71.6184
574 -33.0483 -71.6187
462 -33.0483 -71.6187
374 -33.0484 -71.6186
106 -33.0483 -71.6188
174 -33.0481 -71.6192
586 -33.0481 -71.6192
364 -33.0481 -71.6192
904 -33.048 -71.6193
854 -33.048 -71.6194
631 -33.048 -71.6194
834 -33.048 -71.6193
191 -33.0481 -71.6192
612 -33.0483 -71.6189
884 -33.0483 -71.6189
850 -33.0483 -71.6188
572 -33.0482 -71.619
273 -33.0481 -71.6192
13 -33.0482 -71.6191
722 -33.0474 -71.622
360 -33.0467 -71.6229
718 -33.0467 -71.6229
80 -33.047 -71.6228
222 -33.0465 -71.6229
735 -33.0462 -71.623
696 -33.0463 -71.6229
516 -33.0464 -71.6229
485 -33.047 -71.6228
152 -33.0474 -71.622
530 -33.0473 -71.6219
511 -33.0473 -71.6217
583 -33.0472 -71.6228
764 -33.0472 -71.6228
509 -33.0472 -71.6228
708 -33.0472 -71.6215
427 -33.0462 -71.6214
277 -33.0462 -71.623
322 -33.0462 -71.623
802 -33.0462 -71.623
938 -33.0461 -71.623
205 -33.046 -71.623
820 -33.0461 -71.623
139 -33.0461 -71.623
220 -33.0454 -71.6227
88 -33.0458 -71.622
643 -33.046 -71.6217
827 -33.0462 -71.6215
982 -33.0455 -71.6224
784 -33.0454 -71.6227
988 -33.0455 -71.6225
644 -33.0462 -71.6213
383 -33.0473 -71.6211
333 -33.0473 -71.6202
113 -33.0472 -71.6202
155 -33.0471 -71.6202
639 -33.0471 -71.6202
140 -33.047 -71.619
853 -33.047 -71.619
941 -33.0471 -71.6189
314 -33.0472 -71.6185
855 -33.0472 -71.6185
436 -33.0472 -71.6183
84 -33.0472 -71.6185
862 -33.0471 -71.6188
435 -33.0471 -71.6187
50 -33.0471 -71.6186
763 -33.0469 -71.6201
972 -33.0466 -71.6205
635 -33.0466 -71.6204
794 -33.0469 -71.6201
793 -33.0465 -71.6206
724 -33.0464 -71.6211
968 -33.0465 -71.6208
610 -33.0465 -71.6208
157 -33.0468 -71.62
81 -33.0468 -71.6197
348 -33.0468 -71.6197
604 -33.0468 -71.6196
933 -33.0468 -71.6198
553 -33.0467 -71.62
48 -33.0468 -71.6198
195 -33.0485 -71.6183
637 -33.0491 -71.6182
431 -33.0494 -71.6177
425 -33.0488 -71.6173
363 -33.0488 -71.6173
680 -33.0488 -71.6179
234 -33.0488 -71.6178
430 -33.0488 -71.6173
240 -33.0489 -71.6172
74 -33.0489 -71.617
278 -33.0489 -71.6169
548 -33.049 -71.6169
27 -33.0489 -71.617
64 -33.0489 -71.6172
93 -33.0489 -71.6171
654 -33.0489 -71.617
783 -33.0488 -71.6174
337 -33.0486 -71.618
701 -33.0486 -71.6179
393 -33.0486 -71.6177
830 -33.0486 -71.6181
0 -33.0485 -71.6182
496 -33.0486 -71.6181
504 -33.0486 -71.6181
956 -33.0487 -71.6176
401 -33.0488 -71.6175
481 -33.0488 -71.6175
828 -33.0488 -71.6175
727 -33.0487 -71.6176
457 -33.0487 -71.6176
614 -33.0487 -71.6176
756 -33.0484 -71.6169
76 -33.049 -71.6169
946 -33.0494 -71.6165
164 -33.0493 -71.6154
750 -33.0493 -71.6152
539 -33.0493 -71.6154
258 -33.0492 -71.6158
180 -33.0492 -71.6157
428 -33.0492 -71.6156
379 -33.0493 -71.6152
246 -33.0494 -71.6146
841 -33.0494 -71.6145
202 -33.0494 -71.6129
615 -33.0494 -71.6129
524 -33.0493 -71.6149
334 -33.0493 -71.6129
70 -33.0492 -71.6129
656 -33.0492 -71.616
518 -33.049 -71.6166
86 -33.049 -71.6166
804 -33.049 -71.6166
665 -33.049 -71.6168
709 -33.049 -71.6168
522 -33.049 -71.6168
207 -33.049 -71.6168
565 -33.049 -71.6166
860 -33.049 -71.6165
320 -33.0489 -71.6165
329 -33.0491 -71.6162
795 -33.0487 -71.6164
336 -33.0485 -71.6138
974 -33.0485 -71.6137
128 -33.0484 -71.6176
304 -33.0478 -71.6173
119 -33.0478 -71.6167
823 -33.0478 -71.6167
971 -33.0478 -71.6167
248 -33.0477 -71.6168
758 -33.0477 -71.6168
418 -33.0477 -71.6167
231 -33.0478 -71.6167
148 -33.0484 -71.6164
385 -33.0482 -71.6163
345 -33.0479 -71.616
683 -33.0479 -71.6161
807 -33.0478 -71.6166
178 -33.0479 -71.6163
153 -33.0479 -71.6161
590 -33.0477 -71.6168
960 -33.0473 -71.618
652 -33.0474 -71.6178
851 -33.0474 -71.6177
218 -33.0473 -71.6181
541 -33.0472 -71.6183
778 -33.0472 -71.6183
519 -33.0473 -71.6182
515 -33.0475 -71.6176
538 -33.0476 -71.6172
728 -33.0477 -71.617
44 -33.0477 -71.6169
648 -33.0476 -71.6173
31 -33.0475 -71.6175
75 -33.0475 -71.6162
133 -33.0479 -71.616
342 -33.0482 -71.6151
638 -33.0482 -71.615
666 -33.0482 -71.6149
779 -33.0482 -71.6151
947 -33.0482 -71.6153
920 -33.0482 -71.6152
719 -33.0482 -71.6151
894 -33.0482 -71.6149
932 -33.0484 -71.6144
439 -33.0484 -71.6144
817 -33.0484 -71.6141
465 -33.0483 -71.6145
651 -33.0483 -71.6148
58 -33.0483 -71.6148
805 -33.0483 -71.6145
596 -33.0482 -71.6153
899 -33.048 -71.6159
444 -33.048 -71.6158
685 -33.0481 -71.6154
847 -33.048 -71.616
634 -33.047 -71.6155
96 -33.0473 -71.614
241 -33.0473 -71.6139
312 -33.0473 -71.6139
996 -33.0476 -71.6132
749 -33.0476 -71.6131
766 -33.0477 -71.613
526 -33.0476 -71.6133
588 -33.0474 -71.6136
317 -33.0476 -71.6133
837 -33.0491 -71.6129
19 -33.0548 -71.6124
790 -33.0545 -71.6124
326 -33.0544 -71.6123
420 -33.0543 -71.6123
414 -33.0542 -71.6123
576 -33.0541 -71.6123
43 -33.0541 -71.6123
521 -33.0541 -71.6123
354 -33.0542 -71.6123
579 -33.0544 -71.6121
368 -33.0543 -71.6119
467 -33.0541 -71.6116
747 -33.054 -71.6122
619 -33.054 -71.6114
72 -33.0539 -71.6112
259 -33.0539 -71.6112
917 -33.0537 -71.6122
523 -33.0532 -71.6121
298 -33.0529 -71.6121
238 -33.0527 -71.6121
305 -33.0525 -71.6121
505 -33.0524 -71.6117
26 -33.0524 -71.6117
192 -33.0524 -71.6117
463 -33.0538 -71.6113
237 -33.0538 -71.6112
154 -33.0538 -71.6112
967 -33.0538 -71.6112
569 -33.0528 -71.6116
874 -33.0529 -71.6116
866 -33.053 -71.6116
384 -33.0534 -71.611
591 -33.0533 -71.611
563 -33.0533 -71.611
132 -33.0539 -71.6105
209 -33.0532 -71.6109
636 -33.0532 -71.6109
366 -33.0531 -71.6109
627 -33.0531 -71.6109
970 -33.0548 -71.6104
772 -33.0534 -71.6102
810 -33.0534 -71.6102
592 -33.0533 -71.61
922 -33.0532 -71.6098
83 -33.0532 -71.6095
873 -33.0531 -71.6094
98 -33.0532 -71.609
751 -33.0531 -71.6109
307 -33.0531 -71.6109
52 -33.053 -71.6108
402 -33.0529 -71.6107
452 -33.0529 -71.6107
175 -33.0529 -71.6106
61 -33.0527 -71.6104
12 -33.0527 -71.6103
927 -33.0526 -71.6102
35 -33.0525 -71.6101
773 -33.0525 -71.6101
679 -33.0525 -71.6101
274 -33.0525 -71.6101
190 -33.0524 -71.6099
676 -33.0523 -71.6098
424 -33.0523 -71.6098
962 -33.0522 -71.612
51 -33.052 -71.612
642 -33.0519 -71.612
958 -33.0519 -71.612
733 -33.0515 -71.612
737 -33.0515 -71.6118
2 -33.0515 -71.6118
187 -33.0516 -71.6118
675 -33.0519 -71.6118
811 -33.0519 -71.6118
782 -33.052 -71.6118
556 -33.0519 -71.6118
276 -33.0517 -71.6118
390 -33.0518 -71.6118
120 -33.0519 -71.6118
242 -33.0514 -71.6119
578 -33.0511 -71.6122
351 -33.0511 -71.6122
14 -33.0511 -71.6121
97 -33.0511 -71.6124
197 -33.0511 -71.6127
299 -33.0511 -71.6127
295 -33.0511 -71.6125
173 -33.0514 -71.6119
214 -33.0512 -71.6118
29 -33.0514 -71.6116
15 -33.0514 -71.6116
910 -33.0512 -71.6119
480 -33.0512 -71.6119
571 -33.0512 -71.6119
909 -33.0514 -71.6114
303 -33.0523 -71.6097
512 -33.0522 -71.6096
797 -33.0521 -71.6095
674 -33.0521 -71.6095
7 -33.0521 -71.6095
848 -33.0521 -71.6094
746 -33.0517 -71.6094
110 -33.0518 -71.6093
506 -33.052 -71.6093
470 -33.052 -71.6089
825 -33.052 -71.6088
40 -33.052 -71.6093
94 -33.0518 -71.6093
622 -33.0519 -71.6092
49 -33.0517 -71.609
923 -33.0515 -71.6096
681 -33.0512 -71.6099
22 -33.0512 -71.6099
846 -33.0513 -71.6098
575 -33.0512 -71.6099
789 -33.051 -71.6114
981 -33.051 -71.6101
167 -33.0511 -71.61
316 -33.0513 -71.6098
603 -33.0515 -71.6096
626 -33.0515 -71.6096
32 -33.0515 -71.6096
840 -33.0514 -71.6097
158 -33.0513 -71.6098
137 -33.0513 -71.6098
601 -33.0514 -71.6087
331 -33.0546 -71.6085
491 -33.0545 -71.6085
63 -33.0544 -71.6085
419 -33.0543 -71.6085
280 -33.0543 -71.6085
925 -33.0543 -71.6085
886 -33.0543 -71.6085
159 -33.0543 -71.6085
112 -33.0542 -71.6085
606 -33.0541 -71.6085
281 -33.0547 -71.6084
876 -33.0541 -71.6085
525 -33.054 -71.6085
903 -33.054 -71.6085
672 -33.0538 -71.6085
581 -33.0538 -71.6085
977 -33.0536 -71.6085
362 -33.0536 -71.6085
311 -33.0537 -71.6085
454 -33.0536 -71.6085
332 -33.0535 -71.6085
934 -33.0534 -71.6085
79 -33.0534 -71.6085
558 -33.0534 -71.6085
499 -33.0534 -71.6085
469 -33.0533 -71.6084
129 -33.0533 -71.6084
510 -33.0532 -71.6084
11 -33.0532 -71.6084
513 -33.0532 -71.6084
296 -33.0532 -71.6084
461 -33.0531 -71.6084
291 -33.055 -71.6082
474 -33.055 -71.6082
748 -33.0551 -71.6082
677 -33.0549 -71.6083
527 -33.0531 -71.6084
929 -33.053 -71.6083
808 -33.0549 -71.6083
300 -33.0552 -71.6081
528 -33.0554 -71.6079
147 -33.0544 -71.6046
441 -33.0554 -71.6044
870 -33.0543 -71.6046
768 -33.0543 -71.6054
90 -33.0535 -71.6047
924 -33.0532 -71.6047
335 -33.053 -71.6083
400 -33.053 -71.6083
411 -33.053 -71.6083
657 -33.0529 -71.6083
223 -33.0529 -71.6083
700 -33.0529 -71.6083
613 -33.0528 -71.6083
473 -33.0528 -71.6083
285 -33.0528 -71.6083
535 -33.0528 -71.6083
196 -33.053 -71.6065
221 -33.0529 -71.6047
912 -33.0528 -71.6083
705 -33.0527 -71.6082
477 -33.0526 -71.6082
225 -33.0525 -71.6082
551 -33.0522 -71.6082
888 -33.0525 -71.6082
438 -33.0525 -71.6082
555 -33.0522 -71.6082
219 -33.0522 -71.6084
944 -33.0522 -71.6083
645 -33.0522 -71.6083
472 -33.0522 -71.6082
858 -33.0525 -71.6082
168 -33.0524 -71.6081
740 -33.0523 -71.6081
46 -33.0523 -71.6081
833 -33.0522 -71.6081
422 -33.0522 -71.6081
478 -33.0521 -71.6081
662 -33.0521 -71.6086
769 -33.0521 -71.6086
954 -33.0521 -71.6086
212 -33.0521 -71.6086
378 -33.0521 -71.6087
224 -33.0514 -71.6087
89 -33.0512 -71.6086
595 -33.0513 -71.6084
261 -33.0514 -71.6083
843 -33.0515 -71.6083
984 -33.0516 -71.6082
715 -33.0517 -71.6081
503 -33.0515 -71.6083
256 -33.0514 -71.6083
228 -33.0513 -71.6082
857 -33.0523 -71.6081
282 -33.0523 -71.6081
138 -33.0522 -71.6079
918 -33.0522 -71.6078
980 -33.0522 -71.6077
937 -33.052 -71.608
878 -33.0522 -71.6076
489 -33.0522 -71.6076
458 -33.0522 -71.6074
664 -33.0521 -71.6073
540 -33.0521 -71.6073
156 -33.0521 -71.6072
593 -33.0521 -71.6071
73 -33.0521 -71.6071
421 -33.052 -71.607
227 -33.052 -71.6069
557 -33.052 -71.6069
723 -33.052 -71.608
381 -33.052 -71.6068
532 -33.052 -71.6068
753 -33.0519 -71.6076
62 -33.0518 -71.6076
350 -33.0518 -71.6076
706 -33.0518 -71.6063
502 -33.0514 -71.6059
169 -33.0513 -71.6052
620 -33.0513 -71.6052
78 -33.0519 -71.6047
752 -33.0512 -71.6059
181 -33.0512 -71.6059
966 -33.0512 -71.6059
398 -33.051 -71.6101
682 -33.0498 -71.6123
554 -33.0498 -71.6121
887 -33.0499 -71.6121
871 -33.0498 -71.6125
6 -33.0497 -71.6127
184 -33.0498 -71.6126
921 -33.0498 -71.6125
347 -33.0504 -71.6113
742 -33.0502 -71.6113
813 -33.0499 -71.6113
905 -33.0498 -71.6113
731 -33.0496 -71.6112
397 -33.0495 -71.6112
267 -33.0495 -71.6112
245 -33.0494 -71.6112
720 -33.0494 -71.6112
445 -33.0489 -71.6121
67 -33.0492 -71.6113
247 -33.0494 -71.6112
801 -33.0489 -71.6129
87 -33.0489 -71.6129
661 -33.0488 -71.6129
725 -33.0488 -71.6129
691 -33.0494 -71.6112
806 -33.0494 -71.6112
410 -33.0491 -71.6112
875 -33.0491 -71.6112
264 -33.0491 -71.6112
359 -33.049 -71.6112
667 -33.049 -71.6112
567 -33.0489 -71.6112
289 -33.0488 -71.6112
704 -33.0508 -71.6102
885 -33.0508 -71.6102
671 -33.0509 -71.6102
741 -33.0508 -71.6102
236 -33.0507 -71.6102
404 -33.0506 -71.6102
182 -33.0506 -71.6102
832 -33.0507 -71.6102
856 -33.0507 -71.6102
669 -33.0505 -71.6102
861 -33.0505 -71.6102
349 -33.0504 -71.6102
284 -33.0503 -71.6102
882 -33.0503 -71.6102
736 -33.0502 -71.6101
294 -33.0502 -71.6101
230 -33.0501 -71.6107
375 -33.0501 -71.6105
997 -33.0501 -71.6105
670 -33.0501 -71.611
257 -33.05 -71.6111
371 -33.05 -71.6111
776 -33.0493 -71.6107
357 -33.0502 -71.6104
319 -33.0502 -71.6103
321 -33.0502 -71.6102
199 -33.0502 -71.6102
229 -33.0502 -71.6103
215 -33.0493 -71.6099
193 -33.0489 -71.6099
777 -33.0488 -71.6127
372 -33.0488 -71.6129
877 -33.0487 -71.6129
265 -33.0487 -71.6129
599 -33.0485 -71.6129
585 -33.0485 -71.6129
655 -33.0484 -71.6129
517 -33.0483 -71.6129
744 -33.0483 -71.6129
835 -33.0483 -71.6129
201 -33.0481 -71.6128
942 -33.0481 -71.6128
392 -33.048 -71.6128
451 -33.048 -71.612
729 -33.048 -71.612
330 -33.048 -71.612
739 -33.048 -71.6128
915 -33.0478 -71.6129
902 -33.0479 -71.6128
100 -33.048 -71.6128
338 -33.0478 -71.6126
621 -33.0475 -71.6127
186 -33.0473 -71.6127
659 -33.0473 -71.6127
964 -33.0468 -71.6126
24 -33.0468 -71.6126
898 -33.0478 -71.6125
969 -33.0479 -71.6123
494 -33.0464 -71.6125
353 -33.0452 -71.6121
54 -33.0449 -71.612
131 -33.048 -71.6119
45 -33.0481 -71.6116
594 -33.0482 -71.6114
135 -33.0482 -71.6114
630 -33.0481 -71.6116
926 -33.048 -71.6118
114 -33.0481 -71.6117
584 -33.0481 -71.6117
37 -33.0482 -71.6114
616 -33.0487 -71.6112
552 -33.0486 -71.6112
781 -33.0486 -71.6112
965 -33.0485 -71.6112
490 -33.0482 -71.6112
104 -33.0483 -71.6111
275 -33.0477 -71.6111
449 -33.0477 -71.611
33 -33.0466 -71.6109
288 -33.0463 -71.6098
798 -33.0464 -71.6098
865 -33.0463 -71.6098
695 -33.0456 -71.6098
985 -33.0455 -71.6098
4 -33.0462 -71.6098
249 -33.0464 -71.6098
3 -33.0467 -71.6098
459 -33.0467 -71.6098
824 -33.0468 -71.6098
702 -33.0466 -71.6098
486 -33.0465 -71.6098
814 -33.0466 -71.6098
928 -33.0469 -71.6098
211 -33.0509 -71.6092
324 -33.0507 -71.6092
183 -33.0508 -71.6085
952 -33.0507 -71.6085
821 -33.0506 -71.6092
757 -33.0504 -71.6089
785 -33.0504 -71.6089
600 -33.0507 -71.6085
204 -33.0506 -71.6085
343 -33.0506 -71.6085
328 -33.0505 -71.6085
468 -33.0505 -71.6085
126 -33.0505 -71.6085
836 -33.0505 -71.6085
863 -33.0505 -71.6085
714 -33.0504 -71.6085
406 -33.05 -71.6091
243 -33.0499 -71.6091
845 -33.05 -71.6091
16 -33.0499 -71.6091
8 -33.0495 -71.6097
395 -33.0496 -71.6094
172 -33.0499 -71.6091
707 -33.0496 -71.6091
990 -33.0504 -71.6091
653 -33.0504 -71.609
136 -33.0504 -71.6085
951 -33.0503 -71.6085
734 -33.0503 -71.6085
771 -33.0499 -71.6084
607 -33.0499 -71.6084
498 -33.0498 -71.6084
690 -33.0508 -71.6074
471 -33.0504 -71.6073
369 -33.0503 -71.6073
56 -33.0502 -71.6072
460 -33.0502 -71.6072
624 -33.05 -71.6072
365 -33.0499 -71.6072
957 -33.0503 -71.6066
815 -33.051 -71.6058
382 -33.0507 -71.6057
673 -33.0507 -71.6057
770 -33.0507 -71.6057
788 -33.0504 -71.6056
293 -33.0506 -71.605
99 -33.0504 -71.6049
244 -33.0499 -71.6055
68 -33.0498 -71.6084
235 -33.0498 -71.6084
417 -33.0497 -71.6084
125 -33.0496 -71.6084
233 -33.0496 -71.6084
82 -33.0495 -71.6084
738 -33.0495 -71.6084
306 -33.0495 -71.6084
437 -33.0495 -71.6084
71 -33.0495 -71.6084
325 -33.0497 -71.6071
1 -33.0494 -71.6039
185 -33.0493 -71.6083
564 -33.0493 -71.6053
358 -33.0492 -71.6052
623 -33.0489 -71.6091
544 -33.049 -71.6083
562 -33.0488 -71.6083
91 -33.0488 -71.6083
650 -33.0478 -71.6098
121 -33.0478 -71.6098
625 -33.0488 -71.6083
658 -33.0488 -71.6083
534 -33.0488 -71.6083
867 -33.0485 -71.6082
203 -33.0485 -71.6082
566 -33.048 -71.6082
429 -33.0478 -71.6082
270 -33.0477 -71.6082
161 -33.0477 -71.6082
28 -33.0476 -71.6098
47 -33.0475 -71.6098
995 -33.0474 -71.6098
914 -33.0475 -71.6082
617 -33.0474 -71.6082
663 -33.0469 -71.6098
344 -33.0471 -71.6098
39 -33.0473 -71.6098
717 -33.0471 -71.6082
59 -33.0467 -71.6081
188 -33.0467 -71.6081
568 -33.0467 -71.6081
380 -33.0467 -71.6081
618 -33.0465 -71.6081
346 -33.0463 -71.6081
559 -33.0458 -71.608
103 -33.0492 -71.607
287 -33.0492 -71.607
993 -33.0491 -71.607
975 -33.0489 -71.6069
232 -33.0488 -71.6068
339 -33.0488 -71.6067
839 -33.0488 -71.6066
65 -33.0492 -71.6052
122 -33.0491 -71.6052
388 -33.049 -71.605
30 -33.0491 -71.6032
826 -33.0489 -71.6035
628 -33.0489 -71.6048
913 -33.0488 -71.6047
492 -33.0486 -71.6043
896 -33.0485 -71.6042
791 -33.0482 -71.608
21 -33.0483 -71.6066
194 -33.0483 -71.6066
536 -33.048 -71.6078
162 -33.0455 -71.608
906 -33.0479 -71.6076
508 -33.0478 -71.6075
989 -33.0484 -71.6066
895 -33.0485 -71.6066
149 -33.0485 -71.6066
800 -33.0485 -71.6041
308 -33.0485 -71.6066
533 -33.0453 -71.605
514 -33.0483 -71.6037
