796 -33.0538 -71.6245
226 -33.0539 -71.6245
38 -33.054 -71.6244
5 -33.0538 -71.6245
497 -33.0537 -71.6245
647 -33.0538 -71.6245
115 -33.0538 -71.6245
315 -33.0541 -71.6244
678 -33.0543 -71.6244
260 -33.0543 -71.6242
487 -33.0543 -71.6241
327 -33.0542 -71.6244
500 -33.0541 -71.6243
703 -33.0539 -71.6242
890 -33.0538 -71.6241
85 -33.0536 -71.6245
940 -33.0533 -71.6246
176 -33.0533 -71.6246
550 -33.0535 -71.6245
961 -33.0531 -71.6246
697 -33.0529 -71.6246
479 -33.0528 -71.6246
217 -33.0528 -71.6246
66 -33.0535 -71.6245
109 -33.0527 -71.6245
142 -33.0536 -71.6245
313 -33.0532 -71.6238
883 -33.0525 -71.6245
979 -33.0522 -71.6244
829 -33.0521 -71.6243
786 -33.052 -71.6243
253 -33.0543 -71.6238
179 -33.0545 -71.6227
210 -33.0548 -71.6221
377 -33.0548 -71.6221
880 -33.0543 -71.6232
266 -33.0543 -71.6238
930 -33.0543 -71.6238
177 -33.0543 -71.6236
367 -33.0535 -71.6187
57 -33.054 -71.6184
646 -33.0542 -71.6184
869 -33.0545 -71.6184
668 -33.054 -71.6184
189 -33.0535 -71.6186
765 -33.0535 -71.6185
413 -33.0536 -71.6185
963 -33.0535 -71.6187
53 -33.0531 -71.6238
582 -33.0533 -71.6188
978 -33.0533 -71.6188
407 -33.0531 -71.6187
547 -33.0519 -71.6196
537 -33.0529 -71.6187
408 -33.0528 -71.6187
370 -33.0527 -71.6187
255 -33.0526 -71.6187
549 -33.0524 -71.6186
376 -33.0522 -71.6185
881 -33.0521 -71.6185
816 -33.0521 -71.6185
134 -33.052 -71.6185
598 -33.0519 -71.6246
92 -33.0518 -71.6251
987 -33.0518 -71.6251
589 -33.0519 -71.6243
25 -33.0516 -71.6243
409 -33.0513 -71.6251
629 -33.0507 -71.6251
710 -33.0513 -71.6243
633 -33.051 -71.6233
34 -33.0511 -71.6231
116 -33.0516 -71.62
399 -33.0516 -71.6199
447 -33.0511 -71.6232
935 -33.051 -71.6229
493 -33.051 -71.6229
732 -33.0507 -71.6226
101 -33.0507 -71.6248
716 -33.0506 -71.6214
694 -33.0506 -71.6212
799 -33.0505 -71.6211
849 -33.0505 -71.6251
901 -33.0504 -71.621
283 -33.0503 -71.6209
999 -33.0493 -71.6209
440 -33.0502 -71.6209
111 -33.0496 -71.62
163 -33.0496 -71.62
852 -33.0496 -71.62
144 -33.0495 -71.6201
859 -33.0494 -71.6208
412 -33.0493 -71.6203
597 -33.0494 -71.6201
17 -33.0495 -71.6197
775 -33.0517 -71.6194
713 -33.0517 -71.6194
973 -33.0516 -71.6193
838 -33.0516 -71.6192
761 -33.0516 -71.6192
341 -33.0515 -71.6191
355 -33.0513 -71.6189
456 -33.0513 -71.6189
919 -33.0512 -71.6188
301 -33.0515 -71.6184
542 -33.0515 -71.6184
373 -33.0511 -71.6186
216 -33.051 -71.6187
587 -33.0511 -71.6186
760 -33.051 -71.6186
166 -33.0497 -71.6186
250 -33.0495 -71.6196
632 -33.0495 -71.6195
432 -33.0494 -71.6193
77 -33.0494 -71.6191
302 -33.0494 -71.6193
637 -33.0494 -71.6189
262 -33.0494 -71.6188
687 -33.0495 -71.6188
831 -33.0494 -71.6188
448 -33.0494 -71.6188
323 -33.0497 -71.6186
340 -33.0494 -71.6188
680 -33.0493 -71.6184
234 -33.0493 -71.6184
891 -33.0501 -71.6184
118 -33.0552 -71.6158
945 -33.0551 -71.6158
872 -33.0551 -71.6158
976 -33.0551 -71.6158
774 -33.0549 -71.6182
560 -33.055 -71.6181
475 -33.0548 -71.6174
482 -33.055 -71.6158
991 -33.0549 -71.6158
297 -33.0543 -71.6157
561 -33.0541 -71.6156
842 -33.0539 -71.6156
18 -33.0525 -71.6157
483 -33.0538 -71.6156
531 -33.0538 -71.6156
822 -33.0523 -71.6156
42 -33.0515 -71.6184
361 -33.0514 -71.6184
450 -33.0522 -71.6157
69 -33.0513 -71.6184
698 -33.0511 -71.6182
754 -33.0511 -71.6182
455 -33.051 -71.6182
389 -33.0519 -71.6156
743 -33.0518 -71.6156
476 -33.0518 -71.6156
251 -33.0517 -71.6156
955 -33.0515 -71.6156
726 -33.0515 -71.6156
279 -33.0514 -71.6156
123 -33.0514 -71.6156
602 -33.0513 -71.6156
501 -33.0537 -71.6156
124 -33.0536 -71.6156
464 -33.0533 -71.6155
640 -33.0533 -71.6155
286 -33.053 -71.6155
950 -33.0533 -71.6155
608 -33.0533 -71.6155
20 -33.0532 -71.6155
60 -33.0531 -71.6155
948 -33.055 -71.6152
994 -33.0541 -71.6146
879 -33.053 -71.6155
818 -33.053 -71.6155
686 -33.0529 -71.6138
127 -33.0525 -71.6136
268 -33.0519 -71.6132
356 -33.0515 -71.6144
931 -33.0514 -71.6143
943 -33.0515 -71.6142
107 -33.0512 -71.6156
693 -33.0512 -71.6156
520 -33.0512 -71.6156
269 -33.051 -71.6156
936 -33.0515 -71.6142
792 -33.0514 -71.6131
299 -33.0514 -71.6131
762 -33.0513 -71.6131
578 -33.0511 -71.6131
97 -33.051 -71.6131
351 -33.0511 -71.6131
507 -33.0509 -71.6131
844 -33.0503 -71.6183
809 -33.0507 -71.6181
803 -33.0505 -71.618
434 -33.0503 -71.6183
198 -33.0501 -71.6183
767 -33.0498 -71.6177
488 -33.0502 -71.6158
819 -33.0502 -71.6158
442 -33.0507 -71.6155
146 -33.0507 -71.6155
580 -33.0507 -71.6155
271 -33.0506 -71.6155
290 -33.0501 -71.6157
641 -33.0505 -71.6157
150 -33.0505 -71.6157
466 -33.0497 -71.6177
117 -33.0494 -71.6165
546 -33.0495 -71.6163
730 -33.0496 -71.616
254 -33.0494 -71.6165
495 -33.0492 -71.6176
292 -33.0494 -71.6165
246 -33.0493 -71.6154
841 -33.0493 -71.6153
396 -33.0494 -71.6148
543 -33.0494 -71.6148
699 -33.0494 -71.6147
352 -33.0494 -71.6148
95 -33.0493 -71.6151
684 -33.0493 -71.615
443 -33.0494 -71.6145
295 -33.0509 -71.6131
197 -33.0507 -71.6131
105 -33.0507 -71.6131
907 -33.0507 -71.6131
682 -33.0497 -71.6131
405 -33.0507 -71.6131
916 -33.0505 -71.613
577 -33.0503 -71.613
387 -33.0503 -71.613
252 -33.0503 -71.613
745 -33.0502 -71.613
23 -33.0502 -71.613
415 -33.0502 -71.613
446 -33.0501 -71.613
554 -33.0497 -71.613
141 -33.0496 -71.6132
689 -33.0495 -71.614
893 -33.0495 -71.6138
391 -33.0495 -71.6138
609 -33.0495 -71.6141
426 -33.0494 -71.6145
570 -33.0494 -71.6145
953 -33.0494 -71.6143
41 -33.0496 -71.6137
184 -33.0496 -71.6134
871 -33.0496 -71.6134
921 -33.0496 -71.6133
6 -33.0496 -71.6135
959 -33.0496 -71.6137
433 -33.0496 -71.6137
524 -33.0492 -71.6157
206 -33.0484 -71.6209
897 -33.0475 -71.6205
529 -33.0475 -71.6205
130 -33.0475 -71.6206
453 -33.0474 -71.6207
318 -33.0474 -71.6207
263 -33.0475 -71.6206
213 -33.0482 -71.6204
692 -33.0476 -71.6202
660 -33.0476 -71.6202
631 -33.0476 -71.6201
394 -33.0476 -71.6202
900 -33.0475 -71.6203
36 -33.0475 -71.6203
868 -33.0476 -71.6203
712 -33.0474 -71.6203
152 -33.0474 -71.6227
511 -33.0474 -71.6226
708 -33.0474 -71.6224
530 -33.0474 -71.6227
55 -33.047 -71.6228
755 -33.047 -71.6228
722 -33.0473 -71.6228
383 -33.0473 -71.6218
889 -33.0473 -71.6211
983 -33.0474 -71.6209
165 -33.0472 -71.6202
605 -33.0472 -71.6216
239 -33.0472 -71.6202
10 -33.047 -71.6201
949 -33.047 -71.6201
854 -33.0476 -71.6201
574 -33.0479 -71.6194
462 -33.048 -71.6194
106 -33.048 -71.6194
688 -33.0479 -71.6194
612 -33.0479 -71.6196
884 -33.0479 -71.6195
850 -33.0479 -71.6195
374 -33.048 -71.6193
496 -33.0483 -71.6189
830 -33.0483 -71.6188
337 -33.0483 -71.6187
504 -33.0483 -71.6189
780 -33.0481 -71.6191
195 -33.0482 -71.6191
0 -33.0483 -71.6189
572 -33.0478 -71.6197
191 -33.0477 -71.6199
273 -33.0477 -71.6199
13 -33.0477 -71.6198
586 -33.0477 -71.6199
834 -33.0476 -71.62
904 -33.0477 -71.62
174 -33.0477 -71.6199
364 -33.0476 -71.6198
519 -33.047 -71.6189
218 -33.047 -71.6189
960 -33.0471 -71.6188
541 -33.047 -71.6191
436 -33.047 -71.6191
778 -33.047 -71.6191
855 -33.0469 -71.6192
360 -33.046 -71.6231
718 -33.046 -71.6231
80 -33.0463 -71.6229
222 -33.0459 -71.6233
735 -33.0458 -71.6235
696 -33.0459 -71.6235
516 -33.0459 -71.6233
485 -33.0463 -71.6229
484 -33.0467 -71.6229
939 -33.0468 -71.6229
9 -33.0468 -71.6228
911 -33.0466 -71.6229
764 -33.0465 -71.6229
509 -33.0465 -71.6229
583 -33.0465 -71.6229
322 -33.0458 -71.6236
938 -33.0458 -71.6237
277 -33.0458 -71.6237
802 -33.0458 -71.6236
139 -33.0457 -71.6238
820 -33.0457 -71.6238
205 -33.0457 -71.6238
220 -33.045 -71.6234
784 -33.045 -71.6234
643 -33.0456 -71.6224
827 -33.0458 -71.6221
427 -33.0458 -71.6221
88 -33.0454 -71.6227
988 -33.0451 -71.6232
982 -33.0451 -71.6231
644 -33.0459 -71.622
416 -33.0469 -71.6201
573 -33.0469 -71.6201
170 -33.0467 -71.62
333 -33.0467 -71.6201
639 -33.0466 -71.6203
155 -33.0466 -71.6203
113 -33.0466 -71.6202
140 -33.0468 -71.6198
50 -33.0469 -71.6194
314 -33.0469 -71.6193
84 -33.0469 -71.6193
435 -33.0468 -71.6195
853 -33.0468 -71.6198
941 -33.0468 -71.6196
862 -33.0468 -71.6196
604 -33.0466 -71.6204
972 -33.0463 -71.6212
635 -33.0463 -71.6212
553 -33.0465 -71.6208
793 -33.0462 -71.6213
724 -33.046 -71.6218
968 -33.0461 -71.6216
610 -33.0461 -71.6215
157 -33.0465 -71.6207
933 -33.0465 -71.6205
81 -33.0466 -71.6205
348 -33.0466 -71.6205
794 -33.0465 -71.6206
48 -33.0465 -71.6206
763 -33.0464 -71.6203
701 -33.0484 -71.6187
956 -33.0492 -71.6183
401 -33.0491 -71.6181
425 -33.0489 -71.6179
74 -33.0488 -71.6178
548 -33.0487 -71.6177
76 -33.0487 -71.6176
709 -33.0487 -71.6176
522 -33.0487 -71.6176
804 -33.0488 -71.6174
86 -33.0488 -71.6174
565 -33.0488 -71.6174
518 -33.0488 -71.6174
207 -33.0487 -71.6176
665 -33.0487 -71.6176
431 -33.0487 -71.6176
278 -33.0487 -71.6177
828 -33.0485 -71.6183
783 -33.0485 -71.6182
430 -33.0486 -71.6181
481 -33.0485 -71.6183
457 -33.0485 -71.6184
614 -33.0485 -71.6184
727 -33.0485 -71.6184
363 -33.0486 -71.6181
93 -33.0486 -71.6178
654 -33.0487 -71.6178
27 -33.0487 -71.6178
64 -33.0486 -71.6179
240 -33.0486 -71.618
756 -33.048 -71.6174
795 -33.0483 -71.6171
329 -33.0489 -71.617
864 -33.049 -71.6166
180 -33.0491 -71.6165
992 -33.0492 -71.6165
258 -33.049 -71.6166
656 -33.049 -71.6168
787 -33.049 -71.6167
721 -33.049 -71.6166
812 -33.0491 -71.6165
164 -33.0491 -71.6163
750 -33.0491 -71.6161
379 -33.0491 -71.616
539 -33.0491 -71.6163
892 -33.049 -71.6165
908 -33.0489 -71.6165
428 -33.0491 -71.6164
545 -33.0489 -71.6164
320 -33.0484 -71.6169
860 -33.0485 -71.6168
946 -33.0487 -71.6164
465 -33.0481 -71.6153
651 -33.048 -71.6156
58 -33.0481 -71.6156
805 -33.0481 -71.6154
932 -33.0482 -71.6152
336 -33.0483 -71.6145
777 -33.0486 -71.6135
801 -33.0486 -71.6135
974 -33.0483 -71.6145
439 -33.0482 -71.6152
817 -33.0482 -71.6149
894 -33.048 -71.6157
393 -33.0479 -71.6174
128 -33.0478 -71.6173
153 -33.0477 -71.6169
178 -33.0476 -71.6171
971 -33.0475 -71.6175
231 -33.0475 -71.6174
807 -33.0476 -71.6174
683 -33.0477 -71.6168
899 -33.0477 -71.6167
444 -33.0478 -71.6166
685 -33.0479 -71.6162
847 -33.0477 -71.6168
345 -33.0477 -71.6168
148 -33.0477 -71.6162
385 -33.0475 -71.6162
418 -33.0475 -71.6175
648 -33.0473 -71.618
538 -33.0473 -71.618
728 -33.0474 -71.6178
31 -33.0472 -71.6183
652 -33.0471 -71.6186
851 -33.0472 -71.6185
515 -33.0472 -71.6184
304 -33.0474 -71.6178
44 -33.0474 -71.6177
823 -33.0474 -71.6172
119 -33.0474 -71.6172
758 -33.0473 -71.6172
248 -33.0473 -71.6172
590 -33.0473 -71.6172
133 -33.0474 -71.6162
779 -33.048 -71.6159
342 -33.048 -71.6158
666 -33.048 -71.6158
719 -33.048 -71.6159
596 -33.0479 -71.6161
947 -33.0479 -71.6161
920 -33.048 -71.616
638 -33.048 -71.6158
969 -33.0476 -71.6131
835 -33.0477 -71.613
744 -33.0477 -71.613
942 -33.0476 -71.6132
392 -33.0476 -71.6133
898 -33.0476 -71.6133
201 -33.0476 -71.6133
739 -33.0475 -71.6134
312 -33.0471 -71.6146
588 -33.0471 -71.6144
317 -33.0473 -71.6141
241 -33.0471 -71.6147
75 -33.0468 -71.6161
634 -33.0468 -71.6161
96 -33.0471 -71.6148
526 -33.0473 -71.614
902 -33.0475 -71.6134
915 -33.0474 -71.6134
338 -33.0475 -71.6134
766 -33.0474 -71.6138
996 -33.0471 -71.6133
749 -33.0471 -71.6133
272 -33.0501 -71.613
19 -33.054 -71.6122
790 -33.0538 -71.6122
326 -33.0538 -71.6122
420 -33.0536 -71.6122
414 -33.0535 -71.6122
576 -33.0534 -71.6122
43 -33.0534 -71.6122
354 -33.0543 -71.6118
579 -33.054 -71.6114
368 -33.0539 -71.6112
772 -33.0538 -71.611
810 -33.0537 -71.6109
467 -33.0536 -71.6111
132 -33.0537 -71.6108
592 -33.0536 -71.6108
521 -33.0534 -71.6122
747 -33.0533 -71.6122
917 -33.0529 -71.6121
523 -33.0525 -71.6121
298 -33.0522 -71.612
238 -33.052 -71.612
569 -33.0521 -71.6117
874 -33.0522 -71.6117
866 -33.0523 -71.6117
72 -33.0533 -71.6115
619 -33.0534 -71.611
259 -33.0533 -71.611
463 -33.0532 -71.6115
237 -33.0531 -71.6109
154 -33.0531 -71.6109
967 -33.0531 -71.6109
384 -33.0528 -71.6106
922 -33.0535 -71.6106
970 -33.0541 -71.6105
83 -33.0534 -71.6103
591 -33.0528 -71.6105
563 -33.0528 -71.6105
209 -33.0527 -71.6104
636 -33.0527 -71.6103
366 -33.0526 -71.6103
627 -33.0526 -71.6103
873 -33.0534 -71.6102
98 -33.0532 -71.6098
751 -33.0526 -71.6103
307 -33.0526 -71.6103
52 -33.0525 -71.6102
402 -33.0525 -71.6101
452 -33.0525 -71.61
175 -33.0524 -71.61
61 -33.0523 -71.6097
12 -33.0522 -71.6097
927 -33.0521 -71.6095
35 -33.0521 -71.6095
773 -33.0521 -71.6095
274 -33.0521 -71.6094
679 -33.0521 -71.6094
944 -33.052 -71.6091
303 -33.052 -71.609
555 -33.052 -71.609
190 -33.052 -71.6092
219 -33.0519 -71.6092
676 -33.0519 -71.6092
424 -33.0519 -71.6091
305 -33.0518 -71.612
962 -33.0515 -71.612
51 -33.0513 -71.6119
811 -33.0512 -71.6119
642 -33.0512 -71.6119
556 -33.0512 -71.6119
675 -33.0512 -71.6119
782 -33.0513 -71.6119
505 -33.0517 -71.6118
26 -33.0517 -71.6118
192 -33.0517 -71.6118
173 -33.0515 -71.6115
733 -33.0514 -71.6116
571 -33.0514 -71.6114
214 -33.0513 -71.6114
120 -33.0512 -71.6119
737 -33.0511 -71.6123
2 -33.0511 -71.6122
187 -33.0511 -71.6121
242 -33.0511 -71.6124
14 -33.0511 -71.613
480 -33.0511 -71.6128
910 -33.0511 -71.6127
276 -33.0512 -71.612
958 -33.0512 -71.6119
390 -33.0512 -71.6119
29 -33.0511 -71.6114
15 -33.051 -71.6114
909 -33.0507 -71.6113
789 -33.0503 -71.6113
603 -33.0509 -71.6102
110 -33.0513 -71.6098
94 -33.0513 -71.6098
622 -33.0514 -71.6097
746 -33.0512 -71.6099
626 -33.0509 -71.6102
923 -33.051 -71.6101
32 -33.051 -71.6101
470 -33.0515 -71.6096
954 -33.0517 -71.6094
769 -33.0518 -71.6093
662 -33.0518 -71.6093
512 -33.0517 -71.609
674 -33.0516 -71.6095
825 -33.0517 -71.6095
378 -33.0517 -71.6094
840 -33.0509 -71.6102
137 -33.0507 -71.6102
316 -33.0507 -71.6102
158 -33.0507 -71.6102
846 -33.0507 -71.6102
167 -33.0505 -71.6102
22 -33.0506 -71.6102
681 -33.0506 -71.6102
575 -33.0506 -71.6102
981 -33.0503 -71.6101
952 -33.0504 -71.6091
183 -33.0504 -71.609
398 -33.0503 -71.6101
468 -33.0503 -71.6092
126 -33.0503 -71.6092
472 -33.052 -71.609
419 -33.0537 -71.6085
300 -33.0546 -71.6085
748 -33.0545 -71.6085
63 -33.0537 -71.6085
886 -33.0536 -71.6085
925 -33.0536 -71.6085
280 -33.0536 -71.6085
474 -33.0544 -71.6085
291 -33.0543 -71.6085
677 -33.0542 -71.6085
528 -33.0548 -71.6084
808 -33.0542 -71.6085
281 -33.054 -71.6085
331 -33.0539 -71.6085
491 -33.0537 -71.6085
159 -33.0536 -71.6085
112 -33.0535 -71.6085
606 -33.0534 -71.6085
876 -33.0534 -71.6085
525 -33.0533 -71.6085
903 -33.0533 -71.6084
672 -33.0531 -71.6084
581 -33.0531 -71.6084
311 -33.053 -71.6083
977 -33.0529 -71.6083
362 -33.0529 -71.6083
454 -33.0529 -71.6083
332 -33.0528 -71.6083
558 -33.0527 -71.6082
934 -33.0527 -71.6082
79 -33.0527 -71.6082
499 -33.0527 -71.6082
469 -33.0526 -71.6082
11 -33.0526 -71.6082
129 -33.0526 -71.6082
510 -33.0526 -71.6082
513 -33.0525 -71.6081
296 -33.0525 -71.6081
461 -33.0525 -71.6081
527 -33.0524 -71.6081
768 -33.0538 -71.606
147 -33.0537 -71.6048
441 -33.0547 -71.6046
870 -33.0536 -71.6048
196 -33.0525 -71.6069
924 -33.0525 -71.6048
90 -33.0528 -71.6047
335 -33.0524 -71.6081
400 -33.0523 -71.6081
929 -33.0523 -71.6081
411 -33.0523 -71.6081
657 -33.0523 -71.6081
223 -33.0523 -71.608
700 -33.0523 -71.608
473 -33.0522 -71.6079
285 -33.0522 -71.6079
212 -33.0522 -71.6078
705 -33.0522 -71.6078
477 -33.0522 -71.6077
858 -33.0522 -71.6075
168 -33.0522 -71.6075
645 -33.0522 -71.6074
221 -33.0522 -71.6048
857 -33.052 -71.6088
46 -33.052 -71.6088
225 -33.0521 -71.6085
422 -33.052 -71.6089
797 -33.0516 -71.6089
7 -33.0516 -71.6089
848 -33.0516 -71.6089
506 -33.0521 -71.6085
613 -33.0522 -71.6081
912 -33.0521 -71.6081
535 -33.0521 -71.6081
40 -33.0521 -71.6085
282 -33.0516 -71.6082
740 -33.0517 -71.6082
888 -33.0518 -71.6081
833 -33.0515 -71.6082
49 -33.0511 -71.6086
984 -33.051 -71.6085
843 -33.0508 -71.6085
503 -33.0508 -71.6085
261 -33.0507 -71.6085
256 -33.0507 -71.6085
601 -33.0507 -71.6085
224 -33.0507 -71.6085
723 -33.0513 -71.6084
937 -33.0514 -71.6083
478 -33.0515 -71.6083
715 -33.0511 -71.6085
595 -33.0506 -71.6085
89 -33.0505 -71.6085
438 -33.0521 -71.6076
551 -33.0522 -71.6074
918 -33.052 -71.607
980 -33.052 -71.6069
878 -33.052 -71.6068
138 -33.0517 -71.6076
489 -33.052 -71.6068
458 -33.0519 -71.6066
156 -33.0518 -71.6065
664 -33.0518 -71.6065
540 -33.0518 -71.6065
593 -33.0518 -71.6063
73 -33.0518 -71.6063
421 -33.0517 -71.6062
557 -33.0517 -71.6061
227 -33.0517 -71.6061
532 -33.0517 -71.6061
228 -33.0513 -71.6075
753 -33.0513 -71.6075
381 -33.0517 -71.6061
350 -33.0511 -71.6074
62 -33.0511 -71.6074
502 -33.0507 -71.6057
752 -33.0506 -71.6057
966 -33.0505 -71.6057
706 -33.0514 -71.6056
78 -33.0515 -71.6052
169 -33.0506 -71.605
620 -33.0506 -71.605
181 -33.0505 -71.6057
815 -33.0503 -71.6056
211 -33.0502 -71.6092
423 -33.0499 -71.6129
403 -33.0499 -71.6129
310 -33.0499 -71.6129
160 -33.0498 -71.6129
998 -33.0498 -71.6129
649 -33.0497 -71.6129
143 -33.0497 -71.6129
386 -33.0496 -71.6129
257 -33.0499 -71.612
375 -33.05 -71.6113
997 -33.05 -71.6113
230 -33.0498 -71.6113
887 -33.0497 -71.6129
145 -33.0497 -71.6127
347 -33.0497 -71.6112
670 -33.0496 -71.6112
986 -33.0494 -71.6129
309 -33.0492 -71.6129
171 -33.0491 -71.6129
151 -33.0491 -71.6129
759 -33.049 -71.6129
445 -33.0487 -71.6129
102 -33.049 -71.6129
108 -33.0489 -71.6129
67 -33.049 -71.612
267 -33.0491 -71.6117
731 -33.0491 -71.6115
711 -33.0489 -71.6129
611 -33.0489 -71.6129
200 -33.0488 -71.6129
208 -33.0488 -71.6129
742 -33.0495 -71.6112
349 -33.0501 -71.6107
669 -33.0501 -71.6106
182 -33.0501 -71.6105
284 -33.0501 -71.6108
736 -33.05 -71.6109
294 -33.0501 -71.6109
882 -33.0501 -71.6108
856 -33.0501 -71.6104
741 -33.0502 -71.6103
704 -33.0502 -71.6102
671 -33.0502 -71.6102
236 -33.0502 -71.6104
404 -33.0501 -71.6104
832 -33.0501 -71.6104
885 -33.0501 -71.6101
321 -33.05 -71.611
371 -33.0494 -71.6112
813 -33.0492 -71.6112
357 -33.05 -71.6112
905 -33.0491 -71.6112
776 -33.0489 -71.6112
397 -33.0489 -71.6112
245 -33.0487 -71.6112
720 -33.0487 -71.6112
229 -33.05 -71.6111
319 -33.05 -71.6111
199 -33.05 -71.6111
861 -33.0498 -71.61
395 -33.0492 -71.6099
8 -33.049 -71.6099
691 -33.0487 -71.6112
202 -33.0487 -71.6129
615 -33.0486 -71.6129
334 -33.0486 -71.6129
70 -33.0484 -71.6129
837 -33.0484 -71.6129
87 -33.0482 -71.6128
661 -33.0481 -71.6128
725 -33.0481 -71.6128
372 -33.0481 -71.6128
877 -33.048 -71.6128
265 -33.048 -71.6128
45 -33.0479 -71.6124
584 -33.0478 -71.6125
114 -33.0478 -71.6125
630 -33.0479 -71.6124
599 -33.0478 -71.6129
451 -33.0477 -71.6128
585 -33.0478 -71.6128
330 -33.0477 -71.6128
729 -33.0477 -71.6128
517 -33.0477 -71.613
655 -33.0477 -71.6129
100 -33.0473 -71.6127
131 -33.0478 -71.6126
926 -33.0478 -71.6126
621 -33.0468 -71.6126
186 -33.0466 -71.6125
659 -33.0466 -71.6125
964 -33.0461 -71.6124
24 -33.0461 -71.6124
494 -33.0457 -71.6123
781 -33.0481 -71.6115
616 -33.0482 -71.6115
567 -33.0482 -71.6113
552 -33.0481 -71.6116
490 -33.048 -71.612
104 -33.048 -71.6119
965 -33.0481 -71.6116
247 -33.0487 -71.6112
806 -33.0487 -71.6112
410 -33.0485 -71.6111
875 -33.0484 -71.6111
264 -33.0483 -71.6111
359 -33.0483 -71.6111
667 -33.0483 -71.6111
289 -33.0481 -71.6111
37 -33.0479 -71.6121
594 -33.0479 -71.6122
135 -33.0479 -71.6122
275 -33.047 -71.611
449 -33.047 -71.611
353 -33.0448 -71.6117
54 -33.0447 -71.6114
33 -33.0459 -71.6108
288 -33.0456 -71.6098
249 -33.0457 -71.6098
486 -33.0457 -71.6098
814 -33.0459 -71.6098
798 -33.0457 -71.6098
865 -33.0456 -71.6098
4 -33.0455 -71.6098
702 -33.0459 -71.6098
324 -33.05 -71.6091
785 -33.0499 -71.6091
600 -33.05 -71.6084
757 -33.0499 -71.6091
990 -33.0498 -71.6091
653 -33.0498 -71.6091
821 -33.0498 -71.6091
343 -33.0499 -71.6084
204 -33.0498 -71.6084
328 -33.0498 -71.6084
863 -33.0498 -71.6084
836 -33.0498 -71.6084
714 -33.0497 -71.6084
136 -33.0497 -71.6084
951 -33.0496 -71.6084
734 -33.0496 -71.6084
16 -33.0495 -71.6097
243 -33.0496 -71.6096
845 -33.0496 -71.6096
172 -33.0495 -71.6097
215 -33.0486 -71.6098
406 -33.0493 -71.6091
707 -33.0489 -71.6091
771 -33.0492 -71.6083
607 -33.0492 -71.6083
498 -33.0491 -71.6083
68 -33.0491 -71.6083
235 -33.0491 -71.6083
417 -33.049 -71.6083
125 -33.0489 -71.6083
233 -33.0489 -71.6083
306 -33.0488 -71.6083
690 -33.0501 -71.6072
471 -33.0497 -71.6071
369 -33.0496 -71.6071
56 -33.0496 -71.6071
460 -33.0495 -71.6071
624 -33.0493 -71.607
365 -33.0492 -71.607
957 -33.0496 -71.6065
382 -33.0501 -71.6055
770 -33.05 -71.6055
673 -33.05 -71.6055
293 -33.05 -71.6046
788 -33.0498 -71.6054
244 -33.0492 -71.6052
99 -33.0498 -71.6045
325 -33.049 -71.607
71 -33.0488 -71.6083
82 -33.0488 -71.6083
738 -33.0488 -71.6083
437 -33.0488 -71.6083
185 -33.0486 -71.6082
287 -33.0488 -71.6066
103 -33.0488 -71.6066
993 -33.0488 -71.6065
564 -33.0488 -71.6047
358 -33.0488 -71.6046
1 -33.0489 -71.6035
65 -33.0487 -71.6046
122 -33.0487 -71.6045
388 -33.0486 -71.6043
975 -33.0485 -71.6066
193 -33.0482 -71.6098
623 -33.0482 -71.6091
544 -33.0483 -71.6082
121 -33.0471 -71.6098
47 -33.0468 -71.6098
28 -33.0469 -71.6098
650 -33.0471 -71.6098
562 -33.0481 -71.6082
625 -33.0481 -71.6082
867 -33.0478 -71.6082
566 -33.0473 -71.6082
429 -33.0471 -71.6082
270 -33.0471 -71.6082
161 -33.047 -71.6081
914 -33.0468 -71.6081
995 -33.0467 -71.6098
928 -33.0462 -71.6098
663 -33.0462 -71.6098
344 -33.0464 -71.6098
824 -33.0461 -71.6098
3 -33.0459 -71.6098
985 -33.0448 -71.6098
459 -33.0461 -71.6098
695 -33.0449 -71.6098
39 -33.0466 -71.6098
617 -33.0467 -71.6081
717 -33.0464 -71.6081
59 -33.046 -71.6081
188 -33.046 -71.6081
568 -33.046 -71.6081
380 -33.0459 -71.6081
91 -33.0482 -71.608
658 -33.0482 -71.608
339 -33.0483 -71.6066
534 -33.0482 -71.6079
203 -33.048 -71.6077
149 -33.0479 -71.6067
839 -33.0481 -71.6066
232 -33.0483 -71.6066
628 -33.0485 -71.6041
913 -33.0484 -71.604
30 -33.0485 -71.6034
826 -33.0483 -71.6038
896 -33.048 -71.6039
492 -33.0483 -71.6036
800 -33.0481 -71.6036
308 -33.0478 -71.6067
791 -33.0477 -71.6075
536 -33.0474 -71.6075
906 -33.0474 -71.6072
618 -33.0458 -71.608
162 -33.0448 -71.608
346 -33.0456 -71.6079
559 -33.0456 -71.6074
508 -33.0474 -71.6071
989 -33.0477 -71.6067
895 -33.0478 -71.6067
514 -33.0477 -71.6037
194 -33.0476 -71.6067
21 -33.0476 -71.6067
533 -33.0446 -71.6053
