796 -33.0539 -71.6245
226 -33.054 -71.6244
38 -33.0541 -71.6244
5 -33.0539 -71.6245
497 -33.0538 -71.6245
647 -33.0538 -71.6245
115 -33.0538 -71.6245
315 -33.0542 -71.6244
678 -33.0543 -71.6243
260 -33.0543 -71.6241
487 -33.0543 -71.6239
327 -33.0543 -71.6244
500 -33.0542 -71.6243
703 -33.054 -71.6242
890 -33.0539 -71.6242
85 -33.0537 -71.6245
961 -33.0532 -71.6246
940 -33.0534 -71.6246
176 -33.0534 -71.6246
697 -33.053 -71.6246
479 -33.0529 -71.6246
217 -33.0529 -71.6246
109 -33.0527 -71.6246
550 -33.0536 -71.6245
66 -33.0536 -71.6245
883 -33.0526 -71.6245
142 -33.0537 -71.6245
979 -33.0523 -71.6244
829 -33.0522 -71.6244
786 -33.0521 -71.6243
589 -33.052 -71.6243
313 -33.0533 -71.6239
880 -33.0543 -71.6231
179 -33.0545 -71.6226
210 -33.0548 -71.622
266 -33.0543 -71.6237
253 -33.0543 -71.6237
930 -33.0543 -71.6237
177 -33.0543 -71.6235
377 -33.0549 -71.622
57 -33.0541 -71.6184
646 -33.0543 -71.6184
869 -33.0546 -71.6184
668 -33.0541 -71.6184
189 -33.0535 -71.6185
765 -33.0536 -71.6185
413 -33.0537 -71.6185
367 -33.0535 -71.6186
53 -33.0532 -71.6238
582 -33.0534 -71.6188
978 -33.0534 -71.6188
407 -33.0532 -71.6188
537 -33.053 -71.6187
408 -33.0528 -71.6187
370 -33.0528 -71.6187
255 -33.0527 -71.6187
549 -33.0525 -71.6186
963 -33.0535 -71.6186
376 -33.0523 -71.6186
881 -33.0522 -71.6185
816 -33.0522 -71.6185
134 -33.0521 -71.6185
598 -33.0519 -71.6245
92 -33.0518 -71.625
987 -33.0518 -71.625
25 -33.0516 -71.6243
409 -33.0514 -71.6252
629 -33.0508 -71.6251
710 -33.0514 -71.6243
633 -33.0511 -71.6233
447 -33.0512 -71.6231
34 -33.0511 -71.623
116 -33.0517 -71.6199
399 -33.0517 -71.6199
935 -33.051 -71.6229
493 -33.0509 -71.6228
732 -33.0506 -71.6225
694 -33.0506 -71.6212
716 -33.0506 -71.6213
849 -33.0506 -71.6251
101 -33.0506 -71.6247
799 -33.0504 -71.621
901 -33.0504 -71.621
283 -33.0502 -71.6209
999 -33.0494 -71.6208
440 -33.0502 -71.6208
859 -33.0494 -71.6207
144 -33.0496 -71.62
111 -33.0496 -71.62
163 -33.0496 -71.6199
852 -33.0496 -71.6198
412 -33.0493 -71.6202
597 -33.0495 -71.6201
17 -33.0495 -71.6196
547 -33.0519 -71.6196
775 -33.0517 -71.6193
713 -33.0517 -71.6193
973 -33.0516 -71.6192
838 -33.0515 -71.6192
761 -33.0515 -71.6191
341 -33.0514 -71.619
355 -33.0512 -71.6189
456 -33.0512 -71.6188
301 -33.0516 -71.6184
542 -33.0516 -71.6184
42 -33.0516 -71.6184
361 -33.0515 -71.6184
919 -33.0511 -71.6188
587 -33.0511 -71.6187
373 -33.0512 -71.6185
216 -33.051 -71.6186
250 -33.0495 -71.6195
340 -33.0494 -71.6188
448 -33.0495 -71.6188
632 -33.0494 -71.6194
432 -33.0494 -71.6192
302 -33.0494 -71.6192
77 -33.0494 -71.619
831 -33.0495 -71.6188
166 -33.0498 -71.6187
323 -33.0498 -71.6187
760 -33.051 -71.6186
687 -33.0495 -71.6187
262 -33.0494 -71.6188
637 -33.0494 -71.6188
680 -33.0493 -71.6184
118 -33.0553 -71.6158
945 -33.0552 -71.6158
976 -33.0552 -71.6158
872 -33.0551 -71.6158
774 -33.055 -71.6181
560 -33.055 -71.618
475 -33.0549 -71.6174
482 -33.055 -71.6158
991 -33.055 -71.6158
297 -33.0544 -71.6157
561 -33.0542 -71.6157
842 -33.0539 -71.6156
483 -33.0539 -71.6156
531 -33.0539 -71.6156
501 -33.0538 -71.6156
18 -33.0525 -71.6157
69 -33.0513 -71.6184
450 -33.0522 -71.6157
389 -33.052 -71.6156
698 -33.0512 -71.6183
754 -33.0512 -71.6183
455 -33.0511 -71.6182
809 -33.0508 -71.6181
743 -33.0519 -71.6156
822 -33.0524 -71.6156
476 -33.0518 -71.6156
251 -33.0518 -71.6156
955 -33.0515 -71.6156
726 -33.0515 -71.6156
279 -33.0515 -71.6156
123 -33.0515 -71.6156
602 -33.0514 -71.6156
124 -33.0537 -71.6156
640 -33.0534 -71.6155
464 -33.0534 -71.6155
950 -33.0534 -71.6155
608 -33.0534 -71.6155
20 -33.0533 -71.6155
60 -33.0532 -71.6155
879 -33.0531 -71.6155
818 -33.0531 -71.6155
948 -33.0551 -71.6153
994 -33.0541 -71.6146
286 -33.053 -71.6155
686 -33.0529 -71.6138
127 -33.0526 -71.6136
268 -33.0518 -71.6132
936 -33.0515 -71.6141
356 -33.0515 -71.6144
931 -33.0515 -71.6142
943 -33.0515 -71.6141
107 -33.0513 -71.6156
520 -33.0513 -71.6156
693 -33.0513 -71.6156
269 -33.0511 -71.6156
792 -33.0513 -71.6131
762 -33.0514 -71.6131
299 -33.0513 -71.6131
578 -33.0511 -71.613
97 -33.0511 -71.6131
295 -33.051 -71.6131
507 -33.0508 -71.6131
442 -33.0508 -71.6156
844 -33.0504 -71.6184
434 -33.0504 -71.6183
803 -33.0505 -71.618
198 -33.0502 -71.6183
891 -33.0501 -71.6183
767 -33.0499 -71.6178
466 -33.0498 -71.6177
488 -33.0503 -71.6158
146 -33.0508 -71.6155
580 -33.0508 -71.6155
271 -33.0507 -71.6155
641 -33.0505 -71.6157
819 -33.0503 -71.6158
290 -33.0502 -71.6158
150 -33.0505 -71.6156
730 -33.0497 -71.6159
254 -33.0494 -71.6164
117 -33.0494 -71.6164
546 -33.0495 -71.6162
292 -33.0494 -71.6164
495 -33.0493 -71.6176
246 -33.0493 -71.6153
841 -33.0493 -71.6152
95 -33.0493 -71.615
396 -33.0494 -71.6147
699 -33.0494 -71.6145
443 -33.0494 -71.6144
543 -33.0494 -71.6147
684 -33.0494 -71.6149
352 -33.0494 -71.6147
426 -33.0494 -71.6144
197 -33.0508 -71.6131
105 -33.0508 -71.6131
907 -33.0508 -71.6131
405 -33.0508 -71.6131
916 -33.0506 -71.6131
577 -33.0504 -71.613
387 -33.0504 -71.613
252 -33.0503 -71.613
745 -33.0503 -71.613
23 -33.0503 -71.613
415 -33.0502 -71.613
446 -33.0502 -71.613
272 -33.0501 -71.613
423 -33.05 -71.613
403 -33.05 -71.613
682 -33.0497 -71.613
893 -33.0496 -71.6137
391 -33.0496 -71.6137
959 -33.0496 -71.6136
689 -33.0495 -71.6139
570 -33.0494 -71.6144
953 -33.0495 -71.6142
609 -33.0495 -71.614
41 -33.0496 -71.6136
871 -33.0496 -71.6132
921 -33.0497 -71.6132
141 -33.0497 -71.6131
184 -33.0496 -71.6133
433 -33.0496 -71.6136
6 -33.0496 -71.6134
992 -33.0493 -71.6165
206 -33.0484 -71.6208
529 -33.0475 -71.6204
213 -33.0481 -71.6203
897 -33.0475 -71.6204
318 -33.0475 -71.6206
263 -33.0475 -71.6205
130 -33.0475 -71.6204
712 -33.0475 -71.6203
692 -33.0476 -71.6201
660 -33.0476 -71.6201
631 -33.0476 -71.62
394 -33.0476 -71.6201
900 -33.0476 -71.6202
36 -33.0476 -71.6202
868 -33.0476 -71.6202
453 -33.0474 -71.6206
530 -33.0474 -71.6227
152 -33.0474 -71.6227
511 -33.0474 -71.6225
708 -33.0474 -71.6222
55 -33.0471 -71.6228
755 -33.0471 -71.6228
722 -33.0473 -71.6227
383 -33.0473 -71.6217
889 -33.0473 -71.621
983 -33.0474 -71.6208
165 -33.0473 -71.6202
239 -33.0473 -71.6202
605 -33.0472 -71.6215
10 -33.0471 -71.6202
949 -33.0471 -71.6202
854 -33.0477 -71.62
574 -33.048 -71.6194
106 -33.048 -71.6193
462 -33.048 -71.6193
688 -33.048 -71.6194
612 -33.0479 -71.6195
884 -33.0479 -71.6195
850 -33.048 -71.6194
374 -33.0481 -71.6193
496 -33.0483 -71.6188
830 -33.0483 -71.6187
337 -33.0484 -71.6186
504 -33.0483 -71.6188
780 -33.0482 -71.619
195 -33.0482 -71.619
0 -33.0483 -71.6188
572 -33.0478 -71.6196
586 -33.0477 -71.6198
191 -33.0477 -71.6198
273 -33.0477 -71.6198
174 -33.0477 -71.6198
834 -33.0477 -71.6199
904 -33.0477 -71.6199
364 -33.0477 -71.6198
13 -33.0478 -71.6197
519 -33.0471 -71.6188
218 -33.0471 -71.6188
960 -33.0471 -71.6187
541 -33.047 -71.619
436 -33.047 -71.619
778 -33.047 -71.619
416 -33.047 -71.6201
360 -33.0461 -71.623
718 -33.0461 -71.623
80 -33.0464 -71.6229
222 -33.046 -71.6232
735 -33.0459 -71.6234
696 -33.0459 -71.6234
516 -33.0459 -71.6232
485 -33.0464 -71.6229
484 -33.0468 -71.6229
939 -33.0469 -71.6228
9 -33.0469 -71.6228
911 -33.0467 -71.6229
764 -33.0466 -71.6229
509 -33.0466 -71.6229
583 -33.0466 -71.6229
427 -33.0458 -71.622
277 -33.0458 -71.6235
802 -33.0458 -71.6235
322 -33.0458 -71.6235
938 -33.0458 -71.6236
820 -33.0458 -71.6237
205 -33.0458 -71.6237
139 -33.0458 -71.6237
220 -33.045 -71.6233
88 -33.0454 -71.6226
643 -33.0457 -71.6223
827 -33.0458 -71.622
982 -33.0452 -71.623
784 -33.045 -71.6233
988 -33.0451 -71.6231
644 -33.0459 -71.6219
573 -33.047 -71.6201
170 -33.0468 -71.6201
140 -33.0468 -71.6197
333 -33.0467 -71.62
639 -33.0466 -71.6203
155 -33.0466 -71.6202
113 -33.0467 -71.6201
853 -33.0468 -71.6197
314 -33.047 -71.6192
84 -33.047 -71.6192
855 -33.047 -71.6192
50 -33.0469 -71.6193
941 -33.0468 -71.6195
862 -33.0468 -71.6195
435 -33.0469 -71.6194
604 -33.0466 -71.6203
972 -33.0463 -71.6212
635 -33.0463 -71.6211
553 -33.0465 -71.6206
793 -33.0463 -71.6212
724 -33.0461 -71.6217
968 -33.0462 -71.6215
610 -33.0462 -71.6214
157 -33.0465 -71.6206
933 -33.0466 -71.6205
81 -33.0466 -71.6204
348 -33.0466 -71.6204
794 -33.0465 -71.6205
48 -33.0465 -71.6205
763 -33.0465 -71.6203
701 -33.0484 -71.6186
234 -33.0493 -71.6184
956 -33.0491 -71.6182
401 -33.049 -71.618
425 -33.0488 -71.6179
431 -33.0488 -71.6176
548 -33.0487 -71.6176
709 -33.0487 -71.6175
76 -33.0487 -71.6175
86 -33.0488 -71.6173
804 -33.0488 -71.6173
565 -33.0488 -71.6173
518 -33.0488 -71.6173
522 -33.0487 -71.6175
207 -33.0488 -71.6175
665 -33.0488 -71.6175
278 -33.0487 -71.6176
481 -33.0485 -71.6181
783 -33.0486 -71.6181
430 -33.0486 -71.618
828 -33.0485 -71.6182
457 -33.0485 -71.6183
614 -33.0485 -71.6183
727 -33.0485 -71.6183
363 -33.0486 -71.6179
654 -33.0487 -71.6177
27 -33.0487 -71.6177
74 -33.0487 -71.6177
93 -33.0487 -71.6177
240 -33.0486 -71.6179
64 -33.0486 -71.6178
756 -33.0481 -71.6174
795 -33.0484 -71.617
812 -33.0492 -71.6165
864 -33.0491 -71.6165
892 -33.0491 -71.6165
258 -33.049 -71.6165
656 -33.049 -71.6167
787 -33.049 -71.6166
721 -33.049 -71.6165
908 -33.049 -71.6165
750 -33.0492 -71.6159
379 -33.0492 -71.6159
524 -33.0492 -71.6156
164 -33.0491 -71.6162
180 -33.0491 -71.6164
428 -33.0491 -71.6163
539 -33.0491 -71.6162
545 -33.049 -71.6165
329 -33.0489 -71.6169
860 -33.0485 -71.6167
946 -33.0488 -71.6164
320 -33.0485 -71.6168
58 -33.0481 -71.6155
805 -33.0482 -71.6152
465 -33.0482 -71.6152
932 -33.0482 -71.6151
336 -33.0484 -71.6144
777 -33.0486 -71.6134
801 -33.0486 -71.6134
974 -33.0484 -71.6144
439 -33.0482 -71.6151
817 -33.0483 -71.6148
651 -33.0481 -71.6155
393 -33.048 -71.6174
128 -33.0479 -71.6173
178 -33.0477 -71.617
807 -33.0476 -71.6173
418 -33.0475 -71.6174
971 -33.0475 -71.6174
231 -33.0476 -71.6173
153 -33.0477 -71.6168
899 -33.0478 -71.6166
444 -33.0478 -71.6165
148 -33.0478 -71.6162
847 -33.0478 -71.6167
683 -33.0477 -71.6167
345 -33.0477 -71.6167
385 -33.0476 -71.6162
823 -33.0475 -71.6172
648 -33.0474 -71.6179
538 -33.0474 -71.6179
728 -33.0474 -71.6177
31 -33.0473 -71.6182
652 -33.0472 -71.6185
851 -33.0472 -71.6184
515 -33.0472 -71.6183
304 -33.0474 -71.6177
44 -33.0475 -71.6176
119 -33.0475 -71.6172
133 -33.0475 -71.6162
758 -33.0474 -71.6172
248 -33.0474 -71.6172
590 -33.0473 -71.6172
685 -33.0479 -71.6161
779 -33.048 -71.6158
342 -33.048 -71.6157
666 -33.048 -71.6157
719 -33.048 -71.6158
596 -33.048 -71.616
947 -33.048 -71.616
920 -33.048 -71.6159
638 -33.048 -71.6157
894 -33.0481 -71.6156
969 -33.0477 -71.613
835 -33.0477 -71.613
942 -33.0476 -71.6131
392 -33.0476 -71.6133
898 -33.0476 -71.6132
201 -33.0476 -71.6132
739 -33.0476 -71.6133
312 -33.0471 -71.6145
588 -33.0472 -71.6143
317 -33.0473 -71.614
241 -33.0471 -71.6146
75 -33.0469 -71.6161
634 -33.0469 -71.6161
96 -33.0471 -71.6147
526 -33.0473 -71.6139
915 -33.0475 -71.6134
902 -33.0476 -71.6133
338 -33.0476 -71.6133
766 -33.0474 -71.6137
996 -33.0472 -71.6134
749 -33.0472 -71.6134
310 -33.0499 -71.613
19 -33.0541 -71.6123
790 -33.0539 -71.6122
326 -33.0538 -71.6122
420 -33.0537 -71.6122
414 -33.0536 -71.6122
576 -33.0535 -71.6122
43 -33.0535 -71.6122
354 -33.0543 -71.6119
579 -33.0541 -71.6115
368 -33.0539 -71.6113
772 -33.0537 -71.6109
467 -33.0537 -71.6111
810 -33.0537 -71.6108
132 -33.0536 -71.6107
592 -33.0536 -71.6107
521 -33.0535 -71.6122
747 -33.0534 -71.6122
917 -33.053 -71.6121
523 -33.0526 -71.6121
298 -33.0523 -71.612
238 -33.0521 -71.612
569 -33.0522 -71.6117
874 -33.0523 -71.6117
866 -33.0524 -71.6117
72 -33.0533 -71.6115
619 -33.0535 -71.611
259 -33.0534 -71.611
463 -33.0532 -71.6115
237 -33.0532 -71.6109
154 -33.0532 -71.6109
967 -33.0532 -71.6109
384 -33.0529 -71.6107
591 -33.0528 -71.6106
970 -33.0542 -71.6105
922 -33.0535 -71.6105
563 -33.0528 -71.6106
209 -33.0527 -71.6104
636 -33.0527 -71.6104
366 -33.0527 -71.6104
627 -33.0527 -71.6104
83 -33.0534 -71.6102
873 -33.0534 -71.6101
98 -33.0532 -71.6097
751 -33.0527 -71.6104
307 -33.0527 -71.6103
52 -33.0526 -71.6103
402 -33.0526 -71.6102
452 -33.0525 -71.6101
175 -33.0525 -71.6101
61 -33.0523 -71.6098
12 -33.0523 -71.6098
927 -33.0522 -71.6096
35 -33.0522 -71.6095
773 -33.0522 -71.6095
274 -33.0521 -71.6095
679 -33.0521 -71.6095
190 -33.052 -71.6093
676 -33.052 -71.6092
944 -33.052 -71.609
219 -33.052 -71.6091
424 -33.0519 -71.6092
303 -33.0519 -71.6091
662 -33.0519 -71.6092
305 -33.0518 -71.612
962 -33.0516 -71.612
51 -33.0514 -71.6119
811 -33.0513 -71.6119
642 -33.0513 -71.6119
556 -33.0513 -71.6119
675 -33.0513 -71.6119
782 -33.0514 -71.6119
505 -33.0518 -71.6118
26 -33.0518 -71.6118
192 -33.0518 -71.6118
571 -33.0515 -71.6114
733 -33.0513 -71.6117
173 -33.0514 -71.6116
214 -33.0514 -71.6114
120 -33.0513 -71.6119
242 -33.0511 -71.6123
737 -33.0511 -71.6122
2 -33.0511 -71.6121
910 -33.0511 -71.6126
351 -33.0511 -71.6129
14 -33.0511 -71.6129
480 -33.0511 -71.6126
187 -33.0512 -71.612
958 -33.0512 -71.6119
390 -33.0512 -71.6119
29 -33.0512 -71.6114
276 -33.0512 -71.6119
15 -33.0511 -71.6114
909 -33.0508 -71.6113
789 -33.0504 -71.6113
94 -33.0513 -71.6098
622 -33.0514 -71.6097
470 -33.0516 -71.6095
110 -33.0513 -71.6098
923 -33.051 -71.6101
32 -33.051 -71.6101
746 -33.0513 -71.6098
674 -33.0517 -71.6094
954 -33.0518 -71.6093
769 -33.0518 -71.6093
512 -33.0518 -71.6091
378 -33.0518 -71.6093
825 -33.0517 -71.6094
797 -33.0517 -71.609
7 -33.0517 -71.609
626 -33.051 -71.6101
137 -33.0508 -71.6102
158 -33.0508 -71.6102
316 -33.0508 -71.6102
846 -33.0508 -71.6102
167 -33.0506 -71.6102
22 -33.0507 -71.6102
681 -33.0507 -71.6102
575 -33.0506 -71.6102
840 -33.0509 -71.6102
981 -33.0504 -71.6102
603 -33.051 -71.6101
952 -33.0504 -71.609
398 -33.0504 -71.6102
468 -33.0504 -71.6092
848 -33.0517 -71.609
748 -33.0546 -71.6085
474 -33.0545 -71.6085
291 -33.0544 -71.6085
677 -33.0543 -71.6085
925 -33.0537 -71.6085
886 -33.0537 -71.6085
280 -33.0537 -71.6085
808 -33.0543 -71.6085
281 -33.0541 -71.6085
300 -33.0547 -71.6085
528 -33.0549 -71.6083
331 -33.054 -71.6085
491 -33.0538 -71.6085
63 -33.0537 -71.6085
419 -33.0538 -71.6085
159 -33.0536 -71.6085
112 -33.0536 -71.6085
606 -33.0535 -71.6085
876 -33.0534 -71.6085
525 -33.0534 -71.6085
903 -33.0534 -71.6085
672 -33.0532 -71.6084
581 -33.0532 -71.6084
311 -33.0531 -71.6084
977 -33.053 -71.6083
362 -33.053 -71.6083
454 -33.053 -71.6083
332 -33.0529 -71.6083
558 -33.0528 -71.6083
934 -33.0528 -71.6083
79 -33.0528 -71.6083
499 -33.0528 -71.6083
469 -33.0527 -71.6082
11 -33.0527 -71.6082
129 -33.0527 -71.6082
510 -33.0526 -71.6082
513 -33.0525 -71.6082
296 -33.0525 -71.6082
461 -33.0525 -71.6082
527 -33.0525 -71.6082
768 -33.0539 -71.606
147 -33.0538 -71.6048
441 -33.0548 -71.6045
870 -33.0537 -71.6048
196 -33.0526 -71.6068
924 -33.0526 -71.6048
90 -33.0529 -71.6047
335 -33.0524 -71.6081
400 -33.0524 -71.6081
929 -33.0524 -71.6081
411 -33.0524 -71.6081
657 -33.0523 -71.6081
613 -33.0522 -71.6081
912 -33.0522 -71.6081
223 -33.0523 -71.6081
700 -33.0523 -71.6081
473 -33.0523 -71.608
285 -33.0523 -71.608
221 -33.0523 -71.6048
212 -33.0522 -71.6079
705 -33.0522 -71.6079
477 -33.0522 -71.6078
858 -33.0522 -71.6076
46 -33.0521 -71.6087
506 -33.0521 -71.6086
40 -33.0521 -71.6086
857 -33.0521 -71.6087
555 -33.052 -71.6089
472 -33.052 -71.6089
422 -33.052 -71.6088
225 -33.0521 -71.6084
535 -33.0522 -71.6081
438 -33.0522 -71.6077
168 -33.0522 -71.6076
888 -33.0519 -71.608
833 -33.0516 -71.6082
282 -33.0517 -71.6081
740 -33.0518 -71.6081
478 -33.0516 -71.6082
49 -33.0512 -71.6086
843 -33.0509 -71.6085
503 -33.0509 -71.6085
256 -33.0508 -71.6085
183 -33.0504 -71.6089
261 -33.0508 -71.6085
601 -33.0508 -71.6085
224 -33.0508 -71.6085
715 -33.0512 -71.6085
723 -33.0514 -71.6083
937 -33.0515 -71.6083
984 -33.0511 -71.6085
595 -33.0507 -71.6085
89 -33.0506 -71.6085
138 -33.0518 -71.6076
645 -33.0522 -71.6075
551 -33.0522 -71.6075
918 -33.0521 -71.6071
980 -33.0521 -71.607
878 -33.052 -71.6069
489 -33.052 -71.6069
458 -33.0519 -71.6067
664 -33.0519 -71.6066
156 -33.0519 -71.6066
540 -33.0519 -71.6066
593 -33.0518 -71.6064
73 -33.0518 -71.6064
421 -33.0518 -71.6063
557 -33.0517 -71.6062
227 -33.0517 -71.6062
381 -33.0517 -71.6062
228 -33.0514 -71.6075
753 -33.0513 -71.6075
532 -33.0517 -71.6062
350 -33.0512 -71.6074
62 -33.0512 -71.6074
502 -33.0508 -71.6057
752 -33.0507 -71.6057
966 -33.0506 -71.6057
706 -33.0515 -71.6057
78 -33.0516 -71.6052
169 -33.0507 -71.605
620 -33.0507 -71.605
181 -33.0506 -71.6057
815 -33.0504 -71.6056
126 -33.0504 -71.6092
160 -33.0499 -71.6129
998 -33.0498 -71.6129
649 -33.0498 -71.6129
143 -33.0497 -71.6129
386 -33.0497 -71.6129
554 -33.0497 -71.6129
145 -33.0497 -71.6128
887 -33.0497 -71.6128
257 -33.0499 -71.6119
230 -33.0499 -71.6113
997 -33.05 -71.6112
347 -33.0498 -71.6113
670 -33.0497 -71.6112
742 -33.0496 -71.6112
371 -33.0495 -71.6112
986 -33.0495 -71.6129
309 -33.0493 -71.6129
171 -33.0492 -71.6129
151 -33.0492 -71.6129
759 -33.0491 -71.6129
102 -33.0491 -71.6129
108 -33.049 -71.6129
711 -33.049 -71.6129
611 -33.049 -71.6129
267 -33.0491 -71.6116
731 -33.0491 -71.6114
813 -33.0493 -71.6112
67 -33.049 -71.6119
200 -33.0489 -71.6129
208 -33.0489 -71.6129
445 -33.0488 -71.6128
905 -33.0492 -71.6112
349 -33.0501 -71.6106
669 -33.0501 -71.6105
182 -33.0502 -71.6104
284 -33.0501 -71.6107
294 -33.0501 -71.6108
736 -33.0501 -71.6108
882 -33.0501 -71.6107
404 -33.0502 -71.6103
671 -33.0503 -71.6102
704 -33.0502 -71.6101
885 -33.0502 -71.6101
741 -33.0502 -71.6102
856 -33.0502 -71.6103
832 -33.0502 -71.6103
236 -33.0502 -71.6103
321 -33.0501 -71.6109
375 -33.05 -71.6112
776 -33.049 -71.6112
397 -33.049 -71.6112
245 -33.0488 -71.6112
691 -33.0488 -71.6112
247 -33.0488 -71.6112
720 -33.0488 -71.6112
357 -33.05 -71.6111
229 -33.05 -71.611
319 -33.0501 -71.611
199 -33.0501 -71.611
861 -33.0499 -71.6101
395 -33.0493 -71.6099
8 -33.0491 -71.6099
202 -33.0488 -71.6129
615 -33.0487 -71.6129
334 -33.0486 -71.6129
70 -33.0485 -71.6129
837 -33.0485 -71.6129
87 -33.0483 -71.6129
661 -33.0482 -71.6129
725 -33.0482 -71.6128
372 -33.0481 -71.6128
877 -33.0481 -71.6128
265 -33.0481 -71.6128
599 -33.0479 -71.6128
630 -33.0479 -71.6123
585 -33.0479 -71.6128
584 -33.0479 -71.6124
114 -33.0479 -71.6124
655 -33.0478 -71.6129
729 -33.0478 -71.6127
451 -33.0478 -71.6127
330 -33.0478 -71.6127
517 -33.0477 -71.6129
744 -33.0477 -71.6129
100 -33.0473 -71.6127
621 -33.0469 -71.6126
186 -33.0467 -71.6126
659 -33.0467 -71.6126
131 -33.0478 -71.6125
926 -33.0478 -71.6125
964 -33.0462 -71.6124
24 -33.0462 -71.6124
494 -33.0458 -71.6123
45 -33.0479 -71.6123
781 -33.0482 -71.6115
616 -33.0482 -71.6114
567 -33.0483 -71.6112
552 -33.0482 -71.6115
490 -33.048 -71.6119
104 -33.048 -71.6118
965 -33.0481 -71.6115
806 -33.0488 -71.6112
410 -33.0485 -71.6112
875 -33.0485 -71.6111
215 -33.0487 -71.6098
264 -33.0484 -71.6111
359 -33.0484 -71.6111
667 -33.0484 -71.6111
289 -33.0482 -71.6111
37 -33.048 -71.612
594 -33.0479 -71.6121
135 -33.048 -71.6121
275 -33.0471 -71.611
449 -33.047 -71.611
353 -33.0448 -71.6118
54 -33.0448 -71.6115
33 -33.046 -71.6108
865 -33.0457 -71.6098
249 -33.0458 -71.6098
486 -33.0458 -71.6098
814 -33.046 -71.6098
798 -33.0458 -71.6098
4 -33.0456 -71.6098
288 -33.0457 -71.6098
702 -33.046 -71.6098
211 -33.0503 -71.6092
324 -33.0501 -71.6091
785 -33.05 -71.6091
757 -33.05 -71.6091
990 -33.0499 -71.6091
653 -33.0499 -71.6091
821 -33.0499 -71.6091
600 -33.0501 -71.6084
343 -33.0499 -71.6084
204 -33.0499 -71.6084
328 -33.0499 -71.6084
863 -33.0499 -71.6084
836 -33.0499 -71.6084
714 -33.0498 -71.6084
136 -33.0498 -71.6084
951 -33.0497 -71.6084
243 -33.0496 -71.6095
845 -33.0496 -71.6095
734 -33.0497 -71.6084
16 -33.0496 -71.6096
172 -33.0496 -71.6096
406 -33.0494 -71.6091
707 -33.049 -71.6091
771 -33.0493 -71.6083
607 -33.0493 -71.6083
498 -33.0492 -71.6083
68 -33.0492 -71.6083
235 -33.0492 -71.6083
417 -33.0491 -71.6083
125 -33.049 -71.6083
233 -33.0489 -71.6083
738 -33.0489 -71.6083
690 -33.0502 -71.6072
471 -33.0498 -71.6072
369 -33.0497 -71.6071
56 -33.0497 -71.6071
460 -33.0496 -71.6071
624 -33.0493 -71.607
365 -33.0493 -71.607
957 -33.0497 -71.6065
382 -33.0501 -71.6055
673 -33.0501 -71.6055
770 -33.0501 -71.6055
293 -33.0501 -71.6047
788 -33.0498 -71.6054
244 -33.0493 -71.6052
99 -33.0499 -71.6045
325 -33.0491 -71.607
71 -33.0489 -71.6083
82 -33.0489 -71.6083
306 -33.0489 -71.6083
437 -33.0489 -71.6083
185 -33.0487 -71.6083
287 -33.0488 -71.6067
103 -33.0488 -71.6067
993 -33.0488 -71.6066
564 -33.0489 -71.6048
358 -33.0488 -71.6047
1 -33.049 -71.6035
65 -33.0488 -71.6046
122 -33.0488 -71.6046
388 -33.0486 -71.6044
975 -33.0486 -71.6066
193 -33.0483 -71.6098
623 -33.0483 -71.6091
544 -33.0484 -71.6082
121 -33.0472 -71.6098
47 -33.0469 -71.6098
28 -33.047 -71.6098
650 -33.0472 -71.6098
562 -33.0482 -71.6082
625 -33.0482 -71.6082
867 -33.0478 -71.6082
91 -33.0483 -71.6081
566 -33.0474 -71.6082
429 -33.0472 -71.6082
270 -33.0471 -71.6082
161 -33.0471 -71.6082
914 -33.0469 -71.6081
928 -33.0463 -71.6098
663 -33.0463 -71.6098
344 -33.0464 -71.6098
824 -33.0462 -71.6098
3 -33.046 -71.6098
459 -33.0461 -71.6098
985 -33.0449 -71.6098
695 -33.045 -71.6098
39 -33.0467 -71.6098
995 -33.0468 -71.6098
617 -33.0468 -71.6081
717 -33.0465 -71.6081
59 -33.0461 -71.6081
188 -33.0461 -71.6081
568 -33.0461 -71.6081
658 -33.0482 -71.608
534 -33.0482 -71.608
339 -33.0484 -71.6066
839 -33.0482 -71.6066
203 -33.048 -71.6078
308 -33.0479 -71.6067
149 -33.0479 -71.6067
232 -33.0484 -71.6066
628 -33.0486 -71.6042
913 -33.0485 -71.6041
30 -33.0486 -71.6034
826 -33.0484 -71.6038
896 -33.0481 -71.6039
492 -33.0483 -71.6037
800 -33.0482 -71.6035
895 -33.0479 -71.6067
380 -33.046 -71.6081
791 -33.0478 -71.6075
536 -33.0475 -71.6075
618 -33.0459 -71.6081
346 -33.0456 -71.608
162 -33.0449 -71.608
559 -33.0456 -71.6075
906 -33.0474 -71.6073
194 -33.0477 -71.6067
989 -33.0478 -71.6067
514 -33.0478 -71.6037
21 -33.0477 -71.6067
508 -33.0474 -71.6072
533 -33.0447 -71.6053
