697 -33.0552 -71.6215
217 -33.0552 -71.6215
479 -33.0552 -71.6215
53 -33.0551 -71.6213
883 -33.055 -71.6219
109 -33.0551 -71.6217
961 -33.0551 -71.6213
313 -33.0551 -71.6212
367 -33.0572 -71.6183
189 -33.0572 -71.6183
978 -33.0569 -71.6183
940 -33.0551 -71.621
176 -33.0551 -71.6209
66 -33.055 -71.6207
550 -33.055 -71.6207
142 -33.0549 -71.6206
85 -33.0549 -71.6206
497 -33.0549 -71.6205
647 -33.0548 -71.6205
5 -33.0548 -71.6205
979 -33.0548 -71.6221
115 -33.0548 -71.6205
796 -33.0548 -71.6205
890 -33.0548 -71.6204
373 -33.0548 -71.6184
698 -33.0549 -71.6183
754 -33.0549 -71.6183
455 -33.0548 -71.6184
226 -33.0548 -71.6204
703 -33.0548 -71.6204
587 -33.0548 -71.6184
549 -33.056 -71.618
475 -33.0586 -71.6172
407 -33.0559 -71.6163
582 -33.0561 -71.6161
537 -33.0557 -71.6165
255 -33.0556 -71.6169
370 -33.0557 -71.6167
408 -33.0557 -71.6167
963 -33.0562 -71.6161
127 -33.0562 -71.616
18 -33.0562 -71.6159
765 -33.0562 -71.6159
822 -33.0561 -71.616
450 -33.056 -71.6159
389 -33.0558 -71.6159
743 -33.0557 -71.6159
476 -33.0556 -71.6159
42 -33.0551 -71.6178
134 -33.0554 -71.6175
816 -33.0554 -71.6174
301 -33.0551 -71.6178
69 -33.055 -71.618
361 -33.0551 -71.6179
542 -33.0551 -71.6178
881 -33.0555 -71.6173
376 -33.0555 -71.6172
251 -33.0555 -71.6159
955 -33.0554 -71.6158
726 -33.0553 -71.6158
279 -33.0552 -71.6158
123 -33.0552 -71.6158
216 -33.0547 -71.6184
25 -33.0544 -71.6229
598 -33.0545 -71.6226
589 -33.0546 -71.6225
987 -33.0544 -71.623
409 -33.0543 -71.6237
710 -33.0543 -71.6231
92 -33.0543 -71.6231
786 -33.0547 -71.6224
829 -33.0547 -71.6223
38 -33.0547 -71.6203
315 -33.0547 -71.6203
500 -33.0546 -71.6202
327 -33.0546 -71.6202
678 -33.0544 -71.6201
260 -33.0543 -71.6201
629 -33.0542 -71.6244
487 -33.0541 -71.6199
266 -33.054 -71.6199
253 -33.054 -71.6199
849 -33.054 -71.6244
930 -33.054 -71.6198
177 -33.0539 -71.6198
880 -33.0535 -71.6195
179 -33.0535 -71.619
377 -33.0541 -71.6189
210 -33.0539 -71.6189
495 -33.0532 -71.6188
166 -33.0532 -71.6188
323 -33.0531 -71.6188
687 -33.0529 -71.6187
448 -33.0528 -71.6187
831 -33.0528 -71.6187
761 -33.054 -71.6184
434 -33.054 -71.6184
341 -33.0541 -71.6184
844 -33.0539 -71.6184
973 -33.0538 -71.6184
198 -33.0538 -71.6184
838 -33.0539 -71.6184
803 -33.0543 -71.6184
919 -33.0545 -71.6184
809 -33.0546 -71.6184
760 -33.0546 -71.6184
271 -33.0545 -71.6171
355 -33.0543 -71.6184
456 -33.0543 -71.6184
290 -33.0538 -71.6166
713 -33.0538 -71.6184
431 -33.0528 -71.6187
466 -33.0535 -71.6185
547 -33.0535 -71.6185
340 -33.0527 -71.6187
116 -33.0526 -71.6187
262 -33.0526 -71.6187
399 -33.0526 -71.6187
767 -33.0536 -71.6185
891 -33.0536 -71.6184
775 -33.0537 -71.6184
254 -33.0528 -71.6159
117 -33.0528 -71.6159
292 -33.0528 -71.6159
992 -33.0527 -71.6158
602 -33.0551 -71.6158
976 -33.0581 -71.615
945 -33.0581 -71.615
118 -33.0583 -71.6149
482 -33.058 -71.615
297 -33.0574 -71.6149
561 -33.0572 -71.6148
842 -33.057 -71.6148
483 -33.0569 -71.6147
560 -33.0569 -71.6147
948 -33.0576 -71.6143
991 -33.0575 -71.6141
531 -33.0569 -71.6147
994 -33.0568 -71.6147
501 -33.0569 -71.6147
774 -33.0568 -71.6147
124 -33.0568 -71.6147
413 -33.0561 -71.6158
286 -33.0562 -71.6152
818 -33.0562 -71.6152
646 -33.0561 -71.6152
686 -33.0561 -71.6156
668 -33.056 -71.6154
57 -33.0559 -71.6153
879 -33.0562 -71.6151
608 -33.0564 -71.615
640 -33.0564 -71.615
464 -33.0565 -71.615
950 -33.0564 -71.615
60 -33.0563 -71.6151
869 -33.0563 -71.615
20 -33.0564 -71.615
872 -33.0575 -71.6139
19 -33.0582 -71.613
790 -33.058 -71.613
326 -33.0578 -71.6129
420 -33.0577 -71.6129
414 -33.0576 -71.6129
576 -33.0575 -71.6128
43 -33.0575 -71.6128
521 -33.0575 -71.6128
747 -33.0575 -71.6128
354 -33.0575 -71.6128
917 -33.057 -71.6127
579 -33.057 -71.6127
368 -33.0569 -71.6126
523 -33.0566 -71.6125
298 -33.0564 -71.6124
467 -33.0564 -71.6131
962 -33.0555 -71.6131
154 -33.0558 -71.6131
619 -33.0562 -71.6131
642 -33.0554 -71.6124
591 -33.0554 -71.6131
751 -33.0553 -71.6124
366 -33.0554 -71.6124
51 -33.0554 -71.6124
238 -33.0562 -71.6124
967 -33.0561 -71.6123
237 -33.056 -71.6123
305 -33.0559 -71.6123
209 -33.0555 -71.6124
563 -33.0555 -71.6124
307 -33.0553 -71.6124
107 -33.055 -71.6158
693 -33.055 -71.6158
520 -33.055 -71.6158
269 -33.0549 -71.6158
146 -33.0546 -71.6157
442 -33.0546 -71.6157
580 -33.0545 -71.6157
762 -33.0551 -71.6153
636 -33.0552 -71.6131
175 -33.0548 -71.6129
61 -33.0546 -71.6127
105 -33.0545 -71.6149
405 -33.0545 -71.6148
907 -33.0544 -71.6148
571 -33.0545 -71.6126
150 -33.0542 -71.6156
641 -33.0541 -71.6156
488 -33.0538 -71.6156
819 -33.0538 -71.6156
730 -33.053 -71.6155
812 -33.0526 -71.6158
892 -33.0525 -71.6157
546 -33.0529 -71.6156
446 -33.054 -71.6146
403 -33.0538 -71.6144
423 -33.0538 -71.6144
145 -33.0535 -71.6142
171 -33.0531 -71.614
611 -33.0529 -71.6138
711 -33.0529 -71.6138
773 -33.0544 -71.6125
627 -33.0553 -71.6124
958 -33.0553 -71.6124
52 -33.0553 -71.6124
402 -33.0551 -71.6124
452 -33.055 -71.6124
733 -33.055 -71.6124
173 -33.0549 -71.6124
12 -33.0547 -71.6124
480 -33.0546 -71.6124
927 -33.0545 -71.6124
214 -33.0545 -71.6123
35 -33.0545 -71.6123
679 -33.0545 -71.6123
848 -33.0545 -71.6122
797 -33.0545 -71.6122
674 -33.0544 -71.6122
274 -33.0543 -71.6125
14 -33.0544 -71.6123
351 -33.0544 -71.6123
29 -33.0543 -71.6123
424 -33.0542 -71.6123
15 -33.0542 -71.6123
676 -33.0541 -71.6123
295 -33.0541 -71.6123
303 -33.0541 -71.6123
512 -33.0543 -71.6122
7 -33.0544 -71.6122
909 -33.0539 -71.6122
197 -33.0539 -71.6122
916 -33.0537 -71.6122
721 -33.0524 -71.6157
632 -33.0521 -71.6185
727 -33.0521 -71.6185
614 -33.052 -71.6185
250 -33.0519 -71.6185
393 -33.0519 -71.6184
17 -33.0518 -71.6184
412 -33.0512 -71.6184
163 -33.0517 -71.6184
852 -33.0517 -71.6184
128 -33.0516 -71.6184
504 -33.0516 -71.6184
830 -33.0516 -71.6184
111 -33.0515 -71.6184
144 -33.0515 -71.6184
597 -33.0514 -71.6184
859 -33.0509 -71.6186
101 -33.0506 -71.6211
633 -33.0496 -71.6198
447 -33.0495 -71.6196
34 -33.0494 -71.6193
935 -33.0494 -71.6192
493 -33.0494 -71.6191
732 -33.0494 -71.6187
999 -33.0508 -71.6185
364 -33.0506 -71.618
904 -33.0505 -71.618
130 -33.0501 -71.6178
165 -33.05 -71.6178
983 -33.0497 -71.6177
10 -33.0497 -71.6177
949 -33.0496 -71.6177
283 -33.0489 -71.617
900 -33.0495 -71.6162
692 -33.0495 -71.6162
652 -33.0497 -71.6159
712 -33.0495 -71.6163
453 -33.0493 -71.6165
263 -33.0494 -71.6165
529 -33.0494 -71.6164
174 -33.0497 -71.6159
195 -33.0504 -71.6158
304 -33.0503 -71.6158
106 -33.0501 -71.6157
574 -33.05 -71.6157
273 -33.0497 -71.6159
191 -33.0497 -71.6159
13 -33.0498 -71.6157
239 -33.0493 -71.6165
573 -33.049 -71.6166
206 -33.049 -71.6166
416 -33.049 -71.6166
889 -33.049 -71.6167
333 -33.0489 -71.6169
170 -33.049 -71.6168
440 -33.049 -71.6167
318 -33.0491 -71.6162
868 -33.0492 -71.6157
394 -33.0492 -71.6157
660 -33.0492 -71.6157
36 -33.0492 -71.6158
213 -33.0491 -71.6161
897 -33.0491 -71.616
113 -33.0489 -71.617
764 -33.0481 -71.6192
509 -33.0481 -71.6192
583 -33.0481 -71.6191
485 -33.048 -71.6193
718 -33.0478 -71.6197
360 -33.0478 -71.6197
80 -33.048 -71.6194
911 -33.0482 -71.619
939 -33.0483 -71.6188
755 -33.0484 -71.6186
55 -33.0484 -71.6186
644 -33.0483 -71.6188
427 -33.0482 -71.619
484 -33.0482 -71.619
9 -33.0483 -71.6189
516 -33.0477 -71.6199
277 -33.0476 -71.6203
802 -33.0476 -71.6202
322 -33.0476 -71.6202
139 -33.0475 -71.6203
205 -33.0475 -71.6204
820 -33.0475 -71.6204
938 -33.0475 -71.6204
735 -33.0476 -71.6201
988 -33.0476 -71.6201
696 -33.0476 -71.62
222 -33.0477 -71.62
982 -33.0471 -71.6188
220 -33.047 -71.6191
784 -33.047 -71.6191
152 -33.0485 -71.6183
716 -33.0487 -71.6175
157 -33.0487 -71.6175
694 -33.0488 -71.6175
708 -33.0486 -71.6179
610 -33.0485 -71.6183
511 -33.0486 -71.618
635 -33.0486 -71.618
794 -33.0488 -71.6174
155 -33.0489 -71.6171
639 -33.0489 -71.6171
901 -33.0489 -71.6171
605 -33.0489 -71.6172
763 -33.0488 -71.6174
383 -33.0488 -71.6173
799 -33.0488 -71.6172
530 -33.0485 -71.6183
722 -33.0485 -71.6183
968 -33.0477 -71.6169
793 -33.0478 -71.6167
724 -33.0476 -71.6173
88 -33.0472 -71.6183
643 -33.0474 -71.6179
827 -33.0475 -71.6176
972 -33.0478 -71.6167
348 -33.048 -71.6158
81 -33.048 -71.6158
604 -33.048 -71.6157
933 -33.048 -71.6159
553 -33.0479 -71.616
48 -33.048 -71.6159
688 -33.05 -71.6157
908 -33.0524 -71.6157
545 -33.0524 -71.6156
864 -33.0524 -71.6156
787 -33.0523 -71.6156
946 -33.0522 -71.6157
565 -33.0518 -71.6156
860 -33.0518 -71.6156
320 -33.0517 -71.6156
585 -33.0519 -71.6132
835 -33.0517 -71.6131
739 -33.0515 -71.6131
795 -33.0515 -71.6156
93 -33.0513 -71.6156
148 -33.0512 -71.6156
100 -33.0514 -71.6131
430 -33.0511 -71.6156
75 -33.0505 -71.6157
756 -33.0511 -71.6156
385 -33.051 -71.6156
496 -33.0505 -71.6157
850 -33.05 -71.6157
884 -33.0499 -71.6157
572 -33.0498 -71.6157
783 -33.051 -71.6156
621 -33.051 -71.6131
749 -33.051 -71.6131
996 -33.0509 -71.6131
180 -33.0508 -71.6131
240 -33.0496 -71.6133
64 -33.0497 -71.6131
805 -33.0507 -71.6131
659 -33.0507 -71.6131
186 -33.0507 -71.6131
588 -33.0505 -71.613
894 -33.0504 -71.613
638 -33.0504 -71.613
666 -33.0504 -71.613
24 -33.0503 -71.613
964 -33.0503 -71.613
915 -33.0511 -71.6129
201 -33.0511 -71.6126
744 -33.0511 -71.6123
517 -33.0511 -71.6123
942 -33.0511 -71.6126
902 -33.0511 -71.6127
336 -33.0511 -71.6127
392 -33.0511 -71.6127
920 -33.0502 -71.613
494 -33.0499 -71.6129
278 -33.0498 -71.6129
207 -33.0497 -71.6129
76 -33.0497 -71.6129
654 -33.0497 -71.613
74 -33.0497 -71.613
27 -33.0497 -71.6129
548 -33.0497 -71.6129
86 -33.0498 -71.6126
518 -33.0498 -71.6126
804 -33.0498 -71.6125
665 -33.0497 -71.6128
522 -33.0497 -71.6128
709 -33.0497 -71.6128
363 -33.0496 -71.6133
612 -33.0493 -71.6151
432 -33.0494 -71.6149
302 -33.0494 -71.6148
586 -33.0493 -71.6154
631 -33.0492 -71.6156
834 -33.0492 -71.6155
854 -33.0492 -71.6155
374 -33.0494 -71.6148
0 -33.0495 -71.6142
337 -33.0495 -71.614
701 -33.0495 -71.614
637 -33.0494 -71.6143
462 -33.0494 -71.6147
77 -33.0494 -71.6146
780 -33.0494 -71.6144
960 -33.0484 -71.6141
50 -33.0483 -71.6148
435 -33.0483 -71.6148
314 -33.0483 -71.6146
862 -33.0482 -71.615
853 -33.0482 -71.6151
140 -33.0482 -71.6151
941 -33.0482 -71.615
855 -33.0483 -71.6146
436 -33.0484 -71.6144
519 -33.0484 -71.6143
218 -33.0484 -71.6143
541 -33.0484 -71.6144
84 -33.0483 -71.6145
778 -33.0483 -71.6145
680 -33.0495 -71.6139
481 -33.0496 -71.6134
828 -33.0496 -71.6134
425 -33.0496 -71.6133
401 -33.0496 -71.6135
234 -33.0495 -71.6139
457 -33.0496 -71.6136
956 -33.0496 -71.6136
683 -33.0495 -71.6129
133 -33.0495 -71.6129
345 -33.0494 -71.6129
153 -33.0489 -71.6122
178 -33.0489 -71.6123
758 -33.0488 -71.6129
231 -33.0488 -71.6127
807 -33.0488 -71.6126
823 -33.0488 -71.6127
538 -33.0486 -71.6133
728 -33.0487 -71.6131
44 -33.0487 -71.613
648 -33.0486 -71.6134
851 -33.0485 -71.6137
515 -33.0485 -71.6137
31 -33.0486 -71.6135
353 -33.0487 -71.6129
971 -33.0488 -71.6128
418 -33.0488 -71.6128
119 -33.0488 -71.6127
590 -33.0488 -71.6128
54 -33.0483 -71.6129
248 -33.0488 -71.6128
577 -33.0535 -71.6122
384 -33.0557 -71.6104
866 -33.0553 -71.6104
970 -33.058 -71.6104
569 -33.055 -71.6104
506 -33.0544 -71.6121
40 -33.0544 -71.612
26 -33.0547 -71.6104
463 -33.0561 -71.6102
259 -33.0562 -71.6102
748 -33.0565 -71.6096
132 -33.0568 -71.6096
72 -33.0562 -71.6102
874 -33.055 -71.6101
886 -33.0555 -71.6094
606 -33.0555 -71.6094
190 -33.0542 -71.6105
49 -33.0542 -71.6117
212 -33.054 -71.6114
603 -33.054 -71.6114
601 -33.054 -71.6113
224 -33.0539 -71.6112
299 -33.0539 -71.6112
645 -33.0538 -71.6112
89 -33.0538 -71.6112
551 -33.0538 -71.6112
2 -33.0538 -71.6105
187 -33.054 -71.6105
575 -33.0537 -71.6112
681 -33.0537 -71.6111
97 -33.0537 -71.6109
578 -33.0537 -71.6109
876 -33.0555 -71.6093
558 -33.0561 -71.6089
510 -33.056 -71.6087
381 -33.0546 -71.6085
532 -33.0545 -71.6085
110 -33.0545 -71.6085
94 -33.0545 -71.6085
746 -33.0545 -71.6085
923 -33.0541 -71.6085
503 -33.0548 -71.6084
843 -33.0548 -71.6084
350 -33.0548 -71.6084
261 -33.0547 -71.6085
32 -33.0541 -71.6085
557 -33.0546 -71.6085
622 -33.0547 -71.6085
706 -33.0541 -71.6085
183 -33.054 -71.6085
626 -33.0541 -71.6085
840 -33.054 -71.6085
158 -33.0539 -71.6085
714 -33.0537 -71.6085
836 -33.0537 -71.6085
137 -33.0539 -71.6085
690 -33.0539 -71.6085
952 -33.0539 -71.6085
316 -33.0539 -71.6085
846 -33.0538 -71.6085
328 -33.0538 -71.6085
126 -33.0538 -71.6085
468 -33.0538 -71.6085
167 -33.0537 -71.6085
252 -33.0535 -71.6122
789 -33.0535 -71.6122
387 -33.0535 -71.6122
23 -33.0535 -71.6122
272 -33.0533 -71.6122
415 -33.0533 -71.6115
745 -33.0534 -71.6114
268 -33.0534 -71.6114
22 -33.0537 -71.6111
228 -33.0534 -71.611
910 -33.0535 -71.6105
600 -33.0533 -71.611
885 -33.0533 -71.611
204 -33.0532 -71.6109
343 -33.0532 -71.6109
211 -33.0531 -71.6109
310 -33.0531 -71.6121
160 -33.053 -71.6121
998 -33.053 -71.6121
649 -33.0529 -71.6121
347 -33.0529 -71.6121
386 -33.0528 -71.6121
143 -33.0529 -71.6116
863 -33.0531 -71.6109
861 -33.0531 -71.6109
324 -33.053 -71.6108
593 -33.053 -71.6108
734 -33.0529 -71.6107
821 -33.0529 -71.6107
421 -33.0529 -71.6106
242 -33.0534 -71.6103
136 -33.0536 -71.6085
951 -33.0536 -71.6085
471 -33.0535 -71.6085
502 -33.0535 -71.6085
737 -33.0534 -71.6101
981 -33.0535 -71.6085
757 -33.0535 -71.6085
398 -33.0535 -71.6085
785 -33.0534 -71.6085
671 -33.0534 -71.6085
966 -33.0534 -71.6085
752 -33.0534 -71.6085
460 -33.0534 -71.6085
56 -33.0533 -71.6084
704 -33.0533 -71.6084
369 -33.0533 -71.6084
276 -33.0533 -71.6099
120 -33.0533 -71.6098
390 -33.0532 -71.6098
556 -33.0532 -71.6097
782 -33.0532 -71.6097
675 -33.0532 -71.6097
811 -33.0532 -71.6097
505 -33.053 -71.6092
653 -33.0533 -71.6084
741 -33.0533 -71.6084
990 -33.0532 -71.6084
236 -33.0532 -71.6084
192 -33.053 -71.6092
182 -33.0531 -71.6084
815 -33.0531 -71.6084
281 -33.058 -71.6082
419 -33.0576 -71.6081
677 -33.0582 -71.6081
63 -33.0576 -71.6081
280 -33.0576 -71.6081
925 -33.0576 -71.6081
159 -33.0576 -71.6081
903 -33.0572 -71.608
808 -33.0583 -71.608
672 -33.0571 -71.608
474 -33.0583 -71.608
581 -33.057 -71.608
977 -33.0569 -71.608
362 -33.0569 -71.608
454 -33.0568 -71.608
332 -33.0567 -71.608
499 -33.0567 -71.608
79 -33.0567 -71.608
934 -33.0566 -71.608
469 -33.0565 -71.608
535 -33.0559 -71.6083
11 -33.0565 -71.608
461 -33.0564 -71.608
400 -33.0563 -71.608
335 -33.0563 -71.608
929 -33.0563 -71.608
657 -33.0562 -71.608
700 -33.0562 -71.608
473 -33.0561 -71.6079
285 -33.0561 -71.6079
912 -33.056 -71.6079
300 -33.0586 -71.6079
528 -33.0588 -71.6078
112 -33.0574 -71.6069
491 -33.0576 -71.6068
525 -33.0572 -71.607
129 -33.0564 -71.6074
296 -33.0564 -71.6073
311 -33.0568 -71.6071
331 -33.0577 -71.6068
291 -33.0581 -71.6067
147 -33.0577 -71.6046
441 -33.0587 -71.6041
870 -33.0576 -71.6047
768 -33.0574 -71.6048
90 -33.0569 -71.6046
924 -33.0566 -71.6045
527 -33.0563 -71.6074
705 -33.056 -71.6079
225 -33.0558 -71.6078
873 -33.0558 -71.6076
83 -33.0557 -71.6077
438 -33.0557 -71.6078
858 -33.0557 -71.6078
888 -33.0557 -71.6078
477 -33.0559 -71.6076
411 -33.0562 -71.6074
513 -33.0563 -71.6074
221 -33.0563 -71.6044
223 -33.0561 -71.6075
613 -33.056 -71.6076
196 -33.0558 -71.6044
168 -33.0557 -71.6078
156 -33.0549 -71.6083
984 -33.0549 -71.6083
470 -33.0549 -71.6083
540 -33.0549 -71.6083
856 -33.0531 -71.6084
62 -33.0548 -71.6084
73 -33.0548 -71.6084
664 -33.0549 -71.6083
715 -33.055 -71.6082
954 -33.0551 -71.6082
769 -33.0551 -71.6081
458 -33.055 -71.6082
825 -33.055 -71.6083
753 -33.055 -71.6082
378 -33.055 -71.6082
404 -33.0531 -71.6084
832 -33.0531 -71.6084
365 -33.053 -71.6083
624 -33.053 -71.6083
669 -33.053 -71.6083
349 -33.053 -71.6083
417 -33.0529 -71.6083
673 -33.0529 -71.6083
125 -33.0529 -71.6083
770 -33.0529 -71.6083
284 -33.0528 -71.6083
243 -33.0528 -71.6083
882 -33.0528 -71.6083
845 -33.0528 -71.6083
71 -33.0528 -71.6083
489 -33.0551 -71.6081
555 -33.0554 -71.6079
138 -33.0554 -71.6079
472 -33.0555 -71.6079
478 -33.0554 -71.608
810 -33.0553 -71.608
944 -33.0554 -71.608
592 -33.0554 -71.608
833 -33.0555 -71.6079
46 -33.0555 -71.6079
740 -33.0556 -71.6078
922 -33.0556 -71.6078
282 -33.0555 -71.6079
422 -33.0555 -71.6079
857 -33.0555 -71.6079
78 -33.0553 -71.6044
918 -33.0553 -71.608
772 -33.0552 -71.6081
980 -33.0552 -71.6081
219 -33.0553 -71.608
723 -33.0552 -71.6081
662 -33.0552 -71.6081
878 -33.0552 -71.6081
595 -33.0536 -71.6062
256 -33.0538 -71.6061
98 -33.0544 -71.6058
169 -33.0544 -71.6046
620 -33.0544 -71.6046
937 -33.0542 -71.6055
293 -33.0536 -71.6047
99 -33.0534 -71.6047
325 -33.0528 -71.6083
986 -33.0527 -71.6121
742 -33.0527 -71.6121
309 -33.0525 -71.6121
151 -33.0523 -71.612
759 -33.0523 -71.612
905 -33.0523 -71.612
102 -33.0522 -71.612
108 -33.0521 -71.612
943 -33.0524 -71.6117
936 -33.0525 -71.6117
141 -33.0526 -71.6117
931 -33.0523 -71.6117
391 -33.0522 -71.6117
356 -33.0522 -71.6117
433 -33.0522 -71.6117
200 -33.052 -71.612
208 -33.052 -71.612
202 -33.0519 -71.612
615 -33.0519 -71.612
334 -33.0517 -71.612
655 -33.0512 -71.6121
599 -33.0512 -71.6121
70 -33.0517 -71.612
837 -33.0516 -71.612
801 -33.0514 -71.612
87 -33.0514 -71.6119
661 -33.0514 -71.6119
725 -33.0513 -71.6119
877 -33.0513 -71.6119
265 -33.0512 -71.6119
372 -33.0513 -71.6119
275 -33.0512 -71.6114
607 -33.0528 -71.6105
227 -33.0527 -71.6105
771 -33.0527 -71.6105
498 -33.0526 -71.6103
235 -33.0526 -71.6103
68 -33.0526 -71.6103
233 -33.0525 -71.6101
437 -33.0525 -71.6101
738 -33.0525 -71.6101
82 -33.0525 -71.6101
306 -33.0525 -71.61
185 -33.0523 -71.6098
707 -33.0523 -71.6097
289 -33.0514 -71.6097
6 -33.0514 -71.6097
616 -33.0513 -71.6098
449 -33.0511 -71.6114
609 -33.051 -71.6101
104 -33.051 -71.6101
995 -33.0509 -71.6102
490 -33.0509 -71.6102
953 -33.0508 -71.6102
37 -33.0508 -71.6102
689 -33.051 -71.6101
893 -33.0512 -71.6099
41 -33.0512 -71.6099
552 -33.0512 -71.6099
959 -33.0511 -71.61
445 -33.051 -71.6101
965 -33.0511 -71.61
135 -33.0507 -71.6102
539 -33.05 -71.6114
164 -33.05 -71.6114
33 -33.05 -71.6113
428 -33.0499 -71.6117
329 -33.0498 -71.6122
656 -33.0499 -71.612
258 -33.0499 -71.6117
439 -33.0499 -71.6113
750 -33.05 -71.6112
766 -33.05 -71.6112
817 -33.05 -71.6112
526 -33.0498 -71.6113
932 -33.0498 -71.6113
317 -33.0498 -71.6113
465 -33.0497 -71.6113
651 -33.0495 -71.6112
685 -33.0491 -71.6115
947 -33.0491 -71.6113
596 -33.0491 -71.6113
444 -33.049 -71.6118
847 -33.049 -71.612
899 -33.049 -71.6119
634 -33.0481 -71.6116
58 -33.0495 -71.6112
719 -33.0492 -71.6112
342 -33.0493 -71.6112
241 -33.0492 -71.6112
312 -33.0492 -71.6112
779 -33.0492 -71.6112
96 -33.0491 -71.6112
379 -33.05 -71.6112
594 -33.0507 -71.6102
45 -33.0506 -71.6102
570 -33.0506 -71.6102
443 -33.0506 -71.6102
426 -33.0506 -71.6102
699 -33.0505 -71.6102
777 -33.0506 -71.6102
114 -33.0504 -71.6102
630 -33.0506 -71.6102
584 -33.0505 -71.6102
396 -33.0504 -71.6102
352 -33.0504 -71.6102
543 -33.0504 -71.6102
926 -33.0503 -71.6102
131 -33.0503 -71.6101
684 -33.0502 -71.6102
841 -33.0501 -71.6105
246 -33.0501 -71.6105
969 -33.0501 -71.6105
898 -33.0501 -71.6107
524 -33.0501 -71.6108
974 -33.0501 -71.6108
338 -33.0501 -71.6108
95 -33.0502 -71.6102
451 -33.0502 -71.6102
330 -33.0502 -71.6101
792 -33.0502 -71.6101
4 -33.0495 -71.6098
695 -33.0491 -71.6099
985 -33.049 -71.6099
567 -33.0514 -71.6097
562 -33.0521 -71.6094
813 -33.0521 -71.6087
257 -33.0521 -71.6086
181 -33.052 -71.6094
625 -33.052 -71.6094
91 -33.052 -71.6093
382 -33.052 -71.6088
371 -33.0521 -71.6085
736 -33.0527 -71.6082
294 -33.0527 -71.6082
16 -33.0527 -71.6082
172 -33.0527 -71.6082
670 -33.0522 -71.6083
199 -33.0527 -71.6082
319 -33.0526 -71.6082
534 -33.052 -71.6093
658 -33.052 -71.6093
887 -33.0518 -71.6093
691 -33.0518 -71.6093
806 -33.0518 -71.6093
67 -33.0516 -71.6095
554 -33.0517 -71.6094
247 -33.0518 -71.6093
720 -33.0519 -71.6093
267 -33.0519 -71.6092
397 -33.0519 -71.6092
731 -33.052 -71.609
245 -33.0519 -71.6092
203 -33.0518 -71.6091
623 -33.0518 -71.6091
867 -33.0518 -71.609
229 -33.0526 -71.6082
321 -33.0526 -71.6082
788 -33.0526 -71.6082
357 -33.0525 -71.6082
997 -33.0524 -71.6081
230 -33.0522 -71.6081
375 -33.0523 -71.6081
544 -33.0523 -71.6081
395 -33.0523 -71.6081
287 -33.0523 -71.6081
406 -33.0523 -71.6071
957 -33.0525 -71.6048
993 -33.0523 -71.608
103 -33.0523 -71.608
244 -33.0522 -71.6078
975 -33.0522 -71.6077
8 -33.0521 -71.6081
232 -33.0521 -71.6076
564 -33.0521 -71.6071
358 -33.0521 -71.607
65 -33.0521 -71.607
215 -33.0518 -71.6081
339 -33.052 -71.6076
839 -33.0519 -71.6076
122 -33.052 -71.6069
388 -33.0519 -71.6067
628 -33.0519 -71.6066
1 -33.0521 -71.6048
913 -33.0518 -71.6064
826 -33.0517 -71.6051
30 -33.0517 -71.6051
682 -33.0516 -71.6095
871 -33.0515 -71.6096
264 -33.0516 -71.6095
410 -33.0516 -71.6095
667 -33.0515 -71.6096
184 -33.0514 -71.6097
921 -33.0514 -71.6097
359 -33.0515 -71.6096
875 -33.0516 -71.6095
791 -33.0514 -71.6088
566 -33.0513 -71.6087
650 -33.0505 -71.6087
781 -33.0504 -71.6088
507 -33.0503 -71.6095
47 -33.0504 -71.609
28 -33.0504 -71.609
39 -33.0503 -71.6092
486 -33.0496 -71.6093
702 -33.0496 -71.6093
814 -33.0496 -71.6093
249 -33.0496 -71.6094
865 -33.0495 -71.6096
288 -33.0496 -71.6095
798 -33.0496 -71.6095
729 -33.0497 -71.6092
344 -33.05 -71.6091
663 -33.0499 -71.6091
928 -33.0498 -71.6091
824 -33.0498 -71.6091
459 -33.0497 -71.6091
3 -33.0497 -71.6091
121 -33.0505 -71.6087
776 -33.0513 -71.6084
193 -33.0513 -71.6084
895 -33.0515 -71.6075
536 -33.0513 -71.6087
429 -33.0513 -71.6086
270 -33.0512 -71.6086
161 -33.0512 -71.6086
989 -33.0515 -71.6075
308 -33.0515 -71.6075
492 -33.0516 -71.606
896 -33.0515 -71.6059
800 -33.0514 -71.6059
21 -33.0513 -71.6075
194 -33.0513 -71.6075
149 -33.0512 -71.6054
906 -33.0511 -71.6086
508 -33.051 -71.6086
914 -33.0509 -71.6085
617 -33.0508 -71.6085
717 -33.0506 -71.6085
188 -33.0502 -71.6085
59 -33.0501 -71.6085
380 -33.0501 -71.6085
568 -33.0501 -71.6084
618 -33.0499 -71.6084
346 -33.0497 -71.6084
514 -33.0509 -71.6058
559 -33.0492 -71.6083
162 -33.049 -71.6083
533 -33.0486 -71.6037
