754 -33.0589 -71.6169
698 -33.0588 -71.6169
301 -33.0592 -71.6168
455 -33.0587 -71.617
271 -33.0585 -71.6172
809 -33.0586 -71.6171
760 -33.0586 -71.6171
619 -33.0585 -71.6167
978 -33.061 -71.6161
962 -33.0587 -71.6154
475 -33.0626 -71.615
726 -33.0586 -71.6155
549 -33.0585 -71.6156
123 -33.0586 -71.6155
279 -33.0585 -71.6154
762 -33.0585 -71.6152
838 -33.058 -71.6176
803 -33.0583 -71.6174
456 -33.0584 -71.6173
198 -33.058 -71.6177
767 -33.0578 -71.6178
290 -33.0579 -71.6177
907 -33.0578 -71.617
154 -33.0584 -71.6162
580 -33.0581 -71.615
134 -33.0582 -71.615
816 -33.0582 -71.615
146 -33.0581 -71.615
61 -33.058 -71.615
405 -33.0578 -71.6149
105 -33.0578 -71.6149
773 -33.0578 -71.6149
467 -33.0595 -71.6149
189 -33.0594 -71.6148
686 -33.0597 -71.6147
367 -33.0594 -71.6149
127 -33.0593 -71.6149
408 -33.0589 -71.6147
251 -33.0589 -71.6146
537 -33.059 -71.6146
945 -33.0603 -71.6143
483 -33.0607 -71.6139
354 -33.0598 -71.6137
413 -33.0597 -71.6138
450 -33.0591 -71.6145
407 -33.0591 -71.6144
582 -33.0593 -71.6142
370 -33.0588 -71.6148
636 -33.0585 -71.6149
107 -33.0585 -71.6147
255 -33.0586 -71.6147
693 -33.0585 -71.6147
150 -33.0577 -71.6149
269 -33.0584 -71.6148
476 -33.0581 -71.6144
948 -33.0582 -71.6142
175 -33.0584 -71.6139
571 -33.0584 -71.6138
955 -33.0582 -71.6137
389 -33.0579 -71.6139
602 -33.0579 -71.6139
376 -33.0577 -71.6139
274 -33.0576 -71.6149
495 -33.0573 -71.6182
166 -33.0573 -71.6182
179 -33.0574 -71.6182
448 -33.0569 -71.6183
431 -33.0569 -71.6183
262 -33.0567 -71.6182
908 -33.0565 -71.6182
930 -33.0564 -71.6182
466 -33.0576 -71.618
423 -33.0572 -71.6171
446 -33.0575 -71.617
403 -33.0572 -71.6171
145 -33.057 -71.6171
171 -33.0568 -71.617
611 -33.0565 -71.6167
946 -33.0563 -71.6181
487 -33.0562 -71.6181
614 -33.0561 -71.6181
323 -33.0562 -71.616
727 -33.0561 -71.6181
687 -33.056 -71.6162
880 -33.0561 -71.6161
565 -33.0561 -71.616
860 -33.056 -71.616
711 -33.0561 -71.6152
775 -33.0561 -71.6152
377 -33.0561 -71.6152
787 -33.0561 -71.6157
585 -33.056 -71.6159
545 -33.056 -71.6156
812 -33.056 -71.6153
713 -33.0561 -71.6152
641 -33.0576 -71.6149
69 -33.0575 -71.6149
361 -33.0575 -71.6149
512 -33.0574 -71.6146
488 -33.0573 -71.6149
424 -33.0573 -71.6149
819 -33.0573 -71.6148
42 -33.0574 -71.6145
442 -33.0575 -71.6139
881 -33.0576 -71.6139
49 -33.0575 -71.6138
506 -33.0574 -71.6143
542 -33.0574 -71.6145
7 -33.0574 -71.6145
797 -33.0574 -71.6144
373 -33.0572 -71.6148
844 -33.0562 -71.6151
434 -33.0563 -71.6151
761 -33.0563 -71.6151
254 -33.0562 -71.6151
292 -33.0561 -71.6152
117 -33.0561 -71.6152
973 -33.0562 -71.6152
341 -33.0564 -71.615
919 -33.0567 -71.6148
587 -33.057 -71.6148
216 -33.0569 -71.6147
730 -33.0566 -71.6149
546 -33.0564 -71.615
355 -33.0566 -71.6149
994 -33.0607 -71.6137
818 -33.0601 -71.6132
879 -33.0601 -71.6132
60 -33.0602 -71.6132
646 -33.06 -71.6134
402 -33.0591 -71.6136
57 -33.0598 -71.6136
286 -33.06 -71.6134
869 -33.0602 -71.6131
608 -33.0603 -71.613
640 -33.0603 -71.613
967 -33.0604 -71.6129
733 -33.0595 -71.6128
480 -33.0592 -71.6129
12 -33.0593 -71.6129
19 -33.0594 -71.6129
927 -33.0591 -71.6129
464 -33.0591 -71.6136
950 -33.0591 -71.6134
822 -33.0588 -71.6133
668 -33.0586 -71.6133
743 -33.0585 -71.6135
18 -33.0584 -71.613
909 -33.0585 -71.613
303 -33.0586 -71.613
14 -33.0589 -71.6129
351 -33.059 -71.6129
679 -33.059 -71.6129
29 -33.0588 -71.6129
295 -33.0586 -71.613
676 -33.0587 -71.613
124 -33.0588 -71.6129
452 -33.0596 -71.6128
523 -33.0611 -71.6123
747 -33.0613 -71.6122
579 -33.0614 -71.6121
297 -33.0611 -71.6123
501 -33.0607 -71.6126
238 -33.0607 -71.6126
561 -33.061 -71.6124
917 -33.0615 -71.6121
790 -33.0624 -71.612
326 -33.0623 -71.612
420 -33.0621 -71.612
118 -33.0619 -71.612
976 -33.0617 -71.612
482 -33.0618 -71.612
576 -33.0619 -71.612
531 -33.0607 -71.6126
51 -33.0599 -71.6128
366 -33.06 -71.6128
414 -33.06 -71.6128
642 -33.0599 -71.6128
52 -33.0598 -71.6128
958 -33.0599 -71.6128
751 -33.0599 -71.6128
209 -33.0601 -71.6128
774 -33.0606 -71.6127
991 -33.0595 -71.6125
237 -33.0603 -71.6125
307 -33.0595 -71.6124
20 -33.0589 -71.6127
627 -33.0595 -71.6124
674 -33.0583 -71.613
521 -33.0583 -71.6134
963 -33.0582 -71.6131
916 -33.0582 -71.613
848 -33.0582 -71.6131
520 -33.0576 -71.6135
591 -33.0576 -71.6134
35 -33.0577 -71.6131
789 -33.0581 -71.613
23 -33.0581 -71.613
387 -33.0581 -71.613
577 -33.058 -71.613
252 -33.058 -71.613
272 -33.0578 -71.6129
310 -33.0576 -71.6129
160 -33.0576 -71.6129
173 -33.0576 -71.6129
40 -33.0574 -71.6135
89 -33.057 -71.6134
212 -33.0573 -71.6134
551 -33.057 -71.6134
228 -33.0567 -71.6133
885 -33.0565 -71.6132
600 -33.0565 -71.6132
204 -33.0564 -71.6131
998 -33.0575 -71.6128
649 -33.0575 -71.6128
601 -33.0574 -71.6128
211 -33.0564 -71.6131
593 -33.0561 -71.6131
343 -33.0563 -71.6131
347 -33.0574 -71.6128
224 -33.0574 -71.6128
603 -33.0573 -71.6128
386 -33.0573 -71.6128
986 -33.0573 -71.6128
742 -33.0573 -71.6128
645 -33.0572 -71.6128
575 -33.0571 -71.6127
872 -33.0583 -71.6127
214 -33.0583 -71.6127
842 -33.0583 -71.6126
197 -33.0583 -71.6126
765 -33.0581 -71.6124
309 -33.057 -71.6127
22 -33.057 -71.6127
15 -33.0581 -71.6123
151 -33.0569 -71.6126
759 -33.0569 -71.6126
102 -33.0568 -71.6126
905 -33.0568 -71.6126
108 -33.0567 -71.6125
208 -33.0566 -71.6125
200 -33.0566 -71.6125
202 -33.0565 -71.6125
863 -33.0565 -71.6124
615 -33.0564 -71.6124
324 -33.0563 -71.6124
70 -33.0563 -71.6124
334 -33.0563 -71.6124
837 -33.0562 -71.6123
801 -33.0561 -71.6123
607 -33.056 -71.6123
393 -33.0559 -71.618
128 -33.0558 -71.618
327 -33.0557 -71.618
830 -33.0557 -71.618
504 -33.0557 -71.6179
703 -33.0555 -71.6179
597 -33.0555 -71.6179
142 -33.0552 -71.6178
226 -33.0553 -71.6177
890 -33.0553 -71.6177
497 -33.0553 -71.6177
647 -33.0553 -71.6177
85 -33.0552 -71.6178
796 -33.0553 -71.6178
115 -33.0553 -71.6177
412 -33.0552 -71.6178
479 -33.0548 -71.6186
697 -33.0548 -71.6186
53 -33.0549 -71.6184
217 -33.0548 -71.6186
109 -33.0548 -71.6189
364 -33.0548 -71.6184
904 -33.0548 -71.6184
961 -33.0549 -71.6184
176 -33.055 -71.6179
66 -33.055 -71.6179
550 -33.0551 -71.6178
940 -33.055 -71.618
999 -33.0549 -71.6183
313 -33.055 -71.6182
859 -33.055 -71.6181
5 -33.0553 -71.6176
266 -33.0557 -71.6167
253 -33.0557 -71.6167
177 -33.0557 -71.6165
632 -33.0556 -71.617
260 -33.0556 -71.6172
250 -33.0556 -71.6172
17 -33.0556 -71.6171
399 -33.0558 -71.6164
831 -33.0559 -71.6163
320 -33.0559 -71.6159
835 -33.0559 -71.6158
116 -33.0559 -71.6163
340 -33.0558 -71.6164
795 -33.0558 -71.6159
739 -33.0556 -71.6156
93 -33.0556 -71.6159
500 -33.0555 -71.6173
852 -33.0555 -71.6173
163 -33.0555 -71.6172
38 -33.0554 -71.6174
144 -33.0554 -71.6175
315 -33.0554 -71.6175
111 -33.0554 -71.6174
678 -33.0556 -71.6172
148 -33.0554 -71.6159
430 -33.0554 -71.6159
100 -33.0555 -71.6155
385 -33.0553 -71.6158
756 -33.0553 -71.6158
783 -33.0553 -71.6158
883 -33.0547 -71.6189
849 -33.0543 -71.62
979 -33.0543 -71.6189
829 -33.0542 -71.6189
786 -33.0541 -71.6189
629 -33.0541 -71.6199
409 -33.0536 -71.6196
589 -33.0541 -71.6189
598 -33.0539 -71.6188
10 -33.054 -71.6184
165 -33.0543 -71.6184
130 -33.0544 -71.6184
983 -33.0539 -71.6184
25 -33.0536 -71.6188
987 -33.0536 -71.6188
949 -33.0539 -71.6184
92 -33.0535 -71.6189
710 -33.0535 -71.619
708 -33.053 -71.6187
511 -33.0527 -71.6187
427 -33.0519 -71.6185
509 -33.0517 -71.6184
516 -33.051 -71.6182
101 -33.049 -71.6168
573 -33.0528 -71.6159
889 -33.0528 -71.6159
170 -33.0527 -71.6159
416 -33.0529 -71.6158
333 -33.0526 -71.6158
938 -33.0497 -71.6158
820 -33.0497 -71.6158
205 -33.0497 -71.6158
75 -33.0546 -71.6157
496 -33.0545 -71.6157
195 -33.0544 -71.6157
304 -33.0544 -71.6157
106 -33.0541 -71.6156
574 -33.0541 -71.6156
850 -33.0541 -71.6156
688 -33.054 -71.6156
884 -33.054 -71.6156
13 -33.0538 -71.6156
572 -33.0538 -71.6156
191 -33.0537 -71.6156
174 -33.0536 -71.6156
273 -33.0536 -71.6155
652 -33.0536 -71.6155
239 -33.0529 -71.6156
113 -33.0526 -71.6158
639 -33.0525 -71.6157
155 -33.0524 -71.6157
605 -33.0524 -71.6157
277 -33.0498 -71.6157
988 -33.0499 -71.6157
763 -33.0522 -71.6157
794 -33.0522 -71.6157
157 -33.0521 -71.6156
635 -33.0516 -71.6156
610 -33.0514 -71.6156
644 -33.0509 -71.6156
911 -33.0507 -71.6155
764 -33.0506 -71.6155
692 -33.0534 -71.6155
864 -33.056 -71.6155
891 -33.056 -71.6153
992 -33.056 -71.6153
892 -33.056 -71.6154
721 -33.056 -71.6154
547 -33.056 -71.6154
210 -33.056 -71.6153
749 -33.0551 -71.6153
68 -33.0555 -71.6131
421 -33.0559 -71.6131
734 -33.056 -71.6131
707 -33.0552 -71.6124
942 -33.0552 -71.6124
201 -33.0552 -71.6124
392 -33.0551 -71.6124
185 -33.0551 -71.6131
659 -33.0549 -71.6151
181 -33.0548 -71.6128
625 -33.0547 -71.6128
91 -33.0547 -71.6128
24 -33.0546 -71.6149
964 -33.0545 -71.6149
494 -33.0541 -71.6146
382 -33.0544 -71.6125
902 -33.0551 -71.6124
275 -33.0549 -71.6124
562 -33.0549 -71.6124
658 -33.0548 -71.6124
867 -33.0543 -71.6125
449 -33.0547 -71.6124
534 -33.0547 -71.6124
996 -33.0546 -71.6124
655 -33.0556 -71.6123
599 -33.0556 -71.6123
227 -33.056 -71.6123
82 -33.0556 -71.6123
233 -33.0556 -71.6123
738 -33.0556 -71.6123
437 -33.0556 -71.6123
87 -33.056 -71.6123
661 -33.056 -71.6123
771 -33.0559 -71.6123
498 -33.0559 -71.6123
877 -33.0559 -71.6123
725 -33.0559 -71.6123
235 -33.0559 -71.6123
265 -33.0558 -71.6123
306 -33.0555 -71.6124
203 -33.0545 -71.6124
623 -33.0544 -71.6123
805 -33.0544 -71.6123
429 -33.0544 -71.6122
186 -33.0544 -71.6123
588 -33.0542 -71.6123
566 -33.0543 -71.6122
536 -33.0544 -71.6122
270 -33.0545 -71.6122
161 -33.0545 -71.6122
906 -33.0544 -71.612
508 -33.0544 -71.612
617 -33.0543 -71.612
914 -33.0543 -71.6119
791 -33.0541 -71.6123
900 -33.0533 -71.6155
712 -33.0532 -71.6155
529 -33.0532 -71.6155
263 -33.053 -71.6155
453 -33.053 -71.6155
485 -33.0495 -71.6141
935 -33.0495 -71.6141
493 -33.0495 -71.6141
353 -33.0531 -71.614
54 -33.0528 -71.6138
939 -33.0496 -71.6135
9 -33.0496 -71.6136
583 -33.0495 -71.6139
732 -33.0496 -71.6137
484 -33.0496 -71.6137
80 -33.0495 -71.6142
735 -33.0493 -71.615
222 -33.0493 -71.6149
633 -33.0494 -71.6148
696 -33.0493 -71.615
139 -33.0493 -71.6152
322 -33.0493 -71.6152
802 -33.0493 -71.6152
447 -33.0494 -71.6147
718 -33.0494 -71.6146
360 -33.0494 -71.6144
34 -33.0495 -71.6143
982 -33.0485 -71.6136
784 -33.0485 -71.6139
220 -33.0485 -71.6139
755 -33.0496 -71.6133
666 -33.0541 -71.6123
638 -33.0541 -71.6123
33 -33.0537 -71.6122
862 -33.0511 -71.6126
604 -33.0509 -71.6131
81 -33.0508 -71.6131
348 -33.0508 -71.6131
314 -33.0511 -71.6122
683 -33.0532 -71.6121
758 -33.0525 -71.6121
44 -33.0524 -71.6121
851 -33.0517 -71.612
855 -33.0512 -71.6121
660 -33.0512 -71.6121
394 -33.0512 -71.6121
901 -33.0507 -71.6131
553 -33.0506 -71.6131
972 -33.0501 -71.613
793 -33.05 -71.613
152 -33.0497 -71.613
55 -33.0496 -71.6132
722 -33.0497 -71.6131
88 -33.0487 -71.6131
530 -33.0497 -71.613
716 -33.0498 -71.6122
694 -33.0498 -71.6121
383 -33.0499 -71.612
827 -33.0492 -71.6129
643 -33.0488 -71.6126
724 -33.049 -71.6121
834 -33.0512 -71.6119
43 -33.0619 -71.6119
474 -33.0615 -71.6104
970 -33.0608 -71.6096
72 -33.0606 -71.6104
305 -33.0595 -71.6118
368 -33.0598 -71.6116
463 -33.0605 -71.6104
677 -33.0619 -71.6094
63 -33.0614 -71.6094
672 -33.0612 -71.6089
419 -33.0617 -71.6089
903 -33.061 -71.6093
581 -33.061 -71.6091
499 -33.0608 -71.6088
79 -33.0608 -71.6088
866 -33.0594 -71.6099
563 -33.0591 -71.6116
298 -33.0593 -71.6116
876 -33.059 -71.6112
748 -33.0589 -71.6112
560 -33.0588 -71.6117
606 -33.0583 -71.6113
259 -33.0589 -71.6112
886 -33.0592 -71.6112
26 -33.0591 -71.6105
657 -33.0586 -71.6101
362 -33.0589 -71.6095
558 -33.0584 -71.6106
190 -33.0581 -71.611
187 -33.0582 -71.6107
454 -33.0582 -71.609
73 -33.0587 -71.6088
934 -33.0608 -71.6088
469 -33.0607 -71.6088
11 -33.0607 -71.6087
400 -33.0607 -71.6085
461 -33.0607 -71.6085
335 -33.0606 -71.6085
700 -33.0605 -71.6085
473 -33.0604 -71.6084
285 -33.0604 -71.6084
332 -33.0602 -71.6083
705 -33.0603 -71.6083
225 -33.0602 -71.6082
858 -33.0601 -71.6081
438 -33.0601 -71.6081
740 -33.06 -71.6081
132 -33.06 -71.6088
138 -33.0594 -71.6088
626 -33.0584 -71.6086
328 -33.0583 -71.608
468 -33.0582 -71.6081
167 -33.0581 -71.6081
714 -33.0581 -71.6081
836 -33.0581 -71.6081
422 -33.0599 -71.608
282 -33.0599 -71.608
952 -33.0584 -71.608
183 -33.0584 -71.608
137 -33.0583 -71.608
846 -33.0583 -71.608
690 -33.0583 -71.608
2 -33.058 -71.609
398 -33.0579 -71.6082
502 -33.0579 -71.6082
981 -33.0579 -71.6082
966 -33.0579 -71.6082
569 -33.0579 -71.6113
384 -33.0577 -71.6102
785 -33.0578 -71.6082
752 -33.0578 -71.6082
757 -33.0579 -71.6082
471 -33.0579 -71.6082
671 -33.0578 -71.6082
704 -33.0578 -71.6082
56 -33.0578 -71.6082
369 -33.0577 -71.6082
653 -33.0577 -71.6082
510 -33.0577 -71.6107
97 -33.0575 -71.6101
540 -33.0573 -71.61
415 -33.0566 -71.61
861 -33.0565 -71.6101
141 -33.056 -71.6103
143 -33.0563 -71.6102
821 -33.0563 -71.6101
681 -33.0571 -71.6099
706 -33.0566 -71.6096
874 -33.0576 -71.6088
535 -33.0575 -71.6088
745 -33.0565 -71.6096
268 -33.0564 -71.6096
975 -33.056 -71.6085
741 -33.0577 -71.6081
236 -33.0576 -71.6081
856 -33.0576 -71.6081
832 -33.0576 -71.6081
182 -33.0575 -71.6081
365 -33.0575 -71.6081
624 -33.0574 -71.6081
192 -33.0573 -71.6081
243 -33.0573 -71.608
882 -33.0573 -71.608
71 -33.0573 -71.608
736 -33.0572 -71.608
325 -33.0571 -71.608
294 -33.0571 -71.608
229 -33.0571 -71.608
199 -33.0571 -71.608
321 -33.0571 -71.608
788 -33.0571 -71.608
675 -33.0568 -71.608
997 -33.0568 -71.608
811 -33.0568 -71.608
375 -33.0568 -71.608
556 -33.0568 -71.608
395 -33.0567 -71.608
103 -33.0566 -71.608
287 -33.0566 -71.608
993 -33.0566 -71.608
244 -33.0565 -71.608
737 -33.0564 -71.608
371 -33.0563 -71.608
242 -33.0563 -71.608
923 -33.0584 -71.608
944 -33.0598 -71.6079
478 -33.0598 -71.6079
888 -33.0601 -71.6078
918 -33.0597 -71.6078
810 -33.0596 -71.6079
219 -33.0597 -71.6078
878 -33.0596 -71.6078
833 -33.06 -71.6077
977 -33.0615 -71.6074
281 -33.0602 -71.607
300 -33.0606 -71.6068
912 -33.0602 -71.6072
592 -33.0599 -71.6077
662 -33.0597 -71.6076
46 -33.0597 -71.6071
723 -33.0596 -71.6078
489 -33.0596 -71.6077
715 -33.0594 -71.6077
350 -33.0592 -71.6076
62 -33.0592 -71.6076
528 -33.059 -71.6079
381 -33.0589 -71.6078
557 -33.059 -71.6077
458 -33.0594 -71.6076
470 -33.0594 -71.6076
753 -33.0594 -71.6076
772 -33.0594 -71.607
664 -33.0593 -71.6076
156 -33.0593 -71.6076
280 -33.0591 -71.6075
378 -33.0591 -71.6073
808 -33.0612 -71.6068
159 -33.0609 -71.6065
925 -33.0607 -71.6064
441 -33.0628 -71.606
296 -33.0607 -71.6055
83 -33.0601 -71.6063
129 -33.0601 -71.6063
311 -33.06 -71.6062
491 -33.061 -71.6055
291 -33.0621 -71.6054
147 -33.0619 -71.6053
870 -33.0619 -71.6052
331 -33.0617 -71.6051
112 -33.0615 -71.6049
90 -33.0612 -71.6047
924 -33.0609 -71.6047
922 -33.0599 -71.6062
954 -33.0594 -71.6064
873 -33.0593 -71.6064
769 -33.0595 -71.6064
825 -33.0592 -71.6064
261 -33.0589 -71.6065
622 -33.059 -71.6065
843 -33.0591 -71.6065
527 -33.0592 -71.6063
857 -33.0599 -71.6063
411 -33.0599 -71.6062
78 -33.0597 -71.6045
221 -33.0591 -71.6054
513 -33.0591 -71.6063
525 -33.059 -71.6063
532 -33.0589 -71.6078
746 -33.0588 -71.6078
929 -33.0589 -71.6078
94 -33.0589 -71.6078
110 -33.0584 -71.6073
126 -33.058 -71.6078
319 -33.057 -71.6074
613 -33.0577 -71.6073
172 -33.0569 -71.6071
125 -33.0572 -71.607
417 -33.0572 -71.6069
669 -33.0573 -71.6069
284 -33.0572 -71.607
16 -33.057 -71.607
505 -33.0571 -71.607
845 -33.0571 -71.607
357 -33.0568 -71.6071
257 -33.0562 -71.608
232 -33.0561 -71.6079
390 -33.0566 -71.6074
215 -33.0561 -71.6079
339 -33.0561 -71.6079
813 -33.0561 -71.6079
839 -33.056 -71.6079
8 -33.0564 -71.6074
120 -33.0566 -71.6073
544 -33.0566 -71.6072
782 -33.0566 -71.6072
230 -33.0565 -71.6073
670 -33.0564 -71.6073
276 -33.0565 -71.6073
349 -33.0573 -71.6069
980 -33.0584 -71.6067
32 -33.0584 -71.6066
555 -33.0587 -71.6066
168 -33.0584 -71.6067
951 -33.0579 -71.6068
158 -33.0582 -71.6067
840 -33.0582 -71.6063
223 -33.0585 -71.6062
196 -33.0587 -71.6051
620 -33.0588 -71.6041
169 -33.0588 -71.6041
984 -33.0583 -71.6058
477 -33.058 -71.6059
937 -33.0582 -71.6048
293 -33.058 -71.6045
99 -33.0579 -71.6045
503 -33.0578 -71.6066
136 -33.0578 -71.6064
472 -33.0575 -71.6061
990 -33.0574 -71.6067
404 -33.0574 -71.6069
460 -33.0568 -71.6063
316 -33.0573 -71.606
98 -33.0575 -71.605
768 -33.0576 -71.6049
595 -33.0576 -71.6047
256 -33.0577 -71.6046
957 -33.057 -71.6047
1 -33.0567 -71.6046
30 -33.056 -71.6043
910 -33.056 -71.6076
717 -33.0541 -71.6116
188 -33.0539 -71.6113
336 -33.054 -71.6105
920 -33.0539 -71.6112
59 -33.0539 -71.6112
568 -33.0538 -71.6112
915 -33.0538 -71.6105
517 -33.0543 -71.6105
391 -33.0556 -71.6105
815 -33.0557 -71.6094
770 -33.0556 -71.6093
931 -33.0554 -71.6095
744 -33.0543 -71.6105
372 -33.0547 -71.6104
433 -33.0553 -71.6096
380 -33.0538 -71.6112
133 -33.0531 -71.6115
74 -33.0533 -71.6115
27 -33.0534 -71.6114
345 -33.0531 -71.6116
780 -33.0522 -71.6117
337 -33.0524 -71.6117
401 -33.0529 -71.6116
278 -33.0534 -71.6114
618 -33.0537 -71.6111
894 -33.0538 -71.611
180 -33.0536 -71.6107
995 -33.0536 -71.6106
346 -33.0534 -71.611
559 -33.053 -71.6108
621 -33.0535 -71.6105
673 -33.0556 -71.6093
490 -33.0545 -71.6085
28 -33.0545 -71.6085
47 -33.0544 -71.6085
459 -33.0537 -71.6085
969 -33.0536 -71.6085
3 -33.0536 -71.6085
814 -33.0535 -71.6085
135 -33.0544 -71.6085
953 -33.0544 -71.6085
37 -33.0543 -71.6085
594 -33.0543 -71.6085
39 -33.0543 -71.6085
570 -33.0542 -71.6085
630 -33.0542 -71.6085
45 -33.0542 -71.6085
841 -33.0535 -71.6085
207 -33.052 -71.6089
709 -33.052 -71.6089
665 -33.052 -71.6088
444 -33.052 -71.6089
654 -33.0519 -71.6091
847 -33.052 -71.6091
76 -33.052 -71.609
522 -33.052 -71.6088
518 -33.0521 -71.6086
804 -33.0521 -71.6085
246 -33.0535 -71.6085
685 -33.0521 -71.6086
548 -33.052 -71.6088
86 -33.0521 -71.6086
77 -33.0519 -71.6118
31 -33.0519 -71.6118
374 -33.0509 -71.6102
515 -33.0509 -71.6102
302 -33.0508 -71.6102
36 -33.0502 -71.6103
84 -33.0502 -71.6102
432 -33.0508 -71.6102
462 -33.0509 -71.6102
612 -33.0506 -71.6102
960 -33.0505 -71.6102
519 -33.0504 -71.6102
218 -33.0504 -71.6101
541 -33.0502 -71.6102
586 -33.0503 -71.6101
778 -33.0502 -71.6101
868 -33.0502 -71.6104
283 -33.0499 -71.6116
440 -33.05 -71.6114
206 -33.05 -71.6111
799 -33.0499 -71.6119
968 -33.0491 -71.6115
933 -33.0497 -71.6112
48 -33.0496 -71.6112
853 -33.0501 -71.6109
897 -33.0501 -71.6107
941 -33.0501 -71.6107
50 -33.0501 -71.6105
213 -33.0501 -71.6107
140 -33.0501 -71.6109
318 -33.0501 -71.6108
631 -33.0502 -71.6101
634 -33.0516 -71.6095
457 -33.0516 -71.6095
956 -33.0517 -71.6094
807 -33.0516 -71.6095
418 -33.0515 -71.6096
119 -33.0515 -71.6096
231 -33.0515 -71.6096
828 -33.0518 -71.6093
363 -33.0519 -71.6093
240 -33.0519 -71.6092
64 -33.0519 -71.6092
153 -33.0518 -71.6093
481 -33.0518 -71.6093
425 -33.0518 -71.6093
178 -33.0518 -71.6093
823 -33.0515 -71.6096
637 -33.0512 -71.6099
0 -33.0512 -71.6099
728 -33.0513 -71.6098
538 -33.0511 -71.61
854 -33.0502 -71.6101
436 -33.0502 -71.6101
648 -33.0511 -71.61
234 -33.0514 -71.6097
701 -33.0514 -71.6097
680 -33.0514 -71.6097
590 -33.0515 -71.6096
971 -33.0507 -71.6085
435 -33.0496 -71.6095
248 -33.0506 -71.6085
777 -33.0542 -71.6085
567 -33.0551 -71.6082
289 -33.0551 -71.6082
184 -33.0551 -71.6082
492 -33.0549 -71.6083
41 -33.0548 -71.6084
552 -33.0549 -71.6083
616 -33.0549 -71.6083
6 -33.0551 -71.6082
871 -33.0553 -71.608
410 -33.0553 -71.608
264 -33.0553 -71.608
913 -33.0552 -71.6081
921 -33.0552 -71.6081
667 -33.0552 -71.6081
359 -33.0552 -71.6081
893 -33.0548 -71.6084
443 -33.0541 -71.6085
426 -33.0541 -71.6085
609 -33.0546 -71.6085
514 -33.0541 -71.6085
543 -33.0541 -71.6085
699 -33.0541 -71.6085
926 -33.0541 -71.6085
800 -33.0547 -71.6085
896 -33.0548 -71.6084
965 -33.0548 -71.6084
959 -33.0548 -71.6084
650 -33.0547 -71.6084
104 -33.0547 -71.6085
689 -33.0547 -71.6085
445 -33.0547 -71.6084
67 -33.0553 -71.608
358 -33.0557 -71.608
65 -33.0557 -71.6079
731 -33.0558 -71.6078
989 -33.0557 -71.6078
397 -33.0556 -71.6078
895 -33.0556 -71.6078
122 -33.0556 -71.6078
245 -33.0556 -71.6078
564 -33.0558 -71.6076
406 -33.0559 -71.6043
826 -33.0559 -71.6043
578 -33.0557 -71.6077
720 -33.0556 -71.6078
193 -33.0556 -71.6077
267 -33.0557 -71.6077
806 -33.0556 -71.6078
628 -33.0554 -71.608
194 -33.0554 -71.6079
21 -33.0555 -71.6079
299 -33.0554 -71.608
875 -33.0553 -71.608
554 -33.0554 -71.608
682 -33.0554 -71.608
388 -33.0555 -71.6079
308 -33.0555 -71.6078
247 -33.0555 -71.6078
691 -33.0556 -71.6078
887 -33.0555 -71.6079
776 -33.0545 -71.6053
149 -33.0552 -71.6044
584 -33.0541 -71.6085
344 -33.054 -71.6085
114 -33.0541 -71.6085
936 -33.054 -71.6085
396 -33.054 -71.6085
451 -33.0537 -71.6085
824 -33.0537 -71.6085
352 -33.0539 -71.6085
131 -33.0539 -71.6085
943 -33.0539 -71.6085
684 -33.0539 -71.6085
663 -33.0538 -71.6085
928 -33.0538 -71.6085
356 -33.0537 -71.6085
330 -33.0538 -71.6085
95 -33.0537 -71.6085
486 -33.0535 -71.6085
162 -33.0534 -71.6085
702 -33.0534 -71.6085
249 -33.0534 -71.6085
798 -33.0534 -71.6085
898 -33.0533 -71.6084
288 -33.0533 -71.6084
524 -33.0533 -71.6084
338 -33.0533 -71.6084
865 -33.0533 -71.6084
974 -33.0532 -71.6084
4 -33.0531 -71.6084
596 -33.0522 -71.6084
947 -33.0522 -71.6084
899 -33.0513 -71.6084
379 -33.053 -71.6083
766 -33.053 -71.6083
817 -33.0529 -71.6083
750 -33.0529 -71.6083
539 -33.0528 -71.6083
439 -33.0528 -71.6083
164 -33.0528 -71.6083
526 -33.0527 -71.6082
317 -33.0527 -71.6082
507 -33.0532 -71.6065
781 -33.0537 -71.6061
121 -33.0539 -71.606
729 -33.0529 -71.6065
932 -33.0527 -71.6082
465 -33.0526 -71.6082
792 -33.0529 -71.6065
695 -33.0526 -71.6082
329 -33.0522 -71.6082
258 -33.0525 -71.6082
985 -33.0525 -71.6082
719 -33.0522 -71.6082
96 -33.0522 -71.6083
241 -33.0522 -71.6083
779 -33.0522 -71.6083
428 -33.0525 -71.6082
651 -33.0524 -71.6081
58 -33.0524 -71.6081
656 -33.0523 -71.6081
342 -33.0522 -71.6081
312 -33.0522 -71.6082
533 -33.0521 -71.6048
