301 -33.0586 -71.6171
978 -33.0603 -71.6163
549 -33.0584 -71.6163
754 -33.0583 -71.6174
455 -33.0582 -71.6175
698 -33.0583 -71.6174
619 -33.0583 -71.616
475 -33.0623 -71.6158
467 -33.0589 -71.6153
189 -33.0588 -71.6153
686 -33.0591 -71.6151
367 -33.0588 -71.6153
127 -33.0588 -71.6153
962 -33.0582 -71.615
726 -33.0582 -71.615
123 -33.0581 -71.615
456 -33.0578 -71.6178
271 -33.0579 -71.6177
809 -33.058 -71.6176
803 -33.0577 -71.6179
290 -33.0574 -71.6182
198 -33.0574 -71.6181
838 -33.0575 -71.6181
760 -33.0581 -71.6176
154 -33.0581 -71.6158
279 -33.0581 -71.615
255 -33.058 -71.615
636 -33.0579 -71.615
107 -33.0579 -71.615
693 -33.0579 -71.615
762 -33.0578 -71.615
370 -33.0582 -71.6149
450 -33.0587 -71.6148
582 -33.0588 -71.6147
407 -33.0586 -71.6147
537 -33.0584 -71.6148
408 -33.0583 -71.6149
251 -33.0583 -71.6149
476 -33.0581 -71.6144
413 -33.0592 -71.6144
945 -33.0603 -71.6143
483 -33.0604 -71.6142
994 -33.0601 -71.6142
646 -33.0595 -71.6139
948 -33.0582 -71.6142
57 -33.0594 -71.6141
286 -33.0595 -71.6139
743 -33.0579 -71.6139
269 -33.0577 -71.6149
816 -33.0575 -71.6149
134 -33.0575 -71.6149
580 -33.0574 -71.6149
146 -33.0574 -71.6149
773 -33.0574 -71.6146
881 -33.0574 -71.6145
274 -33.0574 -71.6144
424 -33.0575 -71.6141
389 -33.0579 -71.6139
955 -33.0576 -71.6139
602 -33.0574 -71.6142
376 -33.0574 -71.6144
520 -33.0574 -71.6142
442 -33.0573 -71.6147
466 -33.057 -71.6183
767 -33.0572 -71.6183
446 -33.057 -71.6171
179 -33.0568 -71.6183
166 -33.0567 -71.6182
495 -33.0566 -71.6182
448 -33.0563 -71.6181
907 -33.0572 -71.617
423 -33.0569 -71.617
403 -33.0568 -71.617
145 -33.0566 -71.6167
171 -33.0563 -71.6165
611 -33.0562 -71.6161
210 -33.0562 -71.616
891 -33.0562 -71.616
812 -33.0562 -71.6159
431 -33.0562 -71.6181
262 -33.056 -71.618
908 -33.0558 -71.618
930 -33.0558 -71.618
116 -33.0556 -71.6171
831 -33.0556 -71.6169
687 -33.0557 -71.6168
880 -33.0557 -71.6167
547 -33.0561 -71.6161
892 -33.0561 -71.616
721 -33.0561 -71.616
864 -33.056 -71.616
323 -33.0557 -71.6165
545 -33.056 -71.6159
787 -33.0559 -71.6159
992 -33.0562 -71.6159
61 -33.0573 -71.6148
819 -33.0566 -71.6148
105 -33.0571 -71.6148
373 -33.0565 -71.6149
711 -33.0562 -71.6158
216 -33.0563 -71.615
587 -33.0564 -71.615
488 -33.0567 -71.6148
405 -33.0571 -71.6148
150 -33.057 -71.6148
542 -33.0569 -71.6147
42 -33.0569 -71.6147
361 -33.0569 -71.6147
641 -33.0569 -71.6147
69 -33.0568 -71.6147
775 -33.0561 -71.6158
377 -33.0561 -71.6158
117 -33.0561 -71.6158
713 -33.0561 -71.6158
292 -33.0561 -71.6158
973 -33.0561 -71.6158
844 -33.0561 -71.6157
254 -33.0561 -71.6157
434 -33.0561 -71.6156
761 -33.0561 -71.6156
341 -33.056 -71.6155
919 -33.0561 -71.6152
730 -33.056 -71.6153
546 -33.056 -71.6155
355 -33.056 -71.6153
571 -33.0581 -71.6138
869 -33.0598 -71.6136
354 -33.0599 -71.6136
608 -33.0598 -71.6136
60 -33.0597 -71.6137
818 -33.0596 -71.6138
879 -33.0597 -71.6138
464 -33.0591 -71.6136
640 -33.0598 -71.6136
774 -33.0601 -71.6132
531 -33.0602 -71.6132
501 -33.0602 -71.6132
307 -33.0592 -71.6129
52 -33.0591 -71.6129
958 -33.0592 -71.6129
627 -33.0592 -71.6129
950 -33.0591 -71.6134
175 -33.0584 -71.6138
668 -33.0586 -71.6133
402 -33.0589 -71.6132
521 -33.0583 -71.6134
822 -33.0582 -71.6137
765 -33.0582 -71.6133
14 -33.0582 -71.613
351 -33.0583 -71.613
124 -33.0588 -71.6129
733 -33.0588 -71.6129
452 -33.0589 -71.6129
12 -33.0586 -71.613
679 -33.0583 -71.613
927 -33.0584 -71.613
480 -33.0586 -71.613
751 -33.0593 -71.6129
579 -33.0608 -71.6125
917 -33.0609 -71.6124
976 -33.0611 -71.6123
523 -33.0605 -71.6128
561 -33.0604 -71.6129
238 -33.06 -71.6128
297 -33.0605 -71.6128
482 -33.0611 -71.6123
420 -33.0614 -71.6121
326 -33.0616 -71.6121
790 -33.0617 -71.612
43 -33.0613 -71.6122
747 -33.0612 -71.6122
576 -33.0613 -71.6122
118 -33.0613 -71.6122
414 -33.06 -71.6128
19 -33.0594 -71.6129
209 -33.0594 -71.6129
237 -33.0599 -71.6128
51 -33.0593 -71.6129
366 -33.0593 -71.6129
642 -33.0593 -71.6129
214 -33.0582 -71.6129
967 -33.0599 -71.6128
20 -33.0589 -71.6127
305 -33.0595 -71.6126
991 -33.0595 -71.6125
563 -33.0588 -71.6122
872 -33.0583 -71.6127
842 -33.0583 -71.6126
29 -33.0581 -71.613
963 -33.0581 -71.6134
18 -33.0581 -71.6133
15 -33.0581 -71.613
676 -33.058 -71.613
512 -33.0575 -71.6138
591 -33.0576 -71.6134
35 -33.0577 -71.6131
295 -33.0579 -71.613
303 -33.0579 -71.6129
197 -33.0579 -71.6129
909 -33.0578 -71.6129
674 -33.0577 -71.6129
848 -33.0576 -71.6129
173 -33.0576 -71.6129
916 -33.0576 -71.6129
789 -33.0574 -71.6128
7 -33.0574 -71.6138
797 -33.0573 -71.6137
506 -33.0572 -71.6136
40 -33.0572 -71.6134
49 -33.0569 -71.6134
212 -33.0566 -71.6133
343 -33.0556 -71.6131
211 -33.0557 -71.6131
551 -33.0564 -71.6131
89 -33.0564 -71.6131
228 -33.056 -71.6131
885 -33.0559 -71.6131
204 -33.0557 -71.6131
600 -33.0558 -71.6131
23 -33.0574 -71.6128
387 -33.0574 -71.6128
577 -33.0574 -71.6128
252 -33.0574 -71.6128
272 -33.0572 -71.6127
310 -33.057 -71.6127
160 -33.0569 -71.6126
998 -33.0569 -71.6126
649 -33.0569 -71.6126
601 -33.0568 -71.6126
347 -33.0568 -71.6126
224 -33.0567 -71.6125
603 -33.0567 -71.6125
386 -33.0566 -71.6125
986 -33.0566 -71.6125
742 -33.0566 -71.6125
645 -33.0566 -71.6125
575 -33.0565 -71.6124
309 -33.0564 -71.6124
22 -33.0564 -71.6124
151 -33.0563 -71.6124
759 -33.0563 -71.6124
102 -33.0562 -71.6124
905 -33.0562 -71.6123
108 -33.056 -71.6123
208 -33.056 -71.6123
200 -33.0559 -71.6123
202 -33.0559 -71.6123
863 -33.0558 -71.6123
324 -33.0557 -71.6123
615 -33.0558 -71.6123
334 -33.0556 -71.6123
226 -33.0549 -71.6182
890 -33.0549 -71.6182
497 -33.0549 -71.6182
115 -33.0549 -71.6183
85 -33.0549 -71.6184
796 -33.0549 -71.6183
647 -33.0549 -71.6183
5 -33.0549 -71.6182
38 -33.055 -71.618
111 -33.055 -71.618
504 -33.055 -71.6179
315 -33.055 -71.618
597 -33.055 -71.6182
703 -33.055 -71.6181
144 -33.055 -71.6181
142 -33.0549 -71.6184
849 -33.0548 -71.6205
629 -33.0547 -71.6203
313 -33.0547 -71.6189
961 -33.0545 -71.6189
53 -33.0545 -71.6189
697 -33.0544 -71.6189
479 -33.0544 -71.6189
217 -33.0543 -71.6189
66 -33.0548 -71.6186
550 -33.0548 -71.6186
412 -33.0548 -71.6184
176 -33.0548 -71.6187
940 -33.0548 -71.6188
999 -33.0543 -71.6184
859 -33.0544 -71.6184
946 -33.0556 -71.6179
487 -33.0555 -71.6179
727 -33.0555 -71.6179
614 -33.0555 -71.6179
632 -33.0554 -71.6176
260 -33.0553 -71.6178
250 -33.0553 -71.6177
17 -33.0553 -71.6177
266 -33.0554 -71.6174
177 -33.0555 -71.6172
340 -33.0556 -71.6171
399 -33.0556 -71.6171
253 -33.0555 -71.6173
565 -33.0554 -71.6158
860 -33.0554 -71.6158
320 -33.0553 -71.6158
393 -33.0552 -71.6178
163 -33.0551 -71.6179
852 -33.0551 -71.6178
678 -33.0552 -71.6178
128 -33.0551 -71.6179
830 -33.0551 -71.6179
327 -33.0551 -71.6179
500 -33.0551 -71.6178
795 -33.0551 -71.6158
93 -33.0549 -71.6158
148 -33.0548 -71.6157
430 -33.0547 -71.6157
385 -33.0546 -71.6157
756 -33.0546 -71.6157
783 -33.0546 -71.6157
409 -33.0542 -71.62
710 -33.0537 -71.6196
92 -33.0536 -71.6196
987 -33.0535 -71.6196
786 -33.0535 -71.6189
25 -33.0535 -71.6195
598 -33.0535 -71.6192
589 -33.0535 -71.619
109 -33.0541 -71.6189
883 -33.054 -71.6189
364 -33.0541 -71.6184
904 -33.0541 -71.6184
130 -33.0537 -71.6184
979 -33.0537 -71.6188
829 -33.0536 -71.6188
165 -33.0536 -71.6185
10 -33.0534 -71.6187
949 -33.0534 -71.6188
983 -33.0534 -71.6187
708 -33.0523 -71.6186
511 -33.0521 -71.6185
427 -33.0512 -71.6183
509 -33.0511 -71.6182
516 -33.0504 -71.6179
101 -33.0487 -71.6175
938 -33.0494 -71.6165
277 -33.0494 -71.6164
988 -33.0495 -71.6162
820 -33.0494 -71.6165
205 -33.0494 -71.6165
139 -33.0492 -71.616
802 -33.0492 -71.616
712 -33.0528 -71.6159
900 -33.0528 -71.6159
692 -33.0529 -71.6158
529 -33.0528 -71.6159
453 -33.0526 -71.6158
263 -33.0526 -71.6158
239 -33.0525 -71.6157
573 -33.0522 -71.6157
75 -33.0539 -71.6156
496 -33.0539 -71.6156
195 -33.0538 -71.6156
304 -33.0537 -71.6156
889 -33.0522 -71.6157
170 -33.0521 -71.6156
416 -33.0523 -71.6156
333 -33.052 -71.6156
911 -33.0503 -71.6158
644 -33.0504 -71.6158
764 -33.0501 -71.6157
222 -33.0492 -71.6157
322 -33.0492 -71.616
735 -33.0492 -71.6158
696 -33.0492 -71.6158
113 -33.0519 -71.6156
639 -33.0518 -71.6156
155 -33.0518 -71.6156
605 -33.0517 -71.6156
763 -33.0515 -71.6156
633 -33.0492 -71.6156
794 -33.0515 -71.6156
157 -33.0514 -71.6156
585 -33.0555 -71.6155
593 -33.0554 -71.6131
607 -33.0553 -71.6124
227 -33.0553 -71.6124
835 -33.0553 -71.6154
734 -33.0553 -71.6131
421 -33.0552 -71.6131
661 -33.0553 -71.6124
87 -33.0553 -71.6124
771 -33.0552 -71.6124
498 -33.0552 -71.6124
725 -33.0552 -71.6124
877 -33.0552 -71.6124
235 -33.0552 -71.6124
265 -33.0552 -71.6124
739 -33.055 -71.6152
574 -33.0535 -71.6155
100 -33.055 -71.6152
749 -33.0545 -71.6149
106 -33.0535 -71.6155
850 -33.0534 -71.6155
688 -33.0534 -71.6155
884 -33.0533 -71.6155
659 -33.0543 -71.6147
68 -33.0549 -71.6129
599 -33.0549 -71.6124
437 -33.0549 -71.6124
185 -33.0545 -71.6126
24 -33.054 -71.6145
964 -33.0539 -71.6145
494 -33.0535 -71.6142
655 -33.0549 -71.6124
738 -33.0549 -71.6124
801 -33.0554 -71.6124
837 -33.0555 -71.6124
233 -33.0549 -71.6124
82 -33.0549 -71.6124
306 -33.0548 -71.6124
707 -33.0545 -71.6124
942 -33.0545 -71.6124
201 -33.0545 -71.6123
70 -33.0556 -71.6123
382 -33.0545 -71.6122
867 -33.0545 -71.6122
392 -33.0544 -71.6123
902 -33.0544 -71.6123
623 -33.0544 -71.6122
203 -33.0543 -71.6122
181 -33.0542 -71.6123
275 -33.0542 -71.6123
562 -33.0542 -71.6123
625 -33.0542 -71.6123
91 -33.0541 -71.6123
658 -33.0542 -71.6123
449 -33.0541 -71.6123
534 -33.0542 -71.6123
996 -33.0539 -71.6122
805 -33.0537 -71.6122
186 -33.0537 -71.6122
588 -33.0536 -71.6122
638 -33.0534 -71.6122
666 -33.0534 -71.6122
572 -33.0532 -71.6155
174 -33.053 -71.6155
13 -33.0531 -71.6155
191 -33.053 -71.6155
273 -33.053 -71.6155
635 -33.051 -71.6156
610 -33.0507 -71.6155
652 -33.053 -71.6155
9 -33.0494 -71.6144
152 -33.0495 -71.6138
530 -33.0495 -71.6138
353 -33.0525 -71.6136
722 -33.0495 -71.6139
939 -33.0494 -71.6143
755 -33.0495 -71.6141
55 -33.0495 -71.6141
732 -33.0494 -71.6145
80 -33.0493 -71.615
485 -33.0493 -71.6149
935 -33.0493 -71.6149
34 -33.0493 -71.6151
447 -33.0492 -71.6155
718 -33.0493 -71.6154
360 -33.0493 -71.6153
493 -33.0494 -71.6148
583 -33.0494 -71.6147
484 -33.0494 -71.6145
88 -33.0485 -71.6138
982 -33.0484 -71.6144
784 -33.0483 -71.6147
220 -33.0483 -71.6147
643 -33.0486 -71.6134
54 -33.0522 -71.6134
855 -33.0511 -71.6129
660 -33.0511 -71.6129
314 -33.0511 -71.613
862 -33.0508 -71.6131
604 -33.0502 -71.613
81 -33.0501 -71.613
394 -33.0511 -71.6129
33 -33.053 -71.6121
683 -33.0525 -71.6121
758 -33.0518 -71.612
44 -33.0517 -71.612
834 -33.0511 -71.6127
851 -33.0512 -71.6121
31 -33.0512 -71.6119
348 -33.0501 -71.613
901 -33.0501 -71.613
553 -33.0499 -71.613
694 -33.0497 -71.6129
716 -33.0497 -71.6129
827 -33.0487 -71.6131
972 -33.0494 -71.6129
793 -33.0493 -71.6129
383 -33.0497 -71.6128
283 -33.0498 -71.6124
440 -33.0498 -71.6121
206 -33.0499 -71.6119
799 -33.0498 -71.6127
724 -33.0488 -71.6128
968 -33.0489 -71.6123
77 -33.0513 -71.6119
368 -33.0597 -71.6116
463 -33.0598 -71.6104
72 -33.0599 -71.6104
298 -33.0592 -71.6116
560 -33.0588 -71.6119
259 -33.0589 -71.6112
748 -33.0589 -71.6112
474 -33.061 -71.6098
677 -33.0612 -71.6093
63 -33.061 -71.6091
419 -33.0611 -71.6089
970 -33.0608 -71.6096
362 -33.0589 -71.6095
132 -33.06 -71.6088
903 -33.0607 -71.6087
866 -33.0588 -71.6102
886 -33.0585 -71.6113
558 -33.0584 -71.6106
26 -33.0584 -71.6105
876 -33.0583 -71.6113
606 -33.0583 -71.6113
569 -33.0581 -71.6111
510 -33.0577 -71.6107
190 -33.058 -71.6104
657 -33.0586 -71.6101
138 -33.0587 -71.6088
73 -33.0584 -71.6087
454 -33.0582 -71.609
384 -33.0577 -71.6102
187 -33.0577 -71.6102
874 -33.0576 -71.6088
672 -33.0607 -71.6086
581 -33.0607 -71.6085
499 -33.0604 -71.6084
79 -33.0604 -71.6083
934 -33.0603 -71.6083
332 -33.0602 -71.6083
469 -33.0603 -71.6083
11 -33.0602 -71.6082
461 -33.0601 -71.6081
400 -33.0601 -71.6081
335 -33.0601 -71.6081
700 -33.06 -71.608
473 -33.0599 -71.608
285 -33.0598 -71.608
528 -33.059 -71.6079
156 -33.0586 -71.6079
62 -33.0586 -71.6079
626 -33.0579 -71.6082
923 -33.0578 -71.6082
183 -33.0578 -71.6082
952 -33.0577 -71.6082
137 -33.0577 -71.6081
690 -33.0576 -71.6081
846 -33.0576 -71.6081
328 -33.0576 -71.6081
381 -33.0583 -71.608
557 -33.0584 -71.608
350 -33.0585 -71.6079
532 -33.0582 -71.608
746 -33.0582 -71.6081
94 -33.0582 -71.6081
468 -33.0576 -71.6081
535 -33.0575 -71.6088
126 -33.0575 -71.6081
836 -33.0575 -71.6081
714 -33.0574 -71.6081
2 -33.0573 -71.6093
167 -33.0574 -71.6081
757 -33.0573 -71.608
471 -33.0573 -71.608
502 -33.0572 -71.608
981 -33.0572 -71.608
398 -33.0572 -71.608
966 -33.0572 -71.608
671 -33.0572 -71.608
785 -33.0572 -71.608
752 -33.0571 -71.608
56 -33.0571 -71.608
415 -33.056 -71.6103
681 -33.0565 -71.6101
97 -33.0569 -71.6098
861 -33.0558 -71.6104
143 -33.0556 -71.6105
821 -33.0557 -71.6104
141 -33.0554 -71.6104
540 -33.0567 -71.6096
706 -33.0559 -71.6095
673 -33.0561 -71.6089
770 -33.0561 -71.6088
815 -33.0559 -71.6091
745 -33.0558 -71.6094
268 -33.0557 -71.6094
704 -33.0571 -71.608
369 -33.0571 -71.608
653 -33.057 -71.608
741 -33.057 -71.608
236 -33.057 -71.608
856 -33.0569 -71.608
832 -33.0569 -71.608
182 -33.0569 -71.608
365 -33.0568 -71.608
624 -33.0567 -71.608
71 -33.0566 -71.608
192 -33.0566 -71.608
882 -33.0566 -71.608
736 -33.0564 -71.608
243 -33.0565 -71.608
325 -33.0564 -71.608
199 -33.0564 -71.608
294 -33.0564 -71.608
321 -33.0564 -71.608
229 -33.0564 -71.608
788 -33.0564 -71.608
910 -33.0554 -71.6079
997 -33.0561 -71.6079
811 -33.0561 -71.6079
675 -33.0561 -71.6079
556 -33.0561 -71.6079
375 -33.0561 -71.6079
395 -33.056 -71.6079
287 -33.056 -71.6079
813 -33.0555 -71.6079
339 -33.0555 -71.6079
103 -33.0559 -71.6079
705 -33.0597 -71.6079
225 -33.0596 -71.6078
888 -33.0596 -71.6077
858 -33.0595 -71.6077
438 -33.0595 -71.6077
740 -33.0594 -71.6077
592 -33.0592 -71.6076
977 -33.0608 -71.6076
282 -33.0593 -71.6076
422 -33.0593 -71.6076
912 -33.0596 -71.6071
833 -33.0593 -71.6076
944 -33.0592 -71.6076
478 -33.0592 -71.6076
46 -33.0592 -71.6074
280 -33.0591 -71.6075
753 -33.0588 -71.6078
715 -33.0588 -71.6078
929 -33.0589 -71.6078
378 -33.0588 -71.6078
664 -33.0587 -71.6079
470 -33.0587 -71.6079
458 -33.0587 -71.6078
489 -33.0589 -71.6078
219 -33.059 -71.6077
918 -33.0591 -71.6077
810 -33.0591 -71.6077
772 -33.059 -71.6077
723 -33.059 -71.6077
878 -33.059 -71.6077
662 -33.059 -71.6077
281 -33.0602 -71.607
808 -33.0612 -71.6068
159 -33.0608 -71.6067
441 -33.0623 -71.6055
925 -33.0607 -71.6067
300 -33.0606 -71.6068
129 -33.0601 -71.6063
296 -33.0601 -71.606
491 -33.061 -71.6055
291 -33.0615 -71.6049
147 -33.0614 -71.6048
870 -33.0613 -71.6048
331 -33.0612 -71.6049
112 -33.061 -71.6052
90 -33.0605 -71.6046
924 -33.0602 -71.6046
311 -33.06 -71.6062
922 -33.0593 -71.6064
873 -33.0593 -71.6064
83 -33.0595 -71.6064
857 -33.0592 -71.6064
555 -33.0587 -71.6066
954 -33.0588 -71.6066
769 -33.0588 -71.6065
527 -33.0592 -71.6063
513 -33.0591 -71.6063
411 -33.0599 -71.6062
221 -33.0591 -71.6054
78 -33.0591 -71.6042
525 -33.059 -71.6063
196 -33.0587 -71.6051
825 -33.0586 -71.6066
110 -33.0581 -71.6077
172 -33.0563 -71.6074
16 -33.0564 -71.6074
319 -33.0563 -71.6075
390 -33.056 -71.6076
782 -33.056 -71.6076
357 -33.0562 -71.6075
613 -33.0577 -71.6073
349 -33.0566 -71.6072
669 -33.0566 -71.6072
417 -33.0566 -71.6072
125 -33.0565 -71.6073
505 -33.0564 -71.6073
845 -33.0565 -71.6073
284 -33.0565 -71.6073
544 -33.056 -71.6076
993 -33.0559 -71.6079
244 -33.0558 -71.6079
737 -33.0557 -71.6078
975 -33.0556 -71.6079
215 -33.0555 -71.6079
232 -33.0555 -71.6079
257 -33.0555 -71.6078
371 -33.0556 -71.6078
230 -33.0558 -71.6076
276 -33.0558 -71.6076
120 -33.0559 -71.6076
670 -33.0558 -71.6076
242 -33.0556 -71.6078
8 -33.0557 -71.6077
404 -33.0568 -71.6072
980 -33.0584 -71.6068
168 -33.0584 -71.6067
622 -33.0583 -71.6067
261 -33.0583 -71.6067
32 -33.0577 -71.6068
840 -33.0576 -71.6067
503 -33.0578 -71.6066
843 -33.0584 -71.6066
223 -33.0585 -71.6062
984 -33.0582 -71.6058
169 -33.0581 -71.6044
620 -33.0581 -71.6044
477 -33.058 -71.6059
768 -33.0576 -71.6049
937 -33.0578 -71.6046
158 -33.0575 -71.6069
136 -33.0572 -71.6069
472 -33.0575 -71.6061
293 -33.0574 -71.6048
951 -33.0572 -71.6069
990 -33.0568 -71.6071
460 -33.0567 -71.6068
316 -33.0566 -71.6063
406 -33.0554 -71.6048
99 -33.0573 -71.6047
256 -33.0571 -71.6047
98 -33.057 -71.6047
595 -33.057 -71.6046
957 -33.0564 -71.6045
1 -33.0561 -71.6043
839 -33.0554 -71.608
791 -33.0543 -71.6119
566 -33.0542 -71.6118
429 -33.0541 -71.6116
536 -33.0541 -71.6116
161 -33.0541 -71.6116
270 -33.0541 -71.6115
906 -33.054 -71.6114
508 -33.054 -71.6114
617 -33.0539 -71.6113
914 -33.0539 -71.6113
621 -33.0539 -71.6112
995 -33.0538 -71.6112
180 -33.0538 -71.6113
717 -33.0537 -71.6111
915 -33.0537 -71.6109
336 -33.0536 -71.6107
74 -33.0526 -71.6116
27 -33.0527 -71.6116
278 -33.0527 -71.6116
133 -33.0525 -71.6117
337 -33.0518 -71.6118
401 -33.0522 -71.6117
345 -33.0524 -71.6117
920 -33.0532 -71.6115
894 -33.0535 -71.6114
188 -33.0533 -71.611
59 -33.0532 -71.6109
568 -33.0532 -71.6109
380 -33.0531 -71.6109
618 -33.0531 -71.6109
346 -33.0529 -71.6107
517 -33.0536 -71.6105
391 -33.0549 -71.6104
433 -33.055 -71.6103
931 -33.055 -71.6102
372 -33.054 -71.6105
744 -33.0536 -71.6105
559 -33.0526 -71.6102
356 -33.0532 -71.609
342 -33.052 -71.6089
943 -33.0533 -71.6088
936 -33.0534 -71.6088
39 -33.0536 -71.6085
428 -33.0521 -71.6086
656 -33.052 -71.6088
651 -33.0521 -71.6086
58 -33.0521 -71.6086
312 -33.052 -71.6089
685 -33.0518 -71.6093
518 -33.0518 -71.6093
804 -33.0519 -71.6093
86 -33.0518 -71.6094
665 -33.0516 -71.6095
522 -33.0517 -71.6095
548 -33.0517 -71.6094
947 -33.0519 -71.6092
779 -33.052 -71.609
719 -33.052 -71.609
329 -33.052 -71.6089
241 -33.052 -71.609
596 -33.0519 -71.6091
96 -33.052 -71.6091
709 -33.0516 -71.6095
780 -33.0515 -71.6119
519 -33.0501 -71.6107
218 -33.0501 -71.6107
586 -33.0501 -71.6108
541 -33.0501 -71.611
631 -33.0501 -71.6109
854 -33.0501 -71.6109
960 -33.0501 -71.6106
234 -33.0509 -71.6102
680 -33.0509 -71.6102
701 -33.0509 -71.6102
515 -33.0502 -71.6102
612 -33.0501 -71.6105
432 -33.0502 -71.6102
302 -33.0502 -71.6102
436 -33.0501 -71.6109
213 -33.05 -71.6115
897 -33.05 -71.6115
50 -33.05 -71.6113
318 -33.0499 -71.6116
48 -33.0491 -71.6116
933 -33.0491 -71.6114
941 -33.0498 -71.6113
853 -33.0497 -71.6112
36 -33.05 -71.6111
84 -33.05 -71.611
778 -33.05 -71.6109
868 -33.05 -71.6112
140 -33.0497 -71.6112
435 -33.0494 -71.6103
0 -33.0507 -71.6102
425 -33.0513 -71.6098
153 -33.0513 -71.6098
178 -33.0513 -71.6098
828 -33.0513 -71.6098
457 -33.0511 -71.61
956 -33.0511 -71.61
481 -33.0512 -71.6099
363 -33.0513 -71.6098
76 -33.0516 -71.6095
207 -33.0516 -71.6095
444 -33.0516 -71.6095
847 -33.0515 -71.6096
240 -33.0514 -71.6097
64 -33.0514 -71.6097
654 -33.0515 -71.6096
807 -33.0511 -71.61
637 -33.0506 -71.6102
590 -33.0509 -71.6102
728 -33.0507 -71.6102
538 -33.0505 -71.6102
374 -33.0502 -71.6102
648 -33.0504 -71.6102
462 -33.0502 -71.6102
823 -33.051 -71.6101
231 -33.051 -71.6101
119 -33.051 -71.6101
634 -33.0511 -71.61
418 -33.051 -71.6101
248 -33.0504 -71.6091
971 -33.0504 -71.6091
594 -33.0536 -71.6085
667 -33.0546 -71.6085
921 -33.0546 -71.6085
6 -33.0545 -71.6085
184 -33.0545 -71.6085
567 -33.0545 -71.6085
289 -33.0545 -71.6085
492 -33.0543 -71.6085
552 -33.0542 -71.6085
871 -33.0547 -71.6084
410 -33.0547 -71.6084
264 -33.0547 -71.6084
913 -33.0546 -71.6085
616 -33.0542 -71.6085
41 -33.0542 -71.6085
359 -33.0546 -71.6085
893 -33.0542 -71.6085
959 -33.0541 -71.6085
965 -33.0541 -71.6085
896 -33.0541 -71.6085
650 -33.0541 -71.6085
37 -33.0537 -71.6085
953 -33.0537 -71.6085
104 -33.054 -71.6085
800 -33.054 -71.6085
445 -33.054 -71.6085
689 -33.054 -71.6085
609 -33.054 -71.6085
490 -33.0539 -71.6085
28 -33.0538 -71.6085
135 -33.0537 -71.6085
47 -33.0538 -71.6085
875 -33.0547 -71.6084
122 -33.055 -71.6082
397 -33.0551 -71.6082
989 -33.0551 -71.6082
193 -33.055 -71.6082
720 -33.055 -71.6082
895 -33.055 -71.6082
245 -33.055 -71.6082
65 -33.0551 -71.6081
564 -33.0552 -71.6081
826 -33.0553 -71.6044
30 -33.0553 -71.6044
358 -33.0552 -71.6081
578 -33.0551 -71.6081
267 -33.0551 -71.6081
731 -33.0552 -71.6081
806 -33.055 -71.6082
299 -33.0548 -71.6084
194 -33.0548 -71.6083
887 -33.0549 -71.6083
554 -33.0548 -71.6084
67 -33.0548 -71.6084
682 -33.0548 -71.6084
628 -33.0548 -71.6084
21 -33.0549 -71.6083
247 -33.0549 -71.6083
308 -33.055 -71.6083
691 -33.055 -71.6083
388 -33.0549 -71.6083
776 -33.054 -71.6058
149 -33.0545 -71.6046
570 -33.0536 -71.6085
777 -33.0536 -71.6085
45 -33.0535 -71.6085
630 -33.0535 -71.6085
426 -33.0535 -71.6085
514 -33.0535 -71.6085
443 -33.0535 -71.6085
926 -33.0534 -71.6085
699 -33.0534 -71.6085
584 -33.0534 -71.6085
114 -33.0534 -71.6085
543 -33.0534 -71.6085
344 -33.0534 -71.6085
396 -33.0533 -71.6084
352 -33.0533 -71.6084
131 -33.0533 -71.6084
684 -33.0532 -71.6084
663 -33.0531 -71.6084
928 -33.0531 -71.6084
330 -33.0531 -71.6084
932 -33.0522 -71.6084
899 -33.0507 -71.6085
258 -33.0521 -71.6085
465 -33.0522 -71.6084
95 -33.0531 -71.6084
824 -33.0531 -71.6084
451 -33.0531 -71.6084
459 -33.053 -71.6083
969 -33.0529 -71.6083
317 -33.0522 -71.6084
3 -33.0529 -71.6083
814 -33.0529 -71.6083
841 -33.0529 -71.6083
246 -33.0529 -71.6083
486 -33.0528 -71.6083
162 -33.0528 -71.6083
702 -33.0528 -71.6083
249 -33.0527 -71.6082
798 -33.0527 -71.6082
898 -33.0527 -71.6082
507 -33.0527 -71.6067
781 -33.0531 -71.6066
121 -33.0533 -71.6064
288 -33.0527 -71.6082
524 -33.0526 -71.6082
338 -33.0526 -71.6082
865 -33.0526 -71.6082
974 -33.0526 -71.6082
4 -33.0524 -71.6081
379 -33.0523 -71.6081
766 -33.0523 -71.6081
539 -33.0522 -71.6082
526 -33.0522 -71.6083
164 -33.0522 -71.6083
439 -33.0522 -71.6082
817 -33.0523 -71.6081
750 -33.0523 -71.6081
792 -33.0524 -71.607
729 -33.0524 -71.607
695 -33.052 -71.608
985 -33.0519 -71.608
533 -33.0517 -71.605
