253 -33.0529 -71.6246
930 -33.0529 -71.6246
266 -33.0529 -71.6246
678 -33.0524 -71.6244
115 -33.0519 -71.6245
327 -33.0523 -71.6244
315 -33.0521 -71.6244
38 -33.0521 -71.6243
880 -33.0534 -71.6239
177 -33.0531 -71.6238
487 -33.0527 -71.6237
260 -33.0526 -71.6236
226 -33.052 -71.6243
500 -33.0523 -71.6235
703 -33.0521 -71.6234
497 -33.0519 -71.6245
961 -33.0518 -71.6252
940 -33.0518 -71.6251
176 -33.0518 -71.6249
479 -33.0516 -71.6252
217 -33.0515 -71.6252
109 -33.0513 -71.6251
883 -33.0512 -71.6251
66 -33.0519 -71.6248
85 -33.0519 -71.6246
142 -33.0519 -71.6246
5 -33.0519 -71.6243
796 -33.0519 -71.6243
647 -33.0518 -71.6243
550 -33.0516 -71.6243
697 -33.051 -71.6243
890 -33.0519 -71.6234
179 -33.0527 -71.6223
377 -33.0532 -71.6223
210 -33.0532 -71.6223
373 -33.0522 -71.62
355 -33.0516 -71.62
456 -33.0516 -71.62
587 -33.052 -71.62
216 -33.052 -71.6199
69 -33.0521 -71.6198
542 -33.0519 -71.6196
869 -33.0528 -71.6187
301 -33.0519 -71.6196
919 -33.0517 -71.6199
134 -33.0515 -71.6192
816 -33.0515 -71.6191
881 -33.0514 -71.6191
313 -33.0514 -71.6232
53 -33.0513 -71.6232
547 -33.0514 -71.6209
716 -33.0512 -71.6231
694 -33.0512 -71.6231
799 -33.051 -71.6229
901 -33.0509 -71.6228
713 -33.0514 -71.6206
775 -33.0514 -71.6206
341 -33.0514 -71.6202
376 -33.0514 -71.619
761 -33.0513 -71.6203
838 -33.0513 -71.6203
973 -33.0513 -71.6203
283 -33.0508 -71.6227
101 -33.0507 -71.6256
829 -33.0507 -71.6251
633 -33.0508 -71.625
786 -33.0506 -71.6251
598 -33.0505 -71.6257
92 -33.0499 -71.6252
987 -33.0499 -71.6252
34 -33.0506 -71.6247
935 -33.0505 -71.6245
732 -33.0504 -71.6241
440 -33.0507 -71.6226
979 -33.0502 -71.6242
25 -33.0496 -71.6243
589 -33.05 -71.6243
493 -33.05 -71.6243
447 -33.0495 -71.6243
409 -33.0494 -71.6253
710 -33.0493 -71.6243
859 -33.0489 -71.6224
999 -33.0489 -71.6225
849 -33.0485 -71.6253
629 -33.0487 -71.6253
206 -33.0489 -71.6223
412 -33.0493 -71.6223
597 -33.0493 -71.6221
144 -33.0493 -71.622
17 -33.0493 -71.6215
852 -33.0492 -71.6219
163 -33.0492 -71.6219
213 -33.0487 -71.6219
111 -33.0491 -71.6219
250 -33.0493 -71.6215
116 -33.0507 -71.6212
399 -33.0507 -71.6212
432 -33.0504 -71.621
302 -33.0504 -71.621
637 -33.0502 -71.6208
680 -33.0501 -71.6204
956 -33.0499 -71.6203
401 -33.0495 -71.6201
425 -33.0496 -71.62
74 -33.0496 -71.6197
361 -33.05 -71.6187
760 -33.0495 -71.6187
891 -33.0495 -71.6196
76 -33.0495 -71.6195
198 -33.0494 -71.6194
804 -33.0494 -71.6193
340 -33.0494 -71.6208
831 -33.0494 -71.6207
448 -33.0494 -71.6207
262 -33.0494 -71.6208
632 -33.0493 -71.6215
77 -33.0493 -71.621
687 -33.0494 -71.6206
234 -33.0493 -71.6204
86 -33.0494 -71.6193
434 -33.0494 -71.6193
844 -33.0494 -71.6193
166 -33.0494 -71.6202
323 -33.0493 -71.6202
656 -33.0494 -71.6187
42 -33.05 -71.6187
646 -33.0525 -71.6186
57 -33.0523 -71.6186
668 -33.0523 -71.6186
413 -33.0518 -71.6184
765 -33.0517 -71.6184
189 -33.0516 -71.6184
963 -33.0516 -71.6184
367 -33.0516 -71.6184
560 -33.0532 -71.6183
774 -33.0531 -71.6183
475 -33.0533 -71.6174
297 -33.0527 -71.6158
18 -33.0515 -71.6166
931 -33.052 -71.6159
936 -33.0519 -71.6158
582 -33.0514 -71.6184
537 -33.0512 -71.6186
978 -33.0514 -71.6184
407 -33.0512 -71.6183
370 -33.051 -71.6186
255 -33.0508 -71.6185
549 -33.0507 -71.6185
408 -33.0509 -71.6181
743 -33.0511 -71.6163
389 -33.0511 -71.6163
356 -33.0514 -71.6158
286 -33.0514 -71.6158
822 -33.0505 -71.6157
450 -33.0504 -71.6158
726 -33.0498 -71.6157
476 -33.0501 -71.6157
251 -33.05 -71.6157
118 -33.0532 -71.6155
872 -33.0531 -71.6155
945 -33.0531 -71.6155
976 -33.0531 -71.6155
842 -33.0522 -71.6157
464 -33.0517 -71.6156
991 -33.053 -71.6155
482 -33.053 -71.6154
561 -33.0523 -71.615
483 -33.0521 -71.6149
948 -33.0533 -71.6141
531 -33.052 -71.6148
124 -33.052 -71.6147
501 -33.052 -71.6147
737 -33.0518 -71.6137
792 -33.0517 -71.6147
640 -33.0517 -71.6156
950 -33.0517 -71.6156
608 -33.0516 -71.6156
20 -33.0516 -71.6156
818 -33.0514 -71.6156
943 -33.0514 -71.6156
60 -33.0514 -71.6156
879 -33.0514 -71.6156
299 -33.0517 -71.6146
910 -33.0516 -71.614
242 -33.0517 -71.6138
507 -33.0515 -71.6142
268 -33.0508 -71.6151
578 -33.0514 -71.6143
955 -33.0498 -71.6157
428 -33.0492 -71.6183
698 -33.0492 -71.6176
754 -33.0492 -71.6176
539 -33.0492 -71.6183
379 -33.049 -71.6181
455 -33.0491 -71.6176
443 -33.049 -71.6168
570 -33.049 -71.6167
426 -33.0494 -71.6166
580 -33.0494 -71.6165
146 -33.0494 -71.6164
271 -33.0493 -71.6165
641 -33.049 -71.6166
150 -33.049 -71.6166
953 -33.049 -71.6165
699 -33.0489 -71.6169
524 -33.0489 -71.6179
803 -33.0487 -71.6178
246 -33.0487 -71.6176
730 -33.0487 -71.6178
254 -33.0485 -71.6183
292 -33.0485 -71.6183
750 -33.0485 -71.6182
809 -33.0488 -71.6176
352 -33.0489 -71.6171
396 -33.0489 -71.617
543 -33.0489 -71.617
684 -33.0488 -71.6172
841 -33.0487 -71.6175
95 -33.0488 -71.6173
609 -33.0491 -71.6164
107 -33.0496 -71.616
602 -33.0497 -71.6159
123 -33.0497 -71.6158
520 -33.0496 -71.616
442 -33.0494 -71.6164
269 -33.0496 -71.6161
693 -33.0496 -71.616
279 -33.0497 -71.6158
257 -33.0495 -71.6142
295 -33.0495 -71.6138
375 -33.0496 -71.6136
415 -33.0494 -71.6147
682 -33.0493 -71.6154
554 -33.0493 -71.6152
887 -33.0493 -71.6151
141 -33.0492 -71.6155
893 -33.0491 -71.6161
391 -33.0491 -71.6161
959 -33.0491 -71.616
689 -33.0491 -71.6163
488 -33.0487 -71.6164
819 -33.0487 -71.6164
290 -33.0486 -71.6164
433 -33.0492 -71.616
184 -33.0492 -71.6156
871 -33.0492 -71.6156
921 -33.0492 -71.6156
6 -33.0492 -71.6158
41 -33.0492 -71.616
731 -33.0485 -71.6137
267 -33.0485 -71.6139
897 -33.0474 -71.6227
529 -33.0474 -71.6226
900 -33.0474 -71.6226
130 -33.0474 -71.6227
318 -33.0472 -71.6228
453 -33.0472 -71.6228
263 -33.0473 -71.6228
36 -33.0474 -71.6225
394 -33.0474 -71.6225
868 -33.0474 -71.6225
660 -33.0474 -71.6224
692 -33.0474 -71.6224
631 -33.0474 -71.6223
854 -33.0474 -71.6222
834 -33.0474 -71.6222
983 -33.0471 -71.6228
139 -33.0466 -71.6256
205 -33.0466 -71.6256
820 -33.0466 -71.6256
938 -33.0466 -71.6255
277 -33.0465 -71.6255
802 -33.0465 -71.6255
322 -33.0465 -71.6254
696 -33.0465 -71.6253
735 -33.0469 -71.6249
360 -33.0466 -71.6247
889 -33.0469 -71.6228
605 -33.0465 -71.6229
516 -33.0465 -71.6251
222 -33.0465 -71.6251
718 -33.0464 -71.6249
586 -33.0474 -71.6221
191 -33.0474 -71.622
374 -33.0481 -71.6211
780 -33.0483 -71.6209
0 -33.0473 -71.6209
612 -33.0473 -71.6217
884 -33.0473 -71.6217
195 -33.0473 -71.6211
337 -33.0483 -71.6206
701 -33.0483 -71.6205
457 -33.0481 -71.6203
783 -33.048 -71.6202
481 -33.048 -71.6202
614 -33.0475 -71.6203
727 -33.0475 -71.6203
828 -33.0476 -71.6203
688 -33.0472 -71.6215
462 -33.0472 -71.6215
31 -33.0466 -71.6205
850 -33.0466 -71.6204
572 -33.0465 -71.6206
519 -33.0463 -71.6211
904 -33.0464 -71.6208
13 -33.0465 -71.6206
515 -33.0464 -71.6203
538 -33.0466 -71.6202
830 -33.0471 -71.6202
496 -33.047 -71.6201
648 -33.0466 -71.6202
574 -33.0466 -71.6203
106 -33.0466 -71.6203
851 -33.0463 -71.6203
80 -33.0462 -71.6247
485 -33.0462 -71.6246
764 -33.046 -71.6244
509 -33.046 -71.6244
583 -33.046 -71.6244
911 -33.0459 -71.6244
939 -33.0458 -71.6242
9 -33.0458 -71.6242
484 -33.0459 -71.624
708 -33.0459 -71.6233
383 -33.0462 -71.6229
511 -33.0458 -71.6235
722 -33.0457 -71.6238
152 -33.0458 -71.6237
530 -33.0458 -71.6237
755 -33.0456 -71.624
88 -33.044 -71.6242
643 -33.0443 -71.624
55 -33.0456 -71.624
982 -33.0436 -71.6244
220 -33.0434 -71.6248
784 -33.0434 -71.6248
988 -33.0435 -71.6245
827 -33.0445 -71.6239
793 -33.0451 -71.6232
972 -33.0451 -71.6231
635 -33.0451 -71.6231
724 -33.0449 -71.6236
427 -33.0446 -71.6239
644 -33.0447 -71.6238
157 -33.0454 -71.6226
435 -33.0461 -71.6217
855 -33.0462 -71.6214
314 -33.0462 -71.6214
941 -33.046 -71.6218
170 -33.0458 -71.6221
573 -33.0459 -71.6219
862 -33.046 -71.6218
273 -33.0462 -71.6203
174 -33.0462 -71.6203
218 -33.046 -71.6202
541 -33.0458 -71.6201
778 -33.0458 -71.6201
84 -33.0457 -71.6202
436 -33.0458 -71.6201
712 -33.0458 -71.6201
113 -33.0457 -71.6222
933 -33.0455 -71.6225
348 -33.0455 -71.6224
81 -33.0455 -71.6224
48 -33.0455 -71.6226
553 -33.0454 -71.6226
794 -33.0454 -71.6226
610 -33.0448 -71.6224
968 -33.0447 -71.6224
639 -33.0456 -71.6223
10 -33.0456 -71.6205
333 -33.0451 -71.6203
155 -33.045 -71.6204
763 -33.0449 -71.6206
604 -33.045 -71.6204
430 -33.0479 -71.6201
329 -33.0481 -71.6192
495 -33.0481 -71.6191
787 -33.0483 -71.6189
565 -33.0479 -71.6194
363 -33.0479 -71.6201
431 -33.0479 -71.6196
518 -33.0479 -71.6195
258 -33.0483 -71.6188
767 -33.0484 -71.6185
992 -33.0484 -71.6185
164 -33.0484 -71.6184
812 -33.0484 -71.6186
721 -33.0483 -71.6188
864 -33.0483 -71.6188
180 -33.0483 -71.6187
665 -33.0478 -71.6196
654 -33.0478 -71.6198
278 -33.0477 -71.6198
548 -33.0478 -71.6197
27 -33.0477 -71.6198
240 -33.0477 -71.62
64 -33.0477 -71.6199
93 -33.0477 -71.6198
709 -33.0478 -71.6197
207 -33.0478 -71.6196
522 -33.0478 -71.6196
920 -33.0473 -71.6182
320 -33.0473 -71.6182
444 -33.0471 -71.6187
685 -33.0472 -71.6184
947 -33.0473 -71.6183
779 -33.0473 -71.6181
466 -33.0479 -71.6173
336 -33.0477 -71.6168
974 -33.0477 -71.6168
817 -33.0476 -71.6171
465 -33.0475 -71.6175
932 -33.0475 -71.6174
439 -33.0475 -71.6174
546 -33.0477 -71.6162
649 -33.0485 -71.614
998 -33.0485 -71.614
160 -33.0485 -71.6139
67 -33.0484 -71.6143
777 -33.048 -71.6158
801 -33.048 -71.6158
445 -33.0482 -71.6151
805 -33.0475 -71.6176
860 -33.0474 -71.618
651 -33.0474 -71.6179
117 -33.0474 -71.6162
342 -33.0473 -71.618
58 -33.0471 -71.6171
892 -33.0471 -71.6161
131 -33.0471 -71.6148
926 -33.0471 -71.6147
594 -33.0471 -71.6144
334 -33.0472 -71.6141
965 -33.0474 -71.6138
661 -33.0471 -71.6145
114 -33.0471 -71.6146
372 -33.0471 -71.6146
847 -33.047 -71.619
231 -33.0468 -71.6196
807 -33.0468 -71.6195
178 -33.0469 -71.6193
971 -33.0468 -71.6197
728 -33.0467 -71.62
418 -33.0468 -71.6197
504 -33.0468 -71.6194
153 -33.047 -71.6191
345 -33.047 -71.619
683 -33.047 -71.619
638 -33.047 -71.6171
894 -33.047 -71.6171
719 -33.0468 -71.6171
596 -33.0467 -71.6171
795 -33.0466 -71.6171
44 -33.0465 -71.6194
165 -33.0456 -71.62
50 -33.0455 -71.62
239 -33.0455 -71.62
949 -33.0453 -71.6199
853 -33.0452 -71.6199
416 -33.0452 -71.6199
140 -33.0452 -71.6199
304 -33.0464 -71.6193
364 -33.0457 -71.6191
756 -33.0461 -71.617
899 -33.0461 -71.6169
652 -33.0457 -71.6191
960 -33.0455 -71.6191
248 -33.0455 -71.6171
393 -33.0461 -71.6169
908 -33.047 -71.6161
545 -33.0469 -71.6161
599 -33.047 -71.6148
946 -33.0468 -71.6161
317 -33.0468 -71.6161
666 -33.0464 -71.616
96 -33.0461 -71.616
451 -33.047 -71.6148
729 -33.0469 -71.6148
655 -33.0469 -71.6147
835 -33.0467 -71.6147
201 -33.0465 -71.6147
942 -33.0465 -71.6147
392 -33.0464 -71.6147
338 -33.0464 -71.6147
766 -33.046 -71.6146
128 -33.0458 -71.6169
148 -33.0457 -71.616
385 -33.0456 -71.616
119 -33.0455 -71.6169
823 -33.0454 -71.6169
590 -33.0454 -71.6169
758 -33.0454 -71.6169
133 -33.0454 -71.616
526 -33.0459 -71.6146
588 -33.0455 -71.6145
312 -33.0452 -71.6145
241 -33.0452 -71.6145
75 -33.0449 -71.6159
634 -33.0449 -71.6159
2 -33.0518 -71.6136
994 -33.0523 -71.6135
276 -33.0519 -71.6135
120 -33.0519 -71.6133
390 -33.0519 -71.6133
811 -33.0519 -71.6132
675 -33.0519 -71.6132
556 -33.0519 -71.6132
782 -33.0519 -71.6132
19 -33.0521 -71.612
810 -33.0523 -71.6117
772 -33.0523 -71.6117
790 -33.0519 -71.612
326 -33.0518 -71.612
414 -33.0516 -71.612
420 -33.0516 -71.612
505 -33.0515 -71.6131
192 -33.0514 -71.6131
298 -33.0511 -71.613
874 -33.0511 -71.613
686 -33.051 -71.6131
238 -33.051 -71.6131
26 -33.0507 -71.6131
127 -33.0506 -71.6131
866 -33.0511 -71.6129
576 -33.0514 -71.612
521 -33.0514 -71.612
43 -33.0514 -71.6119
747 -33.0514 -71.6119
463 -33.0512 -71.6119
72 -33.0514 -71.6119
917 -33.0513 -71.6118
132 -33.0524 -71.6117
873 -33.053 -71.6116
970 -33.0533 -71.6115
98 -33.0534 -71.6114
83 -33.0529 -71.6116
592 -33.0525 -71.6117
922 -33.0526 -71.6116
523 -33.0515 -71.6114
354 -33.0528 -71.6105
579 -33.0525 -71.6101
368 -33.0524 -71.6099
467 -33.0522 -71.6096
619 -33.052 -71.6093
469 -33.0515 -71.6096
591 -33.0515 -71.6096
259 -33.052 -71.6092
636 -33.0514 -71.6097
569 -33.0511 -71.6114
305 -33.0508 -71.6113
225 -33.0509 -71.6102
46 -33.0506 -71.6102
962 -33.0506 -71.6113
857 -33.0506 -71.6102
35 -33.0505 -71.6102
773 -33.0505 -71.6102
400 -33.0512 -71.6099
513 -33.0513 -71.6098
307 -33.0513 -71.6098
52 -33.0512 -71.6099
402 -33.0512 -71.6099
274 -33.0508 -71.6092
422 -33.0505 -71.6102
51 -33.0503 -71.613
642 -33.0502 -71.613
958 -33.0501 -71.613
187 -33.0499 -71.613
669 -33.0497 -71.6128
856 -33.0497 -71.6127
704 -33.0498 -71.6125
671 -33.0498 -71.6124
626 -33.0499 -71.6116
923 -33.05 -71.6115
32 -33.05 -71.6115
137 -33.0499 -71.6118
316 -33.0499 -71.6119
158 -33.0499 -71.6118
733 -33.0498 -71.6113
349 -33.0497 -71.6129
321 -33.0496 -71.6133
480 -33.0496 -71.6133
882 -33.0497 -71.6131
762 -33.0496 -71.6133
319 -33.0496 -71.6134
229 -33.0496 -71.6134
199 -33.0496 -71.6133
284 -33.0497 -71.613
14 -33.0492 -71.6129
351 -33.0492 -71.6129
398 -33.0491 -71.6113
182 -33.049 -71.6117
97 -33.049 -71.6129
404 -33.049 -71.6117
173 -33.0497 -71.6113
470 -33.0501 -71.6107
825 -33.0501 -71.6105
378 -33.0501 -71.6104
622 -33.0501 -71.611
746 -33.05 -71.6111
110 -33.05 -71.6111
94 -33.05 -71.611
954 -33.0502 -71.6103
472 -33.0505 -71.6102
944 -33.0504 -71.6102
555 -33.0504 -71.6102
937 -33.0503 -71.6098
769 -33.0502 -71.6103
662 -33.0502 -71.6102
219 -33.0502 -71.6101
674 -33.0499 -71.61
840 -33.0497 -71.6112
846 -33.0495 -71.6112
571 -33.0494 -71.6112
214 -33.0494 -71.6112
145 -33.0493 -71.6112
167 -33.0493 -71.6112
29 -33.0492 -71.6112
981 -33.0492 -71.6112
261 -33.0495 -71.6097
843 -33.0496 -71.6095
984 -33.0496 -71.6094
15 -33.0491 -71.6112
603 -33.049 -71.6099
952 -33.0489 -71.6099
190 -33.0505 -71.6092
528 -33.053 -71.6083
300 -33.0527 -71.6082
748 -33.0526 -71.6082
474 -33.0525 -71.6082
925 -33.0521 -71.6087
291 -33.0524 -71.6081
677 -33.0524 -71.6081
808 -33.0523 -71.6081
175 -33.0522 -71.6079
491 -33.0522 -71.6076
280 -33.0522 -71.6075
281 -33.0521 -71.6081
331 -33.0521 -71.6081
63 -33.0521 -71.6076
886 -33.052 -71.6076
525 -33.052 -71.609
237 -33.0519 -71.6092
967 -33.0518 -71.6091
154 -33.0518 -71.6091
384 -33.0515 -71.6088
563 -33.0515 -71.6088
209 -33.0513 -71.6087
366 -33.0513 -71.6087
627 -33.0512 -71.6086
419 -33.0518 -71.6081
112 -33.052 -71.6076
876 -33.0518 -71.6076
196 -33.0514 -71.6083
751 -33.0512 -71.6086
672 -33.0513 -71.6084
927 -33.0514 -71.6078
159 -33.0522 -71.6073
606 -33.0521 -71.6072
679 -33.0521 -71.6072
768 -33.0523 -71.6071
903 -33.0521 -71.6071
311 -33.052 -71.6068
581 -33.052 -71.6068
303 -33.052 -71.6068
332 -33.0519 -71.6065
499 -33.0518 -71.6064
79 -33.0518 -71.6064
441 -33.0528 -71.6047
40 -33.0518 -71.6063
506 -33.0518 -71.6063
870 -33.0517 -71.6048
147 -33.0517 -71.6047
461 -33.0517 -71.6061
558 -33.0516 -71.6068
527 -33.0517 -71.6061
929 -33.0516 -71.606
411 -33.0516 -71.606
129 -33.0515 -71.6067
335 -33.0512 -71.6067
657 -33.0512 -71.6067
212 -33.0513 -71.6059
223 -33.0516 -71.6059
473 -33.0515 -71.6058
858 -33.0514 -71.6055
90 -33.0513 -71.6052
705 -33.0513 -71.6059
551 -33.0513 -71.6053
977 -33.0512 -71.6085
452 -33.051 -71.6086
454 -33.0511 -71.6085
362 -33.0511 -71.6085
61 -33.0507 -71.6085
535 -33.0505 -71.6087
613 -33.0505 -71.6087
12 -33.0506 -71.6085
912 -33.0503 -71.6085
934 -33.0511 -71.6074
512 -33.051 -71.6074
11 -33.051 -71.6074
510 -33.0509 -71.6074
797 -33.0509 -71.6074
296 -33.0508 -71.6074
848 -33.0508 -71.6074
740 -33.0502 -71.6092
282 -33.0502 -71.6092
676 -33.0501 -71.6084
424 -33.0501 -71.6084
888 -33.05 -71.6084
723 -33.0499 -71.6091
503 -33.0493 -71.6091
7 -33.0497 -71.6084
833 -33.0496 -71.6084
478 -33.0496 -71.6084
438 -33.0502 -71.6072
138 -33.0498 -71.6072
228 -33.0494 -71.607
49 -33.0492 -71.6083
715 -33.0491 -71.6083
753 -33.0494 -71.607
700 -33.0511 -71.6067
645 -33.0511 -71.6058
168 -33.0511 -71.6058
221 -33.0511 -71.6059
285 -33.051 -71.6067
477 -33.0508 -71.6067
918 -33.0506 -71.6057
878 -33.0505 -71.6057
980 -33.0509 -71.6051
924 -33.0509 -71.6051
489 -33.0508 -71.6051
156 -33.0506 -71.605
458 -33.0503 -71.6056
540 -33.0506 -71.605
73 -33.0504 -71.6049
557 -33.0503 -71.6048
664 -33.0502 -71.6056
593 -33.0501 -71.6055
78 -33.05 -71.6055
421 -33.05 -71.6055
62 -33.0492 -71.607
350 -33.0491 -71.607
227 -33.0499 -71.6054
381 -33.0498 -71.6054
532 -33.0498 -71.6054
706 -33.0498 -71.6045
169 -33.0492 -71.6035
620 -33.0492 -71.6035
502 -33.0489 -71.6049
752 -33.0489 -71.6047
741 -33.0489 -71.6112
197 -33.0487 -71.6129
405 -33.0487 -71.6129
105 -33.0487 -71.6129
907 -33.0487 -71.6129
745 -33.0486 -71.6134
252 -33.0486 -71.6134
577 -33.0486 -71.6133
916 -33.0485 -71.6129
387 -33.0483 -71.6129
23 -33.0483 -71.6129
446 -33.0482 -71.6128
272 -33.0481 -71.6128
310 -33.0479 -71.6128
403 -33.0479 -71.6128
423 -33.048 -71.6128
806 -33.0477 -71.6129
309 -33.0475 -71.6134
567 -33.0475 -71.6134
759 -33.0474 -71.6134
616 -33.0474 -71.6134
781 -33.0473 -71.6134
552 -33.0472 -71.6134
208 -33.0472 -71.6133
615 -33.047 -71.6133
386 -33.0477 -71.6129
143 -33.0477 -71.6129
245 -33.0477 -71.6128
691 -33.0477 -71.6128
202 -33.047 -71.6133
986 -33.0476 -71.6131
410 -33.0476 -71.6131
247 -33.0477 -71.6127
236 -33.0488 -71.6112
832 -33.0488 -71.6112
909 -33.0488 -71.6112
789 -33.0483 -71.6111
371 -33.048 -71.6121
997 -33.0482 -71.6114
294 -33.0483 -71.6111
736 -33.0483 -71.6111
468 -33.0488 -71.6099
126 -33.0488 -71.6098
22 -33.0487 -71.6098
681 -33.0486 -71.6098
357 -33.0481 -71.6111
575 -33.0486 -71.6098
757 -33.0485 -71.6098
813 -33.0479 -71.6123
359 -33.0473 -71.6127
171 -33.0472 -71.6127
776 -33.0478 -71.6126
151 -33.0471 -71.6127
102 -33.047 -71.6127
108 -33.047 -71.6126
711 -33.0469 -71.6126
611 -33.0473 -71.6123
230 -33.0479 -71.6111
347 -33.0477 -71.6111
670 -33.0476 -71.611
742 -33.0476 -71.611
905 -33.0472 -71.611
397 -33.0469 -71.6109
104 -33.0469 -71.6133
837 -33.0468 -71.6133
630 -33.0465 -71.6132
725 -33.0465 -71.6132
584 -33.0465 -71.6132
877 -33.0463 -71.6132
330 -33.0461 -71.6131
517 -33.046 -71.6131
200 -33.0469 -71.6126
70 -33.0465 -71.6125
490 -33.0465 -71.6125
37 -33.0464 -71.6125
135 -33.0463 -71.6125
87 -33.0463 -71.6125
45 -33.0461 -71.6124
265 -33.0461 -71.6124
744 -33.046 -71.6131
969 -33.0459 -71.6131
898 -33.0457 -71.613
739 -33.0457 -71.613
902 -33.0456 -71.613
915 -33.0455 -71.613
996 -33.0451 -71.6129
749 -33.0451 -71.6129
585 -33.0458 -71.6123
100 -33.0453 -71.6122
621 -33.0449 -71.6121
659 -33.0447 -71.612
985 -33.0443 -71.612
24 -33.0442 -71.6121
964 -33.0442 -71.612
186 -33.0447 -71.612
720 -33.0468 -71.6109
875 -33.0465 -71.6109
264 -33.0464 -71.6109
667 -33.0463 -71.6109
289 -33.0462 -71.6108
275 -33.0451 -71.6107
449 -33.045 -71.6107
663 -33.0447 -71.6104
193 -33.0462 -71.6098
121 -33.0452 -71.6098
650 -33.0452 -71.6098
28 -33.0449 -71.6098
344 -33.0447 -71.6102
47 -33.0448 -71.6098
995 -33.0448 -71.6098
928 -33.0447 -71.6105
494 -33.0447 -71.6108
3 -33.0447 -71.6107
459 -33.0447 -71.6106
814 -33.0447 -71.6108
798 -33.0446 -71.6111
486 -33.0446 -71.6109
702 -33.0446 -71.6106
824 -33.0447 -71.6105
33 -33.0446 -71.6104
288 -33.0446 -71.6104
39 -33.0447 -71.6099
249 -33.0446 -71.6105
865 -33.0446 -71.6103
4 -33.0445 -71.6102
653 -33.0483 -71.6098
990 -33.0483 -71.6098
183 -33.0486 -71.6091
211 -33.0483 -71.6091
885 -33.0482 -71.6098
861 -33.0479 -71.6098
324 -33.0481 -71.6091
785 -33.048 -71.6091
601 -33.0488 -71.6083
256 -33.0488 -71.6083
595 -33.0487 -71.6083
224 -33.0487 -71.6083
89 -33.0486 -71.6082
600 -33.048 -71.6082
204 -33.0479 -71.6082
343 -33.0479 -71.6082
328 -33.0479 -71.6082
243 -33.0478 -71.6098
845 -33.0478 -71.6098
821 -33.0478 -71.6091
16 -33.0478 -71.6098
172 -33.0477 -71.6098
395 -33.0472 -71.6098
406 -33.0473 -71.609
836 -33.0478 -71.6082
714 -33.0477 -71.6082
136 -33.0477 -71.6082
734 -33.0477 -71.6082
951 -33.0476 -71.6082
771 -33.0473 -71.6082
607 -33.0473 -71.6082
235 -33.0472 -71.6082
863 -33.048 -71.6077
690 -33.0485 -71.6066
181 -33.0488 -71.6047
966 -33.0488 -71.6047
471 -33.0481 -71.6066
56 -33.0479 -71.6067
460 -33.0479 -71.6067
369 -33.048 -71.6067
815 -33.0487 -71.6044
673 -33.0486 -71.6042
382 -33.0485 -71.6042
293 -33.0486 -71.6037
770 -33.0485 -71.6042
788 -33.0484 -71.604
99 -33.0484 -71.6038
244 -33.0482 -71.6032
957 -33.0477 -71.6067
325 -33.0474 -71.6068
365 -33.0477 -71.6067
624 -33.0477 -71.6067
498 -33.0474 -71.6075
233 -33.0474 -71.6072
437 -33.0474 -71.6071
185 -33.0474 -71.6068
91 -33.0473 -71.6063
287 -33.0473 -71.6062
564 -33.0473 -71.6042
122 -33.0473 -71.6039
358 -33.0472 -71.6042
536 -33.0471 -71.6052
65 -33.0472 -71.6043
68 -33.0471 -71.6082
8 -33.047 -71.6098
707 -33.0469 -71.609
417 -33.047 -71.6081
125 -33.0469 -71.6081
215 -33.0467 -71.6098
623 -33.0463 -71.609
306 -33.0469 -71.6081
71 -33.0469 -71.6081
738 -33.0469 -71.6081
82 -33.0469 -71.6081
544 -33.0463 -71.6081
562 -33.0462 -71.6081
625 -33.0461 -71.6081
149 -33.0459 -71.6071
895 -33.0459 -71.6071
308 -33.0458 -71.6071
867 -33.0458 -71.608
566 -33.0453 -71.608
270 -33.0451 -71.608
429 -33.0451 -71.608
695 -33.0442 -71.6097
353 -33.0442 -71.6096
54 -33.0442 -71.6093
914 -33.0448 -71.608
21 -33.0457 -71.6071
194 -33.0457 -71.6071
989 -33.0458 -71.6071
161 -33.0456 -71.6073
59 -33.0446 -71.6073
380 -33.0445 -71.6072
839 -33.0462 -71.607
993 -33.0468 -71.6069
658 -33.0469 -71.6069
534 -33.0469 -71.6069
203 -33.0466 -71.6069
339 -33.0463 -71.607
232 -33.0463 -71.607
975 -33.0465 -71.607
103 -33.0469 -71.6069
628 -33.0468 -71.6044
388 -33.0469 -71.6044
1 -33.047 -71.6043
913 -33.0467 -71.6045
826 -33.0464 -71.6046
492 -33.0465 -71.6042
30 -33.0467 -71.6041
791 -33.0463 -71.607
617 -33.0456 -71.6069
906 -33.0462 -71.6063
508 -33.0462 -71.6062
717 -33.0456 -71.6066
618 -33.0445 -71.607
162 -33.0438 -71.6065
568 -33.0455 -71.6061
188 -33.0455 -71.6061
896 -33.0462 -71.6046
514 -33.0459 -71.6044
800 -33.0462 -71.6043
346 -33.0454 -71.6056
533 -33.0429 -71.6059
559 -33.0452 -71.6051
