176 -33.0552 -71.6216
550 -33.0552 -71.6214
66 -33.0551 -71.6214
940 -33.0551 -71.6216
142 -33.0551 -71.6213
85 -33.0551 -71.6213
497 -33.0551 -71.6211
647 -33.0551 -71.6211
115 -33.0551 -71.6211
796 -33.0551 -71.6211
5 -33.0551 -71.6211
890 -33.0551 -71.621
226 -33.0551 -71.621
703 -33.0551 -71.621
38 -33.0551 -71.6209
313 -33.055 -71.6218
217 -33.0548 -71.622
479 -33.0549 -71.622
53 -33.0549 -71.6219
697 -33.0548 -71.6221
979 -33.0545 -71.6227
883 -33.0546 -71.6224
109 -33.0547 -71.6222
961 -33.055 -71.6219
315 -33.055 -71.6208
500 -33.055 -71.6207
327 -33.055 -71.6207
678 -33.0549 -71.6205
260 -33.0548 -71.6204
487 -33.0547 -71.6203
266 -33.0545 -71.6202
253 -33.0545 -71.6202
189 -33.0567 -71.6182
367 -33.0566 -71.6182
475 -33.0581 -71.6176
978 -33.0563 -71.6181
408 -33.0555 -71.6172
537 -33.0556 -71.6172
407 -33.0556 -71.6169
582 -33.0557 -71.6166
668 -33.0562 -71.616
57 -33.0562 -71.6159
686 -33.056 -71.6158
413 -33.0559 -71.6163
963 -33.0557 -71.6165
765 -33.0558 -71.6163
18 -33.0557 -71.6159
370 -33.0555 -71.6172
301 -33.0549 -71.6184
42 -33.0549 -71.6184
134 -33.055 -71.6179
542 -33.0548 -71.6184
930 -33.0545 -71.6202
69 -33.0546 -71.6184
361 -33.0548 -71.6184
549 -33.0555 -71.6179
255 -33.0554 -71.6174
822 -33.0555 -71.6159
450 -33.0554 -71.6158
376 -33.0553 -71.6178
816 -33.0551 -71.6179
881 -33.0552 -71.6178
829 -33.0544 -71.6229
710 -33.0543 -71.6238
92 -33.0543 -71.6238
598 -33.0543 -71.6232
987 -33.0543 -71.6237
629 -33.0537 -71.6245
409 -33.0542 -71.6244
25 -33.0543 -71.6235
589 -33.0543 -71.6231
786 -33.0544 -71.623
177 -33.0544 -71.6201
880 -33.054 -71.6198
179 -33.0536 -71.6196
210 -33.0535 -71.619
377 -33.0535 -71.6189
434 -33.0535 -71.6186
761 -33.0535 -71.6186
849 -33.0534 -71.6246
973 -33.0534 -71.6188
198 -33.0534 -71.6188
713 -33.0534 -71.6188
775 -33.0533 -71.6188
767 -33.0533 -71.6188
891 -33.0533 -71.6188
466 -33.0531 -71.6188
547 -33.0531 -71.6187
838 -33.0535 -71.6187
844 -33.0535 -71.6186
495 -33.0526 -71.6187
166 -33.0526 -71.6187
323 -33.0525 -71.6186
687 -33.0523 -71.6186
448 -33.0523 -71.6186
919 -33.0539 -71.6184
809 -33.054 -71.6184
760 -33.0541 -71.6184
456 -33.0537 -71.6184
341 -33.0535 -71.6185
355 -33.0537 -71.6185
803 -33.0537 -71.6184
216 -33.0541 -71.6184
373 -33.0543 -71.6184
698 -33.0544 -71.6184
754 -33.0544 -71.6184
455 -33.0542 -71.6184
587 -33.0542 -71.6184
271 -33.054 -71.6167
290 -33.0533 -71.6162
730 -33.0527 -71.6159
831 -33.0522 -71.6185
431 -33.0522 -71.6185
340 -33.0521 -71.6185
399 -33.0521 -71.6185
116 -33.052 -71.6185
262 -33.052 -71.6185
852 -33.0512 -71.6185
163 -33.0512 -71.6185
632 -33.0515 -71.6184
727 -33.0515 -71.6184
614 -33.0514 -71.6184
250 -33.0514 -71.6184
17 -33.0513 -71.6184
393 -33.0513 -71.6183
389 -33.0552 -71.6158
531 -33.0564 -71.615
560 -33.0564 -71.615
483 -33.0564 -71.615
501 -33.0563 -71.615
124 -33.0563 -71.6151
994 -33.0563 -71.6151
774 -33.0563 -71.6151
842 -33.0564 -71.615
118 -33.0577 -71.6149
976 -33.0576 -71.6149
945 -33.0575 -71.6149
482 -33.0574 -71.6149
561 -33.0567 -71.6148
991 -33.0573 -71.6147
297 -33.0568 -71.6147
646 -33.0561 -71.6158
818 -33.0561 -71.6157
286 -33.0561 -71.6157
127 -33.0557 -71.6156
743 -33.0551 -71.6158
476 -33.055 -71.6158
251 -33.0549 -71.6158
955 -33.0548 -71.6157
879 -33.056 -71.6156
60 -33.056 -71.6155
869 -33.056 -71.6154
464 -33.056 -71.6153
20 -33.056 -71.6154
608 -33.0559 -71.6153
950 -33.0559 -71.6153
640 -33.0559 -71.6153
948 -33.0573 -71.6147
872 -33.0574 -71.6145
19 -33.0576 -71.6129
790 -33.0574 -71.6128
326 -33.0572 -71.6128
420 -33.0571 -71.6127
414 -33.0571 -71.6127
521 -33.0569 -71.6126
576 -33.0569 -71.6126
43 -33.0569 -71.6126
747 -33.0569 -71.6126
354 -33.0569 -71.6126
917 -33.0565 -71.6124
579 -33.0565 -71.6124
368 -33.0564 -71.6124
523 -33.0561 -71.6123
298 -33.0558 -71.6123
619 -33.0556 -71.6131
467 -33.0558 -71.6131
305 -33.0553 -71.6124
154 -33.0552 -71.6131
962 -33.0549 -71.613
591 -33.0549 -71.6129
563 -33.0549 -71.6124
51 -33.0549 -71.6124
967 -33.0555 -71.6124
237 -33.0555 -71.6124
238 -33.0556 -71.6123
209 -33.0549 -71.6124
642 -33.0548 -71.6124
366 -33.0548 -71.6124
627 -33.0548 -71.6124
726 -33.0547 -71.6157
279 -33.0546 -71.6157
123 -33.0546 -71.6157
602 -33.0545 -71.6157
107 -33.0545 -71.6157
693 -33.0544 -71.6157
520 -33.0544 -71.6157
269 -33.0543 -71.6157
146 -33.054 -71.6156
442 -33.054 -71.6156
580 -33.0539 -71.6156
150 -33.0536 -71.6156
641 -33.0535 -71.6155
819 -33.0532 -71.6155
488 -33.0532 -71.6155
546 -33.0525 -71.6157
992 -33.0521 -71.6156
292 -33.0523 -71.6156
117 -33.0523 -71.6156
812 -33.0521 -71.6156
892 -33.052 -71.6156
721 -33.0519 -71.6156
864 -33.0519 -71.6156
908 -33.0518 -71.6156
545 -33.0518 -71.6156
787 -33.0517 -71.6156
254 -33.0523 -71.6156
946 -33.0516 -71.6156
860 -33.0512 -71.6156
565 -33.0512 -71.6156
762 -33.0546 -71.6149
958 -33.0547 -71.6124
751 -33.0547 -71.6124
307 -33.0547 -71.6124
636 -33.0547 -71.6128
175 -33.0544 -71.6125
52 -33.0546 -71.6124
402 -33.0546 -71.6124
452 -33.0544 -71.6123
733 -33.0544 -71.6123
35 -33.0543 -71.6122
679 -33.0543 -71.6122
773 -33.0543 -71.6122
173 -33.0543 -71.6123
61 -33.0542 -71.6123
927 -33.0543 -71.6122
12 -33.0541 -71.6123
105 -33.054 -71.6145
405 -33.054 -71.6145
907 -33.0539 -71.6145
446 -33.0535 -71.6142
403 -33.0533 -71.6141
423 -33.0533 -71.6141
145 -33.053 -71.6139
171 -33.0526 -71.6136
480 -33.0541 -71.6123
571 -33.054 -71.6122
214 -33.0539 -71.6122
611 -33.0524 -71.6135
711 -33.0524 -71.6135
585 -33.0514 -71.6131
111 -33.0511 -71.6187
101 -33.0505 -71.6217
144 -33.0511 -71.6186
597 -33.051 -71.6186
633 -33.05 -71.6203
447 -33.0499 -71.6202
34 -33.0496 -71.62
935 -33.0496 -71.6198
412 -33.0508 -71.6185
128 -33.0511 -71.6182
504 -33.0511 -71.6182
830 -33.0511 -71.6182
859 -33.0504 -71.6184
999 -33.0502 -71.6183
904 -33.05 -71.6178
364 -33.05 -71.6178
493 -33.0496 -71.6197
732 -33.0494 -71.6194
130 -33.0495 -71.6177
165 -33.0494 -71.6177
983 -33.0492 -71.6176
716 -33.049 -71.6181
694 -33.049 -71.618
799 -33.0488 -71.6178
10 -33.0491 -71.6176
949 -33.0491 -71.6176
573 -33.0488 -71.6173
206 -33.0488 -71.6172
889 -33.0488 -71.6173
333 -33.0487 -71.6175
170 -33.0488 -71.6175
440 -33.0488 -71.6174
416 -33.0488 -71.6172
191 -33.0494 -71.6164
13 -33.0495 -71.6163
572 -33.0495 -71.6163
273 -33.0494 -71.6164
692 -33.0491 -71.6165
652 -33.0494 -71.6165
174 -33.0494 -71.6165
854 -33.0491 -71.6162
574 -33.0496 -71.616
106 -33.0496 -71.616
304 -33.0498 -71.6158
688 -33.0496 -71.616
884 -33.0496 -71.6161
850 -33.0496 -71.6161
586 -33.0491 -71.6161
834 -33.0491 -71.6162
213 -33.049 -71.6167
897 -33.049 -71.6167
529 -33.049 -71.6166
263 -33.049 -71.6168
239 -33.0489 -71.6169
318 -33.0489 -71.6169
453 -33.049 -71.6168
712 -33.049 -71.6166
900 -33.0491 -71.6165
660 -33.0491 -71.6164
631 -33.0491 -71.6162
868 -33.0491 -71.6164
36 -33.0491 -71.6164
394 -33.0491 -71.6164
283 -33.0487 -71.6176
764 -33.0477 -71.6198
509 -33.0478 -71.6197
583 -33.0478 -71.6197
485 -33.0477 -71.6199
718 -33.0476 -71.6203
360 -33.0476 -71.6203
80 -33.0477 -71.6199
911 -33.0479 -71.6196
939 -33.048 -71.6194
755 -33.0481 -71.6192
55 -33.0481 -71.6192
9 -33.048 -71.6194
427 -33.0479 -71.6195
484 -33.0479 -71.6195
644 -33.048 -71.6194
516 -33.0475 -71.6206
277 -33.0474 -71.6209
322 -33.0474 -71.6209
802 -33.0474 -71.6209
139 -33.0473 -71.621
205 -33.0473 -71.621
938 -33.0473 -71.621
820 -33.0473 -71.621
735 -33.0474 -71.6208
696 -33.0474 -71.6207
222 -33.0475 -71.6206
988 -33.0472 -71.6202
982 -33.0469 -71.6194
220 -33.0468 -71.6198
784 -33.0468 -71.6198
152 -33.0482 -71.619
635 -33.0484 -71.6187
708 -33.0484 -71.6185
157 -33.0485 -71.6182
511 -33.0483 -71.6187
530 -33.0482 -71.619
722 -33.0482 -71.619
610 -33.0482 -71.6189
794 -33.0486 -71.6181
155 -33.0487 -71.6178
901 -33.0487 -71.6177
113 -33.0487 -71.6176
639 -33.0487 -71.6178
763 -33.0486 -71.6181
383 -33.0486 -71.618
605 -33.0487 -71.6178
853 -33.048 -71.6158
968 -33.0475 -71.6176
793 -33.0476 -71.6173
972 -33.0476 -71.6173
724 -33.0474 -71.6179
88 -33.047 -71.6189
643 -33.0472 -71.6185
827 -33.0473 -71.6183
553 -33.0478 -71.6167
81 -33.0478 -71.6164
604 -33.0478 -71.6164
140 -33.048 -71.6158
348 -33.0478 -71.6165
933 -33.0478 -71.6166
48 -33.0478 -71.6166
612 -33.0492 -71.6157
320 -33.0511 -71.6156
795 -33.0509 -71.6156
93 -33.0507 -71.6155
148 -33.0506 -71.6155
783 -33.0505 -71.6156
756 -33.0505 -71.6156
385 -33.0505 -71.6156
430 -33.0505 -71.6155
835 -33.0511 -71.6131
201 -33.051 -71.6131
942 -33.0509 -71.6131
739 -33.0509 -71.6131
392 -33.0509 -71.6131
336 -33.0508 -71.6131
100 -33.0508 -71.6131
496 -33.05 -71.6157
75 -33.05 -71.6157
195 -33.0499 -71.6157
76 -33.0496 -71.6136
278 -33.0496 -71.6136
654 -33.0496 -71.6137
74 -33.0496 -71.6137
27 -33.0496 -71.6136
548 -33.0496 -71.6135
86 -33.0496 -71.6133
518 -33.0496 -71.6132
804 -33.0497 -71.6132
665 -33.0496 -71.6135
207 -33.0496 -71.6135
709 -33.0496 -71.6135
522 -33.0496 -71.6135
902 -33.0508 -71.6131
744 -33.0511 -71.613
517 -33.0511 -71.613
655 -33.0511 -71.6128
915 -33.0507 -71.6131
621 -33.0504 -71.613
749 -33.0504 -71.613
996 -33.0503 -71.613
599 -33.0511 -71.6128
87 -33.0511 -71.6123
661 -33.0511 -71.6123
801 -33.0511 -71.6123
725 -33.0511 -71.6124
265 -33.0511 -71.6126
877 -33.0511 -71.6125
372 -33.0511 -71.6125
180 -33.0502 -71.613
805 -33.0502 -71.613
659 -33.0501 -71.613
186 -33.0501 -71.613
588 -33.05 -71.613
894 -33.0499 -71.6129
638 -33.0498 -71.6129
666 -33.0498 -71.6129
24 -33.0497 -71.6129
656 -33.0498 -71.6127
258 -33.0498 -71.6124
428 -33.0498 -71.6123
329 -33.0497 -71.6128
964 -33.0497 -71.6129
920 -33.0497 -71.6129
64 -33.0495 -71.6138
77 -33.0493 -71.6153
780 -33.0493 -71.6151
637 -33.0493 -71.615
374 -33.0493 -71.6154
302 -33.0492 -71.6155
432 -33.0492 -71.6155
462 -33.0493 -71.6154
0 -33.0494 -71.6148
956 -33.0494 -71.6143
457 -33.0494 -71.6143
401 -33.0495 -71.6142
234 -33.0494 -71.6146
337 -33.0494 -71.6147
701 -33.0494 -71.6146
680 -33.0494 -71.6146
515 -33.0484 -71.6144
314 -33.0482 -71.6152
855 -33.0482 -71.6152
84 -33.0482 -71.6152
50 -33.0481 -71.6155
941 -33.048 -71.6156
862 -33.0481 -71.6156
435 -33.0481 -71.6155
778 -33.0482 -71.6151
218 -33.0482 -71.6149
960 -33.0483 -71.6148
851 -33.0484 -71.6144
519 -33.0482 -71.6149
541 -33.0482 -71.6151
436 -33.0482 -71.6151
31 -33.0484 -71.6142
425 -33.0495 -71.614
363 -33.0495 -71.614
240 -33.0495 -71.6139
828 -33.0495 -71.6141
481 -33.0495 -71.6141
807 -33.0486 -71.6133
178 -33.0487 -71.613
494 -33.0493 -71.6129
683 -33.0489 -71.6129
133 -33.0489 -71.6129
444 -33.0488 -71.6125
345 -33.0488 -71.6129
153 -33.0487 -71.6129
847 -33.0488 -71.6126
899 -33.0488 -71.6126
231 -33.0486 -71.6133
248 -33.0486 -71.6135
590 -33.0486 -71.6135
758 -33.0486 -71.6134
44 -33.0485 -71.6137
648 -33.0484 -71.614
538 -33.0485 -71.6139
728 -33.0485 -71.6138
971 -33.0486 -71.6134
418 -33.0486 -71.6134
823 -33.0486 -71.6134
119 -33.0486 -71.6134
353 -33.0481 -71.6128
54 -33.0478 -71.6128
634 -33.0479 -71.6123
274 -33.0544 -71.6122
569 -33.0545 -71.6105
72 -33.0557 -71.6105
463 -33.0556 -71.6105
424 -33.0544 -71.6121
676 -33.0544 -71.612
303 -33.0543 -71.612
512 -33.0543 -71.6118
874 -33.0546 -71.6104
970 -33.0575 -71.6101
132 -33.0562 -71.6095
748 -33.0559 -71.6095
886 -33.0559 -71.6091
866 -33.0547 -71.6104
259 -33.0557 -71.6104
384 -33.0551 -71.6104
7 -33.0542 -71.6117
674 -33.0542 -71.6117
848 -33.0542 -71.6117
797 -33.0542 -71.6116
14 -33.0538 -71.6122
351 -33.0538 -71.6122
29 -33.0537 -71.6122
15 -33.0537 -71.6122
506 -33.0541 -71.6115
40 -33.054 -71.6115
910 -33.0538 -71.6111
26 -33.0541 -71.6105
49 -33.0538 -71.6112
578 -33.0537 -71.6113
242 -33.0537 -71.6109
190 -33.0537 -71.6105
606 -33.0559 -71.6091
876 -33.056 -71.609
954 -33.0546 -71.6085
378 -33.0545 -71.6085
458 -33.0545 -71.6085
715 -33.0545 -71.6085
753 -33.0545 -71.6085
825 -33.0544 -71.6085
664 -33.0544 -71.6085
878 -33.0546 -71.6085
662 -33.0547 -71.6085
723 -33.0547 -71.6085
489 -33.0546 -71.6085
470 -33.0544 -71.6085
984 -33.0544 -71.6085
769 -33.0546 -71.6085
156 -33.0543 -71.6085
540 -33.0543 -71.6085
73 -33.0543 -71.6085
62 -33.0543 -71.6085
350 -33.0542 -71.6085
503 -33.0542 -71.6085
843 -33.0542 -71.6085
261 -33.0541 -71.6085
622 -33.0541 -71.6085
557 -33.0541 -71.6085
381 -33.054 -71.6085
532 -33.054 -71.6085
110 -33.0539 -71.6085
94 -33.0539 -71.6085
746 -33.0539 -71.6085
2 -33.0537 -71.6108
295 -33.0535 -71.6122
97 -33.0536 -71.6113
212 -33.0536 -71.6111
603 -33.0535 -71.611
909 -33.0533 -71.6122
197 -33.0533 -71.6122
299 -33.0534 -71.6114
601 -33.0534 -71.611
224 -33.0534 -71.611
737 -33.0536 -71.6108
187 -33.0536 -71.6107
645 -33.0533 -71.611
89 -33.0533 -71.6109
551 -33.0532 -71.6109
681 -33.0532 -71.6109
916 -33.0532 -71.6121
252 -33.0529 -71.6121
577 -33.0529 -71.6121
789 -33.0529 -71.6121
387 -33.0529 -71.6121
23 -33.0529 -71.6121
272 -33.0527 -71.6121
310 -33.0525 -71.6121
415 -33.0527 -71.6116
575 -33.0532 -71.6109
22 -33.0531 -71.6109
228 -33.0529 -71.6108
268 -33.0529 -71.6116
745 -33.0528 -71.6116
600 -33.0529 -71.6106
885 -33.0528 -71.6106
276 -33.0535 -71.6106
120 -33.0535 -71.6104
390 -33.0535 -71.6104
556 -33.0535 -71.6104
782 -33.0535 -71.6104
675 -33.0534 -71.6103
811 -33.0534 -71.6103
32 -33.0535 -71.6085
923 -33.0535 -71.6085
706 -33.0535 -71.6085
626 -33.0535 -71.6085
840 -33.0535 -71.6085
183 -33.0535 -71.6085
952 -33.0534 -71.6085
158 -33.0534 -71.6085
316 -33.0533 -71.6084
204 -33.0528 -71.6105
343 -33.0527 -71.6105
211 -33.0527 -71.6105
863 -33.0527 -71.6104
861 -33.0527 -71.6104
324 -33.0526 -71.6103
593 -33.0526 -71.6102
734 -33.0526 -71.6102
505 -33.0533 -71.6098
137 -33.0533 -71.6084
690 -33.0533 -71.6084
192 -33.0533 -71.6098
821 -33.0525 -71.6101
421 -33.0525 -71.6101
846 -33.0533 -71.6084
474 -33.0578 -71.6082
300 -33.058 -71.6081
528 -33.0582 -71.6081
808 -33.0577 -71.6081
677 -33.0576 -71.6081
281 -33.0574 -71.6081
419 -33.0571 -71.608
63 -33.057 -71.608
925 -33.057 -71.608
159 -33.057 -71.608
280 -33.057 -71.608
903 -33.0567 -71.608
672 -33.0565 -71.608
581 -33.0565 -71.608
977 -33.0564 -71.608
362 -33.0563 -71.608
558 -33.0559 -71.6083
510 -33.0558 -71.6081
454 -33.0562 -71.608
873 -33.0553 -71.608
438 -33.0552 -71.6081
83 -33.0553 -71.608
225 -33.0553 -71.608
477 -33.0554 -71.608
332 -33.0562 -71.6079
499 -33.0561 -71.6079
79 -33.0561 -71.6079
934 -33.056 -71.6079
705 -33.0554 -71.6079
469 -33.056 -71.6079
11 -33.0559 -71.6079
912 -33.0555 -71.6079
525 -33.0566 -71.6072
112 -33.0568 -71.6071
491 -33.0571 -71.607
311 -33.0563 -71.6074
461 -33.0558 -71.6079
296 -33.0558 -71.6076
129 -33.0559 -71.6076
331 -33.0572 -71.607
291 -33.0576 -71.6069
147 -33.0572 -71.6047
441 -33.0582 -71.6044
870 -33.0571 -71.6047
768 -33.0569 -71.6046
90 -33.0564 -71.6044
924 -33.056 -71.6043
513 -33.0558 -71.6076
400 -33.0558 -71.6078
335 -33.0557 -71.6078
929 -33.0557 -71.6078
473 -33.0555 -71.6079
285 -33.0555 -71.6079
535 -33.0555 -71.6079
613 -33.0555 -71.6079
657 -33.0556 -71.6078
700 -33.0556 -71.6078
527 -33.0558 -71.6076
221 -33.0557 -71.6043
411 -33.0556 -71.6077
223 -33.0556 -71.6078
196 -33.0554 -71.6048
858 -33.0552 -71.6081
772 -33.0548 -71.6084
918 -33.0548 -71.6084
219 -33.0548 -71.6084
980 -33.0547 -71.6084
328 -33.0532 -71.6084
468 -33.0532 -71.6084
126 -33.0532 -71.6084
810 -33.0548 -71.6084
138 -33.0549 -71.6083
472 -33.0549 -71.6083
833 -33.055 -71.6083
555 -33.0549 -71.6083
944 -33.0549 -71.6083
592 -33.0549 -71.6083
478 -33.0549 -71.6083
836 -33.0531 -71.6084
714 -33.0531 -71.6084
167 -33.0531 -71.6084
136 -33.0531 -71.6084
951 -33.053 -71.6083
471 -33.053 -71.6083
502 -33.0529 -71.6083
981 -33.0529 -71.6083
757 -33.0529 -71.6083
785 -33.0529 -71.6083
398 -33.0529 -71.6083
671 -33.0528 -71.6083
966 -33.0528 -71.6083
752 -33.0528 -71.6083
460 -33.0528 -71.6083
422 -33.055 -71.6083
922 -33.0551 -71.6081
168 -33.0552 -71.6081
888 -33.0552 -71.6081
740 -33.0551 -71.6082
46 -33.055 -71.6082
282 -33.055 -71.6082
857 -33.055 -71.6082
595 -33.0532 -71.6065
98 -33.0545 -71.6061
620 -33.0538 -71.6048
78 -33.0547 -71.6045
937 -33.0538 -71.606
256 -33.0533 -71.6065
169 -33.0538 -71.6048
293 -33.053 -71.6047
99 -33.0528 -71.6047
704 -33.0527 -71.6082
369 -33.0527 -71.6082
56 -33.0527 -71.6082
653 -33.0527 -71.6082
741 -33.0527 -71.6082
990 -33.0527 -71.6082
236 -33.0526 -71.6082
182 -33.0526 -71.6082
815 -33.0526 -71.6082
404 -33.0526 -71.6082
832 -33.0526 -71.6082
856 -33.0525 -71.6082
365 -33.0525 -71.6081
624 -33.0524 -71.6081
669 -33.0524 -71.6081
160 -33.0524 -71.6121
998 -33.0524 -71.6121
649 -33.0524 -71.6121
347 -33.0523 -71.612
386 -33.0522 -71.612
986 -33.0521 -71.612
742 -33.0521 -71.612
309 -33.0519 -71.612
936 -33.0519 -71.6118
141 -33.052 -71.6118
143 -33.0523 -71.6117
943 -33.0518 -71.6118
151 -33.0517 -71.612
905 -33.0517 -71.612
931 -33.0518 -71.6118
759 -33.0517 -71.612
102 -33.0516 -71.612
108 -33.0515 -71.612
200 -33.0515 -71.612
208 -33.0515 -71.612
837 -33.0512 -71.6121
202 -33.0514 -71.6119
615 -33.0513 -71.6119
70 -33.0512 -71.6119
391 -33.0516 -71.6118
356 -33.0516 -71.6118
433 -33.0517 -71.6118
334 -33.0512 -71.6119
275 -33.0506 -71.6113
449 -33.0505 -71.6113
37 -33.0502 -71.6102
6 -33.0509 -71.6102
871 -33.0511 -71.61
359 -33.0511 -71.61
410 -33.0511 -71.61
667 -33.0511 -71.61
567 -33.051 -71.6101
184 -33.051 -71.6101
921 -33.051 -71.6101
264 -33.0511 -71.61
227 -33.0524 -71.6099
771 -33.0524 -71.6099
607 -33.0524 -71.6099
554 -33.0513 -71.6098
875 -33.0512 -71.6099
67 -33.0512 -71.6099
682 -33.0512 -71.6099
289 -33.0509 -71.6102
41 -33.0507 -71.6102
552 -33.0507 -71.6102
616 -33.0508 -71.6102
893 -33.0506 -71.6102
445 -33.0505 -71.6102
959 -33.0506 -71.6102
965 -33.0506 -71.6102
689 -33.0505 -71.6102
609 -33.0504 -71.6102
104 -33.0504 -71.6102
490 -33.0503 -71.6101
995 -33.0503 -71.6101
953 -33.0502 -71.6101
507 -33.0502 -71.6101
135 -33.0502 -71.6102
379 -33.0499 -71.6118
524 -33.05 -71.6115
898 -33.0499 -71.6113
750 -33.0499 -71.6119
539 -33.0499 -71.6121
164 -33.0499 -71.6121
974 -33.0498 -71.6113
338 -33.0498 -71.6113
246 -33.05 -71.6112
841 -33.05 -71.6112
969 -33.05 -71.6111
817 -33.0495 -71.6112
766 -33.0495 -71.6112
33 -33.0495 -71.6112
439 -33.0493 -71.6112
526 -33.0493 -71.6112
719 -33.049 -71.6118
342 -33.049 -71.6118
58 -33.0491 -71.6115
779 -33.049 -71.6118
685 -33.0489 -71.6122
947 -33.049 -71.612
596 -33.049 -71.612
651 -33.0491 -71.6115
465 -33.0492 -71.6113
932 -33.0492 -71.6112
317 -33.0492 -71.6112
312 -33.0486 -71.6112
241 -33.0486 -71.6112
96 -33.0485 -71.6112
95 -33.0501 -71.6109
396 -33.0501 -71.6106
114 -33.0501 -71.6106
584 -33.0501 -71.6105
543 -33.0501 -71.6106
131 -33.0501 -71.6107
352 -33.0501 -71.6107
926 -33.0501 -71.6106
699 -33.0501 -71.6105
777 -33.0501 -71.6104
570 -33.0502 -71.6103
594 -33.0502 -71.6102
45 -33.0501 -71.6104
426 -33.0501 -71.6104
443 -33.0501 -71.6104
630 -33.0501 -71.6104
792 -33.0501 -71.6108
451 -33.0501 -71.6109
684 -33.0501 -71.6108
330 -33.0501 -71.6108
814 -33.0495 -71.6099
702 -33.0494 -71.6099
486 -33.0494 -71.6099
249 -33.0493 -71.6099
798 -33.0492 -71.6099
288 -33.0492 -71.6099
865 -33.0491 -71.6099
729 -33.0495 -71.6098
4 -33.049 -71.6099
695 -33.0485 -71.6098
985 -33.0484 -71.6098
3 -33.0495 -71.6098
498 -33.0523 -71.6098
68 -33.0523 -71.6097
235 -33.0523 -71.6097
233 -33.0521 -71.6095
437 -33.0521 -71.6095
738 -33.0521 -71.6095
82 -33.0521 -71.6095
997 -33.0521 -71.6085
199 -33.0522 -71.6083
294 -33.0522 -71.6082
382 -33.0522 -71.6082
319 -33.0522 -71.6083
357 -33.0521 -71.6084
229 -33.0522 -71.6083
321 -33.0522 -71.6083
306 -33.0521 -71.6095
185 -33.052 -71.6093
707 -33.0519 -71.6092
371 -33.0519 -71.6091
257 -33.0519 -71.6092
731 -33.0516 -71.6095
813 -33.0518 -71.6093
562 -33.0516 -71.6089
670 -33.052 -71.6089
230 -33.052 -71.6088
181 -33.0521 -71.6087
375 -33.0521 -71.6086
91 -33.0516 -71.6089
625 -33.0516 -71.6089
534 -33.0516 -71.6089
8 -33.0516 -71.6082
736 -33.0522 -71.6082
417 -33.0524 -71.6081
349 -33.0524 -71.6081
125 -33.0523 -71.6081
71 -33.0522 -71.6081
845 -33.0522 -71.6081
16 -33.0522 -71.6081
172 -33.0522 -71.6081
673 -33.0523 -71.6081
770 -33.0523 -71.6081
284 -33.0523 -71.6081
325 -33.0523 -71.608
788 -33.0522 -71.6078
243 -33.0522 -71.6081
882 -33.0522 -71.6081
406 -33.0522 -71.6077
244 -33.0521 -71.6071
103 -33.052 -71.6076
287 -33.052 -71.6076
993 -33.052 -71.6076
564 -33.0519 -71.6065
395 -33.0517 -71.6081
544 -33.0518 -71.6081
975 -33.0517 -71.6075
358 -33.0518 -71.6064
65 -33.0518 -71.6064
122 -33.0518 -71.6063
957 -33.0519 -71.6047
1 -33.0517 -71.6049
388 -33.0517 -71.6061
628 -33.0516 -71.606
658 -33.0516 -71.6089
720 -33.0514 -71.6097
245 -33.0514 -71.6097
267 -33.0514 -71.6097
691 -33.0514 -71.6097
887 -33.0513 -71.6098
806 -33.0513 -71.6098
247 -33.0513 -71.6098
397 -33.0515 -71.6096
203 -33.0513 -71.6087
623 -33.0513 -71.6087
867 -33.0513 -71.6087
791 -33.0509 -71.6085
566 -33.0508 -71.6085
193 -33.0508 -71.6085
776 -33.0507 -71.6085
536 -33.0507 -71.6085
344 -33.0496 -71.6094
650 -33.0502 -71.6092
121 -33.0502 -71.6092
663 -33.0496 -71.6095
459 -33.0495 -71.6097
824 -33.0495 -71.6097
928 -33.0495 -71.6096
781 -33.0501 -71.6091
429 -33.0507 -71.6085
270 -33.0506 -71.6085
161 -33.0506 -71.6085
28 -33.05 -71.6091
47 -33.0499 -71.6091
39 -33.0497 -71.6091
906 -33.0505 -71.6085
232 -33.0515 -71.6075
339 -33.0515 -71.6075
839 -33.0513 -71.6075
215 -33.0512 -71.6084
895 -33.051 -71.6074
989 -33.0509 -71.6074
308 -33.0509 -71.6074
21 -33.0508 -71.6074
913 -33.0514 -71.6059
30 -33.0512 -71.6052
826 -33.0512 -71.6052
492 -33.0511 -71.6058
149 -33.051 -71.606
896 -33.0509 -71.6058
800 -33.0508 -71.6058
194 -33.0507 -71.6073
508 -33.0504 -71.6085
914 -33.0503 -71.6085
617 -33.0502 -71.6085
717 -33.05 -71.6084
188 -33.0496 -71.6084
380 -33.0496 -71.6084
59 -33.0496 -71.6084
568 -33.0495 -71.6084
618 -33.0493 -71.6083
346 -33.0491 -71.6083
514 -33.0503 -71.6056
559 -33.0486 -71.6083
162 -33.0484 -71.6082
533 -33.048 -71.6039
