549 -33.0585 -71.6167
978 -33.06 -71.6165
475 -33.062 -71.6158
301 -33.0584 -71.6173
754 -33.058 -71.6176
698 -33.0581 -71.6176
619 -33.0582 -71.6158
367 -33.0585 -71.6155
189 -33.0586 -71.6155
467 -33.0586 -71.6154
686 -33.0588 -71.6153
127 -33.0585 -71.6154
537 -33.058 -71.615
251 -33.058 -71.615
408 -33.0579 -71.615
962 -33.0579 -71.615
456 -33.0575 -71.618
271 -33.0577 -71.6179
809 -33.0578 -71.6178
803 -33.0574 -71.6181
198 -33.0571 -71.6184
290 -33.0571 -71.6184
838 -33.0572 -71.6183
760 -33.0578 -71.6178
455 -33.0579 -71.6177
370 -33.0579 -71.615
726 -33.0578 -71.615
154 -33.0578 -71.6157
907 -33.057 -71.6171
123 -33.0577 -71.6149
279 -33.0577 -71.6149
255 -33.0577 -71.6149
582 -33.0585 -71.6147
413 -33.0589 -71.6147
57 -33.0591 -71.6144
450 -33.0584 -71.6148
636 -33.0576 -71.6149
107 -33.0576 -71.6149
407 -33.0583 -71.6149
994 -33.0598 -71.6144
483 -33.0601 -71.6144
945 -33.0603 -71.6143
818 -33.0594 -71.6141
646 -33.0593 -71.6142
476 -33.0577 -71.6144
948 -33.0582 -71.6142
286 -33.0593 -71.6142
693 -33.0575 -71.6149
762 -33.0575 -71.6149
269 -33.0574 -71.6149
376 -33.0573 -71.6148
881 -33.0572 -71.6148
134 -33.0572 -71.6148
816 -33.0572 -71.6148
442 -33.0571 -71.6148
580 -33.0571 -71.6148
61 -33.0574 -71.6144
955 -33.0574 -71.6142
773 -33.0574 -71.6142
602 -33.0574 -71.6146
146 -33.057 -71.6148
520 -33.0573 -71.6147
767 -33.0569 -71.6183
466 -33.0567 -71.6182
446 -33.0568 -71.617
423 -33.0566 -71.6167
403 -33.0566 -71.6167
179 -33.0564 -71.6181
166 -33.0563 -71.6181
495 -33.0563 -71.6181
145 -33.0563 -71.6166
171 -33.0562 -71.6161
844 -33.0562 -71.616
761 -33.0562 -71.616
713 -33.0561 -71.6161
775 -33.0561 -71.6161
377 -33.0561 -71.6161
973 -33.0561 -71.6161
891 -33.056 -71.6162
448 -33.0559 -71.618
431 -33.0558 -71.618
262 -33.0557 -71.6179
908 -33.0555 -71.6178
930 -33.0554 -71.6179
946 -33.0554 -71.6177
399 -33.0555 -71.6173
340 -33.0555 -71.6173
323 -33.0556 -71.6169
547 -33.0559 -71.6163
210 -33.056 -71.6162
880 -33.0556 -71.6172
116 -33.0555 -71.6173
687 -33.0556 -71.6172
831 -33.0555 -71.6172
434 -33.0562 -71.616
373 -33.0562 -71.6151
819 -33.0564 -71.615
488 -33.0564 -71.615
341 -33.0562 -71.6159
254 -33.0562 -71.616
117 -33.0561 -71.616
546 -33.0562 -71.6158
69 -33.0565 -71.6149
150 -33.0567 -71.6148
405 -33.0567 -71.6147
105 -33.0568 -71.6147
542 -33.0566 -71.6148
641 -33.0566 -71.6149
361 -33.0566 -71.6149
42 -33.0566 -71.6149
292 -33.0561 -71.616
992 -33.0559 -71.6159
812 -33.0559 -71.6159
711 -33.056 -71.6159
892 -33.0558 -71.6159
721 -33.0557 -71.6159
864 -33.0557 -71.6159
545 -33.0556 -71.6159
787 -33.0555 -71.6159
355 -33.0561 -71.6156
730 -33.0561 -71.6156
587 -33.0561 -71.6152
611 -33.056 -71.6159
919 -33.056 -71.6154
216 -33.056 -71.6153
879 -33.0594 -71.6141
640 -33.0596 -71.6139
774 -33.0599 -71.6135
531 -33.0599 -71.6135
608 -33.0596 -71.6139
60 -33.0594 -71.614
869 -33.0595 -71.614
464 -33.0591 -71.6136
501 -33.0599 -71.6135
354 -33.0601 -71.6133
561 -33.0602 -71.6132
297 -33.0602 -71.6131
950 -33.0591 -71.6134
20 -33.0589 -71.613
52 -33.0588 -71.613
124 -33.0588 -71.6129
402 -33.0587 -71.613
175 -33.0582 -71.6138
521 -33.0583 -71.6134
668 -33.0582 -71.6133
765 -33.0581 -71.6136
822 -33.0579 -71.6139
963 -33.058 -71.6138
18 -33.0581 -71.6137
480 -33.0582 -71.613
12 -33.0582 -71.613
733 -33.0585 -71.613
452 -33.0586 -71.613
927 -33.0581 -71.613
679 -33.058 -71.613
214 -33.058 -71.613
351 -33.0579 -71.6129
958 -33.0588 -71.6129
579 -33.0605 -71.6128
917 -33.0606 -71.6127
976 -33.0608 -71.6125
523 -33.0602 -71.6128
967 -33.0596 -71.6128
238 -33.0597 -71.6128
414 -33.06 -71.6128
482 -33.0608 -71.6125
420 -33.0611 -71.6123
326 -33.0613 -71.6122
790 -33.0614 -71.6121
43 -33.061 -71.6123
747 -33.0609 -71.6124
576 -33.061 -71.6124
118 -33.061 -71.6124
991 -33.0595 -71.6125
51 -33.0589 -71.6129
642 -33.0589 -71.6129
209 -33.059 -71.6129
366 -33.0589 -71.6129
627 -33.0588 -71.6129
307 -33.0589 -71.6129
751 -33.0589 -71.6129
19 -33.0594 -71.6129
305 -33.0594 -71.6129
237 -33.0595 -71.6128
560 -33.0588 -71.6123
563 -33.0587 -71.6124
872 -33.0583 -71.6127
842 -33.0583 -71.6126
14 -33.0579 -71.6129
571 -33.0577 -71.6139
591 -33.0576 -71.6134
35 -33.0577 -71.6131
389 -33.0576 -71.6139
274 -33.0575 -71.614
743 -33.0576 -71.6139
424 -33.0574 -71.6137
29 -33.0578 -71.6129
15 -33.0578 -71.6129
676 -33.0576 -71.6129
303 -33.0576 -71.6129
295 -33.0576 -71.6129
173 -33.0576 -71.6129
197 -33.0575 -71.6129
909 -33.0574 -71.6128
674 -33.0573 -71.6128
512 -33.0572 -71.6136
7 -33.0571 -71.6135
797 -33.0571 -71.6135
506 -33.0569 -71.6134
40 -33.0569 -71.6134
49 -33.0566 -71.6132
600 -33.0555 -71.6131
885 -33.0555 -71.6131
212 -33.0563 -71.6131
848 -33.0573 -71.6128
916 -33.0572 -71.6128
551 -33.056 -71.6131
228 -33.0557 -71.6131
89 -33.056 -71.6131
789 -33.0571 -71.6127
387 -33.0571 -71.6127
23 -33.0571 -71.6127
577 -33.057 -71.6127
252 -33.057 -71.6127
272 -33.0568 -71.6126
310 -33.0566 -71.6125
160 -33.0566 -71.6125
998 -33.0566 -71.6125
649 -33.0565 -71.6125
601 -33.0564 -71.6124
347 -33.0564 -71.6124
603 -33.0564 -71.6124
224 -33.0564 -71.6124
386 -33.0563 -71.6124
986 -33.0563 -71.6124
742 -33.0563 -71.6124
645 -33.0563 -71.6124
575 -33.0561 -71.6123
309 -33.0561 -71.6123
200 -33.0555 -71.6123
615 -33.0554 -71.6124
863 -33.0555 -71.6124
202 -33.0555 -71.6124
208 -33.0556 -71.6123
22 -33.056 -71.6123
151 -33.056 -71.6123
759 -33.0559 -71.6123
102 -33.0558 -71.6123
108 -33.0557 -71.6123
905 -33.0558 -71.6123
204 -33.0554 -71.6131
849 -33.055 -71.6208
629 -33.0549 -71.6206
647 -33.0548 -71.6187
115 -33.0548 -71.6187
85 -33.0548 -71.6188
142 -33.0548 -71.6188
796 -33.0548 -71.6187
890 -33.0548 -71.6186
703 -33.0549 -71.6185
315 -33.0549 -71.6184
38 -33.0549 -71.6184
5 -33.0548 -71.6186
497 -33.0548 -71.6186
226 -33.0548 -71.6186
597 -33.0547 -71.6184
550 -33.0547 -71.6189
66 -33.0547 -71.6189
176 -33.0546 -71.6189
940 -33.0545 -71.6189
409 -33.0545 -71.6202
710 -33.054 -71.6198
92 -33.0539 -71.6198
313 -33.0544 -71.6189
53 -33.0542 -71.6189
961 -33.0542 -71.6189
859 -33.0541 -71.6184
412 -33.0545 -71.6184
479 -33.054 -71.6189
697 -33.054 -71.6189
217 -33.054 -71.6188
999 -33.0539 -71.6184
144 -33.0548 -71.6184
17 -33.055 -71.6179
260 -33.055 -71.6179
614 -33.0551 -71.6179
250 -33.055 -71.6179
163 -33.055 -71.6182
678 -33.055 -71.6181
393 -33.055 -71.618
632 -33.0551 -71.6179
266 -33.0553 -71.6177
253 -33.0553 -71.6177
177 -33.0553 -71.6176
487 -33.0551 -71.6178
727 -33.0551 -71.6178
565 -33.055 -71.6158
860 -33.055 -71.6158
128 -33.0549 -71.6182
327 -33.0549 -71.6182
852 -33.0549 -71.6182
500 -33.0549 -71.6182
320 -33.0549 -71.6158
111 -33.0549 -71.6184
504 -33.0549 -71.6183
830 -33.0549 -71.6183
795 -33.0547 -71.6157
93 -33.0546 -71.6157
148 -33.0544 -71.6157
430 -33.0544 -71.6157
756 -33.0543 -71.6157
385 -33.0543 -71.6157
783 -33.0542 -71.6157
987 -33.0539 -71.6198
25 -33.0538 -71.6197
598 -33.0535 -71.6196
109 -33.0538 -71.6188
979 -33.0535 -71.6191
589 -33.0535 -71.6194
786 -33.0535 -71.6193
829 -33.0535 -71.6192
883 -33.0536 -71.6188
130 -33.0535 -71.6186
364 -33.0538 -71.6184
904 -33.0538 -71.6184
165 -33.0534 -71.6187
983 -33.0531 -71.6188
10 -33.0531 -71.6188
949 -33.0531 -71.6187
708 -33.052 -71.6185
511 -33.0517 -71.6184
427 -33.0509 -71.6182
509 -33.0508 -71.6181
516 -33.0501 -71.6178
101 -33.0489 -71.6179
988 -33.0493 -71.6165
205 -33.0491 -71.6165
277 -33.0491 -71.6165
820 -33.0491 -71.6165
938 -33.0491 -71.6165
735 -33.0491 -71.6162
322 -33.0491 -71.6164
139 -33.0491 -71.6164
802 -33.0491 -71.6164
696 -33.0491 -71.6162
273 -33.0528 -71.6159
174 -33.0528 -71.6159
191 -33.0529 -71.6158
652 -33.0528 -71.6159
692 -33.0526 -71.6158
900 -33.0526 -71.6158
712 -33.0525 -71.6157
529 -33.0525 -71.6157
13 -33.0529 -71.6157
572 -33.0529 -71.6157
453 -33.0523 -71.6156
263 -33.0523 -71.6156
239 -33.0522 -71.6157
416 -33.0519 -71.6156
573 -33.0519 -71.6156
889 -33.0518 -71.6156
644 -33.0501 -71.6157
911 -33.0499 -71.6157
360 -33.0492 -71.6157
718 -33.0492 -71.6158
222 -33.0491 -71.6161
633 -33.0492 -71.616
447 -33.0492 -71.6159
764 -33.0498 -71.6157
170 -33.0517 -71.6156
333 -33.0516 -71.6156
113 -33.0516 -71.6156
639 -33.0515 -71.6156
610 -33.0505 -71.6156
155 -33.0514 -71.6156
605 -33.0514 -71.6156
211 -33.0553 -71.6131
343 -33.0553 -71.6131
324 -33.0553 -71.6124
585 -33.0551 -71.6153
835 -33.055 -71.6152
593 -33.0551 -71.6131
734 -33.055 -71.613
334 -33.0553 -71.6124
70 -33.0553 -71.6124
837 -33.0551 -71.6124
801 -33.0551 -71.6124
607 -33.055 -71.6124
227 -33.055 -71.6124
87 -33.055 -71.6124
661 -33.055 -71.6124
421 -33.0549 -71.613
75 -33.0536 -71.6155
496 -33.0535 -71.6155
739 -33.0547 -71.615
195 -33.0534 -71.6155
304 -33.0534 -71.6155
106 -33.0531 -71.6155
574 -33.0531 -71.6155
100 -33.0546 -71.615
749 -33.0542 -71.6147
68 -33.0546 -71.6127
185 -33.0543 -71.6124
659 -33.054 -71.6145
24 -33.0537 -71.6143
964 -33.0536 -71.6143
494 -33.0532 -71.614
498 -33.0549 -71.6124
725 -33.0549 -71.6124
877 -33.0549 -71.6124
771 -33.0549 -71.6124
235 -33.0548 -71.6124
265 -33.0548 -71.6124
437 -33.0546 -71.6124
599 -33.0546 -71.6124
655 -33.0546 -71.6124
738 -33.0545 -71.6124
233 -33.0545 -71.6124
82 -33.0545 -71.6124
306 -33.0545 -71.6123
91 -33.0544 -71.6122
658 -33.0544 -71.6122
534 -33.0545 -71.6122
562 -33.0544 -71.6122
707 -33.0542 -71.6123
181 -33.0543 -71.6122
625 -33.0544 -71.6122
942 -33.0542 -71.6123
201 -33.0541 -71.6123
392 -33.0541 -71.6123
902 -33.054 -71.6122
275 -33.0538 -71.6122
449 -33.0537 -71.6122
996 -33.0536 -71.6122
203 -33.0543 -71.612
805 -33.0534 -71.6122
186 -33.0533 -71.6122
588 -33.0532 -71.6121
638 -33.0531 -71.6121
884 -33.053 -71.6155
850 -33.0531 -71.6155
688 -33.053 -71.6155
763 -33.0512 -71.6156
794 -33.0511 -71.6156
157 -33.051 -71.6156
635 -33.0506 -71.6155
939 -33.0494 -71.6147
530 -33.0495 -71.6142
353 -33.0522 -71.6134
716 -33.0496 -71.6133
152 -33.0495 -71.6142
755 -33.0494 -71.6145
55 -33.0494 -71.6145
722 -33.0495 -71.6143
9 -33.0494 -71.6148
485 -33.0493 -71.6153
935 -33.0493 -71.6153
493 -33.0493 -71.6152
80 -33.0493 -71.6154
34 -33.0492 -71.6155
220 -33.0482 -71.6151
784 -33.0482 -71.6151
583 -33.0493 -71.6151
484 -33.0493 -71.6149
732 -33.0494 -71.6149
827 -33.0486 -71.6135
643 -33.0485 -71.6138
982 -33.0483 -71.6148
88 -33.0484 -71.6142
694 -33.0496 -71.6133
54 -33.0519 -71.6132
834 -33.0511 -71.6131
394 -33.0509 -71.6131
660 -33.0509 -71.6131
855 -33.0509 -71.6131
314 -33.0508 -71.6131
862 -33.0505 -71.613
604 -33.0499 -71.6129
666 -33.053 -71.6121
33 -33.0526 -71.6121
683 -33.0522 -71.612
758 -33.0515 -71.612
851 -33.0511 -71.6125
31 -33.0511 -71.6122
77 -33.0511 -71.6122
318 -33.0499 -71.612
901 -33.0497 -71.6129
348 -33.0498 -71.6129
81 -33.0498 -71.6129
799 -33.0497 -71.6131
383 -33.0497 -71.6132
724 -33.0487 -71.6132
553 -33.0496 -71.6129
972 -33.049 -71.6129
283 -33.0497 -71.6128
440 -33.0498 -71.6125
206 -33.0498 -71.6123
793 -33.049 -71.6129
968 -33.0488 -71.6127
48 -33.049 -71.612
44 -33.0513 -71.6119
368 -33.0595 -71.6118
463 -33.0595 -71.6104
72 -33.0596 -71.6104
748 -33.0589 -71.6112
298 -33.0589 -71.6117
259 -33.0588 -71.6112
657 -33.0586 -71.61
970 -33.0608 -71.6096
474 -33.061 -71.6094
677 -33.061 -71.6092
63 -33.0608 -71.6088
419 -33.0607 -71.6088
362 -33.0589 -71.6095
132 -33.06 -71.6088
903 -33.0605 -71.6084
866 -33.0585 -71.6104
886 -33.0582 -71.6113
569 -33.0581 -71.6107
26 -33.0581 -71.6105
558 -33.0581 -71.6104
606 -33.0581 -71.6113
876 -33.058 -71.6112
510 -33.0579 -71.6104
384 -33.0577 -71.6102
454 -33.0582 -71.609
138 -33.0583 -71.6089
73 -33.0583 -71.6084
190 -33.0577 -71.6102
187 -33.0574 -71.61
874 -33.0576 -71.6088
535 -33.0575 -71.6088
672 -33.0604 -71.6084
581 -33.0604 -71.6083
332 -33.0601 -71.6082
499 -33.0601 -71.6081
79 -33.0601 -71.6081
934 -33.0601 -71.6081
469 -33.06 -71.608
11 -33.0599 -71.608
470 -33.0584 -71.608
528 -33.059 -71.6079
461 -33.0598 -71.6079
489 -33.0586 -71.6079
715 -33.0585 -71.608
378 -33.0584 -71.608
458 -33.0584 -71.608
753 -33.0584 -71.608
664 -33.0584 -71.608
532 -33.0579 -71.6082
381 -33.0579 -71.6082
557 -33.0581 -71.6081
94 -33.0579 -71.6082
746 -33.0578 -71.6082
626 -33.0575 -71.6081
923 -33.0575 -71.6081
183 -33.0574 -71.6081
350 -33.0582 -71.6081
62 -33.0582 -71.608
156 -33.0583 -71.608
110 -33.0579 -71.608
952 -33.0574 -71.6081
137 -33.0573 -71.6081
690 -33.0573 -71.6081
97 -33.0566 -71.61
540 -33.0563 -71.6095
2 -33.057 -71.6095
681 -33.0561 -71.6102
415 -33.0557 -71.6104
815 -33.0561 -71.6088
673 -33.056 -71.6085
770 -33.056 -71.6085
846 -33.0573 -71.608
328 -33.0572 -71.608
468 -33.0572 -71.608
126 -33.0572 -71.608
836 -33.0571 -71.608
714 -33.0571 -71.608
167 -33.0571 -71.608
706 -33.0556 -71.6094
861 -33.0555 -71.6104
268 -33.0554 -71.6095
745 -33.0554 -71.6094
821 -33.0553 -71.6104
143 -33.0553 -71.6104
141 -33.055 -71.6104
839 -33.055 -71.6082
910 -33.0551 -71.6082
232 -33.0552 -71.6081
257 -33.0552 -71.6081
242 -33.0553 -71.608
339 -33.0552 -71.6081
813 -33.0552 -71.6081
215 -33.0552 -71.6081
757 -33.0569 -71.608
471 -33.0569 -71.608
502 -33.0569 -71.608
981 -33.0569 -71.608
398 -33.0569 -71.608
966 -33.0568 -71.608
671 -33.0568 -71.608
785 -33.0568 -71.608
752 -33.0568 -71.608
369 -33.0567 -71.608
56 -33.0567 -71.608
704 -33.0567 -71.608
653 -33.0567 -71.608
741 -33.0567 -71.608
236 -33.0567 -71.608
856 -33.0565 -71.608
182 -33.0565 -71.608
832 -33.0565 -71.608
365 -33.0564 -71.608
624 -33.0564 -71.608
192 -33.0562 -71.608
371 -33.0553 -71.608
975 -33.0553 -71.608
71 -33.0562 -71.608
243 -33.0562 -71.608
882 -33.0562 -71.608
736 -33.0561 -71.6079
325 -33.0561 -71.6079
199 -33.0561 -71.6079
737 -33.0554 -71.6079
321 -33.056 -71.6079
229 -33.0561 -71.6079
400 -33.0598 -71.6079
335 -33.0597 -71.6079
977 -33.0605 -71.6077
700 -33.0597 -71.6078
473 -33.0596 -71.6078
285 -33.0595 -71.6077
705 -33.0594 -71.6077
740 -33.0591 -71.6077
912 -33.0593 -71.6071
159 -33.0607 -71.6071
925 -33.0606 -71.6071
225 -33.0593 -71.6076
438 -33.0592 -71.6076
858 -33.0592 -71.6076
888 -33.0592 -71.6076
280 -33.0591 -71.6075
219 -33.0587 -71.6079
918 -33.0587 -71.6079
810 -33.0588 -71.6078
772 -33.0587 -71.6079
723 -33.0587 -71.6079
878 -33.0587 -71.6079
662 -33.0587 -71.6079
929 -33.0589 -71.6078
46 -33.059 -71.6077
422 -33.059 -71.6077
282 -33.059 -71.6077
833 -33.059 -71.6077
592 -33.0589 -71.6078
944 -33.0589 -71.6078
478 -33.0589 -71.6078
555 -33.0585 -71.607
300 -33.0606 -71.6068
808 -33.0612 -71.6068
491 -33.061 -71.6055
281 -33.0602 -71.607
296 -33.0599 -71.6063
129 -33.0599 -71.6063
311 -33.06 -71.6062
112 -33.0607 -71.6054
441 -33.062 -71.6053
291 -33.0612 -71.6049
147 -33.0611 -71.6047
870 -33.061 -71.6047
331 -33.061 -71.6052
90 -33.0602 -71.6046
924 -33.0598 -71.6045
411 -33.0596 -71.6063
922 -33.059 -71.6065
83 -33.0592 -71.6064
873 -33.0593 -71.6064
857 -33.0589 -71.6065
168 -33.0584 -71.6067
954 -33.0585 -71.6067
769 -33.0585 -71.6066
527 -33.0592 -71.6063
513 -33.0591 -71.6063
525 -33.059 -71.6063
221 -33.0591 -71.6054
78 -33.0588 -71.6041
223 -33.0585 -71.6062
196 -33.0587 -71.6051
825 -33.0583 -71.6067
294 -33.056 -71.6079
788 -33.056 -71.6079
319 -33.056 -71.6076
357 -33.0559 -71.6076
997 -33.0558 -71.6079
811 -33.0558 -71.6079
556 -33.0558 -71.6078
172 -33.056 -71.6075
125 -33.0562 -71.6074
349 -33.0563 -71.6074
417 -33.0563 -71.6074
284 -33.0562 -71.6074
16 -33.0561 -71.6075
505 -33.0561 -71.6075
845 -33.0561 -71.6075
675 -33.0558 -71.6078
375 -33.0557 -71.6078
395 -33.0557 -71.6078
276 -33.0556 -71.6078
230 -33.0555 -71.6078
8 -33.0555 -71.6079
244 -33.0555 -71.6079
670 -33.0555 -71.6079
287 -33.0556 -71.6078
544 -33.0556 -71.6077
390 -33.0556 -71.6077
782 -33.0556 -71.6077
120 -33.0556 -71.6077
993 -33.0556 -71.6078
103 -33.0556 -71.6078
669 -33.0563 -71.6074
980 -33.0582 -71.6072
261 -33.0579 -71.6068
622 -33.0579 -71.6068
503 -33.0577 -71.6071
613 -33.0577 -71.6073
32 -33.0573 -71.6069
840 -33.0573 -71.6069
843 -33.058 -71.6067
984 -33.058 -71.6061
477 -33.058 -71.6059
169 -33.0578 -71.6045
620 -33.0578 -71.6046
472 -33.0575 -71.6061
768 -33.0576 -71.6049
937 -33.0575 -71.6048
158 -33.0572 -71.6069
951 -33.0569 -71.6071
136 -33.0569 -71.6071
316 -33.0567 -71.6066
460 -33.0566 -71.6071
404 -33.0564 -71.6073
990 -33.0565 -71.6073
406 -33.0551 -71.6049
293 -33.057 -71.6047
99 -33.0569 -71.6046
256 -33.0568 -71.6046
98 -33.0567 -71.6045
595 -33.0566 -71.6045
957 -33.0561 -71.6043
1 -33.0557 -71.6043
30 -33.055 -71.6045
623 -33.0543 -71.6119
867 -33.0543 -71.6118
382 -33.0543 -71.6118
791 -33.0541 -71.6115
566 -33.054 -71.6114
429 -33.0539 -71.6113
536 -33.0539 -71.6113
161 -33.0539 -71.6112
915 -33.0539 -71.6112
270 -33.0539 -71.6112
336 -33.0538 -71.6111
906 -33.0537 -71.6112
508 -33.0537 -71.6112
617 -33.0536 -71.6111
517 -33.0537 -71.6108
621 -33.0536 -71.6113
74 -33.0523 -71.6117
27 -33.0524 -71.6117
278 -33.0524 -71.6117
133 -33.0521 -71.6117
337 -33.0514 -71.6119
401 -33.0519 -71.6118
345 -33.0521 -71.6118
920 -33.0529 -71.6116
180 -33.0534 -71.6114
914 -33.0536 -71.6111
995 -33.0535 -71.6111
717 -33.0533 -71.611
894 -33.0531 -71.6115
188 -33.053 -71.6108
59 -33.0529 -71.6108
744 -33.0536 -71.6108
391 -33.0546 -71.6105
433 -33.0547 -71.6104
931 -33.0548 -71.6104
372 -33.0537 -71.6105
568 -33.0529 -71.6107
380 -33.0529 -71.6107
618 -33.0528 -71.6106
346 -33.0527 -71.6103
356 -33.0531 -71.6093
943 -33.0531 -71.6091
936 -33.0532 -71.609
559 -33.0524 -71.6099
58 -33.052 -71.609
651 -33.052 -71.609
428 -33.052 -71.609
656 -33.0519 -71.6092
804 -33.0516 -71.6095
947 -33.0517 -71.6094
596 -33.0517 -71.6094
685 -33.0516 -71.6095
548 -33.0514 -71.6097
86 -33.0515 -71.6096
518 -33.0516 -71.6095
96 -33.0517 -71.6094
329 -33.0518 -71.6093
312 -33.0518 -71.6093
342 -33.0519 -71.6093
719 -33.0518 -71.6093
241 -33.0518 -71.6094
779 -33.0518 -71.6093
522 -33.0514 -71.6097
780 -33.0512 -71.6119
960 -33.05 -71.611
612 -33.0501 -71.6109
218 -33.05 -71.6111
854 -33.05 -71.6113
586 -33.05 -71.6112
519 -33.05 -71.6111
432 -33.0501 -71.6106
648 -33.0502 -71.6102
538 -33.0502 -71.6102
807 -33.0508 -71.6102
462 -33.0501 -71.6105
302 -33.0501 -71.6106
515 -33.0501 -71.6106
374 -33.0501 -71.6106
631 -33.05 -71.6114
868 -33.0499 -71.6116
36 -33.05 -71.6115
436 -33.0499 -71.6113
778 -33.0499 -71.6113
213 -33.0499 -71.6119
897 -33.0499 -71.6119
933 -33.049 -71.6118
541 -33.0499 -71.6113
84 -33.0499 -71.6113
50 -33.0497 -71.6112
941 -33.0495 -71.6112
140 -33.0493 -71.6112
853 -33.0493 -71.6112
435 -33.0493 -71.6107
956 -33.0508 -71.6102
153 -33.051 -71.61
363 -33.0511 -71.61
240 -33.0511 -71.61
178 -33.051 -71.61
481 -33.051 -71.6101
828 -33.051 -71.6101
425 -33.051 -71.6101
64 -33.0511 -71.61
444 -33.0513 -71.6098
665 -33.0514 -71.6097
709 -33.0514 -71.6097
76 -33.0513 -71.6098
654 -33.0512 -71.6099
847 -33.0512 -71.6099
207 -33.0513 -71.6098
457 -33.0508 -71.6102
119 -33.0507 -71.6102
634 -33.0507 -71.6102
231 -33.0507 -71.6102
823 -33.0506 -71.6102
418 -33.0506 -71.6102
234 -33.0506 -71.6102
701 -33.0506 -71.6102
680 -33.0506 -71.6102
590 -33.0506 -71.6102
0 -33.0503 -71.6102
728 -33.0503 -71.6101
637 -33.0503 -71.6102
248 -33.0501 -71.6091
971 -33.0501 -71.6091
258 -33.052 -71.6089
21 -33.0546 -71.6085
194 -33.0545 -71.6085
554 -33.0545 -71.6085
682 -33.0545 -71.6085
299 -33.0545 -71.6085
628 -33.0544 -71.6085
67 -33.0544 -71.6085
875 -33.0544 -71.6085
264 -33.0544 -71.6085
410 -33.0544 -71.6085
887 -33.0546 -71.6085
871 -33.0543 -71.6085
913 -33.0543 -71.6085
359 -33.0543 -71.6085
667 -33.0542 -71.6085
921 -33.0542 -71.6085
689 -33.0537 -71.6085
445 -33.0537 -71.6085
6 -33.0541 -71.6085
800 -33.0536 -71.6085
104 -33.0536 -71.6085
609 -33.0536 -71.6085
490 -33.0536 -71.6085
289 -33.0541 -71.6085
184 -33.0541 -71.6085
567 -33.0541 -71.6085
616 -33.0539 -71.6085
492 -33.0539 -71.6085
552 -33.0539 -71.6085
893 -33.0539 -71.6085
650 -33.0537 -71.6085
959 -33.0538 -71.6085
895 -33.0547 -71.6084
122 -33.0547 -71.6084
397 -33.0547 -71.6084
245 -33.0547 -71.6084
806 -33.0547 -71.6084
720 -33.0547 -71.6084
193 -33.0547 -71.6084
989 -33.0548 -71.6084
358 -33.0549 -71.6083
564 -33.0549 -71.6083
826 -33.0549 -71.6045
731 -33.0549 -71.6083
267 -33.0548 -71.6084
578 -33.0548 -71.6084
65 -33.0548 -71.6084
691 -33.0547 -71.6085
41 -33.0539 -71.6085
388 -33.0546 -71.6085
247 -33.0546 -71.6085
896 -33.0538 -71.6085
965 -33.0537 -71.6085
28 -33.0535 -71.6085
47 -33.0534 -71.6085
135 -33.0534 -71.6085
308 -33.0547 -71.6085
776 -33.0538 -71.6061
149 -33.0542 -71.6047
953 -33.0534 -71.6085
37 -33.0533 -71.6085
594 -33.0533 -71.6084
39 -33.0533 -71.6084
777 -33.0532 -71.6084
570 -33.0532 -71.6084
630 -33.0532 -71.6084
45 -33.0532 -71.6084
426 -33.0532 -71.6084
514 -33.0532 -71.6084
443 -33.0531 -71.6084
699 -33.0531 -71.6084
926 -33.0531 -71.6084
584 -33.0531 -71.6084
114 -33.0531 -71.6084
543 -33.053 -71.6084
344 -33.053 -71.6083
396 -33.053 -71.6083
352 -33.0529 -71.6083
131 -33.0529 -71.6083
526 -33.0521 -71.6087
439 -33.0521 -71.6086
164 -33.0521 -71.6086
317 -33.0521 -71.6088
465 -33.052 -71.6088
932 -33.0521 -71.6088
899 -33.0505 -71.6087
539 -33.0521 -71.6086
379 -33.0522 -71.6084
684 -33.0529 -71.6083
663 -33.0528 -71.6083
766 -33.0522 -71.6084
750 -33.0521 -71.6085
817 -33.0521 -71.6085
928 -33.0528 -71.6083
330 -33.0528 -71.6083
95 -33.0528 -71.6083
451 -33.0527 -71.6082
824 -33.0527 -71.6082
459 -33.0527 -71.6082
969 -33.0526 -71.6082
3 -33.0526 -71.6082
814 -33.0526 -71.6082
841 -33.0526 -71.6082
781 -33.0529 -71.6065
121 -33.053 -71.6065
246 -33.0525 -71.6082
486 -33.0525 -71.6082
702 -33.0524 -71.6081
507 -33.0525 -71.6069
162 -33.0524 -71.6081
249 -33.0524 -71.6081
798 -33.0524 -71.6081
898 -33.0523 -71.6081
288 -33.0523 -71.6081
985 -33.0516 -71.6082
695 -33.0517 -71.6082
524 -33.0523 -71.6081
338 -33.0522 -71.6081
865 -33.0523 -71.6081
974 -33.0523 -71.6081
792 -33.0522 -71.6074
729 -33.0522 -71.6073
4 -33.0521 -71.6081
533 -33.0515 -71.6053
