946 -33.0633 -71.6155
271 -33.0646 -71.6154
171 -33.0638 -71.6154
506 -33.0629 -71.6154
128 -33.0626 -71.6156
393 -33.0629 -71.6156
327 -33.0627 -71.6155
619 -33.0644 -71.6153
754 -33.0641 -71.6152
290 -33.0641 -71.6151
179 -33.0641 -71.6151
145 -33.0641 -71.6151
448 -33.0638 -71.6152
978 -33.0627 -71.6151
301 -33.0626 -71.615
727 -33.0626 -71.615
904 -33.0615 -71.6158
585 -33.0623 -71.6158
597 -33.0625 -71.6156
109 -33.0611 -71.616
130 -33.0611 -71.616
593 -33.0611 -71.616
614 -33.0611 -71.6155
487 -33.062 -71.6152
403 -33.0622 -71.6151
908 -33.0622 -71.6151
495 -33.0626 -71.615
166 -33.0621 -71.6151
838 -33.062 -71.6152
907 -33.0621 -71.6151
760 -33.0621 -71.6151
475 -33.0626 -71.615
930 -33.0631 -71.615
466 -33.0631 -71.615
455 -33.0633 -71.6149
878 -33.0627 -71.6136
286 -33.0627 -71.6136
582 -33.0627 -71.6136
14 -33.0627 -71.6136
958 -33.0627 -71.6136
531 -33.0639 -71.6133
238 -33.0639 -71.6133
118 -33.0639 -71.6133
224 -33.0637 -71.6131
22 -33.0626 -71.6135
52 -33.0629 -71.6132
489 -33.0629 -71.6129
255 -33.0626 -71.6131
917 -33.0623 -71.6135
160 -33.0623 -71.6135
62 -33.0625 -71.6134
51 -33.0623 -71.6135
501 -33.0622 -71.6135
351 -33.0622 -71.6134
809 -33.061 -71.6134
189 -33.061 -71.6134
200 -33.0623 -71.6132
208 -33.0623 -71.6132
579 -33.0621 -71.6131
762 -33.061 -71.6134
198 -33.061 -71.6134
274 -33.061 -71.6134
994 -33.061 -71.6134
423 -33.061 -71.6154
456 -33.0609 -71.6154
803 -33.061 -71.6154
446 -33.0608 -71.6155
949 -33.0606 -71.6162
964 -33.0608 -71.6161
154 -33.0607 -71.6155
467 -33.0606 -71.6141
686 -33.0607 -71.614
424 -33.0607 -71.6139
483 -33.0607 -71.6139
148 -33.0607 -71.614
739 -33.0606 -71.6141
123 -33.0606 -71.6141
262 -33.0606 -71.614
61 -33.0606 -71.6141
494 -33.0603 -71.6163
100 -33.0603 -71.6156
611 -33.0604 -71.6156
830 -33.0602 -71.6143
117 -33.0601 -71.6144
546 -33.0601 -71.6144
279 -33.0602 -71.6143
711 -33.0603 -71.6143
767 -33.0605 -71.6142
749 -33.0605 -71.6141
431 -33.0605 -71.6141
7 -33.0604 -71.6142
945 -33.0603 -71.6143
49 -33.0603 -71.6142
703 -33.0604 -71.6141
504 -33.0604 -71.6139
600 -33.0607 -71.6139
127 -33.0608 -71.6136
819 -33.061 -71.6134
134 -33.0604 -71.613
315 -33.0603 -71.613
75 -33.0603 -71.613
111 -33.0603 -71.613
38 -33.0604 -71.6129
163 -33.0605 -71.6128
678 -33.0605 -71.6128
250 -33.0606 -71.6127
852 -33.0605 -71.6128
150 -33.0605 -71.6129
500 -33.0604 -71.6128
562 -33.0604 -71.6128
144 -33.0603 -71.613
615 -33.0602 -71.6134
115 -33.0602 -71.6132
890 -33.0602 -71.6132
751 -33.0601 -71.6134
142 -33.0601 -71.6135
632 -33.0601 -71.6134
580 -33.0601 -71.6134
226 -33.0602 -71.6132
304 -33.0602 -71.6131
497 -33.0602 -71.6131
195 -33.0603 -71.6131
188 -33.0602 -71.6128
758 -33.06 -71.6128
666 -33.06 -71.6128
265 -33.0606 -71.6127
700 -33.0645 -71.6125
251 -33.0645 -71.6125
705 -33.0645 -71.6125
285 -33.0634 -71.6124
309 -33.0633 -71.6127
57 -33.0633 -71.6126
738 -33.0627 -71.6124
641 -33.0639 -71.6122
816 -33.0637 -71.6122
69 -33.064 -71.6121
976 -33.0646 -71.6121
324 -33.0636 -71.6121
233 -33.0628 -71.6121
434 -33.0628 -71.6121
341 -33.063 -71.612
599 -33.0627 -71.6124
437 -33.0627 -71.6123
655 -33.0627 -71.6123
752 -33.0627 -71.6123
761 -33.0627 -71.6122
661 -33.0627 -71.6127
366 -33.0622 -71.6126
269 -33.0627 -71.6124
973 -33.0627 -71.6121
254 -33.0627 -71.6121
707 -33.0626 -71.6121
292 -33.0626 -71.612
392 -33.0624 -71.612
275 -33.0621 -71.612
892 -33.0623 -71.612
864 -33.0622 -71.612
534 -33.062 -71.612
202 -33.0637 -71.6117
373 -33.0638 -71.6117
407 -33.0637 -71.6112
607 -33.0633 -71.6119
674 -33.0633 -71.6119
87 -33.0633 -71.6119
387 -33.0632 -71.6112
523 -33.0639 -71.6112
370 -33.0649 -71.6108
408 -33.0648 -71.6107
473 -33.0648 -71.6105
482 -33.0648 -71.6105
11 -33.064 -71.6111
790 -33.064 -71.6108
499 -33.064 -71.6107
347 -33.0632 -71.6112
733 -33.0623 -71.612
837 -33.0622 -71.6119
498 -33.0631 -71.6118
759 -33.0619 -71.612
996 -33.0619 -71.612
449 -33.0619 -71.612
452 -33.0619 -71.6118
789 -33.0629 -71.6117
986 -33.063 -71.6113
561 -33.0631 -71.6112
209 -33.0631 -71.6112
642 -33.063 -71.6113
201 -33.0619 -71.6113
934 -33.0619 -71.6112
918 -33.0618 -71.611
340 -33.0613 -71.6122
116 -33.0613 -71.6122
791 -33.0614 -71.6121
747 -33.0613 -71.6122
93 -33.0611 -71.6122
795 -33.0612 -71.6122
693 -33.0613 -71.6122
320 -33.0615 -71.6121
623 -33.0617 -71.612
942 -33.0617 -71.612
203 -33.0618 -71.612
577 -33.0617 -71.612
860 -33.0615 -71.6121
880 -33.0616 -71.6121
992 -33.0611 -71.6121
863 -33.0611 -71.6123
783 -33.0608 -71.6125
756 -33.0609 -71.6125
430 -33.0609 -71.6124
914 -33.0608 -71.6125
617 -33.0603 -71.6127
566 -33.0607 -71.6126
237 -33.0603 -71.6124
575 -33.0609 -71.6124
33 -33.061 -71.6124
679 -33.061 -71.6123
177 -33.0611 -71.6123
658 -33.0607 -71.612
306 -33.0603 -71.6121
603 -33.0605 -71.612
272 -33.0608 -71.612
297 -33.0618 -71.6108
146 -33.0618 -71.6108
474 -33.0618 -71.6108
844 -33.0613 -71.6115
565 -33.0611 -71.6118
627 -33.0609 -71.6115
12 -33.0612 -71.6115
903 -33.0614 -71.6107
43 -33.0618 -71.6106
839 -33.0618 -71.6106
818 -33.0618 -71.6105
740 -33.0617 -71.6107
458 -33.0615 -71.6107
537 -33.0617 -71.6105
415 -33.061 -71.6103
771 -33.0608 -71.6116
252 -33.0605 -71.6116
307 -33.0607 -71.6116
787 -33.0607 -71.6116
334 -33.0603 -71.6119
601 -33.0603 -71.6118
919 -33.06 -71.6116
270 -33.0602 -71.6116
82 -33.0603 -71.6111
815 -33.0603 -71.611
876 -33.0603 -71.611
998 -33.0602 -71.6106
190 -33.0602 -71.6104
902 -33.0601 -71.6106
886 -33.0602 -71.6103
367 -33.06 -71.6144
867 -33.0593 -71.6168
91 -33.0597 -71.6166
962 -33.0596 -71.6148
659 -33.0593 -71.615
409 -33.0592 -71.6168
382 -33.0593 -71.6168
353 -33.0592 -71.6167
773 -33.0596 -71.6148
726 -33.0597 -71.6145
204 -33.0598 -71.6145
66 -33.06 -71.6145
961 -33.0597 -71.6147
364 -33.0595 -71.6148
698 -33.0597 -71.6147
549 -33.0597 -71.6146
165 -33.0591 -71.615
10 -33.0589 -71.6153
983 -33.0589 -71.6153
979 -33.0589 -71.6152
488 -33.0588 -71.6148
536 -33.0587 -71.6169
161 -33.0587 -71.6168
786 -33.0587 -71.6154
889 -33.0588 -71.6148
829 -33.0589 -71.6146
239 -33.059 -71.6145
450 -33.0591 -71.6145
712 -33.0589 -71.6147
170 -33.0588 -71.6148
333 -33.0587 -71.6147
573 -33.0589 -71.6147
89 -33.06 -71.6144
228 -33.06 -71.6144
385 -33.0597 -71.6139
185 -33.0597 -71.6139
355 -33.0597 -71.6139
24 -33.0596 -71.6139
652 -33.0596 -71.6139
174 -33.0596 -71.6138
273 -33.0596 -71.6138
967 -33.0598 -71.6138
927 -33.0598 -71.6137
354 -33.0598 -71.6137
859 -33.0598 -71.6137
313 -33.0597 -71.6138
191 -33.0597 -71.6138
13 -33.0597 -71.6137
405 -33.0595 -71.614
107 -33.0594 -71.6142
529 -33.0594 -71.6141
900 -33.0594 -71.6141
421 -33.0593 -71.6143
883 -33.0592 -71.6144
263 -33.0592 -71.6144
416 -33.0588 -71.6142
734 -33.0595 -71.6141
697 -33.0595 -71.614
692 -33.0595 -71.614
464 -33.0591 -71.6136
717 -33.0591 -71.6137
545 -33.0589 -71.6139
496 -33.059 -71.6138
512 -33.0586 -71.6144
427 -33.0586 -71.6172
54 -33.0586 -71.6155
380 -33.0585 -71.6154
511 -33.0585 -71.6167
509 -33.0584 -71.6173
708 -33.0584 -71.6163
59 -33.0583 -71.6157
618 -33.0585 -71.6153
343 -33.0583 -71.6151
636 -33.0586 -71.6149
763 -33.0583 -71.6149
323 -33.0582 -71.6148
710 -33.0582 -71.615
157 -33.0582 -71.615
92 -33.0582 -71.6149
794 -33.0582 -71.615
516 -33.0578 -71.6178
938 -33.0561 -71.6156
835 -33.0579 -71.6149
205 -33.056 -71.6156
820 -33.056 -71.6156
277 -33.056 -71.6155
988 -33.0559 -71.6154
625 -33.0579 -71.6149
361 -33.0578 -71.6149
635 -33.0577 -71.6149
812 -33.0576 -71.6149
181 -33.0576 -71.6149
610 -33.0575 -71.6149
850 -33.0575 -71.6149
105 -33.0583 -71.6148
639 -33.0585 -71.6147
598 -33.0586 -71.6147
113 -33.0586 -71.6147
605 -33.0585 -71.6147
25 -33.0584 -71.6148
721 -33.0583 -71.6148
155 -33.0585 -71.6148
797 -33.0586 -71.6146
571 -33.0584 -71.6138
453 -33.0585 -71.6137
211 -33.0585 -71.6137
175 -33.0584 -71.6139
68 -33.0581 -71.6144
948 -33.0582 -71.6142
551 -33.0582 -71.6142
713 -33.0581 -71.6144
629 -33.0571 -71.6148
377 -33.0577 -71.6145
885 -33.0577 -71.6144
644 -33.057 -71.6148
764 -33.0567 -71.6148
849 -33.0569 -71.6147
911 -33.0568 -71.6147
476 -33.0581 -71.6144
5 -33.0578 -71.6139
389 -33.0579 -71.6139
212 -33.0581 -71.6136
429 -33.0578 -71.6139
17 -33.0578 -71.6139
987 -33.0577 -71.6139
53 -33.0585 -71.6136
884 -33.06 -71.6135
574 -33.0599 -71.6135
106 -33.06 -71.6134
176 -33.0599 -71.6135
572 -33.0598 -71.6136
730 -33.0593 -71.6129
559 -33.0593 -71.6129
19 -33.0594 -71.6129
70 -33.0599 -71.6128
414 -33.06 -71.6128
235 -33.06 -71.6128
906 -33.0599 -71.6128
412 -33.0595 -71.6128
295 -33.0598 -71.6128
801 -33.0592 -71.6128
399 -33.0591 -71.6135
402 -33.0591 -71.6136
916 -33.0591 -71.6135
102 -33.0591 -71.6135
950 -33.0591 -71.6134
891 -33.0588 -71.6135
687 -33.059 -71.6134
668 -33.0586 -71.6133
822 -33.0589 -71.6133
851 -33.0591 -71.6129
742 -33.0589 -71.6128
386 -33.0589 -71.6127
20 -33.0589 -71.6127
217 -33.0589 -71.6132
260 -33.0586 -71.613
124 -33.0588 -71.6129
23 -33.0592 -71.6126
991 -33.0595 -71.6125
266 -33.0597 -71.6116
368 -33.0598 -71.6116
44 -33.0595 -71.6125
955 -33.0595 -71.612
563 -33.0593 -71.6116
216 -33.0594 -71.6116
743 -33.0595 -71.6109
909 -33.0598 -71.6106
770 -33.0599 -71.6106
920 -33.0599 -71.6104
877 -33.0597 -71.6106
831 -33.0595 -71.6109
388 -33.0595 -71.6107
706 -33.0594 -71.6105
298 -33.0593 -71.6116
303 -33.0591 -71.6125
346 -33.0591 -71.6123
676 -33.0591 -71.6122
29 -33.0588 -71.6126
905 -33.0588 -71.6121
568 -33.0588 -71.6119
560 -33.0588 -71.6117
547 -33.0588 -71.6113
187 -33.0592 -71.6112
775 -33.0591 -71.6106
765 -33.0592 -71.6104
748 -33.0589 -71.6112
259 -33.0589 -71.6112
253 -33.0586 -71.6105
42 -33.0585 -71.613
521 -33.0583 -71.6134
881 -33.0583 -71.6134
18 -33.0584 -71.613
227 -33.0582 -71.6131
85 -33.0581 -71.6134
848 -33.0581 -71.6133
963 -33.0582 -71.6131
872 -33.0583 -71.6127
842 -33.0583 -71.6126
197 -33.0585 -71.6124
588 -33.0583 -71.6124
214 -33.0583 -71.6127
645 -33.0583 -71.6127
479 -33.0581 -71.6124
108 -33.0582 -71.6123
999 -33.0581 -71.6122
35 -33.0577 -71.6131
508 -33.0581 -71.613
725 -33.058 -71.613
520 -33.0577 -71.6131
40 -33.0574 -71.6135
591 -33.0576 -71.6134
589 -33.0568 -71.6134
862 -33.0577 -71.613
186 -33.0578 -71.6129
649 -33.0578 -71.6129
173 -33.0576 -71.6129
553 -33.0571 -71.6127
972 -33.0566 -71.6125
793 -33.0565 -71.6125
638 -33.0581 -71.6121
358 -33.0583 -71.6117
805 -33.0584 -71.6117
151 -33.0584 -71.6117
940 -33.0581 -71.612
442 -33.058 -71.6119
688 -33.058 -71.6118
550 -33.058 -71.6117
621 -33.0582 -71.6113
27 -33.0584 -71.6106
558 -33.0584 -71.6106
337 -33.0585 -71.6104
372 -33.0583 -71.6113
606 -33.0583 -71.6113
821 -33.0581 -71.6108
278 -33.0581 -71.6104
683 -33.058 -71.6118
647 -33.058 -71.6114
796 -33.058 -71.6114
915 -33.058 -71.611
15 -33.058 -71.6113
861 -33.0575 -71.6119
681 -33.0575 -71.6116
569 -33.0579 -71.6113
345 -33.0576 -71.611
510 -33.0577 -71.6107
673 -33.0574 -71.6106
540 -33.0575 -71.6103
827 -33.0546 -71.6105
447 -33.0536 -71.6105
9 -33.0545 -71.6105
26 -33.061 -71.6103
326 -33.0645 -71.6099
469 -33.0648 -71.6098
480 -33.0644 -71.6096
882 -33.0634 -71.6101
470 -33.0634 -71.6101
63 -33.0632 -71.61
757 -33.0632 -71.61
741 -33.0639 -71.6095
677 -33.0644 -71.6095
690 -33.0644 -71.6091
79 -33.0646 -71.609
413 -33.0644 -71.6095
788 -33.0632 -71.6093
624 -33.0635 -71.6092
438 -33.0642 -71.609
282 -33.0632 -71.61
774 -33.0631 -71.61
715 -33.0631 -71.6099
858 -33.063 -71.6099
294 -33.0626 -71.6096
646 -33.0624 -71.6096
879 -33.0623 -71.6096
471 -33.0626 -71.6096
691 -33.0621 -71.6095
813 -33.0624 -71.6091
339 -33.0624 -71.6091
952 -33.0623 -71.6091
422 -33.062 -71.6095
871 -33.0618 -71.6094
921 -33.0617 -71.6094
375 -33.0617 -71.6092
653 -33.0617 -71.609
328 -33.0643 -71.609
869 -33.0641 -71.6086
640 -33.0641 -71.6086
420 -33.064 -71.6089
944 -33.0637 -71.6088
183 -33.0637 -71.6088
219 -33.0635 -71.6087
532 -33.064 -71.6085
335 -33.064 -71.6083
723 -33.0642 -71.6081
664 -33.0637 -71.6081
225 -33.0632 -71.6077
350 -33.0625 -71.6082
369 -33.0629 -71.608
60 -33.0629 -71.608
463 -33.0625 -71.608
72 -33.0622 -71.6085
103 -33.0622 -71.6084
714 -33.0619 -71.6084
806 -33.0619 -71.6084
682 -33.0617 -71.609
913 -33.0617 -71.6087
245 -33.0617 -71.6087
736 -33.0623 -71.6083
156 -33.0623 -71.6083
731 -33.0623 -71.6081
199 -33.0622 -71.6078
194 -33.0619 -71.6082
419 -33.0617 -71.608
981 -33.0617 -71.6077
21 -33.0617 -71.6088
581 -33.0617 -71.6103
576 -33.0617 -71.6103
667 -33.0617 -71.6094
289 -33.0616 -71.6094
310 -33.0616 -71.6103
94 -33.0612 -71.6098
959 -33.0613 -71.6094
896 -33.0613 -71.6093
616 -33.0614 -71.6089
215 -33.0614 -71.6089
71 -33.0614 -71.6089
28 -33.0613 -71.6089
609 -33.0611 -71.6093
37 -33.061 -71.6091
39 -33.0611 -71.6089
45 -33.0609 -71.6089
305 -33.0601 -71.6101
97 -33.0603 -71.6101
138 -33.0605 -71.6096
210 -33.0599 -71.6097
602 -33.0598 -71.61
376 -33.0598 -71.61
895 -33.0597 -71.6098
970 -33.0608 -71.6096
542 -33.0607 -71.6091
584 -33.0608 -71.6088
114 -33.0608 -71.6088
73 -33.0605 -71.6093
626 -33.06 -71.6088
132 -33.06 -71.6088
663 -33.0607 -71.6088
192 -33.061 -71.6086
461 -33.061 -71.6086
824 -33.0607 -71.6086
746 -33.0606 -71.6085
486 -33.0606 -71.6085
410 -33.0604 -71.6084
288 -33.0604 -71.6084
249 -33.0604 -71.6084
359 -33.0607 -71.608
753 -33.0607 -71.6079
398 -33.0613 -71.6077
264 -33.0605 -71.6078
332 -33.0602 -71.6083
974 -33.0603 -71.6083
4 -33.0603 -71.6077
468 -33.0601 -71.6079
242 -33.0601 -71.6083
490 -33.06 -71.6083
817 -33.06 -71.6081
526 -33.0599 -71.608
810 -33.0598 -71.6082
167 -33.0598 -71.6082
465 -33.0597 -71.608
317 -33.0599 -71.608
888 -33.0601 -71.6078
229 -33.0599 -71.6078
439 -33.0601 -71.6077
932 -33.0599 -71.6077
695 -33.0598 -71.6077
258 -33.0598 -71.6077
3 -33.0608 -71.6076
296 -33.0643 -71.6071
769 -33.0642 -71.6068
331 -33.0642 -71.6068
620 -33.0642 -71.6068
825 -33.0642 -71.6067
922 -33.0642 -71.6067
441 -33.0634 -71.6065
293 -33.0634 -71.6065
622 -33.0637 -71.6064
505 -33.0637 -71.6064
291 -33.0637 -71.6064
845 -33.0636 -71.6062
147 -33.0633 -71.6065
172 -33.0635 -71.6065
16 -33.0635 -71.6064
544 -33.0632 -71.6063
400 -33.0631 -71.6075
478 -33.0622 -71.6074
832 -33.0629 -71.6074
232 -33.0622 -71.6075
977 -33.0617 -71.6073
997 -33.0619 -71.6069
122 -33.0619 -71.6069
833 -33.0619 -71.6069
672 -33.0625 -71.6068
112 -33.0632 -71.6062
276 -33.0631 -71.6062
592 -33.0623 -71.6062
662 -33.0619 -71.6068
608 -33.0622 -71.6067
720 -33.0622 -71.6062
230 -33.0631 -71.6062
32 -33.0639 -71.6061
924 -33.064 -71.6061
951 -33.0643 -71.606
669 -33.0637 -71.606
284 -33.0636 -71.6062
8 -33.063 -71.6061
30 -33.0629 -71.606
870 -33.0648 -71.606
261 -33.0647 -71.606
99 -33.0645 -71.606
90 -33.0645 -71.6059
843 -33.0639 -71.6059
826 -33.0628 -71.606
78 -33.0638 -71.6059
158 -33.063 -71.6057
169 -33.0627 -71.6047
910 -33.0627 -71.6059
349 -33.0627 -71.6058
417 -33.0626 -71.6057
287 -33.0622 -71.6061
557 -33.0619 -71.6058
923 -33.0619 -71.6057
966 -33.0619 -71.6057
325 -33.0619 -71.6057
578 -33.0624 -71.6057
267 -33.0624 -71.6056
857 -33.0624 -71.6055
67 -33.0619 -71.6053
184 -33.0618 -71.6052
6 -33.0618 -71.605
737 -33.0617 -71.6073
630 -33.0613 -71.607
965 -33.0616 -71.607
594 -33.0613 -71.6069
808 -33.0612 -71.6068
556 -33.0607 -71.6075
502 -33.0607 -71.6074
365 -33.0607 -71.6071
381 -33.0611 -71.6066
395 -33.0609 -71.6065
159 -33.0609 -71.6065
785 -33.0613 -71.6064
137 -33.0609 -71.6065
570 -33.0607 -71.6066
925 -33.0607 -71.6064
989 -33.0607 -71.6064
300 -33.0606 -71.6068
912 -33.0602 -71.6072
281 -33.0602 -71.607
397 -33.0602 -71.6069
299 -33.0601 -71.6068
46 -33.0601 -71.6072
321 -33.0601 -71.6067
772 -33.0601 -71.6065
243 -33.0601 -71.6065
247 -33.0601 -71.6063
83 -33.0601 -71.6063
129 -33.0601 -71.6063
898 -33.0601 -71.6063
164 -33.0598 -71.6063
311 -33.06 -71.6062
411 -33.0599 -71.6062
56 -33.0611 -71.6061
836 -33.061 -71.606
543 -33.0611 -71.6054
491 -33.061 -71.6055
352 -33.061 -71.6055
396 -33.0608 -71.6053
936 -33.0609 -71.6052
926 -33.0609 -71.6052
552 -33.0616 -71.605
41 -33.0615 -71.6049
104 -33.0614 -71.6048
689 -33.0613 -71.6048
47 -33.0611 -71.605
953 -33.0612 -71.605
135 -33.0612 -71.6049
344 -33.0608 -71.6053
567 -33.0605 -71.6057
95 -33.0606 -71.6057
246 -33.0605 -71.6057
841 -33.0605 -71.6057
670 -33.0602 -71.6061
766 -33.0601 -71.606
702 -33.0604 -71.6058
969 -33.0605 -71.6056
443 -33.0606 -71.6056
777 -33.0608 -71.6056
356 -33.0607 -71.6054
459 -33.0606 -71.6056
406 -33.0597 -71.6054
120 -33.0603 -71.605
58 -33.0597 -71.6076
517 -33.0594 -71.6099
391 -33.0595 -71.6098
587 -33.0595 -71.6098
336 -33.0592 -71.6102
657 -33.0586 -71.6101
800 -33.0586 -71.6101
995 -33.0586 -71.6101
143 -33.0595 -71.6098
141 -33.0595 -71.6098
866 -33.0596 -71.6098
133 -33.0589 -71.6096
74 -33.0589 -71.6095
362 -33.0589 -71.6095
856 -33.0587 -71.6093
131 -33.0587 -71.6092
894 -33.0584 -71.6099
975 -33.0584 -71.6101
180 -33.0583 -71.6101
433 -33.0583 -71.6099
745 -33.0582 -71.6101
384 -33.0577 -71.6102
65 -33.058 -71.6099
268 -33.058 -71.6099
162 -33.0583 -71.6099
338 -33.0584 -71.6094
875 -33.0583 -71.6092
454 -33.0582 -71.609
401 -33.0582 -71.6097
780 -33.0578 -71.6098
744 -33.0578 -71.6096
77 -33.0578 -71.6095
684 -33.0583 -71.609
524 -33.0594 -71.6088
451 -33.0593 -71.6088
2 -33.0592 -71.6088
699 -33.0589 -71.6088
931 -33.0587 -71.6089
236 -33.0588 -71.6088
257 -33.0583 -71.6087
650 -33.0584 -71.6086
554 -33.0587 -71.6083
308 -33.0593 -71.6083
814 -33.0596 -71.608
363 -33.0584 -71.6085
96 -33.0583 -71.6084
426 -33.0582 -71.6084
675 -33.0584 -71.608
656 -33.0582 -71.6084
244 -33.058 -71.6083
811 -33.0579 -71.6083
823 -33.058 -71.6083
680 -33.0579 -71.6082
701 -33.0579 -71.6082
590 -33.0579 -71.6082
728 -33.0578 -71.6082
0 -33.0577 -71.6081
231 -33.0581 -71.6081
956 -33.0581 -71.6081
634 -33.0581 -71.6081
807 -33.0581 -71.6081
418 -33.058 -71.6081
457 -33.0581 -71.6081
31 -33.0576 -71.6089
834 -33.0573 -71.61
394 -33.0571 -71.6099
855 -33.0571 -71.6099
660 -33.0569 -71.6095
348 -33.0561 -71.6103
604 -33.0563 -71.6101
314 -33.0569 -71.6095
81 -33.0557 -71.6094
901 -33.0556 -71.6094
874 -33.0576 -71.6088
535 -33.0575 -71.6088
968 -33.0547 -71.6085
530 -33.0543 -71.6085
724 -33.0542 -71.6085
152 -33.0542 -71.6085
722 -33.0542 -71.6085
55 -33.0541 -71.6085
755 -33.0539 -71.6085
939 -33.0538 -71.6085
732 -33.0537 -71.6085
101 -33.0509 -71.6086
484 -33.0537 -71.6085
643 -33.0537 -71.6085
583 -33.0535 -71.6085
493 -33.0534 -71.6085
935 -33.0533 -71.6085
80 -33.0533 -71.6084
485 -33.0533 -71.6084
88 -33.0533 -71.6084
34 -33.0532 -71.6084
360 -33.053 -71.6083
637 -33.0576 -71.6081
538 -33.0575 -71.6081
893 -33.0575 -71.6081
648 -33.0574 -71.6081
462 -33.0572 -71.608
515 -33.0572 -71.608
374 -33.0572 -71.608
302 -33.0572 -71.608
612 -33.0569 -71.608
960 -33.0568 -71.608
218 -33.0568 -71.608
519 -33.0567 -71.608
84 -33.0565 -71.608
778 -33.0566 -71.608
541 -33.0566 -71.608
933 -33.0553 -71.608
718 -33.053 -71.6083
982 -33.0528 -71.6083
716 -33.055 -71.6083
633 -33.0527 -71.6082
220 -33.0527 -71.6082
735 -33.0527 -71.6082
784 -33.0526 -71.6082
222 -33.0527 -71.6082
383 -33.055 -71.6082
694 -33.055 -71.6082
802 -33.0525 -71.6082
696 -33.0525 -71.6082
139 -33.0525 -71.6082
322 -33.0524 -71.6081
854 -33.0566 -71.608
330 -33.0593 -71.608
985 -33.0596 -71.6078
947 -33.0592 -71.6076
846 -33.059 -71.6079
528 -33.059 -71.6079
522 -33.0589 -71.6078
709 -33.0589 -71.6078
779 -33.0593 -71.6076
371 -33.0593 -71.6076
719 -33.0593 -71.6076
798 -33.0592 -71.6068
378 -33.0592 -71.6068
280 -33.0591 -71.6075
671 -33.0591 -71.6067
445 -33.0591 -71.6067
929 -33.0589 -71.6078
654 -33.0586 -71.6079
847 -33.0586 -71.6079
207 -33.0587 -71.6079
153 -33.0585 -71.608
425 -33.0584 -71.608
240 -33.0585 -71.608
64 -33.0585 -71.608
76 -33.0587 -71.6079
444 -33.0587 -71.6078
665 -33.0588 -71.6078
548 -33.0588 -71.6078
555 -33.0587 -71.6066
110 -33.0584 -71.6073
980 -33.0584 -71.6067
887 -33.0586 -71.6067
126 -33.0588 -71.6066
404 -33.0595 -71.6065
651 -33.0595 -71.6064
428 -33.0596 -71.6063
954 -33.0594 -71.6064
125 -33.0594 -71.6064
329 -33.0592 -71.6064
873 -33.0593 -71.6064
527 -33.0592 -71.6063
149 -33.0596 -71.6055
1 -33.0595 -71.6051
533 -33.0594 -71.6044
256 -33.0594 -71.6055
781 -33.0594 -71.6055
729 -33.0592 -71.6054
792 -33.0593 -71.6045
221 -33.0591 -71.6054
596 -33.059 -71.6065
513 -33.0591 -71.6063
525 -33.059 -71.6063
685 -33.059 -71.6065
704 -33.0588 -71.6066
804 -33.059 -71.6065
86 -33.0588 -71.6064
628 -33.0588 -71.6062
928 -33.0587 -71.6062
196 -33.0587 -71.6051
957 -33.0587 -71.6051
776 -33.0586 -71.6051
223 -33.0585 -71.6062
937 -33.0586 -71.6051
514 -33.0584 -71.6073
481 -33.0584 -71.608
828 -33.0584 -71.608
993 -33.0581 -71.6078
750 -33.0579 -71.608
539 -33.0575 -71.6076
193 -33.0577 -71.6076
319 -33.0577 -71.6076
613 -33.0577 -71.6073
379 -33.0578 -71.6073
182 -33.0583 -71.6071
865 -33.0583 -71.6069
390 -33.0577 -71.6072
586 -33.0566 -71.6072
518 -33.0576 -71.6071
432 -33.057 -71.607
436 -33.0565 -71.608
631 -33.0565 -71.608
36 -33.0564 -71.608
50 -33.0563 -71.608
213 -33.0561 -71.6079
48 -33.0553 -71.608
283 -33.0553 -71.608
897 -33.056 -71.6079
318 -33.056 -71.6079
140 -33.0559 -71.6076
941 -33.056 -71.6075
868 -33.0562 -71.6074
853 -33.0558 -71.6079
440 -33.0555 -71.6078
206 -33.0556 -71.6078
234 -33.0578 -71.6068
168 -33.0584 -71.6067
840 -33.0584 -71.6062
782 -33.0583 -71.6062
178 -33.0583 -71.6068
119 -33.0579 -71.6068
990 -33.058 -71.6062
943 -33.058 -71.6062
492 -33.0582 -71.6062
984 -33.0583 -71.6058
564 -33.0583 -71.6057
595 -33.0583 -71.6051
136 -33.0582 -71.6059
241 -33.0582 -71.6059
477 -33.058 -71.6059
342 -33.0579 -71.6057
460 -33.0578 -71.6058
503 -33.0578 -71.6066
357 -33.0578 -71.6062
316 -33.0577 -71.6058
98 -33.0575 -71.6051
472 -33.0575 -71.6061
799 -33.0539 -71.606
312 -33.0575 -71.6058
507 -33.0575 -71.6051
121 -33.0575 -71.6051
768 -33.0576 -71.6049
899 -33.0571 -71.6047
248 -33.0565 -71.6045
435 -33.0549 -71.605
971 -33.0564 -71.6045
