796 -33.0551 -71.6217
890 -33.0551 -71.6217
226 -33.0551 -71.6217
115 -33.0551 -71.6217
497 -33.055 -71.6218
647 -33.055 -71.6218
5 -33.055 -71.6218
703 -33.0551 -71.6217
38 -33.0552 -71.6216
315 -33.0552 -71.6215
500 -33.0552 -71.6214
327 -33.0551 -71.6214
678 -33.0551 -71.6211
260 -33.0551 -71.6211
487 -33.055 -71.6209
142 -33.0549 -71.6219
217 -33.0545 -71.6227
697 -33.0545 -71.6227
479 -33.0545 -71.6226
109 -33.0544 -71.6229
25 -33.0543 -71.6242
598 -33.0543 -71.624
883 -33.0543 -71.6231
53 -33.0546 -71.6225
550 -33.0549 -71.622
66 -33.0549 -71.622
85 -33.0549 -71.6219
176 -33.0548 -71.6222
961 -33.0546 -71.6224
313 -33.0547 -71.6223
940 -33.0548 -71.6222
266 -33.055 -71.6207
189 -33.056 -71.618
367 -33.056 -71.618
475 -33.0576 -71.618
978 -33.0557 -71.618
963 -33.0556 -71.6172
765 -33.0556 -71.617
413 -33.0557 -71.6169
668 -33.0557 -71.6165
950 -33.0562 -71.616
608 -33.0562 -71.616
640 -33.0562 -71.616
20 -33.0562 -71.616
57 -33.0558 -71.6164
646 -33.0559 -71.6163
869 -33.0562 -71.6161
582 -33.0555 -71.6172
253 -33.0549 -71.6207
930 -33.0549 -71.6206
177 -33.0549 -71.6205
881 -33.0548 -71.6184
880 -33.0545 -71.6202
134 -33.0547 -71.6184
816 -33.0548 -71.6184
376 -33.0549 -71.6183
408 -33.0552 -71.6178
537 -33.0553 -71.6177
407 -33.0554 -71.6175
370 -33.0552 -71.6178
549 -33.055 -71.6181
255 -33.0551 -71.6179
589 -33.0543 -71.6238
987 -33.0543 -71.6244
786 -33.0543 -71.6236
829 -33.0543 -71.6236
979 -33.0543 -71.6234
409 -33.0536 -71.6245
710 -33.0542 -71.6244
92 -33.0542 -71.6244
179 -33.0541 -71.6199
210 -33.0537 -71.6196
377 -33.0536 -71.6196
919 -33.0534 -71.6188
456 -33.0533 -71.6188
803 -33.0533 -71.6188
355 -33.0533 -71.6188
341 -33.0531 -71.6188
629 -33.0531 -71.6246
434 -33.053 -71.6187
844 -33.053 -71.6187
761 -33.053 -71.6187
838 -33.0529 -71.6187
849 -33.0528 -71.6246
198 -33.0528 -71.6187
973 -33.0528 -71.6187
713 -33.0528 -71.6187
775 -33.0527 -71.6187
891 -33.0526 -71.6187
767 -33.0526 -71.6187
466 -33.0525 -71.6186
547 -33.0525 -71.6186
632 -33.0511 -71.6186
250 -33.0509 -71.6186
760 -33.0535 -71.6185
587 -33.0536 -71.6185
455 -33.0536 -71.6185
373 -33.0536 -71.6184
216 -33.0535 -71.6185
809 -33.0535 -71.6185
166 -33.0521 -71.6185
495 -33.0521 -71.6185
698 -33.0538 -71.6184
361 -33.0542 -71.6184
42 -33.0542 -71.6184
301 -33.0542 -71.6184
542 -33.0542 -71.6184
754 -33.0538 -71.6184
69 -33.054 -71.6184
271 -33.0534 -71.6163
323 -33.052 -71.6185
687 -33.0517 -71.6184
448 -33.0516 -71.6184
831 -33.0516 -71.6184
340 -33.0515 -71.6184
17 -33.0509 -71.6185
163 -33.0507 -71.6185
852 -33.0507 -71.6185
431 -33.0516 -71.6184
116 -33.0514 -71.6184
262 -33.0514 -71.6184
399 -33.0514 -71.6184
727 -33.0509 -71.6182
614 -33.0509 -71.6181
393 -33.0507 -71.6181
60 -33.056 -71.616
464 -33.0562 -71.6159
124 -33.056 -71.6156
561 -33.0561 -71.6152
774 -33.056 -71.6155
994 -33.056 -71.6155
501 -33.056 -71.6155
531 -33.056 -71.6154
297 -33.0563 -71.6151
118 -33.0571 -71.6148
976 -33.057 -71.6148
872 -33.057 -71.6148
945 -33.0569 -71.6147
991 -33.0568 -71.6147
482 -33.0568 -71.6147
948 -33.0568 -71.6147
879 -33.056 -71.6159
818 -33.0559 -71.6159
286 -33.0559 -71.6159
18 -33.0551 -71.6158
822 -33.0549 -71.6158
450 -33.0548 -71.6157
389 -33.0546 -71.6157
743 -33.0545 -71.6157
476 -33.0544 -71.6157
560 -33.0559 -71.6154
483 -33.0559 -71.6154
842 -33.0559 -71.6154
686 -33.0555 -71.6155
251 -33.0543 -71.6157
955 -33.0542 -71.6156
127 -33.0551 -71.6153
467 -33.0552 -71.6131
19 -33.057 -71.6127
790 -33.0568 -71.6126
326 -33.0567 -71.6125
420 -33.0565 -71.6124
414 -33.0565 -71.6124
576 -33.0564 -71.6124
521 -33.0564 -71.6124
43 -33.0563 -71.6124
354 -33.0563 -71.6124
747 -33.0563 -71.6124
917 -33.0559 -71.6123
579 -33.0559 -71.6123
298 -33.0552 -71.6124
523 -33.0555 -71.6124
368 -33.0557 -71.6123
619 -33.055 -71.613
238 -33.055 -71.6124
237 -33.0549 -71.6124
967 -33.0549 -71.6124
305 -33.0547 -71.6124
154 -33.0547 -71.6128
962 -33.0544 -71.6125
591 -33.0544 -71.6125
636 -33.0542 -71.6124
563 -33.0543 -71.6123
51 -33.0543 -71.6123
209 -33.0543 -71.6123
642 -33.0542 -71.6123
627 -33.0541 -71.6123
366 -33.0541 -71.6123
958 -33.0541 -71.6123
726 -33.0541 -71.6156
279 -33.054 -71.6156
123 -33.054 -71.6156
641 -33.0529 -71.6156
819 -33.0528 -71.6159
290 -33.0528 -71.6159
488 -33.0528 -71.6159
602 -33.0539 -71.6156
107 -33.0539 -71.6156
693 -33.0538 -71.6156
520 -33.0538 -71.6156
269 -33.0537 -71.6156
146 -33.0534 -71.6155
442 -33.0534 -71.6155
580 -33.0533 -71.6155
730 -33.0522 -71.6157
546 -33.052 -71.6156
254 -33.0517 -71.6156
117 -33.0517 -71.6156
292 -33.0517 -71.6156
992 -33.0515 -71.6156
812 -33.0514 -71.6156
892 -33.0514 -71.6156
721 -33.0513 -71.6156
864 -33.0512 -71.6156
908 -33.0512 -71.6156
545 -33.0512 -71.6156
787 -33.0511 -71.6156
946 -33.051 -71.6156
860 -33.0506 -71.6155
150 -33.053 -71.6155
762 -33.054 -71.6146
105 -33.0534 -71.6142
907 -33.0534 -71.6141
405 -33.0534 -71.6141
446 -33.053 -71.6139
403 -33.0527 -71.6137
423 -33.0527 -71.6137
145 -33.0525 -71.6135
171 -33.0521 -71.6133
611 -33.0519 -71.6132
711 -33.0518 -71.6131
208 -33.0511 -71.6123
615 -33.0511 -71.6125
202 -33.0511 -71.6124
200 -33.0511 -71.6123
334 -33.0511 -71.6126
725 -33.051 -71.6131
372 -33.051 -71.6131
877 -33.051 -71.6131
265 -33.0509 -71.6131
599 -33.0507 -71.6131
655 -33.0507 -71.6131
585 -33.0507 -71.6131
661 -33.0511 -71.6131
801 -33.0511 -71.613
837 -33.0511 -71.6128
70 -33.0511 -71.6127
87 -33.0511 -71.613
517 -33.0506 -71.613
744 -33.0506 -71.613
111 -33.0506 -71.6184
101 -33.0505 -71.6224
633 -33.0502 -71.6209
447 -33.0502 -71.6207
34 -33.0501 -71.6204
935 -33.05 -71.6203
493 -33.0499 -71.6203
732 -33.0497 -71.62
999 -33.05 -71.6188
144 -33.0505 -71.6184
128 -33.0505 -71.618
504 -33.0505 -71.618
830 -33.0505 -71.618
859 -33.05 -71.6186
597 -33.0504 -71.6184
412 -33.0502 -71.6183
904 -33.0494 -71.6177
716 -33.0494 -71.6186
694 -33.0494 -71.6186
799 -33.0492 -71.6183
901 -33.0491 -71.6182
283 -33.049 -71.6181
440 -33.0489 -71.618
889 -33.0486 -71.618
573 -33.0486 -71.618
983 -33.0487 -71.6178
364 -33.0494 -71.6177
239 -33.0487 -71.6176
10 -33.0487 -71.6178
206 -33.0486 -71.6179
416 -33.0486 -71.6179
949 -33.0487 -71.6178
130 -33.0489 -71.6176
586 -33.049 -71.6168
191 -33.049 -71.6167
273 -33.049 -71.6167
174 -33.049 -71.6168
631 -33.0489 -71.6169
854 -33.0489 -71.6169
834 -33.0489 -71.6169
13 -33.049 -71.6166
574 -33.0493 -71.6165
106 -33.0493 -71.6165
688 -33.0492 -71.6165
850 -33.0492 -71.6165
572 -33.049 -71.6166
884 -33.0492 -71.6165
612 -33.0491 -71.6165
660 -33.0489 -71.6171
165 -33.0488 -71.6176
897 -33.0488 -71.6174
529 -33.0488 -71.6173
213 -33.0488 -71.6174
318 -33.0487 -71.6176
453 -33.0487 -71.6175
263 -33.0488 -71.6175
712 -33.0488 -71.6173
394 -33.0489 -71.6171
868 -33.0489 -71.6171
692 -33.0489 -71.6171
36 -33.0489 -71.6172
900 -33.0489 -71.6172
652 -33.0488 -71.6164
170 -33.0485 -71.6182
764 -33.0475 -71.6204
509 -33.0475 -71.6204
583 -33.0475 -71.6204
485 -33.0474 -71.6206
360 -33.0473 -71.621
718 -33.0473 -71.621
80 -33.0474 -71.6206
911 -33.0476 -71.6202
939 -33.0476 -71.62
755 -33.0477 -71.6198
55 -33.0477 -71.6198
9 -33.0476 -71.62
484 -33.0476 -71.6202
427 -33.0476 -71.6202
644 -33.0476 -71.62
205 -33.0473 -71.6217
820 -33.0473 -71.6217
938 -33.0472 -71.6217
139 -33.0472 -71.6217
277 -33.0472 -71.6216
322 -33.0472 -71.6215
802 -33.0472 -71.6215
735 -33.0472 -71.6215
696 -33.0472 -71.6214
222 -33.0472 -71.6213
516 -33.0472 -71.6213
982 -33.0467 -71.6201
988 -33.0467 -71.6201
220 -33.0466 -71.6205
784 -33.0466 -71.6205
88 -33.0468 -71.6196
635 -33.048 -71.6193
708 -33.0481 -71.6191
157 -33.0483 -71.6189
511 -33.048 -71.6193
152 -33.0479 -71.6195
530 -33.0479 -71.6195
610 -33.0479 -71.6195
794 -33.0483 -71.6187
605 -33.0484 -71.6185
113 -33.0485 -71.6183
333 -33.0485 -71.6182
639 -33.0484 -71.6185
763 -33.0483 -71.6187
383 -33.0484 -71.6187
155 -33.0484 -71.6185
722 -33.0479 -71.6196
793 -33.0473 -71.618
972 -33.0473 -71.618
553 -33.0476 -71.6174
968 -33.0473 -71.6182
643 -33.0469 -71.6192
827 -33.047 -71.619
724 -33.0471 -71.6186
48 -33.0476 -71.6173
604 -33.0476 -71.6171
140 -33.0478 -71.6165
853 -33.0478 -71.6164
81 -33.0476 -71.6171
933 -33.0476 -71.6173
348 -33.0476 -71.6172
304 -33.0494 -71.6164
93 -33.0504 -71.6158
148 -33.0502 -71.6158
430 -33.0502 -71.6157
756 -33.0501 -71.6157
195 -33.0495 -71.6162
75 -33.0496 -71.6161
496 -33.0496 -71.6161
385 -33.0501 -71.6157
795 -33.0505 -71.6157
565 -33.0505 -71.6155
320 -33.0505 -71.6155
783 -33.05 -71.6157
548 -33.0495 -71.6143
76 -33.0495 -71.6143
207 -33.0495 -71.6142
278 -33.0495 -71.6143
457 -33.0493 -71.615
401 -33.0494 -71.6149
481 -33.0494 -71.6149
956 -33.0493 -71.615
701 -33.0493 -71.6154
680 -33.0493 -71.6153
234 -33.0493 -71.6153
828 -33.0494 -71.6148
654 -33.0494 -71.6144
27 -33.0494 -71.6144
74 -33.0494 -71.6144
64 -33.0494 -71.6145
425 -33.0494 -71.6147
363 -33.0494 -71.6147
240 -33.0494 -71.6146
522 -33.0495 -71.6142
835 -33.0505 -71.613
201 -33.0504 -71.613
942 -33.0503 -71.613
739 -33.0503 -71.613
392 -33.0503 -71.613
336 -33.0502 -71.613
100 -33.0502 -71.613
902 -33.0502 -71.613
915 -33.0501 -71.613
621 -33.0498 -71.6129
379 -33.0498 -71.6126
749 -33.0498 -71.6129
996 -33.0497 -71.6129
164 -33.0497 -71.6128
750 -33.0498 -71.6126
539 -33.0497 -71.6128
804 -33.0495 -71.6139
329 -33.0496 -71.6135
656 -33.0496 -71.6134
518 -33.0495 -71.6139
709 -33.0495 -71.6142
665 -33.0495 -71.6142
86 -33.0495 -71.614
258 -33.0497 -71.6131
180 -33.0497 -71.6131
428 -33.0497 -71.613
805 -33.0495 -71.6129
186 -33.0495 -71.6129
659 -33.0495 -71.6129
588 -33.0493 -71.6129
337 -33.0493 -71.6154
77 -33.0492 -71.616
780 -33.0492 -71.6158
637 -33.0492 -71.6157
374 -33.0491 -71.6161
432 -33.0491 -71.6162
302 -33.0491 -71.6162
462 -33.0491 -71.6162
0 -33.0492 -71.6156
44 -33.0484 -71.6144
248 -33.0484 -71.6142
590 -33.0484 -71.6142
728 -33.0483 -71.6145
31 -33.0482 -71.6149
648 -33.0483 -71.6147
538 -33.0483 -71.6147
515 -33.0482 -71.6151
314 -33.048 -71.6159
84 -33.048 -71.6159
855 -33.048 -71.6159
50 -33.0479 -71.6162
941 -33.0479 -71.6163
862 -33.0479 -71.6163
435 -33.0479 -71.6162
778 -33.048 -71.6158
218 -33.0481 -71.6156
960 -33.0481 -71.6154
851 -33.0482 -71.6151
519 -33.0481 -71.6156
541 -33.048 -71.6158
436 -33.048 -71.6158
758 -33.0484 -71.6142
894 -33.0492 -71.6129
638 -33.0492 -71.6129
666 -33.0492 -71.6129
920 -33.049 -71.6129
899 -33.0486 -71.6133
444 -33.0487 -71.6132
685 -33.0487 -71.6129
24 -33.0491 -71.6129
964 -33.0491 -71.6129
719 -33.0488 -71.6125
342 -33.0488 -71.6125
779 -33.0488 -71.6125
494 -33.0487 -71.6129
947 -33.0488 -71.6127
596 -33.0488 -71.6126
847 -33.0486 -71.6134
231 -33.0484 -71.614
807 -33.0485 -71.614
178 -33.0485 -71.6137
119 -33.0484 -71.6141
418 -33.0484 -71.6141
971 -33.0484 -71.6141
823 -33.0484 -71.6141
153 -33.0486 -71.6136
345 -33.0486 -71.6135
683 -33.0486 -71.6134
133 -33.0486 -71.6134
634 -33.0477 -71.6129
353 -33.0475 -71.6127
54 -33.0472 -71.6127
307 -33.0541 -71.6123
452 -33.0544 -71.6122
175 -33.0544 -71.6122
61 -33.0544 -71.612
12 -33.0543 -71.612
751 -33.0541 -71.6123
52 -33.0542 -71.6122
402 -33.0543 -71.6122
927 -33.0543 -71.6118
773 -33.0542 -71.6118
35 -33.0542 -71.6118
384 -33.0546 -71.6105
679 -33.0542 -71.6117
274 -33.0542 -71.6117
676 -33.054 -71.6115
866 -33.0541 -71.6105
424 -33.054 -71.6114
303 -33.054 -71.6114
512 -33.0539 -71.6112
276 -33.0539 -71.6112
187 -33.0539 -71.6113
733 -33.0538 -71.6122
674 -33.0538 -71.6112
7 -33.0538 -71.6112
390 -33.0538 -71.6111
120 -33.0538 -71.6111
569 -33.0539 -71.6105
874 -33.054 -71.6105
556 -33.0538 -71.611
675 -33.0538 -71.611
782 -33.0538 -71.611
190 -33.0538 -71.611
259 -33.0551 -71.6104
970 -33.0569 -71.6098
132 -33.0556 -71.6094
886 -33.056 -71.6085
748 -33.0556 -71.6093
72 -33.055 -71.6104
463 -33.055 -71.6104
740 -33.0546 -71.6085
922 -33.0546 -71.6085
857 -33.0545 -71.6085
46 -33.0545 -71.6085
282 -33.0545 -71.6085
833 -33.0544 -71.6085
422 -33.0544 -71.6085
472 -33.0544 -71.6085
138 -33.0543 -71.6085
555 -33.0543 -71.6085
592 -33.0543 -71.6085
478 -33.0543 -71.6085
944 -33.0543 -71.6085
810 -33.0542 -71.6085
219 -33.0542 -71.6085
918 -33.0542 -71.6085
980 -33.0542 -71.6085
772 -33.0542 -71.6085
723 -33.0541 -71.6085
878 -33.054 -71.6085
662 -33.054 -71.6085
489 -33.054 -71.6085
769 -33.054 -71.6085
954 -33.054 -71.6085
811 -33.0538 -71.611
173 -33.0537 -71.6122
480 -33.0535 -71.6122
910 -33.0534 -71.6114
571 -33.0533 -71.6122
214 -33.0533 -71.6122
14 -33.0532 -71.6121
351 -33.0532 -71.6121
242 -33.0537 -71.6113
2 -33.0538 -71.6113
797 -33.0537 -71.6112
848 -33.0537 -71.6112
737 -33.0537 -71.6113
506 -33.0536 -71.6111
40 -33.0535 -71.6111
49 -33.0532 -71.6109
578 -33.0531 -71.6115
29 -33.0531 -71.6121
15 -33.0531 -71.6121
295 -33.0529 -71.6121
909 -33.0527 -71.6121
197 -33.0527 -71.6121
916 -33.0526 -71.6121
252 -33.0523 -71.612
387 -33.0523 -71.612
577 -33.0523 -71.612
299 -33.0528 -71.6116
97 -33.053 -71.6116
789 -33.0523 -71.612
23 -33.0523 -71.612
268 -33.0523 -71.6117
212 -33.053 -71.6108
505 -33.0535 -71.6105
26 -33.0535 -71.6105
192 -33.0535 -71.6105
603 -33.0529 -71.6108
601 -33.0529 -71.6107
224 -33.0529 -71.6106
645 -33.0528 -71.6106
843 -33.0536 -71.6085
62 -33.0536 -71.6085
540 -33.0537 -71.6085
156 -33.0537 -71.6085
73 -33.0536 -71.6085
350 -33.0536 -71.6085
503 -33.0536 -71.6085
261 -33.0535 -71.6085
89 -33.0528 -71.6105
551 -33.0528 -71.6105
681 -33.0527 -71.6104
22 -33.0527 -71.6104
575 -33.0527 -71.6104
228 -33.0526 -71.6102
600 -33.0525 -71.61
885 -33.0524 -71.61
204 -33.0524 -71.6099
343 -33.0524 -71.6099
211 -33.0524 -71.6099
863 -33.0523 -71.6098
861 -33.0523 -71.6098
593 -33.0522 -71.6097
324 -33.0522 -71.6097
458 -33.0539 -71.6085
606 -33.056 -71.6084
528 -33.0576 -71.6081
300 -33.0574 -71.6081
876 -33.0559 -71.6084
461 -33.0552 -71.6081
513 -33.0553 -71.608
527 -33.0553 -71.608
474 -33.0572 -71.608
677 -33.0571 -71.608
808 -33.057 -71.608
281 -33.0568 -71.608
419 -33.0565 -71.608
296 -33.0553 -71.608
63 -33.0564 -71.608
925 -33.0564 -71.608
400 -33.0552 -71.6081
912 -33.0549 -71.6083
285 -33.055 -71.6083
535 -33.055 -71.6082
705 -33.0549 -71.6083
225 -33.0547 -71.6084
873 -33.0548 -71.6084
477 -33.0548 -71.6084
473 -33.055 -71.6082
657 -33.0551 -71.6081
929 -33.0552 -71.6081
335 -33.0552 -71.6081
411 -33.0551 -71.6082
613 -33.055 -71.6082
223 -33.055 -71.6082
700 -33.0551 -71.6082
280 -33.0564 -71.608
159 -33.0564 -71.608
903 -33.0561 -71.6079
112 -33.0562 -71.6074
525 -33.056 -71.6075
672 -33.0559 -71.6079
581 -33.0558 -71.6079
311 -33.0557 -71.6077
491 -33.0565 -71.6073
291 -33.057 -71.6071
441 -33.0576 -71.6047
147 -33.0567 -71.6045
331 -33.0566 -71.6073
870 -33.0565 -71.6045
768 -33.0563 -71.6044
90 -33.0558 -71.6043
977 -33.0557 -71.6078
934 -33.0555 -71.6079
558 -33.0555 -71.6079
499 -33.0555 -71.6079
469 -33.0554 -71.6079
510 -33.0553 -71.608
129 -33.0554 -71.608
11 -33.0554 -71.608
79 -33.0555 -71.6079
362 -33.0557 -71.6078
332 -33.0556 -71.6078
454 -33.0556 -71.6078
924 -33.0554 -71.6044
196 -33.0548 -71.6051
221 -33.0551 -71.6045
83 -33.0547 -71.6084
378 -33.0539 -71.6085
715 -33.0539 -71.6085
753 -33.0538 -71.6085
825 -33.0538 -71.6085
622 -33.0535 -71.6085
664 -33.0538 -71.6085
470 -33.0537 -71.6085
984 -33.0537 -71.6085
858 -33.0547 -71.6085
888 -33.0547 -71.6085
438 -33.0547 -71.6085
168 -33.0546 -71.6085
557 -33.0534 -71.6085
532 -33.0534 -71.6085
381 -33.0534 -71.6085
110 -33.0533 -71.6084
94 -33.0533 -71.6084
746 -33.0533 -71.6084
32 -33.053 -71.6083
923 -33.0529 -71.6083
626 -33.0529 -71.6083
706 -33.0529 -71.6083
183 -33.0529 -71.6083
840 -33.0529 -71.6083
158 -33.0528 -71.6083
952 -33.0528 -71.6083
690 -33.0527 -71.6082
316 -33.0527 -71.6082
137 -33.0527 -71.6082
846 -33.0527 -71.6082
468 -33.0526 -71.6082
328 -33.0526 -71.6082
126 -33.0526 -71.6082
836 -33.0526 -71.6082
714 -33.0525 -71.6082
167 -33.0525 -71.6082
136 -33.0525 -71.6082
951 -33.0524 -71.6081
595 -33.0527 -71.6067
98 -33.0542 -71.6067
937 -33.0533 -71.6064
78 -33.0542 -71.6047
620 -33.0532 -71.6047
256 -33.0528 -71.6066
293 -33.0524 -71.6048
169 -33.0532 -71.6047
471 -33.0524 -71.6081
981 -33.0524 -71.6081
502 -33.0524 -71.6081
757 -33.0523 -71.6081
398 -33.0523 -71.6081
785 -33.0523 -71.6081
671 -33.0523 -71.6081
966 -33.0523 -71.6081
752 -33.0523 -71.6081
181 -33.0523 -71.608
369 -33.0522 -71.608
56 -33.0522 -71.608
460 -33.0522 -71.608
815 -33.0522 -71.6078
99 -33.0522 -71.6048
745 -33.0522 -71.6117
272 -33.0521 -71.612
310 -33.0519 -71.612
160 -33.0518 -71.612
998 -33.0518 -71.612
649 -33.0518 -71.612
386 -33.0516 -71.612
347 -33.0517 -71.612
986 -33.0515 -71.612
742 -33.0515 -71.612
143 -33.0517 -71.6118
415 -33.0521 -71.6117
141 -33.0514 -71.6119
309 -33.0513 -71.6119
943 -33.0512 -71.6119
936 -33.0513 -71.6119
905 -33.0512 -71.6119
433 -33.0512 -71.612
759 -33.0512 -71.612
931 -33.0512 -71.6119
102 -33.0512 -71.6121
108 -33.0511 -71.6122
356 -33.0512 -71.6121
391 -33.0511 -71.6121
151 -33.0512 -71.6119
490 -33.0501 -71.6107
104 -33.0501 -71.6106
689 -33.0501 -71.6105
609 -33.0501 -71.6107
37 -33.0501 -71.6109
953 -33.0501 -71.6109
507 -33.0501 -71.6109
445 -33.0501 -71.6105
720 -33.0509 -71.6102
691 -33.0509 -71.6102
806 -33.0508 -71.6102
247 -33.0508 -71.6102
887 -33.0508 -71.6102
875 -33.0506 -71.6102
554 -33.0508 -71.6102
410 -33.0506 -71.6102
397 -33.051 -71.6101
731 -33.0511 -71.61
813 -33.0513 -71.6098
267 -33.051 -71.6101
682 -33.0506 -71.6102
67 -33.0506 -71.6102
245 -33.051 -71.6101
264 -33.0506 -71.6102
552 -33.0502 -71.6103
616 -33.0502 -71.6102
921 -33.0504 -71.6102
41 -33.0502 -71.6103
965 -33.0501 -71.6104
959 -33.0502 -71.6103
893 -33.0502 -71.6103
667 -33.0505 -71.6102
871 -33.0505 -71.6102
184 -33.0504 -71.6102
359 -33.0505 -71.6102
567 -33.0504 -71.6102
6 -33.0503 -71.6102
289 -33.0503 -71.6101
135 -33.0501 -71.6109
684 -33.05 -71.6115
792 -33.05 -71.6115
352 -33.05 -71.6114
95 -33.0499 -71.6116
524 -33.0498 -71.6123
246 -33.0499 -71.6119
841 -33.0499 -71.6119
543 -33.05 -71.6113
396 -33.05 -71.6113
114 -33.05 -71.6113
584 -33.05 -71.6112
275 -33.05 -71.6113
926 -33.0499 -71.6113
449 -33.0499 -71.6113
131 -33.0498 -71.6113
330 -33.0498 -71.6113
932 -33.049 -71.6119
439 -33.049 -71.6118
817 -33.0491 -71.6115
465 -33.049 -71.612
651 -33.0489 -71.6122
58 -33.0489 -71.6122
96 -33.0481 -71.6115
241 -33.0482 -71.6114
451 -33.0497 -71.6112
969 -33.0495 -71.6112
898 -33.0493 -71.6112
338 -33.0492 -71.6112
312 -33.0482 -71.6114
974 -33.0492 -71.6112
699 -33.05 -71.6112
426 -33.05 -71.6111
570 -33.05 -71.611
594 -33.0501 -71.6109
443 -33.05 -71.6111
630 -33.05 -71.6111
45 -33.05 -71.6111
777 -33.05 -71.6111
729 -33.0493 -71.6105
995 -33.0497 -71.61
344 -33.0493 -71.6099
39 -33.0495 -71.6098
663 -33.0492 -71.6099
928 -33.0491 -71.6099
459 -33.049 -71.6099
824 -33.049 -71.6099
3 -33.049 -71.6099
766 -33.0488 -71.6112
33 -33.0489 -71.6112
814 -33.0488 -71.6099
702 -33.0488 -71.6098
526 -33.0486 -71.6112
317 -33.0486 -71.6112
486 -33.0487 -71.6098
249 -33.0487 -71.6098
798 -33.0486 -71.6098
288 -33.0486 -71.6098
865 -33.0485 -71.6098
4 -33.0484 -71.6098
695 -33.0479 -71.6098
985 -33.0478 -71.6098
257 -33.0514 -71.6097
734 -33.0522 -71.6096
821 -33.0522 -71.6095
421 -33.0521 -71.6095
227 -33.052 -71.6093
771 -33.052 -71.6093
607 -33.052 -71.6093
229 -33.052 -71.6091
319 -33.052 -71.609
882 -33.052 -71.6088
284 -33.0521 -71.6088
349 -33.0521 -71.6086
736 -33.052 -71.6088
321 -33.052 -71.609
199 -33.052 -71.609
294 -33.052 -71.6089
357 -33.052 -71.6091
997 -33.0519 -71.6092
498 -33.0519 -71.6092
68 -33.0519 -71.6091
375 -33.0518 -71.6093
371 -33.0515 -71.6096
670 -33.0516 -71.6095
230 -33.0517 -71.6094
235 -33.0519 -71.6091
233 -33.0517 -71.609
437 -33.0517 -71.609
738 -33.0517 -71.609
82 -33.0517 -71.609
306 -33.0516 -71.609
185 -33.0515 -71.6088
707 -33.0514 -71.6088
669 -33.0521 -71.6086
236 -33.0522 -71.6084
741 -33.0522 -71.6083
704 -33.0522 -71.6082
182 -33.0522 -71.6084
856 -33.0522 -71.6084
404 -33.0522 -71.6084
832 -33.0522 -71.6084
653 -33.0521 -71.6081
770 -33.0522 -71.6075
382 -33.0522 -71.6075
673 -33.0522 -71.6074
365 -33.0522 -71.6077
990 -33.0521 -71.6081
624 -33.0521 -71.6076
788 -33.0521 -71.6071
325 -33.0519 -71.6076
845 -33.0517 -71.6081
406 -33.0518 -71.6081
125 -33.0518 -71.6081
243 -33.0517 -71.6082
172 -33.0516 -71.6082
16 -33.0516 -71.6082
71 -33.0517 -71.6082
417 -33.0519 -71.6081
244 -33.0518 -71.6065
564 -33.0515 -71.606
957 -33.0516 -71.6052
358 -33.0515 -71.6059
287 -33.0514 -71.6075
103 -33.0514 -71.6075
65 -33.0514 -71.6059
623 -33.0511 -71.6092
562 -33.0511 -71.6086
91 -33.0511 -71.6086
625 -33.051 -71.6086
776 -33.0504 -71.6089
193 -33.0504 -71.6089
534 -33.051 -71.6086
658 -33.051 -71.6086
8 -33.051 -71.6085
395 -33.0512 -71.6084
544 -33.0512 -71.6084
203 -33.0508 -71.6085
215 -33.0507 -71.6085
867 -33.0507 -71.6085
791 -33.0503 -71.6085
566 -33.0502 -71.6085
650 -33.0496 -71.6092
536 -33.0501 -71.6084
429 -33.0501 -71.6084
121 -33.0496 -71.6092
47 -33.0496 -71.6095
28 -33.0496 -71.6095
781 -33.0496 -71.6093
270 -33.05 -71.6084
161 -33.05 -71.6084
906 -33.0498 -71.6084
508 -33.0498 -71.6084
914 -33.0497 -71.6084
617 -33.0496 -71.6084
717 -33.0494 -71.6083
188 -33.049 -71.6083
993 -33.0514 -71.6075
975 -33.0511 -71.6074
232 -33.0509 -71.6074
339 -33.0508 -71.6074
839 -33.0507 -71.6073
895 -33.0503 -71.6073
149 -33.0508 -71.6067
122 -33.0513 -71.6059
388 -33.0511 -71.6058
628 -33.051 -71.6058
1 -33.0513 -71.6052
913 -33.0508 -71.6058
492 -33.0504 -71.6056
30 -33.0507 -71.605
826 -33.0506 -71.605
989 -33.0503 -71.6073
380 -33.049 -71.6083
59 -33.049 -71.6083
568 -33.0489 -71.6083
618 -33.0487 -71.6083
346 -33.0485 -71.6082
559 -33.048 -71.6082
162 -33.0478 -71.6082
308 -33.0503 -71.6073
21 -33.0502 -71.6072
896 -33.0503 -71.6056
800 -33.0502 -71.6056
194 -33.0501 -71.6072
514 -33.0498 -71.6054
533 -33.0474 -71.6042
