271 -33.0614 -71.6159
619 -33.0614 -71.6159
760 -33.0614 -71.6159
838 -33.0608 -71.6161
466 -33.0603 -71.6163
290 -33.0607 -71.6162
907 -33.0608 -71.6161
301 -33.0622 -71.6158
754 -33.0618 -71.6158
978 -33.0627 -71.6151
475 -33.0626 -71.615
455 -33.0617 -71.6158
154 -33.0607 -71.6155
803 -33.0609 -71.6154
456 -33.0609 -71.6154
446 -33.0603 -71.6158
166 -33.06 -71.6165
179 -33.0601 -71.6164
403 -33.0601 -71.6164
495 -33.0599 -71.6165
171 -33.0595 -71.6167
448 -33.0596 -71.6166
145 -33.0598 -71.6165
423 -33.0601 -71.616
7 -33.0597 -71.6147
549 -33.0597 -71.6146
726 -33.0597 -71.6145
698 -33.0597 -71.6147
962 -33.0596 -71.6148
773 -33.0596 -71.6148
809 -33.0596 -71.6146
424 -33.06 -71.6145
483 -33.0607 -71.6139
127 -33.0608 -71.6136
917 -33.0623 -71.6135
686 -33.0607 -71.614
61 -33.0606 -71.6141
467 -33.0606 -71.6141
123 -33.0606 -71.6141
762 -33.0609 -71.6135
118 -33.0639 -71.6133
531 -33.0627 -71.613
238 -33.0627 -71.613
501 -33.0625 -71.613
994 -33.061 -71.6134
189 -33.061 -71.6134
579 -33.0621 -71.6131
945 -33.0603 -71.6143
367 -33.06 -71.6144
279 -33.0602 -71.6143
274 -33.0601 -71.6141
819 -33.0599 -71.6144
405 -33.0595 -71.614
967 -33.0598 -71.6138
927 -33.0598 -71.6137
354 -33.0598 -71.6137
580 -33.0601 -71.6134
751 -33.0601 -71.6134
150 -33.0602 -71.6132
641 -33.0601 -71.6133
373 -33.0598 -71.6136
69 -33.06 -71.6134
355 -33.0594 -71.6142
946 -33.059 -71.6169
930 -33.0591 -71.6168
908 -33.0592 -71.6168
487 -33.0589 -71.6169
727 -33.0588 -71.617
614 -33.0589 -71.6169
506 -33.0587 -71.6169
611 -33.0591 -71.6167
198 -33.0589 -71.6152
546 -33.0591 -71.6151
49 -33.0592 -71.6151
117 -33.0589 -71.6153
767 -33.0588 -71.6154
711 -33.0588 -71.6153
488 -33.0588 -71.6148
89 -33.0587 -71.6154
830 -33.0585 -71.6172
327 -33.0585 -71.6172
393 -33.0586 -71.6171
128 -33.0585 -71.6172
597 -33.0583 -71.6174
703 -33.0583 -71.6174
504 -33.0584 -71.6173
262 -33.0584 -71.6165
228 -33.0585 -71.6153
636 -33.0586 -71.6149
787 -33.0584 -71.6148
431 -33.0584 -71.6163
600 -33.0584 -71.6151
105 -33.0583 -71.6148
721 -33.0583 -71.6148
992 -33.0588 -71.6148
450 -33.0591 -71.6145
434 -33.0591 -71.6145
761 -33.0591 -71.6145
844 -33.059 -71.6145
292 -33.059 -71.6146
254 -33.059 -71.6145
973 -33.059 -71.6145
341 -33.0592 -71.6143
107 -33.0594 -71.6142
916 -33.0591 -71.6135
102 -33.0591 -71.6135
402 -33.0591 -71.6136
464 -33.0591 -71.6136
950 -33.0591 -71.6134
822 -33.0589 -71.6133
919 -33.0589 -71.6131
892 -33.0587 -71.6147
864 -33.0587 -71.6147
512 -33.0586 -71.6144
797 -33.0586 -71.6146
545 -33.0586 -71.6147
175 -33.0584 -71.6139
571 -33.0584 -71.6138
891 -33.0583 -71.6137
211 -33.0585 -71.6137
668 -33.0586 -71.6133
730 -33.0589 -71.6133
881 -33.0583 -71.6134
521 -33.0583 -71.6134
707 -33.0583 -71.613
18 -33.0584 -71.613
51 -33.0627 -71.6124
958 -33.0627 -71.6123
366 -33.0627 -71.6123
387 -33.0611 -71.6123
577 -33.061 -71.6124
679 -33.061 -71.6123
789 -33.0611 -71.6123
370 -33.0611 -71.6123
674 -33.0613 -71.6122
286 -33.0627 -71.6122
52 -33.0627 -71.6121
251 -33.0613 -71.6122
408 -33.0612 -71.6122
537 -33.0612 -71.6122
747 -33.0613 -71.6122
255 -33.0609 -71.6124
134 -33.0604 -71.613
224 -33.0605 -71.6128
816 -33.0605 -71.6128
347 -33.0604 -71.6128
146 -33.0604 -71.6129
575 -33.0602 -71.6128
986 -33.0603 -71.6128
603 -33.0603 -71.6127
269 -33.0607 -71.6126
693 -33.0608 -71.6125
272 -33.0608 -71.6125
310 -33.0607 -71.6126
160 -33.0606 -71.6127
601 -33.0603 -71.6125
237 -33.0603 -71.6124
407 -33.0615 -71.6121
976 -33.0646 -71.6121
869 -33.0631 -71.612
640 -33.0631 -71.612
642 -33.0629 -71.6121
57 -33.0625 -71.6121
413 -33.0623 -71.612
480 -33.0621 -71.612
733 -33.0623 -71.612
482 -33.0647 -71.6113
420 -33.065 -71.6112
326 -33.0649 -71.6109
523 -33.0639 -71.6112
209 -33.0629 -71.6118
561 -33.0631 -71.6112
774 -33.063 -71.6112
351 -33.0619 -71.612
14 -33.0619 -71.612
452 -33.0619 -71.6118
700 -33.0619 -71.6114
582 -33.0618 -71.612
307 -33.0607 -71.6116
627 -33.0609 -71.6115
12 -33.0612 -71.6115
285 -33.0619 -71.6112
934 -33.0619 -71.6112
705 -33.0619 -71.6111
646 -33.0618 -71.611
297 -33.0618 -71.6108
876 -33.0603 -71.611
818 -33.0618 -71.6109
252 -33.0601 -71.6116
837 -33.0592 -71.6129
334 -33.0593 -71.6129
70 -33.0593 -71.6129
801 -33.0591 -71.6129
216 -33.059 -71.6129
607 -33.059 -71.6129
87 -33.059 -71.6129
19 -33.0594 -71.6129
208 -33.0596 -71.6128
200 -33.0597 -71.6128
295 -33.0598 -71.6128
202 -33.0596 -71.6128
324 -33.0594 -71.6129
615 -33.0595 -71.6129
863 -33.0596 -71.6128
661 -33.059 -71.6129
599 -33.0586 -71.613
437 -33.0586 -71.613
738 -33.0586 -71.613
655 -33.0586 -71.613
42 -33.0585 -71.613
233 -33.0585 -71.613
306 -33.0585 -71.613
82 -33.0586 -71.613
771 -33.0589 -71.6129
498 -33.0589 -71.6129
877 -33.059 -71.6129
235 -33.0589 -71.6129
124 -33.0588 -71.6129
265 -33.0589 -71.6129
414 -33.06 -71.6128
759 -33.06 -71.6128
309 -33.0601 -71.6128
22 -33.0601 -71.6128
991 -33.0595 -71.6125
23 -33.0592 -71.6126
303 -33.0591 -71.6125
955 -33.0595 -71.612
376 -33.0595 -71.6117
368 -33.0598 -71.6116
602 -33.0595 -71.6116
998 -33.0595 -71.6115
743 -33.0595 -71.6109
298 -33.0593 -71.6116
563 -33.0593 -71.6116
187 -33.0592 -71.6112
676 -33.0591 -71.6122
742 -33.0589 -71.6128
386 -33.0589 -71.6127
20 -33.0589 -71.6127
29 -33.0588 -71.6126
214 -33.0583 -71.6127
842 -33.0583 -71.6126
197 -33.0585 -71.6124
905 -33.0588 -71.6121
560 -33.0588 -71.6117
259 -33.0589 -71.6112
748 -33.0589 -71.6112
706 -33.0587 -71.6113
151 -33.0584 -71.6117
606 -33.0583 -71.6113
645 -33.0583 -71.6127
904 -33.0575 -71.6181
961 -33.0576 -71.618
66 -33.0579 -71.6177
364 -33.0574 -71.6181
130 -33.0571 -71.6184
165 -33.0571 -71.6184
109 -33.0572 -71.6183
100 -33.0576 -71.617
585 -33.0582 -71.617
204 -33.0583 -71.6151
343 -33.0582 -71.615
323 -33.0581 -71.615
593 -33.0577 -71.6155
565 -33.0581 -71.615
880 -33.0581 -71.615
964 -33.0568 -71.617
979 -33.0568 -71.6183
10 -33.0568 -71.6183
983 -33.0567 -71.6182
949 -33.0567 -71.6182
786 -33.0566 -71.6182
494 -33.0565 -71.6167
529 -33.0562 -71.6159
850 -33.0562 -71.6152
142 -33.0563 -71.6151
412 -33.0563 -71.6151
85 -33.0564 -71.615
574 -33.0562 -71.6151
550 -33.0562 -71.6152
688 -33.0562 -71.6151
106 -33.0562 -71.6151
115 -33.0564 -71.615
860 -33.058 -71.615
320 -33.058 -71.615
734 -33.0579 -71.615
421 -33.0578 -71.6149
340 -33.0578 -71.6149
116 -33.0578 -71.6149
795 -33.0577 -71.6149
361 -33.0578 -71.6149
835 -33.0578 -71.6149
399 -33.0577 -71.6149
93 -33.0576 -71.6149
812 -33.0576 -71.6149
177 -33.0575 -71.6149
739 -33.0575 -71.6149
148 -33.0575 -71.6149
430 -33.0574 -71.6149
226 -33.0565 -71.615
497 -33.0565 -71.6149
304 -33.0565 -71.6149
647 -33.0565 -71.615
796 -33.0564 -71.615
24 -33.0564 -71.615
890 -33.0564 -71.615
5 -33.0565 -71.6149
315 -33.0566 -71.6149
756 -33.0573 -71.6149
385 -33.0573 -71.6148
144 -33.0566 -71.6149
496 -33.0565 -71.6149
195 -33.0565 -71.6149
712 -33.0562 -71.6158
598 -33.0557 -71.6167
589 -33.0557 -71.6165
829 -33.0558 -71.6164
25 -33.0556 -71.617
708 -33.0556 -71.6179
92 -33.0556 -71.6172
987 -33.0556 -71.6172
883 -33.0561 -71.6161
263 -33.0561 -71.616
453 -33.056 -71.616
217 -33.0561 -71.6158
239 -33.0559 -71.6159
416 -33.0558 -71.6159
573 -33.0557 -71.6159
889 -33.0556 -71.6159
170 -33.0556 -71.6159
629 -33.055 -71.6182
409 -33.0553 -71.6179
511 -33.0553 -71.6179
849 -33.0549 -71.6185
516 -33.0538 -71.6184
509 -33.0545 -71.6184
427 -33.0548 -71.6184
710 -33.0555 -71.6172
333 -33.0554 -71.6159
113 -33.0554 -71.6158
605 -33.0553 -71.6158
639 -33.0553 -71.6158
988 -33.0527 -71.6158
155 -33.0552 -71.6158
900 -33.0561 -71.6158
479 -33.0561 -71.6157
697 -33.0561 -71.6157
692 -33.0561 -71.6157
652 -33.056 -71.6155
53 -33.056 -71.6155
174 -33.056 -71.6155
999 -33.056 -71.6155
191 -33.056 -71.6154
940 -33.056 -71.6152
176 -33.0561 -71.6152
884 -33.0561 -71.6152
572 -33.056 -71.6153
273 -33.056 -71.6154
313 -33.0559 -71.6154
13 -33.056 -71.6153
859 -33.0559 -71.6153
763 -33.0549 -71.6158
794 -33.0549 -71.6158
353 -33.0558 -71.6157
157 -33.0549 -71.6158
277 -33.0525 -71.6158
820 -33.0525 -71.6157
205 -33.0525 -71.6157
938 -33.0525 -71.6157
635 -33.0544 -71.6157
610 -33.0541 -71.6156
54 -33.0555 -71.6155
644 -33.0536 -71.6156
911 -33.0535 -71.6155
764 -33.0533 -71.6155
783 -33.0572 -71.6148
713 -33.0581 -71.6144
948 -33.0582 -71.6142
551 -33.0582 -71.6142
476 -33.0581 -71.6144
377 -33.0577 -71.6145
68 -33.058 -71.6144
389 -33.0579 -71.6139
547 -33.058 -71.6138
963 -33.0582 -71.6131
227 -33.0582 -71.6131
942 -33.0582 -71.613
775 -33.0581 -71.6133
212 -33.0581 -71.6136
210 -33.0581 -71.6136
848 -33.0581 -71.6133
885 -33.0577 -71.6144
831 -33.0574 -71.6142
181 -33.0575 -71.614
687 -33.0575 -71.614
185 -33.0574 -71.6145
266 -33.0573 -71.6148
632 -33.0571 -71.6148
253 -33.0573 -71.6147
625 -33.0575 -71.6139
591 -33.0576 -71.6134
520 -33.0577 -71.6131
35 -33.0577 -71.6131
91 -33.0575 -71.6138
382 -33.0572 -71.6136
867 -33.0572 -71.6136
40 -33.0574 -71.6135
201 -33.0582 -71.613
392 -33.0582 -71.613
902 -33.0581 -71.613
872 -33.0583 -71.6127
725 -33.058 -71.613
275 -33.0579 -71.6129
562 -33.0579 -71.6129
658 -33.0578 -71.6129
108 -33.0582 -71.6123
587 -33.0581 -71.6123
815 -33.0581 -71.611
821 -33.0581 -71.6108
442 -33.058 -71.6119
542 -33.058 -71.6114
15 -33.058 -71.6113
569 -33.0579 -71.6113
649 -33.0578 -71.6129
534 -33.0577 -71.6129
449 -33.0577 -71.6129
996 -33.0577 -71.6129
203 -33.0576 -71.6129
173 -33.0576 -71.6129
805 -33.0575 -71.6128
623 -33.0575 -71.6128
186 -33.0574 -71.6128
588 -33.0573 -71.6128
861 -33.0575 -71.6119
681 -33.0575 -71.6116
791 -33.0571 -71.6127
666 -33.0571 -71.6127
638 -33.0571 -71.6127
17 -33.057 -71.6148
260 -33.057 -71.6148
250 -33.057 -71.6148
749 -33.057 -71.6148
678 -33.0569 -71.6147
111 -33.0566 -71.6148
38 -33.0567 -71.6148
659 -33.0567 -71.6148
852 -33.0568 -71.6147
163 -33.0568 -71.6147
566 -33.0569 -71.6126
270 -33.0568 -71.6126
500 -33.0568 -71.6147
429 -33.0567 -71.6133
536 -33.0567 -71.6133
33 -33.0567 -71.6125
75 -33.0566 -71.6148
161 -33.0566 -71.6132
59 -33.0556 -71.6131
508 -33.0566 -71.6125
380 -33.0555 -71.6131
101 -33.0497 -71.6131
618 -33.0554 -71.6131
447 -33.0511 -71.6128
617 -33.0566 -71.6125
906 -33.0566 -71.6125
914 -33.0565 -71.6125
683 -33.0563 -71.6124
346 -33.0553 -71.6124
559 -33.0549 -71.6124
851 -33.0548 -71.6124
44 -33.0555 -71.6124
717 -33.0562 -71.6124
188 -33.0558 -71.6123
568 -33.0558 -71.6123
758 -33.0556 -71.6123
862 -33.0537 -71.6122
553 -33.0527 -71.6121
901 -33.0529 -71.6116
348 -33.0529 -71.6116
855 -33.0539 -71.6112
314 -33.0539 -71.6111
394 -33.0538 -71.6111
660 -33.0538 -71.6111
81 -33.053 -71.6116
604 -33.0531 -71.6116
834 -33.0537 -71.6109
972 -33.0522 -71.612
793 -33.0522 -71.612
9 -33.0513 -71.6119
827 -33.0513 -71.6119
696 -33.05 -71.6115
322 -33.05 -71.6115
139 -33.05 -71.6115
802 -33.05 -71.6115
735 -33.05 -71.6114
633 -33.05 -71.6112
982 -33.05 -71.6111
718 -33.05 -71.611
222 -33.05 -71.6113
220 -33.0499 -71.6113
784 -33.0499 -71.6113
879 -33.0618 -71.6108
790 -33.064 -71.6108
11 -33.0631 -71.6104
499 -33.0634 -71.6103
60 -33.0618 -71.6108
474 -33.0618 -71.6108
740 -33.0618 -71.6108
43 -33.0618 -71.6106
63 -33.0632 -71.61
677 -33.0644 -71.6097
858 -33.0625 -71.6097
282 -33.0623 -71.6096
422 -33.062 -71.6095
219 -33.062 -71.6095
723 -33.062 -71.6095
715 -33.0617 -71.6094
608 -33.0617 -71.6106
918 -33.0615 -71.6104
581 -33.0617 -71.6103
576 -33.0617 -71.6103
878 -33.0615 -71.6103
903 -33.0614 -71.6107
190 -33.0604 -71.6106
26 -33.061 -71.6103
489 -33.0614 -71.6102
458 -33.0613 -71.6101
62 -33.0611 -71.6098
664 -33.0616 -71.6094
94 -33.061 -71.6095
97 -33.0603 -71.6101
138 -33.0605 -71.6096
970 -33.0608 -71.6096
470 -33.0616 -71.6094
79 -33.0631 -71.6093
469 -33.063 -71.6093
335 -33.0627 -71.6092
473 -33.0625 -71.6091
532 -33.0611 -71.6093
944 -33.062 -71.6093
438 -33.0621 -71.6091
183 -33.0609 -71.6089
463 -33.0621 -71.6085
72 -33.0622 -71.6085
478 -33.062 -71.608
156 -33.0618 -71.6087
350 -33.0618 -71.6087
461 -33.061 -71.6086
419 -33.0617 -71.608
952 -33.0609 -71.6089
328 -33.0609 -71.6088
690 -33.0608 -71.6088
714 -33.0607 -71.6088
757 -33.0607 -71.6086
73 -33.0605 -71.6093
981 -33.0607 -71.6085
471 -33.0607 -71.6085
746 -33.0606 -71.6085
752 -33.0606 -71.6085
369 -33.0605 -71.6085
753 -33.0607 -71.6079
653 -33.0605 -71.6084
741 -33.0605 -71.6084
832 -33.0604 -71.6084
192 -33.0602 -71.6082
909 -33.0597 -71.6106
886 -33.0602 -71.6103
305 -33.0601 -71.6101
415 -33.0597 -71.6104
765 -33.0592 -71.6104
143 -33.0591 -71.6101
866 -33.0596 -71.6098
626 -33.06 -71.6088
332 -33.0602 -71.6083
624 -33.0602 -71.6082
71 -33.0602 -71.6082
882 -33.0601 -71.6082
132 -33.06 -71.6088
2 -33.0592 -71.6088
810 -33.0598 -71.6082
362 -33.0589 -71.6095
391 -33.0584 -71.6104
141 -33.0589 -71.6102
657 -33.0586 -71.6101
558 -33.0584 -71.6106
770 -33.0582 -71.6106
745 -33.0582 -71.6101
433 -33.0583 -71.6098
856 -33.0587 -71.6093
236 -33.0588 -71.6088
257 -33.0583 -71.6087
554 -33.0583 -71.6085
875 -33.0583 -71.6085
454 -33.0582 -71.609
931 -33.0583 -71.6089
167 -33.0598 -71.6082
736 -33.0601 -71.6081
294 -33.06 -71.6081
788 -33.06 -71.608
199 -33.0599 -71.608
846 -33.059 -71.6079
528 -33.059 -71.6079
375 -33.0598 -71.6079
806 -33.0587 -71.6079
468 -33.0601 -71.6079
888 -33.0601 -71.6078
929 -33.0589 -71.6078
731 -33.0588 -71.6078
989 -33.0587 -71.6079
122 -33.0587 -71.6079
397 -33.0587 -71.6079
245 -33.0586 -71.6079
675 -33.0584 -71.608
410 -33.0583 -71.608
682 -33.0583 -71.608
913 -33.0583 -71.608
921 -33.0582 -71.6081
667 -33.0582 -71.6081
871 -33.0583 -71.608
264 -33.0583 -71.608
308 -33.0585 -71.6079
691 -33.0586 -71.6079
720 -33.0586 -71.6079
21 -33.0585 -71.6079
299 -33.0583 -71.608
194 -33.0585 -71.608
225 -33.0625 -71.6078
400 -33.0629 -71.6075
331 -33.0642 -71.6068
672 -33.0625 -71.6068
833 -33.0619 -71.6069
977 -33.0617 -71.6073
923 -33.0613 -71.607
662 -33.0619 -71.6068
808 -33.0612 -71.6068
924 -33.0635 -71.6065
291 -33.0637 -71.6064
90 -33.0638 -71.6064
441 -33.0634 -71.6065
381 -33.0611 -71.6066
557 -33.0617 -71.6065
147 -33.0633 -71.6065
836 -33.061 -71.6073
398 -33.0608 -71.6075
785 -33.0608 -71.6075
966 -33.0608 -71.6075
56 -33.0607 -71.6076
365 -33.0605 -71.6077
325 -33.0601 -71.6077
502 -33.0607 -71.6074
46 -33.0601 -71.6072
137 -33.0608 -71.6067
159 -33.0609 -71.6065
925 -33.0607 -71.6064
300 -33.0606 -71.6068
912 -33.0602 -71.6072
281 -33.0602 -71.607
772 -33.0601 -71.6065
83 -33.0601 -71.6063
296 -33.0632 -71.6062
112 -33.0632 -71.6062
870 -33.0645 -71.606
78 -33.0625 -71.6057
592 -33.0623 -71.6062
922 -33.0624 -71.6056
857 -33.0624 -71.6055
769 -33.062 -71.6053
825 -33.0618 -71.6051
620 -33.0617 -71.6051
169 -33.0617 -71.605
843 -33.0616 -71.605
32 -33.0611 -71.605
622 -33.0616 -71.605
261 -33.0615 -71.6049
491 -33.061 -71.6055
129 -33.0601 -71.6063
505 -33.0601 -71.606
284 -33.0601 -71.606
845 -33.0601 -71.6061
311 -33.06 -71.6062
16 -33.06 -71.6062
411 -33.0599 -71.6062
417 -33.0602 -71.6059
158 -33.061 -71.6052
293 -33.0609 -71.6047
99 -33.0608 -71.6046
951 -33.0607 -71.6055
669 -33.0602 -71.6059
349 -33.0603 -71.6059
172 -33.0599 -71.6062
229 -33.0599 -71.6078
997 -33.0598 -71.6077
556 -33.0598 -71.6077
395 -33.0597 -71.6076
103 -33.0596 -71.6078
232 -33.0591 -71.6077
215 -33.0591 -71.6076
339 -33.0592 -71.6076
287 -33.0596 -71.6076
321 -33.0597 -71.6069
243 -33.0599 -71.6067
737 -33.0594 -71.6076
242 -33.0592 -71.6076
371 -33.0593 -71.6076
378 -33.0592 -71.6068
813 -33.0591 -71.6076
839 -33.059 -71.6077
280 -33.0591 -71.6075
671 -33.0591 -71.6067
110 -33.0584 -71.6073
887 -33.0582 -71.6074
182 -33.0583 -71.6071
168 -33.0584 -71.6067
980 -33.0584 -71.6067
555 -33.0587 -71.6066
126 -33.0588 -71.6066
704 -33.0588 -71.6066
578 -33.0587 -71.6066
247 -33.0585 -71.6066
267 -33.0587 -71.6066
910 -33.059 -71.6065
404 -33.0595 -71.6065
954 -33.0594 -71.6064
230 -33.0595 -71.6064
125 -33.0594 -71.6064
8 -33.0593 -71.6064
873 -33.0593 -71.6064
670 -33.0594 -71.6064
276 -33.0595 -71.6064
120 -33.0596 -71.6063
544 -33.0596 -71.6063
256 -33.0594 -71.6055
1 -33.0593 -71.6047
527 -33.0592 -71.6063
513 -33.0591 -71.6063
221 -33.0591 -71.6054
525 -33.059 -71.6063
840 -33.0584 -71.6062
782 -33.0583 -71.6062
223 -33.0585 -71.6062
984 -33.0583 -71.6058
628 -33.0582 -71.6065
136 -33.0582 -71.6059
564 -33.0583 -71.6057
196 -33.0587 -71.6051
957 -33.0587 -71.6051
30 -33.0589 -71.6041
826 -33.0588 -71.6041
406 -33.0587 -71.605
595 -33.0583 -71.6051
937 -33.0586 -71.6051
359 -33.0582 -71.6081
510 -33.0577 -71.6107
384 -33.0577 -71.6102
268 -33.058 -71.6099
372 -33.0576 -71.6102
673 -33.0574 -71.6106
540 -33.0575 -71.6103
517 -33.0571 -71.6099
915 -33.0568 -71.6099
975 -33.0573 -71.6096
874 -33.0576 -71.6088
535 -33.0575 -71.6088
336 -33.0569 -71.6098
358 -33.0568 -71.6097
65 -33.0568 -71.6096
744 -33.0569 -71.6095
895 -33.0567 -71.6096
27 -33.0553 -71.6104
278 -33.0553 -71.6104
920 -33.0558 -71.6104
345 -33.055 -71.6104
780 -33.0541 -71.6105
337 -33.0544 -71.6105
401 -33.0548 -71.6104
133 -33.0549 -71.6103
621 -33.0565 -71.61
388 -33.0566 -71.6096
162 -33.056 -71.6086
180 -33.056 -71.6095
74 -33.0551 -71.6101
995 -33.056 -71.6095
894 -33.0556 -71.6094
444 -33.0546 -71.6085
518 -33.0548 -71.6083
804 -33.0549 -71.6083
244 -33.058 -71.6083
685 -33.0548 -71.6083
522 -33.0546 -71.6085
548 -33.0546 -71.6085
86 -33.0547 -71.6084
811 -33.0579 -71.6083
719 -33.0551 -71.6082
616 -33.0578 -71.6082
779 -33.0551 -71.6082
241 -33.0551 -71.6082
947 -33.055 -71.6083
596 -33.055 -71.6083
96 -33.055 -71.6082
709 -33.0546 -71.6085
207 -33.0545 -71.6085
76 -33.0545 -71.6085
665 -33.0546 -71.6085
847 -33.0544 -71.6085
654 -33.0543 -71.6085
153 -33.0542 -71.6085
240 -33.0542 -71.6085
64 -33.0543 -71.6085
363 -33.0542 -71.6085
178 -33.0542 -71.6085
425 -33.0542 -71.6085
828 -33.0542 -71.6085
481 -33.0542 -71.6085
807 -33.0539 -71.6085
457 -33.0539 -71.6085
31 -33.0538 -71.6105
77 -33.0539 -71.6105
716 -33.0514 -71.6097
968 -33.0512 -71.6099
530 -33.0509 -71.6102
724 -33.0508 -71.6102
722 -33.0508 -71.6102
383 -33.0515 -71.6096
440 -33.0519 -71.6091
206 -33.052 -71.6089
853 -33.0521 -71.6087
283 -33.0518 -71.6093
694 -33.0515 -71.6096
48 -33.0517 -71.6094
933 -33.0518 -71.6093
152 -33.0508 -71.6102
935 -33.0501 -71.6105
485 -33.0501 -71.6105
493 -33.0501 -71.6105
88 -33.0501 -71.6105
360 -33.0501 -71.6108
34 -33.0501 -71.6107
80 -33.0501 -71.6106
583 -33.0502 -71.6103
55 -33.0507 -71.6102
755 -33.0505 -71.6102
939 -33.0504 -71.6102
643 -33.0503 -71.6101
732 -33.0503 -71.6101
484 -33.0502 -71.6101
140 -33.0521 -71.6087
956 -33.0539 -71.6085
634 -33.0539 -71.6085
231 -33.0538 -71.6085
701 -33.0537 -71.6085
680 -33.0537 -71.6085
728 -33.0535 -71.6085
590 -33.0537 -71.6085
418 -33.0538 -71.6085
119 -33.0538 -71.6085
823 -33.0538 -71.6085
234 -33.0537 -71.6085
637 -33.0535 -71.6085
0 -33.0535 -71.6085
538 -33.0533 -71.6084
648 -33.0532 -71.6084
462 -33.0531 -71.6084
941 -33.0521 -71.6085
374 -33.053 -71.6083
515 -33.053 -71.6083
897 -33.0521 -71.6085
318 -33.0521 -71.6087
213 -33.0521 -71.6085
799 -33.0507 -71.6085
302 -33.0529 -71.6083
432 -33.0529 -71.6083
612 -33.0527 -71.6082
960 -33.0527 -71.6082
218 -33.0526 -71.6082
50 -33.0522 -71.6083
868 -33.0522 -71.6082
329 -33.0551 -71.6082
959 -33.0577 -71.6082
896 -33.0577 -71.6082
965 -33.0577 -71.6081
445 -33.0576 -71.6081
650 -33.0576 -71.6081
609 -33.0575 -71.6081
893 -33.0575 -71.6081
800 -33.0575 -71.6081
289 -33.0581 -71.6081
993 -33.0581 -71.6078
613 -33.0577 -71.6073
193 -33.0577 -71.6076
490 -33.0575 -71.6081
319 -33.0577 -71.6076
390 -33.0577 -71.6072
28 -33.0574 -71.6081
37 -33.0573 -71.608
594 -33.0572 -71.608
570 -33.0572 -71.608
39 -33.0572 -71.608
630 -33.0572 -71.608
45 -33.0571 -71.608
699 -33.0571 -71.608
514 -33.0571 -71.608
426 -33.057 -71.608
584 -33.057 -71.608
114 -33.0569 -71.608
131 -33.0569 -71.608
684 -33.0568 -71.608
663 -33.0567 -71.608
330 -33.0567 -71.608
352 -33.0568 -71.6072
6 -33.0579 -71.6068
184 -33.058 -71.6067
67 -33.0582 -71.6067
567 -33.0579 -71.6068
41 -33.0576 -71.6068
552 -33.0577 -71.6068
492 -33.0576 -71.6067
503 -33.0578 -71.6066
990 -33.058 -71.6062
477 -33.058 -71.6059
149 -33.0581 -71.6047
460 -33.0578 -71.6058
357 -33.0578 -71.6062
316 -33.0577 -71.6058
768 -33.0576 -71.6049
98 -33.0575 -71.6051
543 -33.0569 -71.6071
443 -33.0569 -71.6071
777 -33.057 -71.6071
926 -33.0569 -71.6071
344 -33.0568 -71.6072
396 -33.0568 -71.6071
936 -33.0568 -71.6071
953 -33.0572 -71.607
104 -33.0575 -71.6069
689 -33.0575 -71.6069
472 -33.0575 -71.6061
776 -33.0573 -71.6047
47 -33.0572 -71.6069
135 -33.0572 -71.6069
943 -33.0567 -71.6072
451 -33.0566 -71.608
824 -33.0566 -71.608
814 -33.0565 -71.608
3 -33.0565 -71.608
486 -33.0564 -71.608
249 -33.0563 -71.608
798 -33.0563 -71.608
288 -33.0562 -71.608
524 -33.0562 -71.608
338 -33.0562 -71.6079
865 -33.0562 -71.6079
974 -33.0561 -71.6079
651 -33.0554 -71.608
428 -33.0554 -71.6079
4 -33.056 -71.6079
985 -33.0554 -71.608
342 -33.0551 -71.6082
519 -33.0525 -71.6082
312 -33.0551 -71.6081
586 -33.0525 -71.6082
36 -33.0522 -71.6081
778 -33.0524 -71.6081
541 -33.0524 -71.6081
854 -33.0523 -71.6081
84 -33.0523 -71.6081
656 -33.0552 -71.6081
58 -33.0553 -71.608
631 -33.0523 -71.6081
436 -33.0523 -71.6081
435 -33.0519 -71.608
258 -33.0555 -71.6079
702 -33.0562 -71.6074
841 -33.0563 -71.6074
246 -33.0564 -71.6073
898 -33.0561 -71.6075
817 -33.0558 -71.6079
379 -33.0558 -71.6077
766 -33.0558 -71.6076
969 -33.0564 -71.6073
95 -33.0565 -71.6073
928 -33.0566 -71.6073
356 -33.0566 -71.6073
121 -33.0565 -71.6045
459 -33.0565 -71.6073
507 -33.0558 -71.6045
781 -33.0562 -71.6044
750 -33.0558 -71.6078
539 -33.0557 -71.6078
439 -33.0557 -71.6078
526 -33.0557 -71.6078
932 -33.0556 -71.6078
695 -33.0555 -71.6079
465 -33.0556 -71.6078
317 -33.0556 -71.6078
164 -33.0556 -71.6078
792 -33.0554 -71.6048
729 -33.0554 -71.6048
533 -33.0552 -71.6044
899 -33.0533 -71.6064
971 -33.0529 -71.6066
248 -33.0529 -71.6065
