497 -33.0543 -71.6231
647 -33.0543 -71.6231
5 -33.0544 -71.6231
109 -33.0543 -71.6244
217 -33.0543 -71.6242
697 -33.0543 -71.6241
479 -33.0543 -71.6241
115 -33.0544 -71.623
38 -33.0544 -71.6228
315 -33.0545 -71.6227
500 -33.0545 -71.6227
703 -33.0544 -71.6229
796 -33.0544 -71.623
890 -33.0544 -71.623
226 -33.0544 -71.623
142 -33.0543 -71.6232
829 -33.0537 -71.6245
979 -33.0538 -71.6245
883 -33.0542 -71.6244
786 -33.0536 -71.6245
25 -33.0532 -71.6246
598 -33.0534 -71.6246
589 -33.0535 -71.6245
53 -33.0543 -71.624
961 -33.0543 -71.6238
313 -33.0543 -71.6237
85 -33.0543 -71.6232
940 -33.0543 -71.6236
176 -33.0543 -71.6235
550 -33.0543 -71.6234
66 -33.0543 -71.6233
327 -33.0545 -71.6226
177 -33.055 -71.6219
880 -33.0552 -71.6215
179 -33.0551 -71.6209
930 -33.0549 -71.622
266 -33.0549 -71.622
253 -33.0549 -71.622
210 -33.0548 -71.6204
582 -33.0548 -71.6184
475 -33.0564 -71.6181
413 -33.055 -71.6179
668 -33.0553 -71.6178
765 -33.055 -71.618
963 -33.0549 -71.6183
367 -33.0549 -71.6182
189 -33.0549 -71.6182
487 -33.0548 -71.6222
678 -33.0546 -71.6225
260 -33.0547 -71.6224
377 -33.0547 -71.6203
376 -33.0536 -71.6184
134 -33.0535 -71.6185
816 -33.0535 -71.6185
881 -33.0536 -71.6185
549 -33.0539 -71.6184
537 -33.0544 -71.6184
407 -33.0546 -71.6184
978 -33.0547 -71.6184
408 -33.0542 -71.6184
255 -33.0541 -71.6184
370 -33.0542 -71.6184
42 -33.0532 -71.6188
987 -33.053 -71.6246
710 -33.0529 -71.6246
301 -33.0532 -71.6188
92 -33.0529 -71.6246
849 -33.0519 -71.6248
629 -33.0519 -71.6245
409 -33.0524 -71.6244
542 -33.0531 -71.6188
361 -33.0531 -71.6188
69 -33.0529 -71.6187
698 -33.0527 -71.6187
754 -33.0527 -71.6187
373 -33.0526 -71.6187
455 -33.0526 -71.6187
587 -33.0525 -71.6186
116 -33.0515 -71.6191
101 -33.051 -71.6234
935 -33.0506 -71.6213
493 -33.0506 -71.6212
34 -33.0505 -71.6215
633 -33.0504 -71.6219
447 -33.0504 -71.6218
732 -33.0504 -71.621
716 -33.0497 -71.62
399 -33.0515 -71.6191
17 -33.05 -71.6188
250 -33.05 -71.6187
163 -33.0498 -71.6187
694 -33.0497 -71.62
852 -33.0498 -71.6187
111 -33.0497 -71.6186
144 -33.0497 -71.6186
216 -33.0524 -71.6186
760 -33.0524 -71.6186
809 -33.0523 -71.6186
919 -33.0522 -71.6185
456 -33.0521 -71.6185
803 -33.052 -71.6185
355 -33.052 -71.6185
341 -33.0519 -71.6184
761 -33.0517 -71.6184
434 -33.0517 -71.6184
844 -33.0517 -71.6184
838 -33.0517 -71.6184
198 -33.0516 -71.6184
973 -33.0516 -71.6184
713 -33.0515 -71.6184
775 -33.0515 -71.6184
166 -33.051 -71.6186
323 -33.0509 -71.6185
687 -33.0506 -71.6184
448 -33.0506 -71.6184
632 -33.05 -71.6186
831 -33.0505 -71.6184
340 -33.0505 -71.6184
891 -33.0514 -71.6184
547 -33.0512 -71.6184
767 -33.0514 -71.6184
466 -33.0513 -71.6183
495 -33.0509 -71.6181
262 -33.0504 -71.6184
431 -33.0504 -71.6179
727 -33.0497 -71.6177
560 -33.0557 -71.6165
297 -33.056 -71.6159
561 -33.0558 -71.6159
774 -33.0557 -71.6167
57 -33.0553 -71.6177
646 -33.0554 -71.6175
869 -33.0556 -71.6172
842 -33.0555 -71.6159
483 -33.0555 -71.6159
531 -33.0555 -71.6159
501 -33.0554 -71.6159
124 -33.0553 -71.6158
640 -33.055 -71.6158
464 -33.055 -71.6158
950 -33.055 -71.6158
608 -33.0549 -71.6158
602 -33.0528 -71.6159
20 -33.0549 -71.6158
60 -33.0547 -71.6157
107 -33.0528 -71.6159
520 -33.0528 -71.6159
693 -33.0528 -71.6159
269 -33.0527 -71.6158
879 -33.0547 -71.6157
818 -33.0546 -71.6157
286 -33.0546 -71.6157
726 -33.0529 -71.6156
279 -33.0529 -71.6157
123 -33.0529 -71.6157
146 -33.0524 -71.6157
442 -33.0524 -71.6156
150 -33.052 -71.6156
991 -33.0561 -71.6156
948 -33.056 -71.6156
482 -33.056 -71.6156
994 -33.0555 -71.6155
18 -33.0538 -71.6156
822 -33.0536 -71.6156
450 -33.0535 -71.6155
389 -33.0533 -71.6155
945 -33.056 -71.6155
976 -33.056 -71.6154
872 -33.056 -71.6154
118 -33.0559 -71.6153
743 -33.0532 -71.6155
686 -33.0543 -71.6147
127 -33.054 -71.6145
476 -33.0531 -71.6155
580 -33.0524 -71.6156
271 -33.0523 -71.6156
955 -33.0529 -71.6156
641 -33.0519 -71.6156
819 -33.0516 -71.6156
488 -33.0516 -71.6156
290 -33.0516 -71.6156
251 -33.0531 -71.6155
762 -33.0529 -71.6138
105 -33.0523 -71.6134
405 -33.0523 -71.6134
907 -33.0523 -71.6134
446 -33.0518 -71.6131
403 -33.0516 -71.6131
423 -33.0515 -71.6131
730 -33.0509 -71.6156
546 -33.0507 -71.6155
356 -33.0515 -71.6131
292 -33.0505 -71.6156
992 -33.0504 -71.6158
254 -33.0505 -71.6156
117 -33.0505 -71.6156
931 -33.0514 -71.6131
943 -33.0512 -71.6131
145 -33.0513 -71.6131
936 -33.0512 -71.6131
309 -33.0509 -71.6131
151 -33.0508 -71.6131
171 -33.0508 -71.6131
433 -33.0507 -71.6131
812 -33.0504 -71.6158
892 -33.0503 -71.6158
864 -33.0502 -71.6158
721 -33.0502 -71.6158
614 -33.0497 -71.6177
320 -33.0496 -71.616
565 -33.0497 -71.6159
860 -33.0497 -71.6159
908 -33.0502 -71.6158
545 -33.0502 -71.6158
787 -33.0501 -71.6157
946 -33.05 -71.6157
95 -33.0497 -71.6131
246 -33.0496 -71.6134
841 -33.0496 -71.6134
759 -33.0507 -71.6131
986 -33.0511 -71.6131
102 -33.0506 -71.6131
141 -33.0511 -71.613
391 -33.0506 -71.6131
108 -33.0506 -71.6131
611 -33.0506 -71.6131
711 -33.0506 -71.613
200 -33.0505 -71.613
386 -33.0511 -71.6129
143 -33.0511 -71.6128
649 -33.0511 -71.6127
208 -33.0505 -71.613
202 -33.0504 -71.613
615 -33.0503 -71.613
334 -33.0502 -71.613
70 -33.0502 -71.613
837 -33.0501 -71.613
801 -33.0499 -71.6129
87 -33.0499 -71.6129
661 -33.0498 -71.6129
684 -33.0497 -71.613
725 -33.0498 -71.6129
792 -33.0498 -71.6129
372 -33.0498 -71.6129
543 -33.0497 -71.6128
396 -33.0497 -71.6128
699 -33.0497 -71.6127
352 -33.0497 -71.6129
877 -33.0497 -71.6129
265 -33.0496 -71.6129
597 -33.0496 -71.6186
799 -33.0496 -71.6197
901 -33.0495 -71.6196
283 -33.0494 -71.6194
859 -33.0494 -71.6191
440 -33.0494 -71.6193
999 -33.0494 -71.6193
263 -33.0483 -71.6189
412 -33.0495 -71.6188
712 -33.0483 -71.6187
900 -33.0484 -71.6186
36 -33.0484 -71.6186
897 -33.0483 -71.6188
213 -33.0483 -71.6188
130 -33.0483 -71.6188
529 -33.0483 -71.6188
165 -33.0483 -71.6189
170 -33.0479 -71.6195
889 -33.048 -71.6193
573 -33.048 -71.6193
333 -33.0479 -71.6195
639 -33.0478 -71.6198
605 -33.0478 -71.6197
113 -33.0478 -71.6196
206 -33.048 -71.6193
239 -33.0482 -71.619
453 -33.0482 -71.619
318 -33.0482 -71.619
983 -33.0481 -71.6191
416 -33.048 -71.6193
949 -33.0481 -71.6192
10 -33.0481 -71.6192
394 -33.0484 -71.6185
432 -33.0487 -71.6177
302 -33.0487 -71.6177
393 -33.0495 -71.6177
688 -33.0487 -71.6177
612 -33.0486 -71.6179
884 -33.0487 -71.6178
850 -33.0487 -71.6178
574 -33.0487 -71.6177
128 -33.0493 -71.6176
830 -33.0493 -71.6176
504 -33.0492 -71.6176
77 -33.0488 -71.6175
106 -33.0487 -71.6177
462 -33.0487 -71.6176
374 -33.0487 -71.6176
572 -33.0486 -71.618
631 -33.0485 -71.6184
834 -33.0485 -71.6183
174 -33.0485 -71.6183
854 -33.0485 -71.6184
868 -33.0484 -71.6185
660 -33.0484 -71.6185
692 -33.0484 -71.6185
904 -33.0485 -71.6182
191 -33.0485 -71.6181
273 -33.0485 -71.6181
13 -33.0486 -71.618
586 -33.0485 -71.6182
364 -33.0485 -71.6182
652 -33.048 -71.6174
155 -33.0478 -71.6198
516 -33.0474 -71.6227
222 -33.0474 -71.6227
360 -33.0474 -71.6224
718 -33.0474 -71.6224
696 -33.0473 -71.6228
80 -33.0474 -71.622
485 -33.0474 -71.622
764 -33.0473 -71.6218
509 -33.0473 -71.6218
583 -33.0473 -71.6218
722 -33.0473 -71.621
755 -33.0472 -71.6212
911 -33.0472 -71.6217
484 -33.0472 -71.6216
55 -33.0472 -71.6212
735 -33.0472 -71.6228
277 -33.0471 -71.6228
802 -33.0471 -71.6228
322 -33.0471 -71.6228
938 -33.047 -71.6228
205 -33.047 -71.6228
820 -33.047 -71.6228
139 -33.047 -71.6228
220 -33.046 -71.6218
939 -33.0472 -71.6215
9 -33.0472 -71.6215
88 -33.0464 -71.6211
982 -33.0462 -71.6215
784 -33.046 -71.6218
988 -33.0461 -71.6216
152 -33.0474 -71.6209
157 -33.0476 -71.6201
763 -33.0477 -71.62
794 -33.0477 -71.62
708 -33.0475 -71.6205
530 -33.0474 -71.6209
511 -33.0474 -71.6207
635 -33.0473 -71.6202
383 -33.0477 -71.62
435 -33.0475 -71.6176
50 -33.0475 -71.6176
314 -33.0475 -71.6174
862 -33.0474 -71.6177
140 -33.0474 -71.618
853 -33.0474 -71.6179
941 -33.0474 -71.6178
604 -33.0472 -71.6185
610 -33.047 -71.6201
724 -33.0467 -71.62
968 -33.0468 -71.6197
644 -33.0466 -71.6202
643 -33.0465 -71.6207
827 -33.0466 -71.6204
427 -33.0466 -71.6203
793 -33.0469 -71.6195
933 -33.0471 -71.6187
348 -33.0471 -71.6186
81 -33.0472 -71.6186
48 -33.0471 -71.6187
972 -33.0469 -71.6194
553 -33.0471 -71.6189
855 -33.0475 -71.6174
148 -33.0493 -71.6165
93 -33.0494 -71.6164
795 -33.0495 -71.6162
430 -33.0493 -71.6165
783 -33.0492 -71.6165
385 -33.0492 -71.6165
756 -33.0492 -71.6165
240 -33.0491 -71.6161
278 -33.0492 -71.6158
548 -33.0492 -71.6157
76 -33.0492 -71.6157
74 -33.0492 -71.6158
64 -33.0491 -71.616
27 -33.0492 -71.6159
654 -33.0492 -71.6159
363 -33.0491 -71.6161
496 -33.0489 -71.617
337 -33.0489 -71.6169
701 -33.049 -71.6168
0 -33.0489 -71.6171
780 -33.0488 -71.6173
195 -33.0488 -71.6172
637 -33.0488 -71.6172
680 -33.049 -71.6168
828 -33.0491 -71.6164
481 -33.0491 -71.6164
425 -33.0491 -71.6162
401 -33.0491 -71.6164
234 -33.049 -71.6168
956 -33.049 -71.6166
457 -33.0491 -71.6165
709 -33.0492 -71.6157
180 -33.0494 -71.6145
428 -33.0494 -71.6145
539 -33.0494 -71.6143
258 -33.0494 -71.6146
804 -33.0493 -71.6154
329 -33.0493 -71.615
656 -33.0494 -71.6148
164 -33.0494 -71.6143
379 -33.0495 -71.614
524 -33.0495 -71.6138
599 -33.0495 -71.6129
750 -33.0495 -71.6141
585 -33.0495 -71.6129
655 -33.0495 -71.6129
517 -33.0493 -71.6129
86 -33.0492 -71.6155
518 -33.0492 -71.6155
835 -33.0492 -71.6129
744 -33.0492 -71.6129
665 -33.0492 -71.6157
207 -33.0492 -71.6157
522 -33.0492 -71.6157
942 -33.0491 -71.6129
201 -33.049 -71.6129
392 -33.049 -71.6129
336 -33.0489 -71.6129
739 -33.049 -71.6129
100 -33.0489 -71.6129
902 -33.0489 -71.6129
915 -33.0488 -71.6129
817 -33.0487 -71.613
304 -33.0484 -71.6169
75 -33.0485 -71.6164
119 -33.0481 -71.6156
971 -33.0481 -71.6156
590 -33.048 -71.6157
758 -33.048 -71.6157
418 -33.0481 -71.6156
823 -33.0481 -71.6156
345 -33.0482 -71.6149
683 -33.0482 -71.6149
133 -33.0482 -71.6149
153 -33.0482 -71.615
231 -33.0481 -71.6155
807 -33.0481 -71.6155
178 -33.0482 -71.6151
248 -33.048 -71.6157
519 -33.0476 -71.6171
218 -33.0476 -71.6171
960 -33.0477 -71.6169
778 -33.0476 -71.6172
84 -33.0475 -71.6174
436 -33.0476 -71.6173
541 -33.0476 -71.6173
851 -33.0478 -71.6166
538 -33.0479 -71.6162
728 -33.048 -71.6159
44 -33.048 -71.6158
648 -33.0479 -71.6162
515 -33.0478 -71.6165
31 -33.0478 -71.6164
847 -33.0483 -71.6148
666 -33.0485 -71.6139
638 -33.0485 -71.6138
894 -33.0485 -71.6138
342 -33.0485 -71.6139
779 -33.0485 -71.614
719 -33.0485 -71.614
920 -33.0485 -71.614
651 -33.0485 -71.6137
465 -33.0486 -71.6134
932 -33.0486 -71.6133
439 -33.0486 -71.6133
805 -33.0486 -71.6134
58 -33.0485 -71.6137
621 -33.0485 -71.6129
749 -33.0485 -71.6129
996 -33.0484 -71.6129
685 -33.0484 -71.6143
596 -33.0484 -71.6141
947 -33.0484 -71.6141
444 -33.0483 -71.6147
899 -33.0483 -71.6148
634 -33.0472 -71.6143
96 -33.0477 -71.6129
241 -33.0477 -71.6129
186 -33.0482 -71.6128
659 -33.0482 -71.6128
588 -33.048 -71.6128
964 -33.0478 -71.6128
312 -33.0477 -71.6128
24 -33.0478 -71.6128
494 -33.0474 -71.6127
420 -33.0552 -71.6124
414 -33.0552 -71.6124
576 -33.0551 -71.6124
43 -33.0551 -71.6124
521 -33.055 -71.6124
354 -33.055 -71.6124
747 -33.055 -71.6124
326 -33.0554 -71.6124
917 -33.0546 -71.6124
790 -33.0555 -71.6124
19 -33.0557 -71.6123
579 -33.0546 -71.6124
368 -33.0544 -71.6123
237 -33.0544 -71.6121
154 -33.0544 -71.612
967 -33.0544 -71.612
523 -33.0542 -71.6123
467 -33.0541 -71.6123
619 -33.0544 -71.6122
298 -33.0539 -71.6122
238 -33.0537 -71.6122
305 -33.0534 -71.6122
962 -33.0532 -71.6121
591 -33.0541 -71.6116
563 -33.0541 -71.6115
209 -33.054 -71.6115
636 -33.054 -71.6114
366 -33.054 -71.6113
26 -33.0533 -71.6115
505 -33.0533 -71.6114
192 -33.0534 -71.6114
307 -33.054 -71.6113
751 -33.054 -71.6113
627 -33.0539 -71.6113
52 -33.0539 -71.6112
866 -33.0539 -71.6112
569 -33.0537 -71.6113
874 -33.0538 -71.6113
402 -33.0538 -71.6112
452 -33.0538 -71.6112
132 -33.0549 -71.6104
970 -33.0557 -71.6104
977 -33.0546 -71.6085
72 -33.0538 -71.6105
175 -33.0537 -71.6111
463 -33.0537 -71.6105
259 -33.0538 -71.6105
384 -33.0537 -71.6108
61 -33.0534 -71.611
12 -33.0534 -71.611
927 -33.0533 -71.611
35 -33.0532 -71.6109
773 -33.0532 -71.6109
679 -33.0532 -71.6109
274 -33.0532 -71.6109
810 -33.0531 -71.6091
873 -33.0536 -71.6086
477 -33.0536 -71.6085
705 -33.0537 -71.6085
83 -33.0535 -71.6086
592 -33.0532 -71.609
922 -33.0533 -71.6088
772 -33.0531 -71.6092
51 -33.053 -71.6121
642 -33.0529 -71.6121
120 -33.0528 -71.6116
958 -33.0528 -71.6121
187 -33.0526 -71.6116
276 -33.0527 -71.6116
390 -33.0528 -71.6116
556 -33.0529 -71.6116
782 -33.0529 -71.6116
190 -33.0529 -71.6108
676 -33.0529 -71.6108
424 -33.0529 -71.6108
675 -33.0529 -71.6116
811 -33.0529 -71.6116
303 -33.0529 -71.6107
737 -33.0525 -71.6117
733 -33.0525 -71.6121
173 -33.0524 -71.6121
480 -33.0521 -71.612
571 -33.0521 -71.612
214 -33.052 -71.612
14 -33.0519 -71.612
351 -33.0519 -71.612
29 -33.0518 -71.612
910 -33.0522 -71.6117
242 -33.0524 -71.6117
2 -33.0525 -71.6117
578 -33.0518 -71.6118
15 -33.0518 -71.612
97 -33.0518 -71.6118
512 -33.0528 -71.6105
674 -33.0527 -71.6104
7 -33.0527 -71.6104
797 -33.0527 -71.6104
848 -33.0527 -71.6104
506 -33.0526 -71.6102
40 -33.0525 -71.6102
49 -33.0524 -71.6099
212 -33.0522 -71.6096
603 -33.0522 -71.6095
601 -33.0521 -71.6095
224 -33.0521 -71.6094
32 -33.0521 -71.6087
645 -33.052 -71.6093
626 -33.0521 -71.6087
923 -33.0521 -71.6087
840 -33.052 -71.6088
89 -33.052 -71.6093
551 -33.052 -71.6093
22 -33.052 -71.6092
681 -33.052 -71.6092
671 -33.0517 -71.6094
398 -33.0517 -71.6094
981 -33.0518 -71.6093
167 -33.0519 -71.6092
316 -33.052 -71.609
137 -33.052 -71.609
158 -33.052 -71.6089
846 -33.052 -71.609
575 -33.0519 -71.6092
228 -33.0517 -71.609
362 -33.0546 -71.6085
454 -33.0545 -71.6085
332 -33.0545 -71.6085
499 -33.0544 -71.6085
79 -33.0543 -71.6085
934 -33.0543 -71.6085
558 -33.0543 -71.6085
469 -33.0542 -71.6085
129 -33.0542 -71.6085
11 -33.0542 -71.6085
311 -33.0546 -71.6085
581 -33.0547 -71.6084
510 -33.0542 -71.6085
513 -33.0541 -71.6085
296 -33.0541 -71.6085
461 -33.0541 -71.6085
527 -33.0541 -71.6085
929 -33.054 -71.6085
400 -33.054 -71.6085
335 -33.054 -71.6085
657 -33.0539 -71.6085
912 -33.0537 -71.6085
225 -33.0535 -71.6085
535 -33.0537 -71.6085
700 -33.0539 -71.6085
411 -33.0539 -71.6085
613 -33.0538 -71.6085
223 -33.0538 -71.6085
473 -33.0538 -71.6085
285 -33.0537 -71.6085
438 -33.0534 -71.6085
888 -33.0534 -71.6085
672 -33.0548 -71.6084
748 -33.0558 -71.6082
528 -33.0564 -71.608
300 -33.0561 -71.6079
331 -33.0554 -71.6079
419 -33.0552 -71.6081
63 -33.0552 -71.6081
491 -33.0553 -71.608
474 -33.0559 -71.6079
808 -33.0558 -71.6079
291 -33.0558 -71.6077
441 -33.0564 -71.6044
677 -33.0558 -71.6078
281 -33.0555 -71.6078
870 -33.0553 -71.6044
147 -33.0554 -71.6044
925 -33.0552 -71.6081
606 -33.0551 -71.6082
112 -33.0551 -71.6082
159 -33.0552 -71.6081
876 -33.055 -71.6082
903 -33.0549 -71.6083
525 -33.0549 -71.6083
98 -33.0537 -71.6081
886 -33.0552 -71.6081
280 -33.0552 -71.6081
768 -33.0552 -71.6049
90 -33.0545 -71.6046
924 -33.0541 -71.6047
196 -33.0538 -71.606
221 -33.0538 -71.6048
858 -33.0534 -71.6085
168 -33.0534 -71.6085
740 -33.0533 -71.6084
46 -33.0532 -71.6084
857 -33.0532 -71.6084
282 -33.0532 -71.6084
422 -33.0531 -71.6084
833 -33.0531 -71.6084
472 -33.0531 -71.6084
478 -33.0531 -71.6084
555 -33.0531 -71.6084
138 -33.0531 -71.6084
944 -33.053 -71.6083
219 -33.0529 -71.6083
918 -33.0529 -71.6083
980 -33.0529 -71.6083
723 -33.0529 -71.6083
662 -33.0528 -71.6083
878 -33.0528 -71.6083
489 -33.0528 -71.6082
593 -33.0522 -71.6082
746 -33.0522 -71.6084
94 -33.0522 -71.6083
110 -33.0522 -71.6083
769 -33.0527 -71.6082
954 -33.0527 -71.6082
378 -33.0527 -71.6082
458 -33.0526 -71.6082
715 -33.0526 -71.6082
825 -33.0526 -71.6082
753 -33.0526 -71.6082
984 -33.0525 -71.6082
664 -33.0525 -71.6082
540 -33.0525 -71.6082
156 -33.0525 -71.6082
470 -33.0525 -71.6082
62 -33.0524 -71.6081
843 -33.0524 -71.6081
503 -33.0523 -71.6081
73 -33.0524 -71.6081
350 -33.0524 -71.6081
937 -33.0523 -71.6071
78 -33.0529 -71.6047
557 -33.0523 -71.608
381 -33.0523 -71.608
227 -33.0522 -71.608
532 -33.0522 -71.6079
261 -33.0522 -71.6081
622 -33.0522 -71.6081
421 -33.0522 -71.6081
256 -33.0522 -71.6077
595 -33.0522 -71.6079
690 -33.0518 -71.6076
706 -33.0522 -71.6074
502 -33.0519 -71.6067
181 -33.0519 -71.6066
752 -33.0519 -71.6066
620 -33.0519 -71.6048
169 -33.0519 -71.6048
966 -33.0519 -71.6066
815 -33.0518 -71.6063
382 -33.0517 -71.6061
183 -33.0517 -71.6082
252 -33.0512 -71.6121
387 -33.0512 -71.6121
577 -33.0512 -71.6121
745 -33.0512 -71.6121
415 -33.0511 -71.6122
268 -33.0511 -71.6122
23 -33.0511 -71.6121
295 -33.0516 -71.612
197 -33.0514 -71.612
909 -33.0514 -71.6119
299 -33.0515 -71.6119
347 -33.0514 -71.6114
916 -33.0513 -71.6119
789 -33.0512 -71.6118
742 -33.0512 -71.6114
272 -33.0511 -71.6123
998 -33.0511 -71.6127
160 -33.0511 -71.6126
310 -33.0511 -71.6126
41 -33.0499 -71.6118
689 -33.0499 -71.612
893 -33.0499 -71.6119
959 -33.0499 -71.6118
6 -33.05 -71.6115
921 -33.05 -71.6114
905 -33.0508 -71.6113
264 -33.05 -71.6112
871 -33.05 -71.6114
184 -33.05 -71.6114
359 -33.05 -71.6113
667 -33.0499 -71.6113
410 -33.05 -71.6112
997 -33.0509 -71.6102
357 -33.051 -71.6101
229 -33.051 -71.6101
375 -33.0508 -71.6102
230 -33.0507 -71.6102
670 -33.0505 -71.6102
371 -33.0504 -71.6101
319 -33.051 -71.61
882 -33.0512 -71.6099
284 -33.0512 -71.6099
349 -33.0513 -71.6098
736 -33.0511 -71.61
321 -33.0511 -71.61
199 -33.0511 -71.61
294 -33.0511 -71.61
257 -33.0503 -71.6101
887 -33.0501 -71.6109
247 -33.0501 -71.6109
691 -33.0501 -71.6109
554 -33.05 -71.611
67 -33.05 -71.6111
682 -33.05 -71.6111
875 -33.05 -71.6111
720 -33.0501 -71.6108
397 -33.0501 -71.6107
731 -33.0501 -71.6105
813 -33.0502 -71.6102
267 -33.0501 -71.6107
806 -33.0501 -71.6108
245 -33.0501 -71.6108
567 -33.0499 -71.6113
953 -33.0498 -71.6124
507 -33.0498 -71.6123
609 -33.0498 -71.6121
570 -33.0498 -71.6125
443 -33.0498 -71.6126
426 -33.0498 -71.6126
777 -33.0491 -71.6116
289 -33.0498 -71.6113
616 -33.0496 -71.6112
552 -33.0496 -71.6112
965 -33.0495 -71.6112
445 -33.0494 -71.6112
104 -33.0493 -71.6112
490 -33.0492 -71.6112
37 -33.049 -71.6112
135 -33.049 -71.6112
974 -33.0488 -71.6126
766 -33.048 -71.6119
338 -33.0481 -71.6115
526 -33.0479 -71.6122
353 -33.0462 -71.6124
54 -33.0459 -71.6123
317 -33.0479 -71.6122
898 -33.0482 -71.6114
594 -33.049 -71.6112
45 -33.0489 -71.6112
630 -33.0489 -71.6112
584 -33.0488 -71.6112
969 -33.0482 -71.6112
114 -33.0487 -71.6112
275 -33.0487 -71.6112
926 -33.0486 -71.6112
449 -33.0486 -71.6112
781 -33.0493 -71.6108
131 -33.0486 -71.6112
729 -33.0485 -71.6111
451 -33.0484 -71.6111
330 -33.0485 -71.6111
121 -33.0488 -71.6098
650 -33.0488 -71.6098
28 -33.0486 -71.6098
47 -33.0485 -71.6098
995 -33.0484 -71.6098
39 -33.0483 -71.6098
344 -33.0481 -71.6098
663 -33.0479 -71.6098
928 -33.0478 -71.6098
824 -33.0478 -71.6098
459 -33.0477 -71.6098
3 -33.0477 -71.6098
33 -33.0476 -71.611
985 -33.0465 -71.6098
695 -33.0466 -71.6098
4 -33.0472 -71.6098
814 -33.0476 -71.6098
702 -33.0475 -71.6098
486 -33.0475 -71.6098
249 -33.0474 -71.6098
798 -33.0473 -71.6098
865 -33.0473 -71.6098
288 -33.0473 -71.6098
669 -33.0514 -71.6097
182 -33.0515 -71.6096
236 -33.0515 -71.6096
741 -33.0516 -71.6095
832 -33.0515 -71.6096
861 -33.0514 -71.6097
404 -33.0515 -71.6097
856 -33.0515 -71.6097
885 -33.0516 -71.6095
704 -33.0516 -71.6095
600 -33.0516 -71.6089
204 -33.0515 -71.6088
211 -33.0515 -71.6088
343 -33.0515 -71.6088
863 -33.0514 -71.6088
324 -33.0513 -71.6087
734 -33.0512 -71.6086
821 -33.0512 -71.6087
653 -33.051 -71.6086
990 -33.051 -71.6086
771 -33.0509 -71.6085
707 -33.0506 -71.6092
16 -33.0505 -71.6086
172 -33.0505 -71.6086
607 -33.0509 -71.6085
498 -33.0508 -71.6085
235 -33.0508 -71.6085
68 -33.0507 -71.6085
417 -33.0507 -71.6085
243 -33.0505 -71.6085
125 -33.0506 -71.6085
406 -33.0506 -71.6085
845 -33.0505 -71.6085
468 -33.0515 -71.6083
126 -33.0515 -71.6083
328 -33.0515 -71.6083
836 -33.0514 -71.6083
951 -33.0513 -71.6084
136 -33.0513 -71.6084
714 -33.0513 -71.6084
952 -33.0516 -71.6082
770 -33.0517 -71.606
673 -33.0517 -71.606
293 -33.0515 -71.6052
788 -33.0514 -71.6059
471 -33.0514 -71.6075
369 -33.0512 -71.6075
99 -33.0513 -71.6053
460 -33.0512 -71.6074
233 -33.0505 -71.6085
82 -33.0505 -71.6085
757 -33.0511 -71.6085
437 -33.0505 -71.6085
738 -33.0505 -71.6085
306 -33.0505 -71.6085
71 -33.0505 -71.6085
785 -33.0512 -71.6085
56 -33.0512 -71.6074
624 -33.0509 -71.6074
957 -33.051 -71.6061
365 -33.0509 -71.6074
325 -33.0507 -71.6073
244 -33.0509 -71.6058
395 -33.0504 -71.6092
8 -33.0501 -71.6092
185 -33.0502 -71.6085
544 -33.05 -71.6084
623 -33.0498 -71.6091
776 -33.0496 -71.6096
193 -33.0496 -71.6095
215 -33.0498 -71.6091
562 -33.0498 -71.6084
625 -33.0498 -71.6084
91 -33.0498 -71.6084
534 -33.0498 -71.6084
658 -33.0497 -71.6084
203 -33.0495 -71.6084
867 -33.0494 -71.6083
791 -33.0491 -71.6083
566 -33.049 -71.6083
536 -33.0488 -71.6083
429 -33.0488 -71.6083
270 -33.0487 -71.6083
161 -33.0487 -71.6083
906 -33.0486 -71.6082
914 -33.0484 -71.6082
508 -33.0485 -71.6082
617 -33.0483 -71.6082
717 -33.0481 -71.6082
188 -33.0477 -71.6082
59 -33.0477 -71.6082
568 -33.0477 -71.6082
380 -33.0476 -71.6082
618 -33.0474 -71.6082
346 -33.0472 -71.6082
287 -33.0502 -71.6072
103 -33.0501 -71.6072
564 -33.0503 -71.6056
993 -33.0501 -71.6072
975 -33.0498 -71.6072
232 -33.0496 -71.6071
339 -33.0496 -71.6071
358 -33.0502 -71.6056
65 -33.0501 -71.6055
122 -33.0501 -71.6055
1 -33.0501 -71.6047
388 -33.0499 -71.6054
628 -33.0497 -71.6054
913 -33.0496 -71.6053
30 -33.0496 -71.6043
149 -33.0495 -71.6065
839 -33.0494 -71.6071
895 -33.0491 -71.607
308 -33.0491 -71.607
989 -33.0491 -71.607
559 -33.0467 -71.6081
162 -33.0465 -71.6081
21 -33.0489 -71.607
194 -33.0489 -71.6069
492 -33.0492 -71.6052
896 -33.0491 -71.6052
826 -33.0495 -71.6042
800 -33.049 -71.6051
533 -33.0462 -71.6046
514 -33.0488 -71.6046
