226 -33.0533 -71.6246
38 -33.0535 -71.6245
315 -33.0535 -71.6245
796 -33.0532 -71.6246
647 -33.0532 -71.6246
115 -33.0532 -71.6246
5 -33.0532 -71.6246
327 -33.0536 -71.6245
930 -33.0542 -71.6244
266 -33.0543 -71.6244
177 -33.0543 -71.6243
253 -33.0542 -71.6244
678 -33.0538 -71.6245
487 -33.054 -71.6242
260 -33.0539 -71.6242
497 -33.0532 -71.6246
85 -33.0531 -71.6246
142 -33.0531 -71.6246
66 -33.053 -71.6246
550 -33.0529 -71.6246
598 -33.0517 -71.6252
786 -33.0518 -71.625
829 -33.0519 -71.6249
176 -33.0528 -71.6246
940 -33.0527 -71.6246
961 -33.0526 -71.6245
697 -33.0524 -71.6244
479 -33.0523 -71.6244
217 -33.0523 -71.6244
883 -33.052 -71.6244
109 -33.0521 -71.6243
500 -33.0536 -71.624
880 -33.0543 -71.6239
210 -33.0545 -71.6227
377 -33.0545 -71.6226
179 -33.054 -71.6226
703 -33.0534 -71.6239
890 -33.0533 -71.6239
413 -33.0533 -71.6188
765 -33.0531 -71.6188
189 -33.053 -71.6187
668 -33.0535 -71.6186
57 -33.0535 -71.6185
963 -33.053 -71.6187
367 -33.0529 -71.6187
582 -33.0528 -71.6187
978 -33.0527 -71.6187
313 -33.0527 -71.6236
53 -33.0526 -71.6236
713 -33.0521 -71.6199
775 -33.0521 -71.6199
547 -33.0521 -71.62
973 -33.052 -71.6197
838 -33.052 -71.6197
761 -33.052 -71.6197
341 -33.0519 -71.6196
407 -33.0526 -71.6186
537 -33.0524 -71.6186
408 -33.0522 -71.6185
370 -33.0522 -71.6185
355 -33.0517 -71.6194
456 -33.0517 -71.6194
919 -33.0516 -71.6193
987 -33.0513 -71.6252
979 -33.0516 -71.6243
589 -33.0513 -71.6243
92 -33.0513 -71.6251
101 -33.051 -71.6251
409 -33.0508 -71.6251
25 -33.051 -71.6243
710 -33.0507 -71.6243
732 -33.0511 -71.623
116 -33.0514 -71.6205
399 -33.0514 -71.6205
493 -33.0511 -71.6233
447 -33.0507 -71.6237
34 -33.0509 -71.6235
935 -33.051 -71.6233
440 -33.0507 -71.6212
633 -33.0506 -71.6238
694 -33.0504 -71.6218
799 -33.0505 -71.6216
716 -33.0504 -71.622
849 -33.0499 -71.6252
629 -33.0501 -71.6252
999 -33.0493 -71.6215
901 -33.0505 -71.6215
283 -33.0506 -71.6213
597 -33.0494 -71.6207
144 -33.0494 -71.6206
111 -33.0493 -71.6205
859 -33.0493 -71.6213
412 -33.0493 -71.6209
163 -33.0493 -71.6204
852 -33.0493 -71.6204
216 -33.0514 -71.6191
587 -33.0514 -71.619
373 -33.0513 -71.6189
198 -33.05 -71.6188
432 -33.0496 -71.6199
302 -33.0496 -71.6199
77 -33.0496 -71.6198
891 -33.0498 -71.6187
542 -33.0511 -71.6187
42 -33.0511 -71.6186
301 -33.0511 -71.6186
361 -33.0511 -71.6186
434 -33.05 -71.6187
69 -33.0511 -71.6187
844 -33.05 -71.6187
632 -33.0495 -71.6201
250 -33.0494 -71.6202
637 -33.0495 -71.6195
262 -33.0495 -71.6195
17 -33.0494 -71.6202
340 -33.0494 -71.6194
831 -33.0494 -71.6193
448 -33.0494 -71.6193
687 -33.0494 -71.6193
680 -33.0494 -71.6191
234 -33.0494 -71.6191
956 -33.0494 -71.6189
401 -33.0494 -71.6186
323 -33.0494 -71.6189
166 -33.0494 -71.6188
255 -33.052 -71.6185
774 -33.0545 -71.6184
560 -33.0546 -71.6184
475 -33.0543 -71.6169
869 -33.0539 -71.6184
646 -33.0536 -71.6184
950 -33.0529 -71.6158
640 -33.0529 -71.6157
118 -33.0546 -71.6157
872 -33.0545 -71.6157
945 -33.0545 -71.6157
976 -33.0545 -71.6157
482 -33.0544 -71.6157
464 -33.0529 -71.6157
991 -33.0544 -71.6157
297 -33.0537 -71.6156
608 -33.0529 -71.6158
549 -33.0519 -71.6184
60 -33.0528 -71.6159
879 -33.0527 -71.6159
376 -33.0516 -71.6184
881 -33.0516 -71.6184
816 -33.0515 -71.6184
134 -33.0514 -71.6184
20 -33.0529 -71.6159
818 -33.0527 -71.6159
286 -33.0526 -71.6158
18 -33.0519 -71.6156
822 -33.0517 -71.6156
743 -33.0514 -71.6157
389 -33.0514 -71.6156
450 -33.0516 -71.6156
476 -33.0512 -71.6156
561 -33.0536 -71.6155
483 -33.0533 -71.6155
948 -33.0545 -71.6149
842 -33.0533 -71.6155
531 -33.0532 -71.6155
501 -33.0531 -71.6155
124 -33.0531 -71.6155
931 -33.0518 -71.6148
994 -33.0536 -71.6142
686 -33.0524 -71.6135
127 -33.052 -71.6133
356 -33.0519 -71.6147
943 -33.0518 -71.6147
792 -33.0519 -71.6133
299 -33.0519 -71.6133
936 -33.0517 -71.6147
251 -33.0512 -71.6156
955 -33.0509 -71.6156
726 -33.0509 -71.6156
279 -33.0508 -71.6156
123 -33.0508 -71.6156
602 -33.0507 -71.6155
107 -33.0506 -71.6155
693 -33.0506 -71.6155
268 -33.0517 -71.6138
578 -33.0516 -71.6131
507 -33.0515 -71.6131
910 -33.0513 -71.6131
242 -33.0511 -71.6131
480 -33.0508 -71.6131
698 -33.0506 -71.618
760 -33.0504 -71.6184
754 -33.0506 -71.618
455 -33.0505 -71.618
809 -33.0502 -71.6179
425 -33.0493 -71.6184
74 -33.0492 -71.6182
803 -33.0499 -71.6178
767 -33.0492 -71.6176
819 -33.0497 -71.6158
580 -33.0504 -71.6158
146 -33.0504 -71.6158
488 -33.0497 -71.6158
730 -33.0493 -71.6165
841 -33.0492 -71.6159
290 -33.0497 -71.6159
246 -33.0491 -71.6161
76 -33.0491 -71.6181
466 -33.0491 -71.6176
539 -33.0489 -71.6169
992 -33.0489 -71.617
804 -33.0489 -71.6179
812 -33.0489 -71.617
428 -33.0489 -71.617
164 -33.0489 -71.6169
379 -33.049 -71.6167
546 -33.0491 -71.6165
524 -33.0491 -71.6164
750 -33.049 -71.6167
254 -33.049 -71.6168
292 -33.049 -71.6168
271 -33.0503 -71.6158
442 -33.0504 -71.6158
520 -33.0506 -71.6155
269 -33.0505 -71.6155
150 -33.05 -71.6157
641 -33.0499 -71.6157
41 -33.0494 -71.6144
433 -33.0494 -71.6143
6 -33.0495 -71.6142
682 -33.0496 -71.6138
554 -33.0496 -71.6136
887 -33.0496 -71.6135
141 -33.0495 -71.6139
184 -33.0495 -71.614
871 -33.0495 -71.614
921 -33.0495 -71.614
959 -33.0494 -71.6144
543 -33.0493 -71.6154
699 -33.0493 -71.6154
443 -33.0493 -71.6152
396 -33.0493 -71.6154
95 -33.0492 -71.6157
684 -33.0492 -71.6156
352 -33.0492 -71.6155
426 -33.0493 -71.6152
689 -33.0494 -71.6147
893 -33.0494 -71.6144
391 -33.0494 -71.6144
609 -33.0494 -71.6148
570 -33.0493 -71.6151
953 -33.0493 -71.615
86 -33.0489 -71.6179
383 -33.0474 -71.6225
206 -33.048 -71.6213
213 -33.0483 -71.6209
660 -33.0474 -71.6209
605 -33.0474 -71.6222
868 -33.0474 -71.6209
692 -33.0474 -71.6209
631 -33.0474 -71.6208
586 -33.0475 -71.6205
191 -33.0475 -71.6205
572 -33.0475 -71.6203
13 -33.0475 -71.6203
854 -33.0474 -71.6207
834 -33.0474 -71.6206
273 -33.0474 -71.6203
394 -33.0474 -71.6209
708 -33.0472 -71.6228
889 -33.0473 -71.6218
983 -33.0472 -71.6215
511 -33.047 -71.6228
722 -33.0467 -71.6229
530 -33.0468 -71.6229
152 -33.0468 -71.6229
453 -33.0472 -71.6214
529 -33.0473 -71.6211
900 -33.0473 -71.621
36 -33.0473 -71.6209
897 -33.0473 -71.6212
318 -33.0472 -71.6213
263 -33.0472 -71.6212
130 -33.0473 -71.6212
174 -33.0474 -71.6203
688 -33.0477 -71.62
106 -33.0477 -71.62
462 -33.0477 -71.62
574 -33.0476 -71.62
612 -33.0476 -71.6202
884 -33.0476 -71.6201
850 -33.0476 -71.6201
374 -33.0478 -71.6199
504 -33.048 -71.6194
830 -33.048 -71.6194
337 -33.048 -71.6193
496 -33.048 -71.6194
780 -33.0478 -71.6197
195 -33.0478 -71.6196
0 -33.0479 -71.6195
904 -33.0473 -71.6202
712 -33.0469 -71.6201
314 -33.0467 -71.6199
855 -33.0467 -71.6199
84 -33.0467 -71.6199
239 -33.0467 -71.6201
50 -33.0467 -71.6201
165 -33.0467 -71.62
778 -33.0468 -71.6198
364 -33.0471 -71.6196
218 -33.0468 -71.6195
960 -33.0469 -71.6194
519 -33.0468 -71.6196
436 -33.0468 -71.6197
541 -33.0468 -71.6197
435 -33.0467 -71.6202
80 -33.0459 -71.6234
485 -33.0459 -71.6233
764 -33.046 -71.6231
139 -33.0459 -71.6243
820 -33.0458 -71.6243
205 -33.0458 -71.6242
938 -33.0458 -71.6242
509 -33.046 -71.6231
9 -33.0463 -71.6229
55 -33.0465 -71.6229
755 -33.0465 -71.6229
939 -33.0462 -71.623
583 -33.046 -71.6231
911 -33.0461 -71.623
484 -33.0462 -71.623
718 -33.0458 -71.6237
277 -33.0458 -71.6242
802 -33.0458 -71.6242
322 -33.0457 -71.6241
735 -33.0457 -71.6241
696 -33.0457 -71.624
516 -33.0456 -71.624
222 -33.0457 -71.6239
784 -33.0446 -71.6239
360 -33.0458 -71.6237
88 -33.0451 -71.6233
643 -33.0452 -71.6229
982 -33.0448 -71.6237
220 -33.0446 -71.6239
988 -33.0448 -71.6237
827 -33.0454 -71.6226
113 -33.0464 -71.6208
170 -33.0465 -71.6206
573 -33.0466 -71.6204
639 -33.0464 -71.6209
933 -33.0463 -71.6212
348 -33.0463 -71.6211
81 -33.0463 -71.6211
853 -33.0466 -71.6204
10 -33.0466 -71.6202
941 -33.0466 -71.6202
862 -33.0466 -71.6202
949 -33.0466 -71.6203
416 -33.0465 -71.6204
140 -33.0465 -71.6204
333 -33.0463 -71.6203
48 -33.0463 -71.6212
610 -33.0458 -71.6221
793 -33.0459 -71.6219
972 -33.046 -71.6218
968 -33.0458 -71.6221
427 -33.0454 -71.6226
644 -33.0455 -71.6225
724 -33.0457 -71.6223
635 -33.046 -71.6218
553 -33.0462 -71.6214
157 -33.0462 -71.6214
794 -33.0463 -71.6213
155 -33.0461 -71.6202
604 -33.046 -71.6202
763 -33.0458 -71.6201
652 -33.0469 -71.6193
522 -33.0485 -71.6183
207 -33.0485 -71.6182
665 -33.0485 -71.6182
709 -33.0485 -71.6183
27 -33.0485 -71.6184
278 -33.0485 -71.6183
548 -33.0485 -71.6183
431 -33.0485 -71.6182
656 -33.0488 -71.6174
787 -33.0488 -71.6174
258 -33.0488 -71.6173
495 -33.0487 -71.6176
518 -33.0486 -71.618
565 -33.0486 -71.618
329 -33.0487 -71.6176
654 -33.0484 -71.6184
481 -33.0483 -71.6189
828 -33.0483 -71.6189
783 -33.0483 -71.6188
727 -33.0483 -71.6189
701 -33.0481 -71.6192
457 -33.0482 -71.619
614 -33.0482 -71.619
430 -33.0483 -71.6187
240 -33.0484 -71.6186
64 -33.0484 -71.6185
93 -33.0484 -71.6185
363 -33.0484 -71.6187
320 -33.0482 -71.6175
795 -33.048 -71.6174
860 -33.0482 -71.6173
721 -33.0488 -71.6173
864 -33.0488 -71.6173
180 -33.0489 -71.6172
117 -33.0488 -71.6164
892 -33.0485 -71.6164
908 -33.0484 -71.6164
545 -33.0483 -71.6163
946 -33.0481 -71.6163
932 -33.048 -71.6159
777 -33.0484 -71.6142
801 -33.0484 -71.6142
445 -33.0486 -71.6135
974 -33.0482 -71.6152
439 -33.048 -71.6158
817 -33.0481 -71.6156
336 -33.0482 -71.6152
465 -33.048 -71.6159
719 -33.0478 -71.6166
779 -33.0478 -71.6166
342 -33.0478 -71.6165
920 -33.0478 -71.6166
685 -33.0477 -71.6169
596 -33.0477 -71.6167
947 -33.0478 -71.6167
894 -33.0478 -71.6164
651 -33.0479 -71.6163
58 -33.0479 -71.6162
805 -33.0479 -71.616
638 -33.0478 -71.6164
666 -33.0477 -71.6162
114 -33.0476 -71.6131
372 -33.0476 -71.6131
231 -33.0473 -71.6181
807 -33.0474 -71.618
178 -33.0474 -71.6177
418 -33.0473 -71.6181
304 -33.0472 -71.6184
44 -33.0472 -71.6183
971 -33.0473 -71.6181
153 -33.0475 -71.6176
847 -33.0475 -71.6174
345 -33.0475 -71.6174
444 -33.0476 -71.6172
683 -33.0475 -71.6175
899 -33.0475 -71.6172
756 -33.0475 -71.6172
393 -33.0474 -71.6172
128 -33.0472 -71.6172
648 -33.0471 -71.6187
538 -33.0471 -71.6186
728 -33.0472 -71.6184
31 -33.047 -71.6189
851 -33.047 -71.6191
515 -33.047 -71.6191
119 -33.0468 -71.6171
823 -33.0468 -71.6171
148 -33.0471 -71.6161
385 -33.047 -71.6161
133 -33.0468 -71.6161
758 -33.0467 -71.6171
248 -33.0467 -71.6171
590 -33.0467 -71.6171
75 -33.0463 -71.616
835 -33.0474 -71.6137
655 -33.0475 -71.6135
330 -33.0475 -71.6134
942 -33.0474 -71.6138
338 -33.0473 -71.614
392 -33.0473 -71.614
201 -33.0473 -71.6139
729 -33.0475 -71.6134
131 -33.0476 -71.6133
926 -33.0476 -71.6132
877 -33.0476 -71.6132
599 -33.0476 -71.6134
451 -33.0475 -71.6134
517 -33.0474 -71.6134
744 -33.0473 -71.6134
969 -33.0473 -71.6134
96 -33.047 -71.6155
317 -33.0471 -71.6147
526 -33.0471 -71.6146
588 -33.0469 -71.6147
634 -33.0463 -71.616
312 -33.0466 -71.6147
241 -33.0466 -71.6147
766 -33.0471 -71.6144
898 -33.0471 -71.6133
739 -33.047 -71.6133
902 -33.047 -71.6133
915 -33.0469 -71.6133
996 -33.0465 -71.6132
749 -33.0465 -71.6132
584 -33.0476 -71.6131
772 -33.0536 -71.6113
810 -33.0537 -71.6113
354 -33.054 -71.6113
19 -33.0535 -71.6122
790 -33.0533 -71.6121
326 -33.0532 -71.6121
420 -33.053 -71.6121
132 -33.0538 -71.6113
592 -33.0538 -71.6113
922 -33.0538 -71.6111
83 -33.0537 -71.6109
873 -33.0537 -71.6108
579 -33.0536 -71.6111
368 -33.0534 -71.611
467 -33.0531 -71.6109
414 -33.053 -71.6121
576 -33.0528 -71.6121
521 -33.0528 -71.6121
43 -33.0528 -71.6121
747 -33.0528 -71.6121
917 -33.0524 -71.612
523 -33.0519 -71.612
298 -33.0517 -71.612
238 -33.0514 -71.612
72 -33.0527 -71.6116
619 -33.0529 -71.6107
259 -33.0528 -71.6106
463 -33.0526 -71.6117
569 -33.0515 -71.6119
874 -33.0516 -71.6118
866 -33.0517 -71.6118
970 -33.0535 -71.6105
237 -33.0527 -71.6104
98 -33.0535 -71.6104
967 -33.0527 -71.6104
154 -33.0527 -71.6104
384 -33.0525 -71.61
591 -33.0524 -71.61
563 -33.0524 -71.6099
209 -33.0523 -71.6098
636 -33.0523 -71.6098
307 -33.0523 -71.6098
366 -33.0523 -71.6098
751 -33.0523 -71.6097
627 -33.0523 -71.6097
52 -33.0522 -71.6096
402 -33.0522 -71.6096
452 -33.0521 -71.6095
555 -33.0516 -71.6095
472 -33.0516 -71.6095
175 -33.0521 -71.6094
944 -33.0516 -71.6095
769 -33.0513 -71.6098
662 -33.0514 -71.6097
219 -33.0515 -71.6096
422 -33.0517 -71.6094
46 -33.0517 -71.6094
61 -33.0519 -71.6092
225 -33.0519 -71.6092
857 -33.0517 -71.6094
773 -33.0517 -71.6094
35 -33.0517 -71.6094
954 -33.0513 -71.6098
675 -33.0511 -71.6125
556 -33.0511 -71.6125
51 -33.0511 -71.6124
811 -33.0511 -71.6125
390 -33.0511 -71.6126
120 -33.0511 -71.6126
642 -33.0511 -71.6125
782 -33.0511 -71.6124
305 -33.0512 -71.6119
962 -33.0513 -71.6118
733 -33.0512 -71.6114
505 -33.0512 -71.612
26 -33.0512 -71.6119
192 -33.0512 -71.6119
173 -33.0511 -71.6114
958 -33.0511 -71.6126
762 -33.0508 -71.6131
14 -33.0506 -71.6131
351 -33.0506 -71.613
97 -33.0504 -71.613
295 -33.0503 -71.613
197 -33.0501 -71.613
405 -33.0501 -71.613
105 -33.0501 -71.613
737 -33.0511 -71.613
187 -33.0511 -71.6128
276 -33.0511 -71.6127
2 -33.0511 -71.6129
907 -33.0501 -71.613
571 -33.0508 -71.6113
214 -33.0508 -71.6113
622 -33.0509 -71.6102
94 -33.0508 -71.6102
110 -33.0508 -71.6102
746 -33.0507 -71.6102
29 -33.0505 -71.6113
15 -33.0505 -71.6113
32 -33.0504 -71.6102
840 -33.0503 -71.6102
674 -33.0512 -71.6099
825 -33.0512 -71.6099
378 -33.0513 -71.6098
470 -33.0511 -71.61
923 -33.0504 -71.6102
626 -33.0504 -71.6102
603 -33.0504 -71.6101
137 -33.0502 -71.6102
909 -33.0502 -71.6113
671 -33.0501 -71.6108
398 -33.0501 -71.6107
704 -33.0501 -71.6109
832 -33.05 -71.6111
236 -33.05 -71.611
741 -33.05 -71.611
981 -33.0501 -71.6106
846 -33.0502 -71.6102
316 -33.0502 -71.6102
158 -33.0502 -71.6102
167 -33.0501 -71.6105
22 -33.0501 -71.6101
681 -33.05 -71.6101
12 -33.0519 -71.6091
528 -33.0543 -71.6085
300 -33.054 -71.6085
748 -33.0539 -71.6085
474 -33.0538 -71.6085
808 -33.0537 -71.6085
677 -33.0537 -71.6085
291 -33.0538 -71.6085
281 -33.0535 -71.6085
331 -33.0533 -71.6084
491 -33.0532 -71.6084
419 -33.0531 -71.6084
63 -33.0531 -71.6084
280 -33.0531 -71.6084
925 -33.0531 -71.6084
886 -33.053 -71.6083
159 -33.053 -71.6083
112 -33.053 -71.6083
469 -33.0522 -71.6083
606 -33.0529 -71.6083
303 -33.0522 -71.6084
679 -33.052 -71.6088
400 -33.0521 -71.6086
513 -33.0521 -71.6085
876 -33.0528 -71.6083
525 -33.0528 -71.6083
903 -33.0528 -71.6082
581 -33.0526 -71.6082
672 -33.0525 -71.6082
311 -33.0525 -71.6082
977 -33.0524 -71.6081
362 -33.0523 -71.6081
454 -33.0523 -71.6081
332 -33.0523 -71.6081
934 -33.0523 -71.608
558 -33.0523 -71.608
499 -33.0522 -71.6079
79 -33.0522 -71.6079
40 -33.0522 -71.6078
506 -33.0522 -71.6078
11 -33.0522 -71.6078
768 -33.0533 -71.6064
147 -33.0531 -71.6047
441 -33.0541 -71.6047
870 -33.053 -71.6047
129 -33.0522 -71.6078
510 -33.0522 -71.6078
90 -33.0523 -71.6048
461 -33.0522 -71.6076
296 -33.0522 -71.6077
527 -33.0522 -71.6076
335 -33.0522 -71.6075
929 -33.0522 -71.6075
657 -33.0522 -71.6074
411 -33.0522 -71.6074
196 -33.0522 -71.6074
223 -33.0522 -71.6074
700 -33.0522 -71.6073
285 -33.0521 -71.6073
473 -33.0521 -71.6073
212 -33.0521 -71.6071
705 -33.0521 -71.6071
477 -33.0521 -71.6071
858 -33.052 -71.6069
927 -33.0517 -71.609
274 -33.0517 -71.609
190 -33.0515 -71.6088
676 -33.0514 -71.6088
424 -33.0514 -71.6088
512 -33.0513 -71.6086
7 -33.0511 -71.6086
797 -33.0512 -71.6085
912 -33.0516 -71.6082
535 -33.0516 -71.6082
613 -33.0516 -71.6082
438 -33.0516 -71.6075
740 -33.0512 -71.6084
848 -33.0512 -71.6084
888 -33.0513 -71.6084
282 -33.0511 -71.6085
478 -33.051 -71.6086
937 -33.0508 -71.6085
723 -33.0508 -71.6085
984 -33.0505 -71.6086
261 -33.0504 -71.6089
503 -33.0504 -71.6088
843 -33.0504 -71.6088
833 -33.051 -71.6085
49 -33.0506 -71.6085
715 -33.0505 -71.6085
256 -33.0502 -71.6085
601 -33.0502 -71.6085
224 -33.0501 -71.6084
595 -33.0501 -71.6084
138 -33.0512 -71.6074
168 -33.052 -71.6068
645 -33.052 -71.6068
551 -33.052 -71.6067
918 -33.0518 -71.6063
980 -33.0518 -71.6063
878 -33.0517 -71.6062
489 -33.0517 -71.6062
458 -33.0517 -71.606
156 -33.0516 -71.6059
221 -33.0517 -71.6048
924 -33.0519 -71.6048
540 -33.0516 -71.6059
664 -33.0516 -71.606
593 -33.0514 -71.6059
73 -33.0515 -71.6057
557 -33.0514 -71.6056
421 -33.0513 -71.6059
227 -33.0512 -71.6059
532 -33.0512 -71.6059
228 -33.0507 -71.6074
753 -33.0507 -71.6073
62 -33.0505 -71.6073
350 -33.0505 -71.6073
381 -33.0511 -71.6058
502 -33.0502 -71.6055
78 -33.0512 -71.6054
706 -33.0511 -71.6051
169 -33.0501 -71.6047
752 -33.05 -71.6055
620 -33.0501 -71.6047
856 -33.05 -71.6111
916 -33.0499 -71.613
577 -33.0497 -71.6129
387 -33.0497 -71.6129
252 -33.0497 -71.6129
415 -33.0497 -71.6131
23 -33.0497 -71.6129
745 -33.0497 -71.6129
446 -33.0496 -71.6129
272 -33.0495 -71.6129
257 -33.0498 -71.6126
145 -33.0499 -71.612
423 -33.0493 -71.6129
403 -33.0493 -71.6129
310 -33.0493 -71.6129
998 -33.0492 -71.6129
160 -33.0492 -71.6129
649 -33.0491 -71.6129
143 -33.0491 -71.6129
386 -33.049 -71.6129
986 -33.0489 -71.6129
309 -33.0487 -71.6129
171 -33.0485 -71.6129
759 -33.0485 -71.6129
151 -33.0485 -71.6129
67 -33.0488 -71.6127
267 -33.0489 -71.6123
731 -33.0489 -71.6121
102 -33.0484 -71.6129
108 -33.0483 -71.6129
611 -33.0483 -71.6129
711 -33.0483 -71.6129
375 -33.0499 -71.612
284 -33.05 -71.6114
882 -33.05 -71.6114
349 -33.05 -71.6113
321 -33.0499 -71.6117
229 -33.0499 -71.6118
319 -33.0499 -71.6117
199 -33.0499 -71.6117
669 -33.05 -71.6113
404 -33.05 -71.6111
182 -33.05 -71.6111
575 -33.05 -71.6101
789 -33.0497 -71.6113
294 -33.0497 -71.6112
736 -33.0497 -71.6112
885 -33.0496 -71.6099
357 -33.0495 -71.6112
997 -33.0494 -71.6112
230 -33.0492 -71.6112
347 -33.0491 -71.6112
670 -33.049 -71.6112
742 -33.0489 -71.6112
371 -33.0489 -71.6112
813 -33.0487 -71.6112
905 -33.0486 -71.6111
861 -33.0493 -71.6099
845 -33.0492 -71.6099
243 -33.0492 -71.6099
16 -33.0491 -71.6099
172 -33.0491 -71.6099
395 -33.0487 -71.6098
776 -33.0483 -71.6111
208 -33.0482 -71.6129
200 -33.0482 -71.6128
202 -33.0481 -71.6128
615 -33.0481 -71.6128
594 -33.0477 -71.6129
837 -33.0478 -71.6129
334 -33.048 -71.6128
70 -33.0479 -71.6128
552 -33.0479 -71.6122
781 -33.0479 -71.6122
616 -33.048 -71.6121
965 -33.0479 -71.6122
37 -33.0477 -71.6128
490 -33.0478 -71.6126
104 -33.0478 -71.6126
661 -33.0477 -71.613
725 -33.0476 -71.6131
630 -33.0477 -71.613
135 -33.0477 -71.6128
87 -33.0476 -71.6127
45 -33.0475 -71.6127
265 -33.0475 -71.6127
585 -33.0472 -71.6127
100 -33.0467 -71.6126
621 -33.0463 -71.6125
659 -33.046 -71.6124
186 -33.046 -71.6124
964 -33.0456 -71.6122
24 -33.0455 -71.6122
494 -33.0452 -71.6121
567 -33.048 -71.6119
691 -33.0482 -71.6113
245 -33.0482 -71.6113
397 -33.0483 -71.6111
806 -33.0482 -71.6113
359 -33.0481 -71.6117
410 -33.0481 -71.6116
247 -33.0482 -71.6113
720 -33.0481 -71.6111
875 -33.0479 -71.6111
264 -33.0478 -71.6111
667 -33.0477 -71.6111
289 -33.0476 -71.611
275 -33.0465 -71.6109
449 -33.0464 -71.6109
995 -33.0461 -71.6098
39 -33.0461 -71.6098
33 -33.0454 -71.6107
928 -33.0456 -71.6098
663 -33.0457 -71.6098
985 -33.0447 -71.6105
353 -33.0447 -71.611
54 -33.0447 -71.6107
695 -33.0447 -71.6103
824 -33.0455 -71.6098
459 -33.0455 -71.6098
344 -33.0458 -71.6098
3 -33.0454 -71.6098
814 -33.0453 -71.6098
702 -33.0453 -71.6098
486 -33.0452 -71.6098
47 -33.0463 -71.6098
183 -33.05 -71.6091
952 -33.0498 -71.6091
468 -33.0497 -71.6091
126 -33.0497 -71.6091
990 -33.0495 -71.6097
653 -33.0495 -71.6096
757 -33.0496 -71.6095
211 -33.0497 -71.6091
324 -33.0495 -71.6091
89 -33.0499 -71.6084
600 -33.0495 -71.6084
785 -33.0494 -71.6091
204 -33.0493 -71.6083
343 -33.0493 -71.6083
328 -33.0493 -71.6083
821 -33.0492 -71.6091
836 -33.0492 -71.6083
863 -33.0492 -71.6083
136 -33.0491 -71.6083
714 -33.0491 -71.6083
8 -33.0484 -71.6098
406 -33.0487 -71.6091
707 -33.0483 -71.6091
951 -33.0491 -71.6083
734 -33.049 -71.6083
771 -33.0487 -71.6083
607 -33.0487 -71.6083
498 -33.0486 -71.6082
235 -33.0485 -71.6082
68 -33.0485 -71.6082
417 -33.0484 -71.6082
125 -33.0483 -71.6082
690 -33.0496 -71.6071
471 -33.0492 -71.607
181 -33.05 -71.6055
957 -33.0491 -71.6065
369 -33.0491 -71.607
460 -33.049 -71.607
56 -33.049 -71.607
966 -33.05 -71.6055
815 -33.0497 -71.6054
673 -33.0495 -71.6053
293 -33.0495 -71.6042
770 -33.0495 -71.6053
382 -33.0495 -71.6053
788 -33.0492 -71.6052
99 -33.0494 -71.604
244 -33.0488 -71.6047
233 -33.0483 -71.6082
624 -33.0488 -71.6068
365 -33.0488 -71.6068
103 -33.0483 -71.6066
82 -33.0483 -71.6082
306 -33.0483 -71.6082
437 -33.0483 -71.6081
287 -33.0483 -71.6066
325 -33.0488 -71.6065
564 -33.0485 -71.6042
358 -33.0485 -71.604
65 -33.0484 -71.604
122 -33.0484 -71.6039
1 -33.0484 -71.6038
738 -33.0483 -71.6082
215 -33.0481 -71.6098
71 -33.0483 -71.6082
544 -33.0477 -71.6082
623 -33.0476 -71.609
650 -33.0465 -71.6098
121 -33.0466 -71.6098
193 -33.0476 -71.6098
562 -33.0476 -71.6082
625 -33.0475 -71.6082
867 -33.0472 -71.6082
185 -33.0481 -71.6079
566 -33.0467 -71.6081
429 -33.0465 -71.6081
270 -33.0465 -71.6081
161 -33.0464 -71.6081
28 -33.0463 -71.6098
249 -33.0452 -71.6098
914 -33.0462 -71.6081
617 -33.0461 -71.6081
798 -33.0451 -71.6098
288 -33.0451 -71.6098
865 -33.045 -71.6098
4 -33.0449 -71.6098
717 -33.0458 -71.608
59 -33.0455 -71.608
188 -33.0456 -71.6078
568 -33.0456 -71.6077
380 -33.0454 -71.608
618 -33.0452 -71.608
162 -33.0445 -71.6077
91 -33.0478 -71.6075
658 -33.0478 -71.6075
975 -33.0479 -71.6067
993 -33.0482 -71.6066
232 -33.0478 -71.6067
534 -33.0478 -71.6075
839 -33.0476 -71.6067
339 -33.0477 -71.6067
896 -33.0475 -71.6041
913 -33.048 -71.6039
628 -33.0481 -71.6039
388 -33.0482 -71.6038
30 -33.048 -71.6036
826 -33.0477 -71.604
800 -33.0475 -71.6038
492 -33.0478 -71.6037
203 -33.0474 -71.6075
791 -33.0474 -71.6071
906 -33.0471 -71.6068
989 -33.0472 -71.6068
508 -33.0471 -71.6068
346 -33.0456 -71.6072
21 -33.047 -71.6069
194 -33.0471 -71.6068
308 -33.0472 -71.6068
536 -33.0474 -71.6068
895 -33.0472 -71.6068
149 -33.0473 -71.6068
514 -33.0472 -71.6039
559 -33.0456 -71.6067
533 -33.0441 -71.6055
