301 -33.0589 -71.6169
978 -33.0606 -71.6162
475 -33.0624 -71.6154
754 -33.0586 -71.6171
455 -33.0585 -71.6173
698 -33.0586 -71.6171
619 -33.0584 -71.6164
962 -33.0585 -71.6153
367 -33.0591 -71.6151
467 -33.0592 -71.6151
189 -33.0591 -71.615
127 -33.059 -71.6151
726 -33.0585 -71.6152
123 -33.0584 -71.6151
279 -33.0584 -71.6151
760 -33.0583 -71.6174
803 -33.058 -71.6176
456 -33.0581 -71.6176
271 -33.0582 -71.6175
838 -33.0577 -71.6179
767 -33.0575 -71.6181
290 -33.0577 -71.6179
198 -33.0577 -71.6179
809 -33.0583 -71.6174
549 -33.0583 -71.6159
154 -33.0583 -71.6158
636 -33.0583 -71.6151
762 -33.0582 -71.615
907 -33.0575 -71.617
269 -33.0581 -71.615
816 -33.0578 -71.615
134 -33.0578 -71.615
686 -33.0594 -71.6149
537 -33.0587 -71.6147
407 -33.0589 -71.6147
251 -33.0586 -71.6147
255 -33.0583 -71.6149
370 -33.0585 -71.6147
408 -33.0585 -71.6147
450 -33.059 -71.6146
945 -33.0603 -71.6143
483 -33.0607 -71.6139
994 -33.0604 -71.6139
57 -33.0596 -71.6138
582 -33.0591 -71.6144
413 -33.0594 -71.6141
175 -33.0584 -71.6139
948 -33.0582 -71.6142
693 -33.0582 -71.615
107 -33.0582 -71.6149
476 -33.0581 -71.6144
580 -33.0578 -71.6149
146 -33.0577 -71.6149
61 -33.0576 -71.6149
7 -33.0575 -71.6141
797 -33.0575 -71.614
389 -33.0579 -71.6139
602 -33.0575 -71.6139
955 -33.0579 -71.6139
520 -33.0575 -71.6139
376 -33.0575 -71.614
506 -33.0575 -71.6139
881 -33.0574 -71.6141
179 -33.0571 -71.6184
166 -33.057 -71.6183
466 -33.0573 -71.6182
495 -33.057 -71.6183
448 -33.0566 -71.6182
431 -33.0565 -71.6182
262 -33.0564 -71.6181
908 -33.0562 -71.6181
403 -33.057 -71.6171
423 -33.057 -71.617
446 -33.0572 -71.617
145 -33.0568 -71.617
171 -33.0566 -71.6167
611 -33.0563 -71.6165
787 -33.0562 -71.616
545 -33.0562 -71.6159
930 -33.0561 -71.6181
864 -33.0562 -71.6158
721 -33.0561 -71.6158
892 -33.0561 -71.6158
946 -33.056 -71.618
487 -33.0558 -71.618
323 -33.0559 -71.6163
547 -33.0561 -71.6157
210 -33.0561 -71.6156
891 -33.0561 -71.6156
992 -33.056 -71.6156
812 -33.056 -71.6156
711 -33.056 -71.6155
775 -33.056 -71.6154
377 -33.056 -71.6154
713 -33.056 -71.6154
105 -33.0574 -71.6149
405 -33.0574 -71.6149
773 -33.0574 -71.6149
150 -33.0573 -71.6149
542 -33.0573 -71.6149
42 -33.0573 -71.6148
641 -33.0572 -71.6148
361 -33.0572 -71.6148
424 -33.0574 -71.6145
442 -33.0574 -71.6143
512 -33.0574 -71.6142
274 -33.0573 -71.6148
69 -33.0572 -71.6148
488 -33.057 -71.6148
819 -33.057 -71.6148
373 -33.0568 -71.6147
292 -33.056 -71.6154
434 -33.056 -71.6153
761 -33.056 -71.6153
117 -33.056 -71.6154
973 -33.056 -71.6154
844 -33.0559 -71.6153
254 -33.056 -71.6153
341 -33.0561 -71.6152
919 -33.0564 -71.615
216 -33.0566 -71.6148
587 -33.0567 -71.6148
730 -33.0563 -71.6151
546 -33.0561 -71.6152
355 -33.0563 -71.6151
743 -33.0582 -71.6137
818 -33.0599 -71.6135
879 -33.0599 -71.6135
60 -33.0599 -71.6134
354 -33.0598 -71.6137
286 -33.0598 -71.6137
464 -33.0591 -71.6136
646 -33.0598 -71.6136
869 -33.06 -71.6133
774 -33.0604 -71.6129
531 -33.0604 -71.6129
501 -33.0604 -71.6129
640 -33.0601 -71.6133
608 -33.0601 -71.6133
733 -33.0591 -71.6129
452 -33.0593 -71.6129
950 -33.0591 -71.6134
822 -33.0585 -71.6135
402 -33.059 -71.6135
668 -33.0586 -71.6133
571 -33.0584 -71.6137
521 -33.0583 -71.6134
295 -33.0583 -71.613
676 -33.0583 -71.613
29 -33.0585 -71.613
124 -33.0588 -71.6129
480 -33.0589 -71.6129
12 -33.0589 -71.6129
927 -33.0588 -71.6129
14 -33.0586 -71.613
351 -33.0586 -71.613
679 -33.0587 -71.613
19 -33.0594 -71.6129
579 -33.0611 -71.6123
917 -33.0612 -71.6122
747 -33.0613 -71.6122
523 -33.0608 -71.6125
238 -33.0604 -71.6128
561 -33.0607 -71.6126
297 -33.0608 -71.6126
976 -33.0614 -71.6121
420 -33.0618 -71.612
790 -33.0621 -71.612
326 -33.0619 -71.612
43 -33.0617 -71.6121
482 -33.0615 -71.6121
576 -33.0616 -71.6121
118 -33.0616 -71.6121
967 -33.0603 -71.6128
366 -33.0596 -71.6128
642 -33.0596 -71.6128
51 -33.0596 -71.6128
751 -33.0596 -71.6128
52 -33.0595 -71.6128
958 -33.0595 -71.6128
627 -33.0595 -71.6128
209 -33.0598 -71.6128
414 -33.06 -71.6128
237 -33.0602 -71.6128
307 -33.0595 -71.6128
991 -33.0595 -71.6125
20 -33.0589 -71.6127
305 -33.0595 -71.6122
842 -33.0583 -71.6126
963 -33.0582 -71.6131
18 -33.0583 -71.613
303 -33.0583 -71.613
909 -33.0581 -71.613
35 -33.0577 -71.6131
674 -33.058 -71.613
848 -33.058 -71.613
197 -33.0582 -71.613
916 -33.0579 -71.6129
789 -33.0578 -71.6129
765 -33.0582 -71.6129
23 -33.0577 -71.6129
387 -33.0577 -71.6129
577 -33.0577 -71.6129
252 -33.0577 -71.6129
591 -33.0576 -71.6134
49 -33.0572 -71.6136
40 -33.0574 -71.6135
212 -33.057 -71.6134
89 -33.0567 -71.6133
551 -33.0567 -71.6133
228 -33.0564 -71.6131
343 -33.056 -71.6131
211 -33.056 -71.6131
173 -33.0576 -71.6129
272 -33.0575 -71.6128
310 -33.0573 -71.6128
885 -33.0562 -71.6131
204 -33.0561 -71.6131
600 -33.0562 -71.6131
160 -33.0573 -71.6128
998 -33.0572 -71.6128
872 -33.0583 -71.6127
15 -33.0582 -71.6127
649 -33.0572 -71.6127
601 -33.0571 -71.6127
347 -33.0571 -71.6127
224 -33.057 -71.6127
603 -33.057 -71.6127
386 -33.057 -71.6127
214 -33.0583 -71.6127
986 -33.057 -71.6127
742 -33.0569 -71.6126
645 -33.0569 -71.6126
575 -33.0568 -71.6126
309 -33.0567 -71.6126
22 -33.0567 -71.6125
151 -33.0566 -71.6125
759 -33.0566 -71.6125
102 -33.0565 -71.6125
905 -33.0565 -71.6124
108 -33.0564 -71.6124
208 -33.0563 -71.6124
200 -33.0563 -71.6124
202 -33.0562 -71.6124
863 -33.0562 -71.6124
615 -33.0561 -71.6123
324 -33.056 -71.6123
70 -33.056 -71.6123
334 -33.056 -71.6123
837 -33.0558 -71.6123
614 -33.0558 -71.618
727 -33.0558 -71.618
393 -33.0556 -71.6179
128 -33.0554 -71.6179
327 -33.0554 -71.6179
115 -33.055 -71.6179
647 -33.0551 -71.6179
830 -33.0554 -71.6179
504 -33.0553 -71.6179
5 -33.0551 -71.6179
703 -33.0552 -71.6178
144 -33.0552 -71.6178
597 -33.0551 -71.6179
226 -33.0551 -71.6179
497 -33.0551 -71.6179
890 -33.0551 -71.6178
796 -33.055 -71.6179
961 -33.0548 -71.6187
313 -33.0548 -71.6185
940 -33.0549 -71.6184
53 -33.0548 -71.6188
697 -33.0547 -71.6189
479 -33.0547 -71.6189
217 -33.0547 -71.6189
999 -33.0546 -71.6184
142 -33.055 -71.6181
85 -33.055 -71.6181
412 -33.055 -71.618
550 -33.0549 -71.6182
859 -33.0548 -71.6184
176 -33.0549 -71.6183
66 -33.0549 -71.6183
315 -33.0552 -71.6178
177 -33.0556 -71.6169
399 -33.0557 -71.6167
340 -33.0557 -71.6167
253 -33.0556 -71.6171
17 -33.0554 -71.6174
632 -33.0555 -71.6172
266 -33.0556 -71.6171
116 -33.0557 -71.6166
687 -33.0558 -71.6164
880 -33.0558 -71.6164
585 -33.0558 -71.6157
565 -33.0557 -71.6159
831 -33.0557 -71.6165
860 -33.0557 -71.6159
320 -33.0556 -71.6159
250 -33.0554 -71.6174
163 -33.0554 -71.6176
678 -33.0554 -71.6175
260 -33.0554 -71.6174
852 -33.0553 -71.6176
38 -33.0553 -71.6178
111 -33.0553 -71.6178
500 -33.0553 -71.6176
795 -33.0554 -71.6159
93 -33.0553 -71.6158
148 -33.0551 -71.6158
430 -33.0551 -71.6158
385 -33.055 -71.6158
756 -33.055 -71.6158
783 -33.0549 -71.6158
849 -33.0546 -71.6202
629 -33.0544 -71.6201
109 -33.0545 -71.6189
883 -33.0543 -71.6189
979 -33.054 -71.6189
409 -33.0539 -71.6198
829 -33.0539 -71.6189
786 -33.0538 -71.6188
589 -33.0537 -71.6188
130 -33.054 -71.6184
364 -33.0544 -71.6184
904 -33.0545 -71.6184
165 -33.054 -71.6184
598 -33.0536 -71.6188
10 -33.0536 -71.6185
983 -33.0536 -71.6185
949 -33.0535 -71.6185
92 -33.0535 -71.6193
987 -33.0535 -71.6192
25 -33.0535 -71.6191
710 -33.0535 -71.6193
708 -33.0526 -71.6187
511 -33.0524 -71.6186
427 -33.0516 -71.6184
509 -33.0514 -71.6184
516 -33.0507 -71.6181
938 -33.0496 -71.6161
277 -33.0496 -71.6161
820 -33.0496 -71.6161
101 -33.0489 -71.6172
205 -33.0496 -71.6161
239 -33.0528 -71.6159
453 -33.0529 -71.6158
263 -33.0529 -71.6158
75 -33.0543 -71.6157
416 -33.0526 -71.6158
573 -33.0525 -71.6157
889 -33.0525 -71.6157
170 -33.0524 -71.6157
496 -33.0542 -71.6157
195 -33.0541 -71.6156
304 -33.0541 -71.6156
574 -33.0538 -71.6156
106 -33.0538 -71.6156
529 -33.0529 -71.6156
850 -33.0538 -71.6156
688 -33.0537 -71.6156
333 -33.0523 -71.6156
639 -33.0522 -71.6157
155 -33.0521 -71.6156
113 -33.0523 -71.6156
605 -33.0521 -71.6156
988 -33.0497 -71.6159
764 -33.0505 -71.6158
763 -33.0519 -71.6156
794 -33.0518 -71.6156
157 -33.0518 -71.6156
635 -33.0513 -71.6156
610 -33.0511 -71.6156
911 -33.0505 -71.6156
139 -33.0492 -71.6156
802 -33.0492 -71.6156
884 -33.0537 -71.6156
421 -33.0556 -71.6131
734 -33.0557 -71.6131
593 -33.0558 -71.6131
835 -33.0556 -71.6156
739 -33.0553 -71.6154
100 -33.0553 -71.6154
68 -33.0552 -71.6131
599 -33.0553 -71.6124
655 -33.0553 -71.6124
437 -33.0553 -71.6124
82 -33.0552 -71.6124
738 -33.0552 -71.6124
233 -33.0552 -71.6124
306 -33.0552 -71.6124
707 -33.0549 -71.6124
942 -33.0549 -71.6124
749 -33.0548 -71.6151
659 -33.0546 -71.6149
24 -33.0543 -71.6147
964 -33.0542 -71.6147
13 -33.0535 -71.6155
572 -33.0535 -71.6155
191 -33.0534 -71.6155
494 -33.0538 -71.6144
185 -33.0548 -71.6129
201 -33.0548 -71.6124
392 -33.0548 -71.6124
902 -33.0547 -71.6124
181 -33.0545 -71.6126
625 -33.0544 -71.6126
91 -33.0544 -71.6125
265 -33.0555 -71.6124
725 -33.0556 -71.6123
877 -33.0556 -71.6123
498 -33.0556 -71.6123
235 -33.0556 -71.6123
562 -33.0545 -71.6124
275 -33.0545 -71.6124
658 -33.0545 -71.6123
771 -33.0556 -71.6123
661 -33.0557 -71.6123
607 -33.0557 -71.6123
801 -33.0558 -71.6123
227 -33.0557 -71.6123
87 -33.0557 -71.6123
791 -33.0545 -71.6122
566 -33.0544 -71.6121
449 -33.0544 -71.6123
534 -33.0544 -71.6123
996 -33.0543 -71.6123
203 -33.0542 -71.6123
867 -33.0541 -71.6123
623 -33.0541 -71.6123
805 -33.0541 -71.6123
382 -33.0541 -71.6123
186 -33.054 -71.6122
588 -33.0539 -71.6122
536 -33.0543 -71.612
429 -33.0543 -71.612
638 -33.0538 -71.6122
666 -33.0537 -71.6122
33 -33.0533 -71.6122
174 -33.0533 -71.6155
273 -33.0533 -71.6155
652 -33.0533 -71.6155
692 -33.053 -71.6155
900 -33.053 -71.6155
712 -33.053 -71.6155
644 -33.0505 -71.6155
493 -33.0494 -71.6144
583 -33.0495 -71.6143
353 -33.0528 -71.6138
755 -33.0496 -71.6137
55 -33.0496 -71.6136
939 -33.0495 -71.6139
484 -33.0495 -71.6141
732 -33.0495 -71.614
9 -33.0495 -71.614
935 -33.0494 -71.6145
633 -33.0493 -71.6152
447 -33.0493 -71.6151
718 -33.0493 -71.615
222 -33.0493 -71.6153
322 -33.0492 -71.6156
696 -33.0493 -71.6154
735 -33.0493 -71.6154
360 -33.0494 -71.6148
34 -33.0494 -71.6147
80 -33.0494 -71.6146
485 -33.0494 -71.6145
982 -33.0485 -71.614
784 -33.0484 -71.6143
220 -33.0484 -71.6143
54 -33.0525 -71.6136
604 -33.0506 -71.613
862 -33.0511 -71.613
314 -33.0511 -71.6126
81 -33.0504 -71.613
348 -33.0504 -71.613
901 -33.0504 -71.613
553 -33.0503 -71.613
855 -33.0511 -71.6125
683 -33.0529 -71.6121
758 -33.0522 -71.612
44 -33.052 -71.612
851 -33.0513 -71.6119
660 -33.0511 -71.6125
394 -33.0511 -71.6125
834 -33.0511 -71.6123
283 -33.0499 -71.612
530 -33.0496 -71.6134
972 -33.0497 -71.6129
793 -33.0497 -71.6129
152 -33.0496 -71.6134
722 -33.0496 -71.6135
88 -33.0486 -71.6134
643 -33.0487 -71.613
827 -33.0489 -71.6129
694 -33.0498 -71.6125
383 -33.0498 -71.6124
799 -33.0498 -71.6122
716 -33.0498 -71.6125
724 -33.0489 -71.6124
968 -33.049 -71.6119
161 -33.0543 -71.6119
72 -33.0603 -71.6104
474 -33.0613 -71.6101
970 -33.0608 -71.6096
463 -33.0601 -71.6104
298 -33.0593 -71.6116
368 -33.0598 -71.6116
866 -33.0591 -71.6101
677 -33.0615 -71.6094
63 -33.0611 -71.6093
903 -33.0609 -71.6089
419 -33.0614 -71.6089
672 -33.0609 -71.6089
581 -33.0608 -71.6088
132 -33.06 -71.6088
138 -33.059 -71.6088
748 -33.0589 -71.6112
563 -33.0588 -71.6118
886 -33.0589 -71.6112
259 -33.0589 -71.6112
560 -33.0588 -71.6117
569 -33.0579 -71.6113
606 -33.0583 -71.6113
876 -33.0587 -71.6113
190 -33.0582 -71.6107
26 -33.0588 -71.6105
657 -33.0586 -71.6101
362 -33.0589 -71.6095
73 -33.0584 -71.6089
558 -33.0584 -71.6106
187 -33.058 -71.6104
454 -33.0582 -71.609
499 -33.0607 -71.6085
79 -33.0607 -71.6085
934 -33.0607 -71.6085
469 -33.0606 -71.6085
11 -33.0605 -71.6084
400 -33.0604 -71.6084
461 -33.0604 -71.6083
332 -33.0602 -71.6083
335 -33.0604 -71.6083
700 -33.0603 -71.6083
473 -33.0602 -71.6082
285 -33.0601 -71.6082
705 -33.06 -71.6081
225 -33.0599 -71.608
858 -33.0598 -71.6079
438 -33.0598 -71.6079
528 -33.059 -71.6079
626 -33.0582 -71.6084
690 -33.058 -71.6081
137 -33.058 -71.6081
846 -33.058 -71.6082
836 -33.0578 -71.6082
468 -33.0579 -71.6082
328 -33.0579 -71.6082
952 -33.0581 -71.6081
746 -33.0585 -71.6079
94 -33.0586 -71.6079
532 -33.0586 -71.6079
923 -33.0581 -71.6081
126 -33.0578 -71.6081
183 -33.0581 -71.6081
714 -33.0578 -71.6082
510 -33.0577 -71.6107
384 -33.0577 -71.6102
167 -33.0578 -71.6082
2 -33.0577 -71.6092
874 -33.0576 -71.6088
535 -33.0575 -71.6088
471 -33.0576 -71.6081
757 -33.0576 -71.6081
502 -33.0576 -71.6081
981 -33.0576 -71.6081
966 -33.0575 -71.6081
398 -33.0575 -71.6081
671 -33.0575 -71.6081
785 -33.0575 -71.6081
752 -33.0575 -71.6081
704 -33.0574 -71.6081
415 -33.0563 -71.6101
97 -33.0572 -71.6099
681 -33.0568 -71.6099
861 -33.0561 -71.6102
141 -33.0557 -71.6104
143 -33.056 -71.6103
821 -33.056 -71.6103
540 -33.057 -71.6098
706 -33.0563 -71.6095
745 -33.0561 -71.6095
268 -33.0561 -71.6095
770 -33.0559 -71.6091
673 -33.0558 -71.6091
975 -33.0558 -71.6082
56 -33.0574 -71.6081
369 -33.0574 -71.6081
653 -33.0574 -71.6081
741 -33.0574 -71.6081
236 -33.0573 -71.6081
856 -33.0572 -71.608
182 -33.0572 -71.608
832 -33.0572 -71.608
365 -33.0571 -71.608
624 -33.0571 -71.608
192 -33.057 -71.608
882 -33.0569 -71.608
243 -33.0569 -71.608
71 -33.0569 -71.608
736 -33.0568 -71.608
325 -33.0568 -71.608
294 -33.0568 -71.608
229 -33.0568 -71.608
199 -33.0568 -71.608
321 -33.0567 -71.608
788 -33.0567 -71.608
675 -33.0565 -71.608
811 -33.0565 -71.608
997 -33.0565 -71.608
375 -33.0564 -71.608
556 -33.0565 -71.608
395 -33.0563 -71.608
287 -33.0563 -71.608
103 -33.0563 -71.608
993 -33.0563 -71.608
244 -33.0561 -71.6079
737 -33.056 -71.6079
740 -33.0597 -71.6079
422 -33.0597 -71.6078
888 -33.0599 -71.6078
833 -33.0596 -71.6076
282 -33.0596 -71.6078
944 -33.0595 -71.6077
478 -33.0595 -71.6077
810 -33.0594 -71.6076
592 -33.0595 -71.6076
977 -33.0611 -71.6075
912 -33.0599 -71.6071
918 -33.0594 -71.6076
662 -33.0594 -71.6076
219 -33.0594 -71.6076
46 -33.0594 -71.607
878 -33.0593 -71.6076
156 -33.0589 -71.6078
664 -33.059 -71.6077
470 -33.0591 -71.6077
350 -33.0589 -71.6078
557 -33.0587 -71.6079
929 -33.0589 -71.6078
62 -33.0589 -71.6078
458 -33.0591 -71.6077
489 -33.0593 -71.6076
723 -33.0593 -71.6076
772 -33.0592 -71.6074
715 -33.0591 -71.6076
378 -33.0591 -71.6077
753 -33.0591 -71.6077
280 -33.0591 -71.6075
281 -33.0602 -71.607
808 -33.0612 -71.6068
159 -33.0609 -71.6065
441 -33.0625 -71.6058
925 -33.0607 -71.6064
300 -33.0606 -71.6068
129 -33.0601 -71.6063
296 -33.0604 -71.6057
491 -33.061 -71.6055
291 -33.0618 -71.6051
147 -33.0617 -71.6051
870 -33.0616 -71.605
331 -33.0615 -71.6049
112 -33.0612 -71.6049
90 -33.0609 -71.6047
924 -33.0605 -71.6046
311 -33.06 -71.6062
873 -33.0593 -71.6064
857 -33.0596 -71.6063
922 -33.0596 -71.6063
527 -33.0592 -71.6063
954 -33.0591 -71.6065
825 -33.0589 -71.6065
769 -33.0592 -71.6064
513 -33.0591 -71.6063
83 -33.0599 -71.6063
411 -33.0599 -71.6062
78 -33.0593 -71.6044
221 -33.0591 -71.6054
525 -33.059 -71.6063
196 -33.0587 -71.6051
843 -33.0587 -71.6066
381 -33.0586 -71.6079
110 -33.0584 -71.6074
613 -33.0577 -71.6073
16 -33.0567 -71.6072
319 -33.0566 -71.6074
357 -33.0565 -71.6073
172 -33.0566 -71.6072
505 -33.0568 -71.6072
349 -33.057 -71.6071
417 -33.057 -71.6071
404 -33.0571 -71.607
669 -33.0569 -71.6071
845 -33.0568 -71.6072
284 -33.0568 -71.6071
125 -33.0569 -71.6071
390 -33.0563 -71.6075
371 -33.056 -71.6079
242 -33.0559 -71.6079
257 -33.0559 -71.6079
232 -33.0558 -71.6079
215 -33.0558 -71.6079
339 -33.0558 -71.6079
813 -33.0558 -71.6079
8 -33.0561 -71.6075
120 -33.0563 -71.6074
544 -33.0563 -71.6074
782 -33.0563 -71.6074
276 -33.0562 -71.6074
670 -33.0561 -71.6075
230 -33.0562 -71.6075
990 -33.0572 -71.607
980 -33.0584 -71.6067
555 -33.0587 -71.6066
261 -33.0586 -71.6066
168 -33.0584 -71.6067
158 -33.0579 -71.6068
32 -33.058 -71.6067
503 -33.0578 -71.6066
622 -33.0586 -71.6066
223 -33.0585 -71.6062
169 -33.0584 -71.6042
620 -33.0584 -71.6042
984 -33.0583 -71.6058
840 -33.0579 -71.6065
477 -33.058 -71.6059
937 -33.058 -71.6046
293 -33.0577 -71.6046
951 -33.0575 -71.6069
136 -33.0575 -71.6066
768 -33.0576 -71.6049
472 -33.0575 -71.6061
460 -33.0566 -71.6064
316 -33.057 -71.6062
256 -33.0575 -71.6048
98 -33.0573 -71.6048
595 -33.0573 -71.6047
99 -33.0576 -71.6047
957 -33.0567 -71.6046
1 -33.0564 -71.6044
406 -33.0557 -71.6046
30 -33.0557 -71.6043
839 -33.0557 -71.6078
270 -33.0543 -71.6119
906 -33.0542 -71.6117
508 -33.0542 -71.6117
617 -33.0542 -71.6116
914 -33.0541 -71.6116
717 -33.054 -71.6113
894 -33.0538 -71.6113
188 -33.0536 -71.6111
517 -33.054 -71.6105
744 -33.054 -71.6105
372 -33.0544 -71.6105
180 -33.0538 -71.611
995 -33.0538 -71.611
621 -33.0537 -71.6108
336 -33.0536 -71.6105
59 -33.0536 -71.6111
133 -33.0528 -71.6116
74 -33.053 -71.6116
27 -33.053 -71.6116
345 -33.0527 -71.6116
780 -33.0519 -71.6118
337 -33.0521 -71.6117
401 -33.0526 -71.6117
278 -33.0531 -71.6116
920 -33.0536 -71.6114
568 -33.0535 -71.6111
915 -33.0535 -71.6105
380 -33.0535 -71.611
618 -33.0534 -71.611
346 -33.0531 -71.6109
559 -33.0528 -71.6106
391 -33.0552 -71.6104
433 -33.0551 -71.6099
931 -33.0552 -71.6099
815 -33.0556 -71.6093
943 -33.0536 -71.6086
356 -33.0535 -71.6087
779 -33.0521 -71.6086
719 -33.0521 -71.6086
329 -33.0521 -71.6086
396 -33.0536 -71.6085
936 -33.0537 -71.6085
344 -33.0537 -71.6085
131 -33.0536 -71.6085
352 -33.0536 -71.6085
312 -33.0521 -71.6085
684 -33.0536 -71.6085
241 -33.0521 -71.6086
665 -33.0519 -71.6092
522 -33.0519 -71.6092
548 -33.0519 -71.6092
709 -33.0519 -71.6092
76 -33.0518 -71.6093
207 -33.0519 -71.6093
444 -33.0519 -71.6092
86 -33.052 -71.609
947 -33.0521 -71.6088
596 -33.0521 -71.6087
96 -33.0521 -71.6087
804 -33.052 -71.6089
685 -33.052 -71.609
518 -33.052 -71.6089
847 -33.0518 -71.6093
31 -33.0516 -71.6118
77 -33.0516 -71.6118
586 -33.0502 -71.6104
854 -33.0501 -71.6105
631 -33.0501 -71.6105
778 -33.0501 -71.6105
436 -33.0501 -71.6105
218 -33.0502 -71.6103
538 -33.0508 -71.6102
648 -33.0508 -71.6102
462 -33.0506 -71.6102
374 -33.0506 -71.6102
519 -33.0502 -71.6103
515 -33.0505 -71.6102
432 -33.0505 -71.6102
541 -33.0501 -71.6105
853 -33.05 -71.6113
140 -33.05 -71.6113
318 -33.05 -71.6112
206 -33.05 -71.6115
440 -33.0499 -71.6117
933 -33.0494 -71.6112
48 -33.0492 -71.6112
213 -33.05 -71.6111
868 -33.0501 -71.6108
36 -33.0501 -71.6107
84 -33.0501 -71.6106
50 -33.0501 -71.6109
897 -33.05 -71.6111
941 -33.05 -71.6111
612 -33.0503 -71.6102
457 -33.0514 -71.6098
956 -33.0514 -71.6097
481 -33.0515 -71.6096
807 -33.0513 -71.6098
231 -33.0513 -71.6098
119 -33.0513 -71.6098
634 -33.0513 -71.6098
828 -33.0515 -71.6096
240 -33.0516 -71.6095
64 -33.0517 -71.6094
654 -33.0517 -71.6094
363 -33.0516 -71.6095
425 -33.0516 -71.6095
153 -33.0516 -71.6095
178 -33.0516 -71.6095
823 -33.0513 -71.6098
728 -33.051 -71.6101
701 -33.0512 -71.6099
680 -33.0512 -71.6099
0 -33.051 -71.6101
302 -33.0505 -71.6102
960 -33.0502 -71.6101
637 -33.051 -71.6101
234 -33.0512 -71.6099
590 -33.0512 -71.6099
418 -33.0512 -71.6099
899 -33.051 -71.6085
971 -33.0505 -71.6087
435 -33.0495 -71.6099
248 -33.0505 -71.6087
492 -33.0546 -71.6085
289 -33.0548 -71.6084
567 -33.0548 -71.6084
184 -33.0548 -71.6084
616 -33.0546 -71.6085
552 -33.0546 -71.6085
41 -33.0545 -71.6085
893 -33.0545 -71.6085
6 -33.0548 -71.6084
871 -33.055 -71.6082
410 -33.055 -71.6082
264 -33.055 -71.6082
913 -33.0549 -71.6083
921 -33.0549 -71.6083
667 -33.0549 -71.6083
359 -33.0549 -71.6083
959 -33.0545 -71.6085
896 -33.0545 -71.6085
965 -33.0544 -71.6085
650 -33.0544 -71.6085
445 -33.0544 -71.6085
104 -33.0543 -71.6085
689 -33.0544 -71.6085
800 -33.0543 -71.6085
609 -33.0543 -71.6085
28 -33.0541 -71.6085
490 -33.0542 -71.6085
47 -33.0541 -71.6085
135 -33.0541 -71.6085
953 -33.054 -71.6085
37 -33.054 -71.6085
594 -33.054 -71.6085
875 -33.055 -71.6082
193 -33.0553 -71.608
397 -33.0554 -71.608
989 -33.0554 -71.608
122 -33.0553 -71.608
895 -33.0553 -71.608
720 -33.0553 -71.608
245 -33.0553 -71.608
267 -33.0554 -71.6079
564 -33.0555 -71.6078
910 -33.0557 -71.6077
826 -33.0556 -71.6044
358 -33.0555 -71.6079
65 -33.0554 -71.6079
578 -33.0554 -71.6079
731 -33.0555 -71.6079
806 -33.0553 -71.608
628 -33.0551 -71.6082
194 -33.0551 -71.6081
21 -33.0552 -71.6081
299 -33.0551 -71.6082
67 -33.0551 -71.6082
682 -33.0551 -71.6082
554 -33.0551 -71.6082
887 -33.0552 -71.6081
308 -33.0553 -71.6081
247 -33.0553 -71.608
691 -33.0553 -71.608
388 -33.0552 -71.6081
776 -33.0542 -71.6055
149 -33.0549 -71.6045
39 -33.0539 -71.6085
114 -33.0537 -71.6085
570 -33.0539 -71.6085
45 -33.0538 -71.6085
584 -33.0537 -71.6085
663 -33.0535 -71.6085
543 -33.0537 -71.6085
928 -33.0535 -71.6085
630 -33.0539 -71.6085
777 -33.0539 -71.6085
443 -33.0538 -71.6085
426 -33.0538 -71.6085
514 -33.0538 -71.6085
699 -33.0538 -71.6085
926 -33.0538 -71.6085
330 -33.0535 -71.6085
95 -33.0534 -71.6085
824 -33.0534 -71.6085
451 -33.0534 -71.6085
459 -33.0533 -71.6085
969 -33.0533 -71.6084
342 -33.0521 -71.6085
656 -33.0522 -71.6084
3 -33.0532 -71.6084
814 -33.0532 -71.6084
246 -33.0532 -71.6084
841 -33.0532 -71.6084
486 -33.0532 -71.6084
162 -33.0531 -71.6084
702 -33.0531 -71.6084
249 -33.0531 -71.6084
798 -33.0531 -71.6084
898 -33.053 -71.6083
288 -33.053 -71.6083
524 -33.053 -71.6083
338 -33.0529 -71.6083
865 -33.0529 -71.6083
974 -33.0529 -71.6083
4 -33.0528 -71.6083
379 -33.0527 -71.6082
507 -33.053 -71.6065
781 -33.0534 -71.6063
121 -33.0536 -71.6062
729 -33.0527 -71.6067
766 -33.0526 -71.6082
750 -33.0526 -71.6082
792 -33.0526 -71.6068
817 -33.0526 -71.6082
539 -33.0525 -71.6082
439 -33.0524 -71.6082
164 -33.0524 -71.6081
428 -33.0522 -71.6082
58 -33.0522 -71.6082
651 -33.0522 -71.6082
985 -33.0522 -71.6081
526 -33.0524 -71.6081
317 -33.0524 -71.6081
932 -33.0523 -71.6081
465 -33.0523 -71.6081
695 -33.0523 -71.6081
258 -33.0522 -71.6081
533 -33.0518 -71.6047
