145 -33.0626 -71.6157
179 -33.0627 -71.6156
290 -33.0635 -71.6153
495 -33.0624 -71.6154
171 -33.0623 -71.6158
908 -33.0619 -71.6158
448 -33.0624 -71.6158
271 -33.0643 -71.6152
619 -33.0642 -71.6152
754 -33.0641 -71.6152
466 -33.063 -71.6151
166 -33.0621 -71.6152
838 -33.062 -71.6152
907 -33.0621 -71.6151
760 -33.0621 -71.6151
930 -33.0618 -71.6158
393 -33.0614 -71.6159
506 -33.0615 -71.6159
946 -33.0617 -71.6158
327 -33.0612 -71.6159
585 -33.0609 -71.6161
597 -33.061 -71.6161
128 -33.0611 -71.616
487 -33.0616 -71.6158
727 -33.0616 -71.6158
614 -33.0611 -71.6155
423 -33.061 -71.6154
803 -33.061 -71.6154
154 -33.0607 -71.6155
446 -33.0608 -71.6155
456 -33.0609 -71.6154
403 -33.0622 -71.6151
455 -33.0633 -71.6149
286 -33.0627 -71.6136
582 -33.0627 -71.6136
14 -33.0627 -71.6136
978 -33.0627 -71.6151
301 -33.0626 -71.615
475 -33.0626 -71.615
958 -33.0627 -71.6136
531 -33.0639 -71.6133
238 -33.0639 -71.6133
118 -33.0639 -71.6133
52 -33.0629 -71.6132
917 -33.0623 -71.6135
255 -33.0627 -71.6131
160 -33.0626 -71.6128
51 -33.0623 -71.6135
501 -33.0622 -71.6135
351 -33.0622 -71.6134
819 -33.061 -71.6134
127 -33.0608 -71.6136
686 -33.0607 -71.614
424 -33.0607 -71.6139
483 -33.0607 -71.6139
994 -33.061 -71.6134
274 -33.061 -71.6134
762 -33.061 -71.6134
579 -33.0621 -71.6131
198 -33.061 -71.6134
809 -33.061 -71.6134
189 -33.061 -71.6134
600 -33.0606 -71.6139
611 -33.0604 -71.6156
279 -33.0602 -71.6143
431 -33.0603 -71.6143
262 -33.0602 -71.6144
100 -33.0602 -71.6157
117 -33.0601 -71.6144
546 -33.0601 -71.6144
711 -33.0603 -71.6143
61 -33.0606 -71.6141
467 -33.0606 -71.6141
123 -33.0606 -71.6141
767 -33.0605 -71.6142
945 -33.0603 -71.6143
49 -33.0603 -71.6142
7 -33.0604 -71.6142
904 -33.06 -71.6164
109 -33.0597 -71.6166
593 -33.0597 -71.6166
549 -33.0597 -71.6146
698 -33.0597 -71.6147
130 -33.0596 -71.6166
962 -33.0596 -71.6148
773 -33.0596 -71.6148
726 -33.0597 -71.6145
89 -33.06 -71.6144
228 -33.06 -71.6144
367 -33.06 -71.6144
739 -33.06 -71.6145
148 -33.0599 -71.6145
204 -33.0598 -71.6145
734 -33.0595 -71.6141
405 -33.0595 -71.614
580 -33.0601 -71.6134
751 -33.0601 -71.6134
615 -33.0602 -71.6134
116 -33.0601 -71.6133
93 -33.06 -71.6134
795 -33.06 -71.6134
340 -33.06 -71.6133
320 -33.0602 -71.6131
880 -33.0603 -71.613
134 -33.0604 -71.613
150 -33.0605 -71.6129
565 -33.0602 -71.6131
860 -33.0602 -71.6131
70 -33.0599 -71.6128
414 -33.06 -71.6128
177 -33.0599 -71.6135
385 -33.0597 -71.6139
967 -33.0598 -71.6138
927 -33.0598 -71.6137
355 -33.0597 -71.6139
185 -33.0595 -71.614
250 -33.0595 -71.614
632 -33.0597 -71.6139
354 -33.0598 -71.6137
430 -33.0598 -71.6136
566 -33.0597 -71.6128
295 -33.0598 -71.6128
756 -33.0597 -71.6137
783 -33.0597 -71.6137
33 -33.0596 -71.6128
235 -33.06 -71.6128
57 -33.0633 -71.6126
285 -33.0634 -71.6124
309 -33.0627 -71.6122
22 -33.0627 -71.6123
489 -33.0626 -71.6127
224 -33.0627 -71.6127
269 -33.0627 -71.6124
816 -33.0632 -71.6122
700 -33.0643 -71.6122
705 -33.0641 -71.6121
976 -33.0646 -71.6121
251 -33.0641 -71.6121
62 -33.0627 -71.6122
641 -33.0626 -71.6121
674 -33.0633 -71.6119
878 -33.0626 -71.6127
69 -33.0625 -71.6121
200 -33.0623 -71.6121
208 -33.0623 -71.612
366 -33.0622 -71.6126
498 -33.0617 -71.6121
661 -33.0617 -71.6121
607 -33.0617 -71.612
577 -33.0617 -71.612
373 -33.0623 -71.612
202 -33.0622 -71.612
733 -33.0623 -71.612
324 -33.0621 -71.612
87 -33.0618 -71.612
837 -33.0619 -71.612
759 -33.0619 -71.612
986 -33.0629 -71.6119
370 -33.0639 -71.6116
408 -33.064 -71.6116
480 -33.0649 -71.6112
387 -33.0632 -71.6112
642 -33.063 -71.6113
561 -33.0631 -71.6112
209 -33.0631 -71.6112
407 -33.0637 -71.6112
413 -33.065 -71.6112
473 -33.0648 -71.6105
482 -33.0648 -71.6105
790 -33.064 -71.6108
523 -33.0639 -71.6112
11 -33.064 -71.6111
499 -33.064 -71.6107
347 -33.063 -71.6117
452 -33.0619 -71.6118
789 -33.0629 -71.6117
934 -33.0619 -71.6112
752 -33.0619 -71.6112
918 -33.0618 -71.611
297 -33.0618 -71.6108
146 -33.0618 -71.6108
474 -33.0618 -71.6108
740 -33.0617 -71.6107
43 -33.0618 -71.6106
818 -33.0618 -71.6105
537 -33.0617 -71.6105
903 -33.0614 -71.6107
458 -33.0615 -71.6107
341 -33.0614 -71.6121
392 -33.0609 -71.6124
201 -33.0609 -71.6124
575 -33.0609 -71.6124
992 -33.0609 -71.6125
275 -33.0607 -71.6126
864 -33.0608 -71.6125
892 -33.0609 -71.6125
942 -33.061 -71.6124
844 -33.0611 -71.6122
973 -33.0612 -71.6122
254 -33.0612 -71.6122
863 -33.0611 -71.6123
679 -33.061 -71.6123
707 -33.0611 -71.6123
292 -33.0611 -71.6123
534 -33.0606 -71.6127
787 -33.0604 -71.6128
203 -33.0605 -71.6128
996 -33.0605 -71.6128
562 -33.0604 -71.6128
791 -33.06 -71.6128
666 -33.06 -71.6128
623 -33.0604 -71.6128
449 -33.0605 -71.6127
265 -33.0606 -71.6127
237 -33.0603 -71.6124
658 -33.0603 -71.6124
991 -33.0595 -71.6125
831 -33.0595 -71.6127
270 -33.0595 -71.6126
761 -33.0612 -71.6122
655 -33.0613 -71.6122
437 -33.0613 -71.6122
599 -33.0613 -71.6122
233 -33.0613 -71.6122
434 -33.0613 -71.6122
693 -33.0613 -71.6122
747 -33.0613 -71.6122
738 -33.0614 -71.6122
272 -33.0608 -71.612
627 -33.0609 -71.6115
12 -33.0612 -71.6115
771 -33.0607 -71.6116
603 -33.0605 -71.612
252 -33.0605 -71.6116
307 -33.0607 -71.6116
306 -33.0603 -71.6121
334 -33.0603 -71.6119
601 -33.0603 -71.6118
82 -33.0603 -71.6114
815 -33.0603 -71.6115
955 -33.0595 -71.612
368 -33.0598 -71.6116
919 -33.06 -71.6116
876 -33.0603 -71.611
770 -33.0598 -71.6106
998 -33.0602 -71.6106
909 -33.0598 -71.6106
877 -33.0597 -71.6106
902 -33.0595 -71.611
743 -33.0595 -71.6109
749 -33.0594 -71.6149
494 -33.0588 -71.6169
949 -33.0592 -71.6168
964 -33.0593 -71.6168
66 -33.0587 -71.6154
786 -33.0586 -71.6168
983 -33.0585 -71.6167
10 -33.0585 -71.6167
703 -33.0591 -71.6151
659 -33.0593 -71.615
504 -33.0592 -71.615
830 -33.0594 -71.6149
176 -33.0588 -71.6148
636 -33.0586 -71.6149
488 -33.0588 -71.6148
191 -33.0585 -71.6148
273 -33.0585 -71.6148
979 -33.0585 -71.6167
91 -33.0584 -71.6164
165 -33.0584 -71.6163
961 -33.0583 -71.6157
382 -33.0583 -71.616
867 -33.0583 -71.616
364 -33.0583 -71.6158
343 -33.0583 -71.6151
652 -33.0584 -71.6148
174 -33.0584 -71.6148
721 -33.0583 -71.6148
692 -33.0583 -71.6149
697 -33.0582 -71.6149
323 -33.0582 -71.6148
105 -33.0583 -71.6148
884 -33.0588 -71.6148
75 -33.0592 -71.6144
315 -33.0592 -71.6144
144 -33.0592 -71.6143
195 -33.0591 -71.6144
226 -33.0591 -71.6144
497 -33.0591 -71.6144
304 -33.0591 -71.6144
111 -33.0592 -71.6143
107 -33.0594 -71.6142
163 -33.0594 -71.6141
678 -33.0594 -71.614
852 -33.0594 -71.6141
38 -33.0592 -71.6143
421 -33.0593 -71.6143
500 -33.0593 -71.6141
450 -33.0591 -71.6145
574 -33.0588 -71.6147
106 -33.0589 -71.6147
142 -33.0589 -71.6147
572 -33.0587 -71.6147
313 -33.0585 -71.6147
859 -33.0586 -71.6147
13 -33.0586 -71.6147
797 -33.0586 -71.6146
24 -33.059 -71.6145
115 -33.059 -71.6145
890 -33.0591 -71.6145
496 -33.0589 -71.614
512 -33.0586 -71.6144
551 -33.0582 -71.6142
948 -33.0582 -71.6142
409 -33.0579 -71.6177
708 -33.0582 -71.6175
529 -33.0581 -71.615
511 -33.0579 -71.6177
353 -33.0577 -71.617
536 -33.0579 -71.6158
161 -33.0578 -71.6158
900 -33.0581 -71.615
712 -33.0581 -71.615
263 -33.0579 -71.615
835 -33.0579 -71.6149
625 -33.0579 -71.6149
883 -33.0578 -71.615
361 -33.0578 -71.6149
239 -33.0577 -71.6149
427 -33.0573 -71.6182
509 -33.0571 -71.6184
516 -33.0564 -71.6181
764 -33.0562 -71.616
911 -33.0562 -71.6158
849 -33.0562 -71.6158
988 -33.0553 -71.6158
205 -33.0551 -71.6158
277 -33.0551 -71.6158
644 -33.0561 -71.6157
610 -33.0561 -71.6152
635 -33.0563 -71.6151
629 -33.056 -71.6156
820 -33.0551 -71.6158
938 -33.055 -71.6158
416 -33.0576 -71.6149
812 -33.0576 -71.6149
181 -33.0576 -71.6149
850 -33.0575 -71.6149
829 -33.0575 -71.6149
573 -33.0575 -71.6149
889 -33.0573 -71.6149
59 -33.0573 -71.6148
380 -33.0573 -71.6147
476 -33.0581 -71.6144
68 -33.0581 -71.6144
713 -33.0581 -71.6144
377 -33.0577 -71.6145
618 -33.0574 -71.6146
885 -33.0577 -71.6144
453 -33.0574 -71.6143
170 -33.0573 -71.6149
333 -33.0573 -71.6148
54 -33.0572 -71.6148
598 -33.0572 -71.6148
113 -33.0572 -71.6148
710 -33.0567 -71.6148
794 -33.0567 -71.6148
605 -33.0571 -71.6148
639 -33.0571 -71.6148
155 -33.057 -71.6148
25 -33.0569 -71.6147
987 -33.0568 -71.6147
763 -33.0568 -71.6147
157 -33.0567 -71.6148
92 -33.0567 -71.6148
545 -33.0589 -71.6139
916 -33.0591 -71.6135
399 -33.0591 -71.6135
102 -33.0591 -71.6135
402 -33.0591 -71.6136
464 -33.0591 -71.6136
950 -33.0591 -71.6134
687 -33.059 -71.6134
822 -33.0589 -71.6133
19 -33.0594 -71.6129
617 -33.0594 -71.6129
906 -33.0594 -71.6129
914 -33.0593 -71.6129
266 -33.0592 -71.6129
730 -33.0593 -71.6129
801 -33.0592 -71.6128
717 -33.0589 -71.6131
571 -33.0584 -71.6138
211 -33.0585 -71.6137
891 -33.0588 -71.6135
175 -33.0584 -71.6139
412 -33.0583 -71.6137
521 -33.0583 -71.6134
881 -33.0583 -71.6134
668 -33.0586 -71.6133
260 -33.0586 -71.613
188 -33.0586 -71.613
124 -33.0588 -71.6129
42 -33.0585 -71.613
44 -33.0583 -71.613
18 -33.0584 -71.613
758 -33.0585 -71.613
742 -33.0589 -71.6128
23 -33.0592 -71.6126
303 -33.0591 -71.6125
676 -33.0591 -71.6122
386 -33.0589 -71.6127
20 -33.0589 -71.6127
29 -33.0588 -71.6126
905 -33.0588 -71.6121
298 -33.0593 -71.6116
563 -33.0593 -71.6116
216 -33.0594 -71.6116
706 -33.0594 -71.6105
187 -33.0592 -71.6112
259 -33.0589 -71.6112
748 -33.0589 -71.6112
765 -33.0592 -71.6104
560 -33.0588 -71.6117
197 -33.0585 -71.6124
805 -33.0584 -71.6117
151 -33.0584 -71.6117
588 -33.0583 -71.6124
568 -33.0583 -71.6126
842 -33.0583 -71.6126
606 -33.0583 -71.6113
372 -33.0583 -71.6113
388 -33.0584 -71.6113
547 -33.0588 -71.6113
775 -33.0587 -71.6106
920 -33.0584 -71.6105
558 -33.0584 -71.6106
210 -33.0584 -71.6104
214 -33.0583 -71.6127
688 -33.0581 -71.6136
550 -33.0581 -71.6135
85 -33.0581 -71.6134
212 -33.0581 -71.6136
389 -33.0579 -71.6139
999 -33.0579 -71.6139
940 -33.058 -71.6138
848 -33.0581 -71.6133
796 -33.0582 -71.6132
963 -33.0582 -71.6131
227 -33.0582 -71.6131
647 -33.0582 -71.6133
346 -33.0581 -71.613
508 -33.0581 -71.613
725 -33.058 -71.613
5 -33.0578 -71.6139
429 -33.0578 -71.6139
17 -33.0578 -71.6139
53 -33.0578 -71.6139
479 -33.0577 -71.6139
217 -33.0575 -71.6139
589 -33.0555 -71.6138
40 -33.0574 -71.6135
591 -33.0576 -71.6134
559 -33.0578 -71.6129
186 -33.0578 -71.6129
649 -33.0578 -71.6129
35 -33.0577 -71.6131
520 -33.0577 -71.6131
173 -33.0576 -71.6129
851 -33.0575 -71.6128
872 -33.0583 -71.6127
645 -33.0583 -71.6127
108 -33.0582 -71.6123
683 -33.0581 -71.612
638 -33.0581 -71.6121
253 -33.0581 -71.6119
442 -33.058 -71.6119
861 -33.0575 -71.6119
358 -33.0583 -71.6117
621 -33.0582 -71.6113
821 -33.0581 -71.6108
915 -33.058 -71.611
15 -33.058 -71.6113
569 -33.0579 -71.6113
510 -33.0577 -71.6107
681 -33.0575 -71.6116
862 -33.0565 -71.6125
972 -33.0551 -71.6124
553 -33.0556 -71.6123
793 -33.055 -71.6124
447 -33.0532 -71.6115
9 -33.0538 -71.6111
827 -33.0538 -71.611
673 -33.0574 -71.6106
604 -33.0548 -71.6104
855 -33.0557 -71.6104
394 -33.0557 -71.6104
81 -33.0547 -71.6104
901 -33.0546 -71.6105
348 -33.0546 -71.6105
27 -33.058 -71.6104
869 -33.0647 -71.6103
640 -33.0647 -71.6102
470 -33.0634 -71.6101
63 -33.0632 -71.61
774 -33.0631 -71.61
282 -33.0632 -71.61
715 -33.0631 -71.6099
326 -33.0645 -71.6099
469 -33.0648 -71.6098
677 -33.0644 -71.6095
664 -33.0641 -71.6092
532 -33.0635 -71.6092
858 -33.063 -71.6099
183 -33.0631 -71.6093
328 -33.063 -71.6093
757 -33.063 -71.6099
646 -33.0624 -71.6096
879 -33.0623 -71.6096
882 -33.0623 -71.6096
581 -33.0617 -71.6103
310 -33.0616 -71.6103
576 -33.0617 -71.6103
94 -33.0612 -71.6098
471 -33.0626 -71.6096
294 -33.0622 -71.6095
788 -33.062 -71.6095
690 -33.0629 -71.6093
422 -33.062 -71.6095
813 -33.0612 -71.6093
339 -33.0612 -71.6093
375 -33.0617 -71.6092
741 -33.0624 -71.6091
723 -33.0644 -71.6091
79 -33.0646 -71.609
438 -33.0642 -71.609
420 -33.064 -71.6089
952 -33.0623 -71.6091
944 -33.0637 -71.6088
219 -33.0635 -71.6087
608 -33.0622 -71.6084
335 -33.064 -71.6083
350 -33.0625 -71.6082
225 -33.0632 -71.6077
832 -33.0625 -71.6077
736 -33.0623 -71.6083
156 -33.0623 -71.6083
463 -33.0625 -71.608
72 -33.0622 -71.6085
624 -33.062 -71.6091
653 -33.0617 -71.609
232 -33.0616 -71.6089
215 -33.0614 -71.6089
71 -33.0614 -71.6089
731 -33.0611 -71.6089
245 -33.0611 -71.6089
806 -33.061 -71.6089
103 -33.0619 -71.6086
60 -33.0621 -71.6085
199 -33.0621 -71.6081
714 -33.0619 -71.6084
419 -33.0617 -71.608
981 -33.0617 -71.6077
26 -33.061 -71.6103
415 -33.061 -71.6103
970 -33.0608 -71.6096
839 -33.061 -71.6095
138 -33.0605 -71.6096
190 -33.0602 -71.6104
542 -33.0603 -71.6104
97 -33.0603 -71.6101
73 -33.0605 -71.6093
691 -33.0609 -71.6089
21 -33.0609 -71.6089
194 -33.0608 -71.6088
682 -33.0607 -71.6088
871 -33.0607 -71.6087
913 -33.0607 -71.6087
921 -33.0607 -71.6086
886 -33.0602 -71.6103
305 -33.0601 -71.6101
602 -33.0598 -71.61
376 -33.0598 -71.61
587 -33.0594 -71.6098
336 -33.0592 -71.6102
895 -33.0593 -71.61
517 -33.0594 -71.6099
391 -33.0595 -71.6098
866 -33.0596 -71.6098
626 -33.06 -71.6088
132 -33.06 -71.6088
141 -33.0595 -71.6098
143 -33.0595 -71.6098
2 -33.0592 -71.6088
192 -33.061 -71.6086
461 -33.061 -71.6086
667 -33.0607 -71.6086
289 -33.0607 -71.6085
746 -33.0606 -71.6085
410 -33.0604 -71.6084
616 -33.0604 -71.6084
959 -33.0604 -71.6084
896 -33.0604 -71.6083
359 -33.0607 -71.608
753 -33.0607 -71.6079
965 -33.0605 -71.6077
264 -33.0605 -71.6078
332 -33.0602 -71.6083
609 -33.0602 -71.6082
468 -33.0601 -71.6079
28 -33.0601 -71.6082
242 -33.0601 -71.6083
490 -33.06 -71.6083
37 -33.06 -71.6081
39 -33.0599 -71.608
308 -33.0593 -71.6083
810 -33.0598 -71.6082
167 -33.0598 -71.6082
330 -33.0593 -71.608
45 -33.0598 -71.6079
888 -33.0601 -71.6078
229 -33.0599 -71.6078
584 -33.0597 -71.6078
114 -33.0596 -71.6078
663 -33.0595 -71.6077
594 -33.06 -71.6077
296 -33.0643 -71.6071
769 -33.0642 -71.6068
331 -33.0642 -71.6068
825 -33.0642 -71.6067
922 -33.0642 -71.6067
620 -33.0641 -71.6066
441 -33.0634 -71.6065
147 -33.0633 -71.6065
622 -33.0637 -71.6064
291 -33.0637 -71.6064
261 -33.0639 -71.6063
32 -33.0634 -71.6064
293 -33.0633 -71.6064
158 -33.0633 -71.6064
99 -33.0632 -71.6063
400 -33.0631 -71.6075
369 -33.0626 -71.6076
478 -33.0622 -71.6074
977 -33.0617 -71.6073
737 -33.0617 -71.6073
398 -33.0613 -71.6077
122 -33.0615 -71.6072
720 -33.0613 -71.607
997 -33.0619 -71.6069
672 -33.0625 -71.6068
592 -33.0623 -71.6062
287 -33.062 -71.6062
833 -33.0619 -71.6069
662 -33.0619 -71.6068
808 -33.0612 -71.6068
785 -33.0613 -71.6064
112 -33.0632 -71.6062
924 -33.064 -71.6061
870 -33.0648 -71.606
90 -33.0645 -71.6059
843 -33.0638 -71.6059
951 -33.063 -71.6061
78 -33.0638 -71.6059
169 -33.0636 -71.6058
669 -33.0626 -71.6057
349 -33.0626 -71.6057
284 -33.0624 -71.6057
417 -33.0625 -71.6057
857 -33.0624 -71.6055
845 -33.0623 -71.6056
505 -33.0623 -71.6056
16 -33.0622 -71.6055
172 -33.0622 -71.6055
325 -33.0621 -71.6061
557 -33.0619 -71.6058
544 -33.0619 -71.6052
966 -33.0619 -71.6057
56 -33.0611 -71.6061
923 -33.0619 -71.6057
276 -33.0618 -71.6052
230 -33.0618 -71.6051
8 -33.0617 -71.6051
30 -33.0616 -71.605
826 -33.0615 -71.6049
910 -33.0614 -71.6048
267 -33.0611 -71.605
578 -33.0611 -71.605
381 -33.0611 -71.6066
556 -33.0607 -71.6075
502 -33.0607 -71.6074
365 -33.0607 -71.6071
300 -33.0606 -71.6068
912 -33.0602 -71.6072
281 -33.0602 -71.607
397 -33.0602 -71.6069
299 -33.0601 -71.6068
395 -33.0609 -71.6065
159 -33.0609 -71.6065
137 -33.0609 -71.6065
925 -33.0607 -71.6064
321 -33.0601 -71.6067
989 -33.0607 -71.6066
772 -33.0601 -71.6065
243 -33.0601 -71.6065
570 -33.06 -71.6077
630 -33.0599 -71.6077
46 -33.0601 -71.6072
404 -33.0595 -71.6065
824 -33.0594 -71.6076
3 -33.0593 -71.6076
371 -33.0593 -71.6076
954 -33.0594 -71.6064
125 -33.0594 -71.6064
356 -33.0594 -71.6064
352 -33.0596 -71.6063
873 -33.0593 -71.6064
95 -33.0592 -71.6064
459 -33.0593 -71.6064
344 -33.0596 -71.6063
670 -33.0602 -71.6061
836 -33.061 -71.606
104 -33.0602 -71.6059
689 -33.0602 -71.606
247 -33.0601 -71.6063
83 -33.0601 -71.6063
129 -33.0601 -71.6063
41 -33.0603 -71.6058
491 -33.061 -71.6055
67 -33.0607 -71.6054
120 -33.0608 -71.6048
184 -33.0606 -71.6056
552 -33.0604 -71.6058
567 -33.0605 -71.6057
6 -33.0606 -71.6056
135 -33.06 -71.6061
543 -33.0598 -71.6063
777 -33.0598 -71.6063
311 -33.06 -71.6062
926 -33.0597 -71.6063
396 -33.0596 -71.6063
443 -33.0597 -71.6063
936 -33.0597 -71.6063
953 -33.06 -71.6062
411 -33.0599 -71.6062
47 -33.06 -71.6062
406 -33.0597 -71.6054
149 -33.0596 -71.6055
256 -33.0594 -71.6055
1 -33.0595 -71.6051
814 -33.0592 -71.6076
657 -33.0586 -71.6101
800 -33.0586 -71.6101
995 -33.0586 -71.6101
894 -33.0584 -71.6099
975 -33.0584 -71.6101
180 -33.0583 -71.6101
433 -33.0583 -71.6099
362 -33.0589 -71.6095
856 -33.0587 -71.6093
931 -33.0587 -71.6089
236 -33.0588 -71.6088
131 -33.0587 -71.6092
875 -33.0583 -71.6092
684 -33.0583 -71.609
524 -33.0584 -71.6089
338 -33.0583 -71.6091
745 -33.0582 -71.6101
65 -33.058 -71.6099
268 -33.058 -71.6099
278 -33.0579 -71.6103
540 -33.0575 -71.6103
384 -33.0577 -71.6102
345 -33.0577 -71.6102
337 -33.0571 -71.6099
744 -33.0578 -71.6096
74 -33.0576 -71.6095
454 -33.0582 -71.609
133 -33.0574 -71.6095
780 -33.0565 -71.6096
162 -33.0572 -71.6095
401 -33.0572 -71.6095
874 -33.0576 -71.6088
451 -33.0588 -71.6088
699 -33.0589 -71.6088
554 -33.0587 -71.6083
650 -33.0584 -71.6086
257 -33.0583 -71.6087
426 -33.0582 -71.6084
244 -33.058 -71.6083
811 -33.0579 -71.6083
58 -33.0582 -71.6081
675 -33.0584 -71.608
258 -33.0583 -71.608
985 -33.0582 -71.6081
656 -33.058 -71.6083
719 -33.0578 -71.6082
779 -33.0578 -71.6082
96 -33.0577 -71.6082
535 -33.0575 -71.6088
947 -33.0577 -71.6082
893 -33.0575 -71.6081
709 -33.0574 -71.6081
522 -33.0573 -71.6081
665 -33.0573 -71.6081
548 -33.0573 -71.6081
444 -33.0573 -71.608
76 -33.0572 -71.608
207 -33.0572 -71.608
847 -33.0571 -71.608
654 -33.0571 -71.608
153 -33.057 -71.608
363 -33.057 -71.608
77 -33.0563 -71.6095
834 -33.0559 -71.6103
660 -33.0554 -71.6095
31 -33.0561 -71.6089
314 -33.0554 -71.6095
80 -33.0521 -71.6086
88 -33.0521 -71.6086
935 -33.0521 -71.6086
383 -33.0535 -71.6085
140 -33.0546 -71.6085
318 -33.0546 -71.6085
853 -33.0545 -71.6085
206 -33.0543 -71.6085
694 -33.0535 -71.6085
440 -33.0541 -71.6085
493 -33.0521 -71.6085
485 -33.0521 -71.6086
802 -33.0517 -71.6094
784 -33.0518 -71.6093
735 -33.0518 -71.6093
696 -33.0517 -71.6094
101 -33.0503 -71.6098
139 -33.0517 -71.6095
322 -33.0517 -71.6094
220 -33.0518 -71.6093
718 -33.052 -71.609
360 -33.052 -71.6089
34 -33.0521 -71.6087
982 -33.0519 -71.6092
222 -33.0518 -71.6093
633 -33.0519 -71.6093
283 -33.0539 -71.6085
50 -33.0549 -71.6083
36 -33.055 -71.6082
436 -33.0551 -71.6082
868 -33.0549 -71.6083
897 -33.0547 -71.6085
213 -33.0547 -71.6084
941 -33.0547 -71.6084
84 -33.0551 -71.6082
586 -33.0552 -71.6081
519 -33.0552 -71.6081
218 -33.0553 -71.608
778 -33.0552 -71.6081
631 -33.0551 -71.6082
854 -33.0551 -71.6081
541 -33.0551 -71.6081
48 -33.0539 -71.6085
933 -33.0539 -71.6085
716 -33.0535 -71.6085
968 -33.0531 -71.6084
530 -33.0528 -71.6083
583 -33.0522 -71.6084
724 -33.0527 -71.6082
152 -33.0527 -71.6082
722 -33.0527 -71.6082
55 -33.0526 -71.6082
755 -33.0524 -71.6081
939 -33.0523 -71.6081
732 -33.0523 -71.6081
484 -33.0522 -71.6082
643 -33.0522 -71.6081
64 -33.0569 -71.608
846 -33.059 -71.6079
528 -33.059 -71.6079
288 -33.059 -71.6077
974 -33.059 -71.6077
817 -33.0587 -71.6079
4 -33.0587 -71.6079
929 -33.0589 -71.6078
249 -33.059 -71.6077
486 -33.0592 -71.6076
378 -33.0592 -71.6068
671 -33.0591 -71.6067
445 -33.0591 -71.6067
798 -33.0591 -71.6077
280 -33.0591 -71.6075
887 -33.0586 -71.6067
439 -33.0586 -71.6079
317 -33.0584 -71.608
526 -33.0585 -71.6079
110 -33.0584 -71.6073
932 -33.0584 -71.608
695 -33.0583 -71.608
465 -33.0584 -71.608
993 -33.0581 -71.6078
514 -33.0584 -71.6073
168 -33.0584 -71.6067
980 -33.0584 -71.6067
164 -33.0584 -71.6067
182 -33.0583 -71.6071
865 -33.0583 -71.6069
651 -33.058 -71.6067
428 -33.058 -71.6067
555 -33.0587 -71.6066
841 -33.0591 -71.6065
246 -33.0592 -71.6064
969 -33.0592 -71.6064
702 -33.059 -71.6065
126 -33.0588 -71.6066
704 -33.0588 -71.6066
898 -33.0589 -71.6065
527 -33.0592 -71.6063
513 -33.0591 -71.6063
525 -33.059 -71.6063
221 -33.0591 -71.6054
628 -33.0588 -71.6062
196 -33.0587 -71.6051
781 -33.0588 -71.6051
957 -33.0587 -71.6051
928 -33.0587 -71.6062
766 -33.0586 -71.6066
840 -33.0584 -71.6062
223 -33.0585 -71.6062
782 -33.0583 -71.6062
990 -33.058 -71.6062
943 -33.058 -71.6062
492 -33.0582 -71.6062
136 -33.0582 -71.6059
595 -33.0583 -71.6051
776 -33.0586 -71.6051
937 -33.0586 -71.6051
984 -33.0583 -71.6058
564 -33.0583 -71.6057
533 -33.058 -71.6044
792 -33.058 -71.6044
240 -33.0569 -71.608
425 -33.0569 -71.608
481 -33.0569 -71.608
828 -33.0569 -71.608
457 -33.0566 -71.608
807 -33.0566 -71.608
634 -33.0566 -71.608
956 -33.0566 -71.608
750 -33.0579 -71.608
193 -33.0577 -71.6076
319 -33.0577 -71.6076
539 -33.0575 -71.6076
231 -33.0565 -71.608
823 -33.0565 -71.608
418 -33.0565 -71.608
590 -33.0564 -71.608
680 -33.0564 -71.608
701 -33.0564 -71.608
728 -33.0562 -71.608
0 -33.0562 -71.6079
960 -33.0554 -71.608
637 -33.0561 -71.6079
612 -33.0554 -71.6079
538 -33.056 -71.6079
648 -33.0559 -71.6079
374 -33.0557 -71.6078
462 -33.0557 -71.6078
515 -33.0557 -71.6078
302 -33.0556 -71.6078
432 -33.0556 -71.6078
518 -33.0576 -71.6075
379 -33.0578 -71.6073
503 -33.0578 -71.6066
357 -33.0578 -71.6062
329 -33.0577 -71.6068
613 -33.0577 -71.6073
390 -33.0577 -71.6072
241 -33.0576 -71.6066
477 -33.058 -71.6059
316 -33.0577 -71.6058
460 -33.0578 -71.6058
729 -33.058 -71.6046
768 -33.0576 -71.6049
98 -33.0575 -71.6051
507 -33.0575 -71.6051
121 -33.0575 -71.6051
596 -33.0575 -71.6069
86 -33.0573 -71.6069
804 -33.0574 -71.6069
685 -33.0575 -71.6069
178 -33.0568 -71.6072
234 -33.0563 -71.6074
119 -33.0564 -71.6073
799 -33.0527 -71.6067
342 -33.0568 -71.6063
312 -33.0569 -71.6062
472 -33.0575 -71.6061
899 -33.0557 -71.6046
248 -33.0552 -71.6049
435 -33.0537 -71.6061
971 -33.0551 -71.6049
