760 -33.0597 -71.6166
455 -33.0598 -71.6165
754 -33.06 -71.6165
619 -33.0596 -71.6166
803 -33.0592 -71.6167
271 -33.0596 -71.6166
456 -33.0593 -71.6166
301 -33.0604 -71.6163
978 -33.0621 -71.6158
475 -33.0626 -71.615
123 -33.0596 -71.6148
962 -33.0596 -71.6148
762 -33.0593 -71.6149
279 -33.0595 -71.6148
549 -33.0595 -71.6148
154 -33.0591 -71.6167
767 -33.0588 -71.617
290 -33.0589 -71.6169
838 -33.059 -71.6169
198 -33.0588 -71.6169
466 -33.0586 -71.6172
423 -33.0584 -71.6169
446 -33.0586 -71.6169
907 -33.059 -71.6169
773 -33.0587 -71.6154
61 -33.0589 -71.6153
636 -33.0586 -71.6149
274 -33.0586 -71.6155
424 -33.0585 -71.6152
819 -33.0584 -71.6151
488 -33.0585 -71.615
150 -33.0588 -71.6148
467 -33.0605 -71.6142
127 -33.0603 -71.614
686 -33.0607 -71.614
945 -33.0603 -71.6143
726 -33.0596 -71.6147
367 -33.06 -71.6144
255 -33.0595 -71.614
189 -33.0603 -71.614
483 -33.0607 -71.6139
354 -33.0598 -71.6137
537 -33.0598 -71.6136
967 -33.0598 -71.6138
370 -33.0597 -71.6138
408 -33.0597 -71.6137
251 -33.0598 -71.6137
693 -33.0594 -71.6141
580 -33.0591 -71.6145
450 -33.0591 -71.6145
134 -33.0591 -71.6144
146 -33.059 -71.6145
405 -33.0588 -71.6147
641 -33.0587 -71.6147
69 -33.0586 -71.6147
816 -33.0591 -71.6144
107 -33.0594 -71.6142
269 -33.0593 -71.6142
402 -33.0591 -71.6136
464 -33.0591 -71.6136
175 -33.0584 -71.6139
571 -33.0584 -71.6138
809 -33.0584 -71.6161
495 -33.0582 -71.6174
166 -33.0583 -71.6174
179 -33.0583 -71.6174
145 -33.058 -71.617
262 -33.0577 -71.6179
431 -33.0578 -71.6178
448 -33.0579 -71.6177
403 -33.0583 -71.6169
698 -33.0583 -71.6158
512 -33.0582 -71.615
373 -33.0583 -71.6149
7 -33.0581 -71.615
506 -33.0577 -71.6155
797 -33.0581 -71.615
361 -33.0578 -71.6149
355 -33.0577 -71.6149
946 -33.0574 -71.6181
930 -33.0575 -71.6181
908 -33.0576 -71.618
487 -33.0573 -71.6182
393 -33.0571 -71.6183
727 -33.0572 -71.6183
614 -33.0573 -71.6183
611 -33.0573 -71.6171
171 -33.0576 -71.617
49 -33.0576 -71.6149
341 -33.0575 -71.6149
546 -33.0575 -71.6149
761 -33.0573 -71.6149
434 -33.0573 -71.6149
254 -33.0573 -71.6149
844 -33.0573 -71.6148
105 -33.0583 -71.6148
476 -33.0581 -71.6144
948 -33.0582 -71.6142
551 -33.0575 -71.6143
919 -33.0574 -71.6142
228 -33.0574 -71.6142
587 -33.0575 -71.6139
885 -33.0575 -71.6139
42 -33.058 -71.6137
542 -33.0581 -71.6137
212 -33.0581 -71.6136
389 -33.0579 -71.6139
216 -33.0575 -71.6139
600 -33.0575 -71.6139
204 -33.0574 -71.6138
730 -33.0574 -71.6144
973 -33.0573 -71.6148
117 -33.0572 -71.6148
713 -33.0572 -71.6148
292 -33.0572 -71.6148
711 -33.0572 -71.6148
775 -33.0572 -71.6148
377 -33.0572 -71.6148
812 -33.0571 -71.6148
89 -33.0574 -71.6145
211 -33.0574 -71.6138
343 -33.0573 -71.6137
593 -33.0572 -71.6136
734 -33.0571 -71.6135
421 -33.0571 -71.6135
40 -33.0574 -71.6135
994 -33.061 -71.6134
927 -33.0603 -71.6128
480 -33.0604 -71.6128
582 -33.0602 -71.6132
751 -33.0601 -71.6134
351 -33.0601 -71.6128
679 -33.0602 -71.6128
12 -33.0604 -71.6128
118 -33.0627 -71.6127
286 -33.0609 -71.6125
52 -33.0609 -71.6125
452 -33.0607 -71.6126
413 -33.0605 -71.6128
733 -33.0606 -71.6127
57 -33.0607 -71.6126
14 -33.0601 -71.6128
407 -33.06 -71.6134
387 -33.0593 -71.6129
743 -33.0593 -71.6129
789 -33.0592 -71.6129
950 -33.0591 -71.6134
577 -33.0592 -71.6129
252 -33.0592 -71.6129
19 -33.0594 -71.6129
295 -33.0598 -71.6128
414 -33.06 -71.6128
991 -33.0595 -71.6125
909 -33.0595 -71.6127
674 -33.0595 -71.6128
23 -33.0592 -71.6128
303 -33.0591 -71.6125
237 -33.0603 -71.6124
976 -33.0628 -71.6122
917 -33.0627 -71.6121
579 -33.0626 -71.6121
238 -33.0617 -71.612
640 -33.0613 -71.6122
747 -33.0613 -71.6122
774 -33.0617 -71.6121
501 -33.0617 -71.612
482 -33.0629 -71.612
420 -33.0632 -71.6119
326 -33.0634 -71.6118
523 -33.0622 -71.612
531 -33.0617 -71.612
561 -33.0621 -71.612
297 -33.0619 -71.6117
608 -33.0612 -71.6122
818 -33.061 -71.6124
51 -33.061 -71.6123
879 -33.061 -71.6123
642 -33.061 -71.6124
646 -33.0609 -71.6124
958 -33.0609 -71.6124
366 -33.061 -71.6124
60 -33.0611 -71.6123
209 -33.0611 -71.6123
869 -33.0612 -71.6122
368 -33.0598 -71.6116
563 -33.0593 -71.6116
676 -33.0591 -71.6122
298 -33.0593 -71.6116
916 -33.059 -71.6135
376 -33.0588 -71.6133
822 -33.0589 -71.6133
602 -33.0589 -71.6132
668 -33.0586 -71.6133
742 -33.0584 -71.613
986 -33.0584 -71.613
386 -33.0585 -71.613
603 -33.0585 -71.613
160 -33.0587 -71.613
310 -33.0588 -71.6129
124 -33.0588 -71.6129
998 -33.0587 -71.613
224 -33.0585 -71.613
347 -33.0585 -71.613
601 -33.0586 -71.613
18 -33.0584 -71.613
521 -33.0583 -71.6134
881 -33.0583 -71.6134
963 -33.0582 -71.6131
848 -33.0581 -71.6133
591 -33.0576 -71.6134
520 -33.0577 -71.6131
35 -33.0577 -71.6131
442 -33.0582 -71.6131
22 -33.0582 -71.613
309 -33.0582 -71.613
575 -33.0583 -71.613
151 -33.0581 -71.613
759 -33.0581 -71.613
102 -33.058 -71.613
905 -33.0579 -71.6129
108 -33.0578 -71.6129
955 -33.059 -71.6129
272 -33.059 -71.6129
649 -33.0578 -71.6129
200 -33.0578 -71.6129
208 -33.0578 -71.6129
202 -33.0576 -71.6129
645 -33.0583 -71.6128
20 -33.0589 -71.6127
29 -33.0588 -71.6126
560 -33.0588 -71.6117
197 -33.0585 -71.6124
872 -33.0583 -71.6127
214 -33.0583 -71.6127
842 -33.0583 -71.6126
863 -33.0576 -71.6129
173 -33.0576 -71.6129
615 -33.0575 -71.6129
324 -33.0574 -71.6128
70 -33.0574 -71.6128
334 -33.0574 -71.6128
837 -33.0573 -71.6128
801 -33.0572 -71.6127
227 -33.0571 -71.6127
87 -33.0571 -71.6127
661 -33.0571 -71.6127
607 -33.0571 -71.6127
771 -33.0571 -71.6127
877 -33.0571 -71.6127
498 -33.0571 -71.6127
725 -33.0571 -71.6127
327 -33.0569 -71.6183
830 -33.0569 -71.6183
128 -33.0569 -71.6183
504 -33.0568 -71.6183
597 -33.0566 -71.6182
703 -33.0566 -71.6182
66 -33.0562 -71.6181
961 -33.0558 -71.618
904 -33.0557 -71.6179
585 -33.0567 -71.6168
497 -33.0557 -71.6165
890 -33.0557 -71.6165
115 -33.0557 -71.6165
647 -33.0557 -71.6165
226 -33.0557 -71.6165
796 -33.0557 -71.6166
364 -33.0556 -71.6179
53 -33.0555 -71.6173
313 -33.0556 -71.6172
697 -33.0554 -71.6174
109 -33.0553 -71.6179
217 -33.0554 -71.6175
479 -33.0554 -71.6175
859 -33.0556 -71.6172
142 -33.0557 -71.6167
412 -33.0557 -71.6167
85 -33.0557 -71.6167
550 -33.0556 -71.6169
999 -33.0555 -71.6172
940 -33.0556 -71.6171
176 -33.0556 -71.617
100 -33.0563 -71.6164
17 -33.0562 -71.616
250 -33.0562 -71.616
632 -33.0562 -71.6159
260 -33.0562 -71.616
163 -33.056 -71.6162
678 -33.0561 -71.6161
749 -33.0561 -71.6159
783 -33.0561 -71.6158
756 -33.0561 -71.6157
385 -33.0561 -71.6157
266 -33.0561 -71.6157
253 -33.0561 -71.6156
430 -33.0561 -71.6156
148 -33.056 -71.6156
739 -33.056 -71.6155
177 -33.056 -71.6155
38 -33.0559 -71.6163
852 -33.0559 -71.6162
500 -33.056 -71.6162
111 -33.0559 -71.6163
5 -33.0557 -71.6164
144 -33.0558 -71.6164
315 -33.0558 -71.6164
75 -33.0558 -71.6159
496 -33.0557 -71.6159
195 -33.0556 -71.6159
659 -33.0559 -71.6158
24 -33.0556 -71.6156
304 -33.0556 -71.6159
964 -33.0555 -71.6155
574 -33.0553 -71.6158
10 -33.055 -71.6181
979 -33.055 -71.6181
130 -33.0552 -71.6178
983 -33.055 -71.6181
786 -33.0549 -71.6183
949 -33.0549 -71.6182
829 -33.055 -71.6181
165 -33.0552 -71.6178
883 -33.0552 -71.6178
106 -33.0553 -71.6158
850 -33.0552 -71.6158
688 -33.0552 -71.6158
884 -33.0552 -71.6158
572 -33.055 -71.6158
13 -33.055 -71.6158
589 -33.0549 -71.6183
987 -33.0547 -71.6189
92 -33.0546 -71.6189
25 -33.0548 -71.6188
710 -33.0546 -71.6189
849 -33.0535 -71.6192
629 -33.0535 -71.6189
409 -33.054 -71.6189
427 -33.0531 -71.6188
598 -33.0548 -71.6186
511 -33.0537 -71.6184
708 -33.054 -71.6184
509 -33.0528 -71.6187
516 -33.0521 -71.6185
635 -33.0527 -71.6159
191 -33.0549 -71.6158
174 -33.0548 -71.6158
273 -33.0548 -71.6157
652 -33.0548 -71.6157
692 -33.0546 -71.6157
900 -33.0545 -71.6157
712 -33.0545 -71.6157
529 -33.0544 -71.6157
263 -33.0542 -71.6156
453 -33.0541 -71.6156
239 -33.054 -71.6156
416 -33.0538 -71.6156
573 -33.0537 -71.6156
889 -33.0537 -71.6156
170 -33.0536 -71.6156
333 -33.0535 -71.6155
113 -33.0534 -71.6155
610 -33.0525 -71.6157
644 -33.052 -71.6156
911 -33.0519 -71.6156
764 -33.0518 -71.6156
988 -33.0508 -71.6155
277 -33.0506 -71.6155
205 -33.0506 -71.6155
820 -33.0506 -71.6155
639 -33.0534 -71.6155
155 -33.0533 -71.6155
605 -33.0533 -71.6155
763 -33.053 -71.6155
938 -33.0506 -71.6155
157 -33.053 -71.6155
794 -33.053 -71.6155
787 -33.0566 -71.6148
992 -33.057 -71.6148
891 -33.057 -71.6148
323 -33.0564 -71.615
860 -33.0562 -71.6151
880 -33.0562 -71.6151
565 -33.0563 -71.6151
210 -33.057 -71.6148
721 -33.0569 -71.6147
892 -33.0569 -71.6147
547 -33.0569 -71.6147
864 -33.0568 -71.6147
545 -33.0567 -71.6148
68 -33.0567 -71.6133
185 -33.0563 -71.6131
687 -33.0562 -71.6151
116 -33.056 -71.6153
795 -33.056 -71.6153
835 -33.0561 -71.6152
93 -33.056 -71.6154
340 -33.0559 -71.6153
399 -33.0559 -71.6153
494 -33.0552 -71.6153
831 -33.0561 -71.6152
320 -33.0562 -71.6152
625 -33.0558 -71.6131
181 -33.0559 -71.6131
91 -33.0557 -71.6131
382 -33.0554 -71.6131
867 -33.0553 -71.6131
536 -33.0548 -71.6129
235 -33.057 -71.6127
265 -33.0569 -71.6126
599 -33.0567 -71.6125
82 -33.0567 -71.6125
655 -33.0567 -71.6125
738 -33.0567 -71.6125
306 -33.0567 -71.6125
233 -33.0567 -71.6125
437 -33.0567 -71.6125
707 -33.0564 -71.6124
942 -33.0564 -71.6124
201 -33.0564 -71.6124
392 -33.0563 -71.6124
902 -33.0563 -71.6124
275 -33.056 -71.6123
562 -33.056 -71.6123
658 -33.056 -71.6123
791 -33.0553 -71.6124
666 -33.0552 -71.6124
588 -33.0554 -71.6124
638 -33.0552 -71.6124
566 -33.0551 -71.6124
270 -33.0549 -71.6124
33 -33.0548 -71.6124
186 -33.0555 -71.6124
534 -33.0559 -71.6123
449 -33.0559 -71.6123
996 -33.0558 -71.6123
203 -33.0557 -71.6123
805 -33.0556 -71.6123
623 -33.0556 -71.6123
429 -33.0548 -71.6129
353 -33.0542 -71.6147
54 -33.0539 -71.6144
161 -33.0547 -71.6128
972 -33.0511 -71.6129
827 -33.0504 -71.613
9 -33.0503 -71.613
793 -33.0511 -71.613
935 -33.0497 -71.6127
906 -33.0547 -71.6124
508 -33.0548 -71.6124
617 -33.0547 -71.6124
914 -33.0546 -71.6124
485 -33.0497 -71.6127
493 -33.0497 -71.6127
583 -33.0498 -71.6125
80 -33.0497 -71.6128
696 -33.0496 -71.6137
735 -33.0496 -71.6136
222 -33.0496 -71.6135
802 -33.0495 -71.6138
101 -33.0493 -71.6154
139 -33.0495 -71.6138
322 -33.0495 -71.6138
633 -33.0496 -71.6135
718 -33.0497 -71.6132
360 -33.0497 -71.613
34 -33.0497 -71.6129
447 -33.0496 -71.6133
784 -33.0488 -71.6126
220 -33.0488 -71.6126
732 -33.0498 -71.6124
683 -33.0544 -71.6123
568 -33.0544 -71.6122
380 -33.0545 -71.6122
59 -33.0543 -71.6122
717 -33.0543 -71.6123
188 -33.0543 -71.6122
758 -33.0537 -71.6122
44 -33.0536 -71.6122
618 -33.0545 -71.6122
851 -33.0529 -71.6121
346 -33.0543 -71.6119
834 -33.0524 -71.6117
855 -33.0521 -71.6117
394 -33.0522 -71.6117
660 -33.0522 -71.6117
314 -33.0521 -71.6118
901 -33.0511 -71.6121
348 -33.0512 -71.6121
81 -33.0512 -71.6121
553 -33.0511 -71.6123
982 -33.0489 -71.6123
484 -33.0498 -71.6123
939 -33.0498 -71.6121
755 -33.0499 -71.612
862 -33.0518 -71.612
604 -33.0512 -71.6119
722 -33.0499 -71.6117
152 -33.0499 -71.6117
55 -33.0499 -71.6118
88 -33.049 -71.6118
876 -33.0599 -71.6116
790 -33.0634 -71.6114
474 -33.0618 -71.6108
43 -33.0618 -71.6106
576 -33.0618 -71.6106
903 -33.0616 -71.6104
581 -33.0615 -71.6101
934 -33.0612 -71.61
63 -33.0626 -71.6097
499 -33.0616 -71.6094
677 -33.0626 -71.6092
400 -33.0616 -71.6089
79 -33.0615 -71.6094
469 -33.0615 -71.6094
11 -33.0614 -71.6094
335 -33.0612 -71.6093
700 -33.061 -71.6095
307 -33.0601 -71.6116
26 -33.0603 -71.6104
970 -33.0608 -71.6096
627 -33.06 -71.6116
305 -33.0596 -71.6105
886 -33.0598 -71.6105
866 -33.0596 -71.6098
463 -33.0608 -71.6094
473 -33.061 -71.6093
285 -33.061 -71.6093
705 -33.061 -71.6092
858 -33.0609 -71.6089
72 -33.0607 -71.6092
138 -33.0604 -71.609
438 -33.0609 -71.6089
225 -33.061 -71.6089
740 -33.0609 -71.6088
422 -33.0608 -71.6088
461 -33.061 -71.6086
282 -33.0607 -71.6088
478 -33.0607 -71.6087
944 -33.0607 -71.6087
918 -33.0607 -71.6085
219 -33.0607 -71.6085
878 -33.0607 -71.6085
672 -33.0622 -71.6084
419 -33.0617 -71.608
723 -33.0606 -71.6085
489 -33.0605 -71.6085
715 -33.0605 -71.6084
470 -33.0604 -71.6084
458 -33.0604 -71.6084
332 -33.0602 -71.6083
664 -33.0603 -71.6083
156 -33.0603 -71.6083
132 -33.06 -71.6088
73 -33.0599 -71.6088
626 -33.0591 -71.6088
2 -33.0592 -71.6088
350 -33.0602 -71.6083
62 -33.0602 -71.6082
94 -33.0599 -71.608
532 -33.0599 -71.608
746 -33.0599 -71.608
810 -33.0598 -71.6082
846 -33.059 -71.6079
528 -33.059 -71.6079
259 -33.0589 -71.6112
748 -33.0589 -71.6112
190 -33.059 -71.6112
187 -33.0587 -71.6113
15 -33.058 -71.6113
606 -33.0583 -71.6113
765 -33.0581 -71.6111
558 -33.0584 -71.6106
97 -33.0586 -71.6105
657 -33.0586 -71.6101
362 -33.0589 -71.6095
856 -33.0583 -71.6088
454 -33.0582 -71.609
236 -33.0583 -71.6089
811 -33.0579 -71.6083
569 -33.0579 -71.6113
681 -33.0578 -71.6106
415 -33.0578 -71.6102
384 -33.0577 -71.6102
510 -33.0577 -71.6107
540 -33.0575 -71.6103
706 -33.0576 -71.6102
861 -33.0576 -71.6101
821 -33.0574 -71.6101
745 -33.0576 -71.6097
874 -33.0576 -71.6088
535 -33.0575 -71.6088
268 -33.0575 -71.6097
143 -33.0573 -71.61
141 -33.0571 -71.6099
395 -33.0579 -71.6082
321 -33.0582 -71.6081
325 -33.0583 -71.608
229 -33.0583 -71.608
788 -33.0582 -71.6081
675 -33.0579 -71.6082
997 -33.058 -71.6081
199 -33.0582 -71.6081
736 -33.0583 -71.608
192 -33.0585 -71.608
624 -33.0585 -71.6079
365 -33.0586 -71.6079
71 -33.0584 -71.608
294 -33.0583 -71.608
882 -33.0584 -71.608
243 -33.0584 -71.608
375 -33.0579 -71.6082
287 -33.0578 -71.6082
103 -33.0578 -71.6082
556 -33.0579 -71.6082
993 -33.0578 -71.6082
244 -33.0577 -71.6081
737 -33.0575 -71.6081
371 -33.0575 -71.6081
242 -33.0574 -71.6081
257 -33.0573 -71.6081
339 -33.0573 -71.6081
215 -33.0573 -71.6081
232 -33.0573 -71.6081
813 -33.0573 -71.608
839 -33.0572 -71.608
832 -33.0587 -71.6079
833 -33.061 -71.6074
592 -33.0609 -71.6073
977 -33.0617 -71.6073
662 -33.0608 -71.6076
753 -33.0606 -71.6078
557 -33.0602 -71.6077
46 -33.0601 -71.6072
912 -33.0602 -71.6072
808 -33.0612 -71.6068
441 -33.0634 -71.6065
159 -33.0609 -71.6065
925 -33.0607 -71.6064
281 -33.0602 -71.607
300 -33.0606 -71.6068
772 -33.0601 -71.6065
888 -33.0601 -71.6078
952 -33.0595 -71.6077
183 -33.0595 -71.6077
381 -33.0601 -71.6077
690 -33.0594 -71.6077
471 -33.059 -71.6077
757 -33.059 -71.6077
167 -33.0592 -71.6076
836 -33.0592 -71.6076
923 -33.0596 -71.6076
137 -33.0595 -71.6076
328 -33.0594 -71.6076
468 -33.0593 -71.6076
714 -33.0592 -71.6076
280 -33.0591 -71.6075
378 -33.0592 -71.6068
954 -33.0594 -71.6064
291 -33.0631 -71.6062
147 -33.0629 -71.6061
870 -33.0629 -71.606
331 -33.0627 -71.6059
843 -33.0601 -71.606
825 -33.0603 -71.6059
769 -33.0605 -71.6057
112 -33.0624 -71.6056
90 -33.0622 -71.6055
924 -33.0619 -71.6053
296 -33.0616 -71.605
491 -33.061 -71.6055
857 -33.0608 -71.6053
922 -33.0608 -71.6053
78 -33.0609 -71.6047
83 -33.0601 -71.6063
158 -33.0594 -71.6064
32 -33.0595 -71.6063
129 -33.0601 -71.6063
873 -33.0593 -71.6064
527 -33.0592 -71.6063
513 -33.0591 -71.6063
525 -33.059 -71.6063
311 -33.06 -71.6062
411 -33.0599 -71.6062
261 -33.06 -71.6061
622 -33.0601 -71.6061
169 -33.0598 -71.6045
221 -33.0591 -71.6054
620 -33.0598 -71.6045
293 -33.059 -71.6042
752 -33.0589 -71.6078
56 -33.0589 -71.6078
785 -33.0589 -71.6078
929 -33.0589 -71.6078
741 -33.0588 -71.6078
369 -33.0588 -71.6078
653 -33.0588 -71.6078
398 -33.059 -71.6077
966 -33.059 -71.6077
981 -33.059 -71.6077
502 -33.059 -71.6077
671 -33.0587 -71.6072
110 -33.0584 -71.6073
704 -33.0585 -71.6071
980 -33.0584 -71.6067
168 -33.0584 -71.6067
319 -33.0577 -71.6076
613 -33.0577 -71.6073
182 -33.0583 -71.6072
390 -33.0577 -71.6073
8 -33.0575 -71.6069
670 -33.0575 -71.6069
230 -33.0576 -71.6068
276 -33.0576 -71.6068
16 -33.0581 -71.6067
125 -33.0583 -71.6067
505 -33.0582 -71.6067
172 -33.0581 -71.6067
120 -33.0577 -71.6068
544 -33.0577 -71.6068
845 -33.0583 -71.6067
126 -33.0588 -71.6066
404 -33.0586 -71.6066
555 -33.0587 -71.6066
349 -33.0585 -71.6066
284 -33.0583 -71.6067
417 -33.0584 -71.6066
669 -33.0584 -71.6066
951 -33.059 -71.6065
196 -33.0587 -71.6051
256 -33.0587 -71.6051
99 -33.0589 -71.6041
937 -33.0586 -71.6051
840 -33.0584 -71.6062
223 -33.0585 -71.6062
595 -33.0583 -71.6051
984 -33.0583 -71.6058
990 -33.058 -71.6062
136 -33.0582 -71.6059
477 -33.058 -71.6059
503 -33.0578 -71.6066
782 -33.0576 -71.6067
357 -33.0577 -71.6063
472 -33.0575 -71.6061
316 -33.0577 -71.6058
460 -33.0578 -71.6058
957 -33.0581 -71.6047
1 -33.0578 -71.6046
768 -33.0576 -71.6049
98 -33.0575 -71.6051
30 -33.0571 -71.6047
910 -33.0571 -71.607
391 -33.0567 -71.6099
815 -33.0568 -71.6097
673 -33.0565 -71.6096
372 -33.0558 -71.6104
517 -33.0554 -71.6104
336 -33.0551 -71.6104
744 -33.0552 -71.6098
770 -33.0565 -71.6096
931 -33.0565 -71.6096
433 -33.0564 -71.6096
388 -33.0561 -71.6089
895 -33.056 -71.609
975 -33.0555 -71.6094
358 -33.0559 -71.6091
65 -33.0559 -71.6091
915 -33.055 -71.6104
559 -33.0541 -71.6115
401 -33.0539 -71.6111
345 -33.0537 -71.6109
133 -33.0537 -71.6109
337 -33.0536 -71.6114
74 -33.0536 -71.6107
278 -33.0536 -71.6106
27 -33.0536 -71.6106
180 -33.0545 -71.6105
995 -33.0546 -71.6105
621 -33.0547 -71.6104
894 -33.0542 -71.6105
920 -33.054 -71.6105
985 -33.0536 -71.6085
428 -33.0536 -71.6085
58 -33.0536 -71.6085
162 -33.0546 -71.6085
702 -33.0546 -71.6085
249 -33.0545 -71.6085
798 -33.0545 -71.6085
898 -33.0545 -71.6085
288 -33.0545 -71.6085
524 -33.0544 -71.6085
338 -33.0544 -71.6085
246 -33.0547 -71.6085
814 -33.0547 -71.6085
3 -33.0547 -71.6084
841 -33.0546 -71.6085
865 -33.0544 -71.6085
974 -33.0544 -71.6085
486 -33.0546 -71.6085
4 -33.0542 -71.6085
817 -33.0541 -71.6085
766 -33.0541 -71.6085
379 -33.0541 -71.6085
750 -33.054 -71.6085
651 -33.0536 -71.6085
258 -33.0537 -71.6085
695 -33.0537 -71.6085
439 -33.0539 -71.6085
526 -33.0539 -71.6085
164 -33.0539 -71.6085
539 -33.0539 -71.6085
317 -33.0538 -71.6085
465 -33.0537 -71.6085
932 -33.0538 -71.6085
656 -33.0534 -71.6085
31 -33.053 -71.6116
77 -33.0531 -71.6115
780 -33.0533 -71.6115
941 -33.0509 -71.6102
897 -33.0509 -71.6102
213 -33.0509 -71.6102
318 -33.0508 -71.6102
50 -33.0511 -71.61
631 -33.0513 -71.6098
541 -33.0513 -71.6098
854 -33.0513 -71.6098
436 -33.0512 -71.6098
868 -33.0511 -71.61
36 -33.0512 -71.6099
84 -33.0512 -71.6099
140 -33.0507 -71.6102
716 -33.0501 -71.6108
694 -33.0501 -71.6107
383 -33.0501 -71.6107
968 -33.05 -71.6112
530 -33.0499 -71.6116
643 -33.0491 -71.6113
724 -33.0496 -71.6112
799 -33.0501 -71.6105
853 -33.0507 -71.6102
206 -33.0505 -71.6102
440 -33.0503 -71.6101
283 -33.0502 -71.6102
48 -33.0501 -71.6104
933 -33.0502 -71.6103
778 -33.0513 -71.6098
234 -33.0521 -71.6085
119 -33.0521 -71.6085
823 -33.0521 -71.6085
701 -33.0521 -71.6085
728 -33.052 -71.6088
680 -33.0521 -71.6086
590 -33.0521 -71.6086
418 -33.0521 -71.6085
342 -33.0533 -71.6084
312 -33.0533 -71.6084
329 -33.0533 -71.6084
719 -33.0533 -71.6084
231 -33.0521 -71.6085
779 -33.0533 -71.6084
241 -33.0532 -71.6084
0 -33.052 -71.6089
612 -33.0516 -71.6095
302 -33.0517 -71.6094
432 -33.0517 -71.6094
960 -33.0515 -71.6096
586 -33.0514 -71.6097
519 -33.0514 -71.6097
218 -33.0514 -71.6097
515 -33.0518 -71.6093
648 -33.0519 -71.6091
538 -33.052 -71.609
637 -33.052 -71.6089
462 -33.0518 -71.6093
374 -33.0518 -71.6093
435 -33.0504 -71.609
969 -33.0547 -71.6084
731 -33.0569 -71.608
122 -33.0568 -71.608
397 -33.0568 -71.608
989 -33.0568 -71.608
806 -33.0568 -71.608
245 -33.0568 -71.608
691 -33.0567 -71.608
720 -33.0567 -71.608
887 -33.0566 -71.608
308 -33.0567 -71.608
21 -33.0567 -71.608
194 -33.0566 -71.608
875 -33.0565 -71.608
554 -33.0565 -71.608
299 -33.0565 -71.608
682 -33.0565 -71.608
410 -33.0564 -71.608
264 -33.0564 -71.608
871 -33.0564 -71.608
913 -33.0563 -71.608
630 -33.0553 -71.608
570 -33.0553 -71.608
39 -33.0553 -71.608
37 -33.0554 -71.608
359 -33.0563 -71.608
667 -33.0563 -71.608
921 -33.0563 -71.608
289 -33.0562 -71.6079
594 -33.0554 -71.608
953 -33.0554 -71.6079
135 -33.0555 -71.6079
616 -33.0559 -71.6079
184 -33.0561 -71.6075
193 -33.0568 -71.6074
67 -33.0563 -71.6074
6 -33.0561 -71.6075
893 -33.0559 -71.6079
492 -33.0558 -71.6076
567 -33.0561 -71.6075
628 -33.0564 -71.6073
564 -33.0569 -71.6071
406 -33.0571 -71.6047
826 -33.057 -71.6047
578 -33.0568 -71.6071
247 -33.0566 -71.6072
267 -33.0568 -71.6072
149 -33.0563 -71.6044
552 -33.0558 -71.6076
959 -33.0558 -71.6079
896 -33.0558 -71.6078
965 -33.0558 -71.6078
650 -33.0557 -71.6078
47 -33.0555 -71.6079
28 -33.0555 -71.6079
445 -33.0557 -71.6078
800 -33.0557 -71.6078
104 -33.0556 -71.6077
689 -33.0557 -71.6077
41 -33.0558 -71.6076
609 -33.0556 -71.6078
490 -33.0556 -71.6078
776 -33.0555 -71.6047
777 -33.0553 -71.608
459 -33.0548 -71.6084
451 -33.0548 -71.6084
95 -33.0548 -71.6083
96 -33.0532 -71.6084
596 -33.0532 -71.6084
947 -33.0531 -71.6084
804 -33.053 -71.6083
824 -33.0549 -71.6083
684 -33.055 -71.6082
943 -33.055 -71.6082
352 -33.055 -71.6082
663 -33.0549 -71.6083
356 -33.0549 -71.6083
330 -33.0549 -71.6083
928 -33.0549 -71.6083
518 -33.053 -71.6083
685 -33.053 -71.6083
86 -33.0529 -71.6083
522 -33.0528 -71.6083
956 -33.0522 -71.6083
634 -33.0522 -71.6084
807 -33.0522 -71.6084
457 -33.0522 -71.6083
548 -33.0527 -71.6083
709 -33.0527 -71.6082
665 -33.0527 -71.6082
444 -33.0527 -71.6082
207 -33.0527 -71.6082
76 -33.0526 -71.6082
847 -33.0526 -71.6082
131 -33.0551 -71.6082
543 -33.0551 -71.6081
926 -33.0552 -71.6081
584 -33.0552 -71.6081
114 -33.0551 -71.6081
396 -33.0551 -71.6082
936 -33.0551 -71.6082
344 -33.0551 -71.6082
514 -33.0552 -71.6081
443 -33.0552 -71.6081
426 -33.0552 -71.6081
45 -33.0552 -71.6081
699 -33.0552 -71.6081
507 -33.0541 -71.6056
781 -33.0546 -71.6052
121 -33.0548 -71.6051
729 -33.0538 -71.606
654 -33.0525 -71.6082
240 -33.0524 -71.6081
64 -33.0524 -71.6081
363 -33.0524 -71.6081
153 -33.0523 -71.6081
248 -33.0518 -71.6081
971 -33.0518 -71.6081
178 -33.0523 -71.6081
425 -33.0523 -71.6081
792 -33.0538 -71.606
533 -33.0533 -71.6047
481 -33.0523 -71.6081
828 -33.0522 -71.6081
899 -33.0522 -71.6076
