290 -33.0622 -71.6158
838 -33.0622 -71.6158
907 -33.0622 -71.6158
466 -33.0618 -71.6158
179 -33.0614 -71.6159
166 -33.0614 -71.6159
403 -33.0615 -71.6158
619 -33.0629 -71.6157
271 -33.0629 -71.6156
754 -33.0632 -71.6155
455 -33.063 -71.6151
978 -33.0627 -71.6151
760 -33.0621 -71.6151
301 -33.0626 -71.615
475 -33.0626 -71.615
495 -33.0613 -71.6159
908 -33.0606 -71.6162
171 -33.0609 -71.6161
448 -33.061 -71.616
930 -33.0605 -71.6163
727 -33.0602 -71.6164
487 -33.0603 -71.6163
946 -33.0604 -71.6163
145 -33.0612 -71.616
423 -33.061 -71.6154
456 -33.0609 -71.6154
803 -33.061 -71.6154
446 -33.0608 -71.6155
611 -33.0603 -71.6157
154 -33.0607 -71.6155
279 -33.0602 -71.6143
945 -33.0603 -71.6143
917 -33.0623 -71.6135
958 -33.0625 -71.6134
286 -33.0624 -71.6134
51 -33.0623 -71.6135
501 -33.0622 -71.6135
819 -33.061 -71.6134
994 -33.061 -71.6134
189 -33.061 -71.6134
531 -33.0639 -71.6133
238 -33.0639 -71.6133
118 -33.0639 -71.6133
52 -33.0629 -71.6132
274 -33.061 -71.6134
762 -33.061 -71.6134
579 -33.0621 -71.6131
809 -33.0608 -71.6136
123 -33.0606 -71.6141
686 -33.0607 -71.614
424 -33.0607 -71.6139
467 -33.0606 -71.6141
49 -33.0603 -71.6142
7 -33.0604 -71.6142
61 -33.0606 -71.6141
483 -33.0607 -71.6139
127 -33.0608 -71.6136
134 -33.0604 -71.613
150 -33.0605 -71.6129
341 -33.0602 -71.6131
751 -33.0601 -71.6134
615 -33.0602 -71.6133
580 -33.0601 -71.6134
393 -33.06 -71.6165
506 -33.0601 -71.6164
614 -33.0601 -71.6161
327 -33.0599 -71.6165
128 -33.0598 -71.6165
698 -33.0597 -71.6147
228 -33.0597 -71.6147
549 -33.0597 -71.6146
711 -33.06 -71.6144
117 -33.0601 -71.6144
546 -33.0601 -71.6144
367 -33.06 -71.6144
726 -33.0597 -71.6145
767 -33.06 -71.6145
89 -33.0599 -71.6144
597 -33.0596 -71.6166
585 -33.0596 -71.6166
600 -33.0594 -71.6149
962 -33.0596 -71.6148
204 -33.0594 -71.6149
100 -33.059 -71.6168
262 -33.059 -71.6152
431 -33.0591 -71.6152
773 -33.0596 -71.6148
450 -33.0591 -71.6145
421 -33.0591 -71.6145
734 -33.0592 -71.6144
116 -33.0591 -71.6145
93 -33.059 -71.6146
795 -33.059 -71.6145
340 -33.059 -71.6145
320 -33.0592 -71.6143
198 -33.0601 -71.6142
927 -33.0598 -71.6137
354 -33.0598 -71.6137
967 -33.0598 -71.6138
787 -33.0595 -71.6139
355 -33.0597 -71.6139
864 -33.0597 -71.6137
892 -33.0598 -71.6136
254 -33.0601 -71.6133
761 -33.0601 -71.6132
434 -33.0601 -71.6132
844 -33.0601 -71.6133
992 -33.0598 -71.6136
292 -33.06 -71.6134
973 -33.0601 -71.6133
405 -33.0595 -71.614
565 -33.0592 -71.6143
880 -33.0593 -71.6142
107 -33.0594 -71.6142
860 -33.0592 -71.6143
464 -33.0591 -71.6136
402 -33.0591 -71.6136
916 -33.0591 -71.6135
102 -33.0591 -71.6135
449 -33.0592 -71.6129
534 -33.0592 -71.6129
658 -33.0593 -71.6129
996 -33.0591 -71.6129
950 -33.0591 -71.6134
203 -33.0591 -71.6129
730 -33.0593 -71.6129
57 -33.0633 -71.6126
285 -33.0627 -71.6122
700 -33.0629 -71.6122
251 -33.0627 -71.6121
351 -33.0626 -71.6128
14 -33.0626 -71.6128
582 -33.0626 -71.6127
705 -33.0627 -71.6121
976 -33.0646 -71.6121
674 -33.0627 -71.612
407 -33.0629 -71.612
408 -33.0626 -71.612
370 -33.0625 -71.612
789 -33.0625 -71.612
387 -33.0625 -71.612
255 -33.0623 -71.612
366 -33.0622 -71.6126
759 -33.0613 -71.6122
747 -33.0613 -71.6122
693 -33.0613 -71.6122
679 -33.061 -71.6123
69 -33.0611 -71.6123
641 -33.0612 -71.6122
309 -33.0614 -71.6122
347 -33.0617 -71.612
224 -33.0618 -71.612
816 -33.0618 -71.612
577 -33.0617 -71.612
22 -33.0614 -71.6121
986 -33.0616 -71.6121
146 -33.0616 -71.6121
269 -33.0621 -71.612
413 -33.0637 -71.6117
869 -33.0645 -71.6114
640 -33.0645 -71.6114
480 -33.0635 -71.6118
160 -33.062 -71.612
733 -33.0623 -71.612
310 -33.0619 -71.6119
642 -33.063 -71.6113
790 -33.064 -71.6108
499 -33.064 -71.6107
482 -33.0648 -71.6105
11 -33.064 -71.6111
561 -33.0631 -71.6112
209 -33.0631 -71.6112
523 -33.0639 -71.6112
878 -33.0619 -71.6119
452 -33.0619 -71.6118
489 -33.0619 -71.6117
934 -33.0619 -71.6112
62 -33.0619 -71.6112
12 -33.0612 -71.6115
537 -33.0618 -71.6111
918 -33.0618 -71.611
297 -33.0618 -71.6108
474 -33.0618 -71.6108
43 -33.0618 -71.6106
818 -33.0618 -71.6105
740 -33.0617 -71.6107
903 -33.0614 -71.6107
458 -33.0615 -71.6107
200 -33.061 -71.6124
437 -33.06 -71.6128
599 -33.06 -71.6128
738 -33.0601 -71.6128
655 -33.06 -71.6128
235 -33.06 -71.6128
306 -33.06 -71.6128
233 -33.06 -71.6128
265 -33.0603 -71.6128
87 -33.0605 -71.6128
837 -33.0606 -71.6126
324 -33.0608 -71.6125
607 -33.0605 -71.6128
498 -33.0604 -71.6128
661 -33.0605 -71.6128
237 -33.0603 -71.6124
414 -33.06 -71.6128
201 -33.0596 -71.6128
942 -33.0596 -71.6128
707 -33.0598 -71.6128
392 -33.0596 -71.6128
562 -33.0593 -71.6129
275 -33.0593 -71.6129
19 -33.0594 -71.6129
295 -33.0598 -71.6128
70 -33.0599 -71.6128
902 -33.0595 -71.6127
991 -33.0595 -71.6125
801 -33.0592 -71.6128
23 -33.0592 -71.6126
303 -33.0591 -71.6125
373 -33.0609 -71.6124
863 -33.0609 -71.6124
208 -33.0609 -71.6124
575 -33.0609 -71.6124
202 -33.0609 -71.6124
334 -33.0603 -71.6122
603 -33.0605 -71.612
272 -33.0608 -71.612
601 -33.0603 -71.6118
252 -33.0605 -71.6116
307 -33.0607 -71.6116
627 -33.0609 -71.6115
876 -33.0603 -71.611
368 -33.0598 -71.6116
998 -33.0602 -71.6106
909 -33.0598 -71.6106
82 -33.0595 -71.6122
919 -33.0595 -71.6121
955 -33.0595 -71.612
771 -33.0595 -71.6119
877 -33.0595 -71.6118
676 -33.0591 -71.6122
298 -33.0593 -71.6116
563 -33.0593 -71.6116
216 -33.0594 -71.6116
815 -33.0593 -71.6112
743 -33.0595 -71.6109
706 -33.0594 -71.6105
187 -33.0592 -71.6112
748 -33.0589 -71.6112
542 -33.0589 -71.6105
623 -33.0589 -71.6129
364 -33.0586 -71.6171
904 -33.0587 -71.6171
961 -33.0588 -71.617
66 -33.0586 -71.6168
165 -33.0583 -71.6174
130 -33.0583 -71.6174
109 -33.0584 -71.6173
593 -33.0584 -71.6165
739 -33.0587 -71.6154
148 -33.0587 -71.6154
749 -33.0584 -71.6151
703 -33.0584 -71.6162
504 -33.0584 -71.6161
830 -33.0583 -71.6159
343 -33.0583 -71.6151
659 -33.0582 -71.615
983 -33.058 -71.6177
10 -33.058 -71.6176
979 -33.058 -71.6176
949 -33.0579 -71.6177
786 -33.0579 -71.6177
494 -33.0574 -71.6171
964 -33.0579 -71.617
91 -33.0576 -71.6154
38 -33.0581 -71.615
111 -33.058 -71.615
75 -33.058 -71.615
315 -33.058 -71.615
144 -33.058 -71.615
195 -33.0579 -71.615
496 -33.0579 -71.615
500 -33.0582 -71.615
636 -33.0586 -71.6149
678 -33.0583 -71.6149
250 -33.0584 -71.6148
163 -33.0583 -71.6149
497 -33.0579 -71.615
852 -33.0582 -71.615
323 -33.0582 -71.6148
488 -33.0588 -71.6148
430 -33.0588 -71.6148
756 -33.0587 -71.6147
385 -33.0586 -71.6147
632 -33.0585 -71.6148
105 -33.0583 -71.6148
185 -33.0584 -71.6148
721 -33.0583 -71.6148
304 -33.0579 -71.615
226 -33.0578 -71.615
835 -33.0579 -71.6149
625 -33.0579 -71.6149
361 -33.0578 -71.6149
890 -33.0578 -71.615
24 -33.0578 -71.615
115 -33.0578 -71.6149
142 -33.0576 -71.6149
106 -33.0576 -71.6149
812 -33.0576 -71.6149
181 -33.0576 -71.6149
884 -33.0575 -71.6149
574 -33.0575 -71.6149
850 -33.0575 -71.6149
867 -33.0574 -71.6151
708 -33.057 -71.6183
409 -33.0567 -71.6182
511 -33.0567 -71.6182
353 -33.0567 -71.6168
427 -33.056 -71.618
710 -33.0562 -71.6159
157 -33.0562 -71.6159
92 -33.0562 -71.6159
794 -33.0562 -71.6159
763 -33.0561 -71.6158
987 -33.0561 -71.6158
25 -33.0561 -71.6156
639 -33.056 -71.6155
155 -33.056 -71.6155
605 -33.056 -71.6154
598 -33.056 -71.6154
509 -33.0557 -71.6179
629 -33.0556 -71.6169
635 -33.0558 -71.6159
849 -33.0556 -71.6172
516 -33.055 -71.6179
610 -33.0556 -71.6159
644 -33.0551 -71.6158
911 -33.0549 -71.6158
764 -33.0548 -71.6157
988 -33.0539 -71.6156
205 -33.0537 -71.6156
277 -33.0537 -71.6156
820 -33.0537 -71.6156
938 -33.0536 -71.6156
113 -33.0559 -71.6154
382 -33.0574 -71.615
176 -33.0574 -71.6149
572 -33.0573 -71.6149
940 -33.0573 -71.6148
13 -33.0573 -71.6149
859 -33.0573 -71.6148
313 -33.0572 -71.6148
999 -33.0571 -71.6148
273 -33.0571 -71.6148
191 -33.0571 -71.6148
174 -33.0571 -71.6148
53 -33.0571 -71.6148
652 -33.0571 -71.6148
479 -33.0569 -71.6147
692 -33.0569 -71.6147
217 -33.0568 -71.6147
889 -33.0561 -71.6152
573 -33.0561 -71.6152
829 -33.0562 -71.6152
170 -33.056 -71.6152
333 -33.0559 -71.6153
54 -33.056 -71.6153
589 -33.0559 -71.6152
416 -33.0563 -71.6151
883 -33.0565 -71.6149
529 -33.0567 -71.6148
712 -33.0568 -71.6147
263 -33.0565 -71.6149
239 -33.0564 -71.615
453 -33.0565 -71.615
783 -33.0586 -71.6147
177 -33.0589 -71.6147
399 -33.0588 -71.6141
545 -33.0589 -71.6139
512 -33.0586 -71.6144
797 -33.0586 -71.6146
175 -33.0584 -71.6139
571 -33.0584 -71.6138
211 -33.0585 -71.6137
891 -33.0588 -71.6135
687 -33.0587 -71.6134
822 -33.0589 -71.6133
668 -33.0586 -71.6133
831 -33.0586 -71.6135
18 -33.0584 -71.613
42 -33.0585 -71.613
566 -33.0583 -71.613
948 -33.0582 -71.6142
551 -33.0582 -71.6142
266 -33.0581 -71.6138
68 -33.0581 -71.6144
476 -33.0581 -71.6144
713 -33.0581 -71.6144
212 -33.0581 -71.6136
253 -33.0581 -71.6136
521 -33.0583 -71.6134
881 -33.0583 -71.6134
270 -33.0583 -71.613
227 -33.0582 -71.6131
848 -33.0581 -71.6133
963 -33.0582 -71.6131
33 -33.0582 -71.613
666 -33.0585 -71.613
742 -33.0589 -71.6128
386 -33.0589 -71.6127
20 -33.0589 -71.6127
29 -33.0588 -71.6126
791 -33.0586 -71.613
124 -33.0588 -71.6129
842 -33.0583 -71.6126
588 -33.0583 -71.6124
905 -33.0588 -71.6121
259 -33.0589 -71.6112
770 -33.0589 -71.6112
560 -33.0588 -71.6117
197 -33.0585 -71.6124
151 -33.0584 -71.6117
558 -33.0584 -71.6106
606 -33.0583 -71.6113
872 -33.0583 -71.6127
645 -33.0583 -71.6127
214 -33.0583 -71.6127
108 -33.0582 -71.6123
638 -33.0582 -71.6127
805 -33.0581 -71.6122
547 -33.0581 -71.6121
210 -33.0581 -71.6119
372 -33.0582 -71.6113
587 -33.0582 -71.6106
336 -33.0582 -71.6105
358 -33.0581 -71.6105
821 -33.0581 -71.6108
915 -33.0581 -71.6105
442 -33.058 -71.6119
429 -33.0578 -71.6139
17 -33.0578 -71.6139
389 -33.0579 -71.6139
260 -33.0577 -71.6139
377 -33.0577 -71.6145
885 -33.0577 -71.6144
591 -33.0576 -71.6134
520 -33.0577 -71.6131
725 -33.058 -71.613
906 -33.058 -71.613
617 -33.058 -71.613
508 -33.058 -71.613
35 -33.0577 -71.6131
914 -33.0579 -71.6129
186 -33.0578 -71.6129
5 -33.0575 -71.6141
412 -33.0574 -71.6145
536 -33.0574 -71.6144
85 -33.0574 -71.6144
550 -33.0574 -71.6146
900 -33.0568 -71.6147
697 -33.0568 -71.6147
688 -33.0573 -71.6147
647 -33.0574 -71.6143
161 -33.0574 -71.6143
796 -33.0574 -71.6143
40 -33.0574 -71.6135
59 -33.057 -71.6134
380 -33.0569 -71.6134
618 -33.0568 -71.6133
649 -33.0578 -71.6129
683 -33.0576 -71.6129
717 -33.0576 -71.6129
173 -33.0576 -71.6129
188 -33.0572 -71.6128
568 -33.0571 -71.6127
758 -33.0571 -71.6127
44 -33.0569 -71.6126
346 -33.0567 -71.6125
775 -33.058 -71.6117
15 -33.058 -71.6113
569 -33.0579 -71.6113
510 -33.0577 -71.6107
861 -33.0575 -71.6119
681 -33.0575 -71.6116
673 -33.0574 -71.6106
559 -33.0564 -71.6124
862 -33.0551 -71.6124
851 -33.0562 -71.6124
553 -33.0542 -71.6123
972 -33.0537 -71.6122
793 -33.0536 -71.6122
447 -33.0518 -71.6118
9 -33.0527 -71.6116
827 -33.0528 -71.6116
901 -33.0537 -71.6109
348 -33.0537 -71.6109
855 -33.0543 -71.6105
81 -33.0536 -71.6108
101 -33.05 -71.6115
604 -33.0536 -71.6107
660 -33.0544 -71.6105
63 -33.0632 -71.61
282 -33.0632 -71.61
326 -33.0645 -71.6099
774 -33.0631 -71.61
715 -33.0631 -71.6099
858 -33.063 -71.6099
470 -33.063 -71.6099
469 -33.0644 -71.6097
420 -33.0644 -71.6096
473 -33.0639 -71.6096
677 -33.0644 -71.6095
183 -33.0621 -71.6095
422 -33.062 -71.6095
328 -33.062 -71.6095
952 -33.062 -71.6094
690 -33.0619 -71.6094
581 -33.0617 -71.6103
576 -33.0617 -71.6103
94 -33.0612 -71.6098
646 -33.0611 -71.6097
415 -33.061 -71.6103
26 -33.061 -71.6103
752 -33.0611 -71.6098
60 -33.0613 -71.6096
608 -33.0615 -71.6095
757 -33.0616 -71.6094
471 -33.0615 -71.6094
741 -33.0614 -71.6094
879 -33.0613 -71.6096
970 -33.0608 -71.6096
624 -33.061 -71.6093
723 -33.0631 -71.6093
438 -33.0636 -71.6092
335 -33.0642 -71.6092
79 -33.0645 -71.6091
944 -33.0632 -71.6092
219 -33.0631 -71.6093
664 -33.0626 -71.6092
532 -33.0622 -71.6091
369 -33.0617 -71.6089
350 -33.0625 -71.6082
463 -33.0625 -71.608
225 -33.0632 -71.6077
156 -33.0623 -71.6083
981 -33.0619 -71.6087
72 -33.0622 -71.6085
714 -33.0619 -71.6084
419 -33.0617 -71.608
653 -33.0617 -71.6089
71 -33.0614 -71.6089
832 -33.0616 -71.6089
736 -33.0612 -71.6089
882 -33.061 -71.6092
294 -33.061 -71.6091
788 -33.0609 -71.609
199 -33.061 -71.6089
192 -33.061 -71.6086
461 -33.061 -71.6086
398 -33.0613 -71.6077
375 -33.0609 -71.6088
103 -33.0607 -71.6087
753 -33.0607 -71.6079
746 -33.0606 -71.6085
97 -33.0603 -71.6101
138 -33.0605 -71.6096
73 -33.0605 -71.6093
190 -33.0602 -71.6104
886 -33.0602 -71.6103
305 -33.0601 -71.6101
626 -33.06 -71.6088
132 -33.06 -71.6088
339 -33.0604 -71.6084
232 -33.0604 -71.6084
215 -33.0604 -71.6084
813 -33.0604 -71.6084
332 -33.0602 -71.6083
839 -33.0603 -71.6083
242 -33.0601 -71.6083
602 -33.0598 -71.61
376 -33.0597 -71.6101
141 -33.0595 -71.6098
866 -33.0596 -71.6098
143 -33.0595 -71.6098
765 -33.0592 -71.6104
657 -33.0586 -71.6101
391 -33.0595 -71.6098
362 -33.0589 -71.6095
236 -33.0588 -71.6088
2 -33.0592 -71.6088
308 -33.0593 -71.6083
856 -33.0587 -71.6093
931 -33.0587 -71.6089
554 -33.0587 -71.6083
810 -33.0598 -71.6082
731 -33.06 -71.6081
245 -33.06 -71.6081
806 -33.06 -71.608
691 -33.0599 -71.608
167 -33.0598 -71.6082
21 -33.0599 -71.608
194 -33.0598 -71.6079
468 -33.0601 -71.6079
888 -33.0601 -71.6078
122 -33.0601 -71.6077
989 -33.0601 -71.6077
720 -33.0601 -71.6077
682 -33.0596 -71.6078
410 -33.0596 -71.6078
229 -33.0599 -71.6078
871 -33.0596 -71.6078
846 -33.059 -71.6079
528 -33.059 -71.6079
28 -33.0588 -71.6078
37 -33.0587 -71.6079
39 -33.0586 -71.6079
570 -33.0586 -71.6079
594 -33.0587 -71.6079
929 -33.0589 -71.6078
913 -33.0596 -71.6078
921 -33.0595 -71.6077
667 -33.0595 -71.6077
289 -33.0595 -71.6077
490 -33.0589 -71.6078
609 -33.0589 -71.6078
264 -33.0597 -71.6077
400 -33.0631 -71.6075
296 -33.0643 -71.6071
331 -33.0642 -71.6068
672 -33.0625 -71.6068
478 -33.0622 -71.6074
833 -33.0619 -71.6069
662 -33.0619 -71.6068
441 -33.0634 -71.6065
147 -33.0633 -71.6065
922 -33.0636 -71.6065
291 -33.0637 -71.6064
769 -33.0632 -71.6063
966 -33.0618 -71.6064
592 -33.0623 -71.6062
112 -33.0632 -71.6062
977 -33.0617 -71.6073
737 -33.0608 -71.6076
997 -33.0612 -71.6074
287 -33.0609 -71.6073
395 -33.0607 -71.6071
556 -33.0607 -71.6075
502 -33.0607 -71.6074
365 -33.0607 -71.6071
325 -33.0613 -71.6069
808 -33.0612 -71.6068
785 -33.0613 -71.6064
56 -33.0612 -71.6064
381 -33.0611 -71.6066
159 -33.0609 -71.6065
137 -33.0609 -71.6065
925 -33.0607 -71.6064
923 -33.0622 -71.6062
78 -33.0636 -71.6061
924 -33.064 -71.6061
870 -33.0648 -71.606
825 -33.063 -71.6061
843 -33.0629 -71.606
169 -33.0629 -71.606
620 -33.0629 -71.606
90 -33.0645 -71.6059
622 -33.0628 -71.6059
261 -33.0627 -71.6059
857 -33.0624 -71.6055
32 -33.0622 -71.6055
293 -33.0621 -71.6055
158 -33.0621 -71.6054
99 -33.062 -71.6053
557 -33.0619 -71.6058
836 -33.061 -71.606
951 -33.0618 -71.6052
172 -33.061 -71.6051
491 -33.061 -71.6055
276 -33.0607 -71.6054
120 -33.0607 -71.6054
544 -33.0608 -71.6053
16 -33.0611 -71.6051
349 -33.0614 -71.6048
669 -33.0614 -71.6048
417 -33.0613 -71.6048
284 -33.0613 -71.6049
845 -33.0612 -71.6049
505 -33.0612 -71.6049
230 -33.0607 -71.6055
359 -33.0596 -71.6076
46 -33.0601 -71.6072
912 -33.0602 -71.6072
299 -33.0594 -71.607
959 -33.0592 -71.6076
616 -33.0592 -71.6076
371 -33.0593 -71.6076
281 -33.0602 -71.607
300 -33.0606 -71.6068
321 -33.0601 -71.6067
772 -33.0601 -71.6065
243 -33.0601 -71.6065
397 -33.0598 -71.6069
378 -33.0592 -71.6068
404 -33.0595 -71.6065
671 -33.0591 -71.6067
965 -33.0591 -71.6077
896 -33.0591 -71.6077
280 -33.0591 -71.6075
704 -33.0588 -71.6066
445 -33.0587 -71.6071
555 -33.0587 -71.6066
126 -33.0588 -71.6066
953 -33.0586 -71.6066
104 -33.0589 -71.6065
41 -33.0591 -71.6065
552 -33.0591 -71.6065
689 -33.0589 -71.6065
47 -33.0586 -71.6066
135 -33.0587 -71.6066
954 -33.0594 -71.6064
83 -33.0601 -71.6063
129 -33.0601 -71.6063
267 -33.06 -71.6061
311 -33.06 -71.6062
67 -33.0596 -71.6063
247 -33.0599 -71.6063
411 -33.0599 -71.6062
578 -33.0601 -71.6061
910 -33.0603 -71.6058
8 -33.0606 -71.6056
30 -33.0603 -71.6046
670 -33.0602 -71.6061
406 -33.0597 -71.6054
1 -33.0595 -71.6051
826 -33.0601 -71.6046
125 -33.0594 -71.6064
873 -33.0593 -71.6064
6 -33.0594 -71.6064
184 -33.0594 -71.6064
567 -33.0593 -71.6064
527 -33.0592 -71.6063
513 -33.0591 -71.6063
525 -33.059 -71.6063
628 -33.0588 -71.6062
256 -33.0594 -71.6055
221 -33.0591 -71.6054
149 -33.0594 -71.6054
196 -33.0587 -71.6051
957 -33.0587 -71.6051
937 -33.0586 -71.6051
630 -33.0586 -71.6079
517 -33.0584 -71.6104
895 -33.058 -71.6104
975 -33.0584 -71.6101
621 -33.0579 -71.6103
540 -33.0575 -71.6103
388 -33.0579 -71.6103
384 -33.0577 -71.6102
745 -33.0582 -71.6101
433 -33.0583 -71.6099
875 -33.0583 -71.6092
800 -33.0583 -71.6089
454 -33.0582 -71.609
65 -33.058 -71.6099
268 -33.058 -71.6099
744 -33.0578 -71.6096
995 -33.0574 -71.6096
345 -33.0564 -71.6101
278 -33.0567 -71.61
27 -33.0567 -71.6099
337 -33.0558 -71.6104
834 -33.0545 -71.6105
31 -33.0551 -71.6101
77 -33.0551 -71.61
920 -33.0571 -71.6099
180 -33.0574 -71.6097
74 -33.0562 -71.6095
894 -33.0571 -71.6095
133 -33.056 -71.6095
780 -33.0552 -71.6098
162 -33.0559 -71.6095
401 -33.0558 -71.6095
874 -33.0576 -71.6088
257 -33.0583 -71.6087
699 -33.0584 -71.6086
650 -33.0584 -71.6086
131 -33.0583 -71.6085
684 -33.0582 -71.6084
426 -33.0582 -71.6084
244 -33.058 -71.6083
451 -33.058 -71.6083
811 -33.0579 -71.6083
3 -33.0579 -71.6082
814 -33.0579 -71.6082
486 -33.0579 -71.6082
798 -33.0577 -71.6082
249 -33.0577 -71.6082
288 -33.0577 -71.6081
338 -33.0576 -71.6081
535 -33.0575 -71.6088
538 -33.0547 -71.6084
637 -33.0549 -71.6083
648 -33.0547 -71.6085
462 -33.0545 -71.6085
515 -33.0544 -71.6085
374 -33.0544 -71.6085
0 -33.0549 -71.6083
590 -33.0551 -71.6082
234 -33.0551 -71.6081
418 -33.0551 -71.6081
701 -33.0551 -71.6082
728 -33.0549 -71.6083
680 -33.0551 -71.6082
302 -33.0544 -71.6085
314 -33.0544 -71.6105
394 -33.0544 -71.6105
484 -33.0515 -71.6096
583 -33.0514 -71.6097
88 -33.0512 -71.6099
935 -33.0512 -71.6099
493 -33.0513 -71.6098
732 -33.0516 -71.6095
722 -33.0519 -71.6092
152 -33.0519 -71.6092
724 -33.0519 -71.6092
55 -33.0519 -71.6092
643 -33.0516 -71.6095
939 -33.0516 -71.6095
755 -33.0517 -71.6094
485 -33.0512 -71.6099
718 -33.0509 -71.6102
982 -33.0508 -71.6102
633 -33.0507 -71.6102
222 -33.0507 -71.6102
220 -33.0506 -71.6102
784 -33.0506 -71.6102
735 -33.0506 -71.6102
696 -33.0505 -71.6102
360 -33.051 -71.6101
34 -33.0512 -71.6099
80 -33.0512 -71.6099
802 -33.0505 -71.6102
322 -33.0505 -71.6102
139 -33.0505 -71.6102
530 -33.052 -71.609
432 -33.0543 -71.6085
612 -33.0541 -71.6085
960 -33.0541 -71.6085
436 -33.0537 -71.6085
36 -33.0536 -71.6085
50 -33.0535 -71.6085
868 -33.0535 -71.6085
218 -33.054 -71.6085
519 -33.0539 -71.6085
586 -33.0539 -71.6085
778 -33.0538 -71.6085
541 -33.0538 -71.6085
84 -33.0537 -71.6085
631 -33.0537 -71.6085
854 -33.0538 -71.6085
941 -33.0533 -71.6085
897 -33.0533 -71.6084
213 -33.0533 -71.6084
140 -33.0532 -71.6084
318 -33.0531 -71.6084
968 -33.0521 -71.6087
853 -33.0531 -71.6084
206 -33.0529 -71.6083
716 -33.0522 -71.6083
440 -33.0528 -71.6083
283 -33.0525 -71.6082
933 -33.0525 -71.6082
48 -33.0524 -71.6081
383 -33.0522 -71.6082
694 -33.0522 -71.6082
524 -33.0576 -71.6081
675 -33.0584 -71.608
584 -33.0584 -71.608
45 -33.0585 -71.6079
114 -33.0583 -71.608
824 -33.058 -71.6081
663 -33.0582 -71.6081
330 -33.0582 -71.6081
993 -33.0581 -71.6078
110 -33.0584 -71.6073
168 -33.0584 -71.6067
980 -33.0584 -71.6067
182 -33.0583 -71.6071
514 -33.0582 -71.6076
95 -33.0579 -71.6068
356 -33.058 -71.6067
459 -33.0579 -71.6068
865 -33.0576 -71.6081
193 -33.0577 -71.6076
319 -33.0577 -71.6076
974 -33.0576 -71.6081
893 -33.0575 -71.6081
4 -33.0574 -71.6081
817 -33.0573 -71.6081
613 -33.0577 -71.6073
841 -33.0577 -71.6068
246 -33.0577 -71.6068
969 -33.0578 -71.6068
390 -33.0577 -71.6072
766 -33.0572 -71.6069
898 -33.0575 -71.6069
702 -33.0576 -71.6068
352 -33.0582 -71.6067
887 -33.0586 -71.6067
543 -33.0584 -71.6067
777 -33.0584 -71.6066
926 -33.0583 -71.6067
344 -33.0582 -71.6067
936 -33.0583 -71.6067
443 -33.0583 -71.6067
840 -33.0584 -71.6062
782 -33.0583 -71.6062
223 -33.0585 -71.6062
776 -33.0585 -71.605
595 -33.0583 -71.6051
136 -33.0582 -71.6059
984 -33.0583 -71.6058
564 -33.0583 -71.6057
396 -33.0582 -71.6067
943 -33.0579 -71.6063
990 -33.058 -71.6062
492 -33.0582 -71.6062
928 -33.0579 -71.6066
503 -33.0578 -71.6066
357 -33.0578 -71.6062
472 -33.0575 -71.6061
477 -33.058 -71.6059
316 -33.0577 -71.6058
460 -33.0578 -71.6058
768 -33.0576 -71.6049
781 -33.0576 -71.6047
98 -33.0575 -71.6051
121 -33.0575 -71.6051
750 -33.0572 -71.608
439 -33.0572 -71.608
526 -33.0571 -71.608
465 -33.057 -71.608
932 -33.057 -71.608
317 -33.057 -71.608
695 -33.0569 -71.608
258 -33.0569 -71.608
985 -33.0568 -71.608
58 -33.0568 -71.608
656 -33.0566 -71.608
539 -33.0572 -71.608
719 -33.0564 -71.608
779 -33.0564 -71.608
96 -33.0563 -71.608
947 -33.0563 -71.608
709 -33.0559 -71.6079
634 -33.0553 -71.6081
956 -33.0553 -71.608
457 -33.0553 -71.608
807 -33.0552 -71.6081
119 -33.0552 -71.6081
231 -33.0552 -71.6081
823 -33.0552 -71.6081
799 -33.052 -71.608
548 -33.0559 -71.6079
522 -33.0559 -71.6079
665 -33.0559 -71.6079
828 -33.0555 -71.6079
425 -33.0555 -71.6079
481 -33.0555 -71.6079
178 -33.0555 -71.6079
379 -33.0572 -71.6075
241 -33.0564 -71.6074
329 -33.0564 -71.6074
342 -33.0563 -71.6073
518 -33.0562 -71.6076
804 -33.0561 -71.6075
596 -33.0562 -71.6074
312 -33.0563 -71.6072
164 -33.057 -71.6071
507 -33.0571 -71.6047
533 -33.0567 -71.6045
428 -33.0567 -71.6072
651 -33.0567 -71.6072
792 -33.0567 -71.6045
729 -33.0567 -71.6045
685 -33.0561 -71.6075
444 -33.0559 -71.6079
207 -33.0558 -71.6079
76 -33.0558 -71.6079
847 -33.0557 -71.6078
240 -33.0555 -71.6078
363 -33.0556 -71.6078
654 -33.0557 -71.6078
153 -33.0556 -71.6078
64 -33.0556 -71.6078
86 -33.056 -71.6076
899 -33.0544 -71.6053
248 -33.054 -71.6058
435 -33.0526 -71.6068
971 -33.054 -71.6059
