315 -33.0519 -71.6245
930 -33.0526 -71.6245
253 -33.0526 -71.6245
38 -33.0519 -71.6246
142 -33.0518 -71.625
115 -33.0518 -71.6249
497 -33.0518 -71.6249
266 -33.0525 -71.6245
880 -33.0531 -71.6238
177 -33.0527 -71.6238
487 -33.0524 -71.6236
260 -33.0523 -71.6235
327 -33.052 -71.6243
678 -33.0521 -71.6243
500 -33.052 -71.6234
85 -33.0518 -71.625
176 -33.0517 -71.6252
66 -33.0518 -71.6252
940 -33.0516 -71.6252
961 -33.0515 -71.6252
217 -33.0512 -71.6254
479 -33.0512 -71.6251
109 -33.0509 -71.6251
226 -33.0517 -71.6243
5 -33.0515 -71.6243
703 -33.0517 -71.6233
890 -33.0516 -71.6233
796 -33.0515 -71.6243
647 -33.0515 -71.6243
550 -33.0512 -71.6243
716 -33.051 -71.6234
694 -33.0511 -71.6233
210 -33.0529 -71.6223
377 -33.0529 -71.6223
179 -33.0524 -71.6223
69 -33.0521 -71.62
547 -33.0515 -71.6212
713 -33.0515 -71.621
775 -33.0514 -71.621
216 -33.0516 -71.62
542 -33.0521 -71.6199
373 -33.0518 -71.6199
301 -33.0521 -71.6198
816 -33.0517 -71.6194
587 -33.0517 -71.6199
881 -33.0517 -71.6194
376 -33.0517 -71.6193
919 -33.0514 -71.6202
901 -33.0512 -71.6231
355 -33.0513 -71.6203
456 -33.0514 -71.6203
799 -33.0512 -71.6231
313 -33.051 -71.6231
283 -33.051 -71.6229
440 -33.051 -71.6229
341 -33.0511 -71.6202
134 -33.0512 -71.6192
370 -33.0512 -71.6189
537 -33.0511 -71.6187
761 -33.051 -71.6202
838 -33.051 -71.6202
973 -33.0509 -71.6202
53 -33.0509 -71.6231
101 -33.0504 -71.6258
829 -33.0504 -71.6252
633 -33.0506 -71.6251
786 -33.0502 -71.6252
598 -33.0502 -71.6259
92 -33.0496 -71.6252
987 -33.0496 -71.6252
883 -33.0508 -71.6251
34 -33.0508 -71.625
935 -33.0507 -71.6248
697 -33.0507 -71.6243
732 -33.0504 -71.6243
493 -33.0497 -71.6243
589 -33.0496 -71.6243
979 -33.0499 -71.6243
852 -33.0493 -71.6222
710 -33.049 -71.6243
447 -33.0492 -71.6243
25 -33.0493 -71.6243
409 -33.049 -71.6253
629 -33.0484 -71.6253
999 -33.0487 -71.6229
859 -33.0488 -71.6227
206 -33.0488 -71.6226
597 -33.0492 -71.6223
144 -33.0493 -71.6223
632 -33.0492 -71.6219
250 -33.0492 -71.6219
412 -33.049 -71.6223
213 -33.0488 -71.6223
17 -33.0491 -71.6219
111 -33.0487 -71.6218
399 -33.0505 -71.6215
432 -33.0506 -71.6213
302 -33.0506 -71.6213
116 -33.0505 -71.6215
637 -33.0504 -71.621
956 -33.0502 -71.6205
680 -33.0503 -71.6204
425 -33.0499 -71.6202
74 -33.0497 -71.6201
891 -33.0496 -71.62
76 -33.0496 -71.6199
198 -33.0496 -71.6198
804 -33.0495 -71.6197
86 -33.0495 -71.6197
434 -33.0495 -71.6197
844 -33.0495 -71.6196
77 -33.0493 -71.6214
262 -33.0493 -71.6211
448 -33.0493 -71.621
831 -33.0493 -71.621
163 -33.0488 -71.6218
340 -33.0493 -71.621
687 -33.0493 -71.6209
701 -33.0484 -71.6208
234 -33.0494 -71.6208
656 -33.0494 -71.6191
760 -33.0494 -71.6189
323 -33.0494 -71.6206
166 -33.0494 -71.6205
401 -33.0493 -71.6204
361 -33.0498 -71.6187
869 -33.0524 -71.6186
560 -33.0529 -71.6182
774 -33.0528 -71.6182
646 -33.0522 -71.6185
57 -33.0519 -71.6185
668 -33.0519 -71.6185
413 -33.0515 -71.6184
475 -33.053 -71.6173
931 -33.052 -71.6162
936 -33.052 -71.6162
991 -33.0528 -71.6159
356 -33.0515 -71.6163
286 -33.0515 -71.6162
818 -33.0515 -71.616
943 -33.0514 -71.616
20 -33.0514 -71.6158
765 -33.0514 -71.6184
189 -33.0513 -71.6184
963 -33.0513 -71.6184
367 -33.0512 -71.6183
42 -33.0498 -71.6187
255 -33.0505 -71.6184
549 -33.0504 -71.6184
582 -33.0512 -71.6183
978 -33.0511 -71.6182
407 -33.0509 -71.6181
18 -33.0513 -71.6164
389 -33.0508 -71.6164
408 -33.0506 -71.618
426 -33.0497 -71.6166
743 -33.0507 -71.6164
251 -33.0497 -71.6158
945 -33.0529 -71.6157
118 -33.0529 -71.6156
872 -33.0528 -71.6153
976 -33.0528 -71.6153
842 -33.0519 -71.6156
297 -33.0524 -71.6156
482 -33.0527 -71.6152
561 -33.052 -71.6148
483 -33.0519 -71.6148
299 -33.0519 -71.6147
792 -33.052 -71.6147
531 -33.0518 -71.6148
501 -33.0518 -71.6147
124 -33.0517 -71.6146
578 -33.0517 -71.6146
2 -33.0516 -71.6139
640 -33.0514 -71.6157
464 -33.0514 -71.6156
950 -33.0513 -71.6156
608 -33.0513 -71.6156
476 -33.0498 -71.6158
822 -33.0502 -71.6157
450 -33.0501 -71.6157
60 -33.0511 -71.6156
507 -33.0516 -71.6145
242 -33.0515 -71.6141
737 -33.0516 -71.614
910 -33.0514 -71.6143
879 -33.051 -71.6156
268 -33.0506 -71.6154
955 -33.0496 -71.6161
428 -33.0494 -71.6187
539 -33.0494 -71.6186
379 -33.0493 -71.6184
524 -33.0491 -71.6182
698 -33.0489 -71.6176
754 -33.0489 -71.6176
443 -33.0488 -71.6172
570 -33.0489 -71.6171
689 -33.0493 -71.6165
442 -33.0491 -71.6165
146 -33.0491 -71.6165
580 -33.049 -71.6165
641 -33.0489 -71.617
150 -33.0489 -71.617
609 -33.049 -71.6168
841 -33.0488 -71.6179
246 -33.0486 -71.618
809 -33.0486 -71.6178
95 -33.0487 -71.6176
730 -33.0486 -71.6181
292 -33.0484 -71.6186
750 -33.0484 -71.6186
803 -33.0485 -71.6181
684 -33.0487 -71.6176
396 -33.0488 -71.6174
543 -33.0488 -71.6174
699 -33.0488 -71.6173
352 -33.0488 -71.6175
455 -33.0488 -71.6175
488 -33.0485 -71.6167
271 -33.049 -71.6165
602 -33.0495 -71.6163
279 -33.0495 -71.6162
123 -33.0496 -71.6162
107 -33.0495 -71.6163
269 -33.0494 -71.6164
693 -33.0494 -71.6164
520 -33.0494 -71.6164
726 -33.0496 -71.6161
257 -33.0494 -71.6146
295 -33.0495 -71.6142
375 -33.0495 -71.614
415 -33.0493 -71.6151
682 -33.0492 -71.6158
554 -33.0492 -71.6156
887 -33.0492 -71.6156
141 -33.0492 -71.6159
433 -33.0491 -71.6164
41 -33.0491 -71.6163
6 -33.0491 -71.6162
893 -33.0491 -71.6165
391 -33.0491 -71.6164
959 -33.0491 -71.6164
953 -33.0486 -71.6164
184 -33.0491 -71.616
871 -33.0491 -71.616
921 -33.0492 -71.616
731 -33.0484 -71.6141
267 -33.0484 -71.6143
998 -33.0484 -71.6144
160 -33.0484 -71.6143
649 -33.0484 -71.6144
849 -33.0482 -71.6253
36 -33.0473 -71.6229
868 -33.0473 -71.6228
735 -33.0472 -71.6251
360 -33.0469 -71.6249
263 -33.047 -71.6228
897 -33.047 -71.6228
529 -33.0472 -71.6228
660 -33.0473 -71.6228
631 -33.0474 -71.6227
854 -33.0474 -71.6226
692 -33.0473 -71.6228
130 -33.047 -71.6228
394 -33.0472 -71.6228
900 -33.0472 -71.6228
318 -33.0469 -71.6228
696 -33.0466 -71.6257
802 -33.0465 -71.6257
322 -33.0465 -71.6257
277 -33.0465 -71.6257
938 -33.0464 -71.6257
205 -33.0464 -71.6256
820 -33.0464 -71.6256
516 -33.0466 -71.6255
222 -33.0465 -71.6255
983 -33.0468 -71.6229
453 -33.0468 -71.6228
889 -33.0465 -71.6229
718 -33.0465 -71.6252
80 -33.0464 -71.6249
485 -33.0464 -71.6249
834 -33.0474 -71.6226
374 -33.0481 -71.6214
337 -33.0483 -71.6209
457 -33.0483 -71.6206
780 -33.048 -71.6212
586 -33.0474 -71.6225
191 -33.0474 -71.6225
828 -33.0474 -71.6206
783 -33.0483 -71.6205
481 -33.0482 -71.6205
363 -33.0482 -71.6204
430 -33.0482 -71.6204
27 -33.0476 -71.6202
240 -33.0475 -71.6204
64 -33.0475 -71.6203
93 -33.0476 -71.6202
612 -33.0474 -71.6221
884 -33.0474 -71.6221
688 -33.0473 -71.6219
462 -33.0473 -71.6219
0 -33.0472 -71.6213
195 -33.0472 -71.6215
572 -33.0464 -71.621
13 -33.0464 -71.621
31 -33.0464 -71.6209
728 -33.0466 -71.6203
727 -33.0472 -71.6202
614 -33.0472 -71.6202
538 -33.0465 -71.6206
574 -33.0465 -71.6207
648 -33.0465 -71.6206
139 -33.0463 -71.6256
764 -33.0463 -71.6247
509 -33.0462 -71.6247
583 -33.0462 -71.6247
911 -33.0462 -71.6246
939 -33.046 -71.6245
9 -33.046 -71.6244
55 -33.0459 -71.6243
755 -33.0459 -71.6242
484 -33.0463 -71.6241
383 -33.046 -71.6231
605 -33.0462 -71.623
708 -33.0458 -71.6236
722 -33.0457 -71.6241
152 -33.0457 -71.624
511 -33.0457 -71.6239
530 -33.0456 -71.624
88 -33.0437 -71.6244
643 -33.044 -71.6242
827 -33.0442 -71.6241
982 -33.0434 -71.6248
220 -33.0433 -71.6251
784 -33.0433 -71.6251
988 -33.0434 -71.6249
427 -33.0442 -71.6241
972 -33.045 -71.6234
635 -33.045 -71.6234
933 -33.0453 -71.6228
793 -33.0449 -71.6235
644 -33.0444 -71.624
724 -33.0446 -71.6238
348 -33.0453 -71.6227
855 -33.046 -71.6218
314 -33.046 -71.6218
519 -33.0462 -71.6214
435 -33.0459 -71.622
573 -33.0457 -71.6222
862 -33.0458 -71.6221
941 -33.0458 -71.6221
904 -33.0463 -71.6212
106 -33.0463 -71.6203
850 -33.0463 -71.6203
515 -33.0461 -71.6202
851 -33.046 -71.6202
84 -33.0456 -71.6206
712 -33.0457 -71.6205
778 -33.0457 -71.6204
170 -33.0456 -71.6224
81 -33.0453 -71.6227
639 -33.0454 -71.6226
113 -33.0455 -71.6225
48 -33.0452 -71.6227
794 -33.0452 -71.6227
553 -33.0452 -71.6227
157 -33.0451 -71.6227
610 -33.0445 -71.6222
604 -33.0449 -71.6208
333 -33.045 -71.6205
10 -33.0452 -71.6204
155 -33.0449 -71.6208
968 -33.0445 -71.6222
763 -33.0448 -71.6209
273 -33.0459 -71.6202
654 -33.048 -71.6201
787 -33.048 -71.6193
258 -33.0481 -71.6192
495 -33.0479 -71.6195
548 -33.0479 -71.62
709 -33.0479 -71.62
329 -33.0479 -71.6195
721 -33.0481 -71.6191
992 -33.0483 -71.6189
164 -33.0483 -71.6188
254 -33.0483 -71.6187
767 -33.0483 -71.6189
864 -33.0481 -71.6191
180 -33.0482 -71.6191
812 -33.0482 -71.619
522 -33.0478 -71.62
207 -33.0478 -71.6199
518 -33.0477 -71.6198
565 -33.0478 -71.6198
431 -33.0477 -71.6199
278 -33.0476 -71.6202
830 -33.0468 -71.62
665 -33.0477 -71.62
178 -33.0468 -71.6196
444 -33.047 -71.6191
685 -33.0471 -71.6188
947 -33.0471 -71.6186
847 -33.0469 -71.6193
153 -33.0468 -71.6195
345 -33.0469 -71.6194
683 -33.0469 -71.6194
920 -33.0472 -71.6185
817 -33.0475 -71.6175
466 -33.0475 -71.6172
336 -33.0476 -71.6172
439 -33.0474 -71.6178
805 -33.0473 -71.618
465 -33.0474 -71.6179
932 -33.0474 -71.6178
974 -33.0476 -71.6171
819 -33.0483 -71.6163
290 -33.0483 -71.6163
67 -33.0483 -71.6147
445 -33.0481 -71.6155
546 -33.0473 -71.6162
801 -33.0479 -71.6162
777 -33.0479 -71.6162
651 -33.0473 -71.6182
779 -33.0472 -71.6185
342 -33.0472 -71.6184
860 -33.0472 -71.6183
320 -33.0471 -71.6184
117 -33.0471 -71.6161
892 -33.0468 -71.6161
131 -33.0471 -71.6152
594 -33.0471 -71.6148
661 -33.047 -71.6148
334 -33.0471 -71.6145
965 -33.0472 -71.6141
372 -33.0469 -71.6147
114 -33.0469 -71.6147
926 -33.0468 -71.6147
807 -33.0467 -71.6199
418 -33.0467 -71.62
496 -33.0467 -71.62
231 -33.0467 -71.62
971 -33.0467 -71.62
174 -33.0459 -71.6201
504 -33.0465 -71.6194
44 -33.0462 -71.6193
304 -33.0461 -71.6192
58 -33.0467 -71.6171
638 -33.0467 -71.6171
894 -33.0466 -71.6171
719 -33.0465 -71.617
596 -33.0464 -71.617
795 -33.0463 -71.617
756 -33.0458 -71.6169
899 -33.0458 -71.6169
218 -33.0457 -71.6201
541 -33.0455 -71.62
436 -33.0455 -71.62
165 -33.0452 -71.6199
50 -33.0452 -71.6199
239 -33.0451 -71.6199
949 -33.045 -71.6198
140 -33.0449 -71.6198
364 -33.0454 -71.619
652 -33.0454 -71.619
248 -33.0454 -71.6175
960 -33.0452 -71.619
853 -33.0449 -71.6198
416 -33.0449 -71.6198
393 -33.0457 -71.6169
908 -33.0467 -71.6161
545 -33.0466 -71.6161
451 -33.0466 -71.6147
946 -33.0465 -71.616
317 -33.0464 -71.616
666 -33.046 -71.616
96 -33.0458 -71.616
599 -33.0466 -71.6147
729 -33.0466 -71.6147
655 -33.0465 -71.6147
835 -33.0464 -71.6147
942 -33.0462 -71.6147
201 -33.0462 -71.6147
392 -33.0461 -71.6146
338 -33.046 -71.6146
766 -33.0457 -71.6146
128 -33.0455 -71.6169
148 -33.0454 -71.616
385 -33.0453 -71.616
119 -33.0451 -71.6168
823 -33.0451 -71.6168
758 -33.045 -71.6168
590 -33.045 -71.6168
133 -33.0451 -71.6159
526 -33.0455 -71.6145
588 -33.0452 -71.6145
312 -33.0449 -71.6145
241 -33.0448 -71.6145
75 -33.0446 -71.6159
634 -33.0445 -71.6159
948 -33.053 -71.6139
675 -33.0518 -71.6136
782 -33.0519 -71.6135
556 -33.0518 -71.6135
811 -33.0518 -71.6136
276 -33.0516 -71.6137
120 -33.0517 -71.6136
390 -33.0517 -71.6136
994 -33.052 -71.6133
810 -33.052 -71.6118
772 -33.052 -71.6118
132 -33.0521 -71.6118
505 -33.0518 -71.6132
192 -33.0518 -71.6132
19 -33.0518 -71.612
790 -33.0515 -71.612
326 -33.0515 -71.612
298 -33.0513 -71.6131
874 -33.0513 -71.6131
866 -33.0512 -71.6131
686 -33.0507 -71.6131
238 -33.0506 -71.6131
26 -33.0504 -71.613
127 -33.0503 -71.613
463 -33.0511 -71.6123
414 -33.0512 -71.6119
420 -33.0512 -71.6119
43 -33.0512 -71.6119
576 -33.0512 -71.612
747 -33.0512 -71.6121
72 -33.0512 -71.6121
521 -33.0512 -71.612
592 -33.0522 -71.6117
873 -33.0526 -71.6116
970 -33.0529 -71.6116
98 -33.053 -71.6116
83 -33.0525 -71.6117
922 -33.0523 -71.6117
917 -33.0515 -71.6114
523 -33.0512 -71.6114
354 -33.0526 -71.6102
579 -33.0523 -71.6098
368 -33.0522 -71.6096
467 -33.052 -71.6093
525 -33.0518 -71.6093
636 -33.0511 -71.61
469 -33.0512 -71.6099
591 -33.0512 -71.6099
513 -33.0511 -71.61
569 -33.0507 -71.6113
402 -33.0509 -71.6102
52 -33.0509 -71.6102
225 -33.0506 -71.6102
305 -33.0504 -71.6113
962 -33.0502 -71.6113
46 -33.0502 -71.6101
857 -33.0502 -71.6101
400 -33.051 -71.6101
307 -33.0511 -71.61
274 -33.0504 -71.6092
35 -33.0502 -71.6101
937 -33.0502 -71.6101
190 -33.0502 -71.6092
422 -33.0502 -71.6102
51 -33.0499 -71.613
642 -33.0499 -71.6129
958 -33.0498 -71.6129
704 -33.0497 -71.6129
349 -33.0496 -71.6133
669 -33.0496 -71.6132
856 -33.0497 -71.6131
671 -33.0497 -71.6128
923 -33.0499 -71.6119
32 -33.0499 -71.6119
746 -33.05 -71.6115
626 -33.0499 -71.612
316 -33.0498 -71.6123
158 -33.0498 -71.6122
137 -33.0498 -71.6122
284 -33.0496 -71.6134
321 -33.0496 -71.6137
480 -33.0496 -71.6137
882 -33.0496 -71.6135
762 -33.0496 -71.6137
319 -33.0495 -71.6138
229 -33.0495 -71.6138
199 -33.0496 -71.6137
97 -33.0487 -71.6129
187 -33.0496 -71.6129
182 -33.0489 -71.6121
398 -33.049 -71.6117
404 -33.0489 -71.6121
351 -33.0489 -71.6129
14 -33.0488 -71.6129
622 -33.05 -71.6113
378 -33.0501 -71.6108
954 -33.0501 -71.6107
769 -33.0501 -71.6107
825 -33.0501 -71.6109
94 -33.0499 -71.6113
110 -33.0498 -71.6113
470 -33.05 -71.6111
662 -33.0501 -71.6106
555 -33.0502 -71.6103
472 -33.0502 -71.6102
773 -33.0502 -71.6101
944 -33.0502 -71.6103
219 -33.0501 -71.6105
740 -33.0499 -71.6091
282 -33.0498 -71.6091
674 -33.0495 -71.6099
733 -33.0495 -71.6112
173 -33.0494 -71.6112
840 -33.0493 -71.6112
846 -33.0491 -71.6112
214 -33.0491 -71.6112
571 -33.0491 -71.6112
167 -33.0489 -71.6112
145 -33.0489 -71.6112
261 -33.0494 -71.6099
843 -33.0495 -71.6099
984 -33.0495 -71.6098
29 -33.0489 -71.6112
981 -33.0489 -71.6112
15 -33.0487 -71.6112
535 -33.0504 -71.6091
677 -33.0522 -71.6084
291 -33.0522 -71.6083
528 -33.0526 -71.6082
925 -33.052 -71.6091
619 -33.0518 -71.6091
259 -33.0517 -71.609
331 -33.0518 -71.6081
474 -33.0522 -71.6081
300 -33.0523 -71.6081
748 -33.0523 -71.6081
175 -33.0522 -71.6075
808 -33.0521 -71.6081
281 -33.0518 -71.6081
491 -33.0518 -71.6076
63 -33.0517 -71.6076
886 -33.0517 -71.6075
237 -33.0516 -71.6089
967 -33.0515 -71.6089
154 -33.0515 -71.6088
384 -33.0512 -71.6086
563 -33.0512 -71.6086
366 -33.051 -71.6086
209 -33.051 -71.6086
627 -33.0509 -71.6085
419 -33.0516 -71.6082
112 -33.0516 -71.6075
876 -33.0514 -71.6075
927 -33.0513 -71.6075
672 -33.051 -71.6085
196 -33.0511 -71.6085
751 -33.0513 -71.6082
768 -33.0522 -71.6075
280 -33.0521 -71.6071
159 -33.052 -71.607
606 -33.052 -71.6069
679 -33.052 -71.6068
903 -33.0519 -71.6067
311 -33.0518 -71.6065
303 -33.0518 -71.6064
581 -33.0518 -71.6064
332 -33.0517 -71.6061
147 -33.0517 -71.6051
441 -33.0526 -71.605
499 -33.0516 -71.606
79 -33.0516 -71.606
40 -33.0516 -71.6059
870 -33.0516 -71.6052
506 -33.0515 -71.606
558 -33.0513 -71.6067
929 -33.0513 -71.6059
461 -33.0515 -71.6058
411 -33.0513 -71.6059
129 -33.0511 -71.6067
221 -33.051 -71.6063
212 -33.051 -71.6058
705 -33.0509 -71.6058
527 -33.0515 -71.6057
223 -33.0514 -71.6055
473 -33.0513 -71.6054
858 -33.0512 -71.6052
551 -33.051 -71.6051
90 -33.051 -71.6051
335 -33.0509 -71.6067
977 -33.0509 -71.6085
362 -33.0508 -71.6085
454 -33.0508 -71.6085
452 -33.0507 -71.6085
613 -33.0504 -71.609
61 -33.0503 -71.6085
12 -33.0503 -71.6085
912 -33.05 -71.6084
934 -33.0508 -71.6074
512 -33.0507 -71.6073
11 -33.0506 -71.6073
510 -33.0506 -71.6073
797 -33.0506 -71.6073
296 -33.0505 -71.6073
848 -33.0505 -71.6073
438 -33.0498 -71.6072
676 -33.0498 -71.6084
424 -33.0497 -71.6084
888 -33.0496 -71.6084
723 -33.0495 -71.6091
503 -33.049 -71.6091
7 -33.0494 -71.6083
833 -33.0493 -71.6083
478 -33.0492 -71.6083
138 -33.0495 -71.6071
228 -33.049 -71.607
753 -33.049 -71.607
49 -33.0488 -71.6083
715 -33.0488 -71.6083
62 -33.0488 -71.6069
350 -33.0488 -71.6069
657 -33.0509 -71.6067
645 -33.0507 -71.6057
168 -33.0507 -71.6057
700 -33.0507 -71.6066
285 -33.0507 -71.6066
477 -33.0505 -71.6066
918 -33.0503 -71.6056
878 -33.0502 -71.6055
980 -33.0506 -71.605
924 -33.0506 -71.605
489 -33.0505 -71.6049
156 -33.0503 -71.6048
540 -33.0503 -71.6048
73 -33.0501 -71.6047
557 -33.05 -71.6046
458 -33.05 -71.6055
664 -33.0499 -71.6054
593 -33.0498 -71.6054
78 -33.0497 -71.6054
421 -33.0496 -71.6054
227 -33.0495 -71.6053
381 -33.0495 -71.6053
532 -33.0494 -71.6053
502 -33.0487 -71.6045
706 -33.0496 -71.6043
620 -33.0489 -71.6036
169 -33.0489 -71.6035
752 -33.0487 -71.6044
181 -33.0486 -71.6044
966 -33.0486 -71.6043
603 -33.0486 -71.6098
745 -33.0485 -71.6138
252 -33.0485 -71.6138
577 -33.0485 -71.6137
197 -33.0484 -71.6129
310 -33.0476 -71.6131
776 -33.0477 -71.613
272 -33.0477 -71.6129
405 -33.0484 -71.6129
105 -33.0484 -71.6129
907 -33.0483 -71.6129
916 -33.0482 -71.6128
387 -33.048 -71.6128
446 -33.0478 -71.6129
23 -33.0479 -71.6128
423 -33.0476 -71.6127
403 -33.0476 -71.6127
986 -33.0474 -71.6134
410 -33.0474 -71.6134
143 -33.0476 -71.6133
309 -33.0474 -71.6138
567 -33.0471 -71.6133
759 -33.0471 -71.6133
616 -33.047 -71.6133
386 -33.0476 -71.6133
781 -33.0469 -71.6133
552 -33.0468 -71.6133
806 -33.0476 -71.6132
208 -33.0468 -71.6133
202 -33.0467 -71.6132
615 -33.0467 -71.6132
104 -33.0466 -71.6132
245 -33.0474 -71.6127
741 -33.0485 -71.6111
236 -33.0485 -71.6111
832 -33.0484 -71.6111
294 -33.0482 -71.6114
813 -33.0478 -71.6126
371 -33.0478 -71.6125
997 -33.048 -71.6118
909 -33.0484 -71.6111
952 -33.0486 -71.6098
468 -33.0485 -71.6098
126 -33.0484 -71.6098
757 -33.0481 -71.6098
789 -33.048 -71.6111
736 -33.0479 -71.6111
357 -33.0478 -71.6111
230 -33.0476 -71.611
247 -33.0473 -71.6127
691 -33.0473 -71.6127
359 -33.047 -71.6127
171 -33.0468 -71.6126
151 -33.0468 -71.6126
102 -33.0467 -71.6126
108 -33.0466 -71.6126
711 -33.0466 -71.6125
611 -33.0473 -71.6119
347 -33.0474 -71.611
670 -33.0472 -71.611
742 -33.0472 -71.611
905 -33.0468 -71.6109
397 -33.0466 -71.6109
200 -33.0465 -71.6125
837 -33.0464 -71.6132
630 -33.0462 -71.6131
725 -33.0461 -71.6131
584 -33.0461 -71.6131
877 -33.046 -71.6131
330 -33.0458 -71.6131
517 -33.0456 -71.613
744 -33.0456 -71.613
70 -33.0462 -71.6124
490 -33.0462 -71.6124
37 -33.046 -71.6124
135 -33.046 -71.6124
87 -33.0459 -71.6123
45 -33.0458 -71.6123
265 -33.0458 -71.6123
969 -33.0455 -71.613
898 -33.0454 -71.613
739 -33.0453 -71.613
902 -33.0453 -71.613
915 -33.0451 -71.6129
749 -33.0448 -71.6129
996 -33.0448 -71.6129
964 -33.0441 -71.6123
985 -33.0442 -71.6123
585 -33.0455 -71.6122
100 -33.045 -71.6121
621 -33.0446 -71.612
659 -33.0443 -71.612
186 -33.0443 -71.612
24 -33.0442 -71.612
798 -33.0445 -71.6115
720 -33.0464 -71.6109
875 -33.0462 -71.6108
264 -33.0461 -71.6108
667 -33.0459 -71.6108
275 -33.0449 -71.6108
289 -33.0458 -71.6108
449 -33.0449 -71.6108
39 -33.0447 -71.6103
193 -33.0458 -71.6098
121 -33.0448 -71.6098
215 -33.0464 -71.6098
650 -33.0448 -71.6098
995 -33.0447 -71.6102
47 -33.0447 -71.6101
28 -33.0447 -71.61
344 -33.0447 -71.6106
824 -33.0447 -71.6109
663 -33.0447 -71.6106
928 -33.0446 -71.6105
459 -33.0446 -71.6105
486 -33.0445 -71.6113
814 -33.0446 -71.6112
494 -33.0446 -71.6105
3 -33.0446 -71.6103
702 -33.0445 -71.6102
249 -33.0445 -71.6102
865 -33.0445 -71.6099
33 -33.0444 -71.6101
288 -33.0444 -71.6101
4 -33.0443 -71.61
22 -33.0483 -71.6098
681 -33.0483 -71.6098
575 -33.0483 -71.6098
183 -33.0482 -71.6091
653 -33.048 -71.6098
990 -33.0479 -71.6098
885 -33.0478 -71.6098
861 -33.0476 -71.6098
211 -33.0479 -71.6091
601 -33.0485 -71.6082
256 -33.0485 -71.6082
595 -33.0484 -71.6082
224 -33.0484 -71.6082
324 -33.0477 -71.6091
785 -33.0476 -71.609
600 -33.0477 -71.6082
343 -33.0476 -71.6082
845 -33.0475 -71.6098
243 -33.0475 -71.6098
821 -33.0475 -71.609
16 -33.0475 -71.6098
395 -33.0469 -71.6098
172 -33.0474 -71.6098
406 -33.047 -71.609
204 -33.0475 -71.6082
328 -33.0475 -71.6082
836 -33.0475 -71.6082
714 -33.0474 -71.6082
136 -33.0474 -71.6082
734 -33.0473 -71.6082
951 -33.0473 -71.6082
771 -33.0469 -71.6081
607 -33.0469 -71.6081
89 -33.0483 -71.6081
471 -33.0478 -71.6067
690 -33.0482 -71.6066
863 -33.0477 -71.6075
56 -33.0476 -71.6067
460 -33.0476 -71.6067
369 -33.0477 -71.6067
815 -33.0485 -71.6041
673 -33.0484 -71.6039
382 -33.0484 -71.6039
770 -33.0483 -71.6038
293 -33.0483 -71.6038
99 -33.0481 -71.6039
788 -33.0482 -71.6039
244 -33.048 -71.6031
498 -33.0474 -71.6071
233 -33.0474 -71.6068
957 -33.0474 -71.6068
624 -33.0474 -71.6068
365 -33.0474 -71.6067
185 -33.0471 -71.6068
437 -33.0473 -71.6068
325 -33.0473 -71.6064
91 -33.0472 -71.6059
287 -33.0472 -71.6058
536 -33.047 -71.6047
1 -33.047 -71.6046
564 -33.047 -71.6043
358 -33.0469 -71.6044
122 -33.047 -71.604
65 -33.0468 -71.6044
235 -33.0468 -71.6081
68 -33.0467 -71.6081
417 -33.0467 -71.6081
8 -33.0467 -71.6098
707 -33.0466 -71.609
623 -33.046 -71.6089
125 -33.0466 -71.6081
306 -33.0465 -71.6081
82 -33.0465 -71.6081
71 -33.0465 -71.6081
738 -33.0465 -71.6081
975 -33.0462 -71.607
544 -33.046 -71.6081
839 -33.0459 -71.6071
339 -33.046 -71.6071
562 -33.0458 -71.608
625 -33.0458 -71.608
867 -33.0454 -71.608
566 -33.045 -71.608
429 -33.0447 -71.608
695 -33.0442 -71.6093
353 -33.0442 -71.6092
54 -33.0441 -71.6089
270 -33.0449 -71.6078
149 -33.0455 -71.6071
895 -33.0456 -71.607
308 -33.0456 -71.607
194 -33.0454 -71.6071
914 -33.0446 -71.6078
21 -33.0453 -71.6071
203 -33.0463 -71.607
658 -33.0466 -71.6069
103 -33.0466 -71.6069
534 -33.0466 -71.6069
993 -33.0465 -71.607
232 -33.0463 -71.6067
791 -33.0463 -71.6066
906 -33.0462 -71.6059
508 -33.0462 -71.6058
913 -33.0463 -71.6046
628 -33.0464 -71.6045
388 -33.0466 -71.6045
30 -33.0463 -71.6042
896 -33.0459 -71.6048
826 -33.0461 -71.6047
492 -33.0462 -71.6043
800 -33.0459 -71.6044
161 -33.0456 -71.6069
989 -33.0456 -71.6069
617 -33.0456 -71.6065
717 -33.0455 -71.6062
59 -33.0445 -71.6069
380 -33.0444 -71.6068
618 -33.0444 -71.6066
162 -33.0436 -71.6062
568 -33.0454 -71.6057
188 -33.0454 -71.6057
514 -33.0456 -71.6046
346 -33.0453 -71.6052
533 -33.043 -71.6062
559 -33.0451 -71.6047
