549 -33.0588 -71.6169
978 -33.0597 -71.6166
475 -33.0616 -71.6158
367 -33.0583 -71.6158
754 -33.0578 -71.6178
698 -33.0578 -71.6178
301 -33.0581 -71.6176
619 -33.0578 -71.6158
686 -33.0585 -71.6154
467 -33.0584 -71.6151
127 -33.0583 -71.6151
189 -33.0583 -71.6158
450 -33.0581 -71.615
407 -33.058 -71.615
582 -33.0582 -71.6149
537 -33.0577 -71.6149
456 -33.0573 -71.6183
271 -33.0574 -71.6182
809 -33.0575 -71.6181
803 -33.0572 -71.6183
838 -33.0568 -71.6183
198 -33.0568 -71.6183
290 -33.0567 -71.6183
760 -33.0575 -71.6181
455 -33.0576 -71.618
154 -33.0576 -71.6154
251 -33.0577 -71.6149
408 -33.0576 -71.6149
907 -33.0568 -71.617
370 -33.0576 -71.6149
962 -33.0575 -71.6149
726 -33.0575 -71.6149
57 -33.0589 -71.6147
994 -33.0595 -71.6146
483 -33.0598 -71.6146
413 -33.0586 -71.6147
279 -33.0574 -71.6149
123 -33.0574 -71.6149
955 -33.0574 -71.6146
286 -33.0591 -71.6145
60 -33.0592 -71.6143
945 -33.0603 -71.6143
869 -33.0593 -71.6142
879 -33.0592 -71.6144
646 -33.0591 -71.6145
818 -33.0591 -71.6144
476 -33.0574 -71.6143
255 -33.0573 -71.6149
107 -33.0572 -71.6148
693 -33.0572 -71.6148
602 -33.0572 -71.6148
520 -33.0572 -71.6148
762 -33.0571 -71.6148
269 -33.0571 -71.6148
376 -33.057 -71.6148
636 -33.0573 -71.6148
881 -33.0569 -71.6147
816 -33.0568 -71.6147
134 -33.0568 -71.6147
442 -33.0568 -71.6147
146 -33.0568 -71.6147
580 -33.0568 -71.6147
767 -33.0566 -71.6182
466 -33.0564 -71.6181
446 -33.0565 -71.6167
423 -33.0563 -71.6166
403 -33.0563 -71.6166
179 -33.0561 -71.618
166 -33.056 -71.618
495 -33.0559 -71.618
775 -33.0558 -71.6164
761 -33.056 -71.6162
434 -33.056 -71.6162
145 -33.0562 -71.6162
844 -33.0559 -71.6163
377 -33.0558 -71.6164
713 -33.0559 -71.6163
973 -33.0559 -71.6163
891 -33.0557 -71.6165
448 -33.0556 -71.6179
431 -33.0555 -71.6179
262 -33.0553 -71.6179
340 -33.0553 -71.6177
849 -33.0551 -71.6212
177 -33.0551 -71.6178
399 -33.0553 -71.6177
116 -33.0553 -71.6177
323 -33.0555 -71.6172
547 -33.0557 -71.6166
210 -33.0557 -71.6165
880 -33.0554 -71.6174
908 -33.0552 -71.6176
831 -33.0554 -71.6175
687 -33.0554 -71.6174
341 -33.056 -71.6162
355 -33.0562 -71.616
730 -33.0562 -71.616
919 -33.0561 -71.6158
488 -33.0561 -71.6152
546 -33.056 -71.616
216 -33.056 -71.6156
819 -33.0561 -71.6152
69 -33.0562 -71.6151
150 -33.0564 -71.615
405 -33.0565 -71.615
105 -33.0565 -71.6149
542 -33.0564 -71.615
641 -33.0563 -71.6151
361 -33.0563 -71.6151
42 -33.0563 -71.6151
171 -33.056 -71.6158
254 -33.0559 -71.6159
117 -33.0558 -71.6159
292 -33.0558 -71.6159
992 -33.0556 -71.6159
812 -33.0556 -71.6159
892 -33.0555 -71.6159
721 -33.0554 -71.6158
864 -33.0553 -71.6158
711 -33.0557 -71.6157
587 -33.056 -71.6155
373 -33.0559 -71.6153
611 -33.0557 -71.6157
545 -33.0553 -71.6158
787 -33.0552 -71.6158
948 -33.0582 -71.6142
774 -33.0597 -71.6138
531 -33.0597 -71.6138
501 -33.0597 -71.6138
640 -33.0593 -71.6142
608 -33.0593 -71.6142
950 -33.0589 -71.6137
464 -33.0591 -71.6136
561 -33.0599 -71.6135
297 -33.06 -71.6134
20 -33.0588 -71.6133
354 -33.0603 -71.613
124 -33.0588 -71.613
51 -33.0586 -71.613
642 -33.0586 -71.613
209 -33.0587 -71.613
751 -33.0586 -71.613
175 -33.0579 -71.6139
668 -33.0581 -71.6136
521 -33.0583 -71.6134
765 -33.0579 -71.6139
963 -33.0577 -71.6139
18 -33.0578 -71.6139
591 -33.0576 -71.6134
452 -33.0583 -71.613
627 -33.0585 -71.613
307 -33.0585 -71.613
366 -33.0586 -71.613
958 -33.0585 -71.613
733 -33.0581 -71.613
402 -33.0584 -71.613
52 -33.0584 -71.613
12 -33.0579 -71.6129
976 -33.0606 -71.6127
482 -33.0606 -71.6127
747 -33.0606 -71.6127
917 -33.0603 -71.6128
523 -33.0598 -71.6128
414 -33.06 -71.6128
579 -33.0602 -71.6128
576 -33.0607 -71.6126
420 -33.0608 -71.6125
326 -33.061 -71.6124
790 -33.0611 -71.6123
43 -33.0607 -71.6126
118 -33.0607 -71.6126
991 -33.0595 -71.6125
368 -33.0595 -71.6122
19 -33.0594 -71.6129
305 -33.0591 -71.6129
237 -33.0592 -71.6129
967 -33.0593 -71.6129
480 -33.0578 -71.6129
927 -33.0578 -71.6129
35 -33.0577 -71.6129
214 -33.0576 -71.6129
679 -33.0576 -71.6129
238 -33.0593 -71.6129
563 -33.0583 -71.6124
560 -33.0586 -71.6124
842 -33.0583 -71.6126
351 -33.0576 -71.6129
872 -33.0583 -71.6127
173 -33.0576 -71.6129
389 -33.0575 -71.6141
61 -33.0575 -71.6141
822 -33.0576 -71.6139
773 -33.0574 -71.6138
743 -33.0574 -71.6142
571 -33.0574 -71.6138
274 -33.0573 -71.6137
424 -33.0571 -71.6135
14 -33.0575 -71.6129
29 -33.0575 -71.6128
15 -33.0574 -71.6128
676 -33.0573 -71.6128
295 -33.0573 -71.6128
303 -33.0573 -71.6128
197 -33.0572 -71.6127
909 -33.0571 -71.6127
512 -33.0569 -71.6134
7 -33.0568 -71.6134
797 -33.0567 -71.6133
40 -33.0566 -71.6133
506 -33.0566 -71.6132
89 -33.0557 -71.6131
551 -33.0557 -71.6131
212 -33.056 -71.6131
49 -33.0563 -71.6131
674 -33.057 -71.6127
848 -33.057 -71.6127
228 -33.0553 -71.6131
600 -33.0552 -71.6131
885 -33.0552 -71.6131
916 -33.0569 -71.6126
387 -33.0568 -71.6126
23 -33.0568 -71.6126
789 -33.0568 -71.6126
577 -33.0567 -71.6125
252 -33.0567 -71.6125
272 -33.0565 -71.6124
310 -33.0563 -71.6124
160 -33.0563 -71.6124
998 -33.0562 -71.6124
649 -33.0562 -71.6124
601 -33.0561 -71.6123
347 -33.0561 -71.6123
603 -33.056 -71.6123
224 -33.056 -71.6123
386 -33.056 -71.6123
986 -33.056 -71.6123
108 -33.0554 -71.6124
905 -33.0555 -71.6124
102 -33.0555 -71.6124
208 -33.0553 -71.6124
200 -33.0552 -71.6124
202 -33.0552 -71.6124
863 -33.0551 -71.6124
759 -33.0556 -71.6123
742 -33.0559 -71.6123
645 -33.0559 -71.6123
575 -33.0558 -71.6123
309 -33.0557 -71.6123
151 -33.0556 -71.6123
22 -33.0557 -71.6123
930 -33.0551 -71.6179
629 -33.0551 -71.6209
409 -33.0548 -71.6204
226 -33.0547 -71.6189
5 -33.0547 -71.6189
890 -33.0547 -71.6189
497 -33.0547 -71.6189
115 -33.0546 -71.6189
647 -33.0546 -71.6189
38 -33.0548 -71.6188
327 -33.0548 -71.6186
500 -33.0548 -71.6186
315 -33.0548 -71.6188
796 -33.0546 -71.6189
85 -33.0545 -71.6189
703 -33.0548 -71.6189
142 -33.0545 -71.6189
710 -33.0543 -71.62
92 -33.0542 -71.62
550 -33.0544 -71.6189
987 -33.0541 -71.6199
25 -33.0541 -71.6199
598 -33.0538 -71.6197
589 -33.0537 -71.6197
66 -33.0543 -71.6189
176 -33.0542 -71.6189
940 -33.0542 -71.6189
313 -33.054 -71.6189
961 -33.0539 -71.6188
53 -33.0539 -71.6188
697 -33.0537 -71.6188
479 -33.0537 -71.6188
859 -33.0537 -71.6184
17 -33.0549 -71.6183
260 -33.0549 -71.6183
250 -33.0549 -71.6183
393 -33.0549 -71.6184
678 -33.0549 -71.6184
128 -33.0547 -71.6184
163 -33.0547 -71.6184
632 -33.055 -71.6182
266 -33.055 -71.6179
253 -33.055 -71.6179
946 -33.055 -71.6175
487 -33.055 -71.6181
727 -33.055 -71.6181
614 -33.055 -71.6181
565 -33.0547 -71.6157
852 -33.0547 -71.6184
504 -33.0546 -71.6184
830 -33.0546 -71.6184
860 -33.0547 -71.6157
111 -33.0546 -71.6184
412 -33.0541 -71.6184
597 -33.0544 -71.6184
144 -33.0545 -71.6184
320 -33.0546 -71.6157
795 -33.0544 -71.6157
93 -33.0542 -71.6157
148 -33.0541 -71.6156
430 -33.0541 -71.6156
756 -33.054 -71.6156
385 -33.054 -71.6156
786 -33.0537 -71.6196
829 -33.0536 -71.6196
109 -33.0535 -71.6189
217 -33.0536 -71.6188
883 -33.0535 -71.6191
979 -33.0535 -71.6195
130 -33.0532 -71.6188
165 -33.0532 -71.6188
983 -33.0528 -71.6187
904 -33.0535 -71.6186
364 -33.0535 -71.6186
999 -33.0536 -71.6185
10 -33.0528 -71.6187
949 -33.0527 -71.6187
708 -33.0516 -71.6184
511 -33.0514 -71.6184
427 -33.0506 -71.618
101 -33.0491 -71.6182
509 -33.0504 -71.6179
516 -33.0497 -71.6177
277 -33.049 -71.6168
205 -33.0489 -71.6169
820 -33.049 -71.6168
938 -33.049 -71.6168
139 -33.049 -71.6168
696 -33.049 -71.6166
988 -33.049 -71.6166
222 -33.0491 -71.6165
735 -33.049 -71.6166
802 -33.049 -71.6168
322 -33.049 -71.6167
633 -33.0491 -71.6164
884 -33.0528 -71.6159
688 -33.0529 -71.6158
850 -33.0529 -71.6157
572 -33.0527 -71.6159
13 -33.0527 -71.6159
191 -33.0526 -71.6158
174 -33.0525 -71.6158
652 -33.0525 -71.6157
273 -33.0525 -71.6157
574 -33.0529 -71.6157
106 -33.0529 -71.6157
900 -33.0523 -71.6156
712 -33.0522 -71.6157
529 -33.0521 -71.6157
263 -33.0519 -71.6156
453 -33.0519 -71.6156
764 -33.0496 -71.616
911 -33.0497 -71.6159
610 -33.0503 -71.6158
34 -33.0492 -71.6159
447 -33.0491 -71.6163
718 -33.0491 -71.6162
360 -33.0491 -71.6161
80 -33.0492 -71.6158
635 -33.0505 -71.6157
644 -33.0498 -71.6157
239 -33.0518 -71.6156
493 -33.0492 -71.6156
485 -33.0492 -71.6158
935 -33.0492 -71.6157
692 -33.0523 -71.6156
204 -33.055 -71.6131
211 -33.055 -71.613
343 -33.055 -71.613
585 -33.0548 -71.6151
835 -33.0547 -71.615
593 -33.0548 -71.6129
734 -33.0547 -71.6128
421 -33.0546 -71.6127
615 -33.0551 -71.6124
70 -33.055 -71.6124
324 -33.055 -71.6124
334 -33.0549 -71.6124
837 -33.0548 -71.6124
801 -33.0547 -71.6124
87 -33.0546 -71.6124
607 -33.0546 -71.6124
783 -33.0539 -71.6156
739 -33.0544 -71.6148
100 -33.0543 -71.6148
75 -33.0532 -71.6155
496 -33.0532 -71.6155
195 -33.0531 -71.6155
304 -33.0531 -71.6155
749 -33.0539 -71.6145
659 -33.0537 -71.6143
68 -33.0543 -71.6124
227 -33.0546 -71.6124
24 -33.0534 -71.6141
964 -33.0533 -71.6141
494 -33.053 -71.6139
353 -33.0519 -71.6132
661 -33.0546 -71.6124
771 -33.0546 -71.6124
498 -33.0545 -71.6124
725 -33.0545 -71.6124
877 -33.0545 -71.6124
265 -33.0545 -71.6123
235 -33.0545 -71.6123
599 -33.0543 -71.6123
655 -33.0542 -71.6123
185 -33.0543 -71.6122
707 -33.0544 -71.6122
181 -33.0544 -71.612
437 -33.0542 -71.6123
738 -33.0542 -71.6123
82 -33.0542 -71.6123
233 -33.0542 -71.6123
306 -33.0541 -71.6123
942 -33.0538 -71.6122
201 -33.0538 -71.6122
392 -33.0538 -71.6122
902 -33.0537 -71.6122
275 -33.0535 -71.6122
449 -33.0534 -71.6122
996 -33.0532 -71.6121
805 -33.053 -71.6121
186 -33.053 -71.6121
588 -33.0529 -71.6121
638 -33.0527 -71.6121
666 -33.0527 -71.6121
33 -33.0523 -71.612
683 -33.0518 -71.612
416 -33.0516 -71.6156
573 -33.0515 -71.6156
889 -33.0515 -71.6156
170 -33.0514 -71.6156
333 -33.0513 -71.6156
113 -33.0513 -71.6156
639 -33.0511 -71.6156
155 -33.0511 -71.6156
605 -33.051 -71.6156
763 -33.0508 -71.6156
157 -33.0507 -71.6155
794 -33.0508 -71.6155
383 -33.0496 -71.6136
530 -33.0494 -71.6146
716 -33.0496 -71.6137
694 -33.0496 -71.6137
152 -33.0494 -71.6146
484 -33.0493 -71.6153
732 -33.0493 -71.6153
9 -33.0493 -71.6152
583 -33.0492 -71.6155
220 -33.0481 -71.6155
784 -33.0481 -71.6155
982 -33.0482 -71.6152
939 -33.0493 -71.6151
755 -33.0493 -71.6149
55 -33.0493 -71.6149
722 -33.0494 -71.6147
827 -33.0485 -71.6139
88 -33.0483 -71.6146
643 -33.0484 -71.6142
724 -33.0485 -71.6136
54 -33.0516 -71.6131
834 -33.0507 -71.6131
394 -33.0506 -71.6131
660 -33.0506 -71.613
855 -33.0505 -71.613
314 -33.0505 -71.613
862 -33.0501 -71.613
851 -33.0511 -71.6129
780 -33.0511 -71.6123
44 -33.0511 -71.6121
337 -33.0512 -71.612
77 -33.0511 -71.6126
31 -33.0511 -71.6126
213 -33.0498 -71.6123
897 -33.0498 -71.6123
318 -33.0498 -71.6124
901 -33.0496 -71.6133
283 -33.0497 -71.6131
440 -33.0497 -71.6129
799 -33.0496 -71.6135
968 -33.0487 -71.6131
793 -33.0487 -71.613
972 -33.0487 -71.613
604 -33.0495 -71.6129
81 -33.0494 -71.6129
348 -33.0494 -71.6129
206 -33.0497 -71.6127
553 -33.0492 -71.6129
48 -33.0489 -71.6123
933 -33.0489 -71.6122
298 -33.0588 -71.612
463 -33.0591 -71.6105
72 -33.0592 -71.6105
970 -33.0608 -71.6099
362 -33.0589 -71.6095
259 -33.0585 -71.6113
748 -33.0588 -71.6113
657 -33.0585 -71.6096
474 -33.0609 -71.609
677 -33.0609 -71.6088
63 -33.0607 -71.6085
419 -33.0606 -71.6085
903 -33.0602 -71.6082
132 -33.06 -71.6088
138 -33.0584 -71.6087
672 -33.0601 -71.6082
454 -33.0582 -71.609
606 -33.0581 -71.6109
876 -33.0581 -71.6108
866 -33.0582 -71.6105
886 -33.0581 -71.611
569 -33.058 -71.6104
26 -33.0578 -71.6103
558 -33.0578 -71.6102
384 -33.0577 -71.6102
510 -33.0576 -71.6102
73 -33.058 -71.6082
350 -33.0579 -71.6082
874 -33.0576 -71.6088
190 -33.0573 -71.61
187 -33.0571 -71.6099
535 -33.0575 -71.6088
62 -33.0579 -71.6082
581 -33.0601 -71.6081
715 -33.0581 -71.6081
489 -33.0583 -71.608
753 -33.0581 -71.6081
378 -33.0581 -71.6081
470 -33.0581 -71.6081
458 -33.0581 -71.6081
723 -33.0583 -71.608
332 -33.0598 -71.608
918 -33.0584 -71.608
810 -33.0584 -71.608
219 -33.0584 -71.608
878 -33.0584 -71.608
662 -33.0584 -71.608
772 -33.0584 -71.608
664 -33.0581 -71.6081
557 -33.0577 -71.6082
156 -33.058 -71.6082
381 -33.0576 -71.6081
110 -33.0576 -71.6081
532 -33.0576 -71.6081
94 -33.0576 -71.6081
746 -33.0575 -71.6081
626 -33.0572 -71.608
923 -33.0571 -71.608
183 -33.0571 -71.608
952 -33.057 -71.608
137 -33.057 -71.608
690 -33.0569 -71.608
846 -33.0569 -71.608
328 -33.0569 -71.608
681 -33.0558 -71.6104
97 -33.0562 -71.6102
2 -33.0567 -71.6096
415 -33.0554 -71.6104
861 -33.0551 -71.6104
268 -33.0552 -71.6098
745 -33.0552 -71.6098
540 -33.056 -71.6095
815 -33.056 -71.6085
673 -33.0558 -71.6081
770 -33.0558 -71.6081
706 -33.0556 -71.6093
244 -33.0552 -71.6081
8 -33.0552 -71.6081
670 -33.0552 -71.6081
737 -33.0551 -71.6081
821 -33.0549 -71.6104
143 -33.0549 -71.6104
813 -33.0549 -71.6083
910 -33.0548 -71.6084
141 -33.0547 -71.6104
564 -33.0547 -71.6085
839 -33.0548 -71.6084
215 -33.0549 -71.6083
242 -33.055 -71.6082
371 -33.055 -71.6082
975 -33.0551 -71.6082
257 -33.0549 -71.6083
339 -33.0549 -71.6083
232 -33.0549 -71.6083
230 -33.0553 -71.608
468 -33.0569 -71.608
126 -33.0568 -71.608
836 -33.0568 -71.608
167 -33.0568 -71.608
714 -33.0568 -71.608
471 -33.0566 -71.608
757 -33.0566 -71.608
502 -33.0565 -71.608
981 -33.0565 -71.608
398 -33.0565 -71.608
966 -33.0565 -71.608
671 -33.0565 -71.608
785 -33.0565 -71.608
752 -33.0564 -71.608
704 -33.0564 -71.608
56 -33.0564 -71.608
369 -33.0564 -71.608
653 -33.0563 -71.608
741 -33.0563 -71.608
287 -33.0553 -71.608
276 -33.0553 -71.608
993 -33.0553 -71.608
103 -33.0553 -71.608
544 -33.0553 -71.608
236 -33.0563 -71.608
856 -33.0562 -71.608
182 -33.0562 -71.6079
395 -33.0554 -71.608
120 -33.0554 -71.608
390 -33.0554 -71.608
832 -33.0562 -71.6079
499 -33.0598 -71.6079
79 -33.0598 -71.6079
934 -33.0597 -71.6079
469 -33.0597 -71.6078
11 -33.0596 -71.6078
400 -33.0595 -71.6077
461 -33.0595 -71.6077
977 -33.0601 -71.6077
335 -33.0594 -71.6077
925 -33.0606 -71.6075
159 -33.0606 -71.6075
700 -33.0593 -71.6076
285 -33.0592 -71.6076
473 -33.0593 -71.6076
912 -33.0592 -71.6075
705 -33.0591 -71.6077
528 -33.059 -71.6079
282 -33.0587 -71.6079
46 -33.0587 -71.6079
833 -33.0586 -71.6079
592 -33.0586 -71.6079
944 -33.0586 -71.6079
478 -33.0586 -71.6079
422 -33.0587 -71.6079
888 -33.0589 -71.6078
225 -33.059 -71.6077
280 -33.0591 -71.6075
858 -33.0589 -71.6078
740 -33.0588 -71.6078
929 -33.0589 -71.6078
438 -33.0589 -71.6078
555 -33.0583 -71.6073
808 -33.0611 -71.6069
300 -33.0606 -71.6068
112 -33.0604 -71.6057
281 -33.0602 -71.607
296 -33.0595 -71.6064
129 -33.0596 -71.6063
311 -33.06 -71.6062
491 -33.0607 -71.6057
291 -33.061 -71.6051
441 -33.0617 -71.6051
147 -33.0607 -71.6046
331 -33.0607 -71.6054
870 -33.0607 -71.6046
90 -33.0599 -71.6045
924 -33.0595 -71.6045
411 -33.0593 -71.6064
922 -33.0586 -71.6066
83 -33.0588 -71.6065
873 -33.0589 -71.6065
857 -33.0586 -71.6066
168 -33.0583 -71.6069
954 -33.0581 -71.6067
769 -33.0582 -71.6067
527 -33.0592 -71.6063
513 -33.0591 -71.6063
525 -33.059 -71.6063
221 -33.0591 -71.6054
196 -33.0587 -71.6051
223 -33.0585 -71.6062
78 -33.0585 -71.6042
980 -33.0581 -71.6075
365 -33.0561 -71.6079
624 -33.056 -71.6079
192 -33.0559 -71.6079
882 -33.0559 -71.6079
243 -33.0559 -71.6079
71 -33.0559 -71.6079
736 -33.0558 -71.6078
325 -33.0558 -71.6078
349 -33.056 -71.6075
417 -33.056 -71.6075
669 -33.056 -71.6075
125 -33.0559 -71.6076
845 -33.0558 -71.6076
505 -33.0558 -71.6076
284 -33.0559 -71.6076
199 -33.0557 -71.6078
556 -33.0555 -71.6079
997 -33.0555 -71.6079
294 -33.0557 -71.6078
811 -33.0555 -71.6079
782 -33.0554 -71.6079
375 -33.0554 -71.6079
675 -33.0555 -71.6079
321 -33.0557 -71.6078
229 -33.0557 -71.6078
172 -33.0557 -71.6077
16 -33.0557 -71.6077
788 -33.0557 -71.6078
357 -33.0556 -71.6078
319 -33.0557 -71.6077
404 -33.0561 -71.6075
503 -33.0577 -71.6075
613 -33.0577 -71.6073
843 -33.0577 -71.6068
622 -33.0576 -71.6068
840 -33.057 -71.6071
32 -33.057 -71.607
261 -33.0576 -71.6068
825 -33.0579 -71.6068
984 -33.0577 -71.6064
477 -33.058 -71.6059
768 -33.0576 -71.6049
169 -33.0575 -71.6047
472 -33.0575 -71.6061
620 -33.0575 -71.6048
937 -33.0571 -71.6047
158 -33.0569 -71.6071
951 -33.0565 -71.6073
136 -33.0566 -71.6072
316 -33.0568 -71.607
460 -33.0563 -71.6073
990 -33.0562 -71.6074
406 -33.0548 -71.6051
30 -33.0547 -71.6046
293 -33.0567 -71.6045
99 -33.0566 -71.6045
256 -33.0565 -71.6045
98 -33.0564 -71.6044
595 -33.0563 -71.6044
1 -33.0554 -71.6044
957 -33.0557 -71.6043
826 -33.0546 -71.6046
625 -33.0544 -71.612
91 -33.0543 -71.6119
562 -33.0543 -71.6119
658 -33.0543 -71.6119
534 -33.0543 -71.6118
203 -33.0542 -71.6116
623 -33.0541 -71.6116
867 -33.0541 -71.6115
382 -33.0541 -71.6115
791 -33.0539 -71.6112
517 -33.0538 -71.6111
744 -33.0538 -71.6111
336 -33.0537 -71.6113
566 -33.0538 -71.6112
536 -33.0536 -71.6111
429 -33.0536 -71.6111
27 -33.052 -71.6118
278 -33.052 -71.6118
920 -33.0526 -71.6117
74 -33.052 -71.6118
401 -33.0515 -71.6119
345 -33.0517 -71.6118
133 -33.0518 -71.6118
894 -33.0528 -71.6116
915 -33.0536 -71.6114
161 -33.0536 -71.6111
270 -33.0535 -71.6111
508 -33.0534 -71.611
180 -33.0531 -71.6115
621 -33.0533 -71.6115
906 -33.0534 -71.611
617 -33.0533 -71.611
372 -33.0536 -71.6107
391 -33.0542 -71.6105
433 -33.0543 -71.6105
914 -33.0533 -71.611
995 -33.0532 -71.6109
717 -33.053 -71.6108
188 -33.0527 -71.6105
931 -33.0544 -71.6105
356 -33.0532 -71.6097
943 -33.0531 -71.6094
936 -33.0531 -71.6093
59 -33.0527 -71.6104
568 -33.0527 -71.6104
380 -33.0527 -71.6104
618 -33.0526 -71.6102
346 -33.0525 -71.61
779 -33.0515 -71.6096
559 -33.0522 -71.6096
329 -33.0516 -71.6096
241 -33.0515 -71.6096
947 -33.0514 -71.6097
596 -33.0514 -71.6097
96 -33.0515 -71.6096
312 -33.0516 -71.6095
58 -33.0518 -71.6094
651 -33.0518 -71.6094
428 -33.0518 -71.6093
656 -33.0516 -71.6095
719 -33.0516 -71.6095
342 -33.0516 -71.6095
804 -33.0513 -71.6098
758 -33.0512 -71.6119
302 -33.05 -71.611
515 -33.05 -71.611
432 -33.05 -71.611
854 -33.0499 -71.6117
586 -33.0499 -71.6116
612 -33.05 -71.6113
374 -33.05 -71.611
728 -33.0501 -71.6104
0 -33.0502 -71.6104
64 -33.0509 -71.6102
637 -33.0501 -71.6104
462 -33.0501 -71.6109
648 -33.0501 -71.6106
538 -33.0501 -71.6106
631 -33.0499 -71.6118
868 -33.0499 -71.612
36 -33.0499 -71.6119
960 -33.0499 -71.6113
218 -33.0498 -71.6113
853 -33.0491 -71.6114
140 -33.0491 -71.6114
519 -33.0498 -71.6113
941 -33.0492 -71.6112
436 -33.0496 -71.6112
778 -33.0496 -71.6112
541 -33.0496 -71.6112
84 -33.0495 -71.6112
50 -33.0493 -71.6112
435 -33.0492 -71.6111
240 -33.0508 -71.6102
847 -33.051 -71.6101
207 -33.051 -71.6101
76 -33.0511 -71.61
654 -33.0509 -71.6102
363 -33.0508 -71.6102
178 -33.0507 -71.6102
153 -33.0508 -71.6102
444 -33.0511 -71.61
86 -33.0512 -71.6099
518 -33.0513 -71.6098
685 -33.0513 -71.6098
522 -33.0511 -71.61
665 -33.0511 -71.61
709 -33.0511 -71.61
548 -33.0511 -71.61
425 -33.0507 -71.6102
828 -33.0506 -71.6102
481 -33.0506 -71.6102
956 -33.0505 -71.6102
807 -33.0504 -71.6102
418 -33.0503 -71.6102
119 -33.0503 -71.6102
231 -33.0503 -71.6102
457 -33.0504 -71.6101
823 -33.0503 -71.6101
634 -33.0504 -71.6101
234 -33.0502 -71.6101
590 -33.0502 -71.6101
701 -33.0502 -71.6101
680 -33.0502 -71.6101
258 -33.0519 -71.6092
731 -33.0546 -71.6085
358 -33.0546 -71.6085
65 -33.0545 -71.6085
578 -33.0545 -71.6085
267 -33.0545 -71.6085
989 -33.0544 -71.6085
122 -33.0544 -71.6085
397 -33.0544 -71.6085
895 -33.0544 -71.6085
193 -33.0544 -71.6085
245 -33.0544 -71.6085
806 -33.0544 -71.6085
720 -33.0544 -71.6085
691 -33.0543 -71.6085
308 -33.0543 -71.6085
247 -33.0543 -71.6085
616 -33.0536 -71.6085
887 -33.0543 -71.6085
388 -33.0543 -71.6085
492 -33.0536 -71.6085
552 -33.0536 -71.6085
893 -33.0535 -71.6085
41 -33.0535 -71.6085
21 -33.0542 -71.6085
554 -33.0541 -71.6085
194 -33.0542 -71.6085
682 -33.0541 -71.6085
299 -33.0541 -71.6085
67 -33.0541 -71.6085
628 -33.0541 -71.6085
875 -33.0541 -71.6085
410 -33.0541 -71.6085
871 -33.054 -71.6085
264 -33.054 -71.6085
913 -33.054 -71.6085
359 -33.054 -71.6085
667 -33.0539 -71.6085
921 -33.0539 -71.6085
6 -33.0538 -71.6085
289 -33.0538 -71.6085
184 -33.0538 -71.6085
567 -33.0538 -71.6085
149 -33.0538 -71.6048
776 -33.0535 -71.6063
959 -33.0535 -71.6085
896 -33.0534 -71.6085
965 -33.0534 -71.6085
650 -33.0534 -71.6085
445 -33.0534 -71.6085
689 -33.0533 -71.6085
800 -33.0533 -71.6084
609 -33.0533 -71.6084
104 -33.0533 -71.6084
490 -33.0532 -71.6084
28 -33.0531 -71.6084
47 -33.0531 -71.6084
135 -33.053 -71.6084
953 -33.053 -71.6084
37 -33.053 -71.6083
594 -33.053 -71.6083
39 -33.0529 -71.6083
570 -33.0529 -71.6083
777 -33.0529 -71.6083
898 -33.0522 -71.6084
45 -33.0528 -71.6083
426 -33.0528 -71.6083
524 -33.0522 -71.6084
379 -33.0521 -71.6088
974 -33.0521 -71.6085
338 -33.0521 -71.6085
630 -33.0528 -71.6083
514 -33.0528 -71.6083
443 -33.0528 -71.6083
699 -33.0528 -71.6083
926 -33.0527 -71.6083
584 -33.0527 -71.6082
114 -33.0527 -71.6082
543 -33.0527 -71.6082
766 -33.052 -71.6088
932 -33.0519 -71.6092
317 -33.0519 -71.6091
526 -33.052 -71.609
465 -33.0519 -71.6092
248 -33.0497 -71.6091
971 -33.0497 -71.6091
899 -33.0504 -71.6091
439 -33.052 -71.609
539 -33.052 -71.609
817 -33.052 -71.6089
750 -33.052 -71.6088
164 -33.052 -71.609
985 -33.0513 -71.6084
695 -33.0514 -71.6083
344 -33.0527 -71.6082
396 -33.0527 -71.6082
352 -33.0526 -71.6082
131 -33.0526 -71.6082
684 -33.0526 -71.6082
663 -33.0525 -71.6082
928 -33.0525 -71.6082
330 -33.0525 -71.6081
95 -33.0524 -71.6081
451 -33.0524 -71.6081
781 -33.0526 -71.6068
121 -33.0528 -71.6066
824 -33.0524 -71.6081
459 -33.0524 -71.6081
841 -33.0522 -71.6081
3 -33.0523 -71.6081
969 -33.0522 -71.6081
486 -33.0522 -71.6081
246 -33.0522 -71.6081
814 -33.0522 -71.6081
702 -33.0521 -71.6081
162 -33.0521 -71.6081
4 -33.0518 -71.6081
798 -33.0521 -71.6081
249 -33.0521 -71.6081
792 -33.0522 -71.6077
729 -33.0522 -71.6077
507 -33.0522 -71.6072
288 -33.052 -71.608
865 -33.052 -71.608
533 -33.0512 -71.6052
