940 -33.0552 -71.6215
176 -33.0552 -71.6215
550 -33.0551 -71.6213
66 -33.0551 -71.6213
313 -33.0551 -71.6217
142 -33.0551 -71.6212
85 -33.0551 -71.6211
497 -33.0551 -71.621
647 -33.0551 -71.621
115 -33.0551 -71.621
5 -33.0551 -71.6209
796 -33.0551 -71.6209
890 -33.0551 -71.6209
226 -33.0551 -71.6209
703 -33.055 -71.6209
961 -33.055 -71.6218
217 -33.0549 -71.622
479 -33.0549 -71.6219
53 -33.055 -71.6218
697 -33.0549 -71.622
979 -33.0545 -71.6226
883 -33.0547 -71.6223
109 -33.0548 -71.6221
38 -33.055 -71.6208
315 -33.055 -71.6207
500 -33.0549 -71.6206
327 -33.0549 -71.6206
678 -33.0548 -71.6204
260 -33.0547 -71.6203
487 -33.0546 -71.6202
754 -33.0545 -71.6184
69 -33.0547 -71.6184
189 -33.0568 -71.6183
367 -33.0567 -71.6182
475 -33.0582 -71.6175
978 -33.0564 -71.6182
408 -33.0556 -71.6172
537 -33.0556 -71.617
407 -33.0557 -71.6168
582 -33.0557 -71.6165
668 -33.0562 -71.6159
686 -33.0561 -71.6159
57 -33.0562 -71.6158
413 -33.056 -71.6162
963 -33.0558 -71.6164
765 -33.0559 -71.6163
18 -33.0558 -71.6159
822 -33.0556 -71.6159
549 -33.0556 -71.6179
134 -33.0551 -71.6179
816 -33.0552 -71.6178
301 -33.0549 -71.6183
361 -33.0549 -71.6184
542 -33.0549 -71.6184
42 -33.0549 -71.6183
881 -33.0553 -71.6178
255 -33.0555 -71.6173
370 -33.0556 -71.6172
450 -33.0555 -71.6159
376 -33.0553 -71.6177
389 -33.0553 -71.6158
743 -33.0552 -71.6158
698 -33.0545 -71.6184
409 -33.0543 -71.6243
710 -33.0543 -71.6237
598 -33.0543 -71.6231
92 -33.0543 -71.6237
629 -33.0538 -71.6245
987 -33.0543 -71.6236
25 -33.0543 -71.6234
589 -33.0544 -71.623
829 -33.0545 -71.6228
266 -33.0544 -71.6201
253 -33.0544 -71.6201
786 -33.0544 -71.6228
930 -33.0544 -71.6201
177 -33.0543 -71.62
880 -33.0539 -71.6198
377 -33.0536 -71.6188
849 -33.0535 -71.6245
179 -33.0535 -71.6195
210 -33.0535 -71.6189
767 -33.0534 -71.6188
891 -33.0534 -71.6188
466 -33.0532 -71.6188
547 -33.0532 -71.6188
775 -33.0534 -71.6188
713 -33.0534 -71.6187
973 -33.0535 -71.6187
198 -33.0535 -71.6186
495 -33.0528 -71.6187
166 -33.0528 -71.6187
323 -33.0527 -71.6187
687 -33.0524 -71.6186
448 -33.0524 -71.6186
355 -33.0538 -71.6184
803 -33.0538 -71.6184
456 -33.0538 -71.6184
341 -33.0536 -71.6185
844 -33.0535 -71.6185
761 -33.0535 -71.6185
434 -33.0535 -71.6185
919 -33.054 -71.6184
587 -33.0543 -71.6184
455 -33.0543 -71.6184
373 -33.0544 -71.6184
216 -33.0542 -71.6184
809 -33.0541 -71.6184
760 -33.0542 -71.6184
271 -33.0541 -71.6167
838 -33.0535 -71.6186
831 -33.0523 -71.6186
431 -33.0523 -71.6186
340 -33.0522 -71.6185
116 -33.0522 -71.6185
262 -33.0521 -71.6185
399 -33.0521 -71.6185
632 -33.0516 -71.6184
727 -33.0516 -71.6184
614 -33.0516 -71.6184
290 -33.0534 -71.6163
730 -33.0528 -71.6159
250 -33.0515 -71.6184
17 -33.0514 -71.6184
393 -33.0514 -71.6184
546 -33.0526 -71.6158
118 -33.0578 -71.6149
560 -33.0565 -71.6149
976 -33.0577 -71.6149
531 -33.0565 -71.6149
994 -33.0564 -71.615
774 -33.0564 -71.615
501 -33.0564 -71.615
945 -33.0576 -71.6149
482 -33.0575 -71.6149
991 -33.0574 -71.6146
948 -33.0573 -71.6146
297 -33.0569 -71.6147
483 -33.0565 -71.6149
842 -33.0565 -71.6149
561 -33.0567 -71.6147
124 -33.0563 -71.615
646 -33.0561 -71.6156
286 -33.056 -71.6156
818 -33.056 -71.6156
127 -33.0558 -71.6157
476 -33.0551 -71.6158
251 -33.055 -71.6158
955 -33.0549 -71.6158
879 -33.056 -71.6155
950 -33.056 -71.6153
640 -33.056 -71.6153
464 -33.056 -71.6152
608 -33.056 -71.6153
60 -33.056 -71.6154
869 -33.0559 -71.6153
20 -33.056 -71.6153
872 -33.0574 -71.6144
19 -33.0577 -71.6129
790 -33.0575 -71.6128
326 -33.0573 -71.6128
420 -33.0572 -71.6127
414 -33.0572 -71.6127
576 -33.057 -71.6127
521 -33.057 -71.6127
354 -33.057 -71.6127
43 -33.057 -71.6127
747 -33.057 -71.6127
917 -33.0566 -71.6125
579 -33.0566 -71.6125
368 -33.0565 -71.6124
523 -33.0562 -71.6124
298 -33.0559 -71.6123
467 -33.0559 -71.6131
619 -33.0557 -71.6131
154 -33.0553 -71.6131
563 -33.055 -71.6124
962 -33.055 -71.613
591 -33.0549 -71.613
51 -33.055 -71.6124
209 -33.055 -71.6124
642 -33.055 -71.6124
967 -33.0556 -71.6123
237 -33.0556 -71.6123
238 -33.0557 -71.6123
305 -33.0554 -71.6124
366 -33.0549 -71.6124
307 -33.0549 -71.6124
627 -33.0548 -71.6124
726 -33.0548 -71.6158
279 -33.0547 -71.6157
123 -33.0547 -71.6157
602 -33.0546 -71.6157
107 -33.0546 -71.6157
520 -33.0545 -71.6157
693 -33.0545 -71.6157
269 -33.0544 -71.6157
146 -33.0541 -71.6156
442 -33.0541 -71.6156
762 -33.0547 -71.615
105 -33.0541 -71.6146
580 -33.0541 -71.6156
150 -33.0537 -71.6156
641 -33.0536 -71.6156
488 -33.0533 -71.6155
254 -33.0524 -71.6157
992 -33.0522 -71.6157
117 -33.0524 -71.6156
812 -33.0522 -71.6157
892 -33.0521 -71.6156
721 -33.052 -71.6156
864 -33.052 -71.6156
908 -33.052 -71.6156
545 -33.0519 -71.6156
292 -33.0524 -71.6156
819 -33.0533 -71.6155
787 -33.0518 -71.6156
946 -33.0517 -71.6156
860 -33.0513 -71.6156
405 -33.054 -71.6146
636 -33.0548 -71.6129
958 -33.0548 -71.6124
751 -33.0548 -71.6124
52 -33.0548 -71.6124
175 -33.0545 -71.6126
61 -33.0542 -71.6124
402 -33.0547 -71.6124
452 -33.0545 -71.6124
733 -33.0545 -71.6123
173 -33.0544 -71.6123
274 -33.0543 -71.6122
12 -33.0542 -71.6123
773 -33.0542 -71.6122
35 -33.0542 -71.6122
679 -33.0542 -71.6122
480 -33.0542 -71.6123
907 -33.054 -71.6146
446 -33.0536 -71.6143
403 -33.0534 -71.6141
423 -33.0534 -71.6141
145 -33.0531 -71.614
171 -33.0527 -71.6137
611 -33.0525 -71.6136
711 -33.0525 -71.6135
571 -33.0541 -71.6123
927 -33.0542 -71.6123
214 -33.054 -71.6122
14 -33.0539 -71.6122
585 -33.0515 -71.6131
351 -33.0539 -71.6122
565 -33.0513 -71.6156
597 -33.0511 -71.6186
144 -33.0512 -71.6186
111 -33.0512 -71.6185
412 -33.0509 -71.6185
101 -33.0505 -71.6216
633 -33.0499 -71.6202
859 -33.0505 -71.6184
163 -33.0512 -71.6183
852 -33.0512 -71.6183
128 -33.0512 -71.6183
504 -33.0512 -71.6183
830 -33.0512 -71.6183
999 -33.0503 -71.6183
364 -33.0501 -71.6178
904 -33.0501 -71.6178
447 -33.0498 -71.6201
34 -33.0496 -71.6199
935 -33.0495 -71.6197
130 -33.0496 -71.6177
493 -33.0495 -71.6196
732 -33.0494 -71.6192
716 -33.0489 -71.618
694 -33.0489 -71.618
165 -33.0495 -71.6177
983 -33.0493 -71.6176
10 -33.0492 -71.6176
949 -33.0492 -71.6176
573 -33.0489 -71.6171
170 -33.0488 -71.6174
440 -33.0488 -71.6173
889 -33.0488 -71.6172
206 -33.0489 -71.6171
273 -33.0495 -71.6163
191 -33.0495 -71.6163
13 -33.0495 -71.6162
174 -33.0494 -71.6164
692 -33.0493 -71.6165
900 -33.0492 -71.6165
652 -33.0494 -71.6164
572 -33.0495 -71.6162
688 -33.0497 -71.6159
574 -33.0497 -71.6159
106 -33.0497 -71.6159
850 -33.0496 -71.616
854 -33.0491 -71.6161
884 -33.0496 -71.616
586 -33.0492 -71.6159
834 -33.0491 -71.6161
263 -33.049 -71.6167
213 -33.049 -71.6166
897 -33.049 -71.6166
453 -33.049 -71.6167
416 -33.0489 -71.6171
239 -33.049 -71.6168
318 -33.049 -71.6168
529 -33.0491 -71.6165
868 -33.0491 -71.6163
660 -33.0491 -71.6163
631 -33.0491 -71.6161
394 -33.0491 -71.6163
712 -33.0491 -71.6165
36 -33.0491 -71.6163
333 -33.0488 -71.6174
764 -33.0478 -71.6197
509 -33.0478 -71.6196
583 -33.0479 -71.6196
485 -33.0477 -71.6198
360 -33.0476 -71.6202
718 -33.0476 -71.6202
80 -33.0477 -71.6198
911 -33.0479 -71.6195
939 -33.048 -71.6193
755 -33.0481 -71.6191
55 -33.0482 -71.6191
9 -33.048 -71.6193
427 -33.0479 -71.6194
484 -33.048 -71.6194
644 -33.048 -71.6193
516 -33.0475 -71.6205
277 -33.0474 -71.6208
802 -33.0474 -71.6207
322 -33.0474 -71.6207
139 -33.0474 -71.6209
205 -33.0473 -71.6209
820 -33.0474 -71.6209
938 -33.0474 -71.6209
735 -33.0474 -71.6207
696 -33.0475 -71.6206
222 -33.0475 -71.6205
988 -33.0473 -71.6202
982 -33.0469 -71.6193
220 -33.0468 -71.6197
784 -33.0468 -71.6196
152 -33.0483 -71.6189
157 -33.0486 -71.6181
794 -33.0486 -71.6179
763 -33.0486 -71.6179
708 -33.0485 -71.6184
610 -33.0483 -71.6188
511 -33.0484 -71.6186
635 -33.0484 -71.6186
383 -33.0486 -71.6179
799 -33.0487 -71.6177
113 -33.0487 -71.6175
283 -33.0488 -71.6175
901 -33.0487 -71.6176
605 -33.0487 -71.6177
639 -33.0487 -71.6177
155 -33.0487 -71.6176
722 -33.0483 -71.6188
530 -33.0483 -71.6188
968 -33.0475 -71.6174
793 -33.0476 -71.6172
724 -33.0474 -71.6178
88 -33.0471 -71.6188
643 -33.0472 -71.6184
827 -33.0473 -71.6182
972 -33.0476 -71.6172
348 -33.0479 -71.6164
81 -33.0479 -71.6163
604 -33.0479 -71.6162
48 -33.0478 -71.6165
553 -33.0478 -71.6166
933 -33.0478 -71.6165
496 -33.0501 -71.6157
320 -33.0512 -71.6156
795 -33.051 -71.6156
93 -33.0508 -71.6156
148 -33.0507 -71.6155
75 -33.0501 -71.6157
430 -33.0507 -71.6155
756 -33.0506 -71.6155
385 -33.0505 -71.6155
835 -33.0512 -71.6131
942 -33.0511 -71.6131
201 -33.0511 -71.6131
739 -33.051 -71.6131
783 -33.0505 -71.6155
392 -33.051 -71.6131
336 -33.0509 -71.6131
195 -33.05 -71.6157
304 -33.0498 -71.6157
27 -33.0496 -71.6135
278 -33.0496 -71.6134
74 -33.0496 -71.6135
240 -33.0495 -71.6138
64 -33.0496 -71.6137
654 -33.0496 -71.6136
207 -33.0496 -71.6134
665 -33.0496 -71.6133
86 -33.0497 -71.6132
518 -33.0497 -71.6131
709 -33.0496 -71.6134
548 -33.0496 -71.6134
76 -33.0496 -71.6134
522 -33.0496 -71.6134
100 -33.0509 -71.6131
902 -33.0509 -71.6131
744 -33.0511 -71.6129
517 -33.0511 -71.6129
915 -33.0508 -71.6131
621 -33.0505 -71.613
749 -33.0505 -71.613
996 -33.0504 -71.613
655 -33.0511 -71.6127
725 -33.0511 -71.6123
87 -33.0511 -71.6122
661 -33.0511 -71.6122
372 -33.0511 -71.6123
599 -33.0511 -71.6126
265 -33.0511 -71.6125
877 -33.0511 -71.6123
180 -33.0503 -71.613
805 -33.0503 -71.613
659 -33.0502 -71.613
186 -33.0502 -71.613
588 -33.0501 -71.613
804 -33.0497 -71.6131
894 -33.05 -71.613
638 -33.0499 -71.613
666 -33.0499 -71.613
24 -33.0498 -71.6129
964 -33.0498 -71.6129
258 -33.0498 -71.6123
656 -33.0498 -71.6125
920 -33.0498 -71.6129
329 -33.0497 -71.6127
363 -33.0495 -71.6138
374 -33.0493 -71.6153
77 -33.0493 -71.6151
780 -33.0493 -71.615
462 -33.0493 -71.6153
612 -33.0492 -71.6156
302 -33.0493 -71.6154
432 -33.0493 -71.6154
637 -33.0494 -71.6149
701 -33.0494 -71.6145
680 -33.0494 -71.6145
234 -33.0494 -71.6145
337 -33.0494 -71.6146
0 -33.0494 -71.6147
515 -33.0484 -71.6142
851 -33.0484 -71.6142
960 -33.0483 -71.6146
435 -33.0481 -71.6154
50 -33.0481 -71.6153
314 -33.0482 -71.6151
862 -33.0481 -71.6155
140 -33.048 -71.6157
853 -33.048 -71.6157
941 -33.0481 -71.6155
855 -33.0482 -71.6151
436 -33.0482 -71.615
519 -33.0483 -71.6148
218 -33.0483 -71.6148
541 -33.0482 -71.615
84 -33.0482 -71.6151
778 -33.0482 -71.615
457 -33.0495 -71.6142
481 -33.0495 -71.614
828 -33.0495 -71.614
425 -33.0495 -71.6139
401 -33.0495 -71.6141
956 -33.0495 -71.6142
807 -33.0487 -71.6131
494 -33.0494 -71.6129
683 -33.049 -71.6129
133 -33.049 -71.6129
345 -33.0489 -71.6129
444 -33.0489 -71.6124
899 -33.0488 -71.6125
178 -33.0488 -71.6128
153 -33.0488 -71.6128
847 -33.0488 -71.6125
231 -33.0487 -71.6132
44 -33.0486 -71.6136
248 -33.0486 -71.6134
590 -33.0486 -71.6134
728 -33.0485 -71.6137
31 -33.0484 -71.614
648 -33.0485 -71.6139
538 -33.0485 -71.6138
758 -33.0486 -71.6133
418 -33.0486 -71.6133
823 -33.0486 -71.6133
119 -33.0486 -71.6133
971 -33.0486 -71.6133
353 -33.0482 -71.6128
54 -33.0479 -71.6128
29 -33.0538 -71.6122
569 -33.0546 -71.6105
463 -33.0557 -71.6105
874 -33.0547 -71.6104
424 -33.0545 -71.6122
676 -33.0545 -71.6122
303 -33.0544 -71.6121
512 -33.0543 -71.6119
866 -33.0548 -71.6104
970 -33.0576 -71.6101
132 -33.0563 -71.6095
748 -33.056 -71.6095
259 -33.0558 -71.6104
384 -33.0552 -71.6104
72 -33.0558 -71.6104
886 -33.0558 -71.6092
7 -33.0543 -71.6118
674 -33.0542 -71.6118
848 -33.0542 -71.6118
797 -33.0542 -71.6117
506 -33.0541 -71.6116
15 -33.0538 -71.6122
295 -33.0537 -71.6122
40 -33.0541 -71.6116
97 -33.0537 -71.6113
578 -33.0538 -71.6113
49 -33.0539 -71.6112
26 -33.0542 -71.6105
910 -33.0538 -71.611
212 -33.0537 -71.6111
242 -33.0536 -71.6108
190 -33.0538 -71.6105
606 -33.0558 -71.6091
876 -33.0559 -71.6091
378 -33.0546 -71.6085
458 -33.0546 -71.6085
715 -33.0546 -71.6085
753 -33.0546 -71.6085
825 -33.0545 -71.6085
664 -33.0545 -71.6085
470 -33.0545 -71.6085
954 -33.0547 -71.6084
489 -33.0547 -71.6084
769 -33.0547 -71.6084
984 -33.0545 -71.6085
156 -33.0545 -71.6085
540 -33.0544 -71.6085
73 -33.0544 -71.6085
62 -33.0544 -71.6085
503 -33.0543 -71.6085
350 -33.0543 -71.6085
843 -33.0543 -71.6085
261 -33.0542 -71.6085
706 -33.0536 -71.6085
923 -33.0536 -71.6085
32 -33.0536 -71.6085
622 -33.0542 -71.6085
557 -33.0542 -71.6085
381 -33.0541 -71.6085
532 -33.0541 -71.6085
110 -33.054 -71.6085
94 -33.054 -71.6085
746 -33.054 -71.6085
626 -33.0536 -71.6085
603 -33.0536 -71.6111
601 -33.0535 -71.6111
224 -33.0535 -71.611
909 -33.0535 -71.6122
197 -33.0534 -71.6122
916 -33.0533 -71.6122
299 -33.0534 -71.6114
645 -33.0534 -71.611
89 -33.0534 -71.611
2 -33.0536 -71.6107
737 -33.0536 -71.6107
551 -33.0533 -71.611
575 -33.0533 -71.6109
681 -33.0533 -71.6109
22 -33.0532 -71.6109
252 -33.053 -71.6121
577 -33.053 -71.6121
789 -33.053 -71.6121
387 -33.053 -71.6121
23 -33.053 -71.6121
272 -33.0528 -71.6121
310 -33.0526 -71.6121
160 -33.0525 -71.6121
415 -33.0528 -71.6116
745 -33.0529 -71.6116
268 -33.053 -71.6116
228 -33.053 -71.6108
600 -33.0529 -71.6107
885 -33.0529 -71.6107
204 -33.0528 -71.6106
343 -33.0528 -71.6106
187 -33.0535 -71.6105
276 -33.0535 -71.6105
120 -33.0534 -71.6103
390 -33.0534 -71.6103
556 -33.0534 -71.6103
782 -33.0534 -71.6103
675 -33.0534 -71.6102
811 -33.0534 -71.6102
840 -33.0536 -71.6085
183 -33.0536 -71.6085
952 -33.0535 -71.6085
158 -33.0535 -71.6085
316 -33.0534 -71.6085
690 -33.0534 -71.6085
137 -33.0534 -71.6085
846 -33.0534 -71.6085
211 -33.0528 -71.6106
863 -33.0528 -71.6105
861 -33.0527 -71.6105
324 -33.0527 -71.6104
593 -33.0527 -71.6103
734 -33.0526 -71.6103
821 -33.0526 -71.6102
421 -33.0526 -71.6102
328 -33.0533 -71.6085
468 -33.0533 -71.6084
126 -33.0533 -71.6084
836 -33.0532 -71.6084
505 -33.0532 -71.6097
192 -33.0532 -71.6097
662 -33.0547 -71.6084
474 -33.0579 -71.6082
808 -33.0578 -71.6082
300 -33.0581 -71.6081
677 -33.0577 -71.6082
281 -33.0575 -71.6081
419 -33.0572 -71.608
63 -33.0572 -71.608
925 -33.0571 -71.608
528 -33.0583 -71.608
280 -33.0571 -71.608
159 -33.0571 -71.608
903 -33.0568 -71.608
672 -33.0566 -71.608
581 -33.0566 -71.608
977 -33.0565 -71.608
362 -33.0564 -71.608
558 -33.0559 -71.6084
454 -33.0563 -71.608
332 -33.0563 -71.608
510 -33.0558 -71.6082
438 -33.0553 -71.608
83 -33.0554 -71.608
225 -33.0554 -71.608
499 -33.0562 -71.608
79 -33.0562 -71.6079
934 -33.0562 -71.6079
469 -33.056 -71.6079
11 -33.056 -71.6079
873 -33.0554 -71.6079
477 -33.0555 -71.6079
461 -33.0559 -71.6079
400 -33.0559 -71.6079
525 -33.0567 -71.6072
112 -33.0569 -71.6071
491 -33.0572 -71.607
311 -33.0564 -71.6073
513 -33.0559 -71.6076
296 -33.0559 -71.6076
129 -33.0559 -71.6076
331 -33.0573 -71.6069
291 -33.0577 -71.6068
147 -33.0573 -71.6048
441 -33.0583 -71.6043
870 -33.0572 -71.6047
768 -33.057 -71.6046
90 -33.0565 -71.6045
924 -33.0561 -71.6043
527 -33.0559 -71.6076
335 -33.0558 -71.6079
929 -33.0558 -71.6079
657 -33.0557 -71.6078
700 -33.0557 -71.6078
705 -33.0555 -71.6078
473 -33.0556 -71.6078
535 -33.0556 -71.6078
912 -33.0556 -71.6078
223 -33.0557 -71.6077
411 -33.0557 -71.6077
221 -33.0558 -71.6043
613 -33.0556 -71.6078
285 -33.0556 -71.6078
196 -33.0555 -71.6047
858 -33.0553 -71.608
878 -33.0547 -71.6084
723 -33.0548 -71.6084
980 -33.0548 -71.6084
714 -33.0532 -71.6084
167 -33.0532 -71.6084
136 -33.0532 -71.6084
951 -33.0531 -71.6084
471 -33.0531 -71.6084
944 -33.0549 -71.6083
478 -33.055 -71.6082
592 -33.055 -71.6082
810 -33.0549 -71.6083
772 -33.0548 -71.6083
918 -33.0549 -71.6083
219 -33.0549 -71.6083
502 -33.0531 -71.6083
981 -33.053 -71.6083
757 -33.053 -71.6083
785 -33.053 -71.6083
398 -33.053 -71.6083
671 -33.053 -71.6083
752 -33.0529 -71.6083
966 -33.0529 -71.6083
460 -33.0529 -71.6083
704 -33.0528 -71.6083
56 -33.0528 -71.6083
369 -33.0528 -71.6083
653 -33.0528 -71.6083
741 -33.0528 -71.6083
990 -33.0528 -71.6083
236 -33.0527 -71.6082
422 -33.0551 -71.6082
46 -33.0551 -71.6082
857 -33.0551 -71.6082
833 -33.0551 -71.6082
555 -33.055 -71.6082
138 -33.055 -71.6082
472 -33.055 -71.6082
282 -33.0551 -71.6082
922 -33.0552 -71.6081
168 -33.0553 -71.608
888 -33.0553 -71.608
740 -33.0552 -71.6081
98 -33.0545 -71.606
620 -33.0539 -71.6047
78 -33.0549 -71.6045
937 -33.0539 -71.6059
182 -33.0527 -71.6082
815 -33.0527 -71.6082
404 -33.0527 -71.6082
832 -33.0527 -71.6082
856 -33.0526 -71.6082
669 -33.0525 -71.6082
365 -33.0526 -71.6082
624 -33.0525 -71.6082
595 -33.0532 -71.6065
256 -33.0534 -71.6064
169 -33.0539 -71.6048
293 -33.0531 -71.6047
417 -33.0525 -71.6082
99 -33.0529 -71.6047
998 -33.0525 -71.6121
649 -33.0525 -71.6121
347 -33.0524 -71.612
386 -33.0523 -71.612
742 -33.0522 -71.612
986 -33.0522 -71.612
309 -33.052 -71.612
151 -33.0518 -71.612
759 -33.0518 -71.612
936 -33.052 -71.6118
141 -33.0521 -71.6117
143 -33.0524 -71.6117
943 -33.0519 -71.6118
905 -33.0518 -71.612
433 -33.0518 -71.6118
931 -33.0519 -71.6118
102 -33.0517 -71.612
108 -33.0516 -71.612
200 -33.0516 -71.612
208 -33.0516 -71.612
202 -33.0515 -71.612
801 -33.0511 -71.6122
615 -33.0514 -71.6119
334 -33.0513 -71.6119
70 -33.0512 -71.6119
837 -33.0512 -71.6119
391 -33.0517 -71.6118
356 -33.0517 -71.6118
616 -33.0509 -71.6102
275 -33.0507 -71.6113
449 -33.0506 -71.6113
552 -33.0508 -71.6102
41 -33.0508 -71.6102
227 -33.0525 -71.61
771 -33.0524 -71.61
607 -33.0524 -71.61
871 -33.0511 -71.61
184 -33.0511 -71.61
921 -33.0511 -71.61
667 -33.0511 -71.61
359 -33.0511 -71.61
498 -33.0524 -71.6099
682 -33.0513 -71.6098
68 -33.0523 -71.6098
67 -33.0513 -71.6098
264 -33.0512 -71.6099
410 -33.0512 -71.6099
875 -33.0513 -71.6098
567 -33.051 -71.61
893 -33.0507 -71.6102
959 -33.0507 -71.6102
965 -33.0507 -71.6102
445 -33.0506 -71.6102
689 -33.0506 -71.6102
609 -33.0505 -71.6102
104 -33.0505 -71.6102
490 -33.0504 -71.6102
995 -33.0504 -71.6101
6 -33.051 -71.6101
289 -33.051 -71.6101
953 -33.0503 -71.6101
37 -33.0503 -71.6101
135 -33.0503 -71.6101
507 -33.0502 -71.61
379 -33.0499 -71.6117
524 -33.05 -71.6114
974 -33.0499 -71.6113
750 -33.0499 -71.6118
428 -33.0498 -71.6122
539 -33.0499 -71.612
164 -33.0499 -71.612
338 -33.0499 -71.6113
898 -33.05 -71.6113
817 -33.0496 -71.6112
246 -33.05 -71.611
766 -33.0496 -71.6112
33 -33.0496 -71.6112
439 -33.0494 -71.6112
526 -33.0494 -71.6112
932 -33.0493 -71.6112
779 -33.049 -71.6117
719 -33.049 -71.6117
342 -33.0491 -71.6117
596 -33.049 -71.6118
634 -33.048 -71.6121
685 -33.0489 -71.6121
947 -33.049 -71.6119
58 -33.0491 -71.6114
651 -33.0491 -71.6113
317 -33.0493 -71.6112
465 -33.0492 -71.6112
312 -33.0487 -71.6112
241 -33.0487 -71.6112
96 -33.0486 -71.6112
841 -33.05 -71.611
396 -33.0501 -71.6105
114 -33.0501 -71.6104
584 -33.0502 -71.6104
543 -33.0501 -71.6105
131 -33.0501 -71.6106
352 -33.0501 -71.6105
926 -33.0501 -71.6105
699 -33.0502 -71.6104
45 -33.0502 -71.6103
570 -33.0502 -71.6102
594 -33.0502 -71.6101
777 -33.0502 -71.6103
426 -33.0502 -71.6103
443 -33.0502 -71.6103
630 -33.0502 -71.6103
792 -33.0501 -71.6107
95 -33.0501 -71.6108
330 -33.0501 -71.6107
684 -33.0501 -71.6107
451 -33.0501 -71.6108
969 -33.05 -71.611
486 -33.0495 -71.6099
249 -33.0494 -71.6099
798 -33.0493 -71.6099
288 -33.0493 -71.6099
865 -33.0493 -71.6099
702 -33.0495 -71.6099
4 -33.0491 -71.6099
695 -33.0486 -71.6098
985 -33.0485 -71.6098
235 -33.0523 -71.6098
233 -33.0522 -71.6096
437 -33.0522 -71.6096
738 -33.0522 -71.6096
82 -33.0522 -71.6096
306 -33.0522 -71.6096
375 -33.0521 -71.6085
997 -33.0522 -71.6084
357 -33.0522 -71.6083
349 -33.0525 -71.6082
199 -33.0522 -71.6082
125 -33.0524 -71.6082
319 -33.0522 -71.6082
382 -33.0522 -71.6083
229 -33.0522 -71.6082
321 -33.0522 -71.6082
230 -33.0521 -71.6087
185 -33.052 -71.6094
707 -33.052 -71.6093
371 -33.052 -71.609
257 -33.052 -71.6091
397 -33.0515 -71.6096
731 -33.0517 -71.6094
813 -33.0519 -71.6092
562 -33.0517 -71.609
91 -33.0517 -71.609
181 -33.052 -71.6089
670 -33.052 -71.6088
8 -33.0517 -71.6082
625 -33.0517 -71.609
658 -33.0516 -71.6089
534 -33.0516 -71.6089
673 -33.0524 -71.6081
770 -33.0524 -71.6081
284 -33.0524 -71.6081
882 -33.0524 -71.6081
243 -33.0523 -71.6081
172 -33.0522 -71.6081
845 -33.0523 -71.6081
71 -33.0523 -71.6081
16 -33.0522 -71.6081
736 -33.0523 -71.6081
325 -33.0523 -71.6081
788 -33.0522 -71.608
294 -33.0522 -71.6081
103 -33.0521 -71.6076
406 -33.0522 -71.6076
244 -33.0521 -71.6072
287 -33.0521 -71.6076
544 -33.0519 -71.608
993 -33.0521 -71.6076
564 -33.0519 -71.6066
395 -33.0518 -71.6081
975 -33.0518 -71.6076
232 -33.0516 -71.6075
339 -33.0516 -71.6075
358 -33.0519 -71.6065
65 -33.0518 -71.6065
122 -33.0518 -71.6064
957 -33.052 -71.6048
1 -33.0517 -71.6048
388 -33.0517 -71.6062
628 -33.0517 -71.6061
267 -33.0515 -71.6096
691 -33.0514 -71.6097
720 -33.0515 -71.6096
245 -33.0515 -71.6096
806 -33.0514 -71.6097
554 -33.0513 -71.6098
887 -33.0514 -71.6097
247 -33.0514 -71.6097
203 -33.0514 -71.6088
623 -33.0514 -71.6087
867 -33.0514 -71.6087
791 -33.051 -71.6086
566 -33.0509 -71.6085
193 -33.0509 -71.6085
776 -33.0508 -71.6085
536 -33.0508 -71.6085
429 -33.0508 -71.6085
824 -33.0496 -71.6096
928 -33.0496 -71.6095
663 -33.0496 -71.6094
459 -33.0496 -71.6096
814 -33.0495 -71.6098
729 -33.0495 -71.6097
3 -33.0495 -71.6097
344 -33.0496 -71.6093
121 -33.0503 -71.6092
650 -33.0503 -71.6092
781 -33.0502 -71.6092
28 -33.0501 -71.6091
47 -33.05 -71.6091
39 -33.0498 -71.6091
270 -33.0507 -71.6085
215 -33.0513 -71.6084
839 -33.0514 -71.6075
895 -33.0511 -71.6074
989 -33.051 -71.6074
161 -33.0507 -71.6085
308 -33.051 -71.6074
21 -33.0509 -71.6074
194 -33.0508 -71.6074
913 -33.0515 -71.6059
30 -33.0513 -71.6053
826 -33.0513 -71.6052
492 -33.0512 -71.6058
149 -33.051 -71.6059
896 -33.051 -71.6058
800 -33.0509 -71.6058
906 -33.0506 -71.6085
508 -33.0505 -71.6085
914 -33.0504 -71.6085
617 -33.0503 -71.6085
717 -33.0501 -71.6084
188 -33.0497 -71.6084
59 -33.0497 -71.6084
380 -33.0497 -71.6084
568 -33.0496 -71.6084
618 -33.0494 -71.6084
346 -33.0492 -71.6083
514 -33.0504 -71.6056
559 -33.0488 -71.6083
162 -33.0485 -71.6082
533 -33.0481 -71.6039
