940 -33.0515 -71.6261
935 -33.0514 -71.6253
327 -33.0514 -71.6253
497 -33.0512 -71.6257
176 -33.0511 -71.6259
142 -33.0512 -71.6258
38 -33.0512 -71.6253
315 -33.0513 -71.6251
266 -33.0518 -71.625
930 -33.0518 -71.6249
880 -33.052 -71.6238
177 -33.0516 -71.6238
732 -33.0512 -71.6251
253 -33.0515 -71.6243
678 -33.0509 -71.6243
115 -33.0509 -71.6251
961 -33.0509 -71.6259
85 -33.0508 -71.6251
799 -33.0508 -71.6243
66 -33.0507 -71.6255
217 -33.0501 -71.6259
716 -33.0504 -71.6243
226 -33.0505 -71.6242
5 -33.0504 -71.6242
890 -33.0506 -71.6236
703 -33.0507 -71.6235
500 -33.0509 -71.6233
440 -33.0506 -71.6237
796 -33.0504 -71.6242
647 -33.0503 -71.6242
694 -33.0503 -71.6242
487 -33.0513 -71.6232
377 -33.0518 -71.6222
210 -33.0518 -71.6222
179 -33.0513 -71.6222
260 -33.0512 -71.6232
956 -33.0506 -71.6214
713 -33.0506 -71.6213
775 -33.0506 -71.6213
425 -33.0505 -71.6211
373 -33.0515 -71.621
542 -33.0514 -71.6203
301 -33.0514 -71.6202
680 -33.0512 -71.6202
69 -33.0511 -71.6202
587 -33.0507 -71.6201
216 -33.0506 -71.6201
838 -33.0505 -71.6206
283 -33.0504 -71.6231
637 -33.0504 -71.6221
547 -33.0505 -71.6215
74 -33.0503 -71.621
901 -33.0501 -71.6231
432 -33.0501 -71.6223
302 -33.0501 -71.6223
973 -33.0502 -71.6208
76 -33.0505 -71.6206
761 -33.0505 -71.6206
341 -33.0504 -71.6205
919 -33.0504 -71.62
355 -33.0504 -71.6203
456 -33.0502 -71.62
550 -33.0501 -71.6242
883 -33.0497 -71.6252
34 -33.0498 -71.6252
109 -33.0498 -71.6252
633 -33.0494 -71.6253
101 -33.0493 -71.626
598 -33.049 -71.626
786 -33.0491 -71.6253
479 -33.0501 -71.6252
697 -33.0495 -71.6243
53 -33.0498 -71.6232
313 -33.0499 -71.6231
206 -33.0493 -71.6232
829 -33.0493 -71.6251
447 -33.049 -71.6248
250 -33.0489 -71.6226
213 -33.0488 -71.6232
493 -33.0486 -71.6244
979 -33.0487 -71.6243
589 -33.0486 -71.6241
987 -33.0484 -71.6252
735 -33.0483 -71.6253
92 -33.0484 -71.6252
25 -33.0481 -71.6244
412 -33.0484 -71.6233
597 -33.0487 -71.6232
144 -33.0487 -71.6232
852 -33.0487 -71.623
632 -33.0486 -71.6224
111 -33.0481 -71.6226
163 -33.0482 -71.6226
17 -33.0485 -71.6225
374 -33.0488 -71.6223
399 -33.0499 -71.6223
116 -33.0499 -71.6223
234 -33.0497 -71.6219
77 -33.0496 -71.6223
340 -33.0493 -71.6222
448 -33.0493 -71.6222
401 -33.0493 -71.6216
166 -33.0496 -71.6216
86 -33.0494 -71.6208
844 -33.0494 -71.6207
760 -33.0498 -71.6201
198 -33.0494 -71.6208
804 -33.0493 -71.6208
891 -33.0492 -71.6208
656 -33.0494 -71.6203
434 -33.0491 -71.6204
780 -33.0487 -71.6221
687 -33.0489 -71.6218
831 -33.0488 -71.6218
262 -33.0487 -71.6219
337 -33.0482 -71.6221
701 -33.0485 -71.6216
457 -33.0483 -71.6215
363 -33.0481 -71.6214
522 -33.0485 -71.6209
323 -33.0486 -71.6209
565 -33.0484 -71.6208
207 -33.0482 -71.621
548 -33.0482 -71.621
709 -33.0482 -71.621
539 -33.0496 -71.6199
376 -33.0518 -71.6199
881 -33.0519 -71.6199
816 -33.0518 -71.6199
765 -33.0514 -71.619
537 -33.0511 -71.6192
413 -33.0513 -71.6189
869 -33.0513 -71.6183
646 -33.0511 -71.6182
560 -33.0517 -71.6178
774 -33.0517 -71.6178
475 -33.0518 -71.6169
936 -33.0516 -71.6171
931 -33.0516 -71.6172
356 -33.051 -71.6171
286 -33.0509 -71.6168
370 -33.0509 -71.6191
428 -33.0504 -71.6192
189 -33.0504 -71.6184
963 -33.0504 -71.6184
134 -33.0501 -71.6192
379 -33.0501 -71.6192
524 -33.0498 -71.6191
255 -33.0498 -71.6187
367 -33.0503 -71.6183
57 -33.0509 -71.6181
668 -33.0509 -71.6181
582 -33.0501 -71.6178
978 -33.05 -71.6178
407 -33.0498 -71.6178
389 -33.05 -71.617
433 -33.0499 -71.6168
943 -33.0511 -71.6167
945 -33.052 -71.6159
118 -33.052 -71.6156
991 -33.0518 -71.6156
578 -33.0518 -71.6154
842 -33.0515 -71.6164
792 -33.0514 -71.6156
299 -33.0514 -71.6156
507 -33.0518 -71.6153
482 -33.0518 -71.6148
976 -33.0519 -71.6148
872 -33.0519 -71.6147
2 -33.0517 -71.6149
242 -33.0515 -71.6149
737 -33.0517 -71.6148
782 -33.0517 -71.6146
910 -33.0513 -71.615
640 -33.0513 -71.6165
20 -33.0512 -71.6163
268 -33.0512 -71.6162
818 -33.051 -71.6163
18 -33.0503 -71.6166
426 -33.0508 -71.6164
6 -33.0497 -71.6159
608 -33.0504 -71.6158
464 -33.0505 -71.6157
297 -33.0512 -71.6156
950 -33.0506 -71.6152
879 -33.0502 -71.6157
60 -33.0501 -71.6158
893 -33.0498 -71.6157
743 -33.0497 -71.6169
42 -33.0494 -71.6194
549 -33.0496 -71.6186
95 -33.0495 -71.6185
841 -33.0494 -71.6189
361 -33.0493 -71.6192
352 -33.0494 -71.6185
443 -33.0492 -71.6183
408 -33.0494 -71.6177
391 -33.0489 -71.6174
689 -33.0496 -71.617
955 -33.0489 -71.6169
107 -33.0489 -71.6172
41 -33.0488 -71.6175
269 -33.0488 -71.6173
921 -33.0488 -71.6173
871 -33.0488 -71.6173
543 -33.0488 -71.6185
570 -33.0485 -71.6183
641 -33.0485 -71.6183
754 -33.0484 -71.6187
684 -33.0483 -71.6188
455 -33.0483 -71.6188
396 -33.0483 -71.6187
150 -33.0485 -71.6182
609 -33.0486 -71.6181
959 -33.0487 -71.6177
146 -33.0487 -71.6177
442 -33.0484 -71.6171
699 -33.0482 -71.6182
698 -33.0482 -71.6182
184 -33.0485 -71.6168
554 -33.0495 -71.6166
887 -33.0494 -71.6166
822 -33.0494 -71.6165
450 -33.0494 -71.6165
415 -33.0491 -71.6164
257 -33.0492 -71.6159
295 -33.0492 -71.6156
375 -33.0493 -71.6154
284 -33.0494 -71.6148
882 -33.0494 -71.6148
349 -33.0494 -71.6147
321 -33.0493 -71.6151
762 -33.0493 -71.6151
319 -33.0493 -71.6151
229 -33.0493 -71.6151
476 -33.049 -71.6166
251 -33.049 -71.6165
123 -33.0486 -71.6164
726 -33.0487 -71.6164
279 -33.0486 -71.6164
141 -33.0485 -71.6166
602 -33.0486 -71.6166
682 -33.0485 -71.6164
693 -33.0484 -71.6164
520 -33.0484 -71.6164
745 -33.0482 -71.6152
252 -33.0482 -71.6151
577 -33.0482 -71.6149
290 -33.0481 -71.6155
731 -33.0481 -71.6154
654 -33.0481 -71.6211
849 -33.0475 -71.6256
360 -33.048 -71.6253
409 -33.0479 -71.6252
629 -33.0473 -71.6252
583 -33.0468 -71.6258
755 -33.047 -71.6249
722 -33.0468 -71.6247
710 -33.0479 -71.6243
999 -33.0478 -71.6234
854 -33.0479 -71.6234
586 -33.0477 -71.6234
868 -33.0475 -71.6235
484 -33.0474 -71.6243
152 -33.0468 -71.6241
36 -33.0475 -71.6235
509 -33.0468 -71.6258
911 -33.0467 -71.6258
939 -33.0466 -71.6256
9 -33.0466 -71.6256
55 -33.0466 -71.6254
764 -33.0464 -71.6257
485 -33.0462 -71.6256
80 -33.0461 -71.6255
530 -33.0465 -71.625
453 -33.0466 -71.6237
660 -33.0466 -71.6234
692 -33.0466 -71.6234
900 -33.0465 -71.6235
708 -33.0462 -71.6246
511 -33.0465 -71.6246
130 -33.0464 -71.6237
859 -33.048 -71.6234
0 -33.0477 -71.6224
783 -33.048 -71.6216
481 -33.048 -71.6215
195 -33.0473 -71.6228
462 -33.0473 -71.6232
688 -33.0473 -71.6232
64 -33.0471 -71.6216
27 -33.0472 -71.6215
430 -33.048 -71.6214
431 -33.0473 -71.6212
518 -33.0473 -71.6211
665 -33.0472 -71.6212
278 -33.0472 -71.6214
93 -33.0471 -71.6214
240 -33.047 -71.6213
828 -33.0468 -71.6212
191 -33.0468 -71.6232
834 -33.0464 -71.6229
612 -33.0468 -71.6228
631 -33.0463 -71.6229
897 -33.046 -71.6232
529 -33.046 -71.623
394 -33.0461 -71.623
884 -33.0468 -71.6228
728 -33.0461 -71.6216
231 -33.0461 -71.6208
614 -33.0465 -71.6207
538 -33.0461 -71.6218
648 -33.046 -71.6218
496 -33.0461 -71.6207
263 -33.0459 -71.6232
516 -33.0456 -71.6258
718 -33.0458 -71.6258
696 -33.0454 -71.6256
802 -33.0454 -71.6254
277 -33.0453 -71.6257
938 -33.0453 -71.6253
139 -33.0452 -71.6253
222 -33.0458 -71.6252
383 -33.0459 -71.6242
605 -33.0457 -71.6241
889 -33.0458 -71.6237
322 -33.0454 -71.6251
205 -33.0454 -71.6251
820 -33.0453 -71.625
639 -33.045 -71.6237
635 -33.0449 -71.6241
220 -33.0441 -71.6258
784 -33.0441 -71.6257
988 -33.0439 -71.6256
982 -33.0439 -71.6258
88 -33.0435 -71.6255
643 -33.0434 -71.6252
827 -33.0438 -71.6248
427 -33.0438 -71.6247
972 -33.0448 -71.6241
933 -33.0446 -71.6239
348 -33.0447 -71.6239
793 -33.0442 -71.6244
644 -33.0435 -71.6247
724 -33.0435 -71.6245
113 -33.0449 -71.6237
983 -33.0458 -71.6235
318 -33.0459 -71.6233
519 -33.0455 -71.6226
314 -33.0453 -71.6228
862 -33.0451 -71.6231
435 -33.0452 -71.6231
855 -33.0452 -71.6227
904 -33.0456 -71.6223
13 -33.0459 -71.6222
31 -33.0458 -71.6221
574 -33.0459 -71.6216
572 -33.0457 -71.6222
84 -33.0451 -71.6218
778 -33.0452 -71.6216
174 -33.0453 -71.6212
941 -33.045 -71.6226
794 -33.0444 -71.6231
170 -33.0447 -71.6226
573 -33.0448 -71.6225
48 -33.0442 -71.6222
968 -33.0437 -71.623
553 -33.0441 -71.6222
157 -33.0441 -71.6222
81 -33.0443 -71.6222
10 -33.0447 -71.6214
333 -33.0443 -71.6212
712 -33.0449 -71.6209
604 -33.0443 -71.6214
610 -33.0435 -71.622
763 -33.0439 -71.6209
850 -33.0456 -71.6207
721 -33.048 -71.6202
767 -33.0479 -71.62
812 -33.048 -71.62
180 -33.0476 -71.6202
787 -33.0475 -71.6204
258 -33.0475 -71.6203
864 -33.0475 -71.6203
164 -33.0477 -71.6199
992 -33.0479 -71.6199
246 -33.0479 -71.6188
730 -33.0479 -71.6187
803 -33.0478 -71.6187
254 -33.0477 -71.6199
292 -33.0477 -71.6198
750 -33.0477 -71.6198
329 -33.0474 -71.6207
495 -33.0472 -71.6202
685 -33.0467 -71.6201
779 -33.0468 -71.6198
444 -33.0466 -71.6204
727 -33.0465 -71.6207
683 -33.0465 -71.6207
345 -33.0463 -71.6203
860 -33.0468 -71.6196
651 -33.0468 -71.6196
439 -33.047 -71.619
817 -33.0469 -71.6183
932 -33.0467 -71.6183
920 -33.0466 -71.6194
947 -33.0465 -71.6194
465 -33.0467 -71.6184
805 -33.0465 -71.6182
953 -33.048 -71.6174
580 -33.0479 -71.6163
271 -33.0479 -71.6162
809 -33.0479 -71.618
488 -33.0478 -71.6173
777 -33.0474 -71.6172
445 -33.0477 -71.6168
819 -33.0472 -71.6161
67 -33.0479 -71.616
649 -33.048 -71.6157
267 -33.048 -71.6156
160 -33.0476 -71.6149
965 -33.047 -71.6154
309 -33.0471 -71.6151
998 -33.0476 -71.6149
594 -33.047 -71.6161
466 -33.0468 -71.6176
336 -33.0468 -71.6175
801 -33.0468 -71.6161
131 -33.0466 -71.6161
342 -33.0461 -71.6181
974 -33.0465 -71.617
546 -33.0461 -71.616
729 -33.0461 -71.6155
599 -33.0461 -71.6154
114 -33.0461 -71.6152
334 -33.0462 -71.6147
908 -33.0461 -71.6153
451 -33.0461 -71.6154
926 -33.0461 -71.6152
178 -33.0461 -71.6202
418 -33.0461 -71.6207
807 -33.0459 -71.6202
830 -33.0458 -71.6201
971 -33.0458 -71.6201
106 -33.0456 -71.6207
273 -33.045 -71.6203
515 -33.045 -71.6198
851 -33.0449 -71.6198
153 -33.0459 -71.6195
847 -33.0458 -71.6192
320 -33.046 -71.6181
504 -33.0453 -71.619
44 -33.0452 -71.6192
304 -33.0449 -71.6189
248 -33.0447 -71.6182
218 -33.0447 -71.6199
949 -33.044 -71.6199
541 -33.0445 -71.6198
436 -33.0445 -71.6198
853 -33.044 -71.6199
155 -33.0439 -71.6207
140 -33.044 -71.62
416 -33.044 -71.62
165 -33.0443 -71.6198
50 -33.0442 -71.6198
364 -33.0442 -71.6188
652 -33.0443 -71.6188
758 -33.0442 -71.6173
239 -33.0441 -71.6198
960 -33.0441 -71.6188
795 -33.0454 -71.6173
58 -33.0456 -71.6169
638 -33.0455 -71.6169
117 -33.0461 -71.6162
894 -33.0455 -71.6169
596 -33.0455 -71.6172
719 -33.0453 -71.6169
545 -33.0455 -71.6161
892 -33.0456 -71.616
946 -33.0455 -71.6157
942 -33.0455 -71.6152
655 -33.0456 -71.6148
317 -33.0453 -71.616
666 -33.0449 -71.6159
766 -33.045 -71.6151
338 -33.045 -71.6147
148 -33.0448 -71.6153
393 -33.0448 -71.6172
899 -33.0448 -71.6171
756 -33.0448 -71.6171
128 -33.0443 -71.6169
590 -33.0442 -71.6173
823 -33.0442 -71.6172
119 -33.0442 -71.6172
634 -33.0437 -71.6163
385 -33.0442 -71.6161
96 -33.0447 -71.6159
588 -33.0448 -71.6154
133 -33.0442 -71.6163
75 -33.0437 -71.6162
241 -33.0438 -71.6146
661 -33.0458 -71.6146
298 -33.0517 -71.6138
874 -33.0517 -71.6137
866 -33.0518 -71.6137
192 -33.0513 -71.614
483 -33.051 -71.6145
561 -33.0512 -71.6143
505 -33.0512 -71.6141
948 -33.052 -71.6132
463 -33.0515 -71.6131
72 -33.0513 -71.6131
747 -33.0513 -71.6131
810 -33.0511 -71.6123
414 -33.0511 -71.6131
420 -33.051 -71.6131
592 -33.051 -71.6119
994 -33.051 -71.6131
531 -33.0508 -71.6144
811 -33.0508 -71.6142
675 -33.0508 -71.6141
120 -33.0507 -71.6142
276 -33.0506 -71.6144
124 -33.0507 -71.6143
390 -33.0507 -71.6142
556 -33.0509 -71.6141
576 -33.0509 -71.6131
521 -33.0509 -71.6131
132 -33.0509 -71.6119
772 -33.0508 -71.6119
501 -33.0508 -71.6141
316 -33.0503 -71.613
626 -33.0501 -71.613
922 -33.0512 -71.6119
970 -33.0518 -71.6119
98 -33.0519 -71.6119
19 -33.0515 -71.6114
873 -33.0515 -71.6119
83 -33.0514 -71.6119
790 -33.0513 -71.6114
326 -33.0513 -71.6114
43 -33.0509 -71.6113
579 -33.0517 -71.6097
677 -33.0517 -71.6096
291 -33.0518 -71.6095
368 -33.0515 -71.6099
954 -33.0507 -71.6113
525 -33.0509 -71.6102
925 -33.0511 -71.61
769 -33.0507 -71.6113
917 -33.0504 -71.6113
219 -33.0505 -71.6113
857 -33.0501 -71.6113
402 -33.0501 -71.6106
937 -33.05 -71.6114
523 -33.05 -71.6113
225 -33.05 -71.611
52 -33.0501 -71.6106
307 -33.0502 -71.6104
591 -33.0502 -71.6101
636 -33.0502 -71.6099
400 -33.0501 -71.6106
469 -33.0501 -71.6101
513 -33.05 -71.6101
46 -33.05 -71.6114
158 -33.0496 -71.6136
127 -33.0496 -71.6135
923 -33.0497 -71.6133
704 -33.0495 -71.6142
669 -33.0493 -71.6145
671 -33.0494 -71.6139
958 -33.0493 -71.6139
238 -33.0497 -71.6132
32 -33.0499 -71.613
470 -33.0498 -71.6125
26 -33.0498 -71.6123
622 -33.0498 -71.6127
686 -33.0496 -71.6129
137 -33.0492 -71.6129
746 -33.0497 -71.6129
856 -33.0491 -71.6138
480 -33.049 -71.6145
199 -33.049 -71.6144
51 -33.0488 -71.6129
642 -33.0487 -71.6129
97 -33.0484 -71.6142
398 -33.0486 -71.6129
187 -33.0485 -71.6129
182 -33.0483 -71.6129
404 -33.0483 -71.6129
840 -33.0489 -71.6124
907 -33.048 -71.6121
832 -33.0479 -71.6122
294 -33.0478 -71.6127
351 -33.0478 -71.6127
741 -33.048 -71.6121
662 -33.0499 -71.612
472 -33.0499 -71.6116
422 -33.05 -71.6115
378 -33.0499 -71.6121
94 -33.049 -71.6117
825 -33.0492 -71.6113
555 -33.0497 -71.6112
569 -33.0496 -71.6112
944 -33.0496 -71.6112
305 -33.0493 -71.6112
35 -33.0494 -71.6104
740 -33.0492 -71.6099
962 -33.049 -71.6112
282 -33.0491 -71.6099
773 -33.049 -71.6099
110 -33.049 -71.6118
733 -33.0489 -71.6121
846 -33.0482 -71.6114
173 -33.0483 -71.6111
571 -33.0482 -71.6115
15 -33.048 -71.6119
29 -33.0481 -71.6118
981 -33.0481 -71.6117
214 -33.0479 -71.6111
261 -33.0485 -71.6102
674 -33.0485 -71.61
984 -33.0485 -71.6099
145 -33.0484 -71.6106
167 -33.0478 -71.611
843 -33.0483 -71.6098
354 -33.0519 -71.6092
474 -33.0512 -71.6085
467 -33.0512 -71.6084
528 -33.0516 -71.6082
808 -33.0512 -71.6087
154 -33.0508 -71.6092
619 -33.0511 -71.6091
281 -33.0511 -71.609
237 -33.0513 -71.6079
300 -33.0515 -71.6075
748 -33.0514 -71.6075
751 -33.0515 -71.6069
768 -33.0514 -71.6077
967 -33.0514 -71.6077
491 -33.0507 -71.6073
606 -33.0509 -71.6067
63 -33.0507 -71.6075
259 -33.0506 -71.6085
331 -33.0506 -71.6085
419 -33.0505 -71.6085
196 -33.0503 -71.6092
384 -33.0501 -71.6084
672 -33.0499 -71.6084
452 -33.0499 -71.6081
563 -33.0506 -71.6079
112 -33.0507 -71.6076
886 -33.0507 -71.6076
876 -33.0503 -71.6073
797 -33.0503 -71.6065
927 -33.0502 -71.6072
848 -33.0501 -71.6066
221 -33.0501 -71.6066
558 -33.0503 -71.6064
175 -33.0517 -71.6062
280 -33.0516 -71.6058
441 -33.052 -71.6057
903 -33.0514 -71.6055
159 -33.0513 -71.6064
147 -33.051 -71.6059
679 -33.0512 -71.6059
311 -33.0513 -71.6053
303 -33.0513 -71.6053
581 -33.0513 -71.6053
332 -33.0517 -71.6051
551 -33.0509 -71.6041
40 -33.0508 -71.6051
473 -33.0507 -71.6047
858 -33.0508 -71.6043
461 -33.0507 -71.605
499 -33.0506 -71.6057
79 -33.0506 -71.6057
506 -33.0504 -71.6056
129 -33.0503 -71.6063
929 -33.0502 -71.6056
411 -33.0501 -71.6056
212 -33.0499 -71.6055
527 -33.0507 -71.605
223 -33.0504 -71.605
870 -33.0507 -71.6049
557 -33.0501 -71.6037
73 -33.05 -71.6039
90 -33.0499 -71.6046
156 -33.0499 -71.604
366 -33.0499 -71.6084
627 -33.0498 -71.6085
209 -33.0499 -71.6084
977 -33.0497 -71.6084
454 -33.0496 -71.6084
613 -33.0493 -71.6091
535 -33.0493 -71.6091
274 -33.0493 -71.6091
362 -33.0496 -71.6084
934 -33.0497 -71.6071
512 -33.0496 -71.6071
11 -33.0495 -71.6071
510 -33.0494 -71.6071
61 -33.0492 -71.6083
12 -33.0492 -71.6083
296 -33.0494 -71.6071
190 -33.0491 -71.6091
424 -33.0487 -71.6083
912 -33.0488 -71.6083
676 -33.0487 -71.6082
888 -33.0487 -71.6085
723 -33.0483 -71.6091
503 -33.0478 -71.6091
478 -33.0481 -71.6082
833 -33.0481 -71.6082
7 -33.0486 -71.6078
438 -33.0488 -71.6069
753 -33.0482 -71.6066
350 -33.048 -71.6067
49 -33.0479 -71.6077
62 -33.048 -71.6067
138 -33.0486 -71.6065
657 -33.0497 -71.6065
335 -33.0497 -71.6065
705 -33.0498 -71.6055
645 -33.0496 -71.6054
285 -33.0496 -71.6065
700 -33.0495 -71.6065
477 -33.0493 -71.6065
168 -33.0496 -71.6054
980 -33.0496 -71.6044
924 -33.0497 -71.6043
489 -33.0497 -71.6043
540 -33.0494 -71.604
918 -33.0492 -71.6052
878 -33.0491 -71.6051
458 -33.0489 -71.605
78 -33.0489 -71.6057
228 -33.0489 -71.6059
664 -33.0489 -71.6055
593 -33.0488 -71.6047
421 -33.0487 -71.6046
227 -33.0486 -71.6047
381 -33.0486 -71.6044
532 -33.0486 -71.6044
181 -33.0479 -71.6041
169 -33.0479 -71.604
706 -33.0488 -71.6036
502 -33.0481 -71.6036
752 -33.0478 -71.604
966 -33.0478 -71.604
620 -33.0478 -71.604
14 -33.0477 -71.6129
105 -33.0475 -71.6134
405 -33.0475 -71.6134
197 -33.0475 -71.6134
23 -33.0472 -71.6135
143 -33.0471 -71.6145
776 -33.0472 -71.6138
446 -33.0472 -71.6136
371 -33.0473 -71.6134
813 -33.0471 -71.6133
997 -33.0474 -71.6127
916 -33.0473 -71.6124
272 -33.0469 -71.6133
806 -33.0466 -71.6133
310 -33.0467 -71.6133
387 -33.0469 -71.6126
386 -33.0465 -71.6133
567 -33.0461 -71.6136
410 -33.0463 -71.6134
986 -33.0464 -71.6134
552 -33.0461 -71.614
372 -33.0457 -71.6146
759 -33.0459 -71.6131
616 -33.0459 -71.6131
781 -33.0458 -71.6131
423 -33.0465 -71.6125
245 -33.0462 -71.6124
247 -33.0462 -71.6124
691 -33.0462 -71.6124
208 -33.0457 -71.613
359 -33.0459 -71.6123
151 -33.0457 -71.6123
230 -33.0473 -71.6121
403 -33.0473 -71.6117
236 -33.0474 -71.611
909 -33.0473 -71.611
357 -33.0472 -71.6118
611 -33.0469 -71.611
736 -33.0468 -71.6109
789 -33.0469 -71.6109
757 -33.0474 -71.6103
468 -33.0474 -71.6099
681 -33.0471 -71.6098
952 -33.0474 -71.6098
575 -33.0471 -71.6098
885 -33.0467 -71.6099
653 -33.0469 -71.6098
990 -33.0468 -71.6098
861 -33.0464 -71.6098
102 -33.0463 -71.6117
742 -33.0462 -71.611
347 -33.0462 -71.6108
397 -33.0462 -71.6118
171 -33.0462 -71.6119
264 -33.0456 -71.6116
670 -33.0461 -71.6108
905 -33.0457 -71.6108
16 -33.0463 -71.6098
845 -33.0463 -71.6098
243 -33.0463 -71.6098
172 -33.0462 -71.6098
215 -33.0456 -71.6103
395 -33.0457 -71.6098
200 -33.0456 -71.612
835 -33.0452 -71.6145
517 -33.0451 -71.6136
202 -33.0456 -71.6132
201 -33.045 -71.6145
392 -33.0449 -71.6145
898 -33.0448 -71.6136
330 -33.0448 -71.6131
615 -33.0455 -71.613
104 -33.0455 -71.613
837 -33.0453 -71.613
108 -33.0455 -71.6122
630 -33.045 -71.6129
877 -33.0449 -71.6129
725 -33.045 -71.6129
584 -33.045 -71.6129
739 -33.0448 -71.6137
526 -33.0444 -71.6145
996 -33.044 -71.6134
749 -33.0441 -71.6133
186 -33.044 -71.6132
312 -33.0438 -71.6146
985 -33.0439 -71.6137
964 -33.0438 -71.6137
902 -33.0442 -71.6131
969 -33.0444 -71.6129
744 -33.0445 -71.6129
824 -33.0443 -71.6122
798 -33.0442 -71.6128
915 -33.0441 -71.613
100 -33.0441 -71.6125
37 -33.0451 -71.6122
490 -33.0451 -71.6121
711 -33.0456 -71.6121
70 -33.045 -71.6121
135 -33.0449 -71.612
45 -33.0448 -71.6121
87 -33.0448 -71.612
265 -33.0448 -71.6119
720 -33.0456 -71.6112
289 -33.045 -71.6111
875 -33.045 -71.6107
8 -33.0456 -71.61
667 -33.045 -71.6109
650 -33.0447 -71.6111
121 -33.0446 -71.6104
193 -33.0447 -71.6099
28 -33.0446 -71.6101
585 -33.0444 -71.612
4 -33.0443 -71.6114
659 -33.0443 -71.6112
621 -33.0442 -71.6115
814 -33.0441 -71.6121
486 -33.0442 -71.612
288 -33.0442 -71.611
24 -33.0441 -71.6108
275 -33.0444 -71.6101
449 -33.0444 -71.6101
47 -33.0444 -71.6101
995 -33.0443 -71.61
249 -33.0441 -71.6107
39 -33.0442 -71.61
126 -33.0473 -71.6098
603 -33.0475 -71.6098
601 -33.0474 -71.6083
715 -33.0476 -71.6082
22 -33.0472 -71.6098
183 -33.0471 -71.609
211 -33.0468 -71.609
324 -33.0466 -71.609
256 -33.0473 -71.6082
595 -33.0473 -71.6082
89 -33.0474 -71.6074
863 -33.0473 -71.6066
224 -33.0472 -71.6082
600 -33.0466 -71.6081
498 -33.0465 -71.607
690 -33.047 -71.6068
785 -33.0465 -71.609
204 -33.0464 -71.6081
328 -33.0464 -71.6081
343 -33.0464 -71.6081
821 -33.0464 -71.609
406 -33.0459 -71.6089
714 -33.0463 -71.6081
836 -33.0463 -71.6081
734 -33.0462 -71.6081
607 -33.0463 -71.6075
957 -33.0463 -71.6071
437 -33.0463 -71.6068
951 -33.0463 -71.6079
771 -33.0458 -71.608
136 -33.0463 -71.608
185 -33.0463 -71.6066
471 -33.0472 -71.606
369 -33.0474 -71.606
365 -33.0476 -71.6058
233 -33.0473 -71.6055
460 -33.0472 -71.6057
56 -33.0472 -71.6057
624 -33.0471 -71.6054
325 -33.0471 -71.6051
91 -33.0469 -71.6048
382 -33.0475 -71.6038
673 -33.0475 -71.6038
815 -33.0476 -71.6037
770 -33.0473 -71.6042
99 -33.047 -71.6043
788 -33.0471 -71.6043
293 -33.0472 -71.6043
244 -33.0469 -71.6035
658 -33.0462 -71.606
534 -33.0462 -71.6059
993 -33.0462 -71.6059
203 -33.0462 -71.6056
791 -33.046 -71.6055
232 -33.046 -71.6055
1 -33.0461 -71.6054
287 -33.0468 -71.6049
564 -33.0459 -71.6048
508 -33.0459 -71.6045
536 -33.0464 -71.6042
122 -33.0459 -71.6044
65 -33.0458 -71.6048
906 -33.0458 -71.6048
358 -33.0458 -71.6048
125 -33.0456 -71.6083
417 -33.0456 -71.6082
235 -33.0457 -71.608
82 -33.0456 -71.6084
707 -33.0454 -71.6089
623 -33.0448 -71.6089
68 -33.0456 -71.608
738 -33.0454 -71.608
71 -33.0456 -71.6077
306 -33.0456 -71.6077
339 -33.0449 -71.6071
544 -33.0448 -71.608
562 -33.0447 -71.608
867 -33.0448 -71.6073
839 -33.0447 -71.6072
344 -33.0445 -71.6095
928 -33.0442 -71.6094
494 -33.0442 -71.6093
663 -33.0444 -71.6093
459 -33.0442 -71.6093
3 -33.0442 -71.6092
702 -33.0442 -71.609
33 -33.0441 -71.6088
865 -33.0443 -71.6085
566 -33.0443 -71.608
695 -33.044 -71.608
149 -33.0444 -71.6073
353 -33.0439 -71.6079
54 -33.0438 -71.6075
533 -33.0437 -71.6073
103 -33.0456 -71.6069
625 -33.0456 -71.6068
975 -33.0456 -71.6065
308 -33.0454 -71.6057
161 -33.0454 -71.6056
989 -33.0452 -71.6059
895 -33.0453 -71.6059
826 -33.0453 -71.6053
617 -33.0453 -71.6052
913 -33.0452 -71.6051
628 -33.0454 -71.605
388 -33.0455 -71.6049
30 -33.0452 -71.6047
717 -33.0452 -71.6049
492 -33.0451 -71.6047
568 -33.045 -71.6044
188 -33.0449 -71.6048
429 -33.0444 -71.6068
270 -33.0446 -71.6065
194 -33.0446 -71.6064
21 -33.0444 -71.6068
914 -33.0443 -71.6065
162 -33.0435 -71.6062
59 -33.044 -71.6057
380 -33.044 -71.6056
896 -33.0448 -71.6052
800 -33.0448 -71.6049
559 -33.0446 -71.6036
346 -33.0445 -71.605
618 -33.0439 -71.6054
514 -33.0445 -71.605
