455 -33.0596 -71.6166
754 -33.0598 -71.6166
301 -33.0601 -71.6164
760 -33.0595 -71.6167
271 -33.0593 -71.6167
619 -33.0594 -71.6167
456 -33.0591 -71.6167
978 -33.0619 -71.6158
475 -33.0626 -71.615
962 -33.0595 -71.6149
726 -33.0594 -71.6148
123 -33.0594 -71.6149
762 -33.0591 -71.615
279 -33.0593 -71.615
549 -33.0593 -71.6149
803 -33.059 -71.6168
198 -33.0587 -71.617
838 -33.0588 -71.617
907 -33.0588 -71.6169
290 -33.0587 -71.6171
466 -33.0584 -71.6173
767 -33.0585 -71.6172
446 -33.0584 -71.6169
154 -33.0589 -71.6169
61 -33.0587 -71.6154
773 -33.0585 -71.6154
636 -33.0586 -71.6149
274 -33.0585 -71.6152
809 -33.0584 -71.6164
698 -33.0583 -71.616
69 -33.0584 -71.6148
641 -33.0585 -71.6148
467 -33.0603 -71.6143
945 -33.0603 -71.6143
686 -33.0605 -71.6141
189 -33.0602 -71.6141
367 -33.06 -71.6144
107 -33.0593 -71.6143
127 -33.0601 -71.6142
370 -33.0595 -71.6139
483 -33.0607 -71.6139
354 -33.0598 -71.6137
407 -33.0598 -71.6136
967 -33.0598 -71.6138
408 -33.0596 -71.6139
251 -33.0596 -71.6139
537 -33.0596 -71.6138
255 -33.0593 -71.6142
134 -33.059 -71.6146
816 -33.059 -71.6146
450 -33.0591 -71.6145
580 -33.0589 -71.6147
405 -33.0586 -71.6147
150 -33.0585 -71.6147
146 -33.0589 -71.6147
269 -33.0592 -71.6144
693 -33.0593 -71.6142
464 -33.0591 -71.6136
402 -33.0591 -71.6136
376 -33.0586 -71.6135
175 -33.0584 -71.6139
571 -33.0584 -71.6138
424 -33.0583 -71.6151
179 -33.0582 -71.6175
403 -33.0581 -71.617
423 -33.0582 -71.617
166 -33.0581 -71.6176
448 -33.0577 -71.6179
495 -33.0581 -71.6176
145 -33.0578 -71.617
488 -33.0583 -71.6151
819 -33.0582 -71.615
373 -33.0581 -71.615
105 -33.0583 -71.6148
512 -33.058 -71.615
7 -33.0579 -71.615
797 -33.0579 -71.615
361 -33.0578 -71.6149
431 -33.0577 -71.6179
946 -33.0572 -71.6183
930 -33.0573 -71.6182
908 -33.0574 -71.6182
487 -33.0571 -71.6184
614 -33.0571 -71.6184
727 -33.057 -71.6183
393 -33.0568 -71.6183
262 -33.0575 -71.618
171 -33.0574 -71.6171
506 -33.0576 -71.6153
355 -33.0575 -71.6149
49 -33.0573 -71.6149
611 -33.057 -71.617
341 -33.0573 -71.6149
546 -33.0573 -71.6148
761 -33.0571 -71.6148
476 -33.0581 -71.6144
948 -33.0582 -71.6142
587 -33.0574 -71.6142
89 -33.0574 -71.6142
730 -33.0574 -71.6146
919 -33.0574 -71.6145
551 -33.0574 -71.6142
216 -33.0574 -71.6142
542 -33.0579 -71.6139
42 -33.0579 -71.6139
212 -33.0581 -71.6136
389 -33.0579 -71.6139
228 -33.0575 -71.6139
885 -33.0574 -71.6137
40 -33.0574 -71.6135
600 -33.0573 -71.6137
434 -33.0571 -71.6148
254 -33.0571 -71.6148
844 -33.0571 -71.6148
973 -33.057 -71.6148
117 -33.057 -71.6148
292 -33.057 -71.6148
713 -33.057 -71.6148
711 -33.057 -71.6148
204 -33.0572 -71.6136
211 -33.0572 -71.6136
343 -33.0572 -71.6136
775 -33.057 -71.6148
377 -33.0569 -71.6147
812 -33.0568 -71.6147
593 -33.057 -71.6135
994 -33.061 -71.6134
751 -33.0603 -71.6132
413 -33.0603 -71.613
480 -33.0601 -71.6128
582 -33.06 -71.6134
414 -33.06 -71.6128
927 -33.0601 -71.6128
12 -33.0602 -71.6128
52 -33.0607 -71.6126
646 -33.0607 -71.6126
958 -33.0607 -71.6126
286 -33.0607 -71.6126
733 -33.0604 -71.6128
57 -33.0605 -71.6128
452 -33.0605 -71.6127
679 -33.0599 -71.6128
950 -33.0591 -71.6134
23 -33.059 -71.6129
789 -33.059 -71.6129
252 -33.059 -71.6129
822 -33.0589 -71.6133
955 -33.0589 -71.613
577 -33.059 -71.6129
387 -33.0591 -71.6129
295 -33.0596 -71.6128
14 -33.0599 -71.6128
351 -33.0599 -71.6128
19 -33.0594 -71.6129
743 -33.0591 -71.6129
674 -33.0593 -71.6129
909 -33.0594 -71.6129
303 -33.0591 -71.6125
118 -33.0627 -71.6124
976 -33.0626 -71.6121
531 -33.0615 -71.6121
501 -33.0615 -71.6121
747 -33.0613 -71.6122
774 -33.0615 -71.6121
238 -33.0615 -71.6121
917 -33.0624 -71.6121
482 -33.0627 -71.612
420 -33.063 -71.612
326 -33.0632 -71.6119
579 -33.0624 -71.6121
561 -33.0619 -71.612
523 -33.062 -71.612
297 -33.0619 -71.612
640 -33.0611 -71.6123
366 -33.0608 -71.6125
51 -33.0608 -71.6125
879 -33.0608 -71.6125
818 -33.0608 -71.6125
991 -33.0595 -71.6125
642 -33.0608 -71.6125
237 -33.0603 -71.6124
60 -33.0609 -71.6124
209 -33.0609 -71.6124
869 -33.061 -71.6124
608 -33.061 -71.6123
563 -33.0593 -71.6116
676 -33.0591 -71.6124
298 -33.0593 -71.6116
20 -33.0589 -71.6127
602 -33.0587 -71.6134
668 -33.0586 -71.6133
916 -33.0589 -71.6133
18 -33.0584 -71.613
521 -33.0583 -71.6134
881 -33.0582 -71.6134
603 -33.0583 -71.613
224 -33.0583 -71.613
310 -33.0586 -71.613
272 -33.0588 -71.6129
124 -33.0588 -71.6129
160 -33.0585 -71.613
347 -33.0583 -71.613
601 -33.0584 -71.613
998 -33.0585 -71.613
386 -33.0582 -71.613
848 -33.0581 -71.6133
442 -33.0581 -71.6133
963 -33.0582 -71.6131
520 -33.0577 -71.6131
734 -33.0569 -71.6134
591 -33.0576 -71.6134
421 -33.0569 -71.6134
35 -33.0577 -71.6131
986 -33.0582 -71.613
742 -33.0582 -71.613
645 -33.0582 -71.613
575 -33.058 -71.613
22 -33.058 -71.613
309 -33.058 -71.613
151 -33.0579 -71.6129
759 -33.0578 -71.6129
649 -33.0578 -71.6129
102 -33.0577 -71.6129
905 -33.0577 -71.6129
173 -33.0576 -71.6129
108 -33.0576 -71.6129
200 -33.0575 -71.6128
208 -33.0575 -71.6128
29 -33.0588 -71.6126
197 -33.0585 -71.6124
560 -33.0588 -71.6117
842 -33.0583 -71.6126
202 -33.0574 -71.6128
872 -33.0583 -71.6127
214 -33.0583 -71.6127
863 -33.0574 -71.6128
615 -33.0573 -71.6128
324 -33.0572 -71.6128
70 -33.0572 -71.6128
334 -33.0572 -71.6127
837 -33.057 -71.6127
801 -33.057 -71.6127
227 -33.0569 -71.6126
87 -33.0569 -71.6126
607 -33.0569 -71.6126
661 -33.0569 -71.6126
771 -33.0569 -71.6126
498 -33.0568 -71.6126
877 -33.0568 -71.6126
725 -33.0568 -71.6126
992 -33.0568 -71.6147
327 -33.0567 -71.6182
128 -33.0567 -71.6182
830 -33.0567 -71.6182
504 -33.0566 -71.6182
703 -33.0564 -71.6182
597 -33.0564 -71.6182
66 -33.056 -71.618
115 -33.0557 -71.6168
585 -33.0565 -71.6167
5 -33.0557 -71.6167
144 -33.0557 -71.6166
226 -33.0557 -71.6167
647 -33.0557 -71.6168
497 -33.0557 -71.6167
890 -33.0557 -71.6167
796 -33.0556 -71.6168
961 -33.0556 -71.6179
904 -33.0555 -71.6179
999 -33.0554 -71.6174
364 -33.0554 -71.6179
479 -33.0553 -71.6177
697 -33.0553 -71.6177
53 -33.0554 -71.6175
313 -33.0555 -71.6173
142 -33.0556 -71.617
412 -33.0556 -71.617
85 -33.0556 -71.6169
550 -33.0556 -71.6172
859 -33.0555 -71.6173
176 -33.0556 -71.6172
940 -33.0555 -71.6172
315 -33.0557 -71.6166
100 -33.0562 -71.6162
756 -33.0562 -71.616
266 -33.0562 -71.616
385 -33.0562 -71.616
17 -33.056 -71.6162
632 -33.0561 -71.6161
783 -33.0562 -71.616
253 -33.0562 -71.6159
430 -33.0562 -71.6158
148 -33.0561 -71.6158
739 -33.0561 -71.6157
177 -33.0561 -71.6157
93 -33.0561 -71.6156
340 -33.056 -71.6156
399 -33.056 -71.6155
250 -33.056 -71.6162
163 -33.0558 -71.6163
678 -33.0559 -71.6163
260 -33.056 -71.6162
852 -33.0558 -71.6164
111 -33.0557 -71.6165
38 -33.0557 -71.6165
500 -33.0558 -71.6164
75 -33.0555 -71.6159
749 -33.0559 -71.6158
659 -33.0557 -71.6157
116 -33.056 -71.6155
496 -33.0555 -71.6159
195 -33.0554 -71.6158
304 -33.0554 -71.6158
217 -33.0553 -71.6177
10 -33.0549 -71.6183
979 -33.0549 -71.6183
883 -33.055 -71.6179
983 -33.0549 -71.6184
589 -33.0548 -71.6186
786 -33.0548 -71.6185
829 -33.0549 -71.6184
165 -33.055 -71.6179
130 -33.055 -71.6179
109 -33.0551 -71.6179
574 -33.0551 -71.6158
106 -33.055 -71.6158
850 -33.055 -71.6158
688 -33.055 -71.6158
884 -33.0549 -71.6158
949 -33.0548 -71.6184
25 -33.0546 -71.6189
987 -33.0545 -71.6189
92 -33.0544 -71.6189
710 -33.0543 -71.6189
849 -33.0535 -71.6194
629 -33.0535 -71.6192
409 -33.0538 -71.6188
598 -33.0548 -71.6188
511 -33.0535 -71.6185
708 -33.0537 -71.6184
157 -33.0529 -71.6158
427 -33.0529 -71.6187
509 -33.0526 -71.6187
516 -33.0519 -71.6185
572 -33.0548 -71.6157
13 -33.0548 -71.6157
191 -33.0546 -71.6157
174 -33.0546 -71.6157
273 -33.0546 -71.6157
652 -33.0545 -71.6157
692 -33.0543 -71.6157
900 -33.0542 -71.6157
712 -33.0542 -71.6157
529 -33.0541 -71.6156
263 -33.0539 -71.6156
453 -33.0539 -71.6156
239 -33.0538 -71.6156
416 -33.0536 -71.6156
573 -33.0535 -71.6155
889 -33.0534 -71.6155
170 -33.0534 -71.6155
635 -33.0525 -71.6157
794 -33.0529 -71.6157
763 -33.0529 -71.6157
644 -33.0518 -71.6156
938 -33.0505 -71.6157
101 -33.0492 -71.6157
820 -33.0505 -71.6156
610 -33.0523 -71.6156
911 -33.0517 -71.6156
764 -33.0515 -71.6156
333 -33.0533 -71.6155
988 -33.0506 -71.6155
205 -33.0505 -71.6156
277 -33.0505 -71.6156
113 -33.0532 -71.6155
787 -33.0564 -71.615
545 -33.0565 -71.6149
864 -33.0566 -71.6148
323 -33.0562 -71.6152
860 -33.056 -71.6153
880 -33.056 -71.6153
565 -33.0561 -71.6152
892 -33.0567 -71.6148
210 -33.0568 -71.6147
891 -33.0568 -71.6147
235 -33.0568 -71.6126
721 -33.0567 -71.6148
547 -33.0567 -71.6148
68 -33.0565 -71.6132
185 -33.056 -71.6131
687 -33.056 -71.6153
795 -33.056 -71.6155
835 -33.056 -71.6154
320 -33.056 -71.6153
831 -33.0559 -71.6154
24 -33.0554 -71.6154
964 -33.0553 -71.6154
494 -33.055 -71.6152
91 -33.0555 -71.6131
625 -33.0556 -71.6131
181 -33.0556 -71.6131
382 -33.0551 -71.6131
867 -33.0551 -71.6131
536 -33.0546 -71.6127
429 -33.0546 -71.6127
161 -33.0546 -71.6127
265 -33.0567 -71.6125
599 -33.0565 -71.6124
738 -33.0565 -71.6124
655 -33.0565 -71.6124
82 -33.0565 -71.6124
306 -33.0565 -71.6124
233 -33.0565 -71.6124
437 -33.0565 -71.6124
707 -33.0562 -71.6124
201 -33.0561 -71.6123
942 -33.0561 -71.6123
392 -33.0561 -71.6123
902 -33.056 -71.6123
658 -33.0557 -71.6123
562 -33.0558 -71.6123
275 -33.0558 -71.6123
534 -33.0557 -71.6123
186 -33.0553 -71.6124
805 -33.0554 -71.6124
623 -33.0554 -71.6124
588 -33.0552 -71.6124
791 -33.055 -71.6124
666 -33.055 -71.6124
638 -33.055 -71.6124
566 -33.0549 -71.6124
203 -33.0555 -71.6124
996 -33.0556 -71.6123
449 -33.0557 -71.6123
270 -33.0547 -71.6124
33 -33.0546 -71.6124
906 -33.0545 -71.6124
508 -33.0545 -71.6124
639 -33.0531 -71.6155
353 -33.054 -71.6145
54 -33.0537 -71.6143
155 -33.0531 -71.6155
605 -33.0531 -71.6155
972 -33.051 -71.6131
793 -33.051 -71.6131
485 -33.0497 -71.613
827 -33.0501 -71.613
9 -33.0501 -71.613
553 -33.0511 -71.6126
484 -33.0498 -71.6126
493 -33.0497 -71.613
583 -33.0497 -71.6128
732 -33.0498 -71.6126
935 -33.0497 -71.613
735 -33.0495 -71.6139
222 -33.0495 -71.6138
633 -33.0496 -71.6137
696 -33.0495 -71.6139
139 -33.0495 -71.6141
322 -33.0495 -71.6141
802 -33.0495 -71.614
447 -33.0496 -71.6136
360 -33.0496 -71.6133
34 -33.0497 -71.6132
80 -33.0497 -71.6131
718 -33.0496 -71.6135
784 -33.0488 -71.6128
220 -33.0488 -71.6128
982 -33.0488 -71.6126
617 -33.0544 -71.6123
914 -33.0544 -71.6123
188 -33.0545 -71.6122
683 -33.0541 -71.6123
717 -33.0541 -71.6123
758 -33.0534 -71.6122
44 -33.0533 -71.6122
59 -33.0544 -71.6121
568 -33.0544 -71.6121
380 -33.0544 -71.612
618 -33.0543 -71.6119
346 -33.0542 -71.6117
851 -33.0526 -71.6121
660 -33.052 -71.6118
834 -33.0521 -71.6117
394 -33.052 -71.6118
348 -33.0511 -71.6124
81 -33.0511 -71.6123
604 -33.0511 -71.6122
901 -33.0511 -71.6124
939 -33.0498 -71.6124
755 -33.0498 -71.6122
55 -33.0498 -71.6121
88 -33.049 -71.612
862 -33.0515 -71.612
314 -33.0519 -71.6118
855 -33.0519 -71.6118
530 -33.0499 -71.6118
152 -33.0499 -71.612
722 -33.0499 -71.612
790 -33.0633 -71.6116
576 -33.0618 -71.6109
43 -33.0618 -71.6108
63 -33.0624 -71.6096
474 -33.0618 -71.6108
903 -33.0614 -71.6103
581 -33.0613 -71.61
934 -33.061 -71.6098
499 -33.0614 -71.6094
79 -33.0613 -71.6094
677 -33.0624 -71.6091
400 -33.0614 -71.6089
469 -33.0613 -71.6093
11 -33.0612 -71.6093
335 -33.061 -71.6093
700 -33.061 -71.6092
473 -33.061 -71.6091
368 -33.0598 -71.6116
627 -33.0598 -71.6116
307 -33.0598 -71.6116
876 -33.0597 -71.6116
259 -33.0589 -71.6112
748 -33.0589 -71.6112
305 -33.0594 -71.6107
886 -33.0596 -71.6106
970 -33.0608 -71.6096
285 -33.061 -71.609
705 -33.0609 -71.6089
463 -33.0608 -71.6097
26 -33.06 -71.6104
866 -33.0596 -71.6098
72 -33.0608 -71.6095
858 -33.0607 -71.6088
225 -33.0608 -71.6088
461 -33.061 -71.6086
672 -33.0621 -71.6085
438 -33.0607 -71.6088
740 -33.0607 -71.6087
422 -33.0607 -71.6086
282 -33.0607 -71.6086
944 -33.0607 -71.6085
478 -33.0607 -71.6085
918 -33.0605 -71.6084
419 -33.0617 -71.608
219 -33.0605 -71.6084
878 -33.0604 -71.6084
723 -33.0604 -71.6084
489 -33.0603 -71.6083
138 -33.0603 -71.6088
332 -33.0602 -71.6083
715 -33.0603 -71.6083
470 -33.0602 -71.6082
458 -33.0602 -71.6082
2 -33.0589 -71.6088
132 -33.06 -71.6088
73 -33.0597 -71.6088
810 -33.0598 -71.6082
664 -33.0601 -71.6082
156 -33.0601 -71.6081
350 -33.06 -71.6081
62 -33.06 -71.6081
846 -33.059 -71.6079
528 -33.059 -71.6079
362 -33.0589 -71.6095
187 -33.0584 -71.6113
190 -33.0588 -71.6113
558 -33.0584 -71.6106
606 -33.0583 -71.6113
765 -33.058 -71.6114
15 -33.058 -71.6113
569 -33.0579 -71.6113
97 -33.0584 -71.6105
657 -33.0586 -71.6101
626 -33.0588 -71.6088
856 -33.0584 -71.6085
236 -33.0584 -71.6086
681 -33.0579 -71.6103
454 -33.0582 -71.609
997 -33.0577 -71.6082
811 -33.0577 -71.6082
510 -33.0577 -71.6107
384 -33.0577 -71.6102
415 -33.0575 -71.6101
540 -33.0575 -71.6103
706 -33.0574 -71.6101
861 -33.0574 -71.61
821 -33.0572 -71.6099
143 -33.0571 -71.6099
874 -33.0576 -71.6088
675 -33.0577 -71.6082
556 -33.0577 -71.6082
535 -33.0575 -71.6088
745 -33.0574 -71.6096
268 -33.0573 -71.6096
375 -33.0577 -71.6082
325 -33.058 -71.6081
294 -33.0581 -71.6081
882 -33.0582 -71.6081
736 -33.058 -71.6081
788 -33.058 -71.6081
199 -33.058 -71.6081
229 -33.058 -71.6081
243 -33.0582 -71.6081
832 -33.0585 -71.608
741 -33.0586 -71.6079
653 -33.0586 -71.6079
365 -33.0583 -71.608
71 -33.0582 -71.6081
192 -33.0583 -71.608
624 -33.0583 -71.608
321 -33.058 -71.6081
395 -33.0576 -71.6081
287 -33.0576 -71.6081
103 -33.0576 -71.6081
993 -33.0575 -71.6081
244 -33.0574 -71.6081
737 -33.0573 -71.6081
371 -33.0572 -71.608
242 -33.0572 -71.608
257 -33.0571 -71.608
339 -33.0571 -71.608
232 -33.0571 -71.608
215 -33.0571 -71.608
813 -33.0571 -71.608
839 -33.0569 -71.608
369 -33.0586 -71.6079
833 -33.0608 -71.6076
592 -33.0608 -71.6075
977 -33.0617 -71.6073
662 -33.0606 -71.6077
888 -33.0601 -71.6078
753 -33.0604 -71.6077
46 -33.0601 -71.6072
912 -33.0602 -71.6072
808 -33.0612 -71.6068
441 -33.0634 -71.6065
159 -33.0609 -71.6065
925 -33.0607 -71.6064
281 -33.0602 -71.607
300 -33.0606 -71.6068
772 -33.0601 -71.6065
557 -33.06 -71.6077
94 -33.0597 -71.6079
532 -33.0597 -71.6079
381 -33.0599 -71.6077
746 -33.0597 -71.6078
836 -33.059 -71.6077
714 -33.059 -71.6077
468 -33.0591 -71.6077
328 -33.0592 -71.6076
952 -33.0593 -71.6076
183 -33.0593 -71.6076
923 -33.0594 -71.6076
137 -33.0592 -71.6076
690 -33.0592 -71.6076
280 -33.0591 -71.6075
378 -33.0592 -71.6068
954 -33.0594 -71.6064
291 -33.0629 -71.606
147 -33.0627 -71.6059
870 -33.0627 -71.6058
331 -33.0625 -71.6057
83 -33.0601 -71.6063
129 -33.0601 -71.6063
769 -33.0603 -71.6059
857 -33.0606 -71.6055
112 -33.0623 -71.6055
90 -33.062 -71.6053
924 -33.0617 -71.6051
296 -33.0614 -71.6048
922 -33.0606 -71.6055
491 -33.061 -71.6055
78 -33.0606 -71.6046
825 -33.0601 -71.606
32 -33.0593 -71.6064
873 -33.0593 -71.6064
261 -33.0598 -71.6063
527 -33.0592 -71.6063
158 -33.0592 -71.6064
513 -33.0591 -71.6063
525 -33.059 -71.6063
622 -33.0599 -71.6063
311 -33.06 -71.6062
843 -33.06 -71.6062
411 -33.0599 -71.6062
620 -33.0596 -71.6045
221 -33.0591 -71.6054
169 -33.0596 -71.6045
167 -33.059 -71.6077
398 -33.0588 -71.6078
981 -33.0588 -71.6078
502 -33.0588 -71.6078
966 -33.0588 -71.6078
752 -33.0586 -71.6079
56 -33.0587 -71.6079
785 -33.0587 -71.6079
471 -33.0588 -71.6078
757 -33.0588 -71.6078
929 -33.0589 -71.6078
126 -33.0586 -71.6069
671 -33.0585 -71.6074
182 -33.0582 -71.6074
110 -33.0584 -71.6073
704 -33.0584 -71.6073
125 -33.0581 -71.6067
319 -33.0577 -71.6076
390 -33.0576 -71.6075
613 -33.0577 -71.6073
230 -33.0574 -71.6069
8 -33.0572 -71.6069
670 -33.0573 -71.6069
276 -33.0574 -71.6069
120 -33.0574 -71.6069
16 -33.0579 -71.6068
505 -33.058 -71.6067
845 -33.058 -71.6067
172 -33.0578 -71.6068
544 -33.0575 -71.6069
782 -33.0574 -71.6068
168 -33.0584 -71.6067
555 -33.0587 -71.6066
951 -33.0588 -71.6065
223 -33.0585 -71.6062
980 -33.0584 -71.6067
404 -33.0584 -71.6067
349 -33.0582 -71.6067
840 -33.0584 -71.6062
136 -33.0582 -71.6059
196 -33.0587 -71.6051
99 -33.0587 -71.6041
293 -33.0589 -71.604
937 -33.0586 -71.6051
984 -33.0583 -71.6058
595 -33.0582 -71.605
256 -33.0585 -71.605
669 -33.0582 -71.6067
284 -33.0581 -71.6067
417 -33.0582 -71.6067
990 -33.058 -71.6062
477 -33.058 -71.6059
503 -33.0578 -71.6066
357 -33.0576 -71.6065
472 -33.0575 -71.6061
460 -33.0576 -71.6058
316 -33.0577 -71.6058
768 -33.0576 -71.6049
957 -33.0579 -71.6045
1 -33.0576 -71.6047
98 -33.0575 -71.6051
30 -33.0569 -71.6046
141 -33.0569 -71.6098
391 -33.0565 -71.61
815 -33.0566 -71.6096
770 -33.0563 -71.6095
372 -33.0556 -71.6105
517 -33.0552 -71.6104
336 -33.0549 -71.6104
744 -33.0551 -71.6101
673 -33.0563 -71.6095
931 -33.0562 -71.6095
433 -33.0562 -71.6095
358 -33.0561 -71.6089
65 -33.0561 -71.6089
975 -33.0556 -71.6093
895 -33.0561 -71.6088
388 -33.056 -71.6086
915 -33.0548 -71.6104
559 -33.0539 -71.6112
345 -33.0539 -71.6112
133 -33.0538 -71.6111
401 -33.0538 -71.6113
74 -33.0537 -71.6109
278 -33.0537 -71.6108
27 -33.0537 -71.6108
920 -33.0537 -71.6105
180 -33.0543 -71.6105
995 -33.0544 -71.6105
621 -33.0545 -71.6105
894 -33.0539 -71.6105
317 -33.0536 -71.6085
932 -33.0536 -71.6085
164 -33.0537 -71.6085
465 -33.0535 -71.6085
459 -33.0546 -71.6085
969 -33.0545 -71.6085
3 -33.0545 -71.6085
814 -33.0545 -71.6085
246 -33.0545 -71.6085
841 -33.0544 -71.6085
486 -33.0544 -71.6085
162 -33.0544 -71.6085
824 -33.0546 -71.6085
95 -33.0547 -71.6085
356 -33.0547 -71.6085
451 -33.0546 -71.6085
702 -33.0544 -71.6085
249 -33.0543 -71.6085
798 -33.0543 -71.6085
898 -33.0543 -71.6085
524 -33.0542 -71.6085
288 -33.0542 -71.6085
338 -33.0542 -71.6085
539 -33.0537 -71.6085
439 -33.0537 -71.6085
526 -33.0537 -71.6085
695 -33.0535 -71.6085
865 -33.0542 -71.6085
974 -33.0541 -71.6085
4 -33.054 -71.6085
379 -33.0539 -71.6085
766 -33.0539 -71.6085
817 -33.0539 -71.6085
750 -33.0538 -71.6085
258 -33.0535 -71.6085
77 -33.0529 -71.6116
780 -33.0531 -71.6115
337 -33.0534 -71.6114
31 -33.0528 -71.6116
50 -33.0509 -71.6102
941 -33.0507 -71.6102
897 -33.0507 -71.6102
213 -33.0506 -71.6102
631 -33.0511 -71.61
541 -33.0511 -71.61
854 -33.0511 -71.61
436 -33.0511 -71.61
868 -33.0509 -71.6102
36 -33.051 -71.6101
84 -33.051 -71.6101
318 -33.0505 -71.6102
694 -33.05 -71.611
383 -33.0501 -71.6109
799 -33.0501 -71.6108
716 -33.05 -71.611
643 -33.0491 -71.6116
968 -33.0498 -71.6113
724 -33.0494 -71.6112
48 -33.0501 -71.6107
140 -33.0505 -71.6102
206 -33.0503 -71.6102
853 -33.0505 -71.6102
440 -33.0502 -71.6102
933 -33.0501 -71.6106
283 -33.0501 -71.6105
778 -33.0511 -71.61
234 -33.052 -71.6088
119 -33.0521 -71.6087
823 -33.0521 -71.6087
701 -33.052 -71.6088
728 -33.052 -71.6091
680 -33.052 -71.6088
590 -33.052 -71.6088
418 -33.0521 -71.6087
956 -33.0521 -71.6085
985 -33.0534 -71.6085
428 -33.0534 -71.6085
457 -33.0521 -71.6086
231 -33.0521 -71.6087
634 -33.0521 -71.6086
807 -33.0521 -71.6086
0 -33.052 -71.6091
612 -33.0514 -71.6097
302 -33.0516 -71.6095
432 -33.0516 -71.6095
960 -33.0513 -71.6098
586 -33.0512 -71.6099
519 -33.0512 -71.6099
218 -33.0513 -71.6098
515 -33.0516 -71.6095
648 -33.0518 -71.6093
538 -33.0518 -71.6093
637 -33.0519 -71.6091
462 -33.0517 -71.6094
374 -33.0516 -71.6095
435 -33.0503 -71.6092
651 -33.0534 -71.6085
731 -33.0567 -71.608
989 -33.0566 -71.608
122 -33.0566 -71.608
397 -33.0566 -71.608
806 -33.0565 -71.608
245 -33.0565 -71.608
691 -33.0565 -71.608
720 -33.0565 -71.608
308 -33.0564 -71.608
21 -33.0564 -71.608
887 -33.0564 -71.608
194 -33.0563 -71.608
875 -33.0563 -71.608
554 -33.0562 -71.608
299 -33.0562 -71.608
682 -33.0562 -71.608
953 -33.0552 -71.6081
47 -33.0553 -71.608
135 -33.0553 -71.608
37 -33.0552 -71.6081
570 -33.0551 -71.6081
39 -33.0551 -71.6081
594 -33.0552 -71.6081
28 -33.0553 -71.608
264 -33.0562 -71.608
410 -33.0562 -71.608
871 -33.0561 -71.6079
913 -33.0561 -71.6079
490 -33.0554 -71.608
359 -33.0561 -71.6079
609 -33.0554 -71.6079
921 -33.056 -71.6079
67 -33.0561 -71.6075
193 -33.0566 -71.6074
628 -33.0562 -71.6074
667 -33.0561 -71.6079
289 -33.0559 -71.6079
6 -33.0559 -71.6076
184 -33.0559 -71.6076
247 -33.0564 -71.6073
910 -33.0569 -71.6071
406 -33.0569 -71.6046
826 -33.0568 -71.6046
564 -33.0567 -71.6072
578 -33.0566 -71.6073
267 -33.0566 -71.6073
149 -33.0561 -71.6044
567 -33.0559 -71.6076
445 -33.0555 -71.6079
616 -33.0557 -71.6078
965 -33.0556 -71.6078
650 -33.0555 -71.6079
800 -33.0555 -71.6079
104 -33.0555 -71.6079
689 -33.0555 -71.6079
893 -33.0556 -71.6078
41 -33.0556 -71.6077
492 -33.0556 -71.6077
552 -33.0557 -71.6077
959 -33.0556 -71.6078
896 -33.0556 -71.6078
776 -33.0553 -71.6048
630 -33.0551 -71.6082
684 -33.0548 -71.6084
943 -33.0548 -71.6084
352 -33.0548 -71.6083
928 -33.0547 -71.6084
58 -33.0534 -71.6085
330 -33.0547 -71.6084
663 -33.0547 -71.6084
131 -33.0549 -71.6083
543 -33.0549 -71.6083
926 -33.055 -71.6083
584 -33.055 -71.6083
114 -33.0549 -71.6083
396 -33.0549 -71.6083
936 -33.0549 -71.6083
344 -33.0549 -71.6083
656 -33.0532 -71.6084
342 -33.0531 -71.6084
312 -33.0531 -71.6084
329 -33.0531 -71.6084
719 -33.053 -71.6084
779 -33.053 -71.6083
241 -33.053 -71.6083
828 -33.0522 -71.6083
481 -33.0522 -71.6083
596 -33.0529 -71.6083
96 -33.0529 -71.6083
947 -33.0529 -71.6083
804 -33.0528 -71.6083
425 -33.0522 -71.6083
178 -33.0522 -71.6083
685 -33.0527 -71.6083
443 -33.055 -71.6082
426 -33.055 -71.6082
45 -33.0551 -71.6082
699 -33.055 -71.6082
518 -33.0527 -71.6082
514 -33.055 -71.6082
86 -33.0526 -71.6082
522 -33.0525 -71.6082
777 -33.0551 -71.6082
781 -33.0544 -71.6053
121 -33.0546 -71.6053
507 -33.054 -71.6059
792 -33.0536 -71.6062
729 -33.0537 -71.6061
533 -33.0531 -71.6047
548 -33.0525 -71.6082
240 -33.0522 -71.6082
709 -33.0525 -71.6082
665 -33.0525 -71.6082
363 -33.0522 -71.6082
248 -33.0516 -71.6082
153 -33.0522 -71.6082
971 -33.0516 -71.6082
64 -33.0522 -71.6082
207 -33.0525 -71.6082
444 -33.0525 -71.6081
76 -33.0524 -71.6081
847 -33.0523 -71.6081
654 -33.0523 -71.6081
899 -33.0522 -71.6079
