549 -33.0575 -71.618
978 -33.0582 -71.6175
367 -33.0584 -71.6173
301 -33.0566 -71.6182
754 -33.0563 -71.6181
698 -33.0562 -71.6181
455 -33.0561 -71.6181
189 -33.0585 -71.6172
475 -33.06 -71.6164
134 -33.0562 -71.616
816 -33.0562 -71.616
881 -33.0562 -71.6159
442 -33.0562 -71.616
146 -33.0562 -71.616
376 -33.0561 -71.6158
269 -33.0561 -71.6157
809 -33.0559 -71.618
760 -33.0559 -71.618
271 -33.0558 -71.618
69 -33.0557 -71.6165
587 -33.0556 -71.6171
216 -33.0556 -71.6171
373 -33.0556 -71.617
361 -33.0558 -71.6164
580 -33.0561 -71.616
105 -33.0559 -71.6158
405 -33.0559 -71.6158
907 -33.0558 -71.6157
542 -33.0558 -71.6164
42 -33.0558 -71.6164
150 -33.0557 -71.6159
762 -33.0561 -71.6156
483 -33.0585 -71.6152
994 -33.0583 -71.6151
464 -33.058 -71.615
950 -33.0579 -71.615
389 -33.0564 -71.615
407 -33.0564 -71.615
640 -33.0579 -71.615
608 -33.0579 -71.615
869 -33.0579 -71.615
60 -33.0578 -71.6149
945 -33.0594 -71.6149
879 -33.0577 -71.6149
818 -33.0577 -71.6149
286 -33.0576 -71.6149
646 -33.0576 -71.6149
743 -33.0563 -71.6151
520 -33.0561 -71.6156
693 -33.056 -71.6156
602 -33.056 -71.6155
107 -33.056 -71.6155
255 -33.056 -71.6154
123 -33.056 -71.6154
279 -33.0559 -71.6154
726 -33.056 -71.6153
251 -33.0561 -71.6152
537 -33.0562 -71.6152
476 -33.0562 -71.6151
408 -33.056 -71.6153
370 -33.056 -71.6153
955 -33.056 -71.6153
641 -33.0556 -71.6159
92 -33.0552 -71.6216
710 -33.0552 -71.6215
987 -33.0551 -71.6214
25 -33.0551 -71.6213
409 -33.0548 -71.6221
598 -33.0551 -71.621
589 -33.055 -71.6208
786 -33.055 -71.6207
829 -33.0549 -71.6206
979 -33.0548 -71.6205
179 -33.0548 -71.6186
883 -33.0547 -71.6203
880 -33.0546 -71.6189
166 -33.0546 -71.6184
495 -33.0546 -71.6184
109 -33.0545 -71.6202
849 -33.0544 -71.6229
629 -33.0545 -71.6226
217 -33.0543 -71.6201
697 -33.0543 -71.6201
479 -33.0543 -71.62
53 -33.0542 -71.62
961 -33.0542 -71.62
313 -33.054 -71.6199
448 -33.0542 -71.6184
687 -33.0542 -71.6184
323 -33.0545 -71.6184
831 -33.0542 -71.6184
177 -33.0541 -71.6189
930 -33.054 -71.6189
431 -33.0541 -71.6184
466 -33.0549 -71.6182
456 -33.0556 -71.6179
803 -33.0555 -71.6179
341 -33.0553 -71.6177
761 -33.0552 -71.6178
844 -33.0552 -71.6178
838 -33.0552 -71.6178
434 -33.0552 -71.6178
290 -33.0552 -71.6176
919 -33.0555 -71.6173
488 -33.0554 -71.6159
446 -33.0554 -71.6155
819 -33.0554 -71.6159
355 -33.0554 -71.6175
403 -33.0552 -71.6153
423 -33.0552 -71.6153
198 -33.0551 -71.6178
377 -33.0551 -71.6179
775 -33.0551 -71.6179
713 -33.0551 -71.6179
891 -33.055 -71.618
547 -33.055 -71.6182
210 -33.055 -71.618
767 -33.055 -71.618
973 -33.0551 -71.6178
730 -33.0546 -71.6157
546 -33.0544 -71.6157
145 -33.0549 -71.6151
254 -33.0542 -71.6157
292 -33.0541 -71.6156
117 -33.0541 -71.6156
450 -33.0565 -71.6149
561 -33.0587 -71.6147
297 -33.0588 -71.6147
482 -33.0594 -71.6141
531 -33.0584 -71.6148
774 -33.0583 -71.6149
501 -33.0584 -71.6148
948 -33.0582 -71.6142
976 -33.0594 -71.6141
118 -33.0595 -71.6139
521 -33.0583 -71.6134
991 -33.0588 -71.6134
842 -33.0579 -71.6139
619 -33.0575 -71.614
560 -33.0578 -71.6139
124 -33.0577 -71.6139
20 -33.0574 -71.6142
57 -33.0574 -71.6149
668 -33.0573 -71.6148
686 -33.0571 -71.6148
413 -33.057 -71.6148
822 -33.0566 -71.6148
582 -33.0566 -71.6148
963 -33.0567 -71.6148
127 -33.0567 -71.6148
467 -33.0574 -71.6142
154 -33.0573 -71.6137
962 -33.057 -71.6135
591 -33.0569 -71.6134
765 -33.0569 -71.6147
18 -33.0568 -71.6147
636 -33.0568 -71.6133
523 -33.0582 -71.613
747 -33.059 -71.6129
354 -33.059 -71.6129
43 -33.0591 -71.6129
917 -33.0586 -71.613
368 -33.0585 -71.613
579 -33.0586 -71.613
298 -33.0579 -71.6129
576 -33.0591 -71.6129
19 -33.0594 -71.6129
326 -33.0594 -71.6129
790 -33.0595 -71.6128
414 -33.0592 -71.6129
238 -33.0577 -71.6129
420 -33.0592 -71.6129
872 -33.0583 -71.6127
967 -33.0576 -71.6129
237 -33.0576 -71.6129
305 -33.0574 -71.6128
209 -33.057 -71.6127
563 -33.057 -71.6127
51 -33.057 -71.6127
642 -33.057 -71.6127
366 -33.0569 -71.6126
751 -33.0569 -71.6126
627 -33.0569 -71.6126
307 -33.0569 -71.6126
958 -33.0569 -71.6126
52 -33.0568 -71.6126
402 -33.0567 -71.6125
452 -33.0566 -71.6125
733 -33.0565 -71.6124
175 -33.0564 -71.6132
773 -33.0559 -71.6131
61 -33.0562 -71.6131
571 -33.0559 -71.6131
424 -33.0556 -71.6131
274 -33.0558 -71.6131
512 -33.0553 -71.6131
7 -33.0552 -71.6131
173 -33.0565 -71.6124
674 -33.0554 -71.6124
12 -33.0563 -71.6124
848 -33.0554 -71.6124
916 -33.0553 -71.6124
387 -33.0551 -71.6124
789 -33.0551 -71.6124
23 -33.0551 -71.6124
797 -33.0551 -71.6131
506 -33.055 -71.613
40 -33.055 -71.613
49 -33.0547 -71.6128
171 -33.0545 -71.6149
711 -33.0543 -71.6147
611 -33.0543 -71.6147
212 -33.0545 -71.6126
577 -33.0551 -71.6124
252 -33.0551 -71.6124
272 -33.0548 -71.6124
310 -33.0546 -71.6124
160 -33.0546 -71.6124
998 -33.0546 -71.6124
909 -33.0555 -71.6124
480 -33.0562 -71.6124
927 -33.0562 -71.6124
679 -33.0561 -71.6123
35 -33.0561 -71.6123
649 -33.0545 -71.6124
197 -33.0555 -71.6123
214 -33.056 -71.6123
351 -33.056 -71.6123
14 -33.056 -71.6123
29 -33.0559 -71.6123
15 -33.0559 -71.6123
676 -33.0557 -71.6123
303 -33.0557 -71.6123
295 -33.0557 -71.6123
600 -33.0545 -71.6122
885 -33.0545 -71.6121
601 -33.0545 -71.6123
347 -33.0544 -71.6123
603 -33.0544 -71.6123
386 -33.0544 -71.6123
89 -33.0542 -71.6123
551 -33.0542 -71.6123
224 -33.0543 -71.6123
986 -33.0543 -71.6123
742 -33.0543 -71.6123
645 -33.0543 -71.6123
228 -33.0543 -71.6122
22 -33.0542 -71.6123
575 -33.0542 -71.6123
309 -33.0541 -71.6123
340 -33.054 -71.6184
940 -33.0539 -71.6198
176 -33.0539 -71.6198
66 -33.0538 -71.6197
550 -33.0537 -71.6197
142 -33.0536 -71.6196
85 -33.0536 -71.6196
38 -33.0535 -71.6192
315 -33.0535 -71.6192
266 -33.054 -71.6189
253 -33.054 -71.6189
487 -33.0538 -71.6188
260 -33.0536 -71.6188
327 -33.0535 -71.6191
500 -33.0535 -71.6191
678 -33.0535 -71.6189
703 -33.0535 -71.6193
5 -33.0535 -71.6195
890 -33.0535 -71.6194
226 -33.0535 -71.6194
497 -33.0535 -71.6195
647 -33.0535 -71.6195
115 -33.0535 -71.6195
796 -33.0535 -71.6195
393 -33.0534 -71.6188
163 -33.0532 -71.6188
852 -33.0532 -71.6188
17 -33.0534 -71.6188
128 -33.0532 -71.6188
830 -33.0532 -71.6188
504 -33.0532 -71.6188
111 -33.0531 -71.6188
144 -33.053 -71.6187
727 -33.0535 -71.6186
632 -33.0535 -71.6186
262 -33.054 -71.6184
614 -33.0535 -71.6186
597 -33.0529 -71.6187
412 -33.0527 -71.6187
250 -33.0534 -71.6187
399 -33.054 -71.6184
116 -33.054 -71.6184
908 -33.0538 -71.6166
946 -33.0536 -71.6165
795 -33.0529 -71.6158
93 -33.0528 -71.6159
148 -33.0527 -71.6159
430 -33.0527 -71.6158
385 -33.0526 -71.6158
859 -33.0523 -71.6186
999 -33.0522 -71.6185
364 -33.052 -71.6185
904 -33.052 -71.6185
130 -33.0516 -71.6184
165 -33.0515 -71.6184
983 -33.0512 -71.6183
10 -33.0512 -71.6183
756 -33.0526 -71.6158
783 -33.0525 -71.6157
75 -33.0519 -71.6156
949 -33.0512 -71.6183
453 -33.0505 -71.6157
263 -33.0505 -71.6157
239 -33.0504 -71.6158
101 -33.0496 -71.6199
708 -33.0501 -71.6178
511 -33.0499 -71.6178
633 -33.0491 -71.6181
447 -33.049 -71.618
360 -33.0486 -71.618
34 -33.0488 -71.6178
80 -33.0487 -71.6177
427 -33.049 -71.6176
509 -33.0488 -71.6176
583 -33.0488 -71.6174
764 -33.0488 -71.6175
485 -33.0487 -71.6177
935 -33.0487 -71.6176
493 -33.0487 -71.6175
718 -33.0486 -71.618
277 -33.0484 -71.6186
802 -33.0484 -71.6186
322 -33.0484 -71.6186
139 -33.0483 -71.6187
205 -33.0483 -71.6188
820 -33.0483 -71.6187
938 -33.0483 -71.6187
735 -33.0484 -71.6185
988 -33.0484 -71.6184
222 -33.0485 -71.6184
516 -33.0485 -71.6183
696 -33.0484 -71.6185
220 -33.0475 -71.6174
784 -33.0476 -71.6174
911 -33.0488 -71.6173
605 -33.0497 -71.6158
155 -33.0497 -71.6158
639 -33.0498 -71.6158
763 -33.0496 -71.616
635 -33.0493 -71.6165
157 -33.0495 -71.6162
794 -33.0496 -71.6161
416 -33.0502 -71.6158
573 -33.0501 -71.6157
889 -33.0501 -71.6157
170 -33.0499 -71.6157
333 -33.0498 -71.6157
716 -33.0492 -71.6157
113 -33.0498 -71.6157
694 -33.0492 -71.6156
610 -33.0491 -71.6165
9 -33.0489 -71.6171
939 -33.0489 -71.617
755 -33.0489 -71.6169
644 -33.0489 -71.6171
484 -33.0488 -71.6172
732 -33.0489 -71.6172
982 -33.0476 -71.6171
55 -33.049 -71.6168
722 -33.049 -71.6166
530 -33.049 -71.6165
152 -33.0491 -71.6165
827 -33.048 -71.6158
88 -33.0478 -71.6165
643 -33.0479 -71.6161
496 -33.0519 -71.6156
812 -33.0539 -71.6156
992 -33.054 -71.6156
892 -33.0538 -71.6156
721 -33.0537 -71.6156
864 -33.0537 -71.6156
545 -33.0537 -71.6156
787 -33.0536 -71.6155
320 -33.053 -71.6155
565 -33.0531 -71.6155
585 -33.0533 -71.6141
835 -33.0532 -71.614
860 -33.0531 -71.6155
739 -33.0529 -71.6138
100 -33.0529 -71.6138
749 -33.0525 -71.6135
659 -33.0522 -71.6134
195 -33.0518 -71.6156
304 -33.0517 -71.6156
106 -33.0515 -71.6156
574 -33.0514 -71.6156
688 -33.0514 -71.6156
850 -33.0514 -71.6156
884 -33.0512 -71.6156
572 -33.0511 -71.6156
13 -33.0511 -71.6156
191 -33.051 -71.6156
24 -33.0519 -71.6132
273 -33.0509 -71.6156
174 -33.0509 -71.6156
652 -33.0509 -71.6156
692 -33.0507 -71.6155
964 -33.0518 -71.6131
151 -33.0539 -71.6122
759 -33.0539 -71.6122
905 -33.0538 -71.6122
102 -33.0538 -71.6122
108 -33.0537 -71.6122
208 -33.0536 -71.6122
200 -33.0536 -71.6122
202 -33.0535 -71.6122
615 -33.0534 -71.6122
70 -33.0533 -71.6122
334 -33.0533 -71.6122
837 -33.0532 -71.6121
801 -33.0531 -71.6121
87 -33.053 -71.6121
661 -33.0529 -71.6121
725 -33.0529 -71.6121
494 -33.0514 -71.6131
74 -33.0511 -71.6129
27 -33.0511 -71.6129
683 -33.0511 -71.6131
133 -33.0511 -71.6131
345 -33.051 -71.6131
401 -33.0508 -71.6131
278 -33.0511 -71.6128
877 -33.0529 -71.6121
265 -33.0528 -71.6121
599 -33.0526 -71.6121
655 -33.0526 -71.6121
920 -33.0511 -71.6122
666 -33.0512 -71.6121
900 -33.0506 -71.6155
529 -33.0505 -71.6156
712 -33.0505 -71.6155
897 -33.0495 -71.6142
213 -33.0495 -71.6142
440 -33.0493 -71.6149
206 -33.0494 -71.6147
318 -33.0494 -71.6144
868 -33.0495 -71.6139
834 -33.0496 -71.6137
854 -33.0496 -71.6136
586 -33.0496 -71.6136
631 -33.0496 -71.6137
394 -33.0495 -71.6139
36 -33.0495 -71.6138
660 -33.0495 -71.6138
283 -33.0493 -71.6151
383 -33.0492 -71.6156
799 -33.0493 -71.6154
901 -33.0493 -71.6152
972 -33.0482 -71.6149
724 -33.0481 -71.6155
968 -33.0482 -71.6151
793 -33.0482 -71.6149
553 -33.0484 -71.6142
81 -33.0485 -71.614
604 -33.0485 -71.6139
853 -33.0486 -71.6133
348 -33.0485 -71.614
48 -33.0484 -71.6141
933 -33.0484 -71.6141
140 -33.0486 -71.6133
758 -33.0504 -71.613
337 -33.0504 -71.613
353 -33.0503 -71.613
44 -33.0502 -71.613
432 -33.0497 -71.613
780 -33.05 -71.613
54 -33.0499 -71.613
77 -33.0499 -71.613
31 -33.0498 -71.6129
0 -33.0498 -71.6123
701 -33.0499 -71.6121
637 -33.0498 -71.6124
302 -33.0497 -71.6129
374 -33.0497 -71.6129
462 -33.0497 -71.6129
612 -33.0497 -71.6132
851 -33.0496 -71.6129
855 -33.0489 -71.6129
314 -33.0488 -71.6129
50 -33.0487 -71.613
941 -33.0487 -71.6132
862 -33.0487 -71.6131
435 -33.0487 -71.613
84 -33.0488 -71.6127
519 -33.0489 -71.6124
218 -33.0489 -71.6124
960 -33.0489 -71.6123
436 -33.0488 -71.6126
541 -33.0488 -71.6126
778 -33.0488 -71.6126
204 -33.0544 -71.6121
970 -33.0596 -71.6104
748 -33.058 -71.6104
259 -33.0577 -71.6102
72 -33.0577 -71.6102
463 -33.0575 -71.6101
569 -33.0565 -71.61
866 -33.0567 -71.6099
384 -33.0572 -71.6099
132 -33.0583 -71.6089
362 -33.0584 -71.6085
454 -33.0583 -71.6085
535 -33.0573 -71.6088
886 -33.0571 -71.6099
606 -33.057 -71.6098
876 -33.0569 -71.6098
26 -33.0563 -71.6102
558 -33.0562 -71.6095
510 -33.0561 -71.6095
874 -33.0562 -71.6089
190 -33.0558 -71.6104
97 -33.0547 -71.6104
187 -33.0555 -71.6104
2 -33.0552 -71.6098
540 -33.056 -71.6085
832 -33.0547 -71.6085
856 -33.0547 -71.6085
404 -33.0547 -71.6085
365 -33.0546 -71.6085
669 -33.0546 -71.6085
624 -33.0546 -71.6085
349 -33.0546 -71.6085
182 -33.0547 -71.6084
657 -33.0579 -71.6082
335 -33.0579 -71.6082
929 -33.0578 -71.6082
951 -33.0551 -71.6082
757 -33.055 -71.6082
981 -33.055 -71.6082
471 -33.055 -71.6082
461 -33.0579 -71.6082
700 -33.0577 -71.6082
400 -33.0579 -71.6082
473 -33.0577 -71.6081
285 -33.0577 -71.6081
136 -33.0551 -71.6081
912 -33.0576 -71.6081
714 -33.0552 -71.6081
502 -33.055 -71.6082
653 -33.0548 -71.6084
56 -33.0548 -71.6083
369 -33.0549 -71.6083
741 -33.0548 -71.6084
815 -33.0547 -71.6084
236 -33.0548 -71.6084
990 -33.0548 -71.6084
704 -33.0549 -71.6083
671 -33.055 -71.6083
785 -33.055 -71.6083
398 -33.055 -71.6082
966 -33.0549 -71.6083
460 -33.0549 -71.6083
752 -33.0549 -71.6083
417 -33.0545 -71.6085
211 -33.0544 -71.612
343 -33.0544 -71.612
863 -33.0543 -71.6119
324 -33.0542 -71.6118
593 -33.0542 -71.6118
734 -33.0542 -71.6117
421 -33.0541 -71.6116
227 -33.054 -71.6114
673 -33.0545 -71.6085
125 -33.0544 -71.6085
284 -33.0544 -71.6085
770 -33.0544 -71.6085
607 -33.054 -71.6114
681 -33.0542 -71.6105
192 -33.0544 -71.6085
771 -33.054 -71.6114
498 -33.054 -71.6114
235 -33.0539 -71.6113
68 -33.0539 -71.6112
931 -33.0539 -71.6112
391 -33.0537 -71.6113
433 -33.0538 -71.6113
943 -33.0539 -71.6112
437 -33.0537 -71.6112
936 -33.0538 -71.6111
268 -33.0539 -71.6105
745 -33.0539 -71.6105
141 -33.0538 -71.611
738 -33.0537 -71.6111
415 -33.0537 -71.6105
243 -33.0544 -71.6085
71 -33.0544 -71.6085
505 -33.0544 -71.6085
882 -33.0544 -71.6085
845 -33.0544 -71.6085
325 -33.0543 -71.6085
736 -33.0543 -71.6085
294 -33.0542 -71.6085
321 -33.0542 -71.6085
16 -33.0543 -71.6085
172 -33.0542 -71.6085
199 -33.0542 -71.6085
319 -33.0542 -71.6085
788 -33.0542 -71.6085
229 -33.0542 -71.6085
357 -33.054 -71.6085
997 -33.0539 -71.6085
675 -33.0539 -71.6085
556 -33.0539 -71.6085
811 -33.0539 -71.6085
375 -33.0539 -71.6085
230 -33.0537 -71.6085
120 -33.0538 -71.6085
276 -33.0537 -71.6085
287 -33.0538 -71.6085
544 -33.0538 -71.6085
390 -33.0538 -71.6085
782 -33.0539 -71.6085
395 -33.0538 -71.6085
103 -33.0538 -71.6085
993 -33.0537 -71.6085
167 -33.0552 -71.6081
499 -33.0583 -71.608
332 -33.0583 -71.608
977 -33.0585 -71.6079
79 -33.0582 -71.6081
11 -33.0581 -71.6081
469 -33.0581 -71.6081
934 -33.0582 -71.6081
528 -33.059 -71.6079
474 -33.0597 -71.6079
300 -33.0601 -71.6077
808 -33.0598 -71.6077
677 -33.0597 -71.6078
581 -33.0586 -71.6079
672 -33.0587 -71.6079
903 -33.0587 -71.6078
705 -33.0575 -71.6081
225 -33.0574 -71.6081
438 -33.0573 -71.6081
168 -33.0573 -71.6081
858 -33.0573 -71.608
888 -33.0573 -71.608
740 -33.0572 -71.608
282 -33.0571 -71.608
46 -33.0571 -71.608
833 -33.057 -71.608
422 -33.057 -71.608
555 -33.057 -71.608
138 -33.057 -71.608
944 -33.0569 -71.608
478 -33.0569 -71.608
592 -33.0569 -71.608
159 -33.0591 -71.6077
419 -33.0592 -71.6076
63 -33.0592 -71.6076
281 -33.0593 -71.6073
925 -33.0591 -71.6077
280 -33.0591 -71.6076
311 -33.0584 -71.6066
112 -33.059 -71.6065
491 -33.0592 -71.6064
331 -33.0593 -71.6064
291 -33.0597 -71.6063
441 -33.0602 -71.6046
147 -33.0591 -71.6043
525 -33.0587 -71.6064
90 -33.0584 -71.6043
870 -33.059 -71.6042
924 -33.058 -71.6044
613 -33.0576 -71.6075
411 -33.0577 -71.6068
296 -33.0579 -71.6068
873 -33.0573 -71.6069
922 -33.057 -71.607
83 -33.0572 -71.6069
477 -33.0573 -71.6068
129 -33.0579 -71.6068
527 -33.0579 -71.6067
513 -33.0578 -71.6067
221 -33.0578 -71.6046
768 -33.0576 -71.6049
223 -33.0576 -71.6067
196 -33.0573 -71.6047
857 -33.0569 -71.6071
810 -33.0568 -71.608
918 -33.0568 -71.608
219 -33.0568 -71.608
980 -33.0567 -71.608
772 -33.0567 -71.608
662 -33.0567 -71.608
878 -33.0567 -71.608
723 -33.0567 -71.608
489 -33.0566 -71.608
458 -33.0565 -71.608
715 -33.0565 -71.608
378 -33.0564 -71.608
664 -33.0564 -71.608
753 -33.0564 -71.608
470 -33.0564 -71.608
156 -33.0563 -71.608
846 -33.0553 -71.608
316 -33.0553 -71.608
690 -33.0553 -71.608
328 -33.0553 -71.608
836 -33.0552 -71.6081
126 -33.0552 -71.6081
468 -33.0553 -71.608
73 -33.0563 -71.608
62 -33.0562 -71.608
350 -33.0562 -71.608
557 -33.056 -71.6079
952 -33.0554 -71.6079
137 -33.0554 -71.608
158 -33.0554 -71.608
381 -33.056 -71.6079
503 -33.0562 -71.6076
622 -33.0561 -71.6075
843 -33.0561 -71.6075
261 -33.0561 -71.6075
110 -33.0559 -71.6079
532 -33.0559 -71.6079
94 -33.0559 -71.6079
984 -33.0563 -71.6074
769 -33.0566 -71.6073
472 -33.0568 -71.6071
78 -33.0569 -71.6046
954 -33.0565 -71.6073
825 -33.0564 -71.6074
620 -33.0559 -71.6043
169 -33.0559 -71.6043
746 -33.0559 -71.6079
626 -33.0555 -71.6079
706 -33.0555 -71.6078
32 -33.0555 -71.6078
923 -33.0555 -71.6079
840 -33.0555 -71.6079
183 -33.0555 -71.6079
595 -33.0549 -71.6051
98 -33.055 -71.605
256 -33.055 -71.605
937 -33.0556 -71.6046
293 -33.0551 -71.6045
99 -33.055 -71.6045
1 -33.0537 -71.6048
957 -33.0541 -71.6047
356 -33.0537 -71.6113
233 -33.0537 -71.6111
82 -33.0537 -71.6111
306 -33.0537 -71.6111
372 -33.0528 -71.6116
201 -33.0522 -71.612
517 -33.0524 -71.6117
744 -33.0524 -71.6117
185 -33.0535 -71.611
707 -33.0534 -71.611
181 -33.053 -71.6109
562 -33.0531 -71.6109
625 -33.053 -71.6108
658 -33.053 -71.6108
91 -33.053 -71.6108
534 -33.053 -71.6108
942 -33.0522 -71.612
392 -33.0521 -71.612
902 -33.0521 -71.612
275 -33.0518 -71.612
449 -33.0517 -71.612
638 -33.0512 -71.612
996 -33.0516 -71.612
894 -33.0512 -71.612
805 -33.0514 -71.612
621 -33.0517 -71.6118
915 -33.0519 -71.6118
336 -33.0521 -71.6117
33 -33.0515 -71.6115
186 -33.0513 -71.6119
588 -33.0512 -71.6119
180 -33.0514 -71.6119
821 -33.0536 -71.6108
143 -33.0536 -71.6107
203 -33.0528 -71.6106
861 -33.0535 -71.6105
623 -33.0528 -71.6105
867 -33.0527 -71.6105
382 -33.0527 -71.6105
791 -33.0525 -71.6102
566 -33.0525 -71.61
536 -33.0524 -71.61
429 -33.0524 -71.6099
299 -33.0532 -71.6096
161 -33.0524 -71.6099
270 -33.0523 -71.6098
906 -33.0523 -71.6097
508 -33.0522 -71.6097
914 -33.0522 -71.6095
338 -33.0512 -71.6099
898 -33.0512 -71.6099
841 -33.0514 -71.6097
974 -33.0512 -71.6099
379 -33.0509 -71.6102
766 -33.0509 -71.6102
524 -33.0512 -71.6099
246 -33.0514 -71.6097
617 -33.0521 -71.6095
330 -33.0516 -71.6095
684 -33.0516 -71.6095
95 -33.0515 -71.6096
969 -33.0514 -71.6097
451 -33.0515 -71.6096
817 -33.0509 -71.6102
425 -33.05 -71.6115
363 -33.05 -71.6114
240 -33.05 -71.6114
828 -33.05 -71.6115
457 -33.0499 -71.6118
956 -33.0499 -71.6117
481 -33.0499 -71.6116
64 -33.05 -71.6113
444 -33.05 -71.611
548 -33.05 -71.611
522 -33.05 -71.611
76 -33.05 -71.611
654 -33.05 -71.6112
847 -33.05 -71.6112
207 -33.05 -71.611
680 -33.0499 -71.612
234 -33.0499 -71.612
153 -33.0498 -71.6113
178 -33.0498 -71.6113
728 -33.0491 -71.6113
515 -33.049 -71.6119
648 -33.0491 -71.6115
538 -33.0491 -71.6115
807 -33.0495 -71.6112
119 -33.0494 -71.6112
231 -33.0495 -71.6112
634 -33.0494 -71.6112
823 -33.0494 -71.6112
418 -33.0494 -71.6112
590 -33.0494 -71.6112
248 -33.0492 -71.611
750 -33.0509 -71.6102
164 -33.0507 -71.6102
539 -33.0507 -71.6102
439 -33.0507 -71.6102
719 -33.0502 -71.6103
342 -33.0502 -71.6103
526 -33.0507 -71.6102
317 -33.0506 -71.6102
932 -33.0506 -71.6102
465 -33.0505 -71.6102
428 -33.0505 -71.6101
258 -33.0505 -71.6102
58 -33.0503 -71.6102
651 -33.0503 -71.6102
656 -33.0502 -71.6101
329 -33.0502 -71.6103
518 -33.0501 -71.6107
685 -33.0501 -71.6107
804 -33.0501 -71.6107
86 -33.0501 -71.6107
709 -33.0501 -71.611
665 -33.0501 -71.611
971 -33.0492 -71.6109
596 -33.0501 -71.6105
779 -33.0501 -71.6104
241 -33.0502 -71.6104
312 -33.0502 -71.6103
96 -33.0501 -71.6104
947 -33.0501 -71.6105
899 -33.0494 -71.6101
995 -33.0521 -71.6095
8 -33.0536 -71.6085
244 -33.0536 -71.6085
670 -33.0536 -71.6085
737 -33.0536 -71.6086
578 -33.0531 -71.6092
910 -33.0533 -71.6089
242 -33.0535 -71.6087
975 -33.0535 -71.6085
371 -33.0534 -71.6085
257 -33.0534 -71.6085
232 -33.0533 -71.6084
339 -33.0533 -71.6084
215 -33.0533 -71.6084
813 -33.0532 -71.6084
839 -33.0531 -71.6084
564 -33.053 -71.6083
731 -33.0529 -71.6083
358 -33.0529 -71.6083
65 -33.0529 -71.6083
267 -33.0528 -71.6083
41 -33.0521 -71.6085
552 -33.0521 -71.6084
616 -33.0522 -71.6084
397 -33.0528 -71.6083
193 -33.0528 -71.6083
122 -33.0528 -71.6083
989 -33.0528 -71.6083
245 -33.0528 -71.6083
895 -33.0528 -71.6083
720 -33.0527 -71.6083
806 -33.0527 -71.6082
691 -33.0527 -71.6082
247 -33.0527 -71.6082
308 -33.0527 -71.6082
388 -33.0527 -71.6082
887 -33.0527 -71.6082
21 -33.0526 -71.6082
194 -33.0526 -71.6082
554 -33.0525 -71.6082
67 -33.0525 -71.6082
406 -33.0535 -71.6063
826 -33.0529 -71.6047
30 -33.053 -71.6047
628 -33.0525 -71.6082
682 -33.0525 -71.6082
875 -33.0524 -71.6081
410 -33.0524 -71.6081
264 -33.0524 -71.6081
871 -33.0523 -71.6081
359 -33.0523 -71.6081
667 -33.0523 -71.6081
184 -33.0522 -71.6081
289 -33.0522 -71.6082
567 -33.0522 -71.6082
6 -33.0522 -71.6082
913 -33.0523 -71.6081
921 -33.0523 -71.6081
492 -33.0522 -71.6078
776 -33.0522 -71.6072
896 -33.0522 -71.6076
800 -33.0522 -71.6074
149 -33.0522 -71.6048
893 -33.0521 -71.6085
717 -33.052 -71.6093
45 -33.0519 -71.6092
777 -33.0519 -71.6092
426 -33.0519 -71.6092
699 -33.0518 -71.6093
630 -33.0519 -71.6092
443 -33.0519 -71.6092
570 -33.0519 -71.6092
490 -33.052 -71.6088
609 -33.0521 -71.6088
104 -33.0521 -71.6087
37 -33.052 -71.609
594 -33.052 -71.6091
953 -33.052 -71.6091
135 -33.052 -71.609
584 -33.0518 -71.6093
926 -33.0517 -71.6094
396 -33.0518 -71.6093
114 -33.0518 -71.6093
543 -33.0517 -71.6094
131 -33.0517 -71.6094
352 -33.0517 -71.6094
695 -33.0502 -71.6092
985 -33.0501 -71.6091
188 -33.0517 -71.609
59 -33.0516 -71.609
568 -33.0516 -71.6089
380 -33.0516 -71.6089
618 -33.0515 -71.6088
4 -33.0504 -71.6088
689 -33.0521 -71.6087
445 -33.0521 -71.6087
965 -33.0521 -71.6086
959 -33.0521 -71.6085
346 -33.0513 -71.6087
928 -33.051 -71.6086
663 -33.051 -71.6085
344 -33.0512 -71.6085
507 -33.0512 -71.6084
650 -33.0519 -71.6081
121 -33.0519 -71.608
514 -33.052 -71.6069
781 -33.0517 -71.6081
39 -33.0514 -71.6083
47 -33.0516 -71.6082
28 -33.0516 -71.6082
824 -33.0509 -71.6085
459 -33.0509 -71.6085
729 -33.0508 -71.6085
559 -33.0508 -71.6085
3 -33.0508 -71.6085
865 -33.0505 -71.6086
288 -33.0505 -71.6086
792 -33.0507 -71.6085
814 -33.0507 -71.6085
702 -33.0506 -71.6085
486 -33.0506 -71.6085
162 -33.0506 -71.6085
249 -33.0505 -71.6085
798 -33.0505 -71.6085
533 -33.0497 -71.6044
