883 -33.0552 -71.6216
109 -33.0551 -71.6214
217 -33.0551 -71.6212
697 -33.0551 -71.6212
479 -33.0551 -71.6211
53 -33.0551 -71.621
961 -33.0551 -71.6209
978 -33.0571 -71.6184
367 -33.0574 -71.6182
549 -33.0563 -71.6181
189 -33.0574 -71.6181
301 -33.0554 -71.6179
69 -33.0552 -71.6178
361 -33.0553 -71.6177
542 -33.0553 -71.6177
313 -33.055 -71.6208
979 -33.055 -71.6219
940 -33.0549 -71.6207
176 -33.0549 -71.6206
829 -33.0549 -71.622
786 -33.0548 -71.6221
66 -33.0548 -71.6205
550 -33.0548 -71.6205
809 -33.0549 -71.6183
373 -33.055 -71.6181
698 -33.055 -71.618
754 -33.055 -71.618
455 -33.055 -71.6181
760 -33.0549 -71.6183
216 -33.0549 -71.6182
587 -33.0549 -71.6182
42 -33.0553 -71.6176
475 -33.0588 -71.617
407 -33.0561 -71.6161
450 -33.0562 -71.616
537 -33.0559 -71.6163
255 -33.0557 -71.6165
370 -33.0558 -71.6164
408 -33.0558 -71.6164
389 -33.056 -71.616
822 -33.0562 -71.6159
582 -33.0562 -71.6159
963 -33.0561 -71.6158
127 -33.0561 -71.6157
743 -33.056 -71.6159
476 -33.0559 -71.6159
251 -33.0558 -71.6159
955 -33.0557 -71.6159
816 -33.0556 -71.6172
881 -33.0556 -71.6171
376 -33.0556 -71.617
726 -33.0556 -71.6159
134 -33.0555 -71.6172
279 -33.0555 -71.6159
123 -33.0555 -71.6159
602 -33.0554 -71.6158
107 -33.0553 -71.6158
693 -33.0553 -71.6158
520 -33.0553 -71.6158
269 -33.0552 -71.6158
146 -33.0549 -71.6158
442 -33.0549 -71.6158
580 -33.0548 -71.6158
589 -33.0547 -71.6222
142 -33.0548 -71.6204
85 -33.0548 -71.6203
598 -33.0547 -71.6223
987 -33.0545 -71.6227
25 -33.0545 -71.6226
497 -33.0547 -71.6203
647 -33.0547 -71.6203
5 -33.0547 -71.6203
115 -33.0546 -71.6203
796 -33.0546 -71.6202
890 -33.0546 -71.6202
226 -33.0545 -71.6202
703 -33.0545 -71.6202
38 -33.0544 -71.6201
92 -33.0544 -71.6228
710 -33.0544 -71.6228
315 -33.0544 -71.6201
500 -33.0543 -71.6201
327 -33.0543 -71.62
849 -33.0543 -71.6244
629 -33.0543 -71.6241
409 -33.0543 -71.6234
678 -33.0542 -71.62
260 -33.0541 -71.6199
487 -33.0539 -71.6198
266 -33.0538 -71.6197
253 -33.0538 -71.6197
930 -33.0537 -71.6197
177 -33.0536 -71.6196
880 -33.0535 -71.6192
377 -33.0543 -71.6189
210 -33.0542 -71.6189
844 -33.0542 -71.6184
761 -33.0542 -71.6184
838 -33.0542 -71.6184
973 -33.0541 -71.6184
713 -33.0541 -71.6184
198 -33.0541 -71.6184
434 -33.0542 -71.6184
456 -33.0546 -71.6184
919 -33.0547 -71.6184
271 -33.0547 -71.6173
355 -33.0546 -71.6184
341 -33.0544 -71.6184
803 -33.0545 -71.6184
290 -33.0541 -71.6167
775 -33.054 -71.6184
179 -33.0537 -71.6188
323 -33.0534 -71.6188
687 -33.0532 -71.6188
448 -33.0531 -71.6188
831 -33.0531 -71.6187
431 -33.053 -71.6187
340 -33.053 -71.6187
116 -33.0529 -71.6187
547 -33.0537 -71.6184
767 -33.0539 -71.6184
891 -33.0539 -71.6184
466 -33.0537 -71.6184
166 -33.0534 -71.6187
495 -33.0535 -71.6187
150 -33.0544 -71.6157
945 -33.0584 -71.6151
482 -33.0583 -71.6149
976 -33.0583 -71.6149
297 -33.0576 -71.6149
561 -33.0575 -71.6149
842 -33.0572 -71.6148
483 -33.0572 -71.6148
560 -33.0572 -71.6148
531 -33.0572 -71.6148
501 -33.0571 -71.6148
118 -33.0585 -71.6148
774 -33.0571 -71.6148
124 -33.057 -71.6148
994 -33.057 -71.6148
464 -33.0567 -71.6148
640 -33.0567 -71.6148
668 -33.0561 -71.6152
57 -33.0562 -71.6152
646 -33.0563 -71.615
18 -33.0561 -71.6156
765 -33.056 -71.6155
413 -33.056 -71.6154
686 -33.0559 -71.6153
286 -33.0564 -71.615
20 -33.0566 -71.6148
950 -33.0567 -71.6148
608 -33.0567 -71.6148
869 -33.0566 -71.6149
818 -33.0564 -71.615
879 -33.0565 -71.615
60 -33.0565 -71.6149
948 -33.0579 -71.6143
790 -33.0582 -71.613
326 -33.0581 -71.613
19 -33.0585 -71.613
420 -33.0579 -71.613
991 -33.0576 -71.6139
872 -33.0578 -71.6139
414 -33.0579 -71.6129
576 -33.0578 -71.6129
43 -33.0578 -71.6129
521 -33.0578 -71.6129
354 -33.0577 -71.6129
747 -33.0577 -71.6129
917 -33.0573 -71.6128
579 -33.0573 -71.6128
368 -33.0572 -71.6127
523 -33.0569 -71.6126
467 -33.0566 -71.6133
619 -33.0565 -71.6132
298 -33.0566 -71.6125
238 -33.0564 -71.6124
591 -33.0557 -71.6131
962 -33.0558 -71.6131
154 -33.0561 -71.6131
237 -33.0563 -71.6124
967 -33.0563 -71.6124
305 -33.0562 -71.6124
563 -33.0558 -71.6123
209 -33.0558 -71.6123
642 -33.0557 -71.6123
51 -33.0557 -71.6123
366 -33.0556 -71.6123
762 -33.0554 -71.6154
636 -33.0555 -71.6131
175 -33.0551 -71.6131
61 -33.0549 -71.6129
105 -33.0547 -71.615
405 -33.0547 -71.615
907 -33.0547 -71.615
571 -33.0547 -71.6128
452 -33.0553 -71.6124
733 -33.0552 -71.6124
173 -33.0551 -71.6124
12 -33.055 -71.6124
773 -33.0547 -71.6127
274 -33.0546 -71.6127
424 -33.0544 -71.6125
641 -33.0544 -71.6157
488 -33.0541 -71.6156
819 -33.0541 -71.6156
730 -33.0533 -71.6155
546 -33.0531 -71.6155
292 -33.0529 -71.6157
117 -33.0529 -71.6156
254 -33.0529 -71.6156
446 -33.0543 -71.6147
403 -33.0541 -71.6146
423 -33.054 -71.6146
145 -33.0538 -71.6144
171 -33.0534 -71.6141
611 -33.0532 -71.614
711 -33.0531 -71.614
480 -33.0549 -71.6124
927 -33.0549 -71.6124
214 -33.0548 -71.6124
402 -33.0554 -71.6124
35 -33.0548 -71.6124
679 -33.0547 -71.6124
14 -33.0547 -71.6124
351 -33.0547 -71.6124
29 -33.0546 -71.6124
307 -33.0556 -71.6123
627 -33.0556 -71.6123
751 -33.0556 -71.6123
958 -33.0556 -71.6123
15 -33.0545 -71.6124
52 -33.0555 -71.6124
676 -33.0544 -71.6123
295 -33.0544 -71.6123
512 -33.0542 -71.6123
303 -33.0544 -71.6123
909 -33.0542 -71.6123
197 -33.0542 -71.6123
7 -33.0541 -71.6123
674 -33.0542 -71.6123
848 -33.0542 -71.6122
797 -33.0542 -71.6122
916 -33.054 -71.6122
506 -33.0543 -71.6122
40 -33.0544 -71.6122
252 -33.0538 -71.6122
789 -33.0538 -71.6122
387 -33.0538 -71.6122
262 -33.0529 -71.6187
399 -33.0529 -71.6187
632 -33.0524 -71.6186
727 -33.0523 -71.6186
614 -33.0523 -71.6186
250 -33.0522 -71.6185
393 -33.0521 -71.6185
17 -33.0521 -71.6185
163 -33.052 -71.6185
852 -33.052 -71.6185
830 -33.0519 -71.6184
128 -33.0519 -71.6184
504 -33.0519 -71.6184
111 -33.0518 -71.6184
144 -33.0518 -71.6184
597 -33.0517 -71.6184
412 -33.0514 -71.6184
101 -33.0503 -71.621
633 -33.0495 -71.6195
999 -33.0511 -71.6186
447 -33.0494 -71.6193
34 -33.0494 -71.619
935 -33.0494 -71.6188
493 -33.0494 -71.6188
859 -33.0512 -71.6186
364 -33.0508 -71.6181
904 -33.0508 -71.6181
130 -33.0504 -71.6179
165 -33.0503 -71.6179
732 -33.0493 -71.6184
983 -33.05 -71.6178
10 -33.05 -71.6178
949 -33.0499 -71.6178
892 -33.0528 -71.6159
812 -33.0528 -71.6159
992 -33.0529 -71.6158
908 -33.0527 -71.6158
721 -33.0527 -71.6158
545 -33.0526 -71.6158
864 -33.0526 -71.6158
106 -33.0503 -71.6158
574 -33.0503 -71.6158
787 -33.0526 -71.6158
946 -33.0525 -71.6157
688 -33.0503 -71.6158
850 -33.0503 -71.6158
884 -33.0502 -71.6158
572 -33.0501 -71.6157
13 -33.05 -71.6157
453 -33.0495 -71.6163
263 -33.0495 -71.6162
529 -33.0496 -71.6161
239 -33.0495 -71.6163
416 -33.0493 -71.6165
573 -33.0492 -71.6165
889 -33.0492 -71.6165
712 -33.0496 -71.6161
900 -33.0497 -71.6159
692 -33.0497 -71.6159
191 -33.0499 -71.6157
897 -33.0492 -71.6157
318 -33.0492 -71.6159
213 -33.0492 -71.6157
206 -33.0491 -71.6163
764 -33.0483 -71.6189
509 -33.0483 -71.6189
583 -33.0483 -71.6188
485 -33.0482 -71.6191
718 -33.048 -71.6194
360 -33.048 -71.6194
80 -33.0482 -71.6191
911 -33.0483 -71.6187
939 -33.0484 -71.6185
755 -33.0485 -71.6183
55 -33.0485 -71.6183
644 -33.0484 -71.6185
427 -33.0484 -71.6187
484 -33.0484 -71.6187
9 -33.0484 -71.6186
516 -33.0478 -71.6196
277 -33.0477 -71.6199
322 -33.0477 -71.6199
802 -33.0477 -71.6199
139 -33.0476 -71.62
205 -33.0476 -71.6201
820 -33.0476 -71.62
938 -33.0476 -71.62
735 -33.0477 -71.6198
988 -33.0477 -71.6198
696 -33.0478 -71.6198
222 -33.0478 -71.6197
982 -33.0472 -71.6185
220 -33.0471 -71.6188
784 -33.0471 -71.6188
530 -33.0486 -71.618
383 -33.0489 -71.617
799 -33.0489 -71.6169
605 -33.0489 -71.6169
763 -33.0489 -71.6171
716 -33.0488 -71.6172
694 -33.0489 -71.6172
794 -33.0489 -71.6171
639 -33.049 -71.6168
333 -33.049 -71.6166
170 -33.0491 -71.6165
440 -33.0491 -71.6164
283 -33.049 -71.6166
155 -33.049 -71.6168
901 -33.049 -71.6168
113 -33.049 -71.6167
157 -33.0488 -71.6172
635 -33.0487 -71.6177
511 -33.0487 -71.6177
708 -33.0487 -71.6175
610 -33.0486 -71.618
152 -33.0486 -71.618
722 -33.0486 -71.618
88 -33.0473 -71.618
643 -33.0475 -71.6175
793 -33.0478 -71.6164
972 -33.0479 -71.6164
553 -33.048 -71.6157
968 -33.0478 -71.6166
827 -33.0476 -71.6173
724 -33.0477 -71.617
174 -33.0499 -71.6157
565 -33.0521 -71.6156
860 -33.0521 -71.6156
320 -33.052 -71.6156
795 -33.0517 -71.6156
93 -33.0516 -71.6156
148 -33.0515 -71.6156
430 -33.0514 -71.6156
385 -33.0513 -71.6156
585 -33.0522 -71.6134
835 -33.052 -71.6132
739 -33.0518 -71.6131
100 -33.0517 -71.6131
756 -33.0513 -71.6156
783 -33.0512 -71.6156
749 -33.0512 -71.6131
180 -33.051 -71.6131
75 -33.0506 -71.6155
496 -33.0506 -71.6155
805 -33.051 -71.6131
304 -33.0505 -71.6157
273 -33.0499 -71.6157
652 -33.0498 -71.6157
195 -33.0505 -71.6155
659 -33.051 -71.6131
186 -33.051 -71.6131
588 -33.0508 -71.6131
894 -33.0507 -71.6131
638 -33.0507 -71.6131
481 -33.0497 -71.6131
666 -33.0507 -71.6131
828 -33.0497 -71.6131
24 -33.0506 -71.613
920 -33.0506 -71.613
964 -33.0505 -71.613
996 -33.0511 -71.613
494 -33.0502 -71.613
278 -33.05 -71.613
27 -33.05 -71.613
74 -33.0499 -71.613
621 -33.0511 -71.6129
392 -33.0511 -71.6123
942 -33.0511 -71.6123
201 -33.0511 -71.6122
336 -33.0511 -71.6123
915 -33.0511 -71.6126
902 -33.0511 -71.6124
518 -33.0498 -71.6123
86 -33.0498 -71.6123
683 -33.0498 -71.6129
133 -33.0497 -71.6129
64 -33.0497 -71.6128
240 -33.0497 -71.6129
425 -33.0497 -71.613
363 -33.0497 -71.613
345 -33.0497 -71.6129
654 -33.0497 -71.6127
522 -33.0498 -71.6125
665 -33.0498 -71.6125
709 -33.0498 -71.6125
548 -33.0498 -71.6125
76 -33.0498 -71.6126
207 -33.0498 -71.6126
401 -33.0497 -71.6132
631 -33.0493 -71.6153
834 -33.0493 -71.6152
854 -33.0493 -71.6152
660 -33.0493 -71.6154
36 -33.0493 -71.6154
868 -33.0493 -71.6154
394 -33.0493 -71.6154
586 -33.0493 -71.6151
374 -33.0494 -71.6145
462 -33.0494 -71.6144
77 -33.0495 -71.6143
302 -33.0494 -71.6145
612 -33.0494 -71.6147
432 -33.0494 -71.6145
541 -33.0484 -71.6141
778 -33.0484 -71.6141
604 -33.0481 -71.6154
853 -33.0483 -71.6148
140 -33.0483 -71.6148
81 -33.0481 -71.6155
933 -33.0481 -71.6156
48 -33.0481 -71.6156
348 -33.0481 -71.6155
941 -33.0483 -71.6147
314 -33.0484 -71.6142
84 -33.0484 -71.6142
855 -33.0484 -71.6142
435 -33.0483 -71.6145
862 -33.0483 -71.6147
50 -33.0483 -71.6145
436 -33.0484 -71.6141
701 -33.0496 -71.6136
680 -33.0496 -71.6136
234 -33.0496 -71.6136
337 -33.0496 -71.6137
780 -33.0495 -71.6141
637 -33.0495 -71.614
0 -33.0495 -71.6138
457 -33.0496 -71.6133
956 -33.0496 -71.6133
758 -33.0491 -71.6129
353 -33.049 -71.6129
44 -33.0489 -71.6129
823 -33.0489 -71.6124
231 -33.0489 -71.6124
807 -33.0489 -71.6123
119 -33.0489 -71.6124
851 -33.0486 -71.6134
31 -33.0487 -71.6132
648 -33.0487 -71.6131
515 -33.0486 -71.6134
519 -33.0485 -71.6139
218 -33.0485 -71.6139
960 -33.0485 -71.6138
538 -33.0487 -71.613
590 -33.0488 -71.6125
971 -33.0489 -71.6124
418 -33.0489 -71.6124
248 -33.0488 -71.6125
54 -33.0486 -71.6129
728 -33.0488 -71.6128
577 -33.0538 -71.6122
970 -33.0582 -71.6105
384 -33.056 -71.6103
463 -33.0564 -71.6101
866 -33.0555 -71.6104
190 -33.0545 -71.6105
569 -33.0553 -71.6104
26 -33.055 -71.6104
72 -33.0565 -71.6101
259 -33.0565 -71.61
748 -33.0567 -71.6097
132 -33.0571 -71.6095
886 -33.0558 -71.6095
874 -33.0552 -71.6098
606 -33.0557 -71.6094
876 -33.0557 -71.6094
49 -33.0544 -71.612
212 -33.0542 -71.6117
603 -33.0541 -71.6116
601 -33.0541 -71.6116
224 -33.0541 -71.6115
23 -33.0538 -71.6122
645 -33.054 -71.6114
89 -33.054 -71.6114
551 -33.054 -71.6114
575 -33.054 -71.6113
2 -33.0541 -71.6105
187 -33.0542 -71.6105
22 -33.0539 -71.6112
681 -33.0539 -71.6112
228 -33.0537 -71.6112
299 -33.0538 -71.611
558 -33.0559 -71.6091
510 -33.0561 -71.609
535 -33.056 -71.6085
32 -33.0544 -71.6085
706 -33.0544 -71.6085
923 -33.0544 -71.6085
626 -33.0544 -71.6085
183 -33.0543 -71.6085
840 -33.0543 -71.6085
746 -33.0547 -71.6084
94 -33.0547 -71.6084
110 -33.0548 -71.6084
952 -33.0542 -71.6085
158 -33.0542 -71.6085
690 -33.0542 -71.6085
316 -33.0542 -71.6085
137 -33.0541 -71.6085
846 -33.0541 -71.6085
328 -33.0541 -71.6085
468 -33.0541 -71.6085
126 -33.054 -71.6085
398 -33.0537 -71.6085
836 -33.054 -71.6085
714 -33.054 -71.6085
167 -33.0539 -71.6085
951 -33.0538 -71.6085
136 -33.0539 -71.6085
471 -33.0538 -71.6085
502 -33.0538 -71.6085
757 -33.0537 -71.6085
981 -33.0538 -71.6085
785 -33.0537 -71.6085
268 -33.0537 -71.6113
745 -33.0537 -71.6113
600 -33.0536 -71.6111
415 -33.0536 -71.6114
272 -33.0536 -71.6122
310 -33.0534 -71.6122
885 -33.0536 -71.6111
204 -33.0534 -71.611
343 -33.0534 -71.611
97 -33.0536 -71.6107
578 -33.0535 -71.6106
211 -33.0534 -71.611
863 -33.0534 -71.611
861 -33.0533 -71.611
910 -33.0534 -71.6102
242 -33.0533 -71.6099
160 -33.0533 -71.6122
998 -33.0532 -71.6121
649 -33.0532 -71.6121
347 -33.0532 -71.6121
386 -33.0531 -71.6121
986 -33.053 -71.6121
742 -33.053 -71.6121
143 -33.0532 -71.6115
324 -33.0532 -71.6109
593 -33.0532 -71.6109
737 -33.0533 -71.6098
734 -33.0531 -71.6109
821 -33.0531 -71.6109
421 -33.0531 -71.6109
276 -33.0532 -71.6096
460 -33.0536 -71.6085
752 -33.0536 -71.6085
966 -33.0537 -71.6085
56 -33.0536 -71.6085
704 -33.0536 -71.6085
369 -33.0536 -71.6085
653 -33.0535 -71.6085
671 -33.0537 -71.6085
990 -33.0535 -71.6085
741 -33.0535 -71.6085
236 -33.0534 -71.6085
815 -33.0534 -71.6085
182 -33.0534 -71.6085
404 -33.0534 -71.6085
856 -33.0534 -71.6085
832 -33.0534 -71.6085
120 -33.0531 -71.6095
390 -33.0531 -71.6095
505 -33.0532 -71.609
556 -33.0531 -71.6094
782 -33.0531 -71.6094
675 -33.0531 -71.6094
811 -33.0531 -71.6094
192 -33.0532 -71.609
365 -33.0533 -71.6084
669 -33.0533 -71.6084
624 -33.0533 -71.6084
417 -33.0532 -71.6084
349 -33.0532 -71.6084
673 -33.0532 -71.6084
125 -33.0532 -71.6084
280 -33.0579 -71.6082
419 -33.0579 -71.6082
63 -33.0579 -71.6082
925 -33.0579 -71.6082
159 -33.0579 -71.6082
903 -33.0575 -71.6081
672 -33.0574 -71.6081
581 -33.0573 -71.6081
677 -33.0585 -71.608
808 -33.0585 -71.6079
528 -33.059 -71.6079
281 -33.0582 -71.6081
977 -33.0572 -71.608
362 -33.0572 -71.608
454 -33.0571 -71.608
332 -33.057 -71.608
499 -33.057 -71.608
79 -33.0569 -71.608
934 -33.0569 -71.608
469 -33.0568 -71.608
11 -33.0568 -71.608
461 -33.0567 -71.608
335 -33.0566 -71.608
929 -33.0566 -71.608
400 -33.0566 -71.608
700 -33.0565 -71.608
657 -33.0565 -71.608
473 -33.0564 -71.608
285 -33.0564 -71.608
912 -33.0563 -71.608
705 -33.0563 -71.608
225 -33.0561 -71.6079
474 -33.0586 -71.6079
300 -33.0588 -71.6078
491 -33.0579 -71.6068
112 -33.0577 -71.6068
296 -33.0566 -71.6072
311 -33.0571 -71.607
525 -33.0574 -71.6069
331 -33.058 -71.6067
291 -33.0584 -71.6066
147 -33.058 -71.6044
441 -33.059 -71.6041
870 -33.0579 -71.6045
768 -33.0576 -71.605
90 -33.0572 -71.6047
924 -33.0568 -71.6046
129 -33.0566 -71.6072
83 -33.056 -71.6075
613 -33.0563 -71.6075
873 -33.0561 -71.6075
438 -33.056 -71.6079
858 -33.056 -71.6079
888 -33.056 -71.6079
168 -33.0559 -71.6079
477 -33.0561 -71.6075
513 -33.0566 -71.6073
527 -33.0566 -71.6072
221 -33.0565 -71.6045
411 -33.0565 -71.6073
223 -33.0564 -71.6074
196 -33.0561 -71.6043
740 -33.0559 -71.6079
156 -33.0551 -71.6082
540 -33.0551 -71.6081
984 -33.0552 -71.6081
73 -33.0551 -71.6082
503 -33.055 -71.6082
350 -33.055 -71.6082
62 -33.055 -71.6082
470 -33.0552 -71.6081
458 -33.0552 -71.6081
715 -33.0553 -71.608
954 -33.0553 -71.608
378 -33.0552 -71.6081
664 -33.0552 -71.6081
825 -33.0552 -71.6081
753 -33.0552 -71.6081
843 -33.055 -71.6082
770 -33.0532 -71.6084
532 -33.0548 -71.6084
381 -33.0548 -71.6084
284 -33.0531 -71.6084
243 -33.0531 -71.6084
882 -33.0531 -71.6084
845 -33.0531 -71.6084
71 -33.0531 -71.6084
557 -33.0549 -71.6083
622 -33.0549 -71.6083
261 -33.0549 -71.6083
325 -33.053 -71.6083
736 -33.053 -71.6083
294 -33.053 -71.6083
489 -33.0554 -71.608
282 -33.0558 -71.6079
46 -33.0558 -71.6078
422 -33.0557 -71.6078
833 -33.0557 -71.6078
918 -33.0555 -71.6079
810 -33.0555 -71.6078
138 -33.0557 -71.6078
555 -33.0557 -71.6078
472 -33.0557 -71.6077
857 -33.0557 -71.6077
922 -33.0558 -71.6076
478 -33.0556 -71.6078
592 -33.0556 -71.6078
944 -33.0556 -71.6078
78 -33.0556 -71.6044
219 -33.0555 -71.6079
723 -33.0554 -71.6079
772 -33.0555 -71.6079
980 -33.0555 -71.6079
878 -33.0554 -71.6079
769 -33.0554 -71.608
662 -33.0554 -71.6079
595 -33.0539 -71.606
256 -33.054 -71.6059
937 -33.0544 -71.6053
169 -33.0546 -71.6046
620 -33.0547 -71.6046
98 -33.0541 -71.6059
99 -33.0537 -71.6048
293 -33.0539 -71.6048
16 -33.053 -71.6083
309 -33.0528 -71.6121
151 -33.0526 -71.6121
905 -33.0526 -71.6121
759 -33.0526 -71.6121
102 -33.0525 -71.6121
108 -33.0524 -71.6121
200 -33.0523 -71.6121
208 -33.0523 -71.612
943 -33.0527 -71.6116
936 -33.0527 -71.6116
141 -33.0529 -71.6116
931 -33.0526 -71.6117
356 -33.0524 -71.6117
391 -33.0525 -71.6117
433 -33.0525 -71.6117
202 -33.0522 -71.612
615 -33.0521 -71.612
334 -33.052 -71.612
70 -33.052 -71.612
837 -33.0519 -71.612
801 -33.0517 -71.612
87 -33.0517 -71.612
661 -33.0517 -71.612
725 -33.0516 -71.612
877 -33.0516 -71.612
265 -33.0515 -71.612
372 -33.0516 -71.6118
655 -33.0513 -71.6119
744 -33.0512 -71.612
517 -33.0512 -71.612
599 -33.0513 -71.6119
275 -33.0515 -71.6114
607 -33.0529 -71.6107
771 -33.0529 -71.6107
227 -33.0529 -71.6107
498 -33.0528 -71.6106
235 -33.0528 -71.6106
68 -33.0528 -71.6105
233 -33.0527 -71.6104
82 -33.0527 -71.6103
437 -33.0526 -71.6103
738 -33.0526 -71.6103
306 -33.0526 -71.6103
185 -33.0525 -71.6101
707 -33.0524 -71.61
552 -33.0514 -71.6097
562 -33.0522 -71.6097
41 -33.0514 -71.6097
449 -33.0514 -71.6114
995 -33.0511 -71.61
490 -33.0512 -71.6099
37 -33.051 -71.6101
594 -33.0509 -71.6101
135 -33.051 -71.6101
953 -33.051 -71.6101
609 -33.0512 -71.6099
965 -33.0513 -71.6098
959 -33.0514 -71.6097
893 -33.0514 -71.6097
445 -33.0513 -71.6098
104 -33.0512 -71.6099
689 -33.0512 -71.6099
570 -33.0509 -71.6102
428 -33.05 -71.6113
33 -33.0503 -71.6113
465 -33.05 -71.6113
258 -33.05 -71.6114
804 -33.0498 -71.6122
329 -33.0499 -71.6118
656 -33.0499 -71.6117
651 -33.0498 -71.6113
539 -33.05 -71.6111
439 -33.05 -71.6111
164 -33.05 -71.611
526 -33.05 -71.6111
58 -33.0497 -71.6113
317 -33.05 -71.6112
932 -33.05 -71.6112
342 -33.0495 -71.6112
899 -33.0491 -71.6116
444 -33.0491 -71.6115
719 -33.0495 -71.6112
847 -33.0491 -71.6117
178 -33.049 -71.612
153 -33.049 -71.6119
634 -33.0482 -71.6113
312 -33.0495 -71.6112
241 -33.0495 -71.6112
779 -33.0494 -71.6112
96 -33.0494 -71.6112
596 -33.0494 -71.6112
947 -33.0494 -71.6112
685 -33.0492 -71.6112
750 -33.0501 -71.6109
45 -33.0509 -71.6102
443 -33.0509 -71.6102
777 -33.0509 -71.6102
426 -33.0508 -71.6102
630 -33.0508 -71.6102
699 -33.0508 -71.6102
114 -33.0507 -71.6102
584 -33.0508 -71.6102
543 -33.0507 -71.6102
352 -33.0506 -71.6102
396 -33.0507 -71.6102
926 -33.0506 -71.6102
684 -33.0505 -71.6102
131 -33.0506 -71.6102
330 -33.0505 -71.6102
451 -33.0504 -71.6102
974 -33.0501 -71.6104
338 -33.0501 -71.6104
898 -33.0502 -71.6103
524 -33.0501 -71.6105
766 -33.0501 -71.6109
379 -33.0501 -71.6108
817 -33.0501 -71.6108
841 -33.0502 -71.6102
95 -33.0504 -71.6102
969 -33.0502 -71.6102
792 -33.0503 -71.6098
246 -33.0502 -71.6101
695 -33.0494 -71.6099
985 -33.0493 -71.6099
181 -33.0522 -71.6096
625 -33.0522 -71.6096
91 -33.0522 -71.6096
658 -33.0522 -71.6096
534 -33.0522 -71.6096
203 -33.052 -71.6093
267 -33.052 -71.6089
731 -33.0521 -71.6087
813 -33.0522 -71.6084
199 -33.0529 -71.6083
172 -33.0529 -71.6083
319 -33.0529 -71.6083
321 -33.0529 -71.6083
229 -33.0529 -71.6083
788 -33.0529 -71.6083
357 -33.0528 -71.6083
397 -33.052 -71.6089
623 -33.052 -71.6093
867 -33.052 -71.6093
67 -33.0519 -71.6092
875 -33.0519 -71.6093
410 -33.0518 -71.6093
264 -33.0518 -71.6093
682 -33.0518 -71.6093
554 -33.0519 -71.6092
691 -33.052 -71.609
720 -33.052 -71.609
245 -33.052 -71.6089
806 -33.052 -71.6091
382 -33.0519 -71.6092
887 -33.052 -71.6091
247 -33.052 -71.6091
997 -33.0527 -71.6082
375 -33.0526 -71.6082
544 -33.0526 -71.6082
395 -33.0525 -71.6082
287 -33.0525 -71.6082
230 -33.0525 -71.6082
103 -33.0525 -71.6082
993 -33.0525 -71.6082
670 -33.0524 -71.6081
406 -33.0525 -71.6069
1 -33.0524 -71.6048
957 -33.0528 -71.6047
8 -33.0523 -71.6081
244 -33.0523 -71.6081
975 -33.0523 -71.608
232 -33.0522 -71.6078
339 -33.0522 -71.6078
257 -33.0522 -71.6082
371 -33.0522 -71.6082
564 -33.0522 -71.6075
839 -33.0522 -71.6076
215 -33.052 -71.608
895 -33.0518 -71.6076
989 -33.0518 -71.6076
358 -33.0522 -71.6073
65 -33.0522 -71.6073
122 -33.0521 -71.6072
388 -33.0521 -71.607
628 -33.052 -71.6069
913 -33.0519 -71.6067
492 -33.0518 -71.6063
667 -33.0518 -71.6094
184 -33.0516 -71.6095
921 -33.0517 -71.6095
359 -33.0517 -71.6094
567 -33.0516 -71.6095
616 -33.0515 -71.6096
289 -33.0516 -71.6095
6 -33.0516 -71.6095
871 -33.0517 -71.6094
791 -33.0517 -71.609
566 -33.0516 -71.6089
536 -33.0515 -71.6088
429 -33.0515 -71.6088
507 -33.0504 -71.6091
39 -33.0504 -71.6089
270 -33.0514 -71.6088
344 -33.0503 -71.6092
663 -33.0502 -71.6092
928 -33.0501 -71.6091
824 -33.05 -71.6091
798 -33.0496 -71.6092
4 -33.0496 -71.6094
865 -33.0496 -71.6093
288 -33.0496 -71.6092
459 -33.05 -71.6091
729 -33.0499 -71.6091
3 -33.0499 -71.6091
814 -33.0498 -71.6091
702 -33.0498 -71.6091
486 -33.0497 -71.6091
249 -33.0497 -71.6091
161 -33.0514 -71.6088
776 -33.0516 -71.6082
193 -33.0516 -71.6082
308 -33.0518 -71.6076
906 -33.0513 -71.6087
508 -33.0513 -71.6086
914 -33.0512 -71.6086
617 -33.0511 -71.6086
21 -33.0516 -71.6075
896 -33.0517 -71.6061
826 -33.0517 -71.6048
30 -33.0517 -71.6047
800 -33.0516 -71.606
194 -33.0516 -71.6075
514 -33.0512 -71.6059
149 -33.0513 -71.6053
717 -33.0509 -71.6085
121 -33.0507 -71.6085
650 -33.0506 -71.6085
781 -33.0505 -71.6085
28 -33.0505 -71.6086
47 -33.0505 -71.6087
188 -33.0505 -71.6085
59 -33.0504 -71.6085
380 -33.0504 -71.6085
568 -33.0504 -71.6085
618 -33.0502 -71.6085
346 -33.05 -71.6084
559 -33.0495 -71.6084
162 -33.0492 -71.6083
533 -33.0488 -71.6036
