266 -33.0531 -71.6246
930 -33.0531 -71.6246
253 -33.0531 -71.6246
678 -33.0526 -71.6245
327 -33.0525 -71.6245
315 -33.0524 -71.6244
38 -33.0524 -71.6244
226 -33.0522 -71.6244
880 -33.0536 -71.624
177 -33.0533 -71.6239
487 -33.053 -71.6237
260 -33.0529 -71.6237
796 -33.0521 -71.6243
500 -33.0525 -71.6236
703 -33.0523 -71.6235
5 -33.0521 -71.6243
961 -33.0518 -71.625
940 -33.0519 -71.6248
176 -33.0519 -71.6246
479 -33.0518 -71.6252
217 -33.0517 -71.6252
109 -33.0515 -71.6252
883 -33.0514 -71.6252
66 -33.0519 -71.6245
647 -33.0521 -71.6243
115 -33.0521 -71.6243
497 -33.0521 -71.6243
142 -33.052 -71.6243
85 -33.052 -71.6244
550 -33.0518 -71.6243
697 -33.0512 -71.6243
890 -33.0522 -71.6235
377 -33.0535 -71.6224
210 -33.0534 -71.6224
179 -33.0529 -71.6222
216 -33.0522 -71.62
587 -33.0522 -71.62
919 -33.0519 -71.6199
456 -33.0518 -71.6199
355 -33.0518 -71.6199
869 -33.053 -71.6187
646 -33.0527 -71.6187
57 -33.0525 -71.6186
668 -33.0525 -71.6186
373 -33.0521 -71.6198
69 -33.0519 -71.6196
542 -33.0517 -71.6194
301 -33.0517 -71.6193
313 -33.0516 -71.6233
53 -33.0515 -71.6232
973 -33.0515 -71.6202
547 -33.0514 -71.6206
716 -33.0511 -71.623
775 -33.0514 -71.6203
713 -33.0514 -71.6203
838 -33.0515 -71.6201
761 -33.0515 -71.6201
341 -33.0516 -71.62
134 -33.0513 -71.619
816 -33.0513 -71.6189
881 -33.0513 -71.6189
376 -33.0512 -71.6189
694 -33.051 -71.6229
101 -33.0509 -71.6255
829 -33.051 -71.6251
786 -33.0508 -71.6251
598 -33.0507 -71.6256
633 -33.0507 -71.6248
34 -33.0505 -71.6244
979 -33.0504 -71.6242
589 -33.0502 -71.6242
799 -33.0509 -71.6227
901 -33.0507 -71.6226
283 -33.0506 -71.6225
732 -33.0506 -71.6239
935 -33.0504 -71.6242
493 -33.0503 -71.6242
440 -33.0506 -71.6224
987 -33.0502 -71.6252
92 -33.0502 -71.6252
447 -33.0498 -71.6243
25 -33.0498 -71.6243
409 -33.0496 -71.6252
849 -33.0488 -71.6253
629 -33.049 -71.6253
710 -33.0496 -71.6243
999 -33.049 -71.6223
412 -33.0493 -71.622
144 -33.0492 -71.6218
111 -33.0492 -71.6218
597 -33.0492 -71.6219
859 -33.0492 -71.6223
206 -33.0487 -71.6222
213 -33.0486 -71.6217
852 -33.0492 -71.6216
116 -33.0509 -71.6212
399 -33.051 -71.6212
432 -33.0502 -71.6209
302 -33.0502 -71.6209
637 -33.0502 -71.6205
680 -33.0499 -71.6202
234 -33.0494 -71.6202
956 -33.0497 -71.6201
166 -33.0496 -71.62
401 -33.0496 -71.6199
425 -33.0495 -71.6197
323 -33.0495 -71.6201
74 -33.0495 -71.6195
891 -33.0494 -71.6193
198 -33.0494 -71.6192
76 -33.0494 -71.6193
77 -33.0494 -71.6208
262 -33.0494 -71.6206
340 -33.0493 -71.6205
17 -33.0493 -71.6212
163 -33.0492 -71.6216
250 -33.0493 -71.6212
632 -33.0493 -71.6212
831 -33.0493 -71.6204
804 -33.0494 -71.6191
86 -33.0494 -71.619
434 -33.0494 -71.619
844 -33.0494 -71.619
448 -33.0493 -71.6204
687 -33.0493 -71.6203
760 -33.0497 -71.6186
413 -33.0521 -71.6185
765 -33.052 -71.6185
560 -33.0534 -71.6184
189 -33.0519 -71.6184
963 -33.0518 -71.6184
367 -33.0518 -71.6184
582 -33.0517 -71.6184
774 -33.0533 -71.6184
475 -33.0535 -71.6174
297 -33.0529 -71.6159
842 -33.0525 -71.6157
464 -33.052 -71.6156
931 -33.0518 -71.6156
640 -33.0519 -71.6156
950 -33.0519 -71.6156
978 -33.0516 -71.6184
370 -33.0512 -71.6185
407 -33.0514 -71.6184
537 -33.0513 -71.6184
255 -33.0511 -71.6186
549 -33.0509 -71.6186
361 -33.0501 -71.6184
42 -33.0501 -71.6184
408 -33.0511 -71.6182
389 -33.0513 -71.6164
743 -33.0513 -71.6163
18 -33.0515 -71.6163
476 -33.0503 -71.6158
251 -33.0502 -71.6158
726 -33.05 -71.6157
955 -33.05 -71.6157
608 -33.0519 -71.6156
118 -33.0535 -71.6155
872 -33.0534 -71.6155
976 -33.0534 -71.6155
945 -33.0534 -71.6155
20 -33.0518 -71.6156
482 -33.0532 -71.6155
991 -33.0532 -71.6155
561 -33.0525 -71.6151
483 -33.0523 -71.615
948 -33.0535 -71.6142
994 -33.0526 -71.6136
531 -33.0522 -71.6149
501 -33.0521 -71.6149
124 -33.0521 -71.6149
242 -33.0519 -71.6136
936 -33.0518 -71.6155
60 -33.0517 -71.6156
818 -33.0516 -71.6156
879 -33.0516 -71.6156
286 -33.0515 -71.6156
356 -33.0514 -71.6156
450 -33.0505 -71.6155
822 -33.0505 -71.6155
943 -33.0516 -71.6155
578 -33.0516 -71.6141
507 -33.0516 -71.614
910 -33.0517 -71.6138
792 -33.0515 -71.6145
268 -33.051 -71.6148
299 -33.0515 -71.6144
279 -33.0499 -71.6157
698 -33.0495 -71.6177
754 -33.0495 -71.6177
455 -33.0494 -71.6177
656 -33.0493 -71.6185
428 -33.0491 -71.6181
539 -33.049 -71.6181
809 -33.0491 -71.6176
396 -33.049 -71.6168
150 -33.0492 -71.6165
641 -33.0492 -71.6165
426 -33.0491 -71.6165
570 -33.0491 -71.6164
543 -33.049 -71.6167
699 -33.049 -71.6167
443 -33.049 -71.6166
352 -33.049 -71.6168
379 -33.0488 -71.6179
803 -33.0488 -71.6176
730 -33.0488 -71.6175
524 -33.0487 -71.6177
254 -33.0486 -71.618
292 -33.0486 -71.618
750 -33.0486 -71.6179
246 -33.0488 -71.6173
684 -33.0489 -71.6169
488 -33.0489 -71.6165
819 -33.0489 -71.6165
95 -33.0489 -71.617
841 -33.0488 -71.6173
290 -33.0489 -71.6164
953 -33.0491 -71.6163
269 -33.0497 -71.6158
693 -33.0497 -71.6158
520 -33.0498 -71.6158
442 -33.0495 -71.6162
271 -33.0495 -71.6163
580 -33.0495 -71.6163
146 -33.0495 -71.6162
107 -33.0498 -71.6157
123 -33.0499 -71.6157
602 -33.0498 -71.6157
295 -33.0496 -71.6135
257 -33.0495 -71.6139
554 -33.0493 -71.6149
887 -33.0494 -71.6148
415 -33.0494 -71.6144
682 -33.0493 -71.6151
959 -33.0492 -71.6157
41 -33.0492 -71.6157
433 -33.0492 -71.6157
893 -33.0492 -71.6158
609 -33.0491 -71.6161
689 -33.0492 -71.616
391 -33.0492 -71.6158
6 -33.0492 -71.6155
871 -33.0493 -71.6154
921 -33.0493 -71.6153
141 -33.0493 -71.6152
184 -33.0493 -71.6154
267 -33.0486 -71.6136
731 -33.0486 -71.6134
160 -33.0485 -71.6136
453 -33.0474 -71.6227
318 -33.0474 -71.6227
897 -33.0474 -71.6225
263 -33.0474 -71.6225
983 -33.0473 -71.6228
130 -33.0474 -71.6225
529 -33.0474 -71.6223
900 -33.0474 -71.6223
36 -33.0474 -71.6222
394 -33.0474 -71.6222
868 -33.0474 -71.6222
692 -33.0474 -71.6222
660 -33.0474 -71.6221
631 -33.0474 -71.622
854 -33.0473 -71.6219
834 -33.0473 -71.6219
139 -33.0465 -71.6253
205 -33.0465 -71.6253
820 -33.0465 -71.6253
938 -33.0465 -71.6252
802 -33.0465 -71.6252
277 -33.0465 -71.6252
322 -33.0465 -71.6252
696 -33.0465 -71.625
735 -33.0467 -71.6248
605 -33.0467 -71.6229
889 -33.0471 -71.6228
383 -33.0465 -71.6229
516 -33.0464 -71.6249
222 -33.0464 -71.6248
360 -33.0464 -71.6246
586 -33.0473 -71.6218
374 -33.0483 -71.6209
195 -33.0474 -71.6208
780 -33.0484 -71.6207
191 -33.0473 -71.6218
884 -33.0472 -71.6214
688 -33.0472 -71.6213
462 -33.0472 -71.6213
0 -33.0474 -71.6207
337 -33.0482 -71.6204
701 -33.0481 -71.6203
457 -33.0479 -71.6201
727 -33.0476 -71.62
830 -33.0473 -71.6202
496 -33.0473 -71.6202
614 -33.0476 -71.6201
612 -33.0472 -71.6215
851 -33.0466 -71.6204
572 -33.0466 -71.6204
13 -33.0466 -71.6204
904 -33.0465 -71.6206
314 -33.0463 -71.6212
855 -33.0463 -71.6212
519 -33.0464 -71.6208
273 -33.0465 -71.6203
850 -33.0467 -71.6201
106 -33.0467 -71.62
574 -33.0467 -71.62
31 -33.0466 -71.6202
174 -33.0464 -71.6203
515 -33.0466 -71.6203
218 -33.0462 -71.6203
718 -33.0462 -71.6247
80 -33.046 -71.6245
485 -33.046 -71.6244
764 -33.0458 -71.6242
509 -33.0458 -71.6242
583 -33.0458 -71.6242
911 -33.0458 -71.6242
484 -33.0457 -71.624
530 -33.0459 -71.6234
511 -33.0459 -71.6232
708 -33.0461 -71.623
152 -33.0459 -71.6234
755 -33.0457 -71.6238
55 -33.0458 -71.6238
722 -33.0458 -71.6235
9 -33.0456 -71.624
88 -33.0442 -71.6241
939 -33.0456 -71.624
643 -33.0445 -71.6239
982 -33.0438 -71.6243
220 -33.0435 -71.6245
784 -33.0435 -71.6245
988 -33.0437 -71.6244
827 -33.0447 -71.6237
793 -33.0452 -71.6229
972 -33.0453 -71.6229
635 -33.0453 -71.6228
724 -33.045 -71.6234
427 -33.0448 -71.6237
644 -33.0449 -71.6236
610 -33.045 -71.6226
573 -33.0461 -71.6217
862 -33.0462 -71.6215
941 -33.0462 -71.6215
170 -33.046 -71.6219
81 -33.0457 -71.6222
639 -33.0458 -71.6221
113 -33.0459 -71.622
435 -33.0462 -71.6214
541 -33.046 -71.6202
778 -33.046 -71.6202
436 -33.046 -71.6202
712 -33.046 -71.6202
84 -33.0459 -71.6202
165 -33.0458 -71.6201
50 -33.0458 -71.6201
348 -33.0457 -71.6222
794 -33.0456 -71.6223
48 -33.0456 -71.6223
933 -33.0456 -71.6223
553 -33.0456 -71.6224
968 -33.0449 -71.6225
157 -33.0456 -71.6224
333 -33.0454 -71.6204
155 -33.0452 -71.6204
10 -33.0457 -71.6203
239 -33.0457 -71.6201
949 -33.0455 -71.62
853 -33.0455 -71.62
604 -33.0452 -71.6203
763 -33.045 -71.6203
416 -33.0454 -71.62
329 -33.0483 -71.6189
495 -33.0483 -71.6189
787 -33.0484 -71.6187
565 -33.0481 -71.6192
665 -33.048 -71.6194
431 -33.048 -71.6193
518 -33.0481 -71.6192
258 -33.0484 -71.6185
767 -33.0485 -71.6183
992 -33.0485 -71.6183
164 -33.0485 -71.6182
812 -33.0485 -71.6183
721 -33.0484 -71.6185
864 -33.0484 -71.6185
180 -33.0484 -71.6184
207 -33.048 -71.6194
783 -33.0479 -71.62
481 -33.0478 -71.6199
64 -33.0478 -71.6197
240 -33.0478 -71.6197
828 -33.0477 -71.62
363 -33.0478 -71.6198
430 -33.0477 -71.6198
93 -33.0478 -71.6196
548 -33.0479 -71.6195
709 -33.048 -71.6194
522 -33.048 -71.6194
278 -33.0479 -71.6195
654 -33.0478 -71.6196
27 -33.0479 -71.6196
685 -33.0473 -71.6181
947 -33.0473 -71.618
466 -33.0481 -71.6174
336 -33.0478 -71.6165
974 -33.0478 -71.6165
817 -33.0477 -71.6169
465 -33.0476 -71.6172
932 -33.0476 -71.6171
439 -33.0476 -71.6171
546 -33.0479 -71.6163
67 -33.0485 -71.614
649 -33.0485 -71.6137
998 -33.0485 -71.6137
445 -33.0483 -71.6148
117 -33.0477 -71.6162
777 -33.0481 -71.6155
801 -33.0481 -71.6155
805 -33.0476 -71.6173
342 -33.0474 -71.6178
860 -33.0474 -71.6177
651 -33.0475 -71.6176
779 -33.0474 -71.6179
920 -33.0474 -71.6179
320 -33.0474 -71.6179
58 -33.0473 -71.6172
638 -33.0472 -71.6172
892 -33.0474 -71.6162
965 -33.0475 -71.6135
781 -33.0475 -71.6134
334 -33.0474 -71.6139
908 -33.0473 -71.6162
594 -33.0472 -71.6141
894 -33.0472 -71.6172
504 -33.047 -71.6195
807 -33.0469 -71.6192
178 -33.047 -71.619
231 -33.0469 -71.6193
728 -33.0468 -71.6197
418 -33.0469 -71.6194
971 -33.0469 -71.6194
153 -33.0471 -71.6188
683 -33.0471 -71.6187
847 -33.0471 -71.6187
444 -33.0472 -71.6184
345 -33.0471 -71.6187
719 -33.0471 -71.6171
596 -33.047 -71.6171
795 -33.0469 -71.6171
44 -33.0468 -71.6195
648 -33.0467 -71.6199
538 -33.0467 -71.6199
304 -33.0466 -71.6194
364 -33.046 -71.6192
140 -33.0454 -71.62
652 -33.0459 -71.6192
960 -33.0458 -71.6191
756 -33.0464 -71.617
899 -33.0464 -71.617
393 -33.0463 -71.617
128 -33.0461 -71.6169
119 -33.0457 -71.6169
823 -33.0456 -71.6169
248 -33.0456 -71.6169
758 -33.0456 -71.6169
545 -33.0472 -71.6161
946 -33.047 -71.6161
655 -33.0471 -71.6147
317 -33.047 -71.6161
835 -33.0469 -71.6148
942 -33.0468 -71.6147
201 -33.0468 -71.6147
729 -33.0471 -71.6147
114 -33.0472 -71.6144
372 -33.0472 -71.6143
661 -33.0472 -71.6142
926 -33.0471 -71.6144
451 -33.0471 -71.6146
599 -33.0471 -71.6146
131 -33.0471 -71.6145
392 -33.0467 -71.6147
666 -33.0466 -71.6161
96 -33.0464 -71.616
148 -33.046 -71.616
385 -33.0458 -71.616
590 -33.0456 -71.6169
133 -33.0457 -71.616
75 -33.0452 -71.616
634 -33.0451 -71.616
338 -33.0466 -71.6147
766 -33.0463 -71.6147
526 -33.0461 -71.6147
588 -33.0458 -71.6146
312 -33.0455 -71.6145
241 -33.0454 -71.6145
552 -33.0474 -71.6134
737 -33.0519 -71.6134
2 -33.0519 -71.6133
276 -33.0519 -71.6132
120 -33.0518 -71.6131
675 -33.0517 -71.6131
811 -33.0517 -71.6131
390 -33.0518 -71.6131
19 -33.0523 -71.612
790 -33.0521 -71.612
326 -33.0521 -71.612
810 -33.0525 -71.6117
414 -33.0518 -71.612
420 -33.0518 -71.612
576 -33.0517 -71.612
43 -33.0517 -71.612
521 -33.0516 -71.612
556 -33.0516 -71.6131
782 -33.0516 -71.6131
686 -33.0513 -71.6131
505 -33.0512 -71.6131
192 -33.0512 -71.6131
26 -33.0509 -71.6131
127 -33.0509 -71.6131
238 -33.0511 -71.6129
747 -33.0516 -71.612
463 -33.0514 -71.6119
72 -33.0516 -71.6118
917 -33.0512 -71.6119
298 -33.0511 -71.6127
874 -33.0511 -71.6127
866 -33.0511 -71.6126
772 -33.0525 -71.6117
873 -33.0532 -71.6115
970 -33.0535 -71.6114
98 -33.0536 -71.6114
83 -33.0531 -71.6115
132 -33.0527 -71.6116
592 -33.0527 -71.6116
922 -33.0529 -71.6116
354 -33.0529 -71.6108
579 -33.0527 -71.6103
368 -33.0525 -71.6101
467 -33.0523 -71.6098
619 -33.0522 -71.6096
259 -33.0521 -71.6095
591 -33.0517 -71.6094
237 -33.0521 -71.6094
469 -33.0516 -71.6095
523 -33.0514 -71.6116
569 -33.0513 -71.6114
305 -33.051 -71.6114
46 -33.0508 -71.6102
962 -33.0508 -71.6113
857 -33.0508 -71.6102
35 -33.0508 -71.6102
225 -33.0511 -71.61
513 -33.0515 -71.6096
307 -33.0515 -71.6096
636 -33.0516 -71.6096
400 -33.0514 -71.6097
402 -33.0514 -71.6097
52 -33.0514 -71.6097
773 -33.0508 -71.6102
51 -33.0505 -71.613
642 -33.0505 -71.613
958 -33.0503 -71.613
187 -33.0502 -71.613
669 -33.0498 -71.6125
856 -33.0498 -71.6124
704 -33.0498 -71.6122
671 -33.0499 -71.6121
626 -33.05 -71.6113
733 -33.0501 -71.6113
173 -33.05 -71.6113
137 -33.05 -71.6115
158 -33.0499 -71.6116
316 -33.0499 -71.6116
840 -33.0499 -71.6113
349 -33.0498 -71.6127
762 -33.0497 -71.613
321 -33.0497 -71.613
480 -33.0497 -71.613
199 -33.0497 -71.6131
375 -33.0496 -71.6133
319 -33.0497 -71.6131
229 -33.0497 -71.6131
14 -33.0495 -71.6129
351 -33.0494 -71.6129
882 -33.0497 -71.6128
284 -33.0497 -71.6128
97 -33.0493 -71.6129
404 -33.0491 -71.6114
182 -33.0491 -71.6114
846 -33.0498 -71.6113
422 -33.0507 -71.6102
472 -33.0507 -71.6102
944 -33.0506 -71.6102
825 -33.0502 -71.6102
94 -33.0501 -71.6107
622 -33.0501 -71.6107
470 -33.0501 -71.6104
555 -33.0506 -71.6102
662 -33.0504 -71.6102
219 -33.0505 -71.6102
769 -33.0503 -71.6101
937 -33.0503 -71.6095
954 -33.0503 -71.6101
378 -33.0502 -71.6101
674 -33.0501 -71.6101
110 -33.0501 -71.6108
571 -33.0497 -71.6112
214 -33.0497 -71.6112
923 -33.05 -71.6112
167 -33.0495 -71.6112
145 -33.0495 -71.6112
29 -33.0494 -71.6112
981 -33.0494 -71.6112
398 -33.0493 -71.6112
32 -33.05 -71.6112
746 -33.0501 -71.6109
261 -33.0496 -71.6094
15 -33.0493 -71.6112
603 -33.0492 -71.6099
952 -33.0491 -71.6099
967 -33.052 -71.6093
528 -33.0532 -71.6084
300 -33.0529 -71.6083
748 -33.0528 -71.6083
474 -33.0527 -71.6082
291 -33.0527 -71.6082
175 -33.0522 -71.6082
677 -33.0526 -71.6082
808 -33.0526 -71.6082
281 -33.0523 -71.6081
331 -33.0523 -71.6081
491 -33.0522 -71.6079
63 -33.0522 -71.6078
280 -33.0522 -71.6078
886 -33.0522 -71.6077
159 -33.0522 -71.6076
112 -33.0522 -71.6077
154 -33.052 -71.6093
384 -33.0517 -71.609
563 -33.0517 -71.609
209 -33.0515 -71.6088
366 -33.0515 -71.6088
751 -33.0515 -71.6088
627 -33.0514 -71.6088
525 -33.0521 -71.6087
925 -33.0521 -71.6084
419 -33.0521 -71.6081
876 -33.052 -71.6076
196 -33.0516 -71.6082
362 -33.0513 -71.6084
977 -33.0514 -71.6083
672 -33.0515 -71.6083
606 -33.0522 -71.6075
679 -33.0522 -71.6075
903 -33.0522 -71.6073
768 -33.0525 -71.6069
581 -33.0521 -71.6071
303 -33.0521 -71.6071
311 -33.0521 -71.6071
558 -33.0519 -71.6068
332 -33.052 -71.6068
499 -33.0519 -71.6066
147 -33.052 -71.6048
441 -33.053 -71.6047
79 -33.0519 -71.6066
40 -33.0519 -71.6066
506 -33.0519 -71.6065
870 -33.0519 -71.6047
461 -33.0518 -71.6064
129 -33.0517 -71.6068
527 -33.0518 -71.6064
929 -33.0518 -71.6063
411 -33.0517 -71.6062
934 -33.0514 -71.6075
335 -33.0515 -71.6067
657 -33.0514 -71.6067
223 -33.0517 -71.6061
473 -33.0517 -71.606
212 -33.0516 -71.606
90 -33.0515 -71.6052
705 -33.0515 -71.6059
858 -33.0515 -71.6057
551 -33.0514 -71.6056
645 -33.0513 -71.6059
274 -33.051 -71.6092
452 -33.0513 -71.6086
61 -33.0509 -71.6085
12 -33.0509 -71.6085
190 -33.0508 -71.6092
613 -33.0506 -71.6085
912 -33.0506 -71.6085
454 -33.0513 -71.6084
927 -33.0513 -71.608
512 -33.0513 -71.6075
11 -33.0512 -71.6075
510 -33.0512 -71.6074
797 -33.0512 -71.6074
296 -33.0511 -71.6074
848 -33.051 -71.6074
535 -33.0506 -71.6085
282 -33.0504 -71.6091
740 -33.0504 -71.609
676 -33.0504 -71.6085
723 -33.0501 -71.6091
843 -33.0496 -71.6092
984 -33.0497 -71.6091
503 -33.0495 -71.6091
424 -33.0503 -71.6085
888 -33.0502 -71.6085
7 -33.05 -71.6084
833 -33.0499 -71.6084
478 -33.0498 -71.6084
49 -33.0494 -71.6084
715 -33.0494 -71.6083
438 -33.0504 -71.6073
700 -33.0513 -71.6067
285 -33.0513 -71.6067
168 -33.0513 -71.6059
477 -33.0511 -71.6067
918 -33.0509 -71.6058
878 -33.0508 -71.6057
458 -33.0505 -71.6057
221 -33.0511 -71.6056
980 -33.0512 -71.6052
924 -33.0511 -71.6052
489 -33.0511 -71.6051
156 -33.0508 -71.6051
540 -33.0508 -71.6051
73 -33.0506 -71.605
557 -33.0505 -71.6049
664 -33.0505 -71.6056
138 -33.0501 -71.6072
593 -33.0503 -71.6056
78 -33.0503 -71.6056
228 -33.0496 -71.6071
753 -33.0496 -71.6071
62 -33.0494 -71.6071
350 -33.0494 -71.6071
421 -33.0502 -71.6056
227 -33.0501 -71.6055
532 -33.0501 -71.6055
381 -33.05 -71.6055
706 -33.05 -71.6046
169 -33.0494 -71.6038
620 -33.0493 -71.6037
741 -33.0491 -71.6112
197 -33.049 -71.6129
405 -33.049 -71.6129
105 -33.0489 -71.6129
907 -33.0489 -71.6129
745 -33.0487 -71.6132
252 -33.0487 -71.6131
577 -33.0487 -71.613
916 -33.0488 -71.6129
387 -33.0486 -71.6129
23 -33.0485 -71.6129
446 -33.0484 -71.6129
272 -33.0483 -71.6129
423 -33.0482 -71.6128
310 -33.0481 -71.6128
403 -33.0482 -71.6128
143 -33.0479 -71.6128
616 -33.0476 -71.6133
759 -33.0476 -71.6133
567 -33.0476 -71.6132
208 -33.0474 -71.6134
615 -33.0473 -71.6134
202 -33.0472 -71.6134
104 -33.0471 -71.6133
309 -33.0476 -71.6131
986 -33.0477 -71.6129
410 -33.0477 -71.6129
386 -33.0479 -71.6128
359 -33.0476 -71.6127
171 -33.0474 -71.6127
151 -33.0473 -71.6127
108 -33.0472 -71.6127
711 -33.0472 -71.6127
236 -33.0491 -71.6112
832 -33.049 -71.6112
909 -33.049 -71.6112
789 -33.0486 -71.6112
997 -33.0483 -71.6112
294 -33.0486 -71.6112
736 -33.0485 -71.6111
357 -33.0484 -71.6111
468 -33.0491 -71.6099
126 -33.049 -71.6099
22 -33.0489 -71.6099
681 -33.0489 -71.6099
575 -33.0489 -71.6099
757 -33.0487 -71.6098
653 -33.0486 -71.6098
230 -33.0481 -71.6111
691 -33.0478 -71.6126
245 -33.0478 -71.6125
776 -33.0479 -71.6123
806 -33.0478 -71.6126
102 -33.0473 -71.6127
247 -33.0478 -71.6126
611 -33.0473 -71.6126
813 -33.048 -71.612
371 -33.0481 -71.6118
347 -33.048 -71.6111
670 -33.0478 -71.6111
742 -33.0478 -71.6111
905 -33.0474 -71.611
397 -33.0472 -71.611
200 -33.0471 -71.6127
837 -33.047 -71.6133
630 -33.0468 -71.6133
725 -33.0467 -71.6133
584 -33.0467 -71.6133
877 -33.0466 -71.6132
330 -33.0464 -71.6132
517 -33.0462 -71.6132
744 -33.0462 -71.6131
70 -33.0467 -71.6126
490 -33.0467 -71.6126
37 -33.0466 -71.6125
135 -33.0466 -71.6125
87 -33.0465 -71.6125
45 -33.0464 -71.6125
265 -33.0464 -71.6125
969 -33.0461 -71.6131
898 -33.046 -71.6131
739 -33.0459 -71.6131
585 -33.0461 -71.6124
902 -33.0459 -71.6131
915 -33.0457 -71.613
996 -33.0454 -71.613
749 -33.0454 -71.613
100 -33.0456 -71.6122
621 -33.0452 -71.6121
186 -33.0449 -71.612
659 -33.0449 -71.612
964 -33.0445 -71.612
24 -33.0444 -71.612
985 -33.0444 -71.6117
494 -33.0447 -71.6111
720 -33.047 -71.611
875 -33.0467 -71.6109
264 -33.0466 -71.6109
667 -33.0465 -71.6109
289 -33.0464 -71.6109
275 -33.0453 -71.6107
449 -33.0453 -71.6107
3 -33.0447 -71.6104
121 -33.0454 -71.6098
650 -33.0454 -71.6098
193 -33.0464 -71.6098
28 -33.0452 -71.6098
459 -33.0447 -71.6103
47 -33.0451 -71.6098
39 -33.0449 -71.6098
928 -33.0447 -71.6102
486 -33.0447 -71.6107
249 -33.0447 -71.6106
702 -33.0447 -71.6105
33 -33.0447 -71.6107
798 -33.0447 -71.6108
288 -33.0447 -71.6106
865 -33.0446 -71.6105
4 -33.0446 -71.6105
814 -33.0447 -71.6105
824 -33.0447 -71.6102
663 -33.0447 -71.6101
344 -33.0447 -71.6099
695 -33.0443 -71.61
353 -33.0443 -71.6099
990 -33.0485 -71.6098
183 -33.0488 -71.6091
211 -33.0485 -71.6091
601 -33.049 -71.6083
885 -33.0485 -71.6098
861 -33.0481 -71.6098
324 -33.0483 -71.6091
785 -33.0482 -71.6091
256 -33.049 -71.6083
595 -33.049 -71.6083
224 -33.049 -71.6083
89 -33.0488 -71.6083
600 -33.0483 -71.6082
204 -33.0482 -71.6082
343 -33.0482 -71.6082
863 -33.0482 -71.6079
328 -33.0481 -71.6082
845 -33.0481 -71.6098
243 -33.048 -71.6098
821 -33.0481 -71.6091
16 -33.048 -71.6098
172 -33.048 -71.6098
395 -33.0475 -71.6098
406 -33.0476 -71.609
836 -33.0481 -71.6082
136 -33.048 -71.6082
714 -33.048 -71.6082
951 -33.0479 -71.6082
734 -33.0479 -71.6082
771 -33.0475 -71.6082
607 -33.0475 -71.6082
235 -33.0474 -71.6082
498 -33.0476 -71.6075
502 -33.0491 -71.6051
752 -33.049 -71.605
181 -33.049 -71.605
966 -33.049 -71.6049
369 -33.0483 -71.6066
471 -33.0484 -71.6066
690 -33.0488 -71.6065
815 -33.0488 -71.6046
673 -33.0487 -71.6045
382 -33.0487 -71.6044
293 -33.0489 -71.6036
770 -33.0487 -71.6044
788 -33.0485 -71.6042
99 -33.0486 -71.6037
244 -33.0482 -71.6035
460 -33.0482 -71.6066
365 -33.0479 -71.6067
624 -33.0479 -71.6067
957 -33.048 -71.6067
325 -33.0477 -71.6067
233 -33.0474 -71.6075
437 -33.0474 -71.6074
185 -33.0474 -71.6071
91 -33.0473 -71.6066
56 -33.0482 -71.6066
564 -33.0475 -71.6041
122 -33.0475 -71.6038
358 -33.0475 -71.6041
287 -33.0473 -71.6065
65 -33.0474 -71.6042
68 -33.0473 -71.6082
8 -33.0473 -71.6098
417 -33.0473 -71.6082
125 -33.0472 -71.6082
707 -33.0472 -71.609
215 -33.047 -71.6098
623 -33.0465 -71.609
82 -33.0471 -71.6082
71 -33.0471 -71.6082
738 -33.0471 -71.6082
306 -33.0471 -71.6082
544 -33.0466 -71.6081
562 -33.0464 -71.6081
625 -33.0464 -71.6081
308 -33.0461 -71.607
895 -33.0461 -71.607
989 -33.046 -71.6071
867 -33.046 -71.6081
566 -33.0456 -71.608
429 -33.0453 -71.608
270 -33.0453 -71.608
995 -33.045 -71.6098
54 -33.0442 -71.6096
914 -33.045 -71.608
59 -33.0446 -71.6076
161 -33.0456 -71.6076
21 -33.0459 -71.6071
194 -33.0459 -71.6071
617 -33.0456 -71.6072
380 -33.0446 -71.6075
618 -33.0446 -71.6073
149 -33.0462 -71.607
534 -33.0471 -71.6068
658 -33.0472 -71.6068
103 -33.0472 -71.6068
993 -33.0471 -71.6068
232 -33.0466 -71.6069
975 -33.0468 -71.6069
203 -33.0469 -71.6069
536 -33.0472 -71.6055
628 -33.047 -71.6043
388 -33.0471 -71.6043
1 -33.0473 -71.6042
913 -33.0469 -71.6044
826 -33.0466 -71.6045
492 -33.0467 -71.6041
30 -33.0469 -71.604
339 -33.0466 -71.607
839 -33.0465 -71.607
791 -33.0465 -71.607
906 -33.0463 -71.6066
508 -33.0463 -71.6066
717 -33.0456 -71.6069
162 -33.0439 -71.6068
568 -33.0455 -71.6064
188 -33.0455 -71.6064
896 -33.0465 -71.6045
514 -33.0461 -71.6043
800 -33.0464 -71.6042
346 -33.0455 -71.6059
533 -33.0431 -71.6058
559 -33.0453 -71.6054
