754 -33.0584 -71.6173
301 -33.0587 -71.6171
978 -33.0604 -71.6163
698 -33.0584 -71.6173
455 -33.0582 -71.6175
549 -33.0584 -71.6162
619 -33.0583 -71.616
475 -33.0623 -71.6157
467 -33.0589 -71.6153
189 -33.0589 -71.6152
686 -33.0591 -71.6151
367 -33.0589 -71.6153
127 -33.0588 -71.6153
962 -33.0583 -71.6151
726 -33.0582 -71.615
123 -33.0581 -71.615
456 -33.0578 -71.6178
271 -33.058 -71.6177
809 -33.0581 -71.6176
803 -33.0578 -71.6178
290 -33.0574 -71.6181
198 -33.0574 -71.6181
838 -33.0575 -71.6181
760 -33.0581 -71.6176
154 -33.0581 -71.6158
279 -33.0581 -71.615
255 -33.058 -71.615
107 -33.058 -71.615
636 -33.058 -71.615
693 -33.0579 -71.615
762 -33.0579 -71.615
269 -33.0578 -71.6149
450 -33.0588 -71.6148
407 -33.0586 -71.6147
582 -33.0589 -71.6147
537 -33.0584 -71.6148
370 -33.0583 -71.6149
408 -33.0583 -71.6149
251 -33.0584 -71.6148
413 -33.0592 -71.6143
945 -33.0603 -71.6143
483 -33.0604 -71.6141
994 -33.0602 -71.6141
646 -33.0596 -71.6139
57 -33.0594 -71.6141
286 -33.0596 -71.6139
175 -33.0584 -71.6139
948 -33.0582 -71.6142
816 -33.0575 -71.6149
134 -33.0575 -71.6149
476 -33.0581 -71.6144
580 -33.0575 -71.6149
146 -33.0574 -71.6149
274 -33.0574 -71.6145
376 -33.0574 -71.6144
520 -33.0574 -71.6142
389 -33.0579 -71.6139
955 -33.0576 -71.6139
743 -33.058 -71.6139
512 -33.0575 -71.6139
602 -33.0574 -71.6142
424 -33.0574 -71.6141
881 -33.0574 -71.6145
466 -33.0571 -71.6184
179 -33.0568 -71.6183
767 -33.0572 -71.6183
166 -33.0567 -71.6182
495 -33.0567 -71.6182
448 -33.0563 -71.6181
431 -33.0562 -71.6181
446 -33.057 -71.6171
907 -33.0572 -71.6171
423 -33.0569 -71.6171
403 -33.0569 -71.617
145 -33.0566 -71.6167
171 -33.0563 -71.6166
611 -33.0562 -71.6162
210 -33.0562 -71.6159
891 -33.0562 -71.6159
262 -33.0561 -71.618
908 -33.0559 -71.618
547 -33.0562 -71.616
930 -33.0558 -71.618
946 -33.0557 -71.6179
880 -33.0557 -71.6167
323 -33.0557 -71.6165
892 -33.0562 -71.616
812 -33.0562 -71.6159
992 -33.0562 -71.6159
711 -33.0561 -71.6158
721 -33.0561 -71.616
864 -33.0561 -71.616
545 -33.056 -71.616
787 -33.0559 -71.6159
775 -33.0561 -71.6158
61 -33.0573 -71.6149
105 -33.0572 -71.6148
405 -33.0571 -71.6148
150 -33.057 -71.6148
587 -33.0564 -71.615
373 -33.0566 -71.6149
819 -33.0567 -71.6148
488 -33.0567 -71.6148
542 -33.057 -71.6148
773 -33.0574 -71.6146
442 -33.0574 -71.6146
42 -33.057 -71.6148
361 -33.0569 -71.6147
641 -33.0569 -71.6147
69 -33.0569 -71.6147
216 -33.0564 -71.615
377 -33.0561 -71.6157
117 -33.0561 -71.6157
292 -33.0561 -71.6157
713 -33.0561 -71.6157
973 -33.0561 -71.6157
844 -33.0561 -71.6156
254 -33.0561 -71.6156
434 -33.056 -71.6156
761 -33.056 -71.6156
730 -33.056 -71.6153
919 -33.0562 -71.6152
355 -33.056 -71.6153
341 -33.056 -71.6155
546 -33.056 -71.6154
571 -33.0581 -71.6138
354 -33.0599 -71.6137
869 -33.0598 -71.6136
608 -33.0598 -71.6136
60 -33.0597 -71.6137
818 -33.0596 -71.6138
879 -33.0597 -71.6137
464 -33.0591 -71.6136
640 -33.0599 -71.6135
774 -33.0602 -71.6132
531 -33.0602 -71.6131
501 -33.0602 -71.6131
307 -33.0593 -71.6129
52 -33.0592 -71.6129
958 -33.0592 -71.6129
627 -33.0592 -71.6129
950 -33.0591 -71.6134
521 -33.0583 -71.6134
668 -33.0586 -71.6133
402 -33.0589 -71.6132
14 -33.0583 -71.613
822 -33.0583 -71.6137
765 -33.0582 -71.6132
29 -33.0582 -71.613
351 -33.0583 -71.613
124 -33.0588 -71.6129
733 -33.0589 -71.6129
452 -33.059 -71.6129
12 -33.0586 -71.613
679 -33.0584 -71.613
927 -33.0585 -71.613
480 -33.0586 -71.613
751 -33.0593 -71.6129
579 -33.0609 -71.6125
917 -33.061 -71.6124
976 -33.0611 -71.6122
523 -33.0606 -71.6127
238 -33.0601 -71.6128
561 -33.0605 -71.6128
297 -33.0605 -71.6128
482 -33.0612 -71.6122
420 -33.0615 -71.6121
326 -33.0616 -71.6121
790 -33.0618 -71.612
43 -33.0614 -71.6121
747 -33.0612 -71.6122
576 -33.0613 -71.6122
118 -33.0613 -71.6122
967 -33.06 -71.6128
19 -33.0594 -71.6129
209 -33.0595 -71.6129
237 -33.0599 -71.6128
51 -33.0593 -71.6129
366 -33.0593 -71.6129
642 -33.0593 -71.6129
214 -33.0582 -71.6128
414 -33.06 -71.6128
20 -33.0589 -71.6127
991 -33.0595 -71.6125
305 -33.0595 -71.6125
563 -33.0588 -71.6122
872 -33.0583 -71.6127
842 -33.0583 -71.6126
15 -33.0582 -71.613
963 -33.0581 -71.6134
18 -33.0582 -71.6133
676 -33.058 -71.613
295 -33.058 -71.613
591 -33.0576 -71.6134
35 -33.0577 -71.6131
303 -33.058 -71.613
197 -33.058 -71.613
909 -33.0578 -71.6129
674 -33.0577 -71.6129
848 -33.0577 -71.6129
916 -33.0576 -71.6129
173 -33.0576 -71.6129
789 -33.0575 -71.6128
23 -33.0575 -71.6128
387 -33.0575 -71.6128
7 -33.0574 -71.6138
797 -33.0574 -71.6137
506 -33.0573 -71.6137
40 -33.0572 -71.6134
49 -33.0569 -71.6134
212 -33.0567 -71.6133
551 -33.0564 -71.6131
89 -33.0564 -71.6131
600 -33.0559 -71.6131
885 -33.0559 -71.6131
228 -33.0561 -71.6131
204 -33.0558 -71.6131
343 -33.0557 -71.6131
211 -33.0557 -71.6131
252 -33.0574 -71.6128
577 -33.0574 -71.6128
272 -33.0572 -71.6128
310 -33.057 -71.6127
160 -33.057 -71.6127
998 -33.0569 -71.6126
649 -33.0569 -71.6126
601 -33.0568 -71.6126
347 -33.0568 -71.6126
224 -33.0568 -71.6126
603 -33.0568 -71.6126
386 -33.0567 -71.6125
986 -33.0567 -71.6125
742 -33.0567 -71.6125
645 -33.0566 -71.6125
575 -33.0565 -71.6125
309 -33.0565 -71.6124
22 -33.0564 -71.6124
151 -33.0563 -71.6124
759 -33.0563 -71.6124
102 -33.0562 -71.6124
905 -33.0562 -71.6124
108 -33.0561 -71.6123
208 -33.056 -71.6123
200 -33.056 -71.6123
202 -33.0559 -71.6123
863 -33.0559 -71.6123
615 -33.0558 -71.6123
324 -33.0557 -71.6123
70 -33.0557 -71.6123
334 -33.0557 -71.6123
687 -33.0557 -71.6167
890 -33.055 -71.6182
497 -33.055 -71.6182
5 -33.055 -71.6181
226 -33.055 -71.6182
796 -33.0549 -71.6183
647 -33.0549 -71.6182
115 -33.0549 -71.6182
597 -33.055 -71.6181
111 -33.055 -71.6179
487 -33.0555 -71.6179
727 -33.0555 -71.6179
38 -33.055 -71.6179
703 -33.055 -71.618
144 -33.055 -71.618
315 -33.055 -71.618
85 -33.0549 -71.6184
849 -33.0548 -71.6204
629 -33.0547 -71.6203
961 -33.0546 -71.6189
53 -33.0546 -71.6189
697 -33.0544 -71.6189
479 -33.0544 -71.6189
217 -33.0544 -71.6189
313 -33.0548 -71.6189
550 -33.0548 -71.6185
142 -33.0549 -71.6184
412 -33.0549 -71.6184
66 -33.0548 -71.6186
940 -33.0548 -71.6187
176 -33.0548 -71.6187
859 -33.0545 -71.6184
614 -33.0555 -71.6179
632 -33.0554 -71.6175
266 -33.0555 -71.6173
253 -33.0555 -71.6173
17 -33.0553 -71.6177
393 -33.0553 -71.6179
260 -33.0553 -71.6177
250 -33.0553 -71.6177
177 -33.0555 -71.6172
340 -33.0556 -71.617
116 -33.0556 -71.617
831 -33.0557 -71.6168
399 -33.0556 -71.617
565 -33.0554 -71.6159
860 -33.0554 -71.6158
320 -33.0553 -71.6158
678 -33.0553 -71.6178
128 -33.0551 -71.6178
852 -33.0551 -71.6178
163 -33.0552 -71.6178
500 -33.0551 -71.6178
504 -33.055 -71.6179
327 -33.0551 -71.6179
830 -33.0551 -71.6178
795 -33.0551 -71.6158
93 -33.055 -71.6158
148 -33.0548 -71.6158
430 -33.0548 -71.6157
385 -33.0547 -71.6157
756 -33.0547 -71.6157
783 -33.0546 -71.6157
999 -33.0543 -71.6184
409 -33.0542 -71.62
710 -33.0536 -71.6196
109 -33.0541 -71.6189
92 -33.0536 -71.6196
25 -33.0535 -71.6195
598 -33.0535 -71.6191
589 -33.0535 -71.6189
786 -33.0535 -71.6189
883 -33.0541 -71.6189
364 -33.0542 -71.6184
904 -33.0542 -71.6184
130 -33.0537 -71.6184
979 -33.0537 -71.6188
829 -33.0536 -71.6188
165 -33.0537 -71.6185
987 -33.0535 -71.6195
949 -33.0534 -71.6188
983 -33.0535 -71.6187
10 -33.0535 -71.6187
708 -33.0523 -71.6186
511 -33.0521 -71.6185
427 -33.0513 -71.6183
509 -33.0511 -71.6182
516 -33.0504 -71.6179
820 -33.0494 -71.6164
277 -33.0494 -71.6164
988 -33.0495 -71.6162
938 -33.0494 -71.6164
101 -33.0488 -71.6175
205 -33.0494 -71.6164
139 -33.0492 -71.6159
712 -33.0528 -71.6159
900 -33.0529 -71.6158
692 -33.0529 -71.6157
529 -33.0528 -71.6159
453 -33.0526 -71.6158
263 -33.0526 -71.6158
239 -33.0525 -71.6157
889 -33.0522 -71.6157
75 -33.054 -71.6156
496 -33.0539 -71.6156
195 -33.0538 -71.6156
304 -33.0538 -71.6156
170 -33.0521 -71.6157
573 -33.0523 -71.6156
416 -33.0523 -71.6156
333 -33.052 -71.6156
911 -33.0503 -71.6158
764 -33.0502 -71.6158
644 -33.0505 -71.6157
696 -33.0492 -71.6158
802 -33.0492 -71.6159
322 -33.0492 -71.6159
735 -33.0492 -71.6158
222 -33.0492 -71.6157
113 -33.052 -71.6156
639 -33.0519 -71.6156
155 -33.0518 -71.6156
605 -33.0518 -71.6156
763 -33.0516 -71.6156
794 -33.0515 -71.6156
157 -33.0514 -71.6156
585 -33.0555 -71.6155
593 -33.0555 -71.6131
734 -33.0554 -71.6131
835 -33.0553 -71.6154
421 -33.0553 -71.6131
771 -33.0553 -71.6124
498 -33.0553 -71.6124
877 -33.0553 -71.6124
661 -33.0554 -71.6124
227 -33.0554 -71.6124
607 -33.0554 -71.6124
87 -33.0554 -71.6124
725 -33.0553 -71.6124
235 -33.0552 -71.6124
265 -33.0552 -71.6124
739 -33.0551 -71.6152
106 -33.0535 -71.6155
100 -33.055 -71.6152
749 -33.0545 -71.6149
574 -33.0535 -71.6155
850 -33.0535 -71.6155
688 -33.0534 -71.6155
884 -33.0533 -71.6155
659 -33.0543 -71.6148
68 -33.0549 -71.613
185 -33.0546 -71.6127
599 -33.055 -71.6124
181 -33.0543 -71.6124
24 -33.054 -71.6145
964 -33.054 -71.6145
494 -33.0536 -71.6143
655 -33.055 -71.6124
437 -33.055 -71.6124
738 -33.0549 -71.6124
82 -33.0549 -71.6124
233 -33.0549 -71.6124
306 -33.0549 -71.6124
942 -33.0546 -71.6124
707 -33.0546 -71.6124
801 -33.0555 -71.6124
201 -33.0545 -71.6124
837 -33.0555 -71.6124
392 -33.0545 -71.6123
867 -33.0544 -71.6122
902 -33.0544 -71.6123
623 -33.0544 -71.6122
382 -33.0544 -71.6122
791 -33.0543 -71.6119
625 -33.0542 -71.6124
275 -33.0542 -71.6123
562 -33.0542 -71.6123
658 -33.0542 -71.6123
91 -33.0542 -71.6123
449 -33.0541 -71.6123
534 -33.0541 -71.6123
996 -33.054 -71.6122
203 -33.0543 -71.6122
805 -33.0538 -71.6122
186 -33.0537 -71.6122
588 -33.0536 -71.6122
638 -33.0535 -71.6122
666 -33.0534 -71.6122
572 -33.0532 -71.6155
13 -33.0532 -71.6155
191 -33.0531 -71.6155
174 -33.053 -71.6155
273 -33.053 -71.6155
635 -33.051 -71.6156
610 -33.0508 -71.6155
652 -33.053 -71.6155
732 -33.0494 -71.6144
722 -33.0495 -71.6138
152 -33.0495 -71.6138
530 -33.0496 -71.6137
55 -33.0495 -71.614
9 -33.0494 -71.6144
939 -33.0495 -71.6143
755 -33.0495 -71.6141
484 -33.0494 -71.6144
34 -33.0493 -71.615
80 -33.0493 -71.6149
485 -33.0493 -71.6149
360 -33.0493 -71.6152
633 -33.0492 -71.6156
447 -33.0493 -71.6154
718 -33.0493 -71.6153
935 -33.0494 -71.6149
493 -33.0494 -71.6148
583 -33.0494 -71.6146
88 -33.0485 -71.6138
982 -33.0484 -71.6144
784 -33.0483 -71.6146
220 -33.0483 -71.6146
353 -33.0526 -71.6136
54 -33.0523 -71.6134
855 -33.0511 -71.6129
660 -33.0511 -71.6128
314 -33.0511 -71.6129
862 -33.0509 -71.6131
604 -33.0503 -71.613
81 -33.0501 -71.613
394 -33.0511 -71.6128
33 -33.053 -71.6121
683 -33.0525 -71.6121
758 -33.0519 -71.612
44 -33.0517 -71.612
834 -33.0511 -71.6126
851 -33.0512 -71.612
31 -33.0513 -71.6119
348 -33.0501 -71.613
901 -33.0501 -71.613
553 -33.05 -71.613
716 -33.0497 -71.6129
972 -33.0494 -71.6129
643 -33.0486 -71.6134
827 -33.0487 -71.6131
793 -33.0494 -71.6129
694 -33.0497 -71.6129
799 -33.0498 -71.6126
283 -33.0498 -71.6123
440 -33.0499 -71.6121
383 -33.0497 -71.6128
724 -33.0488 -71.6128
968 -33.0489 -71.6123
77 -33.0513 -71.6119
368 -33.0598 -71.6116
463 -33.0598 -71.6104
72 -33.06 -71.6104
298 -33.0593 -71.6116
259 -33.0589 -71.6112
748 -33.0589 -71.6112
866 -33.0589 -71.6102
474 -33.0611 -71.6098
677 -33.0612 -71.6093
63 -33.061 -71.6091
419 -33.0611 -71.6089
970 -33.0608 -71.6096
132 -33.06 -71.6088
903 -33.0607 -71.6088
672 -33.0607 -71.6087
362 -33.0589 -71.6095
560 -33.0588 -71.6118
886 -33.0586 -71.6113
558 -33.0584 -71.6106
876 -33.0584 -71.6113
606 -33.0583 -71.6113
569 -33.058 -71.6112
510 -33.0577 -71.6107
26 -33.0585 -71.6105
657 -33.0586 -71.6101
138 -33.0587 -71.6088
73 -33.0583 -71.6088
454 -33.0582 -71.609
190 -33.058 -71.6104
187 -33.0577 -71.6102
384 -33.0577 -71.6102
581 -33.0607 -71.6086
499 -33.0604 -71.6084
79 -33.0604 -71.6084
934 -33.0604 -71.6084
469 -33.0603 -71.6083
332 -33.0602 -71.6083
11 -33.0603 -71.6083
461 -33.0601 -71.6082
400 -33.0601 -71.6082
335 -33.0601 -71.6081
700 -33.06 -71.6081
473 -33.0599 -71.608
285 -33.0599 -71.608
528 -33.059 -71.6079
705 -33.0598 -71.6079
350 -33.0586 -71.6079
62 -33.0586 -71.6079
626 -33.0579 -71.6082
923 -33.0578 -71.6082
183 -33.0578 -71.6082
952 -33.0578 -71.6082
137 -33.0577 -71.6082
690 -33.0577 -71.6081
846 -33.0576 -71.6081
328 -33.0576 -71.6081
532 -33.0583 -71.608
381 -33.0583 -71.608
557 -33.0584 -71.608
94 -33.0583 -71.608
468 -33.0576 -71.6081
746 -33.0582 -71.6081
874 -33.0576 -71.6088
535 -33.0575 -71.6088
126 -33.0576 -71.6081
836 -33.0575 -71.6081
714 -33.0575 -71.6081
2 -33.0574 -71.6093
167 -33.0575 -71.6081
757 -33.0573 -71.6081
471 -33.0573 -71.6081
502 -33.0573 -71.6081
981 -33.0573 -71.608
966 -33.0573 -71.608
398 -33.0572 -71.608
671 -33.0572 -71.608
785 -33.0572 -71.608
752 -33.0572 -71.608
56 -33.0571 -71.608
415 -33.0561 -71.6102
681 -33.0565 -71.61
97 -33.0569 -71.6098
861 -33.0559 -71.6104
143 -33.0557 -71.6104
141 -33.0554 -71.6104
821 -33.0557 -71.6104
540 -33.0567 -71.6097
706 -33.056 -71.6095
673 -33.0561 -71.6089
770 -33.0561 -71.6089
815 -33.0558 -71.6091
745 -33.0558 -71.6095
268 -33.0558 -71.6094
704 -33.0571 -71.608
369 -33.0571 -71.608
653 -33.0571 -71.608
741 -33.0571 -71.608
236 -33.057 -71.608
856 -33.0569 -71.608
832 -33.0569 -71.608
182 -33.0569 -71.608
365 -33.0568 -71.608
624 -33.0568 -71.608
71 -33.0566 -71.608
192 -33.0566 -71.608
243 -33.0566 -71.608
736 -33.0565 -71.608
882 -33.0566 -71.608
325 -33.0565 -71.608
199 -33.0565 -71.608
229 -33.0564 -71.608
294 -33.0564 -71.608
321 -33.0564 -71.608
788 -33.0564 -71.608
997 -33.0562 -71.6079
811 -33.0562 -71.6079
675 -33.0562 -71.6079
556 -33.0561 -71.6079
375 -33.0561 -71.6079
395 -33.0561 -71.6079
287 -33.056 -71.6079
103 -33.056 -71.6079
910 -33.0554 -71.6079
975 -33.0556 -71.6079
993 -33.056 -71.6079
225 -33.0596 -71.6078
858 -33.0596 -71.6077
888 -33.0596 -71.6077
438 -33.0595 -71.6077
740 -33.0595 -71.6077
592 -33.0592 -71.6076
944 -33.0593 -71.6076
478 -33.0593 -71.6076
422 -33.0594 -71.6076
977 -33.0608 -71.6076
912 -33.0596 -71.6071
282 -33.0594 -71.6076
833 -33.0593 -71.6076
280 -33.0591 -71.6075
46 -33.0592 -71.6073
918 -33.0591 -71.6077
378 -33.0588 -71.6078
753 -33.0588 -71.6078
929 -33.0589 -71.6078
458 -33.0588 -71.6078
156 -33.0587 -71.6079
664 -33.0587 -71.6079
470 -33.0588 -71.6078
715 -33.0589 -71.6078
772 -33.0591 -71.6077
219 -33.0591 -71.6077
810 -33.0591 -71.6077
662 -33.0591 -71.6077
489 -33.059 -71.6077
723 -33.059 -71.6077
878 -33.059 -71.6077
281 -33.0602 -71.607
808 -33.0612 -71.6068
159 -33.0609 -71.6066
441 -33.0623 -71.6056
925 -33.0607 -71.6066
300 -33.0606 -71.6068
129 -33.0601 -71.6063
296 -33.0602 -71.606
491 -33.061 -71.6055
291 -33.0616 -71.605
147 -33.0614 -71.6049
870 -33.0614 -71.6048
331 -33.0612 -71.6049
112 -33.061 -71.6051
90 -33.0606 -71.6046
924 -33.0602 -71.6046
311 -33.06 -71.6062
922 -33.0594 -71.6064
873 -33.0593 -71.6064
83 -33.0596 -71.6063
857 -33.0593 -71.6064
555 -33.0587 -71.6066
954 -33.0588 -71.6066
769 -33.0589 -71.6065
527 -33.0592 -71.6063
513 -33.0591 -71.6063
411 -33.0599 -71.6062
221 -33.0591 -71.6054
78 -33.0591 -71.6043
525 -33.059 -71.6063
196 -33.0587 -71.6051
825 -33.0586 -71.6066
110 -33.0581 -71.6077
319 -33.0564 -71.6075
16 -33.0564 -71.6073
172 -33.0564 -71.6074
390 -33.056 -71.6076
782 -33.056 -71.6075
357 -33.0562 -71.6074
613 -33.0577 -71.6073
349 -33.0567 -71.6072
669 -33.0567 -71.6072
417 -33.0567 -71.6072
125 -33.0566 -71.6073
505 -33.0565 -71.6073
845 -33.0565 -71.6073
284 -33.0566 -71.6073
544 -33.056 -71.6075
244 -33.0558 -71.6079
737 -33.0558 -71.6078
371 -33.0557 -71.6078
232 -33.0555 -71.6078
813 -33.0555 -71.6079
339 -33.0555 -71.6079
215 -33.0555 -71.6079
242 -33.0556 -71.6078
230 -33.0559 -71.6076
276 -33.0559 -71.6076
120 -33.056 -71.6075
670 -33.0558 -71.6076
257 -33.0556 -71.6078
8 -33.0558 -71.6076
404 -33.0568 -71.6071
980 -33.0584 -71.6068
168 -33.0584 -71.6067
622 -33.0583 -71.6067
261 -33.0583 -71.6067
32 -33.0577 -71.6068
840 -33.0576 -71.6067
503 -33.0578 -71.6066
843 -33.0584 -71.6066
223 -33.0585 -71.6062
984 -33.0582 -71.6058
169 -33.0582 -71.6044
620 -33.0582 -71.6044
477 -33.058 -71.6059
768 -33.0576 -71.6049
937 -33.0578 -71.6045
158 -33.0576 -71.6068
136 -33.0573 -71.6069
472 -33.0575 -71.6061
293 -33.0574 -71.6048
951 -33.0572 -71.6069
990 -33.0569 -71.6071
460 -33.0567 -71.6067
316 -33.0567 -71.6063
99 -33.0573 -71.6047
256 -33.0572 -71.6047
98 -33.0571 -71.6047
595 -33.057 -71.6046
957 -33.0565 -71.6045
406 -33.0555 -71.6047
1 -33.0561 -71.6044
839 -33.0554 -71.6079
566 -33.0543 -71.6118
429 -33.0542 -71.6117
536 -33.0542 -71.6117
161 -33.0541 -71.6116
270 -33.0541 -71.6116
906 -33.054 -71.6114
508 -33.054 -71.6114
617 -33.054 -71.6113
914 -33.054 -71.6113
995 -33.0539 -71.6112
621 -33.0538 -71.6111
180 -33.0538 -71.6113
717 -33.0537 -71.6111
915 -33.0537 -71.6108
517 -33.0537 -71.6105
336 -33.0536 -71.6107
74 -33.0527 -71.6116
27 -33.0527 -71.6116
278 -33.0528 -71.6116
133 -33.0525 -71.6117
337 -33.0518 -71.6118
401 -33.0523 -71.6117
345 -33.0525 -71.6117
920 -33.0533 -71.6115
894 -33.0535 -71.6114
188 -33.0533 -71.611
59 -33.0533 -71.611
568 -33.0532 -71.6109
380 -33.0532 -71.6109
618 -33.0531 -71.6109
346 -33.0529 -71.6107
744 -33.0537 -71.6105
391 -33.0549 -71.6104
433 -33.055 -71.6102
931 -33.055 -71.6102
372 -33.054 -71.6105
559 -33.0526 -71.6103
356 -33.0533 -71.6089
312 -33.052 -71.6089
342 -33.052 -71.6088
936 -33.0535 -71.6087
777 -33.0536 -71.6085
570 -33.0536 -71.6085
943 -33.0534 -71.6088
656 -33.0521 -71.6088
58 -33.0521 -71.6086
651 -33.0521 -71.6086
329 -33.052 -71.6089
86 -33.0518 -71.6093
685 -33.0519 -71.6093
518 -33.0519 -71.6092
548 -33.0517 -71.6094
709 -33.0517 -71.6094
665 -33.0517 -71.6094
522 -33.0517 -71.6094
804 -33.0519 -71.6092
241 -33.052 -71.609
779 -33.052 -71.609
719 -33.052 -71.6089
96 -33.052 -71.609
947 -33.0519 -71.6091
596 -33.052 -71.6091
444 -33.0516 -71.6095
780 -33.0516 -71.6118
586 -33.0501 -71.6107
519 -33.0501 -71.6107
854 -33.0501 -71.6108
541 -33.0501 -71.6109
631 -33.0501 -71.6109
436 -33.0501 -71.6109
218 -33.0501 -71.6107
0 -33.0507 -71.6102
728 -33.0507 -71.6102
701 -33.0509 -71.6102
637 -33.0507 -71.6102
960 -33.0501 -71.6105
612 -33.0501 -71.6104
432 -33.0502 -71.6102
778 -33.0501 -71.6109
318 -33.05 -71.6115
213 -33.05 -71.6115
897 -33.05 -71.6114
206 -33.0499 -71.6119
48 -33.0491 -71.6115
933 -33.0491 -71.6114
941 -33.0499 -71.6113
853 -33.0497 -71.6113
868 -33.05 -71.6111
36 -33.05 -71.611
84 -33.05 -71.611
50 -33.05 -71.6112
140 -33.0497 -71.6113
435 -33.0494 -71.6102
538 -33.0505 -71.6102
828 -33.0513 -71.6098
425 -33.0513 -71.6098
153 -33.0514 -71.6097
481 -33.0513 -71.6098
807 -33.0511 -71.61
457 -33.0511 -71.61
956 -33.0511 -71.6099
178 -33.0514 -71.6097
847 -33.0515 -71.6096
76 -33.0516 -71.6095
207 -33.0516 -71.6095
654 -33.0515 -71.6096
363 -33.0514 -71.6097
240 -33.0514 -71.6097
64 -33.0514 -71.6097
634 -33.0511 -71.61
648 -33.0505 -71.6102
680 -33.051 -71.6101
234 -33.051 -71.6101
462 -33.0503 -71.6102
302 -33.0502 -71.6102
515 -33.0502 -71.6101
374 -33.0502 -71.6101
590 -33.051 -71.6101
823 -33.051 -71.6101
231 -33.051 -71.6101
119 -33.051 -71.6101
418 -33.051 -71.6101
248 -33.0504 -71.6091
971 -33.0504 -71.6091
39 -33.0536 -71.6085
6 -33.0545 -71.6085
184 -33.0545 -71.6085
567 -33.0545 -71.6085
289 -33.0545 -71.6085
492 -33.0543 -71.6085
552 -33.0543 -71.6085
616 -33.0543 -71.6085
41 -33.0542 -71.6085
871 -33.0547 -71.6084
410 -33.0548 -71.6084
264 -33.0548 -71.6084
913 -33.0547 -71.6085
921 -33.0546 -71.6085
667 -33.0546 -71.6085
359 -33.0547 -71.6085
893 -33.0542 -71.6085
959 -33.0542 -71.6085
965 -33.0541 -71.6085
896 -33.0542 -71.6085
650 -33.0541 -71.6085
37 -33.0537 -71.6085
104 -33.054 -71.6085
800 -33.054 -71.6085
445 -33.0541 -71.6085
689 -33.0541 -71.6085
609 -33.054 -71.6085
490 -33.0539 -71.6085
28 -33.0538 -71.6085
953 -33.0537 -71.6085
135 -33.0538 -71.6085
47 -33.0538 -71.6085
875 -33.0548 -71.6084
122 -33.0551 -71.6082
397 -33.0551 -71.6082
989 -33.0551 -71.6082
193 -33.0551 -71.6082
720 -33.0551 -71.6082
895 -33.0551 -71.6082
245 -33.0551 -71.6082
65 -33.0552 -71.6081
564 -33.0553 -71.608
826 -33.0553 -71.6044
30 -33.0554 -71.6044
358 -33.0552 -71.6081
578 -33.0552 -71.6081
267 -33.0552 -71.6081
731 -33.0552 -71.6081
806 -33.055 -71.6082
299 -33.0548 -71.6084
194 -33.0549 -71.6083
887 -33.0549 -71.6083
554 -33.0548 -71.6084
67 -33.0548 -71.6084
682 -33.0548 -71.6084
628 -33.0548 -71.6084
21 -33.0549 -71.6083
247 -33.055 -71.6082
308 -33.055 -71.6082
691 -33.055 -71.6082
388 -33.055 -71.6083
776 -33.0541 -71.6058
149 -33.0546 -71.6046
594 -33.0537 -71.6085
45 -33.0536 -71.6085
630 -33.0536 -71.6085
426 -33.0536 -71.6085
514 -33.0535 -71.6085
443 -33.0535 -71.6085
699 -33.0535 -71.6085
926 -33.0535 -71.6085
584 -33.0535 -71.6085
114 -33.0534 -71.6085
543 -33.0534 -71.6085
344 -33.0534 -71.6085
396 -33.0534 -71.6085
352 -33.0533 -71.6084
131 -33.0533 -71.6084
684 -33.0533 -71.6084
928 -33.0532 -71.6084
663 -33.0532 -71.6084
330 -33.0532 -71.6084
95 -33.0531 -71.6084
824 -33.0531 -71.6084
899 -33.0507 -71.6085
428 -33.0521 -71.6085
258 -33.0521 -71.6085
451 -33.0531 -71.6084
459 -33.053 -71.6084
969 -33.053 -71.6083
3 -33.053 -71.6083
814 -33.0529 -71.6083
465 -33.0522 -71.6083
932 -33.0522 -71.6083
841 -33.0529 -71.6083
246 -33.0529 -71.6083
486 -33.0529 -71.6083
162 -33.0528 -71.6083
702 -33.0528 -71.6083
249 -33.0528 -71.6083
798 -33.0528 -71.6083
898 -33.0527 -71.6082
288 -33.0527 -71.6082
507 -33.0528 -71.6066
781 -33.0532 -71.6065
121 -33.0533 -71.6064
524 -33.0527 -71.6082
338 -33.0526 -71.6082
865 -33.0526 -71.6082
974 -33.0526 -71.6082
4 -33.0525 -71.6082
539 -33.0522 -71.6081
379 -33.0524 -71.6081
766 -33.0523 -71.6081
164 -33.0522 -71.6082
317 -33.0522 -71.6083
526 -33.0522 -71.6082
439 -33.0522 -71.6082
817 -33.0523 -71.6081
750 -33.0523 -71.6081
792 -33.0524 -71.607
729 -33.0524 -71.607
695 -33.052 -71.6081
985 -33.052 -71.608
533 -33.0517 -71.6049
