313 -33.0543 -71.6243
940 -33.0543 -71.6242
176 -33.0543 -71.6241
550 -33.0543 -71.624
961 -33.0543 -71.6244
66 -33.0543 -71.624
85 -33.0543 -71.6238
142 -33.0543 -71.6238
497 -33.0543 -71.6237
315 -33.0543 -71.6233
500 -33.0543 -71.6233
647 -33.0543 -71.6237
115 -33.0543 -71.6237
5 -33.0543 -71.6237
796 -33.0543 -71.6236
890 -33.0543 -71.6236
829 -33.0532 -71.6246
979 -33.0533 -71.6246
883 -33.0537 -71.6245
786 -33.0531 -71.6246
589 -33.053 -71.6247
598 -33.0529 -71.6246
25 -33.0527 -71.6245
109 -33.0538 -71.6245
226 -33.0543 -71.6235
703 -33.0543 -71.6235
38 -33.0543 -71.6234
53 -33.0542 -71.6243
217 -33.054 -71.6244
697 -33.054 -71.6244
479 -33.054 -71.6244
327 -33.0543 -71.6232
177 -33.0547 -71.6224
880 -33.0549 -71.622
179 -33.0552 -71.6216
930 -33.0546 -71.6225
487 -33.0545 -71.6227
266 -33.0546 -71.6225
253 -33.0546 -71.6225
210 -33.0551 -71.6209
377 -33.055 -71.6208
668 -33.0549 -71.6182
57 -33.055 -71.6181
413 -33.0547 -71.6184
367 -33.0545 -71.6184
189 -33.0545 -71.6184
765 -33.0547 -71.6184
963 -33.0545 -71.6184
678 -33.0544 -71.623
260 -33.0544 -71.6229
549 -33.0535 -71.6187
376 -33.0533 -71.6188
881 -33.0532 -71.6188
816 -33.0532 -71.6188
134 -33.0531 -71.6188
255 -33.0535 -71.6185
407 -33.054 -71.6184
582 -33.0543 -71.6184
978 -33.0542 -71.6184
537 -33.0539 -71.6184
370 -33.0537 -71.6185
408 -33.0537 -71.6184
301 -33.0526 -71.6187
987 -33.0525 -71.6245
710 -33.0524 -71.6244
92 -33.0524 -71.6244
409 -33.052 -71.6245
849 -33.0516 -71.6252
629 -33.0518 -71.6251
101 -33.0506 -71.6238
116 -33.0518 -71.6195
542 -33.0526 -71.6187
42 -33.0526 -71.6187
361 -33.0526 -71.6187
399 -33.0518 -71.6195
547 -33.0511 -71.6187
775 -33.0511 -71.6186
713 -33.0511 -71.6186
633 -33.0506 -71.6225
447 -33.0505 -71.6224
493 -33.0504 -71.6218
732 -33.0506 -71.6214
935 -33.0504 -71.6219
34 -33.0504 -71.6221
716 -33.0501 -71.6204
694 -33.05 -71.6204
799 -33.0499 -71.6202
901 -33.0498 -71.6201
283 -33.0497 -71.62
632 -33.0498 -71.6187
440 -33.0496 -71.6199
999 -33.0496 -71.6199
859 -33.0495 -71.6197
17 -33.0496 -71.6187
891 -33.0511 -71.6186
69 -33.0524 -71.6186
698 -33.0522 -71.6185
754 -33.0522 -71.6185
373 -33.0521 -71.6185
455 -33.0521 -71.6185
587 -33.052 -71.6185
216 -33.0519 -71.6185
760 -33.0519 -71.6184
809 -33.0518 -71.6184
919 -33.0517 -71.6184
456 -33.0516 -71.6184
803 -33.0515 -71.6184
355 -33.0515 -71.6184
341 -33.0514 -71.6184
761 -33.0512 -71.6184
844 -33.0512 -71.6184
198 -33.0512 -71.6185
838 -33.0512 -71.6184
434 -33.0512 -71.6184
973 -33.0512 -71.6185
250 -33.0496 -71.6186
262 -33.05 -71.6185
340 -33.0501 -71.6184
166 -33.0505 -71.6184
323 -33.0504 -71.6184
767 -33.0509 -71.6181
466 -33.0508 -71.6181
687 -33.0501 -71.6183
448 -33.0501 -71.6183
831 -33.0501 -71.6183
475 -33.0559 -71.618
945 -33.0562 -71.616
872 -33.0562 -71.616
976 -33.0562 -71.616
560 -33.0556 -71.6172
646 -33.0551 -71.6179
869 -33.0553 -71.6177
774 -33.0556 -71.6172
482 -33.0561 -71.616
991 -33.056 -71.616
948 -33.0561 -71.6159
118 -33.0562 -71.6159
297 -33.0555 -71.6159
561 -33.0553 -71.6158
842 -33.055 -71.6158
483 -33.055 -71.6158
531 -33.055 -71.6158
476 -33.0528 -71.6159
743 -33.0529 -71.6159
501 -33.0549 -71.6158
251 -33.0528 -71.6159
955 -33.0526 -71.6158
726 -33.0526 -71.6158
279 -33.0526 -71.6158
124 -33.0548 -71.6158
640 -33.0545 -71.6157
464 -33.0545 -71.6157
950 -33.0544 -71.6157
608 -33.0544 -71.6157
123 -33.0525 -71.6157
389 -33.0529 -71.6157
20 -33.0544 -71.6157
269 -33.0522 -71.6157
60 -33.0542 -71.6157
879 -33.0542 -71.6156
818 -33.0541 -71.6156
286 -33.0541 -71.6156
602 -33.0524 -71.6157
107 -33.0524 -71.6156
520 -33.0523 -71.6156
693 -33.0523 -71.6156
994 -33.055 -71.6152
686 -33.0539 -71.6145
127 -33.0536 -71.6142
18 -33.0533 -71.6155
822 -33.0531 -71.6155
450 -33.053 -71.6155
762 -33.0524 -71.6135
146 -33.0519 -71.6156
442 -33.0519 -71.6156
580 -33.0518 -71.6156
356 -33.0519 -71.6133
271 -33.0518 -71.6156
150 -33.0515 -71.6156
641 -33.0514 -71.6156
819 -33.0511 -71.6156
931 -33.0519 -71.6132
105 -33.0518 -71.6131
405 -33.0518 -71.6131
907 -33.0518 -71.6131
943 -33.0518 -71.6131
936 -33.0517 -71.6131
446 -33.0513 -71.6131
488 -33.0511 -71.6156
495 -33.0504 -71.6179
546 -33.0504 -71.6158
117 -33.0501 -71.6157
254 -33.0501 -71.6157
431 -33.0499 -71.6178
908 -33.0497 -71.6158
864 -33.0497 -71.6158
292 -33.0501 -71.6157
290 -33.0511 -71.6156
403 -33.051 -71.6131
423 -33.051 -71.6131
730 -33.0505 -71.6156
892 -33.0498 -71.6157
992 -33.0499 -71.6157
812 -33.0499 -71.6157
721 -33.0497 -71.6158
946 -33.0496 -71.6161
787 -33.0497 -71.6159
545 -33.0497 -71.6158
684 -33.0496 -71.6136
246 -33.0495 -71.614
841 -33.0495 -71.614
95 -33.0496 -71.6137
352 -33.0496 -71.6135
443 -33.0496 -71.6132
426 -33.0497 -71.6132
570 -33.0497 -71.6131
699 -33.0496 -71.6133
543 -33.0496 -71.6134
396 -33.0496 -71.6134
310 -33.051 -71.6131
160 -33.051 -71.6131
998 -33.0509 -71.6131
649 -33.0509 -71.6131
143 -33.0508 -71.6131
386 -33.0507 -71.6131
145 -33.0507 -71.6131
141 -33.0506 -71.6131
986 -33.0506 -71.613
309 -33.0504 -71.613
272 -33.0511 -71.6129
415 -33.0511 -71.6129
792 -33.0503 -71.613
151 -33.0503 -71.613
171 -33.0503 -71.613
433 -33.0502 -71.613
759 -33.0502 -71.613
391 -33.0501 -71.613
102 -33.0501 -71.613
108 -33.0501 -71.613
611 -33.0501 -71.613
953 -33.0497 -71.613
711 -33.05 -71.613
200 -33.05 -71.613
208 -33.0499 -71.613
202 -33.0498 -71.6129
615 -33.0498 -71.6129
507 -33.0498 -71.6129
334 -33.0497 -71.6129
70 -33.0496 -71.6129
837 -33.0495 -71.6129
852 -33.0494 -71.6188
213 -33.048 -71.6193
529 -33.048 -71.6193
897 -33.048 -71.6193
130 -33.048 -71.6193
453 -33.0479 -71.6195
165 -33.048 -71.6194
263 -33.048 -71.6194
712 -33.0481 -71.6193
412 -33.0494 -71.6192
692 -33.0482 -71.6191
660 -33.0482 -71.6191
394 -33.0482 -71.6191
900 -33.0481 -71.6191
36 -33.0481 -71.6191
868 -33.0482 -71.6191
318 -33.0479 -71.6195
113 -33.0476 -71.6202
333 -33.0476 -71.6201
170 -33.0476 -71.62
605 -33.0475 -71.6203
383 -33.0475 -71.6205
155 -33.0475 -71.6203
639 -33.0475 -71.6203
889 -33.0477 -71.6199
10 -33.0478 -71.6197
983 -33.0478 -71.6196
239 -33.0479 -71.6195
949 -33.0478 -71.6197
573 -33.0477 -71.6198
206 -33.0477 -71.6198
416 -33.0477 -71.6198
631 -33.0482 -71.619
597 -33.0494 -71.6189
163 -33.0494 -71.6188
144 -33.0494 -71.6188
111 -33.0494 -71.6188
850 -33.0485 -71.6184
688 -33.0485 -71.6183
574 -33.0485 -71.6182
106 -33.0485 -71.6182
432 -33.0491 -71.6181
302 -33.0491 -71.6181
77 -33.0489 -71.618
195 -33.0487 -71.6178
462 -33.0485 -71.6182
374 -33.0485 -71.6182
780 -33.0486 -71.6179
884 -33.0485 -71.6184
364 -33.0483 -71.6188
586 -33.0483 -71.6188
191 -33.0483 -71.6187
174 -33.0483 -71.6188
854 -33.0482 -71.619
834 -33.0483 -71.6189
904 -33.0483 -71.6188
273 -33.0483 -71.6187
13 -33.0484 -71.6186
572 -33.0484 -71.6185
612 -33.0484 -71.6184
541 -33.0474 -71.6178
436 -33.0474 -71.6178
778 -33.0474 -71.6178
485 -33.0474 -71.6226
80 -33.0474 -71.6227
764 -33.0474 -71.6225
509 -33.0474 -71.6224
583 -33.0474 -71.6224
222 -33.0469 -71.6228
718 -33.0471 -71.6228
360 -33.0471 -71.6228
911 -33.0474 -71.6222
484 -33.0474 -71.6222
939 -33.0474 -71.6221
9 -33.0474 -71.622
55 -33.0473 -71.6218
755 -33.0473 -71.6218
722 -33.0472 -71.6215
152 -33.0472 -71.6215
516 -33.0469 -71.6228
277 -33.0466 -71.6229
802 -33.0466 -71.6229
322 -33.0466 -71.6229
938 -33.0465 -71.6229
205 -33.0465 -71.6229
820 -33.0465 -71.6229
139 -33.0465 -71.6229
735 -33.0467 -71.6229
696 -33.0468 -71.6229
982 -33.0458 -71.622
88 -33.0461 -71.6216
988 -33.0458 -71.6221
220 -33.0456 -71.6223
784 -33.0456 -71.6223
530 -33.0472 -71.6215
708 -33.0473 -71.621
794 -33.0473 -71.6202
763 -33.0473 -71.6202
511 -33.0472 -71.6213
157 -33.0472 -71.6202
604 -33.047 -71.6191
140 -33.0472 -71.6185
853 -33.0472 -71.6185
314 -33.0473 -71.618
84 -33.0473 -71.618
855 -33.0474 -71.618
50 -33.0473 -71.6182
941 -33.0472 -71.6184
862 -33.0472 -71.6183
435 -33.0473 -71.6182
81 -33.047 -71.6191
724 -33.0465 -71.6206
610 -33.0466 -71.6203
968 -33.0466 -71.6203
644 -33.0464 -71.6208
643 -33.0463 -71.6213
827 -33.0464 -71.621
427 -33.0464 -71.6209
793 -33.0467 -71.6201
48 -33.0469 -71.6193
933 -33.0469 -71.6193
348 -33.047 -71.6192
553 -33.0469 -71.6194
635 -33.0468 -71.62
972 -33.0467 -71.62
637 -33.0488 -71.6178
727 -33.0492 -71.6176
614 -33.0492 -71.6176
64 -33.049 -71.6167
240 -33.049 -71.6167
430 -33.049 -71.6168
425 -33.049 -71.6168
363 -33.049 -71.6168
93 -33.049 -71.6166
320 -33.0493 -71.6165
565 -33.0494 -71.6165
860 -33.0494 -71.6164
795 -33.0491 -71.6165
27 -33.0491 -71.6165
654 -33.0491 -71.6165
74 -33.0491 -71.6165
393 -33.049 -71.6176
128 -33.0488 -71.6175
701 -33.0488 -71.6174
680 -33.0488 -71.6174
337 -33.0488 -71.6175
496 -33.0487 -71.6176
504 -33.0487 -71.6176
830 -33.0487 -71.6175
234 -33.0488 -71.6174
481 -33.0489 -71.617
783 -33.0489 -71.6169
828 -33.0489 -71.6169
401 -33.0489 -71.617
457 -33.0489 -71.6171
956 -33.0489 -71.6171
148 -33.0488 -71.6164
278 -33.0491 -71.6164
428 -33.0493 -71.6151
539 -33.0493 -71.6149
164 -33.0493 -71.6149
180 -33.0493 -71.6152
329 -33.0492 -71.6157
656 -33.0492 -71.6155
258 -33.0493 -71.6153
750 -33.0494 -71.6147
379 -33.0494 -71.6147
524 -33.0494 -71.6144
801 -33.0494 -71.6129
87 -33.0494 -71.6129
661 -33.0493 -71.6129
725 -33.0492 -71.6129
372 -33.0492 -71.6129
877 -33.0492 -71.6129
522 -33.0491 -71.6163
665 -33.0491 -71.6163
518 -33.0491 -71.6161
709 -33.0491 -71.6163
76 -33.0491 -71.6163
548 -33.0491 -71.6163
207 -33.0491 -71.6163
804 -33.0491 -71.6161
86 -33.0491 -71.6161
265 -33.0491 -71.6129
599 -33.049 -71.6129
585 -33.0489 -71.6129
655 -33.0489 -71.6129
517 -33.0488 -71.6129
0 -33.0487 -71.6177
304 -33.0482 -71.6174
385 -33.0487 -71.6164
756 -33.0487 -71.6164
75 -33.048 -71.6163
971 -33.0479 -71.6162
119 -33.0479 -71.6162
823 -33.0479 -71.6162
231 -33.0479 -71.6161
345 -33.0481 -71.6155
133 -33.0481 -71.6155
847 -33.0481 -71.6155
683 -33.0481 -71.6155
807 -33.0479 -71.616
178 -33.048 -71.6157
153 -33.0481 -71.6156
418 -33.0479 -71.6162
851 -33.0476 -71.6172
515 -33.0476 -71.6171
31 -33.0477 -71.617
652 -33.0476 -71.6173
519 -33.0475 -71.6177
218 -33.0475 -71.6176
960 -33.0475 -71.6175
648 -33.0477 -71.6167
590 -33.0479 -71.6163
248 -33.0479 -71.6163
758 -33.0479 -71.6163
44 -33.0478 -71.6164
538 -33.0477 -71.6167
728 -33.0478 -71.6165
899 -33.0481 -71.6154
465 -33.0485 -71.614
932 -33.0485 -71.6139
439 -33.0485 -71.6139
805 -33.0485 -71.614
894 -33.0484 -71.6144
651 -33.0484 -71.6143
58 -33.0484 -71.6143
817 -33.0486 -71.6136
974 -33.0487 -71.6132
744 -33.0487 -71.6129
835 -33.0487 -71.6129
336 -33.0486 -71.6132
942 -33.0485 -71.6129
201 -33.0485 -71.6129
392 -33.0485 -71.6129
666 -33.0484 -71.6144
596 -33.0483 -71.6147
920 -33.0483 -71.6146
719 -33.0483 -71.6146
947 -33.0483 -71.6147
444 -33.0481 -71.6153
685 -33.0482 -71.6149
634 -33.0471 -71.6149
779 -33.0483 -71.6146
342 -33.0483 -71.6145
638 -33.0484 -71.6144
588 -33.0476 -71.6131
312 -33.0475 -71.6134
96 -33.0475 -71.6135
241 -33.0475 -71.6134
739 -33.0484 -71.6129
19 -33.0552 -71.6124
790 -33.055 -71.6124
326 -33.0549 -71.6124
420 -33.0547 -71.6124
414 -33.0547 -71.6124
521 -33.0545 -71.6124
43 -33.0545 -71.6124
576 -33.0545 -71.6124
354 -33.0545 -71.6124
747 -33.0545 -71.6123
467 -33.0544 -71.6121
368 -33.0543 -71.6122
917 -33.0541 -71.6123
579 -33.0541 -71.6123
619 -33.0542 -71.6118
237 -33.0541 -71.6116
523 -33.0537 -71.6122
298 -33.0534 -71.6122
238 -33.0531 -71.6121
305 -33.0529 -71.6121
962 -33.0527 -71.6121
26 -33.0528 -71.6116
505 -33.0528 -71.6116
192 -33.0529 -71.6116
154 -33.0541 -71.6115
967 -33.0541 -71.6115
384 -33.0538 -71.6112
591 -33.0538 -71.6112
569 -33.0532 -71.6115
874 -33.0533 -71.6115
866 -33.0534 -71.6114
563 -33.0537 -71.6112
209 -33.0536 -71.6111
636 -33.0536 -71.6111
366 -33.0535 -71.6111
307 -33.0535 -71.6111
627 -33.0535 -71.611
751 -33.0535 -71.611
52 -33.0534 -71.611
402 -33.0533 -71.611
463 -33.0537 -71.6109
132 -33.0543 -71.6105
970 -33.0552 -71.6104
259 -33.0536 -71.6108
452 -33.0533 -71.6109
72 -33.0536 -71.6107
772 -33.0532 -71.6097
175 -33.0532 -71.6109
61 -33.053 -71.6108
12 -33.0529 -71.6108
927 -33.0529 -71.6107
773 -33.0528 -71.6106
35 -33.0528 -71.6106
679 -33.0528 -71.6105
274 -33.0528 -71.6105
190 -33.0526 -71.6103
810 -33.0532 -71.6096
592 -33.0531 -71.6095
873 -33.0532 -71.609
83 -33.0531 -71.6091
424 -33.0526 -71.6103
922 -33.0531 -71.6093
676 -33.0526 -71.6102
51 -33.0525 -71.6121
642 -33.0524 -71.6121
958 -33.0523 -71.612
390 -33.0523 -71.6117
737 -33.052 -71.6118
187 -33.0521 -71.6117
276 -33.0522 -71.6117
120 -33.0523 -71.6117
782 -33.0524 -71.6117
303 -33.0526 -71.6102
512 -33.0525 -71.6101
811 -33.0524 -71.6117
556 -33.0524 -71.6117
675 -33.0524 -71.6117
797 -33.0524 -71.6099
2 -33.052 -71.6118
733 -33.052 -71.612
173 -33.0519 -71.612
480 -33.0516 -71.612
571 -33.0516 -71.612
214 -33.0515 -71.612
14 -33.0514 -71.6119
351 -33.0514 -71.6119
29 -33.0513 -71.6119
910 -33.0516 -71.6118
242 -33.0519 -71.6118
789 -33.0515 -71.6114
909 -33.0513 -71.6117
97 -33.0512 -71.6119
578 -33.0513 -71.6119
674 -33.0524 -71.6099
7 -33.0524 -71.6099
848 -33.0524 -71.6099
506 -33.0523 -71.6097
40 -33.0522 -71.6097
49 -33.0521 -71.6094
603 -33.0518 -71.6093
626 -33.0518 -71.6093
32 -33.0519 -71.6093
94 -33.052 -71.6089
645 -33.0521 -71.6088
622 -33.0521 -71.6087
110 -33.052 -71.6089
923 -33.0519 -71.6092
212 -33.052 -71.6091
746 -33.052 -71.6089
840 -33.0518 -71.6093
575 -33.0515 -71.6096
681 -33.0516 -71.6095
22 -33.0516 -71.6095
167 -33.0515 -71.6096
671 -33.0513 -71.6098
398 -33.0513 -71.6098
981 -33.0514 -71.6097
846 -33.0516 -71.6095
137 -33.0517 -71.6094
601 -33.0517 -71.609
224 -33.0517 -71.609
158 -33.0517 -71.6094
316 -33.0517 -71.6095
89 -33.0516 -71.6089
551 -33.0521 -71.6087
606 -33.0546 -71.6085
876 -33.0545 -71.6085
525 -33.0545 -71.6085
903 -33.0544 -71.6085
672 -33.0543 -71.6085
581 -33.0542 -71.6085
311 -33.0541 -71.6085
362 -33.054 -71.6085
977 -33.0541 -71.6085
454 -33.054 -71.6085
112 -33.0547 -71.6085
332 -33.0539 -71.6085
934 -33.0538 -71.6085
79 -33.0538 -71.6085
499 -33.0538 -71.6085
558 -33.0538 -71.6085
296 -33.0536 -71.6085
510 -33.0537 -71.6085
129 -33.0537 -71.6085
513 -33.0536 -71.6085
98 -33.0535 -71.6087
461 -33.0536 -71.6085
527 -33.0536 -71.6085
11 -33.0537 -71.6085
469 -33.0537 -71.6085
335 -33.0535 -71.6085
929 -33.0535 -71.6085
400 -33.0534 -71.6085
411 -33.0534 -71.6085
657 -33.0534 -71.6085
700 -33.0533 -71.6084
223 -33.0533 -71.6084
331 -33.055 -71.6083
281 -33.0551 -71.6082
677 -33.0553 -71.608
491 -33.0549 -71.6083
419 -33.0548 -71.6084
925 -33.0548 -71.6084
63 -33.0548 -71.6084
808 -33.0553 -71.608
528 -33.0558 -71.6079
300 -33.0556 -71.6078
441 -33.0558 -71.6043
748 -33.0555 -71.6079
291 -33.0553 -71.608
474 -33.0554 -71.6079
147 -33.0549 -71.6045
870 -33.0548 -71.6045
159 -33.0547 -71.6084
886 -33.0547 -71.6084
280 -33.0547 -71.6084
473 -33.0533 -71.6084
613 -33.0532 -71.6084
285 -33.0532 -71.6084
912 -33.0532 -71.6084
535 -33.0532 -71.6084
768 -33.0547 -71.6052
924 -33.0536 -71.6048
90 -33.054 -71.6047
196 -33.0534 -71.6064
705 -33.0531 -71.6084
221 -33.0533 -71.6047
477 -33.0531 -71.6084
225 -33.053 -71.6083
888 -33.0529 -71.6083
438 -33.0529 -71.6083
858 -33.0529 -71.6083
168 -33.0529 -71.6083
740 -33.0528 -71.6083
46 -33.0527 -71.6082
857 -33.0527 -71.6082
282 -33.0527 -71.6082
422 -33.0526 -71.6082
833 -33.0526 -71.6082
472 -33.0526 -71.6082
555 -33.0526 -71.6082
478 -33.0526 -71.6082
138 -33.0526 -71.6082
944 -33.0525 -71.6082
378 -33.0522 -71.6082
219 -33.0524 -71.6081
918 -33.0524 -71.6081
825 -33.0522 -71.6083
228 -33.0513 -71.6086
470 -33.0522 -71.6084
595 -33.0517 -71.6082
980 -33.0524 -71.6081
769 -33.0522 -71.6081
723 -33.0523 -71.6081
954 -33.0522 -71.6081
715 -33.0521 -71.6081
261 -33.0518 -71.6081
256 -33.0518 -71.6081
662 -33.0523 -71.6081
489 -33.0523 -71.6081
878 -33.0523 -71.6081
458 -33.0522 -71.6079
753 -33.0522 -71.6079
664 -33.0522 -71.6078
540 -33.0522 -71.6078
156 -33.0522 -71.6078
62 -33.0522 -71.6077
593 -33.0522 -71.6076
937 -33.0522 -71.6076
78 -33.0524 -71.6048
73 -33.0522 -71.6076
350 -33.0522 -71.6077
421 -33.0522 -71.6075
557 -33.0522 -71.6074
227 -33.0522 -71.6074
984 -33.0521 -71.6081
381 -33.0522 -71.6073
532 -33.0522 -71.6073
706 -33.052 -71.6068
503 -33.0519 -71.6081
843 -33.0519 -71.608
690 -33.0513 -71.6075
502 -33.0517 -71.6062
181 -33.0517 -71.606
620 -33.0517 -71.6051
169 -33.0517 -71.6051
752 -33.0517 -71.606
966 -33.0516 -71.606
815 -33.0514 -71.6059
15 -33.0512 -71.6119
268 -33.0511 -71.6128
577 -33.0511 -71.6126
916 -33.0511 -71.6124
252 -33.0511 -71.6127
23 -33.0511 -71.6128
745 -33.0511 -71.6127
387 -33.0511 -71.6127
197 -33.0511 -71.6122
299 -33.0511 -71.6122
295 -33.0512 -71.612
347 -33.0509 -71.6114
742 -33.0507 -71.6113
887 -33.05 -71.6115
905 -33.0503 -71.6113
397 -33.05 -71.6113
554 -33.0499 -71.6116
41 -33.0498 -71.6124
6 -33.0498 -71.6122
184 -33.0499 -71.612
959 -33.0498 -71.6124
609 -33.0497 -71.6127
689 -33.0498 -71.6127
893 -33.0498 -71.6125
921 -33.0499 -71.612
682 -33.0499 -71.6118
267 -33.0499 -71.6113
245 -33.0499 -71.6113
871 -33.0499 -71.612
720 -33.0499 -71.6113
806 -33.0498 -71.6113
247 -33.0498 -71.6113
691 -33.0498 -71.6113
349 -33.0509 -71.6102
669 -33.051 -71.6101
861 -33.051 -71.6101
284 -33.0508 -71.6102
882 -33.0508 -71.6102
294 -33.0507 -71.6102
736 -33.0507 -71.6102
404 -33.051 -71.6101
741 -33.0511 -71.61
704 -33.0512 -71.6099
885 -33.0512 -71.6099
236 -33.0511 -71.61
182 -33.0511 -71.61
856 -33.0511 -71.61
832 -33.0511 -71.61
199 -33.0506 -71.6102
257 -33.0501 -71.6106
371 -33.0501 -71.6106
670 -33.0501 -71.6104
813 -33.0501 -71.6108
875 -33.0496 -71.6112
67 -33.0496 -71.6112
731 -33.05 -71.6111
230 -33.0502 -71.6102
319 -33.0506 -71.6102
229 -33.0505 -71.6102
321 -33.0506 -71.6102
357 -33.0505 -71.6102
997 -33.0504 -71.6102
375 -33.0503 -71.6101
410 -33.0496 -71.6112
100 -33.0484 -71.6129
777 -33.0489 -71.6122
445 -33.0491 -71.6116
902 -33.0483 -71.6129
915 -33.0483 -71.6129
969 -33.0481 -71.6118
451 -33.0481 -71.6115
729 -33.0482 -71.6115
264 -33.0495 -71.6112
359 -33.0495 -71.6112
667 -33.0494 -71.6112
567 -33.0493 -71.6112
330 -33.0482 -71.6115
131 -33.0482 -71.6114
926 -33.0482 -71.6113
898 -33.048 -71.612
749 -33.048 -71.6128
996 -33.0479 -71.6128
621 -33.048 -71.6128
526 -33.0478 -71.6128
317 -33.0477 -71.6128
186 -33.0477 -71.6128
659 -33.0477 -71.6128
964 -33.0473 -71.6127
24 -33.0473 -71.6127
766 -33.0478 -71.6125
338 -33.048 -71.6121
494 -33.0469 -71.6126
353 -33.0457 -71.6123
54 -33.0454 -71.6122
289 -33.0493 -71.6112
616 -33.0491 -71.6112
552 -33.049 -71.6112
781 -33.049 -71.6112
965 -33.049 -71.6112
104 -33.0487 -71.6112
490 -33.0486 -71.6112
37 -33.0485 -71.6112
135 -33.0485 -71.6112
594 -33.0484 -71.6111
776 -33.0494 -71.6102
193 -33.0493 -71.6099
45 -33.0483 -71.6111
630 -33.0483 -71.6111
121 -33.0483 -71.6098
650 -33.0483 -71.6098
584 -33.0483 -71.6112
114 -33.0482 -71.6112
275 -33.0482 -71.6111
449 -33.0481 -71.6111
33 -33.0471 -71.611
985 -33.046 -71.6098
695 -33.0461 -71.6098
4 -33.0466 -71.6098
865 -33.0468 -71.6098
28 -33.0481 -71.6098
47 -33.048 -71.6098
486 -33.0469 -71.6098
249 -33.0469 -71.6098
288 -33.0468 -71.6098
798 -33.0468 -71.6098
995 -33.0479 -71.6098
324 -33.0511 -71.6091
211 -33.0512 -71.6089
600 -33.0512 -71.6086
204 -33.051 -71.6086
821 -33.051 -71.6092
343 -33.051 -71.6086
126 -33.051 -71.6086
468 -33.051 -71.6086
328 -33.051 -71.6086
836 -33.051 -71.6086
952 -33.0511 -71.6085
863 -33.0509 -71.6085
136 -33.0509 -71.6085
714 -33.0508 -71.6085
951 -33.0507 -71.6085
734 -33.0507 -71.6085
16 -33.0503 -71.6092
243 -33.0504 -71.6091
845 -33.0504 -71.6091
172 -33.0503 -71.6092
8 -33.0496 -71.6092
707 -33.0501 -71.6091
395 -33.0498 -71.6091
406 -33.0504 -71.609
653 -33.0505 -71.6085
785 -33.0507 -71.6085
757 -33.0506 -71.6085
990 -33.0505 -71.6086
771 -33.0504 -71.6085
607 -33.0504 -71.6085
498 -33.0502 -71.6085
68 -33.0502 -71.6085
183 -33.0512 -71.6084
471 -33.0509 -71.6074
369 -33.0507 -71.6073
460 -33.0507 -71.6073
56 -33.0507 -71.6073
624 -33.0504 -71.6073
365 -33.0504 -71.6073
957 -33.0508 -71.6067
382 -33.0512 -71.6059
673 -33.0512 -71.6058
770 -33.0512 -71.6058
293 -33.051 -71.6051
788 -33.0509 -71.6058
244 -33.0504 -71.6056
99 -33.0509 -71.6051
235 -33.0502 -71.6085
417 -33.0502 -71.6085
125 -33.0501 -71.6084
233 -33.05 -71.6084
82 -33.05 -71.6084
738 -33.05 -71.6084
437 -33.05 -71.6084
306 -33.05 -71.6084
71 -33.0499 -71.6084
185 -33.0497 -71.6084
325 -33.0502 -71.6072
564 -33.0498 -71.6054
358 -33.0497 -71.6054
287 -33.0496 -71.6071
103 -33.0496 -71.6071
65 -33.0496 -71.6053
215 -33.0496 -71.6096
623 -33.0493 -71.6091
544 -33.0494 -71.6084
562 -33.0493 -71.6083
91 -33.0493 -71.6083
625 -33.0493 -71.6083
534 -33.0492 -71.6083
658 -33.0492 -71.6083
203 -33.0489 -71.6083
867 -33.0489 -71.6083
791 -33.0486 -71.6082
566 -33.0484 -71.6082
429 -33.0482 -71.6082
270 -33.0482 -71.6082
536 -33.0483 -71.6082
161 -33.0482 -71.6082
39 -33.0478 -71.6098
824 -33.0472 -71.6098
344 -33.0475 -71.6098
459 -33.0472 -71.6098
814 -33.047 -71.6098
702 -33.047 -71.6098
3 -33.0471 -71.6098
928 -33.0473 -71.6098
914 -33.0479 -71.6082
617 -33.0478 -71.6082
717 -33.0476 -71.6082
663 -33.0474 -71.6098
59 -33.0471 -71.6082
568 -33.0471 -71.6082
188 -33.0471 -71.6082
993 -33.0496 -71.6071
975 -33.0493 -71.607
122 -33.0496 -71.6053
232 -33.0491 -71.607
339 -33.049 -71.607
839 -33.0489 -71.607
149 -33.049 -71.6065
388 -33.0494 -71.6053
1 -33.0496 -71.6044
30 -33.0493 -71.6037
826 -33.0493 -71.6036
628 -33.0492 -71.6052
913 -33.0491 -71.6052
492 -33.0489 -71.6048
896 -33.0488 -71.6046
895 -33.0488 -71.6067
380 -33.0471 -71.6082
906 -33.0482 -71.608
508 -33.0481 -71.6079
618 -33.0469 -71.6081
346 -33.0467 -71.6081
559 -33.0462 -71.6081
162 -33.046 -71.6081
308 -33.0488 -71.6067
989 -33.0488 -71.6066
194 -33.0487 -71.6065
800 -33.0487 -71.6045
21 -33.0487 -71.6065
533 -33.0457 -71.6048
514 -33.0485 -71.6041
