497 -33.0552 -71.6215
647 -33.0552 -71.6215
115 -33.0552 -71.6215
5 -33.0552 -71.6215
66 -33.0551 -71.6217
85 -33.0551 -71.6216
142 -33.0551 -71.6216
796 -33.0552 -71.6214
890 -33.0552 -71.6214
226 -33.0551 -71.6214
703 -33.0551 -71.6214
38 -33.0551 -71.6213
315 -33.0551 -71.6212
500 -33.0551 -71.6211
327 -33.0551 -71.621
678 -33.055 -71.6208
479 -33.0547 -71.6223
53 -33.0547 -71.6222
961 -33.0548 -71.6222
217 -33.0547 -71.6224
883 -33.0545 -71.6228
109 -33.0545 -71.6226
697 -33.0546 -71.6224
313 -33.0548 -71.6221
176 -33.055 -71.6219
550 -33.055 -71.6218
260 -33.055 -71.6208
940 -33.0549 -71.6219
487 -33.0549 -71.6206
266 -33.0548 -71.6204
253 -33.0548 -71.6204
930 -33.0548 -71.6203
189 -33.0563 -71.6181
367 -33.0563 -71.6181
475 -33.0578 -71.6178
978 -33.056 -71.618
582 -33.0556 -71.617
963 -33.0557 -71.6169
765 -33.0557 -71.6166
413 -33.0557 -71.6165
286 -33.0562 -71.616
818 -33.0562 -71.616
879 -33.0562 -71.616
60 -33.0562 -71.6159
668 -33.0559 -71.6163
57 -33.056 -71.6162
646 -33.0561 -71.6161
407 -33.0555 -71.6172
177 -33.0547 -71.6203
134 -33.0549 -71.6183
816 -33.055 -71.6182
301 -33.0545 -71.6184
361 -33.0545 -71.6184
542 -33.0545 -71.6184
42 -33.0545 -71.6184
881 -33.055 -71.6181
370 -33.0553 -71.6176
408 -33.0554 -71.6176
537 -33.0554 -71.6174
255 -33.0553 -71.6178
376 -33.055 -71.618
549 -33.0551 -71.6178
979 -33.0543 -71.6231
710 -33.0543 -71.6242
92 -33.0543 -71.6242
987 -33.0543 -71.6241
25 -33.0543 -71.6239
409 -33.0539 -71.6245
598 -33.0543 -71.6236
589 -33.0543 -71.6235
786 -33.0543 -71.6233
829 -33.0543 -71.6232
880 -33.0543 -71.62
179 -33.0539 -71.6198
377 -33.0535 -71.6193
210 -33.0535 -71.6194
355 -33.0535 -71.6187
803 -33.0535 -71.6186
341 -33.0534 -71.6188
629 -33.0533 -71.6246
434 -33.0533 -71.6188
761 -33.0533 -71.6188
844 -33.0532 -71.6188
849 -33.0531 -71.6246
838 -33.0532 -71.6188
198 -33.0531 -71.6188
973 -33.0531 -71.6187
713 -33.053 -71.6187
775 -33.053 -71.6187
891 -33.0529 -71.6187
767 -33.0529 -71.6187
466 -33.0528 -71.6187
547 -33.0527 -71.6187
17 -33.0511 -71.6186
250 -33.0512 -71.6186
809 -33.0537 -71.6184
760 -33.0537 -71.6184
216 -33.0538 -71.6184
919 -33.0535 -71.6185
166 -33.0523 -71.6186
495 -33.0523 -71.6186
456 -33.0535 -71.6186
587 -33.0539 -71.6184
698 -33.0541 -71.6184
754 -33.0541 -71.6184
69 -33.0543 -71.6184
373 -33.0539 -71.6184
455 -33.0539 -71.6184
271 -33.0537 -71.6165
290 -33.053 -71.6161
323 -33.0522 -71.6185
687 -33.052 -71.6185
448 -33.0519 -71.6185
831 -33.0519 -71.6184
431 -33.0519 -71.6184
163 -33.051 -71.6186
852 -33.051 -71.6186
340 -33.0518 -71.6184
262 -33.0517 -71.6184
399 -33.0517 -71.6184
116 -33.0517 -71.6184
727 -33.0512 -71.6183
632 -33.0512 -71.6184
614 -33.0512 -71.6183
393 -33.051 -71.6182
18 -33.0554 -71.6159
869 -33.0561 -71.6158
483 -33.0561 -71.6152
842 -33.0561 -71.6152
20 -33.0561 -71.6157
950 -33.0561 -71.6157
608 -33.0561 -71.6157
560 -33.0561 -71.6152
561 -33.0564 -71.615
118 -33.0573 -71.6149
872 -33.0572 -71.6148
976 -33.0572 -71.6148
945 -33.0572 -71.6148
297 -33.0565 -71.6149
948 -33.0571 -71.6148
482 -33.0571 -71.6148
640 -33.0561 -71.6157
822 -33.0551 -71.6158
450 -33.0551 -71.6158
389 -33.0549 -71.6158
743 -33.0548 -71.6157
476 -33.0546 -71.6157
251 -33.0546 -71.6157
955 -33.0545 -71.6157
686 -33.0557 -71.6157
464 -33.0561 -71.6156
501 -33.0561 -71.6152
531 -33.0561 -71.6152
994 -33.056 -71.6153
127 -33.0554 -71.6154
124 -33.056 -71.6153
774 -33.056 -71.6153
991 -33.0571 -71.6148
19 -33.0573 -71.6128
790 -33.0571 -71.6127
326 -33.0569 -71.6126
420 -33.0568 -71.6126
414 -33.0567 -71.6126
576 -33.0566 -71.6125
521 -33.0566 -71.6125
43 -33.0566 -71.6125
747 -33.0566 -71.6125
354 -33.0566 -71.6125
917 -33.0562 -71.6124
579 -33.0562 -71.6124
298 -33.0555 -71.6124
368 -33.056 -71.6123
523 -33.0557 -71.6123
467 -33.0555 -71.6131
619 -33.0552 -71.6131
238 -33.0552 -71.6124
237 -33.0552 -71.6124
154 -33.0549 -71.613
962 -33.0546 -71.6127
591 -33.0546 -71.6127
636 -33.0544 -71.6126
967 -33.0551 -71.6124
305 -33.055 -71.6124
563 -33.0546 -71.6124
209 -33.0545 -71.6124
51 -33.0545 -71.6124
642 -33.0545 -71.6124
366 -33.0544 -71.6123
958 -33.0544 -71.6123
726 -33.0544 -71.6157
279 -33.0543 -71.6157
123 -33.0543 -71.6157
602 -33.0542 -71.6156
107 -33.0541 -71.6156
693 -33.0541 -71.6156
520 -33.0541 -71.6156
269 -33.054 -71.6156
146 -33.0537 -71.6156
442 -33.0536 -71.6156
762 -33.0543 -71.6147
580 -33.0536 -71.6156
488 -33.053 -71.6156
150 -33.0533 -71.6155
641 -33.0531 -71.6155
819 -33.0529 -71.6156
730 -33.0524 -71.6157
546 -33.0522 -71.6157
254 -33.052 -71.6156
117 -33.052 -71.6156
292 -33.0519 -71.6156
992 -33.0518 -71.6156
812 -33.0517 -71.6156
892 -33.0517 -71.6156
721 -33.0516 -71.6156
864 -33.0515 -71.6156
908 -33.0515 -71.6156
545 -33.0515 -71.6156
787 -33.0514 -71.6156
946 -33.0513 -71.6156
105 -33.0537 -71.6143
405 -33.0537 -71.6143
907 -33.0537 -71.6143
446 -33.0532 -71.614
403 -33.053 -71.6139
423 -33.053 -71.6139
145 -33.0527 -71.6137
171 -33.0523 -71.6134
627 -33.0544 -71.6123
751 -33.0544 -71.6123
307 -33.0544 -71.6123
52 -33.0543 -71.6123
402 -33.0542 -71.6123
175 -33.0541 -71.6123
452 -33.0541 -71.6123
733 -33.054 -71.6122
611 -33.0521 -71.6133
711 -33.0521 -71.6133
877 -33.0511 -71.6129
372 -33.0511 -71.6128
265 -33.0511 -71.613
655 -33.051 -71.6131
585 -33.051 -71.6131
599 -33.051 -71.6131
725 -33.0511 -71.6128
837 -33.0511 -71.6125
70 -33.0511 -71.6123
334 -33.0511 -71.6123
801 -33.0511 -71.6127
87 -33.0511 -71.6127
661 -33.0511 -71.6127
860 -33.0509 -71.6156
101 -33.0504 -71.6221
633 -33.0502 -71.6206
111 -33.0508 -71.6185
447 -33.0501 -71.6204
34 -33.0499 -71.6202
935 -33.0498 -71.6201
493 -33.0497 -71.6201
144 -33.0508 -71.6185
128 -33.0508 -71.6181
504 -33.0508 -71.6181
830 -33.0508 -71.6181
597 -33.0507 -71.6185
999 -33.05 -71.6185
412 -33.0505 -71.6184
859 -33.0501 -71.6183
904 -33.0497 -71.6177
732 -33.0495 -71.6197
716 -33.0492 -71.6183
694 -33.0492 -71.6183
799 -33.049 -71.6181
901 -33.0489 -71.618
283 -33.0488 -71.6179
440 -33.0487 -71.6177
364 -33.0497 -71.6177
130 -33.0492 -71.6176
165 -33.0491 -71.6176
983 -33.0488 -71.6176
416 -33.0487 -71.6176
889 -33.0487 -71.6177
573 -33.0487 -71.6177
206 -33.0487 -71.6176
10 -33.0488 -71.6176
572 -33.0493 -71.6165
13 -33.0492 -71.6165
273 -33.0491 -71.6165
191 -33.0491 -71.6165
631 -33.049 -71.6166
834 -33.049 -71.6166
854 -33.049 -71.6166
174 -33.0491 -71.6165
688 -33.0494 -71.6164
574 -33.0495 -71.6163
106 -33.0495 -71.6163
850 -33.0494 -71.6164
652 -33.0491 -71.6165
884 -33.0494 -71.6165
586 -33.0491 -71.6164
660 -33.049 -71.6168
263 -33.0489 -71.6172
213 -33.0489 -71.6171
897 -33.0489 -71.6171
453 -33.0488 -71.6172
949 -33.0488 -71.6176
239 -33.0488 -71.6173
318 -33.0488 -71.6173
529 -33.0489 -71.617
394 -33.049 -71.6168
868 -33.049 -71.6168
692 -33.049 -71.6168
36 -33.049 -71.6168
712 -33.0489 -71.617
900 -33.049 -71.6168
170 -33.0486 -71.6179
764 -33.0476 -71.6201
509 -33.0476 -71.6201
583 -33.0476 -71.62
485 -33.0476 -71.6203
360 -33.0474 -71.6207
718 -33.0474 -71.6207
80 -33.0475 -71.6203
911 -33.0477 -71.6199
939 -33.0478 -71.6197
755 -33.0479 -71.6195
55 -33.0479 -71.6195
9 -33.0478 -71.6197
427 -33.0477 -71.6199
484 -33.0477 -71.6199
644 -33.0478 -71.6198
516 -33.0473 -71.6209
277 -33.0472 -71.6213
322 -33.0472 -71.6212
802 -33.0473 -71.6212
139 -33.0472 -71.6214
205 -33.0472 -71.6214
820 -33.0472 -71.6214
938 -33.0472 -71.6214
735 -33.0473 -71.6212
696 -33.0473 -71.621
222 -33.0473 -71.621
988 -33.0469 -71.6201
982 -33.0468 -71.6198
220 -33.0467 -71.6201
784 -33.0467 -71.6201
88 -33.0469 -71.6193
635 -33.0482 -71.619
708 -33.0483 -71.6189
157 -33.0484 -71.6185
511 -33.0482 -71.619
152 -33.048 -71.6193
530 -33.048 -71.6193
610 -33.0481 -71.6193
794 -33.0484 -71.6184
605 -33.0485 -71.6182
113 -33.0486 -71.618
333 -33.0486 -71.6179
155 -33.0485 -71.6182
763 -33.0485 -71.6184
383 -33.0485 -71.6183
639 -33.0485 -71.6182
722 -33.048 -71.6193
793 -33.0474 -71.6177
972 -33.0474 -71.6177
553 -33.0476 -71.6171
968 -33.0474 -71.6179
643 -33.047 -71.6189
827 -33.0471 -71.6186
724 -33.0472 -71.6183
48 -33.0477 -71.617
604 -33.0477 -71.6167
853 -33.0479 -71.6162
140 -33.0479 -71.6161
81 -33.0477 -71.6168
933 -33.0477 -71.617
348 -33.0477 -71.6168
612 -33.0491 -71.6161
756 -33.0503 -71.6158
385 -33.0503 -71.6158
783 -33.0503 -71.6158
496 -33.0497 -71.6158
304 -33.0496 -71.6161
195 -33.0497 -71.6159
75 -33.0497 -71.6158
430 -33.0504 -71.6158
565 -33.0508 -71.6156
320 -33.0508 -71.6155
795 -33.0506 -71.6155
148 -33.0505 -71.6157
93 -33.0505 -71.6156
86 -33.0496 -71.6136
518 -33.0496 -71.6136
665 -33.0495 -71.6139
240 -33.0495 -71.6143
64 -33.0495 -71.6142
654 -33.0495 -71.6141
363 -33.0494 -71.6143
481 -33.0494 -71.6145
828 -33.0494 -71.6145
425 -33.0494 -71.6144
27 -33.0495 -71.6141
207 -33.0495 -71.6139
522 -33.0495 -71.6139
709 -33.0495 -71.6139
278 -33.0495 -71.6139
74 -33.0495 -71.614
76 -33.0495 -71.6139
548 -33.0495 -71.6139
804 -33.0496 -71.6136
517 -33.0509 -71.6131
744 -33.0508 -71.6131
835 -33.0508 -71.6131
201 -33.0506 -71.6131
942 -33.0506 -71.6131
739 -33.0506 -71.613
392 -33.0505 -71.613
336 -33.0505 -71.613
100 -33.0505 -71.613
902 -33.0505 -71.613
915 -33.0504 -71.613
621 -33.0501 -71.613
749 -33.0501 -71.613
996 -33.05 -71.613
180 -33.0499 -71.6129
379 -33.0498 -71.6122
805 -33.0498 -71.6129
186 -33.0498 -71.6129
659 -33.0498 -71.6129
656 -33.0497 -71.6131
329 -33.0497 -71.6132
588 -33.0496 -71.6129
894 -33.0495 -71.6129
638 -33.0495 -71.6129
539 -33.0498 -71.6125
164 -33.0498 -71.6125
750 -33.0498 -71.6123
428 -33.0497 -71.6127
666 -33.0495 -71.6129
258 -33.0497 -71.6128
401 -33.0494 -71.6145
77 -33.0492 -71.6156
780 -33.0492 -71.6155
637 -33.0493 -71.6154
374 -33.0492 -71.6158
432 -33.0492 -71.6159
302 -33.0492 -71.6159
462 -33.0492 -71.6159
0 -33.0493 -71.6153
234 -33.0493 -71.615
956 -33.0494 -71.6147
457 -33.0494 -71.6147
680 -33.0493 -71.615
337 -33.0493 -71.6151
701 -33.0493 -71.6151
31 -33.0483 -71.6146
515 -33.0483 -71.6147
314 -33.0481 -71.6156
855 -33.0481 -71.6156
84 -33.0481 -71.6156
50 -33.048 -71.6158
941 -33.0479 -71.616
862 -33.048 -71.616
435 -33.048 -71.6159
778 -33.0481 -71.6155
218 -33.0481 -71.6153
960 -33.0482 -71.6151
851 -33.0483 -71.6147
519 -33.0481 -71.6153
541 -33.0481 -71.6155
436 -33.0481 -71.6155
648 -33.0484 -71.6144
683 -33.0487 -71.6131
847 -33.0487 -71.613
899 -33.0487 -71.613
133 -33.0487 -71.6131
178 -33.0486 -71.6134
153 -33.0486 -71.6133
345 -33.0487 -71.6132
444 -33.0487 -71.6129
24 -33.0494 -71.6129
920 -33.0493 -71.6129
964 -33.0493 -71.6129
494 -33.0489 -71.6129
685 -33.0488 -71.6126
947 -33.0489 -71.6124
596 -33.0489 -71.6123
807 -33.0485 -71.6136
248 -33.0485 -71.6139
758 -33.0485 -71.6138
418 -33.0485 -71.6138
590 -33.0485 -71.6139
538 -33.0484 -71.6143
728 -33.0484 -71.6142
44 -33.0484 -71.6141
971 -33.0485 -71.6138
823 -33.0485 -71.6138
119 -33.0485 -71.6138
231 -33.0485 -71.6137
634 -33.0478 -71.6126
353 -33.0478 -71.6128
54 -33.0474 -71.6127
173 -33.054 -71.6122
12 -33.0544 -71.6122
927 -33.0544 -71.6121
773 -33.0544 -71.612
61 -33.0544 -71.6122
35 -33.0544 -71.612
679 -33.0544 -71.612
274 -33.0544 -71.612
676 -33.0542 -71.6117
259 -33.0553 -71.6104
72 -33.0553 -71.6104
970 -33.0572 -71.6099
463 -33.0552 -71.6104
874 -33.0543 -71.6105
866 -33.0544 -71.6105
384 -33.0548 -71.6104
424 -33.0542 -71.6117
303 -33.0542 -71.6116
512 -33.0541 -71.6115
7 -33.054 -71.6114
674 -33.054 -71.6114
480 -33.0538 -71.6122
848 -33.054 -71.6114
797 -33.054 -71.6113
506 -33.0539 -71.6112
242 -33.0539 -71.6112
2 -33.0538 -71.6111
569 -33.0541 -71.6105
737 -33.0538 -71.6111
40 -33.0538 -71.6112
187 -33.0538 -71.611
26 -33.0538 -71.6105
132 -33.0559 -71.6095
886 -33.0561 -71.6089
606 -33.0561 -71.6087
876 -33.056 -71.6087
748 -33.0556 -71.6094
592 -33.0546 -71.6085
944 -33.0546 -71.6085
810 -33.0545 -71.6085
918 -33.0545 -71.6085
219 -33.0544 -71.6085
478 -33.0546 -71.6085
555 -33.0546 -71.6085
772 -33.0544 -71.6085
980 -33.0544 -71.6085
723 -33.0544 -71.6085
662 -33.0543 -71.6085
878 -33.0543 -71.6085
489 -33.0543 -71.6085
769 -33.0543 -71.6085
954 -33.0543 -71.6085
458 -33.0542 -71.6085
378 -33.0541 -71.6085
715 -33.0541 -71.6085
825 -33.0541 -71.6085
664 -33.0541 -71.6085
753 -33.0541 -71.6085
470 -33.054 -71.6085
984 -33.054 -71.6085
156 -33.054 -71.6085
73 -33.0539 -71.6085
540 -33.054 -71.6085
276 -33.0537 -71.6109
571 -33.0536 -71.6122
214 -33.0536 -71.6122
14 -33.0535 -71.6122
351 -33.0535 -71.6122
29 -33.0534 -71.6122
15 -33.0533 -71.6122
295 -33.0532 -71.6121
97 -33.0533 -71.6115
578 -33.0534 -71.6114
910 -33.0537 -71.6113
49 -33.0535 -71.611
212 -33.0533 -71.6109
603 -33.0532 -71.6109
601 -33.0531 -71.6109
224 -33.053 -71.6109
299 -33.053 -71.6116
197 -33.053 -71.6121
909 -33.053 -71.6121
916 -33.0529 -71.6121
252 -33.0526 -71.6121
387 -33.0526 -71.6121
577 -33.0526 -71.6121
789 -33.0526 -71.6121
23 -33.0526 -71.6121
268 -33.0525 -71.6117
645 -33.053 -71.6108
89 -33.0529 -71.6108
745 -33.0525 -71.6117
272 -33.0523 -71.6121
415 -33.0524 -71.6117
120 -33.0537 -71.6108
390 -33.0537 -71.6108
556 -33.0536 -71.6107
782 -33.0536 -71.6107
675 -33.0536 -71.6107
551 -33.0529 -71.6108
811 -33.0536 -71.6107
190 -33.0536 -71.6107
505 -33.0534 -71.6102
381 -33.0536 -71.6085
532 -33.0536 -71.6085
557 -33.0537 -71.6085
110 -33.0536 -71.6085
192 -33.0534 -71.6102
94 -33.0536 -71.6085
746 -33.0535 -71.6085
681 -33.0529 -71.6107
22 -33.0529 -71.6107
575 -33.0529 -71.6107
228 -33.0527 -71.6105
600 -33.0527 -71.6103
885 -33.0526 -71.6103
204 -33.0526 -71.6102
211 -33.0525 -71.6101
343 -33.0525 -71.6101
863 -33.0525 -71.6101
861 -33.0525 -71.61
593 -33.0524 -71.61
324 -33.0524 -71.6099
734 -33.0524 -71.6099
821 -33.0523 -71.6098
503 -33.0539 -71.6085
528 -33.0579 -71.6082
300 -33.0577 -71.6081
474 -33.0575 -71.6081
808 -33.0573 -71.6081
677 -33.0573 -71.6081
281 -33.057 -71.608
419 -33.0567 -71.608
159 -33.0567 -71.608
63 -33.0567 -71.608
925 -33.0567 -71.608
280 -33.0567 -71.608
903 -33.0563 -71.608
672 -33.0562 -71.608
558 -33.0557 -71.6079
581 -33.0561 -71.6079
929 -33.0554 -71.6079
477 -33.0551 -71.6082
705 -33.0551 -71.6081
912 -33.0552 -71.6081
873 -33.0551 -71.6082
438 -33.0549 -71.6083
83 -33.055 -71.6082
225 -33.055 -71.6082
285 -33.0552 -71.6081
700 -33.0553 -71.608
411 -33.0554 -71.608
657 -33.0554 -71.608
223 -33.0553 -71.608
613 -33.0552 -71.6081
473 -33.0552 -71.6081
535 -33.0552 -71.6081
335 -33.0554 -71.6079
977 -33.056 -71.6079
525 -33.0563 -71.6074
112 -33.0565 -71.6073
311 -33.056 -71.6075
362 -33.0559 -71.6079
454 -33.0559 -71.6079
332 -33.0558 -71.6079
491 -33.0567 -71.6072
291 -33.0572 -71.6069
147 -33.0569 -71.6046
441 -33.0579 -71.6045
331 -33.0568 -71.6071
870 -33.0568 -71.6046
768 -33.0565 -71.6045
90 -33.056 -71.6043
499 -33.0558 -71.6078
79 -33.0558 -71.6078
934 -33.0557 -71.6078
296 -33.0556 -71.6078
527 -33.0555 -71.6079
400 -33.0555 -71.6079
461 -33.0555 -71.6079
513 -33.0555 -71.6079
510 -33.0556 -71.6078
469 -33.0556 -71.6078
11 -33.0556 -71.6078
924 -33.0557 -71.6043
129 -33.0556 -71.6078
196 -33.0551 -71.605
221 -33.0553 -71.6044
858 -33.0549 -71.6083
138 -33.0546 -71.6085
472 -33.0547 -71.6085
422 -33.0547 -71.6085
62 -33.0539 -71.6085
350 -33.0539 -71.6085
843 -33.0539 -71.6085
261 -33.0538 -71.6085
833 -33.0547 -71.6085
922 -33.0548 -71.6084
168 -33.0549 -71.6083
888 -33.0549 -71.6083
740 -33.0548 -71.6084
282 -33.0547 -71.6084
857 -33.0547 -71.6084
46 -33.0547 -71.6084
622 -33.0538 -71.6085
32 -33.0532 -71.6084
923 -33.0532 -71.6084
626 -33.0532 -71.6084
706 -33.0532 -71.6084
183 -33.0531 -71.6084
840 -33.0531 -71.6084
158 -33.0531 -71.6084
952 -33.053 -71.6083
316 -33.053 -71.6083
137 -33.053 -71.6083
690 -33.053 -71.6083
846 -33.053 -71.6083
328 -33.0529 -71.6083
468 -33.0529 -71.6083
126 -33.0529 -71.6083
836 -33.0528 -71.6083
714 -33.0528 -71.6083
167 -33.0528 -71.6083
136 -33.0527 -71.6083
951 -33.0527 -71.6082
471 -33.0527 -71.6082
502 -33.0526 -71.6082
98 -33.0544 -71.6065
937 -33.0535 -71.6062
620 -33.0535 -71.6047
78 -33.0544 -71.6046
169 -33.0534 -71.6047
595 -33.0529 -71.6065
256 -33.053 -71.6065
293 -33.0527 -71.6047
981 -33.0526 -71.6082
757 -33.0526 -71.6082
785 -33.0526 -71.6082
398 -33.0525 -71.6082
671 -33.0525 -71.6082
752 -33.0525 -71.6082
966 -33.0525 -71.6082
460 -33.0525 -71.6081
369 -33.0524 -71.6081
704 -33.0524 -71.6081
56 -33.0524 -71.6081
99 -33.0525 -71.6048
653 -33.0524 -71.6081
741 -33.0524 -71.6081
990 -33.0524 -71.6081
421 -33.0523 -71.6098
310 -33.0522 -71.612
160 -33.0521 -71.612
998 -33.0521 -71.612
649 -33.052 -71.612
386 -33.0519 -71.612
347 -33.0519 -71.612
986 -33.0518 -71.612
742 -33.0518 -71.612
309 -33.0516 -71.612
141 -33.0517 -71.6118
143 -33.052 -71.6118
936 -33.0516 -71.6118
151 -33.0514 -71.612
931 -33.0514 -71.6119
943 -33.0515 -71.6119
905 -33.0514 -71.6119
759 -33.0514 -71.6119
102 -33.0513 -71.6119
108 -33.0512 -71.6119
208 -33.0512 -71.612
615 -33.0511 -71.6122
202 -33.0512 -71.6121
200 -33.0512 -71.612
391 -33.0513 -71.6119
356 -33.0513 -71.6119
433 -33.0513 -71.6119
275 -33.0503 -71.6113
449 -33.0502 -71.6113
507 -33.0501 -71.6105
490 -33.0502 -71.6104
609 -33.0502 -71.6103
104 -33.0502 -71.6103
875 -33.0509 -71.6102
682 -33.0509 -71.6102
554 -33.051 -71.6101
67 -33.0509 -71.6102
410 -33.0509 -71.6102
264 -33.0509 -71.6102
667 -33.0508 -71.6102
247 -33.0511 -71.61
245 -33.0512 -71.6099
267 -33.0512 -71.6099
397 -33.0512 -71.6099
720 -33.0511 -71.61
806 -33.0511 -71.61
887 -33.0511 -71.61
691 -33.0511 -71.61
871 -33.0508 -71.6102
921 -33.0507 -71.6102
359 -33.0508 -71.6102
184 -33.0507 -71.6102
567 -33.0506 -71.6102
689 -33.0502 -71.6102
445 -33.0502 -71.6102
6 -33.0506 -71.6102
289 -33.0506 -71.6102
41 -33.0504 -71.6102
552 -33.0504 -71.6102
616 -33.0504 -71.6101
893 -33.0503 -71.6102
965 -33.0503 -71.6101
959 -33.0503 -71.6101
953 -33.0501 -71.6105
841 -33.0499 -71.6116
451 -33.05 -71.6113
95 -33.05 -71.6113
246 -33.0499 -71.6116
524 -33.0499 -71.6119
969 -33.0498 -71.6113
898 -33.0496 -71.6112
974 -33.0495 -71.6112
792 -33.05 -71.6112
131 -33.05 -71.6111
352 -33.05 -71.611
684 -33.05 -71.6112
338 -33.0495 -71.6112
817 -33.0492 -71.6112
330 -33.05 -71.6112
33 -33.0491 -71.6112
58 -33.049 -71.6119
465 -33.0491 -71.6116
932 -33.0491 -71.6115
651 -33.049 -71.6119
779 -33.0489 -71.6122
719 -33.0489 -71.6122
342 -33.0489 -71.6122
439 -33.0491 -71.6115
766 -33.0491 -71.6112
526 -33.0489 -71.6112
317 -33.0488 -71.6112
312 -33.0483 -71.6111
96 -33.0482 -71.6112
241 -33.0483 -71.6111
926 -33.05 -71.611
699 -33.0501 -71.6109
443 -33.0501 -71.6108
630 -33.0501 -71.6108
584 -33.0501 -71.6109
543 -33.05 -71.611
396 -33.0501 -71.611
114 -33.0501 -71.6109
426 -33.0501 -71.6108
594 -33.0501 -71.6106
135 -33.0501 -71.6106
37 -33.0501 -71.6106
570 -33.0501 -71.6107
45 -33.0501 -71.6108
777 -33.0501 -71.6108
995 -33.05 -71.6101
663 -33.0495 -71.6099
729 -33.0494 -71.6102
928 -33.0494 -71.6099
824 -33.0493 -71.6099
459 -33.0493 -71.6099
3 -33.0492 -71.6099
814 -33.0491 -71.6099
702 -33.0491 -71.6099
486 -33.049 -71.6099
249 -33.049 -71.6099
798 -33.0489 -71.6099
288 -33.0489 -71.6099
865 -33.0488 -71.6099
4 -33.0487 -71.6098
695 -33.0481 -71.6098
985 -33.0481 -71.6098
227 -33.0522 -71.6096
771 -33.0522 -71.6096
607 -33.0522 -71.6096
498 -33.0521 -71.6094
68 -33.0521 -71.6094
229 -33.0521 -71.6087
321 -33.0521 -71.6087
319 -33.0521 -71.6087
284 -33.0521 -71.6085
181 -33.0522 -71.6084
349 -33.0522 -71.6083
882 -33.0521 -71.6085
199 -33.0521 -71.6087
294 -33.0521 -71.6086
736 -33.0521 -71.6085
235 -33.0521 -71.6094
233 -33.0519 -71.6092
437 -33.0519 -71.6092
230 -33.0519 -71.6092
670 -33.0519 -71.6093
813 -33.0516 -71.6096
257 -33.0517 -71.6094
371 -33.0517 -71.6094
738 -33.0519 -71.6092
375 -33.052 -71.609
997 -33.052 -71.6089
357 -33.052 -71.6088
82 -33.0519 -71.6092
306 -33.0519 -71.6092
185 -33.0517 -71.609
707 -33.0517 -71.609
669 -33.0522 -71.6082
236 -33.0523 -71.6081
182 -33.0523 -71.6081
815 -33.0523 -71.6081
832 -33.0522 -71.6081
856 -33.0522 -71.6081
404 -33.0522 -71.6081
417 -33.0521 -71.6081
125 -33.0521 -71.6081
365 -33.0522 -71.6079
624 -33.0522 -71.6079
770 -33.0522 -71.6078
382 -33.0522 -71.6078
673 -33.0522 -71.6078
325 -33.0522 -71.6077
788 -33.0522 -71.6074
406 -33.0521 -71.6079
243 -33.052 -71.608
71 -33.0519 -71.608
845 -33.052 -71.608
16 -33.0519 -71.608
172 -33.0519 -71.6081
287 -33.0517 -71.6075
103 -33.0517 -71.6075
993 -33.0516 -71.6075
244 -33.052 -71.6068
564 -33.0517 -71.6062
957 -33.0517 -71.6049
358 -33.0517 -71.6061
65 -33.0516 -71.606
122 -33.0516 -71.606
1 -33.0515 -71.6052
731 -33.0513 -71.6098
562 -33.0514 -71.6087
91 -33.0513 -71.6087
625 -33.0513 -71.6087
623 -33.0512 -71.6088
534 -33.0513 -71.6087
658 -33.0513 -71.6086
776 -33.0505 -71.6086
203 -33.051 -71.6086
867 -33.051 -71.6086
8 -33.0513 -71.6084
215 -33.0509 -71.6085
193 -33.0505 -71.6086
791 -33.0506 -71.6085
566 -33.0505 -71.6085
536 -33.0504 -71.6085
650 -33.0499 -71.6091
121 -33.0499 -71.6091
781 -33.0498 -71.6091
28 -33.0496 -71.6092
344 -33.0495 -71.6098
39 -33.0496 -71.6095
47 -33.0496 -71.6092
429 -33.0504 -71.6085
270 -33.0503 -71.6085
161 -33.0503 -71.6085
906 -33.0501 -71.6084
508 -33.0501 -71.6084
914 -33.05 -71.6084
617 -33.0499 -71.6084
717 -33.0497 -71.6084
395 -33.0514 -71.6083
544 -33.0515 -71.6083
975 -33.0513 -71.6075
232 -33.0512 -71.6074
339 -33.0511 -71.6074
839 -33.051 -71.6074
895 -33.0506 -71.6073
989 -33.0506 -71.6073
388 -33.0514 -71.6059
628 -33.0513 -71.6059
913 -33.0511 -71.6058
149 -33.0509 -71.6064
492 -33.0507 -71.6057
30 -33.0509 -71.6051
826 -33.0508 -71.6051
896 -33.0506 -71.6057
188 -33.0493 -71.6083
380 -33.0493 -71.6083
59 -33.0493 -71.6083
568 -33.0492 -71.6083
618 -33.049 -71.6083
346 -33.0488 -71.6083
559 -33.0483 -71.6082
162 -33.0481 -71.6082
308 -33.0506 -71.6073
21 -33.0504 -71.6073
800 -33.0505 -71.6057
194 -33.0504 -71.6073
514 -33.05 -71.6055
533 -33.0477 -71.6041
