217 -33.0543 -71.6243
697 -33.0543 -71.6243
479 -33.0543 -71.6242
53 -33.0543 -71.6241
961 -33.0543 -71.624
647 -33.0543 -71.6232
5 -33.0543 -71.6232
115 -33.0543 -71.6232
38 -33.0544 -71.623
315 -33.0544 -71.6229
500 -33.0544 -71.6228
703 -33.0543 -71.6231
796 -33.0543 -71.6231
890 -33.0543 -71.6231
226 -33.0543 -71.6231
497 -33.0543 -71.6232
829 -33.0536 -71.6245
979 -33.0537 -71.6245
883 -33.0541 -71.6244
786 -33.0535 -71.6245
25 -33.0531 -71.6246
598 -33.0533 -71.6246
589 -33.0534 -71.6246
109 -33.0542 -71.6244
313 -33.0543 -71.6239
940 -33.0543 -71.6237
176 -33.0543 -71.6237
550 -33.0543 -71.6235
66 -33.0543 -71.6235
85 -33.0543 -71.6234
142 -33.0543 -71.6233
327 -33.0545 -71.6227
177 -33.0549 -71.622
880 -33.0551 -71.6216
179 -33.0551 -71.6211
210 -33.0549 -71.6205
266 -33.0548 -71.6221
253 -33.0548 -71.6221
930 -33.0548 -71.6221
377 -33.0548 -71.6204
765 -33.055 -71.6182
475 -33.0563 -71.6181
413 -33.055 -71.6181
189 -33.0549 -71.6183
582 -33.0547 -71.6184
963 -33.0549 -71.6184
367 -33.0549 -71.6184
487 -33.0547 -71.6223
678 -33.0545 -71.6226
260 -33.0546 -71.6225
376 -33.0535 -71.6185
881 -33.0535 -71.6185
42 -33.0531 -71.6187
134 -33.0535 -71.6187
816 -33.0535 -71.6186
549 -33.0537 -71.6184
537 -33.0543 -71.6184
407 -33.0544 -71.6184
978 -33.0546 -71.6184
408 -33.0541 -71.6184
255 -33.0539 -71.6184
370 -33.0541 -71.6184
301 -33.053 -71.6187
987 -33.0529 -71.6246
710 -33.0528 -71.6246
92 -33.0528 -71.6246
409 -33.0523 -71.6244
849 -33.0518 -71.6249
629 -33.0519 -71.6247
116 -33.0516 -71.6192
399 -33.0516 -71.6192
542 -33.053 -71.6187
361 -33.053 -71.6187
69 -33.0528 -71.6187
698 -33.0526 -71.6187
754 -33.0526 -71.6187
373 -33.0525 -71.6186
455 -33.0525 -71.6186
101 -33.0509 -71.6234
935 -33.0506 -71.6214
493 -33.0506 -71.6214
732 -33.0505 -71.6211
34 -33.0505 -71.6216
633 -33.0504 -71.6221
447 -33.0504 -71.6219
716 -33.0498 -71.6201
694 -33.0497 -71.6201
250 -33.0499 -71.6188
17 -33.0499 -71.6188
632 -33.05 -71.6187
163 -33.0497 -71.6186
799 -33.0496 -71.6199
852 -33.0497 -71.6186
144 -33.0496 -71.6186
587 -33.0524 -71.6186
216 -33.0523 -71.6186
760 -33.0523 -71.6186
809 -33.0522 -71.6185
919 -33.0521 -71.6185
456 -33.052 -71.6185
803 -33.0519 -71.6185
355 -33.0519 -71.6184
341 -33.0518 -71.6184
434 -33.0516 -71.6184
761 -33.0516 -71.6184
844 -33.0516 -71.6184
838 -33.0516 -71.6184
198 -33.0514 -71.6184
973 -33.0515 -71.6184
713 -33.0513 -71.6184
775 -33.0513 -71.6184
166 -33.0509 -71.6185
547 -33.0512 -71.6185
323 -33.0508 -71.6185
687 -33.0505 -71.6184
111 -33.0496 -71.6186
448 -33.0504 -71.6184
831 -33.0504 -71.6184
891 -33.0513 -71.6184
767 -33.0512 -71.6183
466 -33.0512 -71.6183
495 -33.0507 -71.6181
340 -33.0503 -71.6183
262 -33.0503 -71.6183
431 -33.0503 -71.6179
668 -33.0552 -71.6178
560 -33.0557 -71.6167
297 -33.0558 -71.6159
561 -33.0557 -71.6159
774 -33.0557 -71.6168
57 -33.0553 -71.6178
646 -33.0554 -71.6176
869 -33.0555 -71.6173
842 -33.0554 -71.6159
483 -33.0554 -71.6158
991 -33.0561 -71.6158
948 -33.0561 -71.6157
531 -33.0554 -71.6158
501 -33.0553 -71.6158
124 -33.0552 -71.6158
640 -33.0549 -71.6158
464 -33.0549 -71.6158
123 -33.0529 -71.6159
279 -33.0529 -71.6158
726 -33.0529 -71.6158
602 -33.0528 -71.6159
107 -33.0527 -71.6159
520 -33.0527 -71.6158
693 -33.0527 -71.6158
269 -33.0526 -71.6158
950 -33.0548 -71.6158
608 -33.0548 -71.6158
20 -33.0548 -71.6157
60 -33.0546 -71.6157
955 -33.0529 -71.6157
879 -33.0546 -71.6157
818 -33.0545 -71.6157
482 -33.0561 -71.6157
945 -33.056 -71.6156
976 -33.056 -71.6156
872 -33.056 -71.6156
286 -33.0545 -71.6157
18 -33.0537 -71.6156
251 -33.053 -71.6155
822 -33.0535 -71.6155
476 -33.053 -71.6155
118 -33.056 -71.6155
994 -33.0554 -71.6154
686 -33.0542 -71.6147
127 -33.0539 -71.6145
450 -33.0534 -71.6155
389 -33.0531 -71.6155
743 -33.0531 -71.6155
762 -33.0528 -71.6137
580 -33.0522 -71.6156
442 -33.0523 -71.6156
146 -33.0523 -71.6156
271 -33.0522 -71.6157
150 -33.0519 -71.6156
641 -33.0518 -71.6156
819 -33.0515 -71.6156
488 -33.0515 -71.6156
105 -33.0522 -71.6134
405 -33.0522 -71.6133
907 -33.0522 -71.6133
446 -33.0517 -71.6131
356 -33.0516 -71.6131
931 -33.0515 -71.6131
290 -33.0514 -71.6156
730 -33.0508 -71.6155
546 -33.0506 -71.6155
403 -33.0514 -71.6131
117 -33.0505 -71.6157
992 -33.0503 -71.6158
292 -33.0505 -71.6157
254 -33.0505 -71.6157
943 -33.0513 -71.6131
423 -33.0514 -71.6131
936 -33.0513 -71.6131
145 -33.0511 -71.6131
141 -33.051 -71.6131
986 -33.051 -71.6131
309 -33.0508 -71.6131
151 -33.0507 -71.6131
812 -33.0503 -71.6158
892 -33.0502 -71.6158
864 -33.0501 -71.6157
908 -33.0501 -71.6157
721 -33.0501 -71.6157
727 -33.0496 -71.6177
565 -33.0496 -71.616
860 -33.0496 -71.616
545 -33.0501 -71.6157
787 -33.05 -71.6157
946 -33.0498 -71.6157
684 -33.0497 -71.6132
95 -33.0497 -71.6132
246 -33.0496 -71.6135
841 -33.0496 -71.6135
171 -33.0507 -71.6131
433 -33.0506 -71.6131
759 -33.0506 -71.6131
386 -33.0511 -71.613
102 -33.0505 -71.613
391 -33.0505 -71.613
108 -33.0505 -71.613
611 -33.0505 -71.613
711 -33.0504 -71.613
649 -33.0511 -71.6129
998 -33.0511 -71.6128
160 -33.0511 -71.6128
143 -33.0511 -71.6129
200 -33.0504 -71.613
208 -33.0503 -71.613
202 -33.0502 -71.613
615 -33.0502 -71.613
334 -33.0501 -71.613
70 -33.05 -71.613
837 -33.0499 -71.613
792 -33.0499 -71.6129
352 -33.0497 -71.613
543 -33.0497 -71.6129
801 -33.0498 -71.6129
396 -33.0497 -71.6129
87 -33.0497 -71.6129
661 -33.0497 -71.6129
699 -33.0497 -71.6128
725 -33.0497 -71.6129
372 -33.0496 -71.6129
877 -33.0496 -71.6129
614 -33.0496 -71.6177
901 -33.0496 -71.6197
283 -33.0495 -71.6196
440 -33.0494 -71.6194
999 -33.0494 -71.6194
859 -33.0494 -71.6192
165 -33.0482 -71.619
263 -33.0482 -71.619
213 -33.0483 -71.6189
412 -33.0494 -71.6188
597 -33.0495 -71.6187
36 -33.0483 -71.6187
712 -33.0483 -71.6188
130 -33.0483 -71.6189
529 -33.0483 -71.6189
897 -33.0483 -71.6189
453 -33.0482 -71.6191
333 -33.0478 -71.6196
170 -33.0478 -71.6196
889 -33.0479 -71.6195
113 -33.0478 -71.6197
639 -33.0477 -71.6199
155 -33.0477 -71.6199
605 -33.0477 -71.6199
573 -33.048 -71.6194
983 -33.0481 -71.6193
239 -33.0481 -71.6191
318 -33.0482 -71.6191
10 -33.048 -71.6193
206 -33.048 -71.6194
416 -33.048 -71.6194
949 -33.048 -71.6193
900 -33.0483 -71.6187
432 -33.0488 -71.6178
106 -33.0487 -71.6178
574 -33.0487 -71.6178
688 -33.0487 -71.6178
612 -33.0486 -71.618
884 -33.0486 -71.6179
850 -33.0486 -71.6179
302 -33.0488 -71.6178
393 -33.0494 -71.6177
830 -33.0491 -71.6176
128 -33.0492 -71.6176
504 -33.0491 -71.6176
462 -33.0487 -71.6178
374 -33.0487 -71.6177
77 -33.0487 -71.6176
572 -33.0486 -71.6181
854 -33.0484 -71.6185
631 -33.0484 -71.6185
834 -33.0484 -71.6185
692 -33.0484 -71.6186
868 -33.0484 -71.6187
394 -33.0484 -71.6187
660 -33.0484 -71.6186
904 -33.0485 -71.6184
273 -33.0485 -71.6183
191 -33.0485 -71.6183
13 -33.0485 -71.6182
586 -33.0485 -71.6183
174 -33.0485 -71.6184
364 -33.0485 -71.6184
383 -33.0476 -71.6201
718 -33.0474 -71.6226
360 -33.0474 -71.6226
80 -33.0474 -71.6222
485 -33.0474 -71.6222
516 -33.0473 -71.6228
222 -33.0473 -71.6228
764 -33.0474 -71.622
509 -33.0473 -71.6219
583 -33.0473 -71.6219
911 -33.0473 -71.6218
722 -33.0473 -71.6211
484 -33.0473 -71.6218
939 -33.0472 -71.6216
9 -33.0472 -71.6216
55 -33.0472 -71.6214
755 -33.0472 -71.6214
277 -33.047 -71.6228
802 -33.047 -71.6228
322 -33.047 -71.6228
938 -33.0469 -71.6228
205 -33.0468 -71.6228
820 -33.0469 -71.6228
139 -33.0469 -71.6228
735 -33.0471 -71.6228
696 -33.0472 -71.6228
982 -33.0461 -71.6217
88 -33.0463 -71.6212
988 -33.0461 -71.6217
784 -33.0459 -71.6219
220 -33.0459 -71.6219
152 -33.0473 -71.6211
157 -33.0476 -71.6203
763 -33.0476 -71.6201
794 -33.0476 -71.6201
708 -33.0475 -71.6206
530 -33.0473 -71.621
511 -33.0474 -71.6208
635 -33.0472 -71.6202
140 -33.0473 -71.6181
50 -33.0474 -71.6177
314 -33.0475 -71.6175
855 -33.0475 -71.6175
435 -33.0474 -71.6178
853 -33.0473 -71.618
941 -33.0474 -71.6179
862 -33.0474 -71.6179
604 -33.0471 -71.6186
724 -33.0467 -71.6201
610 -33.0469 -71.6201
968 -33.0468 -71.6198
644 -33.0466 -71.6204
643 -33.0465 -71.6208
827 -33.0465 -71.6205
427 -33.0466 -71.6205
793 -33.0468 -71.6196
933 -33.0471 -71.6188
348 -33.0471 -71.6187
81 -33.0471 -71.6187
48 -33.0471 -71.6188
972 -33.0468 -71.6195
553 -33.047 -71.619
84 -33.0475 -71.6175
148 -33.0492 -71.6165
93 -33.0494 -71.6165
795 -33.0495 -71.6164
430 -33.0492 -71.6165
783 -33.0491 -71.6165
425 -33.0491 -71.6163
363 -33.0491 -71.6163
240 -33.0491 -71.6162
320 -33.0495 -71.6162
278 -33.0492 -71.6159
548 -33.0492 -71.6159
74 -33.0492 -71.616
64 -33.0491 -71.6162
27 -33.0491 -71.616
654 -33.0491 -71.616
385 -33.0491 -71.6165
496 -33.0489 -71.6172
337 -33.0489 -71.617
701 -33.0489 -71.617
0 -33.0488 -71.6172
780 -33.0488 -71.6174
195 -33.0488 -71.6174
637 -33.0488 -71.6173
234 -33.0489 -71.6169
481 -33.0491 -71.6165
828 -33.0491 -71.6165
756 -33.0491 -71.6165
401 -33.0491 -71.6165
680 -33.0489 -71.6169
956 -33.049 -71.6167
457 -33.049 -71.6167
76 -33.0492 -71.6159
180 -33.0494 -71.6147
428 -33.0494 -71.6146
539 -33.0494 -71.6145
258 -33.0494 -71.6148
804 -33.0492 -71.6156
329 -33.0493 -71.6152
656 -33.0493 -71.615
164 -33.0494 -71.6144
379 -33.0495 -71.6142
524 -33.0495 -71.6139
265 -33.0495 -71.6129
750 -33.0495 -71.6142
599 -33.0494 -71.6129
585 -33.0494 -71.6129
655 -33.0493 -71.6129
86 -33.0492 -71.6156
522 -33.0492 -71.6158
665 -33.0492 -71.6158
518 -33.0492 -71.6156
207 -33.0492 -71.6158
709 -33.0492 -71.6158
517 -33.0492 -71.6129
744 -33.0491 -71.6129
835 -33.0491 -71.6129
942 -33.049 -71.6129
201 -33.0489 -71.6129
392 -33.0489 -71.6129
739 -33.0488 -71.6129
336 -33.0488 -71.6129
100 -33.0488 -71.6129
902 -33.0487 -71.6129
304 -33.0484 -71.617
75 -33.0484 -71.6164
823 -33.048 -71.6157
971 -33.048 -71.6157
590 -33.048 -71.6158
758 -33.048 -71.6158
418 -33.048 -71.6157
119 -33.048 -71.6157
345 -33.0482 -71.6151
683 -33.0482 -71.6151
133 -33.0482 -71.615
153 -33.0482 -71.6152
231 -33.048 -71.6157
807 -33.0481 -71.6156
178 -33.0481 -71.6153
248 -33.048 -71.6158
652 -33.0479 -71.6174
218 -33.0476 -71.6172
960 -33.0476 -71.617
519 -33.0476 -71.6172
436 -33.0475 -71.6174
541 -33.0475 -71.6174
778 -33.0476 -71.6174
851 -33.0478 -71.6167
538 -33.0479 -71.6163
728 -33.0479 -71.6161
44 -33.048 -71.6159
648 -33.0479 -71.6163
515 -33.0478 -71.6167
31 -33.0478 -71.6165
847 -33.0482 -71.615
666 -33.0485 -71.614
638 -33.0485 -71.614
894 -33.0485 -71.6139
342 -33.0484 -71.6141
719 -33.0484 -71.6142
920 -33.0484 -71.6142
779 -33.0484 -71.6142
651 -33.0485 -71.6138
439 -33.0486 -71.6134
817 -33.0487 -71.6131
915 -33.0487 -71.6129
932 -33.0486 -71.6135
58 -33.0485 -71.6138
805 -33.0486 -71.6135
465 -33.0486 -71.6135
621 -33.0484 -71.6129
685 -33.0483 -71.6145
947 -33.0484 -71.6143
596 -33.0484 -71.6143
444 -33.0483 -71.6148
899 -33.0482 -71.6149
634 -33.0471 -71.6145
96 -33.0477 -71.613
241 -33.0477 -71.613
749 -33.0483 -71.6129
996 -33.0483 -71.6129
186 -33.0481 -71.6128
659 -33.0481 -71.6128
312 -33.0477 -71.613
588 -33.0479 -71.6128
443 -33.0497 -71.6128
326 -33.0553 -71.6124
420 -33.0551 -71.6124
414 -33.0551 -71.6124
576 -33.0549 -71.6124
43 -33.0549 -71.6124
521 -33.0549 -71.6124
354 -33.0549 -71.6124
790 -33.0554 -71.6124
747 -33.0549 -71.6124
917 -33.0545 -71.6123
19 -33.0556 -71.6123
619 -33.0545 -71.6122
579 -33.0545 -71.6123
368 -33.0543 -71.6123
237 -33.0543 -71.612
154 -33.0543 -71.6119
523 -33.0541 -71.6123
467 -33.0542 -71.6122
967 -33.0543 -71.6119
298 -33.0538 -71.6122
238 -33.0535 -71.6122
305 -33.0533 -71.6122
962 -33.0531 -71.6121
26 -33.0532 -71.6115
591 -33.0541 -71.6115
563 -33.054 -71.6114
209 -33.054 -71.6113
874 -33.0537 -71.6113
505 -33.0532 -71.6115
192 -33.0532 -71.6115
569 -33.0536 -71.6114
636 -33.0539 -71.6113
366 -33.0539 -71.6112
307 -33.0539 -71.6112
751 -33.0539 -71.6112
627 -33.0539 -71.6112
866 -33.0538 -71.6113
52 -33.0538 -71.6112
402 -33.0537 -71.6111
452 -33.0536 -71.6111
384 -33.0537 -71.6109
970 -33.0556 -71.6105
132 -33.0548 -71.6104
72 -33.0537 -71.6105
259 -33.0537 -71.6105
535 -33.0536 -71.6085
285 -33.0536 -71.6085
912 -33.0536 -71.6085
175 -33.0536 -71.6111
61 -33.0533 -71.611
12 -33.0533 -71.611
927 -33.0532 -71.6109
35 -33.0531 -71.6109
773 -33.0531 -71.6109
274 -33.0531 -71.6109
679 -33.0531 -71.6109
463 -33.0536 -71.6105
83 -33.0534 -71.6087
873 -33.0535 -71.6087
922 -33.0533 -71.6089
772 -33.0531 -71.6093
592 -33.0531 -71.6091
810 -33.053 -71.6092
51 -33.0529 -71.6121
642 -33.0528 -71.6121
120 -33.0527 -71.6116
958 -33.0527 -71.6121
187 -33.0525 -71.6117
276 -33.0526 -71.6117
390 -33.0527 -71.6116
556 -33.0528 -71.6116
190 -33.0529 -71.6107
676 -33.0529 -71.6106
424 -33.0528 -71.6106
782 -33.0528 -71.6116
675 -33.0528 -71.6116
811 -33.0528 -71.6116
303 -33.0528 -71.6105
737 -33.0524 -71.6117
733 -33.0524 -71.6121
173 -33.0523 -71.612
480 -33.052 -71.612
571 -33.052 -71.612
214 -33.0519 -71.612
14 -33.0518 -71.612
351 -33.0518 -71.612
29 -33.0517 -71.612
910 -33.0521 -71.6118
242 -33.0523 -71.6117
2 -33.0524 -71.6117
578 -33.0517 -71.6118
15 -33.0517 -71.612
97 -33.0516 -71.6118
512 -33.0527 -71.6104
674 -33.0526 -71.6103
797 -33.0526 -71.6103
7 -33.0526 -71.6103
848 -33.0526 -71.6103
506 -33.0525 -71.6101
40 -33.0525 -71.61
49 -33.0523 -71.6098
212 -33.0521 -71.6095
603 -33.0521 -71.6094
601 -33.052 -71.6094
32 -33.052 -71.6088
923 -33.052 -71.6088
224 -33.052 -71.6093
840 -33.052 -71.609
626 -33.052 -71.6089
645 -33.052 -71.6092
575 -33.0518 -71.6093
681 -33.0519 -71.6092
22 -33.0519 -71.6092
167 -33.0518 -71.6093
671 -33.0516 -71.6095
398 -33.0516 -71.6095
981 -33.0517 -71.6094
89 -33.0519 -71.6092
316 -33.0519 -71.6091
137 -33.052 -71.6091
158 -33.052 -71.6091
551 -33.0519 -71.6091
846 -33.0519 -71.6091
228 -33.0516 -71.6089
473 -33.0536 -71.6085
581 -33.0546 -71.6085
311 -33.0545 -71.6085
977 -33.0545 -71.6085
362 -33.0544 -71.6085
454 -33.0544 -71.6085
332 -33.0543 -71.6085
934 -33.0542 -71.6085
499 -33.0542 -71.6085
79 -33.0542 -71.6085
558 -33.0542 -71.6085
672 -33.0547 -71.6085
469 -33.0541 -71.6085
129 -33.0541 -71.6085
510 -33.0541 -71.6085
11 -33.0541 -71.6085
296 -33.054 -71.6085
513 -33.054 -71.6085
527 -33.054 -71.6085
461 -33.054 -71.6085
700 -33.0537 -71.6085
613 -33.0537 -71.6085
705 -33.0535 -71.6085
223 -33.0537 -71.6085
929 -33.0539 -71.6085
335 -33.0539 -71.6085
400 -33.0539 -71.6085
411 -33.0538 -71.6085
657 -33.0538 -71.6085
477 -33.0535 -71.6085
225 -33.0534 -71.6085
438 -33.0533 -71.6084
888 -33.0533 -71.6084
748 -33.0558 -71.6081
528 -33.0563 -71.608
281 -33.0554 -71.6079
331 -33.0553 -71.608
419 -33.0551 -71.6081
63 -33.0551 -71.6081
491 -33.0552 -71.6081
300 -33.056 -71.6079
474 -33.0558 -71.6078
808 -33.0557 -71.6078
441 -33.0562 -71.6044
291 -33.0557 -71.6077
677 -33.0556 -71.6078
870 -33.0552 -71.6045
147 -33.0553 -71.6044
925 -33.0551 -71.6082
606 -33.0549 -71.6083
112 -33.055 -71.6082
159 -33.0551 -71.6082
876 -33.0549 -71.6083
903 -33.0548 -71.6084
525 -33.0548 -71.6083
98 -33.0537 -71.6083
886 -33.0551 -71.6082
280 -33.0551 -71.6082
768 -33.0551 -71.605
90 -33.0544 -71.6046
924 -33.054 -71.6047
196 -33.0537 -71.6061
221 -33.0537 -71.6048
858 -33.0533 -71.6084
168 -33.0533 -71.6084
740 -33.0532 -71.6084
46 -33.0531 -71.6084
857 -33.0531 -71.6084
282 -33.0531 -71.6084
422 -33.053 -71.6084
833 -33.053 -71.6083
472 -33.053 -71.6083
478 -33.053 -71.6083
555 -33.053 -71.6083
138 -33.053 -71.6083
944 -33.0529 -71.6083
219 -33.0528 -71.6083
918 -33.0528 -71.6083
980 -33.0528 -71.6083
723 -33.0527 -71.6083
662 -33.0527 -71.6082
489 -33.0526 -71.6082
878 -33.0527 -71.6082
622 -33.0522 -71.6083
746 -33.0521 -71.6085
94 -33.0522 -71.6084
110 -33.0522 -71.6084
954 -33.0526 -71.6082
769 -33.0526 -71.6082
378 -33.0525 -71.6082
458 -33.0525 -71.6082
715 -33.0525 -71.6082
825 -33.0525 -71.6082
753 -33.0525 -71.6081
984 -33.0524 -71.6081
664 -33.0524 -71.6081
540 -33.0524 -71.6081
156 -33.0524 -71.6081
470 -33.0524 -71.6081
593 -33.0522 -71.6081
62 -33.0523 -71.6081
843 -33.0522 -71.6081
350 -33.0523 -71.6081
73 -33.0523 -71.6081
421 -33.0522 -71.608
78 -33.0528 -71.6047
557 -33.0522 -71.6079
227 -33.0522 -71.6078
381 -33.0522 -71.6078
532 -33.0522 -71.6078
503 -33.0522 -71.6081
261 -33.0522 -71.6081
256 -33.0522 -71.6079
937 -33.0522 -71.6072
706 -33.0521 -71.6073
595 -33.0521 -71.6079
690 -33.0517 -71.6075
502 -33.0519 -71.6066
181 -33.0518 -71.6065
752 -33.0518 -71.6065
966 -33.0518 -71.6065
620 -33.0518 -71.6047
169 -33.0518 -71.6047
815 -33.0517 -71.6062
382 -33.0516 -71.606
673 -33.0516 -71.606
745 -33.0511 -71.6123
252 -33.0511 -71.6122
387 -33.0511 -71.6122
268 -33.0511 -71.6123
272 -33.0511 -71.6125
415 -33.0511 -71.6124
23 -33.0511 -71.6123
577 -33.0511 -71.6122
295 -33.0515 -71.612
299 -33.0514 -71.6119
789 -33.0513 -71.6117
909 -33.0513 -71.6119
197 -33.0513 -71.6119
916 -33.0512 -71.6119
347 -33.0512 -71.6114
310 -33.0511 -71.6127
41 -33.0499 -71.6119
6 -33.0499 -71.6117
184 -33.0499 -71.6116
959 -33.0499 -71.6119
609 -33.0498 -71.6123
689 -33.0498 -71.6122
893 -33.0499 -71.612
921 -33.05 -71.6115
742 -33.0511 -71.6114
905 -33.0507 -71.6113
682 -33.05 -71.6113
67 -33.05 -71.6113
871 -33.05 -71.6115
410 -33.05 -71.6113
264 -33.0499 -71.6113
359 -33.0499 -71.6113
357 -33.0509 -71.6102
229 -33.0509 -71.6102
319 -33.051 -71.6101
997 -33.0508 -71.6102
375 -33.0507 -71.6102
230 -33.0506 -71.6102
670 -33.0504 -71.6102
321 -33.051 -71.6101
284 -33.0511 -71.6099
349 -33.0512 -71.6099
669 -33.0513 -71.6098
882 -33.0511 -71.61
199 -33.051 -71.6101
736 -33.051 -71.6101
294 -33.051 -71.6101
371 -33.0502 -71.6101
247 -33.05 -71.611
691 -33.05 -71.611
720 -33.05 -71.611
887 -33.05 -71.6111
667 -33.0498 -71.6113
875 -33.05 -71.6113
554 -33.05 -71.6111
806 -33.05 -71.6109
731 -33.0501 -71.6107
813 -33.0502 -71.6103
257 -33.0502 -71.6101
397 -33.0501 -71.6108
245 -33.0501 -71.6109
267 -33.0501 -71.6109
507 -33.0498 -71.6125
426 -33.0497 -71.6128
570 -33.0498 -71.6127
953 -33.0498 -71.6125
567 -33.0497 -71.6113
777 -33.049 -71.6117
289 -33.0497 -71.6112
616 -33.0495 -71.6112
552 -33.0495 -71.6112
965 -33.0494 -71.6112
445 -33.0493 -71.6112
104 -33.0492 -71.6112
490 -33.0491 -71.6112
37 -33.0489 -71.6112
135 -33.0489 -71.6112
594 -33.0489 -71.6112
974 -33.0488 -71.6127
964 -33.0477 -71.6128
317 -33.0479 -71.6124
526 -33.0479 -71.6123
24 -33.0477 -71.6128
494 -33.0472 -71.6127
353 -33.0461 -71.6124
54 -33.0458 -71.6123
766 -33.048 -71.6121
45 -33.0487 -71.6112
630 -33.0487 -71.6112
584 -33.0486 -71.6112
969 -33.0482 -71.6114
338 -33.0481 -71.6117
898 -33.0481 -71.6116
114 -33.0486 -71.6112
275 -33.0486 -71.6112
926 -33.0485 -71.6111
449 -33.0485 -71.6111
131 -33.0484 -71.6111
729 -33.0483 -71.6111
451 -33.0483 -71.6111
330 -33.0483 -71.6111
781 -33.0492 -71.6109
121 -33.0487 -71.6098
650 -33.0487 -71.6098
28 -33.0485 -71.6098
47 -33.0484 -71.6098
995 -33.0483 -71.6098
39 -33.0482 -71.6098
344 -33.0479 -71.6098
663 -33.0478 -71.6098
33 -33.0475 -71.611
928 -33.0477 -71.6098
865 -33.0472 -71.6098
288 -33.0472 -71.6098
985 -33.0464 -71.6098
695 -33.0465 -71.6098
4 -33.047 -71.6098
824 -33.0476 -71.6098
459 -33.0476 -71.6098
3 -33.0475 -71.6098
814 -33.0474 -71.6098
486 -33.0473 -71.6098
798 -33.0472 -71.6098
249 -33.0473 -71.6098
702 -33.0474 -71.6098
182 -33.0514 -71.6097
236 -33.0514 -71.6097
741 -33.0515 -71.6096
832 -33.0514 -71.6097
861 -33.0513 -71.6098
404 -33.0514 -71.6097
856 -33.0514 -71.6097
885 -33.0515 -71.6096
704 -33.0515 -71.6096
600 -33.0515 -71.6088
204 -33.0514 -71.6088
211 -33.0514 -71.6087
343 -33.0514 -71.6087
863 -33.0513 -71.6087
324 -33.0512 -71.6086
821 -33.0512 -71.6088
845 -33.0505 -71.6087
734 -33.0511 -71.6086
406 -33.0505 -71.6086
243 -33.0505 -71.6087
707 -33.0505 -71.6092
172 -33.0505 -71.6088
16 -33.0505 -71.6087
990 -33.0509 -71.6085
653 -33.0509 -71.6085
757 -33.051 -71.6085
785 -33.0511 -71.6085
771 -33.0508 -71.6085
607 -33.0508 -71.6085
498 -33.0506 -71.6085
235 -33.0506 -71.6085
68 -33.0506 -71.6085
468 -33.0513 -71.6084
126 -33.0514 -71.6084
328 -33.0514 -71.6084
836 -33.0513 -71.6084
951 -33.0511 -71.6085
714 -33.0512 -71.6084
136 -33.0512 -71.6084
952 -33.0515 -71.6083
183 -33.0516 -71.6082
770 -33.0516 -71.606
293 -33.0514 -71.6053
788 -33.0513 -71.6059
471 -33.0513 -71.6075
369 -33.0511 -71.6074
99 -33.0512 -71.6052
460 -33.0511 -71.6074
417 -33.0506 -71.6085
125 -33.0505 -71.6085
233 -33.0504 -71.6085
82 -33.0504 -71.6085
437 -33.0504 -71.6085
738 -33.0504 -71.6085
306 -33.0504 -71.6085
71 -33.0503 -71.6085
56 -33.0511 -71.6074
624 -33.0508 -71.6074
957 -33.051 -71.6063
365 -33.0507 -71.6074
325 -33.0505 -71.6073
244 -33.0507 -71.6057
395 -33.0502 -71.6092
8 -33.05 -71.6091
185 -33.0501 -71.6084
544 -33.0499 -71.6084
623 -33.0497 -71.6091
776 -33.0495 -71.6097
193 -33.0495 -71.6096
215 -33.0497 -71.6091
562 -33.0497 -71.6084
625 -33.0497 -71.6084
91 -33.0497 -71.6084
534 -33.0496 -71.6084
658 -33.0496 -71.6084
203 -33.0493 -71.6083
867 -33.0493 -71.6083
791 -33.0489 -71.6083
566 -33.0488 -71.6083
536 -33.0487 -71.6083
429 -33.0486 -71.6083
270 -33.0486 -71.6083
161 -33.0486 -71.6082
914 -33.0483 -71.6082
906 -33.0484 -71.6082
617 -33.0482 -71.6082
508 -33.0484 -71.6082
717 -33.048 -71.6082
188 -33.0476 -71.6082
59 -33.0475 -71.6082
568 -33.0475 -71.6082
380 -33.0475 -71.6082
618 -33.0473 -71.6082
346 -33.0471 -71.6082
287 -33.0501 -71.6072
564 -33.0501 -71.6055
358 -33.0501 -71.6055
103 -33.05 -71.6072
993 -33.05 -71.6072
975 -33.0497 -71.6071
232 -33.0495 -71.6071
65 -33.05 -71.6055
122 -33.05 -71.6055
388 -33.0497 -71.6054
1 -33.05 -71.6046
628 -33.0496 -71.6054
913 -33.0495 -71.6053
30 -33.0495 -71.6041
826 -33.0495 -71.604
339 -33.0494 -71.6071
839 -33.0493 -71.607
895 -33.0489 -71.607
308 -33.0489 -71.607
989 -33.0489 -71.607
559 -33.0466 -71.6081
162 -33.0464 -71.6081
21 -33.0488 -71.6069
194 -33.0488 -71.6069
149 -33.0494 -71.6065
492 -33.0491 -71.6052
896 -33.049 -71.605
800 -33.049 -71.6049
533 -33.0461 -71.6047
514 -33.0487 -71.6045
