466 -33.0622 -71.6158
290 -33.0626 -71.6157
619 -33.0633 -71.6155
403 -33.062 -71.6158
166 -33.0619 -71.6158
179 -33.0618 -71.6158
495 -33.0617 -71.6158
271 -33.0633 -71.6155
754 -33.0637 -71.6153
978 -33.0627 -71.6151
475 -33.0626 -71.615
301 -33.0626 -71.615
838 -33.0621 -71.6153
907 -33.0621 -71.6153
760 -33.0621 -71.6151
145 -33.0617 -71.6158
946 -33.0608 -71.6161
930 -33.0609 -71.6161
908 -33.061 -71.616
487 -33.0607 -71.6162
393 -33.0604 -71.6163
506 -33.0605 -71.6162
727 -33.0606 -71.6162
171 -33.0613 -71.6159
448 -33.0614 -71.6159
423 -33.061 -71.6154
803 -33.061 -71.6154
456 -33.0609 -71.6154
614 -33.0605 -71.6158
154 -33.0607 -71.6155
446 -33.0608 -71.6155
455 -33.0633 -71.6149
286 -33.0627 -71.6136
958 -33.0627 -71.6136
917 -33.0623 -71.6135
51 -33.0623 -71.6135
501 -33.0622 -71.6135
274 -33.061 -71.6134
762 -33.061 -71.6134
531 -33.0639 -71.6133
238 -33.0639 -71.6133
118 -33.0639 -71.6133
52 -33.0629 -71.6132
582 -33.0624 -71.6131
351 -33.0623 -71.6132
14 -33.0623 -71.6132
579 -33.0621 -71.6131
189 -33.061 -71.6134
686 -33.0607 -71.614
424 -33.0607 -71.6139
483 -33.0607 -71.6139
123 -33.0606 -71.6141
767 -33.0604 -71.6142
61 -33.0606 -71.6141
467 -33.0606 -71.6141
198 -33.0604 -71.6139
819 -33.061 -71.6134
994 -33.061 -71.6134
809 -33.061 -71.6134
127 -33.0608 -71.6136
150 -33.0605 -71.6129
761 -33.0604 -71.6128
134 -33.0604 -71.613
128 -33.0602 -71.6164
327 -33.0603 -71.6163
611 -33.0604 -71.6156
597 -33.0601 -71.6164
585 -33.06 -71.6165
600 -33.0598 -71.6145
89 -33.06 -71.6144
228 -33.06 -71.6144
711 -33.0603 -71.6143
945 -33.0603 -71.6143
49 -33.0603 -71.6142
279 -33.0602 -71.6143
367 -33.06 -71.6144
117 -33.0601 -71.6144
546 -33.0601 -71.6144
726 -33.0597 -71.6145
100 -33.0594 -71.6164
431 -33.0594 -71.6149
962 -33.0596 -71.6148
262 -33.0594 -71.6149
904 -33.0591 -71.6168
739 -33.0591 -71.6151
148 -33.0591 -71.6151
773 -33.0596 -71.6148
698 -33.0597 -71.6147
549 -33.0597 -71.6146
204 -33.0597 -71.6145
107 -33.0594 -71.6142
177 -33.0592 -71.6143
421 -33.0593 -71.6143
93 -33.0593 -71.6142
7 -33.0604 -71.6142
787 -33.0599 -71.6135
580 -33.0601 -71.6134
751 -33.0601 -71.6134
354 -33.0598 -71.6137
355 -33.0597 -71.6139
967 -33.0598 -71.6138
927 -33.0598 -71.6137
615 -33.0602 -71.6134
844 -33.0604 -71.6129
973 -33.0604 -71.6129
254 -33.0604 -71.6129
292 -33.0603 -71.613
864 -33.0601 -71.6133
892 -33.0601 -71.6132
992 -33.0602 -71.6132
880 -33.0596 -71.6138
405 -33.0595 -71.614
320 -33.0595 -71.6139
860 -33.0595 -71.6139
734 -33.0595 -71.6141
795 -33.0593 -71.6142
340 -33.0593 -71.6141
116 -33.0594 -71.6141
565 -33.0596 -71.6139
19 -33.0594 -71.6129
203 -33.0595 -71.6128
996 -33.0596 -71.6128
623 -33.0594 -71.6129
916 -33.0591 -71.6135
730 -33.0593 -71.6129
449 -33.0596 -71.6128
57 -33.0633 -71.6126
285 -33.0632 -71.6122
700 -33.0633 -71.6122
705 -33.0631 -71.6122
366 -33.0622 -71.6126
255 -33.0627 -71.6122
251 -33.0631 -71.6122
976 -33.0646 -71.6121
269 -33.0625 -71.6121
370 -33.063 -71.612
387 -33.0629 -71.612
160 -33.0624 -71.6121
878 -33.0623 -71.612
816 -33.0623 -71.612
224 -33.0622 -71.612
489 -33.0622 -71.612
373 -33.0613 -71.6122
208 -33.0613 -71.6122
200 -33.0614 -71.6121
202 -33.0613 -71.6122
324 -33.0612 -71.6122
693 -33.0613 -71.6122
747 -33.0613 -71.6122
69 -33.0615 -71.6121
347 -33.0622 -71.612
22 -33.0619 -71.612
986 -33.062 -71.612
309 -33.0618 -71.612
641 -33.0617 -71.6121
577 -33.0617 -71.612
759 -33.0618 -71.612
674 -33.0632 -71.612
407 -33.0633 -71.6116
480 -33.064 -71.6116
413 -33.0641 -71.6116
408 -33.0631 -71.612
789 -33.0629 -71.6119
642 -33.063 -71.6113
561 -33.0631 -71.6112
869 -33.0649 -71.6112
640 -33.0649 -71.6112
790 -33.064 -71.6108
482 -33.0648 -71.6105
499 -33.064 -71.6107
209 -33.0631 -71.6112
523 -33.0639 -71.6112
11 -33.064 -71.6111
733 -33.0623 -71.612
146 -33.0619 -71.6119
452 -33.0619 -71.6118
62 -33.0619 -71.6118
934 -33.0619 -71.6112
310 -33.0619 -71.6114
918 -33.0618 -71.611
297 -33.0618 -71.6108
474 -33.0618 -71.6108
43 -33.0618 -71.6106
537 -33.0617 -71.6106
818 -33.0618 -71.6105
740 -33.0617 -71.6107
903 -33.0614 -71.6107
458 -33.0615 -71.6107
12 -33.0612 -71.6115
599 -33.0605 -71.6128
437 -33.0605 -71.6128
738 -33.0606 -71.6127
655 -33.0605 -71.6128
434 -33.0604 -71.6128
707 -33.0602 -71.6128
233 -33.0605 -71.6128
341 -33.0606 -71.6127
661 -33.0608 -71.6125
607 -33.0608 -71.6125
87 -33.0609 -71.6125
498 -33.0608 -71.6125
265 -33.0606 -71.6127
306 -33.0603 -71.6126
237 -33.0603 -71.6124
942 -33.0601 -71.6128
295 -33.0598 -71.6128
70 -33.0599 -71.6128
414 -33.06 -71.6128
275 -33.0598 -71.6128
534 -33.0597 -71.6128
658 -33.0597 -71.6128
562 -33.0598 -71.6128
235 -33.06 -71.6128
392 -33.0601 -71.6128
201 -33.0601 -71.6128
991 -33.0595 -71.6125
801 -33.0592 -71.6128
23 -33.0592 -71.6126
303 -33.0591 -71.6125
575 -33.0609 -71.6124
837 -33.061 -71.6123
679 -33.061 -71.6123
863 -33.0611 -71.6123
272 -33.0608 -71.612
603 -33.0605 -71.612
334 -33.0603 -71.6119
601 -33.0603 -71.6118
368 -33.0598 -71.6116
252 -33.0605 -71.6116
307 -33.0607 -71.6116
627 -33.0609 -71.6115
876 -33.0603 -71.611
771 -33.0598 -71.6116
998 -33.0602 -71.6106
909 -33.0598 -71.6106
919 -33.0596 -71.6116
902 -33.0595 -71.6122
955 -33.0595 -71.612
82 -33.0595 -71.6117
216 -33.0594 -71.6116
676 -33.0591 -71.6122
298 -33.0593 -71.6116
563 -33.0593 -71.6116
815 -33.0595 -71.6115
877 -33.0595 -71.6112
743 -33.0595 -71.6109
706 -33.0594 -71.6105
542 -33.0594 -71.6105
187 -33.0592 -71.6112
770 -33.0594 -71.6112
102 -33.0591 -71.6135
165 -33.0586 -71.6171
130 -33.0587 -71.6171
109 -33.0588 -71.617
979 -33.0584 -71.6173
983 -33.0584 -71.6173
10 -33.0584 -71.6173
964 -33.0583 -71.617
593 -33.0588 -71.6169
364 -33.0587 -71.6168
830 -33.0585 -71.6155
749 -33.0586 -71.6155
961 -33.0585 -71.6167
66 -33.0584 -71.6163
504 -33.0584 -71.6157
659 -33.0585 -71.6153
703 -33.0583 -71.6157
786 -33.0583 -71.6174
949 -33.0583 -71.6174
343 -33.0583 -71.6151
91 -33.0579 -71.6158
494 -33.0579 -71.617
867 -33.0577 -71.6155
382 -33.0577 -71.6155
142 -33.058 -71.615
106 -33.058 -71.615
884 -33.058 -71.615
115 -33.0582 -71.6149
574 -33.058 -71.615
176 -33.0579 -71.615
572 -33.0578 -71.6149
835 -33.0579 -71.6149
625 -33.0579 -71.6149
488 -33.0588 -71.6148
250 -33.0588 -71.6148
185 -33.0588 -71.6148
636 -33.0586 -71.6149
75 -33.0584 -71.6148
111 -33.0584 -71.6148
38 -33.0585 -71.6148
678 -33.0587 -71.6148
632 -33.0589 -71.6147
385 -33.059 -71.6146
783 -33.059 -71.6145
163 -33.0587 -71.6147
500 -33.0586 -71.6147
852 -33.0586 -71.6147
797 -33.0586 -71.6146
315 -33.0584 -71.6148
890 -33.0582 -71.6149
226 -33.0583 -71.6149
497 -33.0583 -71.6149
24 -33.0582 -71.6149
361 -33.0578 -71.6149
859 -33.0577 -71.6149
13 -33.0577 -71.6149
496 -33.0583 -71.6149
195 -33.0584 -71.6148
144 -33.0584 -71.6148
721 -33.0583 -71.6148
304 -33.0583 -71.6149
323 -33.0582 -71.6148
105 -33.0583 -71.6148
313 -33.0576 -71.6149
511 -33.0572 -71.6184
409 -33.0572 -71.6183
708 -33.0574 -71.6182
353 -33.057 -71.6172
427 -33.0564 -71.6181
509 -33.0561 -71.6181
610 -33.0561 -71.616
635 -33.0562 -71.6159
155 -33.0562 -71.6151
605 -33.0562 -71.6151
598 -33.0563 -71.6151
639 -33.0562 -71.6151
710 -33.056 -71.6154
157 -33.056 -71.6154
25 -33.0561 -71.6152
92 -33.0559 -71.6154
849 -33.0557 -71.6166
629 -33.0558 -71.6164
644 -33.0555 -71.6159
516 -33.0554 -71.6179
911 -33.0554 -71.6158
764 -33.0552 -71.6158
988 -33.0543 -71.6157
205 -33.0542 -71.6157
794 -33.0559 -71.6154
763 -33.0559 -71.6153
987 -33.0559 -71.6153
277 -33.0542 -71.6156
820 -33.0541 -71.6156
938 -33.0541 -71.6156
113 -33.0563 -71.6151
191 -33.0576 -71.6149
273 -33.0576 -71.6149
812 -33.0576 -71.6149
181 -33.0576 -71.6149
536 -33.0574 -71.6149
174 -33.0575 -71.6149
652 -33.0575 -71.6149
850 -33.0575 -71.6149
692 -33.0573 -71.6149
53 -33.0574 -71.6146
999 -33.0574 -71.6145
161 -33.0573 -71.6148
697 -33.0573 -71.6149
900 -33.0572 -71.6148
479 -33.0573 -71.6148
217 -33.0572 -71.6148
573 -33.0565 -71.6149
829 -33.0566 -71.6149
712 -33.0572 -71.6148
889 -33.0565 -71.6149
333 -33.0563 -71.615
54 -33.0564 -71.615
170 -33.0564 -71.615
529 -33.0571 -71.6148
883 -33.0569 -71.6147
263 -33.0569 -71.6147
453 -33.0569 -71.6147
239 -33.0568 -71.6147
416 -33.0567 -71.6148
589 -33.0557 -71.6147
450 -33.0591 -71.6145
756 -33.0591 -71.6145
430 -33.0591 -71.6144
464 -33.0591 -71.6136
399 -33.059 -71.6137
512 -33.0586 -71.6144
545 -33.0589 -71.6139
211 -33.0585 -71.6137
402 -33.0591 -71.6136
950 -33.0591 -71.6134
687 -33.059 -71.6134
822 -33.0589 -71.6133
831 -33.0589 -71.6131
891 -33.0588 -71.6135
266 -33.0586 -71.6135
668 -33.0586 -71.6133
571 -33.0584 -71.6138
175 -33.0584 -71.6139
521 -33.0583 -71.6134
881 -33.0583 -71.6134
551 -33.0582 -71.6142
68 -33.0581 -71.6144
713 -33.0581 -71.6144
948 -33.0582 -71.6142
848 -33.0581 -71.6133
253 -33.0582 -71.613
18 -33.0584 -71.613
914 -33.0584 -71.613
227 -33.0582 -71.6131
963 -33.0582 -71.6131
508 -33.0581 -71.613
683 -33.0581 -71.613
42 -33.0585 -71.613
666 -33.059 -71.6129
791 -33.0591 -71.6129
742 -33.0589 -71.6128
124 -33.0588 -71.6129
33 -33.0586 -71.613
270 -33.0587 -71.613
566 -33.0588 -71.6129
386 -33.0589 -71.6127
20 -33.0589 -71.6127
259 -33.0589 -71.6112
748 -33.0589 -71.6112
29 -33.0588 -71.6126
197 -33.0585 -71.6124
905 -33.0588 -71.6121
560 -33.0588 -71.6117
906 -33.0585 -71.613
617 -33.0585 -71.613
842 -33.0583 -71.6126
588 -33.0583 -71.6124
214 -33.0583 -71.6127
872 -33.0583 -71.6127
645 -33.0583 -71.6127
108 -33.0582 -71.6123
151 -33.0584 -71.6117
606 -33.0583 -71.6113
372 -33.0583 -71.6113
558 -33.0584 -71.6106
388 -33.0582 -71.6106
821 -33.0581 -71.6108
621 -33.0581 -71.6107
358 -33.0581 -71.611
476 -33.0581 -71.6144
429 -33.0578 -71.6139
389 -33.0579 -71.6139
17 -33.0578 -71.6139
377 -33.0577 -71.6145
885 -33.0577 -71.6144
5 -33.0577 -71.6139
212 -33.0581 -71.6136
260 -33.0581 -71.6136
717 -33.0581 -71.613
725 -33.058 -71.613
186 -33.0578 -71.6129
35 -33.0577 -71.6131
649 -33.0578 -71.6129
188 -33.0577 -71.6129
520 -33.0577 -71.6131
85 -33.0575 -71.6139
796 -33.0576 -71.6139
647 -33.0576 -71.6139
412 -33.0575 -71.614
940 -33.0574 -71.6143
688 -33.0575 -71.6141
550 -33.0575 -71.614
59 -33.0574 -71.6137
591 -33.0576 -71.6134
568 -33.0576 -71.6129
173 -33.0576 -71.6129
40 -33.0574 -71.6135
380 -33.0573 -71.6137
618 -33.0572 -71.6136
758 -33.0575 -71.6128
638 -33.0581 -71.6121
442 -33.058 -71.6119
805 -33.0581 -71.6117
861 -33.0575 -71.6119
44 -33.0574 -71.6128
346 -33.0572 -71.6127
681 -33.0575 -71.6116
547 -33.058 -71.6115
210 -33.058 -71.6114
775 -33.0581 -71.6111
915 -33.0581 -71.611
15 -33.058 -71.6113
569 -33.0579 -71.6113
510 -33.0577 -71.6107
673 -33.0574 -71.6106
559 -33.0569 -71.6126
851 -33.0566 -71.6125
553 -33.0546 -71.6124
862 -33.0556 -71.6123
972 -33.0541 -71.6123
793 -33.0541 -71.6123
447 -33.0523 -71.6117
9 -33.0532 -71.6115
827 -33.0532 -71.6115
81 -33.0537 -71.6105
604 -33.0538 -71.6105
855 -33.0548 -71.6104
348 -33.0536 -71.6105
101 -33.0501 -71.6109
901 -33.0536 -71.6105
394 -33.0548 -71.6104
470 -33.0634 -71.6101
63 -33.0632 -71.61
326 -33.0645 -71.6099
282 -33.0632 -71.61
774 -33.0631 -71.61
715 -33.0631 -71.6099
858 -33.063 -71.6099
469 -33.0648 -71.6098
473 -33.0644 -71.6097
677 -33.0644 -71.6095
723 -33.0635 -71.6092
664 -33.0631 -71.6093
757 -33.0621 -71.6095
422 -33.062 -71.6095
471 -33.062 -71.6095
741 -33.0618 -71.6094
581 -33.0617 -71.6103
576 -33.0617 -71.6103
752 -33.0614 -71.6102
94 -33.0612 -71.6098
415 -33.061 -71.6103
26 -33.061 -71.6103
970 -33.0608 -71.6096
646 -33.0616 -71.6095
879 -33.0617 -71.6094
60 -33.0617 -71.6094
608 -33.0617 -71.6092
624 -33.0614 -71.6094
882 -33.0614 -71.6094
294 -33.0612 -71.6093
788 -33.0612 -71.6093
420 -33.0641 -71.6092
438 -33.064 -71.6091
79 -33.0646 -71.609
335 -33.0643 -71.6089
532 -33.0626 -71.6092
690 -33.0621 -71.6091
952 -33.0622 -71.6091
183 -33.0621 -71.6091
944 -33.0636 -71.6089
219 -33.0634 -71.6088
350 -33.0625 -71.6082
225 -33.0632 -71.6077
463 -33.0625 -71.608
369 -33.0621 -71.6085
72 -33.0622 -71.6085
156 -33.0623 -71.6083
328 -33.062 -71.609
653 -33.0617 -71.609
736 -33.0617 -71.6089
199 -33.0615 -71.6089
71 -33.0614 -71.6089
375 -33.0613 -71.6089
103 -33.0611 -71.6089
232 -33.0607 -71.6087
192 -33.061 -71.6086
832 -33.0619 -71.6086
714 -33.0619 -71.6084
981 -33.0618 -71.6081
419 -33.0617 -71.608
461 -33.061 -71.6086
398 -33.0613 -71.6077
339 -33.0607 -71.6087
138 -33.0605 -71.6096
215 -33.0607 -71.6087
813 -33.0607 -71.6087
73 -33.0605 -71.6093
190 -33.0602 -71.6104
886 -33.0602 -71.6103
97 -33.0603 -71.6101
839 -33.0607 -71.6086
746 -33.0606 -71.6085
731 -33.0604 -71.6084
245 -33.0604 -71.6083
806 -33.0603 -71.6083
332 -33.0602 -71.6083
691 -33.0603 -71.6083
21 -33.0602 -71.6083
305 -33.0601 -71.6101
602 -33.0598 -71.61
376 -33.0598 -71.61
141 -33.0595 -71.6098
143 -33.0595 -71.6098
765 -33.0592 -71.6104
517 -33.0589 -71.6102
391 -33.0595 -71.6098
866 -33.0596 -71.6098
626 -33.06 -71.6088
132 -33.06 -71.6088
242 -33.0601 -71.6083
308 -33.0593 -71.6083
362 -33.0589 -71.6095
2 -33.0592 -71.6088
810 -33.0598 -71.6082
194 -33.0602 -71.6082
410 -33.06 -71.6081
682 -33.06 -71.6081
871 -33.06 -71.6081
913 -33.06 -71.6081
921 -33.0599 -71.608
667 -33.0599 -71.608
753 -33.0607 -71.6079
720 -33.0605 -71.6077
989 -33.0606 -71.6077
122 -33.0606 -71.6077
264 -33.0602 -71.6077
468 -33.0601 -71.6079
888 -33.0601 -71.6078
359 -33.06 -71.6077
229 -33.0599 -71.6078
167 -33.0598 -71.6082
289 -33.0598 -71.608
846 -33.059 -71.6079
528 -33.059 -71.6079
114 -33.0588 -71.6078
584 -33.0588 -71.6078
929 -33.0589 -71.6078
616 -33.0596 -71.6078
959 -33.0596 -71.6078
896 -33.0595 -71.6077
39 -33.059 -71.6077
570 -33.059 -71.6077
45 -33.059 -71.6077
630 -33.059 -71.6077
594 -33.0591 -71.6077
296 -33.0643 -71.6071
331 -33.0642 -71.6068
922 -33.064 -71.6065
441 -33.0634 -71.6065
400 -33.0631 -71.6075
672 -33.0625 -71.6068
147 -33.0633 -71.6065
769 -33.0636 -71.6064
291 -33.0637 -71.6064
825 -33.0634 -71.6064
843 -33.0633 -71.6063
620 -33.0633 -71.6063
169 -33.0632 -71.6063
622 -33.0632 -71.6063
592 -33.0623 -71.6062
966 -33.0622 -71.6063
478 -33.0622 -71.6074
833 -33.0619 -71.6069
662 -33.0619 -71.6068
977 -33.0617 -71.6073
737 -33.0613 -71.6075
997 -33.0616 -71.6071
287 -33.0613 -71.607
808 -33.0612 -71.6068
381 -33.0611 -71.6066
325 -33.0616 -71.6066
785 -33.0613 -71.6064
159 -33.0609 -71.6065
395 -33.0609 -71.6065
137 -33.0609 -71.6065
925 -33.0607 -71.6064
112 -33.0632 -71.6062
924 -33.064 -71.6061
870 -33.0648 -71.606
90 -33.0645 -71.6059
78 -33.0638 -71.6059
261 -33.0631 -71.6062
32 -33.0626 -71.6058
293 -33.0625 -71.6058
557 -33.0619 -71.6058
158 -33.0625 -71.6057
99 -33.0624 -71.6056
857 -33.0624 -71.6055
951 -33.0622 -71.6055
923 -33.0619 -71.6057
349 -33.0618 -71.6051
669 -33.0617 -71.6051
417 -33.0617 -71.6051
56 -33.0611 -71.6061
836 -33.061 -71.606
120 -33.0611 -71.6051
276 -33.061 -71.6051
491 -33.061 -71.6055
8 -33.0609 -71.6052
230 -33.061 -71.6051
284 -33.0616 -71.605
505 -33.0616 -71.605
845 -33.0616 -71.605
16 -33.0614 -71.6049
172 -33.0614 -71.6048
544 -33.0611 -71.605
30 -33.0607 -71.6046
502 -33.0607 -71.6074
556 -33.0607 -71.6075
912 -33.0602 -71.6072
365 -33.0607 -71.6071
46 -33.0601 -71.6072
965 -33.0596 -71.6076
490 -33.0593 -71.6076
609 -33.0594 -71.6076
281 -33.0602 -71.607
397 -33.0602 -71.6069
300 -33.0606 -71.6068
321 -33.0601 -71.6067
772 -33.0601 -71.6065
299 -33.0599 -71.6069
243 -33.0601 -71.6065
404 -33.0595 -71.6065
371 -33.0593 -71.6076
28 -33.0593 -71.6076
378 -33.0592 -71.6068
671 -33.0591 -71.6067
280 -33.0591 -71.6075
37 -33.0591 -71.6077
445 -33.0591 -71.6068
126 -33.0588 -71.6066
704 -33.0588 -71.6066
777 -33.0588 -71.6065
953 -33.0591 -71.6065
47 -33.0591 -71.6065
543 -33.0588 -71.6065
443 -33.0588 -71.6065
926 -33.0588 -71.6065
135 -33.0591 -71.6065
247 -33.0601 -71.6063
83 -33.0601 -71.6063
129 -33.0601 -71.6063
311 -33.06 -71.6062
567 -33.0598 -71.6063
6 -33.0598 -71.6063
184 -33.0598 -71.6063
411 -33.0599 -71.6062
578 -33.0604 -71.6057
910 -33.0607 -71.6055
826 -33.0606 -71.6046
267 -33.0604 -71.6057
67 -33.06 -71.6061
670 -33.0602 -71.6061
406 -33.0597 -71.6054
149 -33.0596 -71.6055
954 -33.0594 -71.6064
41 -33.0595 -71.6064
552 -33.0595 -71.6064
125 -33.0594 -71.6064
689 -33.0593 -71.6064
873 -33.0593 -71.6064
104 -33.0594 -71.6064
527 -33.0592 -71.6063
256 -33.0594 -71.6055
221 -33.0591 -71.6054
1 -33.0595 -71.6051
513 -33.0591 -71.6063
525 -33.059 -71.6063
628 -33.0588 -71.6062
236 -33.0588 -71.6088
336 -33.0587 -71.6104
587 -33.0586 -71.6103
657 -33.0586 -71.6101
895 -33.0584 -71.6104
384 -33.0577 -71.6102
975 -33.0584 -71.6101
920 -33.0576 -71.6101
745 -33.0582 -71.6101
65 -33.058 -71.6099
433 -33.0583 -71.6099
800 -33.0584 -71.6095
268 -33.058 -71.6099
180 -33.0579 -71.6099
995 -33.0579 -71.6098
744 -33.0578 -71.6096
540 -33.0575 -71.6103
27 -33.0571 -71.6099
345 -33.0568 -71.6099
278 -33.0571 -71.6099
337 -33.0562 -71.6102
314 -33.0549 -71.6104
660 -33.0549 -71.6104
834 -33.0549 -71.6104
31 -33.0553 -71.6096
894 -33.0575 -71.6096
74 -33.0566 -71.6096
133 -33.0564 -71.6096
162 -33.0563 -71.6095
401 -33.0563 -71.6095
77 -33.0554 -71.6095
780 -33.0555 -71.6094
856 -33.0587 -71.6093
699 -33.0584 -71.6089
931 -33.0587 -71.6089
257 -33.0583 -71.6087
684 -33.0583 -71.6088
875 -33.0583 -71.6092
454 -33.0582 -71.609
131 -33.0583 -71.6089
650 -33.0584 -71.6086
451 -33.0584 -71.6086
426 -33.0582 -71.6084
554 -33.0587 -71.6083
288 -33.0581 -71.6081
338 -33.0581 -71.6083
524 -33.058 -71.6083
974 -33.058 -71.6081
244 -33.058 -71.6083
811 -33.0579 -71.6083
4 -33.0578 -71.6082
817 -33.0578 -71.6082
874 -33.0576 -71.6088
535 -33.0575 -71.6088
462 -33.0549 -71.6083
648 -33.0551 -71.6082
750 -33.0577 -71.6081
439 -33.0576 -71.6081
526 -33.0576 -71.6081
893 -33.0575 -71.6081
317 -33.0575 -71.6081
538 -33.0551 -71.6081
465 -33.0574 -71.6081
374 -33.0549 -71.6083
484 -33.0518 -71.6093
643 -33.0519 -71.6092
732 -33.0519 -71.6092
583 -33.0517 -71.6094
88 -33.0516 -71.6095
935 -33.0516 -71.6095
493 -33.0517 -71.6095
939 -33.0519 -71.6091
724 -33.0521 -71.6086
318 -33.0536 -71.6085
140 -33.0536 -71.6085
152 -33.0521 -71.6086
755 -33.052 -71.6089
55 -33.0521 -71.6087
722 -33.0521 -71.6087
485 -33.0516 -71.6095
784 -33.0511 -71.61
735 -33.051 -71.61
220 -33.0511 -71.61
696 -33.051 -71.6101
139 -33.0509 -71.6102
322 -33.0509 -71.6102
802 -33.051 -71.6101
222 -33.0511 -71.61
360 -33.0514 -71.6097
34 -33.0515 -71.6096
80 -33.0516 -71.6095
718 -33.0513 -71.6098
633 -33.0511 -71.61
982 -33.0512 -71.6099
853 -33.0535 -71.6085
612 -33.0546 -71.6085
960 -33.0545 -71.6085
218 -33.0544 -71.6085
519 -33.0544 -71.6085
586 -33.0543 -71.6085
778 -33.0543 -71.6085
541 -33.0543 -71.6085
854 -33.0543 -71.6085
432 -33.0547 -71.6084
302 -33.0548 -71.6084
515 -33.0549 -71.6083
631 -33.0542 -71.6085
84 -33.0542 -71.6085
436 -33.0542 -71.6085
36 -33.0541 -71.6085
50 -33.054 -71.6085
868 -33.054 -71.6085
897 -33.0537 -71.6085
941 -33.0538 -71.6085
213 -33.0537 -71.6085
530 -33.0521 -71.6085
206 -33.0533 -71.6085
440 -33.0532 -71.6084
283 -33.053 -71.6083
933 -33.0529 -71.6083
48 -33.0529 -71.6083
694 -33.0526 -71.6082
383 -33.0526 -71.6082
968 -33.0522 -71.6082
716 -33.0525 -71.6082
932 -33.0574 -71.6081
824 -33.0585 -71.608
663 -33.0586 -71.6079
330 -33.0586 -71.6079
3 -33.0584 -71.608
675 -33.0584 -71.608
486 -33.0583 -71.608
814 -33.0583 -71.608
110 -33.0584 -71.6073
514 -33.0584 -71.6073
980 -33.0584 -71.6067
887 -33.0586 -71.6067
168 -33.0584 -71.6067
182 -33.0583 -71.6071
459 -33.0583 -71.6067
95 -33.0583 -71.6067
969 -33.0583 -71.6067
249 -33.0581 -71.6081
798 -33.0581 -71.6081
993 -33.0581 -71.6078
865 -33.0579 -71.6079
539 -33.0575 -71.6076
193 -33.0577 -71.6076
319 -33.0577 -71.6076
379 -33.0576 -71.6076
702 -33.058 -71.6067
841 -33.0582 -71.6067
246 -33.0582 -71.6067
898 -33.058 -71.6067
613 -33.0577 -71.6073
390 -33.0577 -71.6072
766 -33.0577 -71.6068
503 -33.0578 -71.6066
555 -33.0587 -71.6066
344 -33.0587 -71.6066
936 -33.0587 -71.6066
396 -33.0587 -71.6066
356 -33.0584 -71.6066
352 -33.0586 -71.6066
928 -33.0583 -71.6064
840 -33.0584 -71.6062
196 -33.0587 -71.6051
957 -33.0587 -71.6051
776 -33.0586 -71.6051
937 -33.0586 -71.6051
782 -33.0583 -71.6062
223 -33.0585 -71.6062
595 -33.0583 -71.6051
984 -33.0583 -71.6058
943 -33.058 -71.6062
492 -33.0582 -71.6062
136 -33.0582 -71.6059
990 -33.058 -71.6062
357 -33.0578 -71.6062
477 -33.058 -71.6059
316 -33.0577 -71.6058
460 -33.0578 -71.6058
564 -33.0583 -71.6057
768 -33.0576 -71.6049
781 -33.058 -71.6046
121 -33.0575 -71.6051
98 -33.0575 -71.6051
507 -33.0575 -71.6049
472 -33.0575 -71.6061
695 -33.0574 -71.6081
258 -33.0574 -71.6081
58 -33.0572 -71.608
985 -33.0572 -71.608
656 -33.0571 -71.608
719 -33.0569 -71.608
779 -33.0569 -71.608
96 -33.0568 -71.608
947 -33.0568 -71.608
709 -33.0564 -71.608
522 -33.0564 -71.608
548 -33.0564 -71.608
665 -33.0564 -71.608
444 -33.0563 -71.608
207 -33.0562 -71.608
76 -33.0562 -71.608
847 -33.0561 -71.6079
654 -33.0561 -71.6079
64 -33.056 -71.6079
680 -33.0554 -71.6079
637 -33.0553 -71.6081
0 -33.0553 -71.608
728 -33.0553 -71.608
153 -33.056 -71.6079
363 -33.056 -71.6079
240 -33.056 -71.6079
481 -33.0559 -71.6079
828 -33.0559 -71.6079
701 -33.0554 -71.6079
590 -33.0555 -71.6079
425 -33.0559 -71.6079
596 -33.0566 -71.6072
241 -33.0568 -71.6072
329 -33.0568 -71.6071
518 -33.0566 -71.6074
86 -33.0564 -71.6073
685 -33.0565 -71.6073
804 -33.0566 -71.6073
342 -33.0567 -71.607
164 -33.0574 -71.6069
533 -33.0572 -71.6047
729 -33.0571 -71.6047
428 -33.0571 -71.607
312 -33.0567 -71.607
651 -33.0571 -71.607
792 -33.0571 -71.6047
178 -33.0559 -71.6076
634 -33.0557 -71.6078
457 -33.0557 -71.6078
807 -33.0557 -71.6078
418 -33.0556 -71.6078
234 -33.0555 -71.6079
119 -33.0556 -71.6078
823 -33.0556 -71.6078
956 -33.0556 -71.6078
231 -33.0556 -71.6078
248 -33.0543 -71.6054
899 -33.0549 -71.6051
971 -33.0543 -71.6054
799 -33.0522 -71.6075
435 -33.053 -71.6065
