226 -33.0532 -71.6246
38 -33.0534 -71.6246
315 -33.0534 -71.6246
796 -33.0531 -71.6246
115 -33.0531 -71.6246
647 -33.0531 -71.6246
5 -33.0531 -71.6246
327 -33.0535 -71.6245
930 -33.0542 -71.6244
266 -33.0542 -71.6244
177 -33.0543 -71.6243
253 -33.0541 -71.6244
678 -33.0537 -71.6245
487 -33.054 -71.6242
260 -33.0538 -71.6241
497 -33.0531 -71.6246
85 -33.053 -71.6246
142 -33.053 -71.6246
66 -33.0529 -71.6246
550 -33.0529 -71.6246
598 -33.0516 -71.6252
786 -33.0518 -71.6251
829 -33.0518 -71.625
176 -33.0527 -71.6245
940 -33.0526 -71.6245
961 -33.0525 -71.6245
697 -33.0523 -71.6244
479 -33.0522 -71.6244
883 -33.052 -71.6245
217 -33.0522 -71.6244
109 -33.052 -71.6243
880 -33.0543 -71.624
377 -33.0545 -71.6227
210 -33.0544 -71.6227
179 -33.0539 -71.6225
500 -33.0535 -71.624
703 -33.0533 -71.6239
890 -33.0532 -71.6238
413 -33.0532 -71.6188
765 -33.053 -71.6187
189 -33.0529 -71.6187
668 -33.0535 -71.6187
57 -33.0535 -71.6186
963 -33.0528 -71.6187
367 -33.0528 -71.6187
582 -33.0527 -71.6187
978 -33.0526 -71.6187
313 -33.0526 -71.6236
53 -33.0525 -71.6236
713 -33.0522 -71.62
775 -33.0522 -71.62
973 -33.0521 -71.6198
547 -33.052 -71.6199
838 -33.0521 -71.6198
761 -33.052 -71.6198
341 -33.0519 -71.6197
407 -33.0525 -71.6186
537 -33.0523 -71.6186
408 -33.0521 -71.6185
355 -33.0518 -71.6195
456 -33.0518 -71.6194
919 -33.0517 -71.6194
216 -33.0515 -71.6191
987 -33.0512 -71.6251
979 -33.0515 -71.6243
589 -33.0512 -71.6243
92 -33.0512 -71.6251
101 -33.0511 -71.6251
409 -33.0507 -71.6251
25 -33.0509 -71.6243
710 -33.0506 -71.6243
732 -33.0512 -71.6231
116 -33.0514 -71.6206
399 -33.0514 -71.6206
493 -33.051 -71.6234
447 -33.0507 -71.6238
34 -33.0509 -71.6235
935 -33.051 -71.6234
440 -33.0506 -71.6213
633 -33.0506 -71.6239
694 -33.0504 -71.6219
799 -33.0505 -71.6217
716 -33.0504 -71.6221
849 -33.0498 -71.6252
629 -33.05 -71.6252
999 -33.0492 -71.6216
901 -33.0505 -71.6216
283 -33.0506 -71.6214
597 -33.0494 -71.6208
144 -33.0494 -71.6207
111 -33.0494 -71.6206
859 -33.0493 -71.6215
412 -33.0493 -71.621
852 -33.0494 -71.6205
163 -33.0493 -71.6205
587 -33.0514 -71.6191
373 -33.0513 -71.619
434 -33.05 -71.6188
432 -33.0497 -71.62
302 -33.0497 -71.62
77 -33.0496 -71.6199
637 -33.0495 -71.6196
844 -33.05 -71.6188
69 -33.0511 -71.6188
301 -33.0511 -71.6186
542 -33.051 -71.6186
42 -33.051 -71.6186
198 -33.0499 -71.6188
891 -33.0497 -71.6187
361 -33.051 -71.6186
262 -33.0495 -71.6196
632 -33.0495 -71.6201
340 -33.0495 -71.6195
831 -33.0494 -71.6194
448 -33.0494 -71.6194
17 -33.0494 -71.6202
250 -33.0494 -71.6202
687 -33.0494 -71.6194
680 -33.0494 -71.6192
234 -33.0494 -71.6192
956 -33.0494 -71.619
323 -33.0494 -71.619
425 -33.0494 -71.6185
166 -33.0494 -71.6189
401 -33.0494 -71.6187
370 -33.0521 -71.6185
774 -33.0544 -71.6184
560 -33.0545 -71.6184
475 -33.0543 -71.6169
869 -33.0538 -71.6184
646 -33.0535 -71.6185
608 -33.0528 -71.6159
950 -33.0529 -71.6159
640 -33.0529 -71.6158
118 -33.0545 -71.6157
872 -33.0544 -71.6157
945 -33.0544 -71.6157
976 -33.0544 -71.6157
464 -33.0529 -71.6158
482 -33.0543 -71.6157
991 -33.0543 -71.6157
20 -33.0528 -71.6159
255 -33.0519 -71.6185
549 -33.0518 -71.6184
376 -33.0515 -71.6184
881 -33.0515 -71.6184
816 -33.0514 -71.6184
134 -33.0513 -71.6184
698 -33.0505 -71.618
743 -33.0514 -71.6158
60 -33.0527 -71.6158
879 -33.0526 -71.6158
818 -33.0526 -71.6158
286 -33.0526 -71.6158
389 -33.0514 -71.6158
18 -33.0518 -71.6156
269 -33.0505 -71.6156
822 -33.0516 -71.6156
297 -33.0536 -71.6156
561 -33.0535 -71.6155
483 -33.0532 -71.6155
842 -33.0532 -71.6155
531 -33.0531 -71.6155
501 -33.053 -71.6154
124 -33.053 -71.6154
948 -33.0544 -71.6148
356 -33.052 -71.6147
994 -33.0535 -71.6142
686 -33.0523 -71.6134
127 -33.0519 -71.6132
931 -33.0519 -71.6148
792 -33.0519 -71.6134
299 -33.0519 -71.6134
943 -33.0518 -71.6148
450 -33.0515 -71.6156
476 -33.0511 -71.6156
251 -33.0511 -71.6156
726 -33.0508 -71.6155
955 -33.0508 -71.6155
279 -33.0507 -71.6155
123 -33.0507 -71.6155
602 -33.0506 -71.6155
936 -33.0518 -71.6148
268 -33.0516 -71.6139
578 -33.0517 -71.6131
507 -33.0516 -71.6131
107 -33.0505 -71.6155
693 -33.0505 -71.6155
520 -33.0505 -71.6155
760 -33.0503 -71.6183
754 -33.0505 -71.618
455 -33.0504 -71.6179
809 -33.0501 -71.6178
74 -33.0492 -71.6183
76 -33.0491 -71.6182
803 -33.0498 -71.6178
767 -33.0491 -71.6176
290 -33.0496 -71.616
488 -33.0497 -71.6159
819 -33.0497 -71.6159
730 -33.0492 -71.6165
246 -33.0491 -71.6162
841 -33.0491 -71.6161
95 -33.0492 -71.6158
524 -33.0491 -71.6165
804 -33.049 -71.618
86 -33.049 -71.618
466 -33.049 -71.6176
992 -33.0489 -71.6171
180 -33.0488 -71.6173
812 -33.0489 -71.6172
428 -33.0489 -71.6171
539 -33.0489 -71.617
750 -33.049 -71.6168
379 -33.049 -71.6168
546 -33.049 -71.6165
292 -33.0489 -71.6169
164 -33.0489 -71.617
254 -33.0489 -71.6169
442 -33.0503 -71.6158
146 -33.0503 -71.6158
580 -33.0503 -71.6158
271 -33.0502 -71.6158
150 -33.0499 -71.6157
641 -33.0498 -71.6157
433 -33.0494 -71.6144
6 -33.0495 -71.6143
184 -33.0495 -71.6141
554 -33.0496 -71.6137
887 -33.0496 -71.6136
415 -33.0497 -71.6132
682 -33.0495 -71.6139
871 -33.0495 -71.6141
921 -33.0495 -71.6141
141 -33.0495 -71.614
41 -33.0494 -71.6145
699 -33.0492 -71.6155
426 -33.0493 -71.6153
443 -33.0493 -71.6153
543 -33.0492 -71.6155
684 -33.0492 -71.6157
352 -33.0492 -71.6156
396 -33.0492 -71.6156
570 -33.0493 -71.6152
391 -33.0494 -71.6146
893 -33.0494 -71.6146
959 -33.0494 -71.6145
689 -33.0494 -71.6148
953 -33.0493 -71.6151
609 -33.0493 -71.6149
864 -33.0488 -71.6174
383 -33.0474 -71.6226
206 -33.0481 -71.6214
213 -33.0482 -71.621
605 -33.0474 -71.6223
889 -33.0473 -71.6219
692 -33.0473 -71.621
660 -33.0473 -71.621
631 -33.0474 -71.6209
586 -33.0474 -71.6206
191 -33.0474 -71.6206
612 -33.0475 -71.6203
572 -33.0474 -71.6203
854 -33.0474 -71.6208
834 -33.0474 -71.6207
13 -33.0474 -71.6203
868 -33.0473 -71.621
983 -33.0472 -71.6216
453 -33.0472 -71.6215
318 -33.0472 -71.6214
708 -33.047 -71.6228
530 -33.0467 -71.6229
152 -33.0467 -71.6229
511 -33.0469 -71.6228
263 -33.0472 -71.6213
900 -33.0473 -71.6211
36 -33.0473 -71.6211
394 -33.0473 -71.621
529 -33.0473 -71.6212
130 -33.0472 -71.6213
897 -33.0472 -71.6213
435 -33.0466 -71.6203
884 -33.0476 -71.6203
688 -33.0476 -71.6201
106 -33.0476 -71.6201
462 -33.0476 -71.6201
574 -33.0476 -71.6201
273 -33.0473 -71.6202
174 -33.0473 -71.6202
850 -33.0476 -71.6202
374 -33.0479 -71.62
504 -33.0479 -71.6195
830 -33.0479 -71.6195
337 -33.048 -71.6194
496 -33.0479 -71.6195
780 -33.0477 -71.6198
195 -33.0478 -71.6197
0 -33.0479 -71.6196
904 -33.0472 -71.6202
712 -33.0468 -71.6201
314 -33.0467 -71.62
855 -33.0467 -71.62
84 -33.0467 -71.62
239 -33.0466 -71.6202
50 -33.0466 -71.6202
165 -33.0467 -71.6201
778 -33.0467 -71.6199
519 -33.0468 -71.6197
218 -33.0468 -71.6196
364 -33.047 -71.6195
960 -33.0468 -71.6195
436 -33.0467 -71.6198
541 -33.0468 -71.6198
862 -33.0466 -71.6203
139 -33.0459 -71.6243
820 -33.0459 -71.6243
764 -33.0459 -71.6232
205 -33.0459 -71.6243
938 -33.0459 -71.6243
80 -33.0458 -71.6235
485 -33.0459 -71.6234
509 -33.046 -71.6232
9 -33.0462 -71.623
55 -33.0464 -71.6229
755 -33.0464 -71.6229
939 -33.0461 -71.623
583 -33.046 -71.6232
911 -33.046 -71.6231
484 -33.0461 -71.623
802 -33.0458 -71.6242
277 -33.0458 -71.6242
322 -33.0458 -71.6242
735 -33.0458 -71.6241
696 -33.0457 -71.6241
516 -33.0457 -71.624
222 -33.0456 -71.624
784 -33.0445 -71.6239
220 -33.0445 -71.6239
360 -33.0457 -71.6238
718 -33.0457 -71.6238
643 -33.0452 -71.623
88 -33.045 -71.6234
988 -33.0447 -71.6238
982 -33.0448 -71.6237
722 -33.0466 -71.6229
81 -33.0463 -71.6212
639 -33.0464 -71.621
113 -33.0464 -71.6209
348 -33.0463 -71.6212
794 -33.0462 -71.6214
48 -33.0462 -71.6214
933 -33.0463 -71.6213
170 -33.0465 -71.6208
573 -33.0465 -71.6205
10 -33.0466 -71.6204
941 -33.0466 -71.6204
949 -33.0465 -71.6204
853 -33.0465 -71.6203
416 -33.0465 -71.6203
140 -33.0464 -71.6203
333 -33.0462 -71.6203
968 -33.0457 -71.6222
610 -33.0457 -71.6222
793 -33.0459 -71.622
724 -33.0456 -71.6224
827 -33.0453 -71.6227
427 -33.0454 -71.6227
644 -33.0455 -71.6226
972 -33.0459 -71.6219
553 -33.0462 -71.6215
157 -33.0462 -71.6215
155 -33.046 -71.6202
635 -33.046 -71.6219
604 -33.0459 -71.6202
763 -33.0458 -71.6201
652 -33.0469 -71.6194
207 -33.0485 -71.6183
665 -33.0485 -71.6183
431 -33.0485 -71.6183
522 -33.0485 -71.6184
278 -33.0484 -71.6184
548 -33.0485 -71.6184
709 -33.0485 -71.6184
518 -33.0485 -71.6181
787 -33.0488 -71.6175
721 -33.0488 -71.6174
258 -33.0488 -71.6174
656 -33.0487 -71.6175
565 -33.0486 -71.6181
329 -33.0487 -71.6177
495 -33.0487 -71.6177
27 -33.0484 -71.6185
481 -33.0482 -71.619
828 -33.0482 -71.619
783 -33.0482 -71.6189
727 -33.0482 -71.619
701 -33.048 -71.6193
457 -33.0482 -71.6191
614 -33.0482 -71.619
430 -33.0483 -71.6188
64 -33.0484 -71.6186
93 -33.0484 -71.6186
654 -33.0484 -71.6185
240 -33.0484 -71.6187
363 -33.0483 -71.6188
860 -33.0482 -71.6174
320 -33.0481 -71.6174
795 -33.0479 -71.6174
117 -33.0487 -71.6164
892 -33.0484 -71.6164
908 -33.0483 -71.6163
545 -33.0482 -71.6163
946 -33.0481 -71.6163
805 -33.0479 -71.6161
465 -33.0479 -71.616
932 -33.048 -71.616
777 -33.0484 -71.6143
801 -33.0484 -71.6143
445 -33.0485 -71.6136
974 -33.0481 -71.6153
439 -33.048 -71.6159
817 -33.048 -71.6157
336 -33.0481 -71.6153
58 -33.0479 -71.6164
719 -33.0478 -71.6167
779 -33.0478 -71.6167
342 -33.0478 -71.6166
920 -33.0477 -71.6167
685 -33.0477 -71.617
596 -33.0477 -71.6168
947 -33.0477 -71.6168
894 -33.0478 -71.6165
638 -33.0478 -71.6165
651 -33.0478 -71.6164
666 -33.0476 -71.6162
725 -33.0476 -71.6132
372 -33.0476 -71.6132
114 -33.0476 -71.6132
584 -33.0476 -71.6132
231 -33.0473 -71.6182
807 -33.0473 -71.6181
178 -33.0474 -71.6178
971 -33.0473 -71.6182
304 -33.0472 -71.6185
44 -33.0472 -71.6184
418 -33.0473 -71.6182
153 -33.0475 -71.6177
345 -33.0475 -71.6176
847 -33.0475 -71.6175
444 -33.0476 -71.6173
683 -33.0475 -71.6176
756 -33.0474 -71.6172
899 -33.0474 -71.6172
393 -33.0473 -71.6172
728 -33.0472 -71.6185
648 -33.0471 -71.6188
538 -33.0471 -71.6187
128 -33.0471 -71.6171
31 -33.047 -71.619
851 -33.0469 -71.6192
515 -33.047 -71.6192
119 -33.0467 -71.6171
823 -33.0467 -71.6171
148 -33.047 -71.6161
385 -33.0469 -71.6161
133 -33.0467 -71.6161
758 -33.0466 -71.6171
590 -33.0466 -71.617
248 -33.0466 -71.617
75 -33.0462 -71.616
835 -33.0474 -71.6138
655 -33.0475 -71.6136
729 -33.0475 -71.6135
942 -33.0473 -71.6139
338 -33.0473 -71.6141
392 -33.0473 -71.6141
201 -33.0473 -71.614
451 -33.0475 -71.6135
131 -33.0475 -71.6134
926 -33.0476 -71.6133
877 -33.0476 -71.6133
599 -33.0475 -71.6135
330 -33.0474 -71.6134
517 -33.0473 -71.6134
744 -33.0472 -71.6134
969 -33.0472 -71.6134
96 -33.047 -71.6156
317 -33.0471 -71.6148
526 -33.0471 -71.6147
588 -33.0468 -71.6147
634 -33.0462 -71.616
312 -33.0465 -71.6147
241 -33.0465 -71.6147
766 -33.0471 -71.6145
898 -33.047 -71.6133
739 -33.0469 -71.6133
902 -33.0469 -71.6133
915 -33.0468 -71.6133
996 -33.0464 -71.6132
749 -33.0464 -71.6132
910 -33.0514 -71.6131
772 -33.0535 -71.6114
810 -33.0536 -71.6114
132 -33.0537 -71.6113
19 -33.0534 -71.6122
790 -33.0532 -71.6121
326 -33.0531 -71.6121
420 -33.0529 -71.6121
592 -33.0537 -71.6113
354 -33.0539 -71.6112
922 -33.0539 -71.6112
83 -33.0538 -71.611
873 -33.0537 -71.6109
579 -33.0535 -71.611
368 -33.0533 -71.611
467 -33.053 -71.6108
414 -33.0529 -71.6121
576 -33.0527 -71.6121
521 -33.0527 -71.6121
43 -33.0527 -71.6121
747 -33.0527 -71.6121
917 -33.0523 -71.612
523 -33.0518 -71.612
298 -33.0516 -71.612
238 -33.0513 -71.6119
866 -33.0516 -71.6118
463 -33.0525 -71.6117
72 -33.0526 -71.6117
874 -33.0516 -71.6118
305 -33.0512 -71.6119
569 -33.0514 -71.6119
962 -33.0514 -71.6117
970 -33.0536 -71.6106
619 -33.0528 -71.6106
98 -33.0535 -71.6105
259 -33.0528 -71.6105
237 -33.0527 -71.6103
967 -33.0526 -71.6103
154 -33.0526 -71.6103
384 -33.0524 -71.61
591 -33.0524 -71.6099
563 -33.0523 -71.6098
209 -33.0523 -71.6097
636 -33.0523 -71.6097
307 -33.0522 -71.6097
366 -33.0522 -71.6097
751 -33.0522 -71.6096
627 -33.0522 -71.6096
52 -33.0521 -71.6095
944 -33.0515 -71.6096
555 -33.0515 -71.6096
472 -33.0516 -71.6095
219 -33.0514 -71.6097
954 -33.0512 -71.6099
769 -33.0513 -71.6098
662 -33.0513 -71.6098
422 -33.0516 -71.6095
402 -33.0521 -71.6095
46 -33.0517 -71.6094
452 -33.0521 -71.6094
857 -33.0517 -71.6094
773 -33.0516 -71.6095
35 -33.0516 -71.6095
378 -33.0512 -71.6099
242 -33.0512 -71.6131
675 -33.0511 -71.6126
811 -33.0511 -71.6126
120 -33.0511 -71.6127
276 -33.0511 -71.6128
958 -33.0511 -71.6127
390 -33.0511 -71.6127
642 -33.0511 -71.6126
505 -33.0512 -71.6121
26 -33.0512 -71.612
192 -33.0512 -71.612
733 -33.0511 -71.6114
556 -33.0511 -71.6126
51 -33.0511 -71.6125
782 -33.0511 -71.6125
187 -33.0511 -71.6129
737 -33.0511 -71.6131
480 -33.0507 -71.6131
2 -33.0511 -71.613
762 -33.0507 -71.6131
14 -33.0505 -71.613
351 -33.0505 -71.613
97 -33.0503 -71.613
295 -33.0502 -71.613
405 -33.05 -71.613
173 -33.051 -71.6114
571 -33.0507 -71.6113
197 -33.05 -71.613
907 -33.05 -71.613
105 -33.05 -71.613
214 -33.0507 -71.6113
622 -33.0508 -71.6102
94 -33.0507 -71.6102
110 -33.0507 -71.6102
746 -33.0506 -71.6102
29 -33.0505 -71.6113
15 -33.0504 -71.6113
137 -33.0502 -71.6103
32 -33.0504 -71.6102
470 -33.051 -71.6101
674 -33.0511 -71.61
825 -33.0511 -71.61
923 -33.0503 -71.6101
840 -33.0502 -71.6102
626 -33.0503 -71.6101
603 -33.0502 -71.6101
316 -33.0502 -71.6103
909 -33.0501 -71.6113
236 -33.05 -71.6111
741 -33.05 -71.6111
832 -33.05 -71.6112
182 -33.05 -71.6112
404 -33.05 -71.6112
856 -33.05 -71.6112
704 -33.05 -71.611
167 -33.0501 -71.6106
846 -33.0502 -71.6103
158 -33.0502 -71.6103
981 -33.0501 -71.6107
671 -33.0501 -71.6109
398 -33.0501 -71.6108
175 -33.052 -71.6093
528 -33.0542 -71.6085
300 -33.0539 -71.6085
748 -33.0538 -71.6085
474 -33.0537 -71.6085
677 -33.0536 -71.6085
808 -33.0536 -71.6085
291 -33.0537 -71.6085
281 -33.0534 -71.6085
331 -33.0532 -71.6084
491 -33.0531 -71.6084
419 -33.053 -71.6084
63 -33.053 -71.6083
280 -33.053 -71.6083
925 -33.053 -71.6083
886 -33.053 -71.6083
159 -33.0529 -71.6083
303 -33.0522 -71.6083
112 -33.0529 -71.6083
606 -33.0528 -71.6083
469 -33.0522 -71.6084
400 -33.0521 -71.6087
679 -33.0521 -71.6087
513 -33.0521 -71.6086
876 -33.0527 -71.6082
525 -33.0527 -71.6082
903 -33.0526 -71.6082
581 -33.0524 -71.6081
672 -33.0524 -71.6081
311 -33.0524 -71.6081
454 -33.0522 -71.6081
977 -33.0523 -71.6081
362 -33.0522 -71.6081
332 -33.0522 -71.608
934 -33.0522 -71.6079
558 -33.0522 -71.6079
499 -33.0522 -71.6078
79 -33.0522 -71.6078
40 -33.0522 -71.6077
506 -33.0522 -71.6077
129 -33.0522 -71.6077
768 -33.0533 -71.6065
147 -33.053 -71.6047
441 -33.0541 -71.6047
870 -33.0529 -71.6047
11 -33.0522 -71.6077
510 -33.0522 -71.6077
461 -33.0522 -71.6075
527 -33.0522 -71.6075
196 -33.0522 -71.6075
335 -33.0522 -71.6074
929 -33.0522 -71.6074
657 -33.0522 -71.6073
296 -33.0521 -71.6076
411 -33.0522 -71.6073
223 -33.0521 -71.6072
700 -33.0521 -71.6072
285 -33.0521 -71.6072
473 -33.0521 -71.6071
90 -33.0522 -71.6048
212 -33.0521 -71.607
705 -33.052 -71.607
477 -33.052 -71.6069
858 -33.052 -71.6068
225 -33.0519 -71.6092
61 -33.0518 -71.6091
12 -33.0518 -71.6091
927 -33.0517 -71.609
274 -33.0516 -71.6089
190 -33.0514 -71.6087
676 -33.0513 -71.6087
424 -33.0513 -71.6087
848 -33.0513 -71.6083
535 -33.0516 -71.6082
912 -33.0516 -71.6082
888 -33.0512 -71.6084
512 -33.0512 -71.6086
740 -33.0511 -71.6085
797 -33.0512 -71.6084
7 -33.051 -71.6086
833 -33.0509 -71.6085
478 -33.0509 -71.6085
937 -33.0507 -71.6085
984 -33.0505 -71.6087
261 -33.0504 -71.609
503 -33.0504 -71.6089
843 -33.0504 -71.6089
723 -33.0507 -71.6085
282 -33.051 -71.6085
49 -33.0505 -71.6085
715 -33.0504 -71.6085
256 -33.0501 -71.6084
601 -33.0501 -71.6084
224 -33.05 -71.6084
613 -33.0516 -71.6082
168 -33.052 -71.6067
645 -33.0519 -71.6067
551 -33.0519 -71.6066
918 -33.0517 -71.6062
438 -33.0515 -71.6075
980 -33.0517 -71.6062
878 -33.0517 -71.6061
489 -33.0517 -71.6061
458 -33.0516 -71.606
221 -33.0517 -71.6049
924 -33.0518 -71.6047
540 -33.0515 -71.6058
664 -33.0515 -71.6059
156 -33.0515 -71.6058
73 -33.0514 -71.6056
557 -33.0514 -71.6055
138 -33.0511 -71.6074
593 -33.0513 -71.6059
421 -33.0512 -71.6059
228 -33.0506 -71.6073
753 -33.0506 -71.6073
62 -33.0504 -71.6073
350 -33.0504 -71.6073
227 -33.0511 -71.6058
532 -33.0511 -71.6058
381 -33.0511 -71.6058
78 -33.0511 -71.6055
706 -33.051 -71.6051
502 -33.0501 -71.6055
169 -33.0501 -71.6047
620 -33.05 -71.6046
916 -33.0498 -71.6129
577 -33.0496 -71.6129
387 -33.0496 -71.6129
252 -33.0496 -71.6129
745 -33.0496 -71.6129
23 -33.0496 -71.6129
446 -33.0495 -71.6129
272 -33.0494 -71.6129
257 -33.0497 -71.6127
375 -33.0499 -71.6121
145 -33.0499 -71.6119
423 -33.0492 -71.6129
403 -33.0492 -71.6129
310 -33.0492 -71.6129
160 -33.0491 -71.6129
998 -33.0491 -71.6129
649 -33.049 -71.6129
143 -33.049 -71.6129
386 -33.0489 -71.6129
986 -33.0487 -71.6129
309 -33.0485 -71.6129
171 -33.0484 -71.6129
759 -33.0484 -71.6129
151 -33.0484 -71.6129
67 -33.0488 -71.6128
267 -33.0489 -71.6124
731 -33.0489 -71.6122
102 -33.0483 -71.6129
108 -33.0482 -71.6128
711 -33.0482 -71.6128
611 -33.0482 -71.6128
229 -33.0499 -71.6119
882 -33.05 -71.6115
349 -33.05 -71.6115
669 -33.05 -71.6114
284 -33.0499 -71.6116
319 -33.0499 -71.6119
199 -33.0499 -71.6119
321 -33.0499 -71.6118
789 -33.0497 -71.6112
22 -33.05 -71.6101
681 -33.0499 -71.6101
575 -33.0499 -71.61
294 -33.0496 -71.6112
736 -33.0496 -71.6112
357 -33.0494 -71.6112
885 -33.0495 -71.6099
997 -33.0493 -71.6112
230 -33.0491 -71.6112
347 -33.049 -71.6112
670 -33.0489 -71.6112
742 -33.0488 -71.6112
776 -33.0482 -71.6112
371 -33.0488 -71.6112
813 -33.0486 -71.6112
905 -33.0485 -71.6111
861 -33.0492 -71.6099
845 -33.0491 -71.6099
243 -33.0491 -71.6099
16 -33.049 -71.6099
172 -33.049 -71.6099
395 -33.0486 -71.6098
245 -33.0482 -71.6114
208 -33.0481 -71.6128
200 -33.0481 -71.6128
202 -33.048 -71.6128
615 -33.048 -71.6128
594 -33.0477 -71.613
837 -33.0477 -71.6129
334 -33.0479 -71.6128
70 -33.0478 -71.6128
781 -33.0479 -71.6123
616 -33.0479 -71.6122
567 -33.048 -71.612
552 -33.0479 -71.6123
490 -33.0478 -71.6127
104 -33.0478 -71.6127
965 -33.0479 -71.6124
661 -33.0476 -71.6131
630 -33.0476 -71.6131
37 -33.0476 -71.6127
135 -33.0476 -71.6127
87 -33.0475 -71.6127
45 -33.0474 -71.6127
265 -33.0474 -71.6127
585 -33.0471 -71.6127
100 -33.0466 -71.6125
621 -33.0462 -71.6124
659 -33.0459 -71.6123
186 -33.0459 -71.6123
964 -33.0455 -71.6122
24 -33.0454 -71.6122
494 -33.0451 -71.6121
359 -33.0481 -71.6118
806 -33.0482 -71.6114
691 -33.0482 -71.6114
397 -33.0482 -71.6111
247 -33.0482 -71.6114
410 -33.0481 -71.6117
720 -33.048 -71.6111
875 -33.0478 -71.6111
264 -33.0477 -71.6111
667 -33.0476 -71.611
289 -33.0475 -71.611
275 -33.0464 -71.6109
449 -33.0463 -71.6109
995 -33.046 -71.6098
47 -33.0462 -71.6098
28 -33.0462 -71.6098
39 -33.046 -71.6098
33 -33.0453 -71.6107
344 -33.0457 -71.6098
663 -33.0456 -71.6098
695 -33.0447 -71.6104
353 -33.0447 -71.6109
54 -33.0447 -71.6106
985 -33.0447 -71.6106
928 -33.0455 -71.6098
824 -33.0454 -71.6098
459 -33.0454 -71.6098
3 -33.0453 -71.6098
702 -33.0452 -71.6098
814 -33.0452 -71.6098
4 -33.0448 -71.6098
486 -33.0451 -71.6098
126 -33.0496 -71.6092
183 -33.0499 -71.6091
952 -33.0497 -71.6091
468 -33.0496 -71.6092
990 -33.0495 -71.6098
653 -33.0495 -71.6097
757 -33.0495 -71.6096
211 -33.0496 -71.6091
324 -33.0494 -71.6091
595 -33.05 -71.6084
89 -33.0498 -71.6084
600 -33.0494 -71.6083
785 -33.0493 -71.6091
204 -33.0492 -71.6083
343 -33.0492 -71.6083
328 -33.0492 -71.6083
821 -33.0492 -71.6091
863 -33.0491 -71.6083
836 -33.0491 -71.6083
136 -33.049 -71.6083
8 -33.0483 -71.6098
406 -33.0486 -71.6091
707 -33.0482 -71.6091
714 -33.049 -71.6083
951 -33.049 -71.6083
734 -33.0489 -71.6083
771 -33.0486 -71.6082
607 -33.0486 -71.6082
235 -33.0484 -71.6082
68 -33.0484 -71.6082
417 -33.0483 -71.6082
498 -33.0484 -71.6082
690 -33.0495 -71.6071
752 -33.0499 -71.6055
181 -33.0499 -71.6055
471 -33.0491 -71.607
369 -33.049 -71.607
460 -33.0489 -71.6069
957 -33.049 -71.6065
966 -33.0499 -71.6054
815 -33.0496 -71.6054
673 -33.0494 -71.6053
293 -33.0495 -71.6041
99 -33.0494 -71.6039
770 -33.0494 -71.6053
382 -33.0494 -71.6053
788 -33.0492 -71.6052
56 -33.0489 -71.6069
233 -33.0482 -71.6081
624 -33.0488 -71.6067
365 -33.0488 -71.6067
125 -33.0482 -71.6082
437 -33.0482 -71.608
103 -33.0482 -71.6066
287 -33.0482 -71.6066
325 -33.0487 -71.6065
244 -33.0488 -71.6046
564 -33.0485 -71.6041
358 -33.0484 -71.6039
65 -33.0484 -71.6039
122 -33.0484 -71.6039
1 -33.0483 -71.6038
306 -33.0482 -71.6082
215 -33.048 -71.6098
82 -33.0482 -71.6082
738 -33.0482 -71.6082
623 -33.0476 -71.609
650 -33.0464 -71.6098
121 -33.0465 -71.6098
193 -33.0475 -71.6098
71 -33.0481 -71.6082
544 -33.0476 -71.6082
562 -33.0475 -71.6082
185 -33.0481 -71.6078
625 -33.0474 -71.6082
867 -33.0471 -71.6082
566 -33.0466 -71.6081
429 -33.0464 -71.6081
270 -33.0464 -71.6081
161 -33.0463 -71.6081
914 -33.0461 -71.6081
617 -33.046 -71.6081
249 -33.0451 -71.6098
865 -33.0449 -71.6098
798 -33.045 -71.6098
288 -33.045 -71.6098
717 -33.0458 -71.608
59 -33.0454 -71.608
188 -33.0456 -71.6077
568 -33.0456 -71.6076
380 -33.0453 -71.608
618 -33.0451 -71.608
162 -33.0444 -71.6077
91 -33.0477 -71.6075
658 -33.0477 -71.6075
975 -33.0478 -71.6067
993 -33.0481 -71.6066
232 -33.0477 -71.6067
534 -33.0477 -71.6075
839 -33.0475 -71.6068
339 -33.0476 -71.6067
896 -33.0474 -71.6041
913 -33.0479 -71.604
628 -33.048 -71.6039
388 -33.0481 -71.6039
30 -33.0479 -71.6036
826 -33.0476 -71.6041
800 -33.0474 -71.6038
492 -33.0477 -71.6037
203 -33.0474 -71.6074
791 -33.0474 -71.607
906 -33.047 -71.6069
989 -33.0471 -71.6068
508 -33.047 -71.6069
346 -33.0456 -71.6071
21 -33.0469 -71.6069
194 -33.047 -71.6069
308 -33.0471 -71.6068
895 -33.0471 -71.6068
149 -33.0472 -71.6068
536 -33.0473 -71.6067
514 -33.0471 -71.6039
559 -33.0456 -71.6066
533 -33.044 -71.6055
