907 -33.0622 -71.6158
838 -33.0622 -71.6158
290 -33.0621 -71.6158
466 -33.0617 -71.6158
166 -33.0613 -71.6159
179 -33.0613 -71.6159
403 -33.0614 -71.6159
619 -33.0628 -71.6157
271 -33.0628 -71.6157
754 -33.0631 -71.6155
455 -33.0629 -71.6152
978 -33.0627 -71.6151
760 -33.0621 -71.6152
301 -33.0626 -71.615
475 -33.0626 -71.615
495 -33.0612 -71.6159
908 -33.0605 -71.6163
171 -33.0608 -71.6161
448 -33.0609 -71.6161
930 -33.0604 -71.6163
727 -33.0601 -71.6164
487 -33.0602 -71.6164
946 -33.0603 -71.6163
145 -33.0611 -71.616
423 -33.061 -71.6154
456 -33.0609 -71.6154
803 -33.061 -71.6154
446 -33.0608 -71.6155
611 -33.0602 -71.6157
154 -33.0607 -71.6155
279 -33.0602 -71.6143
945 -33.0603 -71.6143
917 -33.0623 -71.6135
51 -33.0623 -71.6135
958 -33.0624 -71.6134
501 -33.0622 -71.6135
819 -33.061 -71.6134
994 -33.061 -71.6134
189 -33.061 -71.6134
274 -33.061 -71.6134
238 -33.0639 -71.6133
118 -33.0639 -71.6133
531 -33.0639 -71.6133
52 -33.0629 -71.6132
762 -33.061 -71.6134
286 -33.0623 -71.6133
579 -33.0621 -71.6131
127 -33.0608 -71.6136
123 -33.0606 -71.6141
686 -33.0607 -71.614
424 -33.0607 -71.6139
467 -33.0606 -71.6141
49 -33.0603 -71.6142
7 -33.0604 -71.6142
61 -33.0606 -71.6141
483 -33.0607 -71.6139
809 -33.0607 -71.6136
615 -33.0603 -71.6132
134 -33.0604 -71.613
341 -33.0602 -71.6132
580 -33.0601 -71.6134
751 -33.0601 -71.6134
434 -33.0601 -71.6133
393 -33.0599 -71.6165
506 -33.06 -71.6165
614 -33.06 -71.6162
327 -33.0598 -71.6166
128 -33.0597 -71.6166
773 -33.0596 -71.6148
228 -33.0596 -71.6147
698 -33.0597 -71.6147
711 -33.06 -71.6145
117 -33.06 -71.6144
367 -33.06 -71.6144
767 -33.06 -71.6145
549 -33.0597 -71.6146
726 -33.0597 -71.6145
89 -33.0598 -71.6145
962 -33.0596 -71.6148
585 -33.0595 -71.6167
597 -33.0595 -71.6167
600 -33.0593 -71.6149
204 -33.0593 -71.6149
100 -33.0589 -71.6168
431 -33.059 -71.6152
93 -33.0589 -71.6147
795 -33.0589 -71.6146
734 -33.0591 -71.6145
320 -33.0591 -71.6144
860 -33.0591 -71.6144
450 -33.0591 -71.6145
340 -33.059 -71.6146
116 -33.059 -71.6146
421 -33.059 -71.6145
546 -33.0601 -71.6144
198 -33.06 -71.6142
967 -33.0598 -71.6138
927 -33.0598 -71.6137
355 -33.0597 -71.6139
405 -33.0595 -71.614
787 -33.0595 -71.614
864 -33.0597 -71.6138
354 -33.0598 -71.6137
973 -33.06 -71.6134
254 -33.06 -71.6134
761 -33.0601 -71.6133
844 -33.06 -71.6134
892 -33.0597 -71.6137
992 -33.0598 -71.6136
292 -33.0599 -71.6134
107 -33.0594 -71.6142
565 -33.0592 -71.6143
880 -33.0592 -71.6143
916 -33.0591 -71.6135
102 -33.0591 -71.6135
545 -33.0589 -71.6139
464 -33.0591 -71.6136
402 -33.0591 -71.6136
950 -33.0591 -71.6134
534 -33.0591 -71.6129
658 -33.0592 -71.6129
275 -33.0592 -71.6129
449 -33.0591 -71.6129
203 -33.059 -71.6129
996 -33.059 -71.6129
562 -33.0592 -71.6129
582 -33.0627 -71.6127
57 -33.0633 -71.6126
700 -33.0628 -71.6122
285 -33.0627 -71.6121
14 -33.0626 -71.6127
351 -33.0626 -71.6127
251 -33.0626 -71.6121
705 -33.0626 -71.6121
976 -33.0646 -71.6121
407 -33.0628 -71.6121
674 -33.0626 -71.612
408 -33.0626 -71.612
370 -33.0624 -71.612
789 -33.0624 -71.612
387 -33.0624 -71.612
366 -33.0622 -71.6126
309 -33.0613 -71.6122
693 -33.0613 -71.6122
22 -33.0613 -71.6122
759 -33.0612 -71.6122
679 -33.061 -71.6123
69 -33.0611 -71.6123
641 -33.0611 -71.6122
747 -33.0613 -71.6122
816 -33.0617 -71.612
577 -33.0617 -71.612
255 -33.0622 -71.612
224 -33.0617 -71.6121
146 -33.0615 -71.6121
986 -33.0615 -71.6121
347 -33.0616 -71.6121
160 -33.0619 -71.612
413 -33.0636 -71.6118
869 -33.0644 -71.6115
640 -33.0644 -71.6114
480 -33.0634 -71.6118
269 -33.062 -71.612
733 -33.0623 -71.612
452 -33.0619 -71.6118
642 -33.063 -71.6113
790 -33.064 -71.6108
499 -33.064 -71.6107
482 -33.0648 -71.6105
11 -33.064 -71.6111
561 -33.0631 -71.6112
209 -33.0631 -71.6112
523 -33.0639 -71.6112
878 -33.0619 -71.6118
310 -33.0619 -71.612
489 -33.0619 -71.6116
537 -33.0619 -71.6112
934 -33.0619 -71.6112
12 -33.0612 -71.6115
62 -33.0619 -71.6111
918 -33.0618 -71.611
297 -33.0618 -71.6108
474 -33.0618 -71.6108
43 -33.0618 -71.6106
818 -33.0618 -71.6105
740 -33.0617 -71.6107
903 -33.0614 -71.6107
458 -33.0615 -71.6107
575 -33.0609 -71.6124
150 -33.0605 -71.6129
738 -33.06 -71.6128
235 -33.06 -71.6128
599 -33.06 -71.6128
655 -33.0599 -71.6128
437 -33.0599 -71.6128
414 -33.06 -71.6128
265 -33.0602 -71.6128
837 -33.0606 -71.6127
324 -33.0607 -71.6126
373 -33.0608 -71.6125
87 -33.0604 -71.6128
498 -33.0603 -71.6128
661 -33.0604 -71.6128
607 -33.0604 -71.6128
233 -33.0599 -71.6128
902 -33.0595 -71.6128
942 -33.0596 -71.6128
707 -33.0597 -71.6128
201 -33.0595 -71.6128
730 -33.0593 -71.6129
19 -33.0594 -71.6129
392 -33.0595 -71.6128
295 -33.0598 -71.6128
306 -33.0599 -71.6128
70 -33.0599 -71.6128
991 -33.0595 -71.6125
801 -33.0592 -71.6128
23 -33.0592 -71.6126
303 -33.0591 -71.6125
202 -33.0608 -71.6125
863 -33.0609 -71.6125
208 -33.0609 -71.6125
200 -33.0609 -71.6124
272 -33.0608 -71.612
237 -33.0603 -71.6124
334 -33.0603 -71.6123
603 -33.0605 -71.612
601 -33.0603 -71.6118
252 -33.0605 -71.6116
307 -33.0607 -71.6116
627 -33.0609 -71.6115
876 -33.0603 -71.611
368 -33.0598 -71.6116
998 -33.0601 -71.6106
909 -33.0598 -71.6106
82 -33.0595 -71.6123
919 -33.0595 -71.6122
771 -33.0595 -71.612
877 -33.0595 -71.6119
955 -33.0595 -71.612
676 -33.0591 -71.6122
216 -33.0593 -71.6116
298 -33.0593 -71.6116
563 -33.0593 -71.6116
187 -33.0592 -71.6112
743 -33.0595 -71.6109
706 -33.0594 -71.6105
815 -33.0592 -71.6112
259 -33.0589 -71.6112
748 -33.0589 -71.6112
822 -33.0589 -71.6133
904 -33.0586 -71.6171
961 -33.0587 -71.6171
66 -33.0587 -71.6168
364 -33.0585 -71.6172
130 -33.0582 -71.6175
109 -33.0583 -71.6174
593 -33.0584 -71.6164
703 -33.0584 -71.6163
739 -33.0587 -71.6154
148 -33.0587 -71.6154
262 -33.0589 -71.6153
504 -33.0584 -71.6162
830 -33.0583 -71.616
749 -33.0583 -71.6151
343 -33.0583 -71.6151
165 -33.0582 -71.6175
983 -33.0579 -71.6177
10 -33.058 -71.6177
979 -33.058 -71.6177
949 -33.0579 -71.6178
786 -33.0578 -71.6178
964 -33.0578 -71.617
91 -33.0576 -71.6153
852 -33.0581 -71.615
500 -33.0581 -71.615
659 -33.0581 -71.615
38 -33.058 -71.615
111 -33.0579 -71.615
75 -33.0579 -71.615
315 -33.0579 -71.615
867 -33.0574 -71.615
144 -33.0579 -71.615
678 -33.0582 -71.6149
636 -33.0586 -71.6149
250 -33.0583 -71.6149
163 -33.0582 -71.615
195 -33.0578 -71.615
835 -33.0579 -71.6149
625 -33.0579 -71.6149
185 -33.0583 -71.6149
488 -33.0588 -71.6148
177 -33.0588 -71.6148
430 -33.0587 -71.6147
632 -33.0584 -71.6148
323 -33.0582 -71.6148
105 -33.0583 -71.6148
721 -33.0583 -71.6148
361 -33.0578 -71.6149
496 -33.0578 -71.615
497 -33.0578 -71.615
304 -33.0578 -71.6149
226 -33.0577 -71.6149
890 -33.0577 -71.6149
24 -33.0577 -71.6149
115 -33.0577 -71.6149
812 -33.0576 -71.6149
181 -33.0576 -71.6149
142 -33.0575 -71.6149
106 -33.0575 -71.6149
850 -33.0574 -71.6149
884 -33.0574 -71.6149
574 -33.0574 -71.6149
382 -33.0574 -71.6149
708 -33.0569 -71.6183
409 -33.0566 -71.6182
494 -33.0573 -71.6171
353 -33.0566 -71.6167
511 -33.0566 -71.6182
710 -33.0562 -71.616
157 -33.0562 -71.616
794 -33.0562 -71.616
92 -33.0562 -71.616
763 -33.0562 -71.6159
987 -33.0562 -71.6159
25 -33.0561 -71.6157
639 -33.056 -71.6156
155 -33.056 -71.6156
605 -33.056 -71.6155
427 -33.0559 -71.618
509 -33.0556 -71.6179
629 -33.0556 -71.617
635 -33.0557 -71.6159
849 -33.0556 -71.6172
516 -33.055 -71.618
610 -33.0555 -71.6159
644 -33.055 -71.6158
911 -33.0548 -71.6158
764 -33.0547 -71.6157
988 -33.0538 -71.6156
205 -33.0536 -71.6156
277 -33.0536 -71.6156
820 -33.0536 -71.6156
938 -33.0535 -71.6155
598 -33.056 -71.6155
176 -33.0573 -71.6149
940 -33.0572 -71.6148
572 -33.0572 -71.6148
13 -33.0572 -71.6148
859 -33.0572 -71.6148
313 -33.0571 -71.6148
217 -33.0567 -71.6148
999 -33.057 -71.6148
191 -33.057 -71.6148
273 -33.057 -71.6148
688 -33.0573 -71.6148
174 -33.057 -71.6148
900 -33.0567 -71.6148
53 -33.057 -71.6148
652 -33.057 -71.6148
712 -33.0567 -71.6148
113 -33.056 -71.6155
889 -33.056 -71.6153
573 -33.0561 -71.6152
170 -33.056 -71.6153
333 -33.056 -71.6154
54 -33.0559 -71.6154
589 -33.0559 -71.6153
829 -33.0561 -71.6152
263 -33.0564 -71.615
883 -33.0564 -71.615
529 -33.0566 -71.6148
453 -33.0564 -71.615
416 -33.0562 -71.6151
239 -33.0563 -71.6151
697 -33.0568 -71.6147
756 -33.0586 -71.6147
512 -33.0586 -71.6144
399 -33.0588 -71.6142
797 -33.0586 -71.6146
783 -33.0585 -71.6147
385 -33.0585 -71.6147
175 -33.0584 -71.6139
571 -33.0584 -71.6138
891 -33.0588 -71.6135
687 -33.0587 -71.6134
668 -33.0586 -71.6133
42 -33.0585 -71.613
211 -33.0585 -71.6137
831 -33.0585 -71.6135
666 -33.0585 -71.613
18 -33.0584 -71.613
68 -33.0581 -71.6144
948 -33.0582 -71.6142
551 -33.0582 -71.6142
713 -33.0581 -71.6144
476 -33.0581 -71.6144
266 -33.0581 -71.6138
253 -33.0581 -71.6137
212 -33.0581 -71.6136
521 -33.0583 -71.6134
881 -33.0583 -71.6134
566 -33.0582 -71.613
227 -33.0582 -71.6131
848 -33.0581 -71.6133
963 -33.0582 -71.6131
270 -33.0582 -71.613
791 -33.0585 -71.613
742 -33.0589 -71.6128
386 -33.0589 -71.6127
20 -33.0589 -71.6127
29 -33.0588 -71.6126
124 -33.0588 -71.6129
623 -33.0588 -71.6129
842 -33.0583 -71.6126
197 -33.0585 -71.6124
905 -33.0588 -71.6121
560 -33.0588 -71.6117
542 -33.0588 -71.6105
770 -33.0588 -71.6112
151 -33.0584 -71.6117
606 -33.0583 -71.6113
558 -33.0584 -71.6106
214 -33.0583 -71.6127
872 -33.0583 -71.6127
645 -33.0583 -71.6127
588 -33.0583 -71.6125
108 -33.0582 -71.6123
33 -33.0581 -71.613
638 -33.0582 -71.6128
805 -33.0581 -71.6123
547 -33.0581 -71.6122
372 -33.0581 -71.6113
587 -33.0582 -71.6107
336 -33.0581 -71.6105
821 -33.0581 -71.6108
210 -33.0581 -71.612
775 -33.058 -71.6118
442 -33.058 -71.6119
429 -33.0578 -71.6139
17 -33.0578 -71.6139
389 -33.0579 -71.6139
377 -33.0577 -71.6145
885 -33.0577 -71.6144
260 -33.0577 -71.6139
520 -33.0577 -71.6131
35 -33.0577 -71.6131
725 -33.058 -71.613
906 -33.0579 -71.6129
617 -33.0579 -71.6129
508 -33.0579 -71.6129
914 -33.0578 -71.6129
186 -33.0578 -71.6129
649 -33.0578 -71.6129
591 -33.0576 -71.6134
85 -33.0574 -71.6145
647 -33.0574 -71.6144
796 -33.0574 -71.6144
412 -33.0574 -71.6146
479 -33.0568 -71.6147
692 -33.0568 -71.6147
550 -33.0573 -71.6147
536 -33.0574 -71.6143
5 -33.0574 -71.6142
161 -33.0574 -71.6142
40 -33.0574 -71.6135
59 -33.0569 -71.6134
380 -33.0568 -71.6133
618 -33.0567 -71.6133
173 -33.0576 -71.6129
683 -33.0576 -71.6129
717 -33.0575 -71.6128
188 -33.0572 -71.6127
568 -33.0571 -71.6127
758 -33.057 -71.6127
44 -33.0568 -71.6126
346 -33.0567 -71.6125
559 -33.0563 -71.6124
15 -33.058 -71.6113
569 -33.0579 -71.6113
510 -33.0577 -71.6107
861 -33.0575 -71.6119
851 -33.0561 -71.6123
681 -33.0575 -71.6116
673 -33.0574 -71.6106
862 -33.055 -71.6124
553 -33.0541 -71.6123
972 -33.0536 -71.6122
793 -33.0535 -71.6122
827 -33.0527 -71.6116
447 -33.0517 -71.6118
9 -33.0526 -71.6116
101 -33.0499 -71.6116
901 -33.0538 -71.611
855 -33.0542 -71.6105
660 -33.0543 -71.6105
314 -33.0543 -71.6105
348 -33.0537 -71.6109
81 -33.0537 -71.6108
604 -33.0536 -71.6108
394 -33.0543 -71.6105
63 -33.0632 -71.61
282 -33.0632 -71.61
326 -33.0645 -71.6099
774 -33.0631 -71.61
715 -33.0631 -71.6099
858 -33.063 -71.6099
470 -33.0629 -71.6099
420 -33.0645 -71.6097
469 -33.0643 -71.6097
473 -33.0638 -71.6095
677 -33.0644 -71.6095
219 -33.063 -71.6093
422 -33.062 -71.6095
952 -33.062 -71.6095
183 -33.062 -71.6095
328 -33.0619 -71.6094
581 -33.0617 -71.6103
576 -33.0617 -71.6103
94 -33.0612 -71.6098
646 -33.0611 -71.6098
415 -33.061 -71.6103
26 -33.061 -71.6103
752 -33.061 -71.6097
60 -33.0612 -71.6097
690 -33.0618 -71.6094
757 -33.0615 -71.6094
471 -33.0615 -71.6094
608 -33.0614 -71.6096
879 -33.0612 -71.6097
970 -33.0608 -71.6096
741 -33.0613 -71.6094
723 -33.063 -71.6093
438 -33.0635 -71.6092
335 -33.0641 -71.6092
79 -33.0645 -71.6091
944 -33.0631 -71.6092
664 -33.0626 -71.6092
532 -33.0621 -71.609
653 -33.0617 -71.6089
981 -33.0618 -71.6088
350 -33.0625 -71.6082
463 -33.0625 -71.608
225 -33.0632 -71.6077
156 -33.0623 -71.6083
714 -33.0619 -71.6085
72 -33.0622 -71.6085
419 -33.0617 -71.608
369 -33.0616 -71.6089
71 -33.0613 -71.6089
832 -33.0615 -71.6089
736 -33.0611 -71.6089
624 -33.061 -71.6092
882 -33.061 -71.6091
294 -33.0609 -71.609
788 -33.0609 -71.6089
199 -33.0609 -71.6089
192 -33.061 -71.6086
461 -33.061 -71.6086
398 -33.0613 -71.6077
375 -33.0608 -71.6088
103 -33.0607 -71.6086
753 -33.0607 -71.6079
746 -33.0606 -71.6085
97 -33.0603 -71.6101
138 -33.0605 -71.6096
73 -33.0605 -71.6093
190 -33.0602 -71.6104
886 -33.0602 -71.6103
305 -33.0601 -71.6101
626 -33.06 -71.6088
132 -33.06 -71.6088
339 -33.0604 -71.6083
232 -33.0604 -71.6083
215 -33.0603 -71.6083
813 -33.0603 -71.6083
332 -33.0602 -71.6083
242 -33.0601 -71.6083
839 -33.0602 -71.6082
602 -33.0597 -71.6101
376 -33.0597 -71.6102
141 -33.0595 -71.6098
866 -33.0596 -71.6098
143 -33.0595 -71.6098
765 -33.0592 -71.6104
657 -33.0586 -71.6101
391 -33.0595 -71.6098
362 -33.0589 -71.6095
236 -33.0588 -71.6088
2 -33.0592 -71.6088
308 -33.0593 -71.6083
856 -33.0587 -71.6093
931 -33.0587 -71.6089
554 -33.0587 -71.6083
810 -33.0598 -71.6082
731 -33.06 -71.608
245 -33.0599 -71.608
468 -33.0601 -71.6079
806 -33.0599 -71.608
167 -33.0598 -71.6082
691 -33.0599 -71.608
21 -33.0598 -71.6079
888 -33.0601 -71.6078
122 -33.06 -71.6077
989 -33.06 -71.6077
720 -33.06 -71.6077
229 -33.0599 -71.6078
194 -33.0597 -71.6078
682 -33.0596 -71.6078
410 -33.0595 -71.6077
871 -33.0595 -71.6077
846 -33.059 -71.6079
528 -33.059 -71.6079
490 -33.0588 -71.6078
28 -33.0587 -71.6079
570 -33.0585 -71.6079
594 -33.0586 -71.6079
37 -33.0586 -71.6079
929 -33.0589 -71.6078
913 -33.0595 -71.6077
921 -33.0595 -71.6077
959 -33.0591 -71.6077
896 -33.059 -71.6077
609 -33.0589 -71.6078
965 -33.059 -71.6077
667 -33.0595 -71.6077
400 -33.0631 -71.6075
296 -33.0642 -71.607
331 -33.0642 -71.6068
478 -33.0622 -71.6074
977 -33.0617 -71.6073
833 -33.0619 -71.6069
662 -33.0619 -71.6068
672 -33.0625 -71.6068
922 -33.0635 -71.6065
291 -33.0637 -71.6064
78 -33.0636 -71.6062
441 -33.0634 -71.6065
147 -33.0633 -71.6065
966 -33.0618 -71.6065
923 -33.0622 -71.6063
785 -33.0613 -71.6064
737 -33.0608 -71.6077
997 -33.0611 -71.6074
287 -33.0609 -71.6074
502 -33.0607 -71.6074
556 -33.0607 -71.6075
395 -33.0607 -71.6072
365 -33.0607 -71.6071
325 -33.0612 -71.607
808 -33.0612 -71.6068
381 -33.0611 -71.6066
56 -33.0612 -71.6064
159 -33.0609 -71.6065
300 -33.0606 -71.6068
137 -33.0609 -71.6065
925 -33.0607 -71.6064
592 -33.0623 -71.6062
924 -33.064 -71.6061
870 -33.0648 -71.606
90 -33.0645 -71.6059
112 -33.0632 -71.6062
769 -33.0631 -71.6062
825 -33.0629 -71.606
843 -33.0628 -71.6059
169 -33.0628 -71.6059
620 -33.0628 -71.6059
622 -33.0627 -71.6059
261 -33.0626 -71.6058
857 -33.0624 -71.6055
32 -33.0622 -71.6054
293 -33.0621 -71.6054
158 -33.0621 -71.6054
99 -33.062 -71.6053
836 -33.0611 -71.606
557 -33.0619 -71.6058
16 -33.061 -71.6051
172 -33.061 -71.6052
120 -33.0606 -71.6055
491 -33.061 -71.6055
544 -33.0607 -71.6054
951 -33.0617 -71.6051
417 -33.0613 -71.6049
669 -33.0613 -71.6048
349 -33.0613 -71.6048
284 -33.0612 -71.6049
845 -33.0611 -71.605
505 -33.0611 -71.605
276 -33.0606 -71.6055
264 -33.0596 -71.6077
46 -33.0601 -71.6072
912 -33.0602 -71.6072
359 -33.0595 -71.6076
371 -33.0593 -71.6076
289 -33.0594 -71.6076
299 -33.0593 -71.6071
281 -33.0602 -71.607
321 -33.0601 -71.6067
772 -33.0601 -71.6065
243 -33.0601 -71.6065
397 -33.0597 -71.607
378 -33.0592 -71.6068
404 -33.0595 -71.6065
954 -33.0594 -71.6064
671 -33.0591 -71.6067
616 -33.0591 -71.6077
280 -33.0591 -71.6075
704 -33.0588 -71.6066
126 -33.0588 -71.6066
445 -33.0587 -71.6072
887 -33.0586 -71.6067
555 -33.0587 -71.6066
953 -33.0585 -71.6066
104 -33.0588 -71.6065
41 -33.059 -71.6065
552 -33.059 -71.6065
689 -33.0588 -71.6065
47 -33.0585 -71.6066
135 -33.0586 -71.6066
125 -33.0594 -71.6064
83 -33.0601 -71.6063
129 -33.0601 -71.6063
578 -33.06 -71.6062
267 -33.06 -71.6062
67 -33.0595 -71.6064
247 -33.0598 -71.6063
311 -33.06 -71.6062
411 -33.0599 -71.6062
910 -33.0602 -71.6059
8 -33.0605 -71.6056
230 -33.0606 -71.6055
670 -33.0602 -71.6061
406 -33.0597 -71.6054
30 -33.0602 -71.6046
826 -33.0601 -71.6045
1 -33.0595 -71.6051
6 -33.0593 -71.6064
184 -33.0593 -71.6064
873 -33.0593 -71.6064
567 -33.0592 -71.6064
527 -33.0592 -71.6063
513 -33.0591 -71.6063
525 -33.059 -71.6063
628 -33.0588 -71.6062
256 -33.0594 -71.6055
221 -33.0591 -71.6054
149 -33.0593 -71.6053
196 -33.0587 -71.6051
957 -33.0587 -71.6051
937 -33.0586 -71.6051
39 -33.0585 -71.6079
517 -33.0584 -71.6105
358 -33.0581 -71.6104
915 -33.058 -71.6104
895 -33.0579 -71.6103
540 -33.0575 -71.6103
621 -33.0578 -71.6103
388 -33.0578 -71.6103
384 -33.0577 -71.6102
975 -33.0584 -71.6101
433 -33.0583 -71.6099
875 -33.0583 -71.6092
745 -33.0582 -71.6101
65 -33.058 -71.6099
268 -33.058 -71.6099
744 -33.0578 -71.6096
180 -33.0573 -71.6096
345 -33.0563 -71.6101
278 -33.0566 -71.61
27 -33.0566 -71.61
337 -33.0557 -71.6104
834 -33.0544 -71.6105
31 -33.055 -71.6102
77 -33.0551 -71.6101
780 -33.0552 -71.6099
920 -33.0571 -71.6099
995 -33.0573 -71.6096
894 -33.057 -71.6095
74 -33.0561 -71.6095
133 -33.0559 -71.6095
162 -33.0558 -71.6094
401 -33.0557 -71.6094
454 -33.0582 -71.609
257 -33.0583 -71.6087
650 -33.0584 -71.6086
699 -33.0584 -71.6085
800 -33.0583 -71.6089
131 -33.0583 -71.6084
426 -33.0582 -71.6084
684 -33.0581 -71.6084
244 -33.058 -71.6083
811 -33.0579 -71.6083
451 -33.058 -71.6082
824 -33.058 -71.6082
814 -33.0578 -71.6082
3 -33.0578 -71.6082
486 -33.0578 -71.6082
798 -33.0576 -71.6081
874 -33.0576 -71.6088
535 -33.0575 -71.6088
728 -33.0549 -71.6083
680 -33.055 -71.6082
0 -33.0548 -71.6084
648 -33.0546 -71.6085
538 -33.0546 -71.6085
637 -33.0548 -71.6084
701 -33.055 -71.6082
119 -33.0551 -71.6082
823 -33.0551 -71.6082
231 -33.0551 -71.6082
418 -33.0551 -71.6082
590 -33.055 -71.6082
234 -33.055 -71.6082
462 -33.0544 -71.6085
484 -33.0514 -71.6097
732 -33.0515 -71.6096
643 -33.0515 -71.6096
583 -33.0513 -71.6098
935 -33.0512 -71.6099
88 -33.0512 -71.6099
493 -33.0512 -71.6099
939 -33.0516 -71.6096
724 -33.0519 -71.6092
530 -33.0519 -71.6091
968 -33.052 -71.6088
152 -33.0519 -71.6092
755 -33.0517 -71.6094
55 -33.0518 -71.6093
722 -33.0519 -71.6093
485 -33.0511 -71.61
718 -33.0508 -71.6102
982 -33.0507 -71.6102
633 -33.0507 -71.6102
222 -33.0506 -71.6102
784 -33.0506 -71.6102
220 -33.0506 -71.6102
696 -33.0504 -71.6102
735 -33.0505 -71.6102
360 -33.051 -71.6101
34 -33.0511 -71.61
80 -33.0511 -71.61
802 -33.0504 -71.6102
322 -33.0504 -71.6101
139 -33.0504 -71.6101
436 -33.0536 -71.6085
515 -33.0543 -71.6085
374 -33.0543 -71.6085
302 -33.0543 -71.6085
854 -33.0537 -71.6085
84 -33.0536 -71.6085
631 -33.0537 -71.6085
36 -33.0535 -71.6085
432 -33.0542 -71.6085
612 -33.054 -71.6085
960 -33.054 -71.6085
218 -33.0539 -71.6085
519 -33.0538 -71.6085
541 -33.0537 -71.6085
586 -33.0538 -71.6085
778 -33.0537 -71.6085
50 -33.0534 -71.6085
868 -33.0534 -71.6085
941 -33.0532 -71.6084
897 -33.0532 -71.6084
213 -33.0532 -71.6084
140 -33.0531 -71.6084
716 -33.0522 -71.6084
318 -33.053 -71.6084
853 -33.053 -71.6083
206 -33.0528 -71.6083
440 -33.0527 -71.6082
283 -33.0524 -71.6082
933 -33.0524 -71.6081
383 -33.0522 -71.6083
694 -33.0522 -71.6083
249 -33.0576 -71.6081
675 -33.0584 -71.608
45 -33.0585 -71.608
630 -33.0585 -71.6079
584 -33.0583 -71.608
663 -33.0581 -71.6081
330 -33.0581 -71.6081
114 -33.0583 -71.608
993 -33.0581 -71.6078
110 -33.0584 -71.6073
182 -33.0583 -71.6071
168 -33.0584 -71.6067
514 -33.0582 -71.6076
459 -33.0578 -71.6068
95 -33.0578 -71.6068
356 -33.0579 -71.6068
969 -33.0577 -71.6068
288 -33.0576 -71.6081
338 -33.0576 -71.6081
893 -33.0575 -71.6081
524 -33.0575 -71.6081
865 -33.0575 -71.6081
974 -33.0575 -71.6081
4 -33.0573 -71.6081
193 -33.0577 -71.6076
319 -33.0577 -71.6076
613 -33.0577 -71.6073
390 -33.0577 -71.6072
246 -33.0577 -71.6068
898 -33.0574 -71.6069
702 -33.0575 -71.6069
841 -33.0576 -71.6068
352 -33.0581 -71.6067
980 -33.0584 -71.6067
777 -33.0583 -71.6067
840 -33.0584 -71.6062
543 -33.0583 -71.6067
936 -33.0582 -71.6067
443 -33.0582 -71.6067
926 -33.0582 -71.6067
782 -33.0583 -71.6062
223 -33.0585 -71.6062
595 -33.0583 -71.6051
776 -33.0584 -71.605
984 -33.0583 -71.6058
492 -33.0582 -71.6062
136 -33.0582 -71.6059
564 -33.0583 -71.6057
344 -33.0581 -71.6067
396 -33.0581 -71.6067
943 -33.0578 -71.6064
990 -33.058 -71.6062
928 -33.0578 -71.6066
503 -33.0578 -71.6066
357 -33.0578 -71.6062
472 -33.0575 -71.6061
477 -33.058 -71.6059
316 -33.0577 -71.6058
460 -33.0578 -71.6058
768 -33.0576 -71.6049
121 -33.0575 -71.6051
98 -33.0575 -71.6051
781 -33.0575 -71.6047
817 -33.0572 -71.608
750 -33.0571 -71.608
539 -33.0571 -71.608
439 -33.0571 -71.608
526 -33.057 -71.608
932 -33.0569 -71.608
465 -33.0569 -71.608
317 -33.0569 -71.608
695 -33.0568 -71.608
258 -33.0568 -71.608
58 -33.0567 -71.608
985 -33.0567 -71.608
656 -33.0565 -71.608
719 -33.0563 -71.608
779 -33.0563 -71.608
96 -33.0562 -71.608
947 -33.0562 -71.608
956 -33.0552 -71.6081
457 -33.0552 -71.6081
425 -33.0554 -71.6079
634 -33.0552 -71.6081
48 -33.0523 -71.6081
807 -33.0552 -71.6081
799 -33.052 -71.608
481 -33.0554 -71.6079
363 -33.0555 -71.6079
153 -33.0555 -71.6079
709 -33.0558 -71.6079
240 -33.0555 -71.6079
178 -33.0554 -71.6079
828 -33.0554 -71.6079
64 -33.0555 -71.6079
379 -33.0571 -71.6075
329 -33.0563 -71.6074
312 -33.0563 -71.6073
241 -33.0563 -71.6074
518 -33.0561 -71.6076
596 -33.0561 -71.6075
342 -33.0562 -71.6073
651 -33.0566 -71.6072
164 -33.0569 -71.6071
766 -33.0571 -71.607
507 -33.057 -71.6047
533 -33.0566 -71.6045
428 -33.0566 -71.6072
792 -33.0566 -71.6045
729 -33.0566 -71.6045
804 -33.056 -71.6075
548 -33.0558 -71.6079
522 -33.0558 -71.6079
665 -33.0558 -71.6079
444 -33.0558 -71.6078
207 -33.0557 -71.6078
76 -33.0557 -71.6078
654 -33.0556 -71.6078
847 -33.0556 -71.6078
86 -33.0559 -71.6076
685 -33.056 -71.6075
899 -33.0544 -71.6054
248 -33.054 -71.6059
435 -33.0525 -71.6069
971 -33.0539 -71.6059
