809 -33.0587 -71.617
455 -33.0589 -71.6169
754 -33.059 -71.6169
760 -33.0587 -71.617
271 -33.0586 -71.6171
698 -33.0587 -71.6168
619 -33.0586 -71.6168
301 -33.0594 -71.6167
978 -33.0611 -71.616
962 -33.0588 -71.6153
475 -33.0626 -71.615
726 -33.0588 -71.6154
549 -33.0586 -71.6155
279 -33.0586 -71.6154
123 -33.0587 -71.6154
636 -33.0586 -71.6149
803 -33.0584 -71.6173
456 -33.0585 -71.6172
154 -33.0584 -71.6164
838 -33.0581 -71.6175
290 -33.0581 -71.6176
198 -33.0581 -71.6176
907 -33.058 -71.617
762 -33.0585 -71.6153
146 -33.0582 -71.615
580 -33.0582 -71.6149
134 -33.0583 -71.6149
61 -33.0581 -71.615
405 -33.0579 -71.615
105 -33.0579 -71.615
773 -33.0579 -71.615
816 -33.0583 -71.6149
467 -33.0596 -71.6148
189 -33.0595 -71.6147
686 -33.0598 -71.6146
367 -33.0595 -71.6148
127 -33.0595 -71.6148
450 -33.0591 -71.6145
537 -33.0591 -71.6145
407 -33.0592 -71.6143
945 -33.0603 -71.6143
483 -33.0607 -71.6139
994 -33.0608 -71.6136
354 -33.0598 -71.6137
582 -33.0594 -71.614
413 -33.0598 -71.6137
402 -33.0591 -71.6136
464 -33.0591 -71.6136
370 -33.0589 -71.6146
408 -33.059 -71.6146
251 -33.059 -71.6145
255 -33.0587 -71.6148
269 -33.0585 -71.6147
107 -33.0587 -71.6147
693 -33.0587 -71.6147
476 -33.0581 -71.6144
175 -33.0584 -71.6139
571 -33.0584 -71.6138
955 -33.0583 -71.6136
948 -33.0582 -71.6142
376 -33.0579 -71.6139
602 -33.058 -71.6139
767 -33.0579 -71.6177
448 -33.0571 -71.6184
495 -33.0574 -71.6181
166 -33.0574 -71.6181
431 -33.057 -71.6183
262 -33.0568 -71.6183
908 -33.0567 -71.6182
930 -33.0566 -71.6182
179 -33.0575 -71.6181
466 -33.0577 -71.6179
423 -33.0574 -71.6171
446 -33.0576 -71.617
403 -33.0573 -71.6171
171 -33.0569 -71.6171
145 -33.057 -71.617
611 -33.0567 -71.6168
946 -33.0565 -71.6182
487 -33.0563 -71.6181
727 -33.0563 -71.6181
614 -33.0563 -71.6181
565 -33.0562 -71.616
687 -33.0562 -71.616
880 -33.0562 -71.616
860 -33.0562 -71.616
585 -33.0562 -71.616
775 -33.0563 -71.6151
292 -33.0563 -71.6151
117 -33.0563 -71.6151
713 -33.0563 -71.6151
323 -33.0562 -71.6159
711 -33.0562 -71.6151
377 -33.0562 -71.6151
973 -33.0563 -71.6151
150 -33.0578 -71.615
641 -33.0577 -71.6149
274 -33.0578 -71.6149
361 -33.0577 -71.6149
69 -33.0577 -71.6149
424 -33.0575 -71.6149
488 -33.0575 -71.6149
819 -33.0574 -71.6149
389 -33.0579 -71.6139
442 -33.0577 -71.6139
881 -33.0577 -71.6139
49 -33.0575 -71.614
506 -33.0574 -71.6145
42 -33.0574 -71.6143
542 -33.0574 -71.6143
797 -33.0574 -71.6146
341 -33.0565 -71.6149
546 -33.0565 -71.6149
373 -33.0573 -71.6149
761 -33.0564 -71.615
254 -33.0564 -71.615
844 -33.0564 -71.615
434 -33.0564 -71.615
587 -33.0571 -71.6148
216 -33.0571 -71.6148
512 -33.0573 -71.6148
7 -33.0573 -71.6147
919 -33.0569 -71.6147
355 -33.0567 -71.6148
730 -33.0567 -71.6148
551 -33.0571 -71.6135
818 -33.0602 -71.6131
967 -33.0603 -71.6131
60 -33.0603 -71.613
879 -33.0602 -71.6131
57 -33.06 -71.6134
646 -33.0601 -71.6132
286 -33.0601 -71.6132
869 -33.0603 -71.613
608 -33.0604 -71.6129
640 -33.0604 -71.6129
452 -33.0598 -71.6128
733 -33.0596 -71.6128
480 -33.0594 -71.6129
19 -33.0594 -71.6129
12 -33.0594 -71.6129
927 -33.0593 -71.6129
743 -33.0586 -71.6134
950 -33.0591 -71.6134
822 -33.0589 -71.6133
668 -33.0586 -71.6133
18 -33.0584 -71.613
916 -33.0584 -71.613
674 -33.0585 -71.613
909 -33.0586 -71.613
14 -33.0591 -71.6129
351 -33.0591 -71.6129
679 -33.0591 -71.6129
676 -33.0588 -71.6129
303 -33.0588 -71.613
295 -33.0588 -71.6129
124 -33.0588 -71.6129
29 -33.0589 -71.6128
297 -33.0612 -71.6122
523 -33.0612 -71.6122
747 -33.0613 -71.6122
561 -33.0611 -71.6123
531 -33.0608 -71.6125
501 -33.0608 -71.6125
238 -33.0608 -71.6125
579 -33.0616 -71.6121
790 -33.0626 -71.612
326 -33.0624 -71.612
420 -33.0622 -71.612
118 -33.0621 -71.612
917 -33.0617 -71.6121
976 -33.0619 -71.612
482 -33.0619 -71.612
774 -33.0608 -71.6126
51 -33.0601 -71.6128
642 -33.0601 -71.6128
366 -33.0601 -71.6128
751 -33.0601 -71.6128
52 -33.06 -71.6128
414 -33.06 -71.6128
958 -33.06 -71.6128
209 -33.0602 -71.6128
991 -33.0595 -71.6125
237 -33.0603 -71.6124
307 -33.0595 -71.6122
627 -33.0595 -71.6123
20 -33.0589 -71.6127
197 -33.0583 -71.6124
521 -33.0583 -71.6134
963 -33.0582 -71.6131
252 -33.0582 -71.613
387 -33.0582 -71.613
848 -33.0581 -71.6133
591 -33.0576 -71.6134
520 -33.0576 -71.6133
35 -33.0577 -71.6131
23 -33.0582 -71.613
577 -33.0582 -71.613
789 -33.0583 -71.613
272 -33.058 -71.613
310 -33.0578 -71.6129
160 -33.0577 -71.6129
998 -33.0577 -71.6129
649 -33.0577 -71.6129
173 -33.0576 -71.6129
89 -33.0571 -71.6135
40 -33.0574 -71.6135
212 -33.0574 -71.6135
228 -33.0568 -71.6134
885 -33.0567 -71.6133
600 -33.0567 -71.6133
204 -33.0565 -71.6132
211 -33.0565 -71.6132
601 -33.0576 -71.6129
347 -33.0575 -71.6128
224 -33.0575 -71.6128
343 -33.0564 -71.6132
734 -33.0562 -71.6131
593 -33.0563 -71.6131
603 -33.0575 -71.6128
386 -33.0575 -71.6128
986 -33.0574 -71.6128
742 -33.0574 -71.6128
645 -33.0574 -71.6128
575 -33.0572 -71.6128
22 -33.0572 -71.6127
309 -33.0572 -71.6127
151 -33.0571 -71.6127
872 -33.0583 -71.6127
214 -33.0583 -71.6127
842 -33.0583 -71.6126
765 -33.0581 -71.6123
759 -33.0571 -71.6127
102 -33.057 -71.6127
15 -33.0581 -71.6121
905 -33.0569 -71.6126
108 -33.0569 -71.6126
208 -33.0568 -71.6126
200 -33.0568 -71.6126
202 -33.0567 -71.6125
863 -33.0567 -71.6125
615 -33.0566 -71.6125
324 -33.0565 -71.6124
70 -33.0565 -71.6124
334 -33.0564 -71.6124
837 -33.0563 -71.6124
801 -33.0562 -71.6124
607 -33.0562 -71.6124
227 -33.0562 -71.6124
661 -33.0562 -71.6123
812 -33.0562 -71.6152
393 -33.0561 -71.618
128 -33.0559 -71.618
327 -33.0559 -71.618
830 -33.0559 -71.618
504 -33.0558 -71.618
703 -33.0557 -71.6179
597 -33.0556 -71.6179
142 -33.0553 -71.6177
890 -33.0554 -71.6175
497 -33.0554 -71.6175
226 -33.0554 -71.6175
647 -33.0554 -71.6175
85 -33.0553 -71.6177
796 -33.0553 -71.6176
115 -33.0554 -71.6176
412 -33.0553 -71.6177
364 -33.0549 -71.6183
904 -33.0549 -71.6183
53 -33.0549 -71.6182
697 -33.0549 -71.6184
109 -33.0548 -71.6187
217 -33.0549 -71.6184
479 -33.0549 -71.6184
961 -33.0549 -71.6182
66 -33.0552 -71.6178
176 -33.0552 -71.6178
550 -33.0552 -71.6178
940 -33.0551 -71.6179
999 -33.055 -71.6181
313 -33.055 -71.618
859 -33.055 -71.6179
5 -33.0554 -71.6174
177 -33.0558 -71.6164
340 -33.0559 -71.6163
399 -33.056 -71.6162
253 -33.0557 -71.6165
250 -33.0556 -71.617
632 -33.0557 -71.6168
266 -33.0557 -71.6166
116 -33.056 -71.6162
831 -33.0561 -71.6161
320 -33.0561 -71.616
835 -33.056 -71.6158
795 -33.0559 -71.6159
93 -33.0558 -71.6159
739 -33.0557 -71.6157
100 -33.0557 -71.6156
260 -33.0556 -71.617
163 -33.0556 -71.6172
852 -33.0556 -71.6172
500 -33.0556 -71.6172
38 -33.0555 -71.6173
144 -33.0554 -71.6174
315 -33.0555 -71.6173
111 -33.0555 -71.6173
678 -33.0556 -71.6171
17 -33.0556 -71.617
148 -33.0556 -71.6159
430 -33.0556 -71.6159
385 -33.0555 -71.6159
756 -33.0555 -71.6159
783 -33.0554 -71.6159
883 -33.0548 -71.6188
979 -33.0545 -71.6189
829 -33.0544 -71.6189
786 -33.0543 -71.6189
589 -33.0542 -71.6189
849 -33.0542 -71.6199
629 -33.0539 -71.6198
598 -33.0541 -71.6189
25 -33.0538 -71.6188
10 -33.0541 -71.6184
165 -33.0545 -71.6184
130 -33.0545 -71.6184
983 -33.0541 -71.6184
987 -33.0537 -71.6188
92 -33.0536 -71.6188
949 -33.054 -71.6184
710 -33.0536 -71.6188
409 -33.0535 -71.6195
708 -33.0531 -71.6188
511 -33.0529 -71.6187
427 -33.0521 -71.6185
509 -33.0518 -71.6184
516 -33.0512 -71.6183
101 -33.049 -71.6166
170 -33.0528 -71.6159
333 -33.0527 -71.6159
889 -33.0529 -71.6158
573 -33.0529 -71.6158
113 -33.0527 -71.6158
639 -33.0526 -71.6158
155 -33.0526 -71.6158
605 -33.0525 -71.6157
75 -33.0547 -71.6157
496 -33.0547 -71.6157
195 -33.0546 -71.6157
304 -33.0546 -71.6157
106 -33.0543 -71.6157
574 -33.0543 -71.6157
850 -33.0542 -71.6157
688 -33.0542 -71.6156
884 -33.0541 -71.6156
13 -33.054 -71.6156
572 -33.054 -71.6156
191 -33.0539 -71.6156
174 -33.0538 -71.6156
273 -33.0538 -71.6156
652 -33.0537 -71.6156
692 -33.0535 -71.6155
988 -33.05 -71.6157
416 -33.0529 -71.6157
157 -33.0523 -71.6156
277 -33.0499 -71.6157
205 -33.0499 -71.6157
938 -33.0498 -71.6157
820 -33.0498 -71.6157
794 -33.0523 -71.6156
635 -33.0518 -71.6156
763 -33.0524 -71.6156
610 -33.0516 -71.6156
644 -33.051 -71.6156
911 -33.0509 -71.6156
764 -33.0507 -71.6155
787 -33.056 -71.6155
547 -33.056 -71.6153
210 -33.0561 -71.6152
891 -33.0561 -71.6152
892 -33.056 -71.6153
545 -33.056 -71.6154
864 -33.0559 -71.6153
721 -33.056 -71.6153
992 -33.0561 -71.6152
68 -33.0556 -71.6131
421 -33.0561 -71.6131
707 -33.0554 -71.6124
942 -33.0553 -71.6124
185 -33.0552 -71.6131
201 -33.0553 -71.6124
392 -33.0553 -71.6124
749 -33.0552 -71.6153
659 -33.055 -71.6152
181 -33.0549 -71.613
625 -33.0548 -71.6129
91 -33.0548 -71.6129
24 -33.0547 -71.615
964 -33.0546 -71.615
494 -33.0543 -71.6147
382 -33.0545 -71.6126
902 -33.0552 -71.6124
275 -33.055 -71.6124
562 -33.055 -71.6124
658 -33.0549 -71.6124
867 -33.0545 -71.6126
449 -33.0549 -71.6124
534 -33.0549 -71.6124
996 -33.0548 -71.6124
87 -33.0561 -71.6123
771 -33.0561 -71.6123
498 -33.0561 -71.6123
877 -33.0561 -71.6123
203 -33.0547 -71.6124
725 -33.056 -71.6123
235 -33.056 -71.6123
265 -33.056 -71.6123
738 -33.0557 -71.6123
655 -33.0557 -71.6123
599 -33.0558 -71.6123
82 -33.0557 -71.6123
306 -33.0557 -71.6123
233 -33.0557 -71.6123
437 -33.0557 -71.6123
623 -33.0546 -71.6124
805 -33.0546 -71.6124
186 -33.0545 -71.6123
588 -33.0544 -71.6123
429 -33.0543 -71.6122
791 -33.0543 -71.6123
666 -33.0542 -71.6123
638 -33.0542 -71.6123
536 -33.0543 -71.6122
906 -33.0545 -71.6122
508 -33.0545 -71.6122
617 -33.0544 -71.6121
914 -33.0544 -71.6121
270 -33.0543 -71.6122
161 -33.0543 -71.6122
566 -33.0541 -71.6123
900 -33.0534 -71.6155
712 -33.0534 -71.6155
529 -33.0533 -71.6155
353 -33.0533 -71.6141
263 -33.0531 -71.6155
453 -33.0531 -71.6155
239 -33.053 -71.6155
485 -33.0495 -71.6139
54 -33.053 -71.6139
484 -33.0496 -71.6135
9 -33.0496 -71.6134
732 -33.0496 -71.6135
935 -33.0495 -71.6139
493 -33.0495 -71.6139
583 -33.0496 -71.6137
80 -33.0495 -71.614
735 -33.0494 -71.6148
222 -33.0494 -71.6147
633 -33.0494 -71.6146
696 -33.0494 -71.6148
139 -33.0493 -71.615
802 -33.0493 -71.615
322 -33.0493 -71.615
447 -33.0494 -71.6145
718 -33.0494 -71.6144
360 -33.0495 -71.6143
34 -33.0495 -71.6141
982 -33.0486 -71.6135
784 -33.0485 -71.6138
220 -33.0485 -71.6137
939 -33.0496 -71.6133
862 -33.0511 -71.6124
33 -33.0538 -71.6122
683 -33.0533 -71.6122
604 -33.051 -71.6131
81 -33.0509 -71.6131
348 -33.0509 -71.6131
901 -33.0509 -71.6131
758 -33.0526 -71.6121
44 -33.0525 -71.6121
851 -33.0518 -71.612
834 -33.0514 -71.6119
394 -33.0512 -71.6119
314 -33.0512 -71.612
855 -33.0512 -71.6119
660 -33.0512 -71.6119
553 -33.0508 -71.6131
972 -33.0502 -71.613
793 -33.0502 -71.613
722 -33.0497 -71.6129
55 -33.0497 -71.6131
755 -33.0497 -71.6132
827 -33.0493 -71.6129
88 -33.0487 -71.6129
152 -33.0497 -71.6129
716 -33.0499 -71.612
694 -33.0499 -71.6119
383 -33.0499 -71.6118
530 -33.0497 -71.6128
643 -33.0489 -71.6124
724 -33.049 -71.6119
576 -33.0619 -71.6118
43 -33.0619 -71.6117
474 -33.0616 -71.6105
970 -33.0608 -71.6096
72 -33.0608 -71.6103
368 -33.0598 -71.6116
463 -33.0606 -71.6104
866 -33.0596 -71.6098
903 -33.061 -71.6095
677 -33.062 -71.6095
63 -33.0616 -71.6094
672 -33.0614 -71.6089
581 -33.061 -71.6092
499 -33.0609 -71.6089
79 -33.0609 -71.6089
934 -33.0609 -71.6089
305 -33.0595 -71.6116
563 -33.0592 -71.6116
298 -33.0593 -71.6116
876 -33.0591 -71.6112
748 -33.0589 -71.6112
560 -33.0588 -71.6117
606 -33.0583 -71.6113
259 -33.0589 -71.6112
886 -33.0594 -71.6112
26 -33.0593 -71.6105
657 -33.0586 -71.6101
362 -33.0589 -71.6095
558 -33.0584 -71.6106
187 -33.0581 -71.6108
454 -33.0582 -71.609
2 -33.0581 -71.609
469 -33.0608 -71.6088
11 -33.0608 -71.6088
419 -33.0618 -71.6087
461 -33.0608 -71.6086
335 -33.0607 -71.6086
400 -33.0607 -71.6087
700 -33.0607 -71.6085
285 -33.0606 -71.6085
473 -33.0606 -71.6085
705 -33.0605 -71.6084
225 -33.0603 -71.6083
438 -33.0602 -71.6082
858 -33.0602 -71.6082
332 -33.0602 -71.6083
740 -33.0601 -71.6082
422 -33.0601 -71.6081
282 -33.06 -71.6081
132 -33.06 -71.6088
138 -33.0595 -71.6088
810 -33.0597 -71.6081
73 -33.0589 -71.6088
626 -33.0583 -71.6088
757 -33.0581 -71.6081
167 -33.0582 -71.6081
944 -33.06 -71.608
478 -33.06 -71.608
328 -33.0584 -71.608
846 -33.0584 -71.608
468 -33.0584 -71.608
714 -33.0583 -71.608
836 -33.0583 -71.608
471 -33.0581 -71.6081
569 -33.0579 -71.6113
190 -33.058 -71.6112
369 -33.0579 -71.6082
653 -33.0579 -71.6082
510 -33.0577 -71.6107
384 -33.0577 -71.6102
741 -33.0578 -71.6082
56 -33.0579 -71.6082
785 -33.058 -71.6081
966 -33.058 -71.6081
398 -33.058 -71.6081
752 -33.0579 -71.6082
236 -33.0578 -71.6082
856 -33.0577 -71.6082
832 -33.0577 -71.6082
182 -33.0577 -71.6081
97 -33.0577 -71.6102
540 -33.0574 -71.61
681 -33.0572 -71.61
861 -33.0566 -71.61
141 -33.0562 -71.6102
143 -33.0564 -71.6101
821 -33.0565 -71.6101
415 -33.0568 -71.6099
874 -33.0576 -71.6088
535 -33.0575 -71.6088
365 -33.0576 -71.6081
706 -33.0567 -71.6097
745 -33.0566 -71.6096
268 -33.0565 -71.6096
502 -33.058 -71.6081
981 -33.058 -71.6081
624 -33.0575 -71.6081
704 -33.0579 -71.6081
192 -33.0574 -71.6081
243 -33.0574 -71.6081
71 -33.0574 -71.6081
882 -33.0574 -71.6081
736 -33.0573 -71.6081
325 -33.0573 -71.608
294 -33.0573 -71.608
671 -33.0579 -71.608
229 -33.0572 -71.608
199 -33.0572 -71.608
321 -33.0572 -71.608
788 -33.0572 -71.608
997 -33.057 -71.608
675 -33.0569 -71.608
811 -33.0569 -71.608
556 -33.0569 -71.608
375 -33.0569 -71.608
395 -33.0568 -71.608
103 -33.0568 -71.608
287 -33.0568 -71.608
993 -33.0567 -71.608
244 -33.0566 -71.608
737 -33.0565 -71.608
371 -33.0564 -71.608
242 -33.0564 -71.608
257 -33.0563 -71.608
232 -33.0563 -71.608
215 -33.0563 -71.608
918 -33.0598 -71.6079
219 -33.0598 -71.6079
888 -33.0601 -71.6078
878 -33.0597 -71.6079
723 -33.0597 -71.6079
489 -33.0597 -71.6078
715 -33.0596 -71.6078
833 -33.0601 -71.6077
977 -33.0616 -71.6073
281 -33.0602 -71.607
300 -33.0606 -71.6068
912 -33.0602 -71.6072
592 -33.06 -71.6077
662 -33.0598 -71.6077
46 -33.0598 -71.6072
753 -33.0596 -71.6076
470 -33.0595 -71.6077
458 -33.0595 -71.6077
664 -33.0595 -71.6077
528 -33.059 -71.6079
746 -33.0589 -71.6077
532 -33.059 -71.6077
94 -33.059 -71.6077
381 -33.0591 -71.6077
156 -33.0594 -71.6076
350 -33.0594 -71.6076
772 -33.0595 -71.6069
62 -33.0593 -71.6076
557 -33.0592 -71.6076
280 -33.0591 -71.6075
378 -33.0592 -71.6071
808 -33.0612 -71.6068
159 -33.0609 -71.6065
441 -33.0629 -71.6061
491 -33.061 -71.6055
925 -33.0607 -71.6064
83 -33.0601 -71.6063
129 -33.0601 -71.6063
922 -33.06 -71.6061
291 -33.0622 -71.6055
147 -33.0621 -71.6054
870 -33.062 -71.6053
331 -33.0619 -71.6052
112 -33.0616 -71.605
296 -33.0608 -71.6054
90 -33.0613 -71.6048
924 -33.061 -71.6047
857 -33.06 -71.6061
954 -33.0594 -71.6064
873 -33.0593 -71.6064
825 -33.0594 -71.6064
843 -33.0592 -71.6064
261 -33.0591 -71.6065
622 -33.0591 -71.6065
527 -33.0592 -71.6063
769 -33.0596 -71.6063
311 -33.06 -71.6062
411 -33.0599 -71.6062
78 -33.0598 -71.6045
221 -33.0591 -71.6054
513 -33.0591 -71.6063
525 -33.059 -71.6063
620 -33.0589 -71.6041
183 -33.0586 -71.6079
923 -33.0586 -71.6079
929 -33.0589 -71.6078
952 -33.0585 -71.6079
690 -33.0585 -71.608
137 -33.0585 -71.608
126 -33.0581 -71.6076
110 -33.0584 -71.6073
613 -33.0577 -71.6073
125 -33.0573 -71.6069
417 -33.0574 -71.6069
284 -33.0573 -71.6069
16 -33.0571 -71.607
845 -33.0572 -71.6069
505 -33.0572 -71.6069
319 -33.0571 -71.6075
390 -33.0568 -71.6074
8 -33.0565 -71.6073
670 -33.0566 -71.6072
339 -33.0563 -71.608
813 -33.0563 -71.608
839 -33.0561 -71.6079
910 -33.0561 -71.6075
276 -33.0566 -71.6072
782 -33.0567 -71.6072
357 -33.0569 -71.6071
172 -33.0571 -71.607
544 -33.0567 -71.6072
230 -33.0566 -71.6072
120 -33.0567 -71.6072
669 -33.0574 -71.6069
980 -33.0584 -71.6067
555 -33.0587 -71.6066
32 -33.0585 -71.6066
158 -33.0584 -71.6066
951 -33.058 -71.6067
168 -33.0584 -71.6067
840 -33.0583 -71.6062
223 -33.0585 -71.6062
196 -33.0587 -71.6051
937 -33.0584 -71.6049
169 -33.0589 -71.6041
984 -33.0583 -71.6058
477 -33.058 -71.6059
99 -33.058 -71.6044
293 -33.0581 -71.6044
256 -33.0579 -71.6045
404 -33.0576 -71.6069
503 -33.0578 -71.6066
136 -33.0579 -71.6063
990 -33.0576 -71.6066
349 -33.0574 -71.6069
460 -33.0569 -71.6062
472 -33.0575 -71.6061
316 -33.0574 -71.6059
98 -33.0575 -71.6051
768 -33.0576 -71.6049
595 -33.0577 -71.6046
957 -33.0572 -71.6047
1 -33.0569 -71.6046
30 -33.0562 -71.6044
406 -33.0561 -71.6044
717 -33.0542 -71.6118
188 -33.054 -71.6114
59 -33.054 -71.6113
568 -33.054 -71.6113
380 -33.0539 -71.6113
618 -33.0538 -71.6112
920 -33.0538 -71.6111
915 -33.054 -71.6105
391 -33.0557 -71.6104
815 -33.0558 -71.6095
433 -33.0554 -71.6094
372 -33.0549 -71.6104
336 -33.0541 -71.6105
517 -33.0544 -71.6105
744 -33.0545 -71.6105
894 -33.0537 -71.6109
401 -33.053 -71.6116
345 -33.0532 -71.6115
133 -33.0533 -71.6115
337 -33.0526 -71.6117
31 -33.0521 -71.6118
77 -33.0521 -71.6117
780 -33.0524 -71.6117
74 -33.0534 -71.6114
346 -33.0536 -71.6111
995 -33.0535 -71.6105
621 -33.0537 -71.6105
278 -33.0535 -71.6114
27 -33.0535 -71.6114
559 -33.0532 -71.6109
180 -33.0535 -71.6106
931 -33.0554 -71.6094
770 -33.0555 -71.6094
673 -33.0555 -71.6094
975 -33.0561 -71.6087
47 -33.0546 -71.6085
135 -33.0546 -71.6085
953 -33.0545 -71.6085
37 -33.0545 -71.6085
594 -33.0545 -71.6085
39 -33.0544 -71.6085
570 -33.0544 -71.6085
777 -33.0544 -71.6085
630 -33.0544 -71.6085
45 -33.0544 -71.6085
3 -33.0537 -71.6085
514 -33.0543 -71.6085
814 -33.0537 -71.6085
548 -33.0521 -71.6087
522 -33.0521 -71.6086
665 -33.0521 -71.6086
709 -33.0521 -71.6087
76 -33.052 -71.6088
207 -33.0521 -71.6087
444 -33.0521 -71.6087
162 -33.0536 -71.6085
486 -33.0536 -71.6085
841 -33.0537 -71.6085
246 -33.0537 -71.6085
702 -33.0536 -71.6085
249 -33.0535 -71.6085
798 -33.0535 -71.6085
847 -33.052 -71.6089
612 -33.0507 -71.6102
960 -33.0507 -71.6102
432 -33.0509 -71.6102
218 -33.0505 -71.6102
519 -33.0505 -71.6102
586 -33.0505 -71.6102
541 -33.0503 -71.6102
778 -33.0504 -71.6102
854 -33.0504 -71.6101
302 -33.051 -71.6101
515 -33.051 -71.6101
631 -33.0504 -71.6102
84 -33.0503 -71.6101
36 -33.0502 -71.6101
436 -33.0503 -71.6101
868 -33.0502 -71.6102
283 -33.05 -71.6114
440 -33.05 -71.6112
206 -33.0501 -71.6109
799 -33.0499 -71.6117
968 -33.0491 -71.6113
933 -33.0498 -71.6113
48 -33.0497 -71.6113
853 -33.0501 -71.6107
897 -33.0501 -71.6105
941 -33.0501 -71.6105
50 -33.0502 -71.6103
213 -33.0501 -71.6105
140 -33.0501 -71.6107
318 -33.0501 -71.6106
374 -33.051 -71.6101
457 -33.0517 -71.6094
956 -33.0518 -71.6093
481 -33.0519 -71.6092
634 -33.0517 -71.6094
119 -33.0516 -71.6095
231 -33.0516 -71.6095
807 -33.0517 -71.6094
828 -33.0519 -71.6092
240 -33.052 -71.6091
64 -33.052 -71.6091
654 -33.052 -71.609
363 -33.0519 -71.6091
425 -33.0519 -71.6092
178 -33.0519 -71.6091
153 -33.0519 -71.6091
418 -33.0516 -71.6095
0 -33.0514 -71.6097
728 -33.0514 -71.6097
680 -33.0516 -71.6095
637 -33.0514 -71.6097
462 -33.0511 -71.61
648 -33.0512 -71.6099
538 -33.0512 -71.6099
234 -33.0516 -71.6095
701 -33.0516 -71.6095
590 -33.0516 -71.6095
823 -33.0516 -71.6095
971 -33.0508 -71.6085
435 -33.0496 -71.6093
248 -33.0508 -71.6085
28 -33.0546 -71.6085
616 -33.055 -71.6082
358 -33.0558 -71.6081
567 -33.0552 -71.6081
492 -33.055 -71.6082
893 -33.0549 -71.6083
41 -33.055 -71.6083
552 -33.055 -71.6082
65 -33.0558 -71.6081
667 -33.0553 -71.608
359 -33.0553 -71.608
895 -33.0557 -71.608
921 -33.0553 -71.608
289 -33.0552 -71.6081
184 -33.0552 -71.6081
6 -33.0552 -71.6081
959 -33.0549 -71.6083
443 -33.0543 -71.6085
426 -33.0543 -71.6085
490 -33.0547 -71.6085
699 -33.0543 -71.6085
926 -33.0542 -71.6085
543 -33.0542 -71.6085
584 -33.0542 -71.6085
609 -33.0548 -71.6084
650 -33.0548 -71.6083
896 -33.0549 -71.6083
965 -33.0549 -71.6083
445 -33.0548 -71.6084
800 -33.0548 -71.6084
104 -33.0548 -71.6084
689 -33.0548 -71.6084
913 -33.0554 -71.608
731 -33.0559 -71.6079
989 -33.0558 -71.6079
397 -33.0558 -71.6079
122 -33.0558 -71.6078
245 -33.0558 -71.6078
720 -33.0557 -71.6078
806 -33.0557 -71.6078
691 -33.0557 -71.6078
578 -33.0559 -71.6076
564 -33.0559 -71.6076
826 -33.0561 -71.6044
267 -33.0558 -71.6076
308 -33.0557 -71.6078
247 -33.0557 -71.6077
193 -33.0558 -71.6077
887 -33.0556 -71.6078
875 -33.0554 -71.6079
554 -33.0555 -71.6079
299 -33.0555 -71.6079
67 -33.0554 -71.6079
871 -33.0554 -71.6079
410 -33.0554 -71.6079
264 -33.0554 -71.6079
682 -33.0555 -71.6079
388 -33.0556 -71.6079
194 -33.0556 -71.6078
21 -33.0556 -71.6078
628 -33.0555 -71.6079
776 -33.0546 -71.6052
149 -33.0554 -71.6044
114 -33.0542 -71.6085
344 -33.0542 -71.6085
936 -33.0542 -71.6085
396 -33.0541 -71.6085
352 -33.0541 -71.6085
131 -33.0541 -71.6085
943 -33.0541 -71.6085
684 -33.054 -71.6085
928 -33.0539 -71.6085
330 -33.0539 -71.6085
663 -33.054 -71.6085
356 -33.0539 -71.6085
95 -33.0539 -71.6085
824 -33.0539 -71.6085
451 -33.0539 -71.6085
459 -33.0538 -71.6085
969 -33.0537 -71.6085
898 -33.0535 -71.6085
288 -33.0535 -71.6085
524 -33.0534 -71.6085
338 -33.0534 -71.6085
86 -33.0521 -71.6085
865 -33.0534 -71.6085
974 -33.0534 -71.6085
4 -33.0532 -71.6084
379 -33.0531 -71.6084
766 -33.0531 -71.6084
817 -33.0531 -71.6084
804 -33.0522 -71.6084
685 -33.0522 -71.6084
518 -33.0522 -71.6084
750 -33.053 -71.6084
539 -33.0529 -71.6083
439 -33.0529 -71.6083
164 -33.0529 -71.6083
526 -33.0529 -71.6083
317 -33.0528 -71.6083
932 -33.0528 -71.6083
465 -33.0528 -71.6083
695 -33.0527 -71.6082
507 -33.0534 -71.6064
781 -33.0538 -71.606
121 -33.054 -71.6059
729 -33.053 -71.6065
258 -33.0527 -71.6082
985 -33.0526 -71.6082
792 -33.053 -71.6065
428 -33.0526 -71.6082
58 -33.0526 -71.6082
651 -33.0526 -71.6082
656 -33.0524 -71.6081
96 -33.0522 -71.6082
899 -33.0515 -71.6083
947 -33.0522 -71.6082
596 -33.0522 -71.6082
342 -33.0524 -71.6081
312 -33.0523 -71.6081
329 -33.0523 -71.6081
533 -33.0523 -71.6048
719 -33.0523 -71.6081
241 -33.0522 -71.6081
779 -33.0522 -71.6081
