978 -33.0576 -71.6179
367 -33.0579 -71.6177
189 -33.0579 -71.6177
549 -33.0569 -71.6183
301 -33.056 -71.618
754 -33.0556 -71.6179
361 -33.0556 -71.6172
542 -33.0556 -71.6172
475 -33.0594 -71.6167
376 -33.0558 -71.6164
255 -33.0561 -71.6161
881 -33.0558 -71.6164
42 -33.0556 -71.6171
134 -33.0557 -71.6166
816 -33.0557 -71.6165
698 -33.0556 -71.6179
786 -33.0552 -71.6215
829 -33.0552 -71.6214
455 -33.0555 -71.6179
589 -33.0551 -71.6216
598 -33.0551 -71.6217
979 -33.0551 -71.6212
883 -33.0551 -71.6209
919 -33.0551 -71.6179
587 -33.0553 -71.6177
373 -33.0553 -71.6176
69 -33.0555 -71.6172
216 -33.0553 -71.6177
809 -33.0552 -71.6178
760 -33.0552 -71.6178
271 -33.0552 -71.6176
726 -33.0562 -71.616
370 -33.0562 -71.616
955 -33.0562 -71.6159
408 -33.0562 -71.6159
251 -33.0561 -71.6158
279 -33.0561 -71.616
123 -33.0561 -71.616
476 -33.0561 -71.6157
537 -33.0561 -71.6157
945 -33.0588 -71.6154
127 -33.0561 -71.6152
18 -33.0562 -71.6151
963 -33.0561 -71.6152
743 -33.0561 -71.6156
389 -33.056 -71.6155
582 -33.056 -71.6152
822 -33.056 -71.6153
107 -33.056 -71.6159
602 -33.056 -71.6159
693 -33.0559 -71.6159
520 -33.0559 -71.6159
269 -33.0558 -71.6159
442 -33.0555 -71.6159
146 -33.0555 -71.6159
580 -33.0554 -71.6159
762 -33.0559 -71.6158
407 -33.056 -71.6155
450 -33.0559 -71.6153
105 -33.0553 -71.6154
405 -33.0553 -71.6154
907 -33.0552 -71.6153
456 -33.055 -71.618
25 -33.0549 -71.622
109 -33.055 -71.6207
217 -33.0549 -71.6205
987 -33.0548 -71.6221
409 -33.0545 -71.6227
710 -33.0548 -71.6222
92 -33.0548 -71.6222
697 -33.0549 -71.6205
479 -33.0548 -71.6205
53 -33.0548 -71.6204
961 -33.0548 -71.6203
313 -33.0547 -71.6203
940 -33.0545 -71.6202
176 -33.0545 -71.6202
66 -33.0544 -71.6201
550 -33.0543 -71.6201
849 -33.0543 -71.6237
629 -33.0543 -71.6234
142 -33.0542 -71.62
85 -33.0542 -71.62
647 -33.0541 -71.6199
5 -33.0541 -71.6199
115 -33.0541 -71.6199
796 -33.0541 -71.6199
497 -33.0541 -71.6199
890 -33.0541 -71.6199
226 -33.054 -71.6198
703 -33.054 -71.6198
38 -33.0539 -71.6198
315 -33.0539 -71.6198
500 -33.0538 -71.6197
327 -33.0538 -71.6197
377 -33.0548 -71.6187
838 -33.0548 -71.6184
434 -33.0549 -71.6184
844 -33.0548 -71.6184
210 -33.0548 -71.6188
973 -33.0547 -71.6184
198 -33.0547 -71.6184
761 -33.0549 -71.6184
803 -33.055 -71.6181
355 -33.055 -71.618
150 -33.055 -71.6158
641 -33.0549 -71.6158
341 -33.0549 -71.6182
488 -33.0547 -71.6157
819 -33.0547 -71.6157
713 -33.0547 -71.6184
179 -33.0543 -71.6189
495 -33.0539 -71.6184
547 -33.0544 -71.6184
166 -33.0539 -71.6184
678 -33.0536 -71.6196
880 -33.0539 -71.6188
323 -33.0538 -71.6184
466 -33.0544 -71.6184
891 -33.0545 -71.6184
775 -33.0547 -71.6184
290 -33.0546 -71.6172
767 -33.0545 -71.6184
730 -33.0539 -71.6156
546 -33.0537 -71.6156
446 -33.0548 -71.6151
561 -33.0581 -71.615
483 -33.0578 -71.615
297 -33.0582 -71.6149
531 -33.0578 -71.6149
501 -33.0578 -71.6149
774 -33.0577 -71.6149
994 -33.0576 -71.6149
482 -33.0589 -71.6147
976 -33.0589 -71.6147
118 -33.059 -71.6145
948 -33.0582 -71.6142
991 -33.0582 -71.6138
124 -33.0574 -71.6145
560 -33.0574 -71.6143
842 -33.0574 -71.6142
464 -33.0573 -71.6149
608 -33.0573 -71.6148
950 -33.0573 -71.6148
640 -33.0572 -71.6148
668 -33.0566 -71.6148
765 -33.0563 -71.6151
413 -33.0564 -71.615
686 -33.0564 -71.615
20 -33.0572 -71.6148
869 -33.0572 -71.6148
60 -33.0571 -71.6148
879 -33.0571 -71.6148
818 -33.057 -71.6148
57 -33.0567 -71.6148
286 -33.0569 -71.6147
646 -33.0569 -71.6147
467 -33.0572 -71.6136
43 -33.0584 -71.613
576 -33.0584 -71.613
414 -33.0585 -71.613
354 -33.0584 -71.613
872 -33.0581 -71.6134
521 -33.0582 -71.6132
747 -33.0583 -71.613
420 -33.0586 -71.613
326 -33.0588 -71.6129
790 -33.0588 -71.6129
19 -33.0591 -71.6129
917 -33.0579 -71.613
579 -33.0579 -71.6129
368 -33.0578 -71.6129
523 -33.0575 -71.6128
298 -33.0572 -71.6128
619 -33.057 -71.6135
238 -33.0571 -71.6127
967 -33.0569 -71.6126
237 -33.0569 -71.6126
154 -33.0566 -71.6133
962 -33.0564 -71.6131
591 -33.0563 -71.6131
305 -33.0568 -71.6126
563 -33.0564 -71.6124
209 -33.0564 -71.6124
642 -33.0563 -71.6124
51 -33.0563 -71.6124
366 -33.0563 -71.6124
751 -33.0563 -71.6124
627 -33.0563 -71.6124
61 -33.0555 -71.6131
175 -33.0557 -71.6131
636 -33.0561 -71.6131
351 -33.0553 -71.6124
571 -33.0552 -71.6131
773 -33.0552 -71.6131
274 -33.0551 -71.6131
14 -33.0553 -71.6124
679 -33.0554 -71.6124
214 -33.0554 -71.6124
35 -33.0554 -71.6124
29 -33.0552 -71.6124
15 -33.0552 -71.6124
676 -33.0551 -71.6124
295 -33.055 -71.6124
303 -33.055 -71.6124
403 -33.0546 -71.6149
423 -33.0546 -71.6149
424 -33.0549 -71.613
145 -33.0543 -71.6147
171 -33.0539 -71.6145
611 -33.0537 -71.6144
711 -33.0537 -71.6143
512 -33.0547 -71.6128
7 -33.0546 -71.6127
909 -33.0548 -71.6124
197 -33.0548 -71.6124
797 -33.0545 -71.6126
506 -33.0544 -71.6126
40 -33.0544 -71.6125
674 -33.0547 -71.6124
307 -33.0562 -71.6124
958 -33.0562 -71.6124
52 -33.0561 -71.6123
480 -33.0555 -71.6123
848 -33.0547 -71.6124
916 -33.0546 -71.6124
927 -33.0555 -71.6124
402 -33.0561 -71.6123
452 -33.0559 -71.6123
733 -33.0558 -71.6123
173 -33.0558 -71.6123
12 -33.0556 -71.6123
789 -33.0544 -71.6123
603 -33.0545 -71.6122
601 -33.0545 -71.6122
577 -33.0544 -71.6123
387 -33.0544 -71.6123
23 -33.0544 -71.6123
252 -33.0544 -71.6123
272 -33.0542 -71.6123
49 -33.0541 -71.6123
310 -33.054 -71.6122
160 -33.0539 -71.6122
212 -33.0544 -71.6122
998 -33.0539 -71.6122
649 -33.0538 -71.6122
347 -33.0538 -71.6122
386 -33.0537 -71.6122
986 -33.0536 -71.6122
742 -33.0536 -71.6122
687 -33.0536 -71.6185
260 -33.0535 -71.6195
930 -33.0535 -71.6191
177 -33.0535 -71.6189
253 -33.0535 -71.6191
487 -33.0535 -71.6193
266 -33.0535 -71.6191
632 -33.053 -71.6187
727 -33.053 -71.6187
431 -33.0535 -71.6185
831 -33.0535 -71.6185
448 -33.0535 -71.6185
340 -33.0535 -71.6186
262 -33.0534 -71.6187
399 -33.0534 -71.6187
116 -33.0535 -71.6187
614 -33.0529 -71.6187
250 -33.0528 -71.6187
17 -33.0527 -71.6187
393 -33.0527 -71.6187
163 -33.0526 -71.6187
101 -33.0501 -71.6205
852 -33.0526 -71.6186
830 -33.0525 -71.6186
504 -33.0525 -71.6186
128 -33.0525 -71.6186
111 -33.0524 -71.6186
144 -33.0524 -71.6186
597 -33.0523 -71.6186
412 -33.052 -71.6185
859 -33.0516 -71.6184
999 -33.0515 -71.6184
904 -33.0513 -71.6184
364 -33.0513 -71.6184
130 -33.0509 -71.6182
908 -33.0532 -71.6162
165 -33.0509 -71.6181
983 -33.0506 -71.618
10 -33.0506 -71.618
949 -33.0505 -71.618
946 -33.053 -71.6161
860 -33.0527 -71.6158
565 -33.0526 -71.6158
320 -33.0526 -71.6158
93 -33.0522 -71.6157
174 -33.0505 -71.6158
273 -33.0505 -71.6157
191 -33.0505 -71.6157
652 -33.0505 -71.6158
889 -33.0496 -71.6161
573 -33.0496 -71.6161
416 -33.0496 -71.616
170 -33.0495 -71.6162
708 -33.0494 -71.6177
113 -33.0494 -71.6164
333 -33.0495 -71.6163
692 -33.0502 -71.6158
900 -33.0502 -71.6158
712 -33.0501 -71.6157
529 -33.05 -71.6157
453 -33.0499 -71.6157
239 -33.0498 -71.6157
263 -33.0498 -71.6157
155 -33.0494 -71.6165
633 -33.0494 -71.6188
447 -33.0494 -71.6186
34 -33.0492 -71.6183
764 -33.0485 -71.6182
360 -33.0483 -71.6187
80 -33.0484 -71.6184
485 -33.0485 -71.6184
935 -33.0491 -71.6182
493 -33.0491 -71.6182
427 -33.0486 -71.618
9 -33.0486 -71.6179
484 -33.0486 -71.618
509 -33.0485 -71.6182
583 -33.0485 -71.6182
911 -33.0486 -71.618
718 -33.0483 -71.6188
277 -33.048 -71.6193
802 -33.048 -71.6193
322 -33.048 -71.6193
139 -33.048 -71.6194
205 -33.0479 -71.6195
820 -33.048 -71.6194
938 -33.048 -71.6194
735 -33.0481 -71.6192
696 -33.0481 -71.6192
222 -33.0482 -71.6191
516 -33.0482 -71.619
988 -33.0481 -71.6192
220 -33.0473 -71.6181
784 -33.0473 -71.6181
644 -33.0486 -71.6179
511 -33.0492 -71.6176
605 -33.0494 -71.6165
763 -33.0492 -71.6165
794 -33.0491 -71.6165
732 -33.0488 -71.6179
635 -33.0489 -71.617
157 -33.0491 -71.6165
639 -33.0494 -71.6165
901 -33.0491 -71.616
283 -33.0492 -71.6159
440 -33.0492 -71.6157
799 -33.0491 -71.6162
716 -33.0491 -71.6165
694 -33.0491 -71.6164
383 -33.0491 -71.6163
152 -33.0488 -71.6173
530 -33.0488 -71.6173
722 -33.0488 -71.6173
610 -33.0488 -71.6173
55 -33.0487 -71.6176
982 -33.0474 -71.6178
939 -33.0486 -71.6178
755 -33.0487 -71.6177
88 -33.0476 -71.6173
968 -33.048 -71.6159
793 -33.048 -71.6157
972 -33.048 -71.6157
724 -33.0479 -71.6163
643 -33.0477 -71.6169
827 -33.0478 -71.6166
148 -33.0521 -71.6156
254 -33.0535 -71.6155
292 -33.0534 -71.6155
117 -33.0534 -71.6155
812 -33.0532 -71.6155
795 -33.0523 -71.6156
787 -33.053 -71.6156
545 -33.053 -71.6155
992 -33.0533 -71.6155
864 -33.053 -71.6155
892 -33.0531 -71.6155
721 -33.053 -71.6155
585 -33.0527 -71.6137
835 -33.0526 -71.6136
739 -33.0523 -71.6135
100 -33.0523 -71.6134
430 -33.052 -71.6156
385 -33.052 -71.6156
756 -33.0519 -71.6156
783 -33.0518 -71.6156
75 -33.0512 -71.6156
13 -33.0505 -71.6156
496 -33.0512 -71.6156
195 -33.0511 -71.6156
572 -33.0505 -71.6156
304 -33.051 -71.6156
106 -33.0507 -71.6155
749 -33.0518 -71.6131
574 -33.0507 -71.6155
688 -33.0507 -71.6155
850 -33.0506 -71.6155
884 -33.0506 -71.6155
659 -33.0516 -71.6131
24 -33.0512 -71.6131
309 -33.0534 -71.6122
151 -33.0532 -71.6121
964 -33.0512 -71.6131
805 -33.0511 -71.6125
180 -33.0511 -71.6124
996 -33.0511 -71.6122
759 -33.0532 -71.6121
905 -33.0532 -71.6121
102 -33.0531 -71.6121
108 -33.053 -71.6121
208 -33.0529 -71.6121
621 -33.0511 -71.6121
200 -33.0529 -71.6121
202 -33.0528 -71.6121
186 -33.0511 -71.6125
494 -33.0508 -71.6131
278 -33.0506 -71.6131
920 -33.0511 -71.613
27 -33.0506 -71.6131
74 -33.0505 -71.613
683 -33.0504 -71.613
133 -33.0504 -71.613
345 -33.0503 -71.613
638 -33.0511 -71.6128
894 -33.0511 -71.6128
588 -33.0511 -71.6127
666 -33.0511 -71.6129
401 -33.0501 -71.613
240 -33.0498 -71.6122
363 -33.0498 -71.6122
660 -33.0494 -71.6147
631 -33.0494 -71.6145
834 -33.0494 -71.6144
394 -33.0494 -71.6147
897 -33.0493 -71.615
868 -33.0494 -71.6147
36 -33.0494 -71.6147
854 -33.0494 -71.6144
374 -33.0496 -71.6137
462 -33.0496 -71.6137
77 -33.0496 -71.6136
302 -33.0495 -71.6138
586 -33.0494 -71.6144
612 -33.0495 -71.614
432 -33.0495 -71.6138
213 -33.0493 -71.615
206 -33.0492 -71.6155
318 -33.0493 -71.6151
81 -33.0483 -71.6147
348 -33.0483 -71.6148
553 -33.0482 -71.615
48 -33.0482 -71.6149
933 -33.0482 -71.6149
604 -33.0483 -71.6147
862 -33.0485 -71.6139
50 -33.0485 -71.6138
435 -33.0485 -71.6138
941 -33.0485 -71.614
853 -33.0484 -71.6141
140 -33.0484 -71.6141
314 -33.0486 -71.6136
0 -33.0497 -71.6131
337 -33.0497 -71.613
758 -33.0497 -71.6129
637 -33.0496 -71.6132
780 -33.0496 -71.6133
353 -33.0496 -71.6129
44 -33.0496 -71.6129
701 -33.0497 -71.6129
481 -33.0498 -71.6124
828 -33.0498 -71.6123
425 -33.0498 -71.6123
956 -33.0498 -71.6125
680 -33.0497 -71.6129
234 -33.0497 -71.6129
457 -33.0498 -71.6126
54 -33.0492 -71.6129
436 -33.0486 -71.6134
519 -33.0487 -71.6132
218 -33.0487 -71.6132
541 -33.0486 -71.6134
84 -33.0486 -71.6135
855 -33.0486 -71.6135
778 -33.0486 -71.6134
960 -33.0487 -71.6131
31 -33.0491 -71.6129
851 -33.0489 -71.6129
728 -33.0489 -71.6121
538 -33.0489 -71.6123
515 -33.0488 -71.6127
648 -33.0489 -71.6123
224 -33.0544 -71.6121
970 -33.0589 -71.6105
748 -33.0573 -71.61
259 -33.0571 -71.6099
384 -33.0565 -71.61
26 -33.0556 -71.6105
569 -33.0559 -71.6103
866 -33.0561 -71.6102
72 -33.057 -71.6099
463 -33.0569 -71.6098
132 -33.0577 -71.6092
535 -33.0566 -71.6087
886 -33.0565 -71.6096
606 -33.0564 -71.6095
876 -33.0563 -71.6095
874 -33.0556 -71.6093
558 -33.0555 -71.6094
645 -33.0544 -71.612
89 -33.0544 -71.612
551 -33.0543 -71.612
575 -33.0543 -71.612
22 -33.0543 -71.6118
228 -33.0542 -71.6117
600 -33.0541 -71.6115
885 -33.0541 -71.6115
187 -33.0548 -71.6104
190 -33.0551 -71.6104
510 -33.0555 -71.6093
2 -33.0547 -71.6104
836 -33.0546 -71.6085
167 -33.0546 -71.6085
714 -33.0546 -71.6085
136 -33.0545 -71.6085
951 -33.0545 -71.6085
471 -33.0544 -71.6085
126 -33.0546 -71.6085
981 -33.0544 -71.6085
502 -33.0544 -71.6085
757 -33.0544 -71.6085
398 -33.0543 -71.6085
468 -33.0547 -71.6085
158 -33.0548 -71.6084
690 -33.0548 -71.6084
952 -33.0548 -71.6084
137 -33.0548 -71.6084
328 -33.0547 -71.6084
846 -33.0547 -71.6084
316 -33.0548 -71.6084
785 -33.0543 -71.6085
671 -33.0543 -71.6085
966 -33.0543 -71.6085
752 -33.0543 -71.6085
460 -33.0543 -71.6085
704 -33.0542 -71.6085
56 -33.0542 -71.6085
741 -33.0542 -71.6085
653 -33.0541 -71.6085
369 -33.0542 -71.6085
236 -33.0541 -71.6085
990 -33.0541 -71.6085
815 -33.054 -71.6085
404 -33.054 -71.6085
182 -33.054 -71.6085
856 -33.054 -71.6085
204 -33.054 -71.6114
211 -33.054 -71.6114
343 -33.054 -71.6113
863 -33.0539 -71.6113
143 -33.0538 -71.6113
861 -33.0539 -71.6112
324 -33.0538 -71.6112
593 -33.0538 -71.6112
734 -33.0537 -71.6112
415 -33.0538 -71.611
97 -33.054 -71.6105
268 -33.0537 -71.6109
821 -33.0537 -71.6111
421 -33.0536 -71.6111
745 -33.0537 -71.6109
681 -33.0535 -71.6105
141 -33.0535 -71.6114
227 -33.0535 -71.611
607 -33.0535 -71.611
771 -33.0534 -71.611
943 -33.0533 -71.6115
936 -33.0534 -71.6114
498 -33.0534 -71.611
235 -33.0533 -71.611
299 -33.0534 -71.6103
578 -33.0533 -71.6099
782 -33.0533 -71.6089
390 -33.0533 -71.6089
68 -33.0533 -71.6109
120 -33.0533 -71.6089
556 -33.0533 -71.6089
192 -33.0537 -71.6085
284 -33.0537 -71.6085
832 -33.054 -71.6085
505 -33.0537 -71.6085
845 -33.0537 -71.6085
882 -33.0537 -71.6085
243 -33.0537 -71.6085
365 -33.0539 -71.6085
669 -33.0539 -71.6085
349 -33.0538 -71.6085
624 -33.0539 -71.6085
417 -33.0538 -71.6085
770 -33.0538 -71.6085
673 -33.0538 -71.6085
125 -33.0538 -71.6085
71 -33.0537 -71.6085
325 -33.0536 -71.6085
736 -33.0536 -71.6085
16 -33.0536 -71.6085
294 -33.0536 -71.6085
675 -33.0533 -71.6089
811 -33.0533 -71.6088
172 -33.0535 -71.6085
199 -33.0535 -71.6085
321 -33.0535 -71.6085
319 -33.0535 -71.6085
229 -33.0535 -71.6085
788 -33.0535 -71.6085
357 -33.0534 -71.6085
997 -33.0533 -71.6084
840 -33.0549 -71.6083
977 -33.0578 -71.6082
581 -33.0579 -71.6082
672 -33.058 -71.6081
362 -33.0578 -71.6082
454 -33.0577 -71.6082
332 -33.0576 -71.6081
499 -33.0576 -71.6081
79 -33.0576 -71.6081
925 -33.0585 -71.608
280 -33.0585 -71.6079
528 -33.059 -71.6079
159 -33.0584 -71.608
934 -33.0575 -71.6081
469 -33.0575 -71.6081
903 -33.0581 -71.6081
11 -33.0574 -71.6081
461 -33.0573 -71.608
400 -33.0573 -71.608
335 -33.0572 -71.608
929 -33.0572 -71.608
657 -33.0571 -71.608
700 -33.0571 -71.608
473 -33.057 -71.608
285 -33.057 -71.608
912 -33.0569 -71.608
705 -33.0569 -71.608
225 -33.0567 -71.608
858 -33.0566 -71.608
438 -33.0566 -71.608
888 -33.0566 -71.608
168 -33.0566 -71.608
419 -33.0585 -71.6079
808 -33.0591 -71.6077
474 -33.0591 -71.6076
300 -33.0595 -71.6076
677 -33.059 -71.6077
63 -33.0585 -71.6079
281 -33.0588 -71.6078
112 -33.0583 -71.6067
525 -33.058 -71.6066
331 -33.0586 -71.6066
291 -33.059 -71.6065
441 -33.0595 -71.6045
147 -33.0585 -71.6042
491 -33.0585 -71.6066
90 -33.0577 -71.6046
870 -33.0585 -71.6042
311 -33.0577 -71.6068
223 -33.0569 -71.6071
411 -33.057 -71.607
513 -33.0571 -71.607
613 -33.0569 -71.6074
83 -33.0566 -71.6072
873 -33.0567 -71.6072
477 -33.0567 -71.6072
527 -33.0572 -71.607
129 -33.0572 -71.6069
768 -33.0576 -71.6049
924 -33.0574 -71.6048
296 -33.0572 -71.6069
221 -33.0571 -71.6047
196 -33.0566 -71.6045
740 -33.0565 -71.608
282 -33.0564 -71.608
46 -33.0564 -71.608
422 -33.0564 -71.608
555 -33.0563 -71.608
833 -33.0563 -71.608
138 -33.0563 -71.608
944 -33.0562 -71.608
478 -33.0562 -71.608
592 -33.0562 -71.608
810 -33.0561 -71.6079
918 -33.0561 -71.6079
219 -33.0561 -71.6079
772 -33.0561 -71.6079
980 -33.0561 -71.6079
878 -33.056 -71.6079
723 -33.056 -71.6079
32 -33.055 -71.6083
746 -33.0552 -71.6081
110 -33.0553 -71.608
706 -33.0549 -71.6083
183 -33.0549 -71.6083
923 -33.0549 -71.6083
626 -33.0549 -71.6083
94 -33.0553 -71.608
662 -33.056 -71.6079
622 -33.0555 -71.6079
261 -33.0555 -71.6079
557 -33.0554 -71.6079
532 -33.0553 -71.608
381 -33.0553 -71.608
489 -33.056 -71.6079
715 -33.0558 -71.6079
458 -33.0558 -71.6079
378 -33.0558 -71.6079
753 -33.0558 -71.6078
664 -33.0558 -71.6078
470 -33.0557 -71.6078
156 -33.0556 -71.6078
984 -33.0557 -71.6077
472 -33.0562 -71.6074
857 -33.0563 -71.6074
922 -33.0564 -71.6073
78 -33.0562 -71.6044
825 -33.0557 -71.6077
954 -33.0559 -71.6076
769 -33.0559 -71.6076
540 -33.0556 -71.6079
350 -33.0556 -71.6078
62 -33.0556 -71.6078
73 -33.0556 -71.6078
843 -33.0555 -71.6078
503 -33.0555 -71.6078
595 -33.0543 -71.6054
98 -33.0543 -71.6054
256 -33.0544 -71.6053
937 -33.055 -71.605
169 -33.0553 -71.6044
620 -33.0553 -71.6044
293 -33.0545 -71.6046
957 -33.0534 -71.6047
99 -33.0543 -71.6046
931 -33.0532 -71.6115
615 -33.0528 -71.6121
334 -33.0526 -71.6121
70 -33.0526 -71.6121
837 -33.0525 -71.6121
801 -33.0524 -71.6121
661 -33.0523 -71.612
87 -33.0523 -71.612
356 -33.0531 -71.6116
391 -33.0531 -71.6116
433 -33.0531 -71.6115
437 -33.0531 -71.6109
233 -33.0531 -71.6109
738 -33.0531 -71.6109
82 -33.053 -71.6108
306 -33.053 -71.6108
725 -33.0522 -71.612
877 -33.0522 -71.612
265 -33.0521 -71.612
599 -33.0519 -71.612
655 -33.0519 -71.612
201 -33.0515 -71.612
942 -33.0515 -71.612
392 -33.0514 -71.612
902 -33.0514 -71.6119
517 -33.0517 -71.6118
744 -33.0517 -71.6118
372 -33.0522 -71.6117
336 -33.0514 -71.6119
915 -33.0512 -71.6119
275 -33.0512 -71.6119
449 -33.0512 -71.6118
185 -33.0529 -71.6107
707 -33.0528 -71.6106
562 -33.0526 -71.6103
181 -33.0526 -71.6103
91 -33.0526 -71.6102
625 -33.0526 -71.6102
658 -33.0526 -71.6102
534 -33.0526 -71.6102
203 -33.0524 -71.6099
623 -33.0524 -71.6099
867 -33.0523 -71.6098
382 -33.0523 -71.6098
37 -33.0515 -71.6096
594 -33.0514 -71.6097
135 -33.0515 -71.6096
953 -33.0515 -71.6096
570 -33.0514 -71.6097
352 -33.0512 -71.6099
396 -33.0512 -71.6099
114 -33.0512 -71.6099
543 -33.0512 -71.6099
684 -33.0511 -71.61
131 -33.0511 -71.6099
926 -33.0512 -71.6099
584 -33.0513 -71.6098
443 -33.0514 -71.6098
777 -33.0514 -71.6097
45 -33.0514 -71.6097
426 -33.0514 -71.6098
699 -33.0513 -71.6098
630 -33.0513 -71.6098
330 -33.0511 -71.61
522 -33.0499 -71.6118
709 -33.0499 -71.6118
665 -33.0499 -71.6117
548 -33.0499 -71.6118
654 -33.0499 -71.612
76 -33.0499 -71.6118
207 -33.0499 -71.6118
86 -33.05 -71.6116
33 -33.0509 -71.6114
96 -33.05 -71.6112
779 -33.05 -71.6112
947 -33.05 -71.6113
518 -33.05 -71.6115
804 -33.05 -71.6115
596 -33.05 -71.6113
64 -33.0499 -71.6121
119 -33.049 -71.6117
823 -33.049 -71.6117
231 -33.0491 -71.6117
971 -33.049 -71.6117
590 -33.049 -71.6118
248 -33.049 -71.6118
418 -33.049 -71.6117
807 -33.0491 -71.6116
685 -33.0498 -71.6113
444 -33.0495 -71.6112
847 -33.0494 -71.6112
153 -33.0492 -71.6112
178 -33.0492 -71.6113
634 -33.0487 -71.6112
241 -33.05 -71.6111
969 -33.0509 -71.6102
841 -33.0508 -71.6102
246 -33.0508 -71.6102
338 -33.0506 -71.6102
539 -33.0502 -71.6103
164 -33.0502 -71.6103
750 -33.0502 -71.6102
898 -33.0506 -71.6102
974 -33.0505 -71.6102
451 -33.051 -71.6101
95 -33.051 -71.6101
524 -33.0505 -71.6102
379 -33.0502 -71.6102
766 -33.0502 -71.6101
817 -33.0502 -71.6101
439 -33.0502 -71.6103
342 -33.05 -71.6111
656 -33.0501 -71.6109
58 -33.0501 -71.6108
719 -33.05 -71.6111
329 -33.05 -71.6111
312 -33.05 -71.6111
899 -33.0492 -71.6109
651 -33.0501 -71.6107
317 -33.0501 -71.6105
932 -33.0501 -71.6105
526 -33.0501 -71.6104
465 -33.0501 -71.6106
258 -33.0501 -71.6107
428 -33.0501 -71.6106
910 -33.0532 -71.6096
276 -33.0532 -71.609
375 -33.0532 -71.6084
544 -33.0531 -71.6084
395 -33.0531 -71.6084
242 -33.0531 -71.6093
737 -33.0531 -71.6091
287 -33.0531 -71.6084
993 -33.0531 -71.6084
103 -33.0531 -71.6084
230 -33.0531 -71.6084
670 -33.053 -71.6083
244 -33.0529 -71.6083
8 -33.0529 -71.6083
691 -33.0522 -71.6083
975 -33.0528 -71.6083
806 -33.0522 -71.6083
791 -33.0521 -71.6095
566 -33.0521 -71.6094
359 -33.0521 -71.6088
667 -33.0521 -71.6088
184 -33.052 -71.6089
921 -33.052 -71.6089
871 -33.052 -71.6088
264 -33.0521 -71.6086
554 -33.0521 -71.6085
887 -33.0522 -71.6084
247 -33.0522 -71.6084
682 -33.0521 -71.6086
410 -33.0521 -71.6086
67 -33.0521 -71.6086
875 -33.0521 -71.6086
720 -33.0522 -71.6083
371 -33.0527 -71.6083
257 -33.0527 -71.6082
232 -33.0527 -71.6082
339 -33.0526 -71.6082
215 -33.0526 -71.6082
813 -33.0526 -71.6082
839 -33.0525 -71.6081
564 -33.0524 -71.6081
406 -33.053 -71.6064
30 -33.0523 -71.6048
1 -33.053 -71.6047
731 -33.0523 -71.6081
358 -33.0523 -71.6081
65 -33.0523 -71.6081
826 -33.0523 -71.6048
989 -33.0522 -71.6079
267 -33.0522 -71.6082
895 -33.0522 -71.6079
122 -33.0522 -71.6079
397 -33.0522 -71.6082
245 -33.0522 -71.6082
193 -33.0522 -71.6081
776 -33.0521 -71.6079
308 -33.0522 -71.6078
388 -33.0522 -71.6077
21 -33.0522 -71.6077
194 -33.0522 -71.6077
628 -33.0522 -71.6075
913 -33.0522 -71.6073
492 -33.052 -71.6069
536 -33.052 -71.6093
429 -33.052 -71.6093
893 -33.0519 -71.6093
959 -33.0519 -71.6093
965 -33.0518 -71.6093
104 -33.0517 -71.6094
689 -33.0517 -71.6094
445 -33.0518 -71.6094
161 -33.0519 -71.6092
270 -33.0519 -71.6092
616 -33.0519 -71.6091
289 -33.052 -71.609
552 -33.0519 -71.6092
41 -33.0519 -71.6092
906 -33.0518 -71.6091
508 -33.0518 -71.6091
609 -33.0517 -71.6094
995 -33.0516 -71.6095
490 -33.0516 -71.6095
486 -33.0504 -71.6092
249 -33.0503 -71.6092
985 -33.0496 -71.6094
695 -33.0496 -71.6093
798 -33.0502 -71.6092
288 -33.0502 -71.6092
814 -33.0504 -71.609
792 -33.0504 -71.609
914 -33.0517 -71.609
702 -33.0504 -71.6091
865 -33.0501 -71.6091
4 -33.05 -71.6091
617 -33.0517 -71.609
567 -33.052 -71.6089
6 -33.052 -71.6089
717 -33.0514 -71.6088
188 -33.0511 -71.6086
59 -33.0511 -71.6086
380 -33.051 -71.6086
568 -33.051 -71.6086
28 -33.051 -71.6085
896 -33.052 -71.6068
800 -33.0519 -71.6066
149 -33.0517 -71.6049
514 -33.0517 -71.6062
781 -33.0511 -71.6085
650 -33.0512 -71.6084
121 -33.0513 -71.6084
47 -33.051 -71.6086
928 -33.0505 -71.6088
663 -33.0505 -71.6087
618 -33.0508 -71.6085
824 -33.0504 -71.6088
3 -33.0504 -71.609
729 -33.0504 -71.6089
459 -33.0504 -71.6089
39 -33.0508 -71.6085
507 -33.0506 -71.6085
346 -33.0506 -71.6085
344 -33.0505 -71.6085
559 -33.0501 -71.6085
162 -33.0499 -71.6084
533 -33.0493 -71.6037
