549 -33.0588 -71.617
978 -33.0595 -71.6167
367 -33.0583 -71.616
189 -33.0583 -71.6159
754 -33.0576 -71.6179
698 -33.0577 -71.6179
301 -33.058 -71.6177
475 -33.0615 -71.6158
686 -33.0585 -71.6152
467 -33.0582 -71.615
127 -33.0582 -71.615
582 -33.0581 -71.615
619 -33.0578 -71.6156
450 -33.058 -71.615
407 -33.0578 -71.615
537 -33.0575 -71.6149
456 -33.0571 -71.6184
271 -33.0573 -71.6183
809 -33.0574 -71.6182
803 -33.057 -71.6183
838 -33.0567 -71.6182
198 -33.0566 -71.6182
290 -33.0566 -71.6182
760 -33.0574 -71.6182
455 -33.0575 -71.6181
154 -33.0575 -71.6152
251 -33.0575 -71.6149
408 -33.0574 -71.6149
767 -33.0564 -71.6182
907 -33.0567 -71.6169
446 -33.0564 -71.6167
370 -33.0574 -71.6149
413 -33.0585 -71.6148
57 -33.0588 -71.6148
994 -33.0594 -71.6148
962 -33.0574 -71.6149
726 -33.0573 -71.6149
279 -33.0572 -71.6148
955 -33.0573 -71.6148
483 -33.0596 -71.6147
818 -33.059 -71.6145
879 -33.0591 -71.6145
60 -33.0591 -71.6144
646 -33.059 -71.6146
286 -33.059 -71.6146
636 -33.0574 -71.6146
476 -33.0574 -71.6145
123 -33.0572 -71.6148
255 -33.0572 -71.6148
107 -33.0571 -71.6148
693 -33.0571 -71.6148
134 -33.0567 -71.6148
146 -33.0566 -71.6148
580 -33.0566 -71.6148
442 -33.0567 -71.6148
602 -33.0571 -71.6148
520 -33.057 -71.6148
762 -33.057 -71.6148
269 -33.0569 -71.6147
376 -33.0569 -71.6147
816 -33.0567 -71.6148
881 -33.0568 -71.6147
105 -33.0563 -71.615
466 -33.0563 -71.6181
179 -33.0559 -71.618
166 -33.0558 -71.618
495 -33.0558 -71.618
210 -33.0557 -71.6166
891 -33.0557 -71.6166
775 -33.0557 -71.6165
377 -33.0557 -71.6165
423 -33.0563 -71.6164
403 -33.0563 -71.6164
761 -33.0559 -71.6163
434 -33.0559 -71.6163
713 -33.0557 -71.6164
973 -33.0557 -71.6164
844 -33.0558 -71.6164
547 -33.0557 -71.6168
448 -33.0555 -71.6179
431 -33.0554 -71.6179
262 -33.0552 -71.6178
849 -33.0551 -71.6214
629 -33.0551 -71.6211
930 -33.055 -71.618
177 -33.055 -71.6179
399 -33.0552 -71.6178
687 -33.0554 -71.6176
880 -33.0554 -71.6175
323 -33.0555 -71.6173
831 -33.0553 -71.6177
340 -33.0552 -71.6178
116 -33.0552 -71.6178
908 -33.0551 -71.6175
341 -33.0559 -71.6163
355 -33.0561 -71.6161
145 -33.0562 -71.616
919 -33.0562 -71.616
730 -33.0561 -71.616
216 -33.0561 -71.6157
587 -33.0561 -71.6156
373 -33.056 -71.6155
488 -33.056 -71.6153
542 -33.0562 -71.6151
150 -33.0563 -71.6151
405 -33.0563 -71.615
42 -33.0562 -71.6151
69 -33.0561 -71.6152
361 -33.0562 -71.6152
641 -33.0562 -71.6152
819 -33.0559 -71.6153
546 -33.0559 -71.6159
254 -33.0557 -71.6159
292 -33.0556 -71.6159
117 -33.0556 -71.6159
992 -33.0555 -71.6159
812 -33.0554 -71.6159
892 -33.0553 -71.6158
721 -33.0552 -71.6158
171 -33.0559 -71.6158
711 -33.0556 -71.6156
611 -33.0556 -71.6156
864 -33.0552 -71.6158
545 -33.0551 -71.6158
787 -33.055 -71.6158
869 -33.0592 -71.6144
945 -33.0603 -71.6143
774 -33.0596 -71.6139
501 -33.0596 -71.6139
531 -33.0595 -71.6139
608 -33.0592 -71.6143
640 -33.0592 -71.6143
950 -33.0589 -71.6138
464 -33.059 -71.6138
561 -33.0598 -71.6136
297 -33.0599 -71.6135
20 -33.0587 -71.6134
124 -33.0586 -71.613
51 -33.0584 -71.613
642 -33.0585 -71.613
209 -33.0586 -71.613
366 -33.0584 -71.613
948 -33.0582 -71.6142
668 -33.058 -71.6138
521 -33.0583 -71.6134
175 -33.0577 -71.6139
18 -33.0577 -71.6139
765 -33.0577 -71.6139
591 -33.0576 -71.6134
402 -33.0582 -71.613
627 -33.0584 -71.613
307 -33.0584 -71.613
751 -33.0584 -71.613
958 -33.0584 -71.613
52 -33.0583 -71.613
452 -33.0581 -71.613
733 -33.058 -71.613
305 -33.0589 -71.6129
354 -33.0604 -71.6129
976 -33.0604 -71.6128
482 -33.0605 -71.6128
917 -33.0602 -71.6128
523 -33.0597 -71.6128
414 -33.06 -71.6128
579 -33.06 -71.6128
747 -33.0605 -71.6128
420 -33.0607 -71.6126
326 -33.0609 -71.6125
790 -33.061 -71.6124
43 -33.0606 -71.6127
576 -33.0606 -71.6127
118 -33.0606 -71.6127
991 -33.0595 -71.6125
368 -33.0595 -71.6124
237 -33.059 -71.6129
967 -33.0591 -71.6129
238 -33.0592 -71.6129
12 -33.0577 -71.6129
480 -33.0577 -71.6129
927 -33.0576 -71.6129
173 -33.0576 -71.6129
19 -33.0594 -71.6129
842 -33.0583 -71.6126
560 -33.0584 -71.6124
298 -33.0588 -71.6122
563 -33.0583 -71.6126
35 -33.0576 -71.6129
872 -33.0583 -71.6127
963 -33.0575 -71.6139
389 -33.0574 -71.6143
822 -33.0575 -71.6139
61 -33.0575 -71.6139
743 -33.0574 -71.6144
773 -33.0573 -71.6137
571 -33.0573 -71.6137
274 -33.0572 -71.6136
214 -33.0575 -71.6128
679 -33.0575 -71.6128
351 -33.0575 -71.6128
14 -33.0574 -71.6128
29 -33.0574 -71.6128
15 -33.0573 -71.6128
676 -33.0572 -71.6127
295 -33.0571 -71.6127
303 -33.0571 -71.6127
424 -33.057 -71.6134
512 -33.0568 -71.6133
7 -33.0567 -71.6133
797 -33.0566 -71.6132
40 -33.0565 -71.6132
506 -33.0565 -71.6132
89 -33.0555 -71.6131
551 -33.0555 -71.6131
197 -33.0571 -71.6127
909 -33.057 -71.6127
674 -33.0568 -71.6126
49 -33.0561 -71.6131
212 -33.0558 -71.6131
228 -33.0552 -71.6131
848 -33.0568 -71.6126
916 -33.0568 -71.6126
387 -33.0566 -71.6125
23 -33.0566 -71.6125
789 -33.0566 -71.6125
577 -33.0566 -71.6125
252 -33.0565 -71.6125
272 -33.0564 -71.6124
310 -33.0562 -71.6124
160 -33.0562 -71.6123
998 -33.0561 -71.6123
649 -33.056 -71.6123
601 -33.056 -71.6123
347 -33.0559 -71.6123
603 -33.0559 -71.6123
224 -33.0559 -71.6123
386 -33.0558 -71.6123
905 -33.0553 -71.6124
102 -33.0553 -71.6124
759 -33.0554 -71.6124
108 -33.0552 -71.6124
208 -33.0551 -71.6124
200 -33.0551 -71.6124
202 -33.055 -71.6124
151 -33.0555 -71.6124
742 -33.0558 -71.6123
986 -33.0558 -71.6123
645 -33.0558 -71.6123
575 -33.0557 -71.6123
22 -33.0556 -71.6123
309 -33.0556 -71.6123
600 -33.055 -71.6131
409 -33.0549 -71.6206
315 -33.0547 -71.6189
38 -33.0547 -71.6189
703 -33.0546 -71.6189
710 -33.0544 -71.6201
92 -33.0544 -71.6201
226 -33.0545 -71.6189
890 -33.0545 -71.6189
497 -33.0545 -71.6189
5 -33.0545 -71.6189
115 -33.0545 -71.6189
647 -33.0545 -71.6189
796 -33.0544 -71.6189
85 -33.0543 -71.6189
142 -33.0543 -71.6189
987 -33.0543 -71.62
25 -33.0542 -71.62
598 -33.054 -71.6198
550 -33.0542 -71.6189
589 -33.0538 -71.6197
786 -33.0538 -71.6197
829 -33.0537 -71.6197
979 -33.0536 -71.6196
66 -33.0542 -71.6189
176 -33.0541 -71.6189
940 -33.054 -71.6189
313 -33.0539 -71.6188
961 -33.0537 -71.6188
217 -33.0535 -71.6189
53 -33.0537 -71.6188
697 -33.0535 -71.6188
479 -33.0535 -71.6188
678 -33.0548 -71.6186
260 -33.0549 -71.6185
17 -33.0548 -71.6184
500 -33.0548 -71.6188
327 -33.0548 -71.6188
163 -33.0546 -71.6184
393 -33.0548 -71.6184
250 -33.0548 -71.6184
487 -33.0549 -71.6183
266 -33.055 -71.6181
253 -33.055 -71.618
946 -33.0549 -71.6174
614 -33.0549 -71.6183
727 -33.0549 -71.6183
632 -33.0549 -71.6183
565 -33.0546 -71.6157
111 -33.0544 -71.6184
504 -33.0545 -71.6184
830 -33.0545 -71.6184
144 -33.0543 -71.6184
859 -33.0536 -71.6185
412 -33.054 -71.6184
597 -33.0542 -71.6184
128 -33.0545 -71.6184
852 -33.0545 -71.6184
860 -33.0545 -71.6157
320 -33.0544 -71.6157
795 -33.0542 -71.6157
93 -33.0541 -71.6156
148 -33.054 -71.6156
109 -33.0535 -71.6191
883 -33.0535 -71.6193
904 -33.0534 -71.6187
364 -33.0534 -71.6187
130 -33.0531 -71.6187
165 -33.053 -71.6187
983 -33.0527 -71.6187
10 -33.0527 -71.6187
949 -33.0526 -71.6187
999 -33.0535 -71.6185
708 -33.0515 -71.6184
511 -33.0512 -71.6183
427 -33.0505 -71.618
101 -33.0492 -71.6183
509 -33.0503 -71.6179
516 -33.0496 -71.6177
360 -33.0491 -71.6163
802 -33.0489 -71.617
277 -33.0489 -71.617
322 -33.0489 -71.6169
139 -33.0489 -71.617
205 -33.0489 -71.6171
820 -33.0489 -71.617
938 -33.0489 -71.617
735 -33.049 -71.6168
633 -33.049 -71.6166
447 -33.0491 -71.6164
718 -33.0491 -71.6163
222 -33.049 -71.6167
696 -33.049 -71.6168
988 -33.049 -71.6167
764 -33.0495 -71.6162
850 -33.0528 -71.6159
574 -33.0529 -71.6158
106 -33.0529 -71.6158
688 -33.0528 -71.6159
884 -33.0527 -71.6159
572 -33.0526 -71.6158
13 -33.0526 -71.6158
191 -33.0525 -71.6157
174 -33.0524 -71.6157
273 -33.0524 -71.6157
652 -33.0524 -71.6157
692 -33.0522 -71.6157
900 -33.0521 -71.6156
712 -33.052 -71.6156
529 -33.052 -71.6156
263 -33.0518 -71.6156
911 -33.0496 -71.616
644 -33.0497 -71.6159
493 -33.0492 -71.6158
935 -33.0492 -71.6159
34 -33.0491 -71.6161
80 -33.0492 -71.6159
485 -33.0492 -71.6159
635 -33.0503 -71.6158
610 -33.0501 -71.6157
453 -33.0518 -71.6156
239 -33.0517 -71.6156
583 -33.0492 -71.6156
220 -33.048 -71.6156
784 -33.0481 -71.6156
430 -33.0539 -71.6156
885 -33.055 -71.6131
204 -33.0549 -71.613
211 -33.0549 -71.6129
343 -33.0549 -71.6129
585 -33.0547 -71.615
835 -33.0545 -71.6149
593 -33.0547 -71.6128
734 -33.0546 -71.6127
863 -33.055 -71.6124
615 -33.0549 -71.6124
324 -33.0548 -71.6124
70 -33.0548 -71.6124
334 -33.0548 -71.6124
837 -33.0547 -71.6124
801 -33.0546 -71.6124
421 -33.0545 -71.6126
756 -33.0538 -71.6156
385 -33.0538 -71.6156
783 -33.0537 -71.6156
75 -33.0531 -71.6155
304 -33.053 -71.6155
195 -33.053 -71.6155
496 -33.053 -71.6155
739 -33.0543 -71.6147
100 -33.0542 -71.6147
749 -33.0538 -71.6144
659 -33.0535 -71.6142
24 -33.0532 -71.614
964 -33.0532 -71.614
494 -33.0528 -71.6138
353 -33.0517 -71.6131
68 -33.0542 -71.6123
87 -33.0545 -71.6123
607 -33.0545 -71.6123
227 -33.0545 -71.6123
661 -33.0545 -71.6123
771 -33.0544 -71.6123
498 -33.0544 -71.6123
725 -33.0544 -71.6123
877 -33.0544 -71.6123
265 -33.0543 -71.6123
185 -33.0544 -71.6122
707 -33.0545 -71.6122
235 -33.0543 -71.6123
437 -33.0542 -71.6123
233 -33.0542 -71.6122
306 -33.0542 -71.6122
82 -33.0542 -71.6123
599 -33.0541 -71.6123
655 -33.0541 -71.6123
738 -33.0542 -71.6123
942 -33.0537 -71.6122
201 -33.0537 -71.6122
392 -33.0536 -71.6122
902 -33.0536 -71.6122
275 -33.0533 -71.6122
449 -33.0532 -71.6121
996 -33.0531 -71.6121
805 -33.0529 -71.6121
186 -33.0529 -71.6121
588 -33.0527 -71.6121
638 -33.0526 -71.6121
416 -33.0515 -71.6156
573 -33.0514 -71.6156
889 -33.0513 -71.6156
170 -33.0512 -71.6156
333 -33.0512 -71.6156
113 -33.0511 -71.6156
639 -33.051 -71.6156
155 -33.0509 -71.6156
605 -33.0509 -71.6156
763 -33.0507 -71.6155
157 -33.0506 -71.6155
794 -33.0506 -71.6155
901 -33.0496 -71.6134
694 -33.0495 -71.6139
383 -33.0495 -71.6138
799 -33.0496 -71.6136
716 -33.0495 -71.6139
939 -33.0493 -71.6153
755 -33.0493 -71.6151
55 -33.0493 -71.6151
9 -33.0493 -71.6154
484 -33.0493 -71.6154
732 -33.0493 -71.6154
982 -33.0481 -71.6154
722 -33.0494 -71.6148
152 -33.0494 -71.6148
530 -33.0494 -71.6147
724 -33.0485 -71.6138
827 -33.0484 -71.6141
88 -33.0483 -71.6148
643 -33.0484 -71.6144
283 -33.0496 -71.6133
54 -33.0514 -71.6131
834 -33.0506 -71.6131
851 -33.0511 -71.613
394 -33.0505 -71.613
660 -33.0504 -71.613
855 -33.0504 -71.613
314 -33.0504 -71.613
862 -33.05 -71.613
44 -33.0511 -71.6123
337 -33.0511 -71.6122
758 -33.0512 -71.6121
780 -33.0511 -71.6125
31 -33.0511 -71.6128
77 -33.0511 -71.6127
36 -33.0499 -71.6121
868 -33.0498 -71.6121
440 -33.0497 -71.6131
604 -33.0494 -71.6129
81 -33.0493 -71.6129
348 -33.0493 -71.6129
968 -33.0486 -71.6133
972 -33.0487 -71.6131
793 -33.0487 -71.6131
553 -33.0491 -71.6129
318 -33.0498 -71.6126
213 -33.0498 -71.6125
897 -33.0498 -71.6125
206 -33.0497 -71.6129
48 -33.0488 -71.6125
933 -33.0489 -71.6124
666 -33.0526 -71.6121
463 -33.059 -71.6105
72 -33.0591 -71.6105
970 -33.0608 -71.6101
362 -33.0589 -71.6095
259 -33.0583 -71.6113
748 -33.0586 -71.6113
876 -33.0582 -71.6106
657 -33.0584 -71.6095
474 -33.0609 -71.6088
677 -33.0607 -71.6088
63 -33.0605 -71.6085
419 -33.0605 -71.6084
454 -33.0582 -71.609
132 -33.0598 -71.6088
138 -33.0584 -71.6085
606 -33.0581 -71.6107
886 -33.0581 -71.6109
866 -33.0581 -71.6105
569 -33.0579 -71.6103
384 -33.0577 -71.6102
26 -33.0577 -71.6102
558 -33.0576 -71.6102
510 -33.0575 -71.6101
190 -33.0572 -71.6099
156 -33.0578 -71.6082
73 -33.0578 -71.6082
62 -33.0578 -71.6082
350 -33.0578 -71.6082
187 -33.0569 -71.6098
874 -33.0576 -71.6088
535 -33.0575 -71.6088
664 -33.0579 -71.6082
903 -33.0601 -71.6081
672 -33.06 -71.6081
878 -33.0582 -71.6081
723 -33.0582 -71.6081
753 -33.058 -71.6081
715 -33.058 -71.6081
489 -33.0581 -71.6081
662 -33.0582 -71.6081
581 -33.0599 -71.608
592 -33.0584 -71.608
944 -33.0584 -71.608
810 -33.0583 -71.608
772 -33.0582 -71.608
219 -33.0583 -71.608
918 -33.0583 -71.608
470 -33.058 -71.6081
378 -33.0579 -71.6082
458 -33.058 -71.6082
557 -33.0576 -71.6081
381 -33.0575 -71.6081
110 -33.0574 -71.6081
532 -33.0574 -71.6081
94 -33.0574 -71.6081
746 -33.0574 -71.6081
626 -33.0571 -71.608
923 -33.057 -71.608
183 -33.057 -71.608
952 -33.0569 -71.608
137 -33.0569 -71.608
690 -33.0568 -71.608
846 -33.0568 -71.608
681 -33.0557 -71.6104
97 -33.0561 -71.6102
2 -33.0565 -71.6096
415 -33.0552 -71.6104
861 -33.055 -71.6104
268 -33.0551 -71.6099
745 -33.0552 -71.6099
540 -33.0559 -71.6095
706 -33.0558 -71.6092
815 -33.0559 -71.6083
276 -33.0552 -71.6081
230 -33.0551 -71.6081
244 -33.055 -71.6082
8 -33.0551 -71.6082
670 -33.0551 -71.6082
737 -33.055 -71.6082
143 -33.0548 -71.6104
821 -33.0548 -71.6104
813 -33.0547 -71.6084
910 -33.0547 -71.6085
141 -33.0546 -71.6105
564 -33.0545 -71.6085
839 -33.0546 -71.6085
215 -33.0547 -71.6084
242 -33.0549 -71.6083
371 -33.0549 -71.6083
975 -33.0549 -71.6083
257 -33.0548 -71.6084
339 -33.0548 -71.6084
232 -33.0548 -71.6084
103 -33.0552 -71.6081
468 -33.0567 -71.608
126 -33.0567 -71.608
328 -33.0568 -71.608
836 -33.0566 -71.608
714 -33.0566 -71.608
167 -33.0566 -71.608
471 -33.0564 -71.608
757 -33.0564 -71.608
981 -33.0564 -71.608
502 -33.0564 -71.608
398 -33.0564 -71.608
966 -33.0564 -71.608
671 -33.0564 -71.608
785 -33.0563 -71.608
752 -33.0563 -71.608
704 -33.0563 -71.608
120 -33.0552 -71.6081
390 -33.0552 -71.6081
782 -33.0553 -71.608
395 -33.0552 -71.6081
993 -33.0552 -71.6081
287 -33.0552 -71.6081
544 -33.0552 -71.6081
673 -33.0557 -71.608
770 -33.0557 -71.608
556 -33.0553 -71.608
997 -33.0554 -71.608
675 -33.0553 -71.608
375 -33.0553 -71.608
811 -33.0553 -71.608
478 -33.0584 -71.608
332 -33.0597 -71.6079
499 -33.0597 -71.6079
977 -33.06 -71.6077
79 -33.0597 -71.6078
934 -33.0596 -71.6078
469 -33.0595 -71.6077
11 -33.0595 -71.6077
925 -33.0606 -71.6076
159 -33.0606 -71.6076
461 -33.0594 -71.6076
400 -33.0594 -71.6076
335 -33.0593 -71.6076
473 -33.0591 -71.6076
700 -33.0592 -71.6076
280 -33.0591 -71.6075
285 -33.0591 -71.6077
528 -33.059 -71.6079
740 -33.0587 -71.6079
438 -33.0587 -71.6079
282 -33.0586 -71.6079
833 -33.0585 -71.6079
46 -33.0586 -71.6079
422 -33.0586 -71.6079
858 -33.0587 -71.6079
225 -33.0589 -71.6078
705 -33.059 -71.6077
912 -33.0591 -71.6077
929 -33.0589 -71.6078
888 -33.0588 -71.6078
980 -33.058 -71.6077
555 -33.0582 -71.6075
168 -33.0582 -71.6071
808 -33.061 -71.6071
300 -33.0606 -71.6068
112 -33.0603 -71.6058
281 -33.0602 -71.607
296 -33.0594 -71.6064
129 -33.0594 -71.6064
311 -33.0599 -71.6063
491 -33.0606 -71.6058
291 -33.0609 -71.6053
441 -33.0616 -71.605
147 -33.0606 -71.6046
331 -33.0606 -71.6055
870 -33.0605 -71.6046
90 -33.0597 -71.6045
924 -33.0594 -71.6044
527 -33.0592 -71.6063
83 -33.0587 -71.6066
873 -33.0588 -71.6065
411 -33.0592 -71.6064
922 -33.0585 -71.6066
954 -33.058 -71.6068
769 -33.058 -71.6067
857 -33.0584 -71.6066
513 -33.0591 -71.6063
525 -33.059 -71.6063
221 -33.059 -71.6053
196 -33.0586 -71.605
223 -33.0585 -71.6062
477 -33.058 -71.6059
78 -33.0583 -71.6043
825 -33.0578 -71.6068
369 -33.0562 -71.608
56 -33.0562 -71.608
741 -33.0562 -71.608
653 -33.0562 -71.608
236 -33.0562 -71.6079
856 -33.0561 -71.6079
182 -33.056 -71.6079
832 -33.056 -71.6079
365 -33.0559 -71.6079
624 -33.0559 -71.6079
417 -33.0558 -71.6076
192 -33.0558 -71.6078
882 -33.0557 -71.6078
284 -33.0558 -71.6077
125 -33.0558 -71.6077
243 -33.0557 -71.6078
71 -33.0557 -71.6078
736 -33.0556 -71.6078
325 -33.0556 -71.6078
229 -33.0556 -71.6078
357 -33.0554 -71.6079
788 -33.0555 -71.6078
321 -33.0556 -71.6078
294 -33.0556 -71.6078
16 -33.0556 -71.6078
845 -33.0557 -71.6077
505 -33.0557 -71.6077
199 -33.0556 -71.6078
319 -33.0556 -71.6078
172 -33.0556 -71.6078
349 -33.0558 -71.6076
503 -33.0576 -71.6076
613 -33.0577 -71.6073
261 -33.0574 -71.6069
32 -33.0569 -71.6071
158 -33.0568 -71.6072
840 -33.0569 -71.6071
316 -33.0566 -71.6071
622 -33.0575 -71.6069
843 -33.0576 -71.6068
984 -33.0576 -71.6065
768 -33.0576 -71.6049
472 -33.0575 -71.6061
169 -33.0574 -71.6048
620 -33.0574 -71.6048
937 -33.057 -71.6046
293 -33.0565 -71.6045
460 -33.0562 -71.6074
951 -33.0564 -71.6073
136 -33.0565 -71.6073
990 -33.0561 -71.6075
669 -33.0559 -71.6076
404 -33.056 -71.6075
406 -33.0547 -71.6052
30 -33.0545 -71.6046
99 -33.0564 -71.6045
256 -33.0563 -71.6044
98 -33.0562 -71.6044
595 -33.0562 -71.6044
1 -33.0552 -71.6044
957 -33.0556 -71.6044
731 -33.0544 -71.6085
181 -33.0543 -71.6119
625 -33.0543 -71.6118
91 -33.0543 -71.6118
562 -33.0543 -71.6118
658 -33.0542 -71.6118
534 -33.0542 -71.6117
203 -33.0541 -71.6115
623 -33.054 -71.6114
867 -33.054 -71.6114
382 -33.054 -71.6114
744 -33.0539 -71.6112
517 -33.0539 -71.6112
336 -33.0536 -71.6114
791 -33.0537 -71.6112
566 -33.0536 -71.6111
536 -33.0535 -71.6111
33 -33.0522 -71.612
74 -33.0518 -71.6118
27 -33.0519 -71.6118
683 -33.0517 -71.612
401 -33.0514 -71.6119
345 -33.0516 -71.6118
133 -33.0516 -71.6118
278 -33.0519 -71.6118
915 -33.0534 -71.6114
429 -33.0535 -71.6111
161 -33.0535 -71.611
621 -33.0532 -71.6115
920 -33.0524 -71.6117
894 -33.0526 -71.6116
180 -33.0529 -71.6116
270 -33.0534 -71.611
906 -33.0533 -71.611
508 -33.0533 -71.611
372 -33.0537 -71.6109
617 -33.0532 -71.6109
914 -33.0532 -71.6109
995 -33.053 -71.6109
717 -33.0529 -71.6107
391 -33.0541 -71.6105
433 -33.0542 -71.6105
931 -33.0543 -71.6105
356 -33.0533 -71.6098
943 -33.0532 -71.6096
188 -33.0527 -71.6103
59 -33.0526 -71.6103
936 -33.0531 -71.6095
568 -33.0526 -71.6103
380 -33.0526 -71.6102
618 -33.0525 -71.6101
346 -33.0524 -71.6099
329 -33.0514 -71.6097
241 -33.0514 -71.6097
779 -33.0514 -71.6097
312 -33.0514 -71.6097
719 -33.0515 -71.6096
559 -33.0521 -71.6095
651 -33.0516 -71.6095
428 -33.0517 -71.6094
58 -33.0516 -71.6095
342 -33.0515 -71.6096
656 -33.0515 -71.6096
96 -33.0514 -71.6097
374 -33.05 -71.6111
462 -33.05 -71.6111
648 -33.0501 -71.6108
302 -33.05 -71.6112
612 -33.05 -71.6115
432 -33.05 -71.6112
515 -33.05 -71.6112
538 -33.0501 -71.6108
680 -33.0502 -71.6103
234 -33.0502 -71.6103
590 -33.0502 -71.6102
701 -33.0502 -71.6103
637 -33.0501 -71.6106
728 -33.0501 -71.6106
0 -33.0501 -71.6105
586 -33.0499 -71.6118
631 -33.0499 -71.6119
854 -33.0499 -71.6118
960 -33.0497 -71.6113
435 -33.0492 -71.6112
853 -33.0491 -71.6116
140 -33.0491 -71.6116
941 -33.0491 -71.6114
218 -33.0496 -71.6112
519 -33.0496 -71.6112
778 -33.0494 -71.6112
436 -33.0495 -71.6112
541 -33.0494 -71.6112
84 -33.0494 -71.6112
50 -33.0492 -71.6112
823 -33.0502 -71.6102
444 -33.051 -71.6101
665 -33.051 -71.6101
709 -33.051 -71.6101
76 -33.051 -71.6101
207 -33.0509 -71.6102
847 -33.0509 -71.6102
654 -33.0508 -71.6102
548 -33.051 -71.6101
804 -33.0512 -71.6099
947 -33.0513 -71.6098
596 -33.0513 -71.6098
685 -33.0512 -71.6099
522 -33.051 -71.6101
86 -33.0511 -71.61
518 -33.0512 -71.6099
64 -33.0507 -71.6102
240 -33.0507 -71.6102
363 -33.0506 -71.6102
153 -33.0506 -71.6102
425 -33.0506 -71.6102
418 -33.0502 -71.6102
231 -33.0502 -71.6102
178 -33.0506 -71.6102
828 -33.0505 -71.6102
481 -33.0505 -71.6102
956 -33.0503 -71.6101
457 -33.0503 -71.6101
807 -33.0503 -71.6102
119 -33.0502 -71.6101
634 -33.0502 -71.6101
258 -33.0518 -71.6094
358 -33.0544 -71.6085
65 -33.0544 -71.6085
578 -33.0544 -71.6085
267 -33.0543 -71.6085
122 -33.0543 -71.6085
989 -33.0543 -71.6085
895 -33.0543 -71.6085
397 -33.0543 -71.6085
193 -33.0543 -71.6085
245 -33.0543 -71.6085
720 -33.0542 -71.6085
806 -33.0542 -71.6085
691 -33.0542 -71.6085
308 -33.0542 -71.6085
247 -33.0542 -71.6085
388 -33.0541 -71.6085
887 -33.0541 -71.6085
21 -33.0541 -71.6085
554 -33.054 -71.6085
184 -33.0537 -71.6085
567 -33.0536 -71.6085
289 -33.0536 -71.6085
6 -33.0537 -71.6085
299 -33.054 -71.6085
194 -33.054 -71.6085
628 -33.054 -71.6085
682 -33.054 -71.6085
67 -33.0539 -71.6085
875 -33.0539 -71.6085
871 -33.0538 -71.6085
410 -33.0539 -71.6085
264 -33.0539 -71.6085
913 -33.0538 -71.6085
667 -33.0538 -71.6085
359 -33.0538 -71.6085
921 -33.0538 -71.6085
616 -33.0535 -71.6085
492 -33.0534 -71.6085
552 -33.0534 -71.6085
41 -33.0534 -71.6085
893 -33.0534 -71.6085
149 -33.0537 -71.6048
826 -33.0544 -71.6046
776 -33.0534 -71.6064
959 -33.0533 -71.6084
896 -33.0533 -71.6084
965 -33.0533 -71.6084
650 -33.0533 -71.6084
445 -33.0532 -71.6084
689 -33.0532 -71.6084
800 -33.0532 -71.6084
609 -33.0532 -71.6084
104 -33.0531 -71.6084
490 -33.0531 -71.6084
28 -33.053 -71.6083
47 -33.053 -71.6083
135 -33.0529 -71.6083
953 -33.0529 -71.6083
37 -33.0529 -71.6083
594 -33.0528 -71.6083
39 -33.0528 -71.6083
570 -33.0528 -71.6083
777 -33.0527 -71.6082
898 -33.0521 -71.6085
246 -33.0522 -71.6083
969 -33.0522 -71.6083
524 -33.0521 -71.6086
379 -33.052 -71.6089
974 -33.0521 -71.6086
338 -33.0521 -71.6086
841 -33.0522 -71.6083
45 -33.0527 -71.6082
630 -33.0527 -71.6082
514 -33.0527 -71.6082
426 -33.0527 -71.6082
443 -33.0527 -71.6082
699 -33.0526 -71.6082
926 -33.0526 -71.6082
766 -33.052 -71.609
317 -33.0519 -71.6093
526 -33.0519 -71.6092
164 -33.0519 -71.6092
932 -33.0518 -71.6093
465 -33.0518 -71.6093
248 -33.0496 -71.6092
971 -33.0496 -71.6092
439 -33.0519 -71.6092
539 -33.0519 -71.6091
817 -33.052 -71.609
750 -33.052 -71.609
695 -33.0512 -71.6084
899 -33.0503 -71.6092
985 -33.0511 -71.6085
584 -33.0526 -71.6082
114 -33.0526 -71.6082
543 -33.0526 -71.6082
344 -33.0526 -71.6082
396 -33.0525 -71.6082
352 -33.0525 -71.6082
131 -33.0524 -71.6081
684 -33.0524 -71.6081
928 -33.0524 -71.6081
663 -33.0523 -71.6081
781 -33.0525 -71.6069
121 -33.0527 -71.6067
330 -33.0523 -71.6081
95 -33.0523 -71.6081
451 -33.0523 -71.6081
824 -33.0523 -71.6081
459 -33.0522 -71.6081
3 -33.0522 -71.6081
814 -33.0521 -71.6081
486 -33.0521 -71.6081
702 -33.052 -71.608
4 -33.0517 -71.6082
865 -33.0519 -71.6081
288 -33.0519 -71.608
162 -33.052 -71.608
792 -33.0522 -71.6079
729 -33.0522 -71.6079
507 -33.0522 -71.6073
798 -33.052 -71.608
249 -33.0519 -71.608
533 -33.051 -71.6051
