497 -33.0513 -71.626
940 -33.0516 -71.6258
327 -33.0512 -71.6256
142 -33.0511 -71.626
176 -33.0508 -71.6259
38 -33.051 -71.6255
935 -33.0511 -71.6254
266 -33.0518 -71.6254
930 -33.0517 -71.6252
880 -33.0517 -71.6238
177 -33.0513 -71.6237
732 -33.0513 -71.6248
315 -33.0512 -71.6248
253 -33.0513 -71.6245
799 -33.0512 -71.6243
115 -33.0506 -71.6249
961 -33.0506 -71.6259
66 -33.0504 -71.6255
85 -33.0505 -71.6251
716 -33.0503 -71.6245
217 -33.0499 -71.6257
479 -33.05 -71.6254
796 -33.0501 -71.6244
647 -33.05 -71.6243
678 -33.0506 -71.6243
890 -33.0503 -71.6239
703 -33.0504 -71.6237
440 -33.0503 -71.624
694 -33.05 -71.6243
5 -33.0501 -71.6242
226 -33.0503 -71.6241
500 -33.0506 -71.6235
210 -33.0517 -71.6225
377 -33.0516 -71.6223
373 -33.0516 -71.6213
487 -33.0513 -71.6229
260 -33.0509 -71.6233
179 -33.051 -71.6222
713 -33.0506 -71.6216
74 -33.0506 -71.6211
542 -33.0516 -71.6205
301 -33.0516 -71.6204
69 -33.0508 -71.6202
76 -33.0508 -71.6207
761 -33.0507 -71.6208
838 -33.0508 -71.6208
341 -33.0507 -71.6207
425 -33.0506 -71.6214
283 -33.0501 -71.623
637 -33.0505 -71.6225
956 -33.0504 -71.6218
302 -33.0499 -71.6225
901 -33.0499 -71.6229
234 -33.0499 -71.622
166 -33.0499 -71.6215
775 -33.0504 -71.6215
973 -33.0504 -71.6209
355 -33.0505 -71.6206
216 -33.0504 -71.6203
547 -33.0502 -71.6213
760 -33.0501 -71.6203
456 -33.0501 -71.6203
313 -33.0499 -71.6235
883 -33.0493 -71.6253
34 -33.0495 -71.6252
109 -33.0497 -71.6249
447 -33.0492 -71.625
101 -33.0492 -71.6258
786 -33.0489 -71.6254
633 -33.0491 -71.6253
829 -33.0492 -71.6248
550 -33.0498 -71.6242
206 -33.0494 -71.6235
53 -33.0495 -71.6231
697 -33.0492 -71.6242
597 -33.0489 -71.6235
213 -33.0491 -71.6232
374 -33.0489 -71.6225
852 -33.0488 -71.6232
598 -33.0488 -71.6258
493 -33.0488 -71.6247
979 -33.0486 -71.624
735 -33.0485 -71.6254
360 -33.0483 -71.6253
92 -33.0481 -71.6252
987 -33.0482 -71.6251
589 -33.0485 -71.6238
144 -33.0487 -71.6234
250 -33.0488 -71.623
632 -33.0483 -71.6226
17 -33.0482 -71.6226
412 -33.0481 -71.6234
111 -33.048 -71.6229
163 -33.0481 -71.6228
77 -33.0498 -71.6225
432 -33.0499 -71.6224
399 -33.0496 -71.6224
116 -33.0496 -71.6223
401 -33.0492 -71.622
340 -33.0491 -71.6223
780 -33.0488 -71.6223
448 -33.0491 -71.6223
804 -33.0493 -71.6211
86 -33.0497 -71.6209
844 -33.0496 -71.6209
656 -33.0497 -71.6203
539 -33.0494 -71.6202
891 -33.0489 -71.6209
198 -33.049 -71.6208
434 -33.0488 -71.6202
522 -33.0488 -71.6212
262 -33.0485 -71.6222
457 -33.0486 -71.6217
687 -33.0486 -71.6217
831 -33.0485 -71.6217
337 -33.0484 -71.6223
783 -33.0481 -71.6219
481 -33.0481 -71.6219
701 -33.0487 -71.6217
363 -33.0484 -71.6216
323 -33.0486 -71.6212
721 -33.0483 -71.6205
767 -33.0482 -71.6203
654 -33.0481 -71.6214
565 -33.0481 -71.621
992 -33.0481 -71.6202
881 -33.0517 -71.6197
765 -33.0516 -71.6192
413 -33.0516 -71.6191
816 -33.0516 -71.6196
680 -33.0511 -71.6199
376 -33.0515 -71.6199
537 -33.0508 -71.6193
57 -33.0507 -71.6183
560 -33.0514 -71.6177
931 -33.0515 -71.6175
936 -33.0515 -71.6174
774 -33.0514 -71.6177
869 -33.051 -71.6182
646 -33.0508 -71.6181
356 -33.0509 -71.6174
428 -33.0507 -71.6194
587 -33.0504 -71.6201
919 -33.0503 -71.6197
370 -33.0505 -71.6191
379 -33.0502 -71.6194
524 -33.0501 -71.6194
134 -33.0498 -71.6191
189 -33.0501 -71.6183
963 -33.0501 -71.6182
668 -33.0506 -71.6181
389 -33.0502 -71.6173
286 -33.0506 -71.6169
367 -33.05 -71.6182
582 -33.0498 -71.6179
978 -33.0498 -71.6176
433 -33.05 -71.6172
640 -33.051 -71.6167
945 -33.0519 -71.6162
118 -33.0518 -71.6157
991 -33.0516 -71.6157
475 -33.0516 -71.6167
842 -33.0514 -71.6167
792 -33.0514 -71.616
299 -33.0514 -71.6159
578 -33.0515 -71.6155
872 -33.0516 -71.6149
782 -33.0518 -71.6149
976 -33.0516 -71.6149
507 -33.0516 -71.6154
2 -33.0514 -71.615
242 -33.0512 -71.6149
482 -33.0514 -71.6148
426 -33.0512 -71.6163
943 -33.0508 -71.6167
20 -33.0509 -71.6163
268 -33.051 -71.6162
818 -33.0507 -71.6163
18 -33.05 -71.6167
608 -33.0501 -71.616
464 -33.0503 -71.616
893 -33.0499 -71.616
297 -33.051 -71.6154
910 -33.051 -71.6151
950 -33.0508 -71.6149
879 -33.0499 -71.6155
60 -33.0498 -71.6158
6 -33.0499 -71.6156
554 -33.0498 -71.6166
42 -33.0497 -71.6196
352 -33.0494 -71.6188
255 -33.0495 -71.6185
549 -33.0493 -71.6185
841 -33.0493 -71.6193
361 -33.0489 -71.6193
543 -33.049 -71.6187
95 -33.0497 -71.6184
443 -33.0494 -71.6184
407 -33.0495 -71.6177
689 -33.0495 -71.6173
391 -33.0492 -71.6172
146 -33.0489 -71.618
408 -33.0492 -71.6176
41 -33.0491 -71.6173
871 -33.0489 -71.6175
812 -33.0483 -71.6201
641 -33.0484 -71.6186
150 -33.0484 -71.6186
396 -33.0482 -71.6191
455 -33.0481 -71.6189
754 -33.0482 -71.6189
684 -33.0481 -71.6188
570 -33.0488 -71.6185
269 -33.0487 -71.6177
107 -33.0488 -71.6175
921 -33.0488 -71.6175
959 -33.0486 -71.6181
609 -33.0485 -71.6184
442 -33.0482 -71.6174
743 -33.0494 -71.6171
450 -33.0496 -71.6166
822 -33.0496 -71.6166
887 -33.0496 -71.6164
295 -33.0492 -71.6159
476 -33.0489 -71.6168
415 -33.0489 -71.6167
257 -33.0489 -71.6159
375 -33.0492 -71.6158
321 -33.0495 -71.6153
882 -33.0493 -71.6151
349 -33.0496 -71.6149
284 -33.0493 -71.6152
762 -33.049 -71.615
229 -33.049 -71.615
319 -33.049 -71.615
955 -33.0488 -71.6171
123 -33.0485 -71.6168
726 -33.0486 -71.6166
251 -33.0487 -71.6164
184 -33.0485 -71.6171
141 -33.0484 -71.617
602 -33.0484 -71.6167
693 -33.0481 -71.6164
682 -33.0482 -71.6163
279 -33.0485 -71.616
290 -33.0484 -71.6154
252 -33.0483 -71.6153
745 -33.0482 -71.6155
520 -33.048 -71.6163
731 -33.048 -71.6158
207 -33.048 -71.6213
849 -33.0474 -71.6258
409 -33.0477 -71.6254
755 -33.0472 -71.625
629 -33.0471 -71.6248
583 -33.0471 -71.6258
509 -33.0471 -71.6257
722 -33.0471 -71.6248
484 -33.0476 -71.6245
25 -33.0479 -71.6243
854 -33.048 -71.6237
859 -33.0479 -71.6237
710 -33.0476 -71.6243
152 -33.0472 -71.6242
868 -33.0474 -71.6237
36 -33.0472 -71.6237
911 -33.047 -71.6258
9 -33.0464 -71.6257
55 -33.0468 -71.6254
530 -33.0466 -71.6253
939 -33.0464 -71.6257
764 -33.0462 -71.6259
80 -33.0458 -71.6255
485 -33.0459 -71.6254
708 -33.0465 -71.6248
511 -33.0468 -71.6247
453 -33.0468 -71.6238
130 -33.0467 -71.6237
900 -33.0464 -71.6238
383 -33.0462 -71.6243
692 -33.0464 -71.6237
318 -33.0458 -71.6236
999 -33.0475 -71.6235
586 -33.048 -71.6233
688 -33.0476 -71.6232
0 -33.0478 -71.6227
27 -33.0474 -71.6218
462 -33.0469 -71.6233
195 -33.0473 -71.6231
64 -33.047 -71.6219
665 -33.0472 -71.6216
430 -33.0478 -71.6215
548 -33.048 -71.6213
709 -33.048 -71.6213
518 -33.0474 -71.6213
431 -33.0471 -71.6214
278 -33.0469 -71.6212
93 -33.0469 -71.6212
240 -33.0468 -71.6211
660 -33.0464 -71.6233
191 -33.0466 -71.6232
884 -33.0468 -71.6232
834 -33.0461 -71.623
897 -33.0458 -71.6235
394 -33.0459 -71.6233
631 -33.046 -71.6229
612 -33.0464 -71.6229
538 -33.0464 -71.622
727 -33.0464 -71.6211
683 -33.0465 -71.621
728 -33.046 -71.6219
13 -33.046 -71.6225
31 -33.046 -71.6223
648 -33.0458 -71.6221
718 -33.0455 -71.6258
516 -33.0454 -71.6257
222 -33.0455 -71.6251
802 -33.0453 -71.6253
277 -33.045 -71.6258
696 -33.0452 -71.6255
938 -33.045 -71.6253
322 -33.0452 -71.6249
605 -33.0455 -71.6243
889 -33.0457 -71.624
983 -33.0456 -71.6237
820 -33.0453 -71.6247
205 -33.0451 -71.6248
635 -33.0449 -71.6245
639 -33.0453 -71.6238
139 -33.0449 -71.6252
220 -33.0444 -71.6255
784 -33.0443 -71.6254
988 -33.0441 -71.6253
982 -33.0441 -71.6255
88 -33.0437 -71.6257
643 -33.0436 -71.6253
644 -33.0436 -71.625
827 -33.0441 -71.625
972 -33.0448 -71.6245
933 -33.0446 -71.6241
348 -33.0446 -71.624
793 -33.0443 -71.6247
427 -33.0441 -71.6249
724 -33.0438 -71.6246
113 -33.0446 -71.6236
263 -33.0457 -71.6233
529 -33.0457 -71.6232
519 -33.0453 -71.6229
314 -33.0451 -71.6231
862 -33.045 -71.6235
435 -33.045 -71.6234
855 -33.045 -71.6226
904 -33.0454 -71.6226
574 -33.0457 -71.6213
850 -33.0456 -71.621
106 -33.0457 -71.621
572 -33.0455 -71.622
84 -33.0452 -71.6221
778 -33.0451 -71.622
174 -33.0451 -71.6214
170 -33.0448 -71.6229
794 -33.0442 -71.6232
573 -33.0447 -71.6227
941 -33.0447 -71.6224
48 -33.044 -71.6224
968 -33.0437 -71.6233
157 -33.0439 -71.6223
553 -33.0438 -71.6223
81 -33.044 -71.6223
604 -33.0443 -71.6217
10 -33.0445 -71.6216
333 -33.0442 -71.6215
155 -33.0439 -71.621
610 -33.0436 -71.6223
763 -33.0438 -71.6213
828 -33.0467 -71.6209
180 -33.0476 -71.6205
164 -33.0475 -71.6203
254 -33.0476 -71.6202
864 -33.0474 -71.6207
787 -33.0474 -71.6208
258 -33.0474 -71.6207
329 -33.0471 -71.6206
495 -33.0468 -71.6201
803 -33.0477 -71.619
246 -33.0479 -71.6185
699 -33.048 -71.6182
292 -33.0476 -71.6195
750 -33.0475 -71.6198
439 -33.0469 -71.6193
730 -33.0476 -71.6186
817 -33.0467 -71.6184
685 -33.0465 -71.6204
779 -33.0466 -71.62
860 -33.0467 -71.6199
444 -33.0464 -71.6206
614 -33.0463 -71.6208
231 -33.0459 -71.6208
345 -33.0461 -71.6202
651 -33.0467 -71.6198
920 -33.0462 -71.6193
465 -33.0466 -71.6187
932 -33.0464 -71.6182
947 -33.0462 -71.6195
153 -33.0461 -71.6197
320 -33.0459 -71.6183
805 -33.0462 -71.6181
698 -33.0479 -71.618
809 -33.0475 -71.6178
953 -33.0479 -71.6172
67 -33.0478 -71.6162
580 -33.0475 -71.6162
488 -33.0475 -71.6174
777 -33.0472 -71.617
445 -33.0475 -71.6168
649 -33.0479 -71.6161
271 -33.0479 -71.6159
267 -33.0477 -71.6155
577 -33.0478 -71.6149
998 -33.0473 -71.6149
819 -33.047 -71.6159
965 -33.047 -71.6158
143 -33.047 -71.6148
309 -33.0469 -71.6153
466 -33.0467 -71.618
594 -33.0469 -71.6165
801 -33.0467 -71.6159
336 -33.0467 -71.6178
974 -33.0462 -71.617
117 -33.0461 -71.6165
131 -33.0463 -71.616
599 -33.0461 -71.6158
729 -33.0462 -71.6157
908 -33.0463 -71.6152
334 -33.0461 -71.615
114 -33.0461 -71.6155
451 -33.0461 -71.6157
926 -33.0461 -71.6156
546 -33.0459 -71.6161
496 -33.0458 -71.6206
418 -33.0458 -71.6206
178 -33.0458 -71.6201
830 -33.0456 -71.6201
273 -33.0449 -71.6206
218 -33.0446 -71.6203
971 -33.0455 -71.6201
807 -33.0456 -71.62
44 -33.0451 -71.6196
847 -33.0456 -71.6193
342 -33.0458 -71.6181
504 -33.045 -71.6189
515 -33.0448 -71.6199
851 -33.0447 -71.6199
248 -33.0446 -71.6185
304 -33.0446 -71.6188
712 -33.0446 -71.6208
50 -33.044 -71.62
165 -33.044 -71.6199
949 -33.044 -71.6203
140 -33.044 -71.6204
416 -33.044 -71.6204
853 -33.0438 -71.6201
436 -33.0441 -71.6198
541 -33.0442 -71.6197
364 -33.0441 -71.6191
590 -33.0441 -71.6176
652 -33.044 -71.6187
239 -33.0438 -71.6197
960 -33.0438 -71.6188
823 -33.0441 -71.6176
795 -33.0456 -71.6176
596 -33.0455 -71.6175
545 -33.0455 -71.6165
894 -33.0453 -71.617
719 -33.045 -71.6169
58 -33.0452 -71.6168
638 -33.0452 -71.6168
892 -33.0453 -71.616
942 -33.0455 -71.6155
946 -33.0455 -71.6152
655 -33.0455 -71.6152
338 -33.045 -71.6151
317 -33.0449 -71.6159
766 -33.045 -71.6155
148 -33.0448 -71.6149
666 -33.0448 -71.6162
393 -33.0447 -71.6175
899 -33.0448 -71.6175
756 -33.0446 -71.6173
119 -33.0442 -71.6175
758 -33.044 -71.6175
128 -33.044 -71.6168
634 -33.0437 -71.6167
75 -33.0437 -71.6166
385 -33.0441 -71.6164
96 -33.0445 -71.6162
588 -33.0446 -71.6156
133 -33.0441 -71.6166
241 -33.0437 -71.615
312 -33.0437 -71.6149
737 -33.0514 -71.6147
192 -33.0511 -71.6141
866 -33.0517 -71.614
874 -33.0515 -71.6139
505 -33.051 -71.6144
561 -33.0509 -71.6142
675 -33.0507 -71.6138
556 -33.0508 -71.6138
298 -33.0515 -71.6137
463 -33.0516 -71.6134
747 -33.0516 -71.6132
948 -33.0517 -71.6131
72 -33.0514 -71.6134
501 -33.0507 -71.6137
414 -33.0512 -71.6134
810 -33.0511 -71.6127
994 -33.0507 -71.6132
483 -33.0507 -71.6146
531 -33.0505 -71.6145
390 -33.0505 -71.614
120 -33.0505 -71.6141
276 -33.0504 -71.6146
811 -33.0505 -71.6142
124 -33.0504 -71.6141
923 -33.0499 -71.6134
576 -33.0507 -71.6132
420 -33.0507 -71.6131
521 -33.0507 -71.6129
316 -33.0504 -71.6127
626 -33.0503 -71.6131
746 -33.05 -71.613
32 -33.0503 -71.613
922 -33.0514 -71.6122
98 -33.0516 -71.612
970 -33.0515 -71.6119
873 -33.0512 -71.6119
83 -33.0511 -71.612
790 -33.0511 -71.6114
954 -33.051 -71.6113
769 -33.051 -71.6113
219 -33.0508 -71.6113
19 -33.0516 -71.6111
677 -33.0515 -71.6099
291 -33.0515 -71.6097
579 -33.0515 -71.61
326 -33.051 -71.6112
368 -33.0514 -71.6102
925 -33.0509 -71.61
132 -33.0507 -71.612
772 -33.0505 -71.6119
592 -33.0507 -71.6119
43 -33.0505 -71.6113
857 -33.0505 -71.6113
937 -33.0499 -71.6118
523 -33.0499 -71.6116
917 -33.0502 -71.6114
225 -33.0501 -71.6113
52 -33.0504 -71.6107
525 -33.0506 -71.6101
636 -33.0504 -71.6098
400 -33.0504 -71.6107
307 -33.0504 -71.6106
591 -33.05 -71.6101
402 -33.0498 -71.6106
704 -33.0495 -71.6145
158 -33.0498 -71.6138
238 -33.0496 -71.6136
127 -33.0495 -71.6139
669 -33.049 -71.6144
671 -33.049 -71.6138
958 -33.0492 -71.6136
856 -33.0491 -71.6135
470 -33.0497 -71.6128
378 -33.0498 -71.6125
662 -33.0497 -71.6123
622 -33.0496 -71.6129
137 -33.0491 -71.6131
686 -33.0492 -71.6129
26 -33.0495 -71.6122
840 -33.0488 -71.6127
480 -33.0487 -71.6144
199 -33.0486 -71.6144
642 -33.0486 -71.6133
187 -33.0482 -71.613
97 -33.0482 -71.6143
14 -33.0476 -71.6133
294 -33.0476 -71.6131
51 -33.0485 -71.6129
398 -33.0483 -71.6129
404 -33.048 -71.6128
182 -33.0483 -71.6125
741 -33.0479 -71.6125
832 -33.0478 -71.6125
351 -33.0477 -71.6124
29 -33.048 -71.6121
472 -33.0498 -71.6118
422 -33.0498 -71.6118
46 -33.0498 -71.6117
94 -33.0493 -71.6119
110 -33.0488 -71.6119
825 -33.0493 -71.6115
569 -33.0493 -71.6113
555 -33.0493 -71.6112
35 -33.0496 -71.6106
469 -33.0498 -71.61
513 -33.0496 -71.6099
944 -33.0495 -71.611
305 -33.049 -71.6112
773 -33.0489 -71.6102
282 -33.0489 -71.6099
962 -33.0487 -71.6112
15 -33.0483 -71.6121
733 -33.0486 -71.612
907 -33.0482 -71.612
846 -33.0481 -71.6118
571 -33.048 -71.6118
981 -33.0478 -71.6116
173 -33.048 -71.6111
214 -33.0477 -71.6109
261 -33.0484 -71.6106
145 -33.0485 -71.6102
674 -33.0486 -71.6102
984 -33.0484 -71.6102
167 -33.0479 -71.6106
843 -33.0481 -71.6097
740 -33.0491 -71.6097
354 -33.0517 -71.6095
528 -33.0513 -71.6084
467 -33.0513 -71.608
619 -33.0511 -71.6095
281 -33.0509 -71.6092
808 -33.0511 -71.609
474 -33.0511 -71.6088
768 -33.0514 -71.608
237 -33.0514 -71.6075
967 -33.0514 -71.6074
751 -33.0513 -71.6067
748 -33.0513 -71.6077
886 -33.0508 -71.6079
300 -33.0512 -71.6074
147 -33.051 -71.6063
63 -33.0506 -71.6079
331 -33.0505 -71.6083
419 -33.0506 -71.6081
112 -33.0505 -71.6079
154 -33.0505 -71.6092
196 -33.0501 -71.6092
259 -33.0503 -71.6085
672 -33.0499 -71.6081
452 -33.0499 -71.6078
563 -33.0504 -71.6077
491 -33.0505 -71.6075
606 -33.0506 -71.6066
927 -33.0501 -71.607
876 -33.0501 -71.6073
848 -33.0498 -71.6066
221 -33.0498 -71.6066
159 -33.051 -71.6062
175 -33.0516 -71.6059
441 -33.0517 -71.6055
280 -33.0514 -71.6055
903 -33.0512 -71.6052
679 -33.0511 -71.6057
79 -33.0506 -71.6054
581 -33.051 -71.605
311 -33.0511 -71.605
303 -33.0512 -71.6049
332 -33.0517 -71.6047
858 -33.0509 -71.6039
870 -33.0508 -71.6046
527 -33.0506 -71.6047
473 -33.0507 -71.6044
551 -33.0507 -71.6039
129 -33.0505 -71.606
797 -33.0502 -71.6062
558 -33.0504 -71.606
499 -33.0502 -71.6056
223 -33.0502 -71.605
506 -33.0502 -71.6055
411 -33.0498 -71.6055
929 -33.0499 -71.6054
40 -33.0505 -71.6049
461 -33.0504 -71.6049
73 -33.0502 -71.6041
557 -33.0503 -71.6038
156 -33.0501 -71.604
980 -33.0498 -71.6041
489 -33.0499 -71.6039
924 -33.0497 -71.604
627 -33.0497 -71.6089
209 -33.0497 -71.6088
384 -33.0497 -71.6084
454 -33.0494 -71.6086
613 -33.0492 -71.6094
535 -33.049 -71.6092
274 -33.0491 -71.6089
366 -33.0495 -71.6084
977 -33.0494 -71.6084
362 -33.0494 -71.6082
657 -33.0495 -71.6067
934 -33.0494 -71.607
11 -33.0492 -71.6071
512 -33.0493 -71.6071
510 -33.0491 -71.607
296 -33.049 -71.607
190 -33.0488 -71.6092
888 -33.0488 -71.6087
61 -33.0489 -71.6084
912 -33.0486 -71.6085
723 -33.0482 -71.6093
424 -33.0486 -71.6087
478 -33.0479 -71.6083
833 -33.0478 -71.6082
12 -33.0489 -71.6082
676 -33.0486 -71.6079
138 -33.0486 -71.6069
7 -33.0484 -71.6075
49 -33.0477 -71.6076
350 -33.0477 -71.6067
285 -33.0492 -71.6065
335 -33.0497 -71.6062
212 -33.0496 -71.6054
645 -33.0493 -71.6053
700 -33.0492 -71.6065
438 -33.0488 -71.6065
477 -33.049 -71.6064
228 -33.0488 -71.6056
168 -33.0493 -71.6053
705 -33.0497 -71.6052
90 -33.0496 -71.6044
540 -33.0491 -71.604
918 -33.0489 -71.605
878 -33.0488 -71.6051
458 -33.0487 -71.6047
706 -33.0489 -71.6039
78 -33.0487 -71.6059
753 -33.0482 -71.6062
664 -33.0486 -71.6054
227 -33.0483 -71.6049
365 -33.048 -71.6057
62 -33.0478 -71.6065
369 -33.0478 -71.6059
233 -33.0476 -71.6054
181 -33.048 -71.6045
593 -33.0486 -71.6044
421 -33.0486 -71.6043
381 -33.0486 -71.6041
532 -33.0484 -71.6044
169 -33.048 -71.6044
502 -33.0478 -71.6037
160 -33.0476 -71.6146
197 -33.0474 -71.6138
371 -33.0472 -71.6137
405 -33.0472 -71.6134
23 -33.0472 -71.6139
446 -33.0472 -71.614
776 -33.047 -71.614
272 -33.0468 -71.6136
105 -33.0472 -71.6134
997 -33.0471 -71.6127
230 -33.0471 -71.6123
916 -33.0474 -71.6122
357 -33.0469 -71.6118
813 -33.0468 -71.6133
310 -33.0464 -71.6132
387 -33.0466 -71.6125
806 -33.0463 -71.6133
567 -33.0461 -71.614
986 -33.0461 -71.6137
386 -33.0462 -71.6135
410 -33.0461 -71.6137
552 -33.0461 -71.6144
202 -33.0457 -71.6135
759 -33.0456 -71.613
616 -33.0456 -71.6129
423 -33.0462 -71.6124
691 -33.046 -71.6123
397 -33.0462 -71.6122
247 -33.046 -71.6123
245 -33.0459 -71.6123
264 -33.0456 -71.612
151 -33.0456 -71.6119
200 -33.0458 -71.6118
403 -33.0473 -71.6113
236 -33.0471 -71.611
757 -33.0473 -71.6107
909 -33.0469 -71.611
736 -33.0467 -71.6112
611 -33.0466 -71.6109
789 -33.0469 -71.6105
468 -33.0474 -71.6103
952 -33.0474 -71.6102
681 -33.047 -71.61
603 -33.0471 -71.6098
126 -33.047 -71.6099
885 -33.0467 -71.6103
575 -33.0468 -71.6098
22 -33.0469 -71.6098
102 -33.0466 -71.6118
171 -33.0463 -71.6116
742 -33.0464 -71.6112
347 -33.0462 -71.6104
670 -33.0458 -71.6109
711 -33.0457 -71.6117
720 -33.0458 -71.6114
215 -33.0458 -71.6105
8 -33.0456 -71.6104
861 -33.0463 -71.6101
845 -33.0461 -71.6099
653 -33.0465 -71.6098
16 -33.0461 -71.6099
172 -33.046 -71.61
243 -33.046 -71.6099
359 -33.0456 -71.6122
661 -33.0456 -71.6147
372 -33.0454 -71.6145
517 -33.0451 -71.6139
835 -33.0451 -71.6143
201 -33.0448 -71.6144
739 -33.0447 -71.614
898 -33.0448 -71.614
330 -33.0447 -71.6133
781 -33.0455 -71.613
208 -33.0453 -71.613
615 -33.0452 -71.6129
104 -33.0452 -71.6129
877 -33.0448 -71.6132
725 -33.0448 -71.6131
837 -33.045 -71.6129
630 -33.0447 -71.6129
392 -33.0446 -71.6145
526 -33.044 -71.6145
749 -33.044 -71.6137
996 -33.044 -71.6138
985 -33.0438 -71.614
964 -33.0437 -71.614
186 -33.0439 -71.6136
902 -33.0442 -71.6135
969 -33.0442 -71.6132
584 -33.0447 -71.6129
824 -33.0444 -71.6125
744 -33.0442 -71.6128
915 -33.0441 -71.6134
798 -33.0441 -71.6132
490 -33.0451 -71.6125
37 -33.0452 -71.6124
108 -33.0452 -71.6121
70 -33.045 -71.6117
87 -33.0448 -71.6124
45 -33.0447 -71.6124
135 -33.0446 -71.612
650 -33.0447 -71.6115
265 -33.0448 -71.6115
289 -33.0452 -71.6113
905 -33.0454 -71.6108
395 -33.0454 -71.6099
667 -33.0451 -71.6111
875 -33.045 -71.611
193 -33.0447 -71.6103
121 -33.0446 -71.61
585 -33.0443 -71.6118
486 -33.0442 -71.6117
621 -33.0443 -71.6112
659 -33.0443 -71.6108
4 -33.044 -71.6114
100 -33.0438 -71.6125
814 -33.0439 -71.6119
288 -33.0439 -71.611
24 -33.0438 -71.6108
449 -33.0443 -71.6101
275 -33.0443 -71.6101
47 -33.0441 -71.61
995 -33.044 -71.61
249 -33.0437 -71.6107
39 -33.044 -71.6098
28 -33.0446 -71.6097
503 -33.0475 -71.609
601 -33.0473 -71.6085
715 -33.0473 -71.6082
183 -33.047 -71.6093
990 -33.0467 -71.6096
211 -33.0465 -71.609
836 -33.0464 -71.6084
256 -33.047 -71.6081
595 -33.0471 -71.608
89 -33.0474 -71.6071
690 -33.0469 -71.6066
224 -33.0469 -71.6081
951 -33.0465 -71.6077
607 -33.0465 -71.6073
498 -33.0463 -71.6068
957 -33.0463 -71.6075
785 -33.0462 -71.6091
324 -33.0463 -71.609
714 -33.0463 -71.6086
821 -33.0461 -71.6089
406 -33.0456 -71.609
417 -33.0456 -71.6085
734 -33.0459 -71.6082
204 -33.0461 -71.6081
600 -33.0463 -71.608
343 -33.0463 -71.6078
136 -33.0463 -71.6076
328 -33.0461 -71.6081
306 -33.0458 -71.6075
71 -33.0456 -71.6074
625 -33.0457 -71.6065
437 -33.0462 -71.6065
863 -33.0471 -71.6064
471 -33.0472 -71.6056
99 -33.0471 -71.6046
460 -33.0471 -71.6054
56 -33.0469 -71.6057
624 -33.0471 -71.6051
325 -33.0471 -71.6047
293 -33.0469 -71.6043
966 -33.0475 -71.6042
620 -33.0475 -71.6042
752 -33.0475 -71.6041
815 -33.0473 -71.6038
770 -33.047 -71.6043
382 -33.0472 -71.6039
673 -33.0471 -71.6039
788 -33.0467 -71.6044
185 -33.0465 -71.6064
993 -33.0465 -71.6058
534 -33.0464 -71.6057
658 -33.0462 -71.6056
791 -33.0459 -71.6058
1 -33.0459 -71.6056
232 -33.0458 -71.6055
203 -33.0461 -71.6052
91 -33.0467 -71.6049
287 -33.0466 -71.6049
244 -33.0466 -71.6037
536 -33.0462 -71.6041
906 -33.0457 -71.605
508 -33.0457 -71.6045
125 -33.0456 -71.6087
707 -33.0452 -71.6088
82 -33.0455 -71.6085
738 -33.0452 -71.6082
623 -33.0446 -71.6087
344 -33.0444 -71.6091
566 -33.0444 -71.6083
562 -33.0446 -71.6083
544 -33.0446 -71.6081
771 -33.0455 -71.6081
235 -33.0454 -71.608
103 -33.0456 -71.6065
68 -33.0453 -71.608
839 -33.0445 -71.607
867 -33.0447 -71.6069
339 -33.0447 -71.6068
663 -33.0444 -71.6089
459 -33.0442 -71.6089
3 -33.0441 -71.6089
865 -33.0441 -71.6081
702 -33.044 -71.6088
928 -33.0439 -71.6094
494 -33.0439 -71.6093
33 -33.0439 -71.6088
353 -33.0438 -71.6077
695 -33.0438 -71.6076
149 -33.0441 -71.6074
429 -33.0441 -71.6069
533 -33.0437 -71.6076
54 -33.0437 -71.6072
162 -33.0437 -71.6066
21 -33.0442 -71.6064
975 -33.0456 -71.6062
826 -33.0453 -71.6056
161 -33.0453 -71.6052
308 -33.0452 -71.6056
895 -33.045 -71.6061
989 -33.045 -71.606
617 -33.045 -71.605
388 -33.0452 -71.605
65 -33.0455 -71.6049
564 -33.0456 -71.6049
122 -33.0456 -71.6045
358 -33.0455 -71.605
628 -33.0451 -71.6049
717 -33.0451 -71.6045
30 -33.045 -71.6045
913 -33.0449 -71.6052
270 -33.0445 -71.6061
194 -33.0445 -71.606
896 -33.0445 -71.6054
914 -33.0441 -71.6062
59 -33.0437 -71.6056
380 -33.0437 -71.6056
618 -33.0441 -71.6052
188 -33.0446 -71.605
800 -33.0445 -71.605
492 -33.0447 -71.6049
568 -33.0448 -71.6042
559 -33.0444 -71.6038
514 -33.0443 -71.6048
346 -33.0443 -71.6047
