754 -33.0622 -71.6158
455 -33.062 -71.6158
760 -33.0618 -71.6158
907 -33.0611 -71.616
466 -33.0607 -71.6162
290 -33.061 -71.616
838 -33.0611 -71.616
619 -33.0617 -71.6158
301 -33.0624 -71.6155
978 -33.0627 -71.6151
475 -33.0626 -71.615
271 -33.0617 -71.6158
154 -33.0607 -71.6155
456 -33.0609 -71.6154
803 -33.061 -71.6154
446 -33.0606 -71.6156
495 -33.0603 -71.6163
166 -33.0603 -71.6163
179 -33.0604 -71.6163
145 -33.0602 -71.6164
908 -33.0595 -71.6167
171 -33.0598 -71.6165
448 -33.0599 -71.6165
403 -33.0604 -71.6163
423 -33.0604 -71.6158
726 -33.0597 -71.6145
7 -33.0599 -71.6145
549 -33.0597 -71.6146
962 -33.0596 -71.6148
773 -33.0596 -71.6148
698 -33.0597 -71.6147
367 -33.06 -71.6144
686 -33.0607 -71.614
483 -33.0607 -71.6139
127 -33.0608 -71.6136
123 -33.0606 -71.6141
61 -33.0606 -71.6141
467 -33.0606 -71.6141
274 -33.0604 -71.6139
917 -33.0623 -71.6135
118 -33.0639 -71.6133
501 -33.0622 -71.6133
579 -33.0621 -71.6131
762 -33.061 -71.6134
994 -33.061 -71.6134
189 -33.061 -71.6134
134 -33.0604 -71.613
641 -33.0603 -71.613
279 -33.0602 -71.6143
945 -33.0603 -71.6143
424 -33.0602 -71.6143
819 -33.0601 -71.6141
809 -33.0599 -71.6144
405 -33.0595 -71.614
355 -33.0596 -71.6139
967 -33.0598 -71.6138
580 -33.0601 -71.6134
751 -33.0601 -71.6134
69 -33.0602 -71.6131
373 -33.0601 -71.6133
927 -33.0598 -71.6137
354 -33.0598 -71.6137
49 -33.0595 -71.6148
946 -33.0593 -71.6167
930 -33.0594 -71.6167
611 -33.0594 -71.6165
487 -33.0592 -71.6168
506 -33.059 -71.6169
727 -33.0591 -71.6168
614 -33.0592 -71.6167
89 -33.059 -71.6152
117 -33.0592 -71.615
198 -33.0592 -71.615
546 -33.0594 -71.6149
711 -33.0591 -71.6151
767 -33.0591 -71.6151
864 -33.0589 -71.6146
892 -33.059 -71.6146
393 -33.0589 -71.6169
128 -33.0588 -71.617
830 -33.0588 -71.617
327 -33.0588 -71.617
504 -33.0587 -71.6171
597 -33.0586 -71.6172
703 -33.0586 -71.6172
585 -33.0585 -71.6169
600 -33.0585 -71.6154
228 -33.0587 -71.6154
488 -33.0588 -71.6148
787 -33.0587 -71.6147
636 -33.0586 -71.6149
204 -33.0585 -71.6153
880 -33.0584 -71.6148
565 -33.0584 -71.6148
797 -33.0586 -71.6146
844 -33.0593 -71.6142
973 -33.0593 -71.6142
107 -33.0594 -71.6142
254 -33.0593 -71.6142
450 -33.0591 -71.6145
992 -33.0591 -71.6145
292 -33.0592 -71.6143
434 -33.0593 -71.6142
761 -33.0593 -71.6142
341 -33.0594 -71.614
916 -33.0591 -71.6135
102 -33.0591 -71.6135
464 -33.0591 -71.6136
402 -33.0591 -71.6136
950 -33.0591 -71.6134
822 -33.0589 -71.6133
512 -33.0586 -71.6144
545 -33.0587 -71.6144
668 -33.0586 -71.6133
891 -33.0586 -71.6136
175 -33.0584 -71.6139
571 -33.0584 -71.6138
211 -33.0585 -71.6137
18 -33.0584 -71.613
42 -33.0585 -71.613
201 -33.0585 -71.613
707 -33.0587 -71.613
942 -33.0585 -71.613
902 -33.0585 -71.613
392 -33.0585 -71.613
124 -33.0588 -71.6129
238 -33.063 -71.6129
531 -33.063 -71.6129
958 -33.0627 -71.6127
286 -33.0627 -71.6126
51 -33.0626 -71.6127
366 -33.0627 -71.6127
52 -33.0627 -71.6125
57 -33.0628 -71.6122
537 -33.0616 -71.6121
976 -33.0646 -71.6121
251 -33.0616 -71.6121
408 -33.0616 -71.6121
789 -33.0614 -71.6122
387 -33.0614 -71.6122
370 -33.0615 -71.6121
577 -33.0613 -71.6122
347 -33.0607 -71.6126
224 -33.0607 -71.6126
816 -33.0608 -71.6125
986 -33.0606 -71.6127
22 -33.0605 -71.6128
575 -33.0605 -71.6128
146 -33.0606 -71.6127
160 -33.0609 -71.6124
693 -33.0611 -71.6123
255 -33.0612 -71.6122
747 -33.0613 -71.6122
679 -33.061 -71.6123
310 -33.0609 -71.6124
269 -33.061 -71.6124
272 -33.0608 -71.6121
674 -33.0616 -71.6121
413 -33.0626 -71.612
869 -33.0634 -71.6119
640 -33.0634 -71.6118
480 -33.0624 -71.612
351 -33.0623 -71.612
14 -33.0622 -71.612
733 -33.0623 -71.612
642 -33.0629 -71.6117
482 -33.065 -71.6111
420 -33.0649 -71.6108
790 -33.064 -71.6108
523 -33.0639 -71.6112
209 -33.063 -71.6115
561 -33.0631 -71.6112
774 -33.063 -71.6108
582 -33.0621 -71.612
452 -33.0619 -71.6118
700 -33.0619 -71.6118
285 -33.0619 -71.6116
407 -33.0618 -71.612
252 -33.0605 -71.6116
307 -33.0607 -71.6116
627 -33.0609 -71.6115
705 -33.0619 -71.6115
934 -33.0619 -71.6112
297 -33.0618 -71.6108
474 -33.0618 -71.6108
740 -33.0617 -71.6107
12 -33.0612 -71.6115
903 -33.0614 -71.6107
309 -33.0604 -71.6128
150 -33.0604 -71.6129
334 -33.0597 -71.6128
70 -33.0597 -71.6128
837 -33.0595 -71.6128
607 -33.0593 -71.6129
87 -33.0594 -71.6129
19 -33.0594 -71.6129
324 -33.0597 -71.6128
208 -33.0599 -71.6128
414 -33.06 -71.6128
200 -33.06 -71.6128
202 -33.0599 -71.6128
615 -33.0598 -71.6128
295 -33.0598 -71.6128
863 -33.0599 -71.6128
661 -33.0593 -71.6129
730 -33.0589 -71.6129
437 -33.0589 -71.6129
738 -33.0589 -71.6129
599 -33.0589 -71.6129
306 -33.0589 -71.6129
233 -33.0589 -71.6129
655 -33.0589 -71.6129
82 -33.0589 -71.6129
235 -33.0592 -71.6129
771 -33.0592 -71.6129
877 -33.0593 -71.6129
498 -33.0592 -71.6129
919 -33.0591 -71.6129
265 -33.0592 -71.6129
759 -33.0603 -71.6128
237 -33.0603 -71.6124
603 -33.0603 -71.6123
601 -33.0603 -71.6121
991 -33.0595 -71.6125
801 -33.0592 -71.6128
955 -33.0595 -71.612
298 -33.0593 -71.6116
563 -33.0593 -71.6116
368 -33.0598 -71.6116
376 -33.0595 -71.6113
876 -33.0603 -71.611
602 -33.0595 -71.6112
187 -33.0592 -71.6112
998 -33.0595 -71.6111
743 -33.0595 -71.6109
216 -33.0592 -71.6127
742 -33.0589 -71.6128
23 -33.0592 -71.6126
303 -33.0591 -71.6125
386 -33.0589 -71.6127
20 -33.0589 -71.6127
29 -33.0588 -71.6126
197 -33.0585 -71.6124
676 -33.0591 -71.6122
259 -33.0589 -71.6112
748 -33.0589 -71.6112
706 -33.059 -71.6112
905 -33.0588 -71.6121
151 -33.0584 -71.6117
560 -33.0588 -71.6117
262 -33.0584 -71.6161
66 -33.0582 -71.6175
431 -33.0583 -71.6159
343 -33.0583 -71.6151
116 -33.0581 -71.615
961 -33.0579 -71.6178
100 -33.0579 -71.617
593 -33.0579 -71.6158
795 -33.0581 -71.615
340 -33.0581 -71.615
421 -33.0582 -71.615
734 -33.0582 -71.615
399 -33.058 -71.615
93 -33.058 -71.615
739 -33.0579 -71.615
177 -33.0578 -71.615
148 -33.0578 -71.615
979 -33.0571 -71.6184
165 -33.0574 -71.6182
130 -33.0574 -71.6182
10 -33.0571 -71.6184
983 -33.0571 -71.6184
949 -33.057 -71.6183
786 -33.0569 -71.6183
109 -33.0574 -71.6181
364 -33.0577 -71.6179
904 -33.0578 -71.6178
964 -33.057 -71.6172
494 -33.0567 -71.6169
884 -33.0564 -71.615
688 -33.0564 -71.615
850 -33.0565 -71.6149
835 -33.0579 -71.6149
361 -33.0578 -71.6149
430 -33.0577 -71.6149
320 -33.0583 -71.6149
756 -33.0576 -71.6149
385 -33.0576 -71.6149
783 -33.0576 -71.6149
812 -33.0576 -71.6149
860 -33.0583 -71.6149
323 -33.0582 -71.6148
105 -33.0583 -71.6148
721 -33.0583 -71.6148
632 -33.0575 -71.6149
185 -33.0573 -71.6149
260 -33.0573 -71.6149
749 -33.0573 -71.6149
250 -33.0573 -71.6149
412 -33.0566 -71.6149
678 -33.0572 -71.6148
163 -33.0572 -71.6148
142 -33.0565 -71.6149
574 -33.0565 -71.6149
550 -33.0565 -71.6149
106 -33.0565 -71.6149
85 -33.0566 -71.6148
852 -33.0571 -71.6148
500 -33.0571 -71.6148
659 -33.0571 -71.6148
890 -33.0567 -71.6148
115 -33.0567 -71.6148
796 -33.0567 -71.6148
176 -33.0564 -71.615
708 -33.0559 -71.618
589 -33.0559 -71.6163
829 -33.056 -71.6162
598 -33.0558 -71.6164
409 -33.0557 -71.6179
987 -33.0557 -71.6168
25 -33.0557 -71.6166
239 -33.0562 -71.616
416 -33.0561 -71.616
573 -33.056 -71.6159
353 -33.0561 -71.6159
889 -33.0559 -71.6159
170 -33.0559 -71.6159
333 -33.0558 -71.6159
113 -33.0557 -71.6159
710 -33.0556 -71.6169
511 -33.0556 -71.6179
629 -33.0551 -71.6179
92 -33.0556 -71.6169
427 -33.055 -71.6181
516 -33.0542 -71.6184
509 -33.0548 -71.6184
849 -33.055 -71.6181
820 -33.0528 -71.6159
605 -33.0556 -71.6159
639 -33.0556 -71.6159
155 -33.0556 -71.6159
277 -33.0528 -71.6159
205 -33.0528 -71.6159
938 -33.0527 -71.6159
453 -33.0562 -71.6158
263 -33.0561 -71.6158
883 -33.0561 -71.6158
174 -33.0561 -71.6152
53 -33.0561 -71.6152
529 -33.0561 -71.6156
712 -33.056 -71.6155
652 -33.0561 -71.6152
999 -33.0561 -71.6152
13 -33.0563 -71.6151
572 -33.0563 -71.6151
940 -33.0563 -71.6151
859 -33.0562 -71.6151
191 -33.0561 -71.6152
273 -33.0561 -71.6152
313 -33.0562 -71.6152
900 -33.056 -71.6155
763 -33.0553 -71.6158
794 -33.0552 -71.6158
54 -33.0558 -71.6157
157 -33.0552 -71.6158
635 -33.0547 -71.6157
988 -33.0529 -71.6157
610 -33.0545 -71.6157
644 -33.054 -71.6156
217 -33.056 -71.6155
697 -33.0559 -71.6154
479 -33.0559 -71.6154
692 -33.0559 -71.6153
911 -33.0538 -71.6156
764 -33.0537 -71.6156
38 -33.057 -71.6148
948 -33.0582 -71.6142
551 -33.0582 -71.6142
547 -33.0581 -71.6134
68 -33.0581 -71.6144
476 -33.0581 -71.6144
713 -33.0581 -71.6144
212 -33.0581 -71.6136
521 -33.0583 -71.6134
881 -33.0583 -71.6134
227 -33.0582 -71.6131
275 -33.0582 -71.613
562 -33.0582 -71.613
848 -33.0581 -71.6133
210 -33.0582 -71.6132
963 -33.0582 -71.6131
389 -33.0579 -71.6139
377 -33.0577 -71.6145
885 -33.0577 -71.6144
91 -33.0574 -71.6142
253 -33.0574 -71.6143
181 -33.0574 -71.6144
266 -33.0574 -71.6144
625 -33.0574 -71.6143
687 -33.0577 -71.6139
591 -33.0576 -71.6134
520 -33.0577 -71.6131
35 -33.0577 -71.6131
831 -33.0575 -71.6139
382 -33.0575 -71.6138
867 -33.0575 -71.6138
40 -33.0574 -71.6135
658 -33.0581 -71.613
645 -33.0583 -71.6127
214 -33.0583 -71.6127
842 -33.0583 -71.6126
872 -33.0583 -71.6127
534 -33.0581 -71.613
449 -33.058 -71.613
775 -33.0582 -71.6129
108 -33.0582 -71.6123
815 -33.0581 -71.6113
606 -33.0583 -71.6113
821 -33.0581 -71.6108
770 -33.0581 -71.611
442 -33.058 -71.6119
587 -33.0581 -71.6119
542 -33.0581 -71.611
725 -33.058 -71.613
996 -33.058 -71.613
203 -33.0579 -71.6129
805 -33.0578 -71.6129
623 -33.0578 -71.6129
649 -33.0578 -71.6129
186 -33.0577 -71.6129
173 -33.0576 -71.6129
588 -33.0576 -71.6129
861 -33.0575 -71.6119
15 -33.058 -71.6113
569 -33.0579 -71.6113
681 -33.0575 -71.6116
791 -33.0575 -71.6128
666 -33.0574 -71.6128
638 -33.0574 -71.6128
17 -33.0573 -71.6148
429 -33.057 -71.6134
536 -33.057 -71.6134
111 -33.0569 -71.6147
75 -33.0569 -71.6147
315 -33.0569 -71.6147
144 -33.0569 -71.6147
161 -33.0569 -71.6134
566 -33.0572 -71.6128
270 -33.0572 -71.6127
33 -33.0571 -71.6127
508 -33.0569 -71.6126
617 -33.0569 -71.6126
906 -33.0569 -71.6126
914 -33.0568 -71.6126
195 -33.0568 -71.6147
304 -33.0568 -71.6147
496 -33.0568 -71.6147
5 -33.0568 -71.6147
497 -33.0568 -71.6147
647 -33.0567 -71.6148
24 -33.0567 -71.6148
226 -33.0567 -71.6147
618 -33.0557 -71.6131
59 -33.0559 -71.6131
683 -33.0566 -71.6125
717 -33.0565 -71.6125
380 -33.0558 -71.6131
101 -33.0497 -71.6127
447 -33.0511 -71.6124
559 -33.0553 -71.6124
188 -33.0562 -71.6124
568 -33.0561 -71.6123
758 -33.0559 -71.6123
44 -33.0558 -71.6123
851 -33.0551 -71.6124
346 -33.0557 -71.6123
862 -33.054 -71.6122
901 -33.0532 -71.6115
855 -33.0537 -71.6109
314 -33.0537 -71.6108
394 -33.0537 -71.6108
660 -33.0536 -71.6108
348 -33.0532 -71.6115
81 -33.0533 -71.6115
604 -33.0534 -71.6114
553 -33.0531 -71.6121
972 -33.0526 -71.6121
793 -33.0525 -71.6121
827 -33.0517 -71.6118
9 -33.0516 -71.6118
322 -33.05 -71.6111
139 -33.05 -71.6111
802 -33.05 -71.6111
696 -33.05 -71.6111
222 -33.0501 -71.6109
633 -33.0501 -71.6108
982 -33.0501 -71.6107
220 -33.05 -71.611
735 -33.05 -71.611
784 -33.05 -71.611
510 -33.0577 -71.6107
11 -33.0634 -71.6106
326 -33.0647 -71.6105
499 -33.0637 -71.6105
63 -33.0632 -71.61
918 -33.0617 -71.6107
43 -33.0618 -71.6106
818 -33.0618 -71.6105
858 -33.0628 -71.6098
282 -33.0627 -71.6098
677 -33.0644 -71.6095
469 -33.0633 -71.6094
715 -33.0621 -71.6095
422 -33.062 -71.6095
470 -33.062 -71.6095
664 -33.0619 -71.6095
646 -33.0617 -71.6107
878 -33.0617 -71.6106
879 -33.0616 -71.6105
489 -33.0616 -71.6105
60 -33.0616 -71.6105
458 -33.0615 -71.6103
26 -33.061 -71.6103
608 -33.0615 -71.6103
581 -33.0617 -71.6103
576 -33.0617 -71.6103
62 -33.0613 -71.6101
532 -33.0614 -71.6094
94 -33.0612 -71.6098
138 -33.0605 -71.6096
970 -33.0608 -71.6096
73 -33.0605 -71.6093
952 -33.061 -71.6093
335 -33.0631 -71.6093
79 -33.0634 -71.6092
473 -33.0628 -71.6092
438 -33.0625 -71.6091
183 -33.061 -71.6093
723 -33.062 -71.6092
328 -33.061 -71.6092
219 -33.0621 -71.6091
944 -33.0621 -71.6091
72 -33.0622 -71.6085
463 -33.0623 -71.6083
156 -33.0621 -71.6085
714 -33.061 -71.6089
350 -33.0621 -71.6085
419 -33.0617 -71.608
461 -33.061 -71.6086
690 -33.061 -71.6091
757 -33.0609 -71.6088
981 -33.0608 -71.6088
471 -33.0608 -71.6088
752 -33.0607 -71.6087
369 -33.0607 -71.6087
653 -33.0607 -71.6087
741 -33.0607 -71.6087
832 -33.0607 -71.6085
746 -33.0606 -71.6085
753 -33.0607 -71.6079
192 -33.0605 -71.6084
624 -33.0605 -71.6084
71 -33.0605 -71.6084
325 -33.0604 -71.6077
190 -33.0602 -71.6104
886 -33.0602 -71.6103
97 -33.0603 -71.6101
305 -33.0601 -71.6101
909 -33.0598 -71.6106
415 -33.06 -71.6104
866 -33.0596 -71.6098
626 -33.06 -71.6088
882 -33.0604 -71.6084
736 -33.0603 -71.6083
294 -33.0603 -71.6083
788 -33.0603 -71.6083
132 -33.06 -71.6088
332 -33.0602 -71.6083
199 -33.0602 -71.6082
143 -33.0594 -71.6099
765 -33.0592 -71.6104
141 -33.0592 -71.61
362 -33.0589 -71.6095
391 -33.0587 -71.6102
558 -33.0584 -71.6106
657 -33.0586 -71.6101
433 -33.0583 -71.6099
856 -33.0587 -71.6093
931 -33.0586 -71.6089
236 -33.0588 -71.6088
2 -33.0592 -71.6088
554 -33.0586 -71.6084
875 -33.0583 -71.6087
257 -33.0583 -71.6087
810 -33.0598 -71.6082
375 -33.0601 -71.6081
468 -33.0601 -71.6079
888 -33.0601 -71.6078
103 -33.0598 -71.608
167 -33.0598 -71.6082
846 -33.059 -71.6079
528 -33.059 -71.6079
691 -33.0589 -71.6078
242 -33.0595 -71.6078
229 -33.0599 -71.6078
122 -33.059 -71.6077
989 -33.059 -71.6077
720 -33.059 -71.6077
245 -33.059 -71.6077
806 -33.059 -71.6077
308 -33.0589 -71.6078
921 -33.0585 -71.6079
871 -33.0586 -71.6079
913 -33.0586 -71.6079
359 -33.0585 -71.6079
675 -33.0584 -71.608
289 -33.0584 -71.608
667 -33.0585 -71.6079
410 -33.0586 -71.6079
194 -33.0588 -71.6078
929 -33.0589 -71.6078
21 -33.0588 -71.6078
299 -33.0587 -71.6079
264 -33.0586 -71.6079
682 -33.0586 -71.6079
397 -33.059 -71.6077
478 -33.0621 -71.6077
225 -33.0627 -71.6077
400 -33.0631 -71.6075
833 -33.0619 -71.6069
977 -33.0617 -71.6073
836 -33.0613 -71.6071
662 -33.0619 -71.6068
331 -33.0642 -71.6068
296 -33.0634 -71.6065
291 -33.0637 -71.6064
924 -33.0638 -71.6064
441 -33.0634 -71.6065
672 -33.0625 -71.6068
923 -33.0615 -71.6067
147 -33.0633 -71.6065
808 -33.0612 -71.6068
398 -33.0611 -71.6076
785 -33.0611 -71.6073
966 -33.061 -71.6072
56 -33.061 -71.6074
365 -33.0606 -71.6075
502 -33.0607 -71.6074
912 -33.0602 -71.6072
281 -33.0602 -71.607
381 -33.0611 -71.6066
159 -33.0609 -71.6065
137 -33.0609 -71.6065
925 -33.0607 -71.6064
300 -33.0606 -71.6068
772 -33.0601 -71.6065
243 -33.0601 -71.6065
83 -33.0601 -71.6063
112 -33.0632 -71.6062
90 -33.0641 -71.6062
870 -33.0648 -71.606
78 -33.0628 -71.606
592 -33.0623 -71.6062
557 -33.062 -71.6062
922 -33.0626 -71.6058
769 -33.0622 -71.6055
857 -33.0624 -71.6055
825 -33.062 -71.6053
169 -33.0619 -71.6053
620 -33.0619 -71.6053
843 -33.0619 -71.6052
622 -33.0619 -71.6052
261 -33.0618 -71.6051
32 -33.0613 -71.6048
505 -33.0604 -71.6058
284 -33.0604 -71.6057
417 -33.0604 -71.6057
845 -33.0603 -71.6058
129 -33.0601 -71.6063
172 -33.0602 -71.606
16 -33.0602 -71.6059
669 -33.0605 -71.6056
158 -33.0612 -71.6049
293 -33.0612 -71.6047
99 -33.0611 -71.6047
491 -33.061 -71.6055
349 -33.0605 -71.6056
951 -33.0609 -71.6052
556 -33.0601 -71.6077
997 -33.0601 -71.6077
395 -33.06 -71.6077
287 -33.0599 -71.6077
339 -33.0595 -71.6077
813 -33.0595 -71.6077
232 -33.0594 -71.6077
215 -33.0595 -71.6077
737 -33.0597 -71.6077
46 -33.0601 -71.6072
321 -33.06 -71.6067
404 -33.0595 -71.6065
839 -33.0594 -71.6076
371 -33.0593 -71.6076
378 -33.0592 -71.6068
671 -33.0591 -71.6067
280 -33.0591 -71.6075
731 -33.0591 -71.6077
110 -33.0584 -71.6073
980 -33.0584 -71.6067
168 -33.0584 -71.6067
182 -33.0583 -71.6071
887 -33.0584 -71.6071
184 -33.0583 -71.6067
555 -33.0587 -71.6066
704 -33.0588 -71.6066
578 -33.059 -71.6065
267 -33.059 -71.6065
126 -33.0588 -71.6066
67 -33.0585 -71.6066
247 -33.0588 -71.6065
954 -33.0594 -71.6064
8 -33.0597 -71.6063
670 -33.0597 -71.6063
230 -33.0598 -71.6063
125 -33.0594 -71.6064
910 -33.0593 -71.6064
873 -33.0593 -71.6064
527 -33.0592 -71.6063
276 -33.0598 -71.6063
544 -33.0599 -71.6062
311 -33.06 -71.6062
411 -33.0599 -71.6062
120 -33.0599 -71.6063
256 -33.0594 -71.6055
1 -33.0595 -71.6051
30 -33.0592 -71.6044
221 -33.0591 -71.6054
628 -33.0585 -71.6063
513 -33.0591 -71.6063
525 -33.059 -71.6063
223 -33.0585 -71.6062
840 -33.0584 -71.6062
782 -33.0583 -71.6062
984 -33.0583 -71.6058
196 -33.0587 -71.6051
957 -33.0587 -71.6051
406 -33.059 -71.6051
826 -33.0591 -71.6043
937 -33.0586 -71.6051
595 -33.0583 -71.6051
149 -33.0584 -71.6048
6 -33.0583 -71.6067
372 -33.0579 -71.6103
384 -33.0577 -71.6102
745 -33.0582 -71.6101
540 -33.0575 -71.6103
673 -33.0574 -71.6106
517 -33.0574 -71.6101
336 -33.0572 -71.61
358 -33.0571 -71.6099
268 -33.058 -71.6099
975 -33.0576 -71.6098
454 -33.0582 -71.609
744 -33.0572 -71.6095
915 -33.0571 -71.6099
895 -33.057 -71.6098
65 -33.0571 -71.6095
621 -33.0569 -71.6099
278 -33.0556 -71.6105
27 -33.0557 -71.6104
920 -33.0561 -71.6102
345 -33.0553 -71.6104
77 -33.0542 -71.6105
780 -33.0544 -71.6105
337 -33.0547 -71.6104
401 -33.055 -71.6102
388 -33.0569 -71.6098
180 -33.0564 -71.6096
995 -33.0563 -71.6095
162 -33.0561 -71.609
133 -33.0551 -71.61
74 -33.0552 -71.6097
894 -33.056 -71.6095
874 -33.0576 -71.6088
535 -33.0575 -71.6088
244 -33.058 -71.6083
709 -33.0549 -71.6083
665 -33.0549 -71.6083
76 -33.0548 -71.6084
207 -33.0548 -71.6083
444 -33.0549 -71.6083
811 -33.0579 -71.6083
650 -33.0579 -71.6082
609 -33.0579 -71.6082
800 -33.0578 -71.6082
490 -33.0578 -71.6082
548 -33.0549 -71.6083
522 -33.0549 -71.6083
86 -33.055 -71.6082
847 -33.0547 -71.6084
64 -33.0546 -71.6085
153 -33.0546 -71.6085
240 -33.0546 -71.6085
363 -33.0546 -71.6085
828 -33.0545 -71.6085
178 -33.0545 -71.6085
425 -33.0545 -71.6085
481 -33.0545 -71.6085
457 -33.0542 -71.6085
956 -33.0542 -71.6085
654 -33.0547 -71.6085
807 -33.0542 -71.6085
634 -33.0542 -71.6085
231 -33.0541 -71.6085
823 -33.0541 -71.6085
834 -33.0535 -71.6106
31 -33.0541 -71.6105
968 -33.0514 -71.6097
530 -33.0512 -71.6099
152 -33.051 -71.61
722 -33.0511 -71.61
724 -33.0511 -71.61
716 -33.0517 -71.6094
283 -33.052 -71.609
440 -33.0521 -71.6088
206 -33.0521 -71.6086
933 -33.052 -71.6091
383 -33.0517 -71.6094
694 -33.0518 -71.6093
48 -33.0519 -71.6091
55 -33.051 -71.6101
755 -33.0508 -71.6102
939 -33.0507 -71.6102
643 -33.0506 -71.6102
80 -33.0502 -71.6102
718 -33.0501 -71.6106
360 -33.0501 -71.6104
34 -33.0502 -71.6103
935 -33.0502 -71.6102
732 -33.0506 -71.6102
484 -33.0506 -71.6102
583 -33.0504 -71.6102
493 -33.0503 -71.6101
485 -33.0502 -71.6102
88 -33.0502 -71.6101
538 -33.0536 -71.6085
418 -33.0541 -71.6085
119 -33.0541 -71.6085
234 -33.0541 -71.6085
590 -33.054 -71.6085
648 -33.0536 -71.6085
701 -33.054 -71.6085
680 -33.054 -71.6085
637 -33.0538 -71.6085
0 -33.0538 -71.6085
728 -33.0538 -71.6085
462 -33.0534 -71.6085
374 -33.0533 -71.6084
515 -33.0533 -71.6084
302 -33.0532 -71.6084
432 -33.0532 -71.6084
612 -33.053 -71.6084
960 -33.053 -71.6083
218 -33.0529 -71.6083
519 -33.0528 -71.6083
318 -33.0522 -71.6083
799 -33.051 -71.6085
853 -33.0522 -71.6084
140 -33.0522 -71.6083
586 -33.0528 -71.6083
778 -33.0527 -71.6082
541 -33.0527 -71.6082
854 -33.0527 -71.6082
84 -33.0526 -71.6082
631 -33.0526 -71.6082
436 -33.0526 -71.6082
36 -33.0525 -71.6082
965 -33.058 -71.6081
896 -33.058 -71.6081
959 -33.0581 -71.6081
28 -33.0577 -71.6082
37 -33.0576 -71.6081
594 -33.0576 -71.6081
570 -33.0575 -71.6081
893 -33.0575 -71.6081
616 -33.0581 -71.6081
445 -33.0579 -71.608
993 -33.0581 -71.6078
613 -33.0577 -71.6073
193 -33.0577 -71.6076
319 -33.0577 -71.6076
390 -33.0577 -71.6072
39 -33.0575 -71.6081
630 -33.0575 -71.6081
45 -33.0575 -71.6081
699 -33.0574 -71.6081
514 -33.0574 -71.6081
426 -33.0574 -71.6081
584 -33.0573 -71.6081
114 -33.0573 -71.608
131 -33.0572 -71.608
684 -33.0571 -71.608
663 -33.057 -71.608
330 -33.057 -71.608
451 -33.057 -71.608
824 -33.0569 -71.608
95 -33.0568 -71.6071
928 -33.0569 -71.6071
356 -33.0569 -71.6071
41 -33.0579 -71.6068
552 -33.058 -71.6067
567 -33.0582 -71.6067
492 -33.0579 -71.6064
689 -33.0578 -71.6068
104 -33.0578 -71.6068
503 -33.0578 -71.6066
357 -33.0578 -71.6062
990 -33.058 -71.6062
136 -33.0582 -71.6059
564 -33.0583 -71.6057
477 -33.058 -71.6059
316 -33.0577 -71.6058
460 -33.0578 -71.6058
768 -33.0576 -71.6049
776 -33.0576 -71.6047
936 -33.0571 -71.607
926 -33.0572 -71.6069
543 -33.0572 -71.6069
396 -33.0571 -71.607
943 -33.057 -71.607
352 -33.0571 -71.607
344 -33.0571 -71.607
443 -33.0572 -71.6069
47 -33.0575 -71.6069
135 -33.0576 -71.6069
98 -33.0575 -71.6051
472 -33.0575 -71.6061
777 -33.0573 -71.6069
953 -33.0575 -71.6069
121 -33.0568 -71.6046
3 -33.0568 -71.608
814 -33.0568 -71.608
486 -33.0567 -71.608
249 -33.0566 -71.608
288 -33.0566 -71.608
865 -33.0565 -71.608
974 -33.0565 -71.608
798 -33.0566 -71.608
524 -33.0565 -71.608
338 -33.0565 -71.608
4 -33.0563 -71.608
817 -33.0561 -71.6079
329 -33.0554 -71.6079
312 -33.0554 -71.6079
750 -33.0561 -71.6079
779 -33.0554 -71.608
804 -33.0551 -71.6081
518 -33.0551 -71.6081
685 -33.0551 -71.6081
868 -33.0525 -71.6082
213 -33.0522 -71.6081
50 -33.0524 -71.6081
897 -33.0522 -71.6081
941 -33.0523 -71.6081
241 -33.0553 -71.608
719 -33.0554 -71.608
342 -33.0554 -71.608
96 -33.0553 -71.608
947 -33.0552 -71.6081
596 -33.0552 -71.6081
539 -33.056 -71.6079
439 -33.056 -71.6079
379 -33.0561 -71.6076
766 -33.0561 -71.6075
526 -33.056 -71.6079
317 -33.0559 -71.6079
932 -33.0559 -71.6079
164 -33.0559 -71.6076
898 -33.0565 -71.6073
246 -33.0567 -71.6072
969 -33.0567 -71.6072
459 -33.0568 -71.6071
841 -33.0566 -71.6072
702 -33.0565 -71.6073
781 -33.0566 -71.6045
507 -33.056 -71.6043
465 -33.0559 -71.6079
695 -33.0558 -71.6079
258 -33.0558 -71.6078
651 -33.0556 -71.6077
985 -33.0556 -71.6078
435 -33.0522 -71.6079
656 -33.0555 -71.6078
58 -33.0556 -71.6078
428 -33.0557 -71.6077
792 -33.0557 -71.6046
729 -33.0557 -71.6046
533 -33.0556 -71.6044
899 -33.0536 -71.6062
971 -33.0531 -71.6066
248 -33.0531 -71.6066
