466 -33.0621 -71.6158
290 -33.0625 -71.6158
619 -33.0632 -71.6156
403 -33.0618 -71.6158
166 -33.0617 -71.6158
179 -33.0617 -71.6158
495 -33.0616 -71.6158
271 -33.0632 -71.6155
754 -33.0635 -71.6154
978 -33.0627 -71.6151
475 -33.0626 -71.615
301 -33.0626 -71.615
838 -33.0621 -71.6154
907 -33.0622 -71.6154
760 -33.0621 -71.6151
145 -33.0616 -71.6158
930 -33.0608 -71.6161
908 -33.0609 -71.6161
171 -33.0612 -71.616
946 -33.0607 -71.6162
506 -33.0604 -71.6163
727 -33.0605 -71.6162
487 -33.0606 -71.6162
614 -33.0604 -71.6159
448 -33.0613 -71.6159
423 -33.061 -71.6154
803 -33.061 -71.6154
456 -33.0609 -71.6154
611 -33.0604 -71.6156
154 -33.0607 -71.6155
446 -33.0608 -71.6155
455 -33.0633 -71.6149
958 -33.0627 -71.6136
286 -33.0627 -71.6136
917 -33.0623 -71.6135
51 -33.0623 -71.6135
501 -33.0622 -71.6135
274 -33.061 -71.6134
762 -33.061 -71.6134
531 -33.0639 -71.6133
238 -33.0639 -71.6133
118 -33.0639 -71.6133
52 -33.0629 -71.6132
582 -33.0625 -71.613
351 -33.0624 -71.6131
14 -33.0624 -71.6131
579 -33.0621 -71.6131
189 -33.061 -71.6134
686 -33.0607 -71.614
424 -33.0607 -71.6139
483 -33.0607 -71.6139
123 -33.0606 -71.6141
7 -33.0604 -71.6142
61 -33.0606 -71.6141
467 -33.0606 -71.6141
127 -33.0608 -71.6136
809 -33.061 -71.6134
819 -33.061 -71.6134
994 -33.061 -71.6134
150 -33.0605 -71.6129
134 -33.0604 -71.613
434 -33.0604 -71.6129
198 -33.0604 -71.6139
128 -33.0601 -71.6164
327 -33.0602 -71.6164
393 -33.0603 -71.6163
89 -33.06 -71.6144
585 -33.0599 -71.6165
597 -33.06 -71.6165
228 -33.06 -71.6144
367 -33.06 -71.6144
945 -33.0603 -71.6143
767 -33.0603 -71.6143
49 -33.0603 -71.6142
711 -33.0603 -71.6143
117 -33.0601 -71.6144
546 -33.0601 -71.6144
279 -33.0602 -71.6143
726 -33.0597 -71.6145
773 -33.0596 -71.6148
698 -33.0597 -71.6147
204 -33.0596 -71.6146
962 -33.0596 -71.6148
100 -33.0593 -71.6165
262 -33.0593 -71.615
431 -33.0593 -71.615
600 -33.0597 -71.6146
549 -33.0597 -71.6146
421 -33.0593 -71.6143
340 -33.0593 -71.6142
795 -33.0593 -71.6143
450 -33.0591 -71.6145
177 -33.0591 -71.6144
93 -33.0592 -71.6143
107 -33.0594 -71.6142
580 -33.0601 -71.6134
864 -33.06 -71.6134
751 -33.0601 -71.6134
354 -33.0598 -71.6137
967 -33.0598 -71.6138
927 -33.0598 -71.6137
787 -33.0598 -71.6136
615 -33.0602 -71.6134
844 -33.0603 -71.613
254 -33.0603 -71.613
761 -33.0604 -71.613
973 -33.0603 -71.613
892 -33.06 -71.6133
992 -33.0601 -71.6133
292 -33.0602 -71.6131
355 -33.0597 -71.6139
405 -33.0595 -71.614
565 -33.0595 -71.614
880 -33.0595 -71.6139
860 -33.0595 -71.614
116 -33.0593 -71.6142
734 -33.0594 -71.6141
320 -33.0594 -71.614
402 -33.0591 -71.6136
730 -33.0593 -71.6129
19 -33.0594 -71.6129
203 -33.0594 -71.6129
623 -33.0593 -71.6129
916 -33.0591 -71.6135
102 -33.0591 -71.6135
996 -33.0595 -71.6129
57 -33.0633 -71.6126
285 -33.063 -71.6122
700 -33.0632 -71.6122
705 -33.063 -71.6122
366 -33.0622 -71.6126
251 -33.063 -71.6122
255 -33.0626 -71.6121
976 -33.0646 -71.6121
370 -33.0629 -71.6121
408 -33.063 -71.612
674 -33.0631 -71.612
789 -33.0629 -71.6121
269 -33.0624 -71.6121
387 -33.0628 -71.6121
160 -33.0623 -71.612
878 -33.0622 -71.612
200 -33.0613 -71.6122
747 -33.0613 -71.6122
69 -33.0614 -71.6121
693 -33.0613 -71.6122
202 -33.0612 -71.6122
373 -33.0612 -71.6122
208 -33.0612 -71.6122
641 -33.0616 -71.6121
816 -33.0621 -71.612
224 -33.0621 -71.612
489 -33.0621 -71.612
22 -33.0618 -71.612
759 -33.0616 -71.6121
309 -33.0617 -71.612
577 -33.0617 -71.612
347 -33.0621 -71.612
480 -33.0639 -71.6117
413 -33.064 -71.6116
869 -33.0648 -71.6113
407 -33.0632 -71.6117
986 -33.0619 -71.612
733 -33.0623 -71.612
642 -33.063 -71.6113
640 -33.0648 -71.6113
790 -33.064 -71.6108
499 -33.064 -71.6107
482 -33.0648 -71.6105
11 -33.064 -71.6111
561 -33.0631 -71.6112
209 -33.0631 -71.6112
523 -33.0639 -71.6112
146 -33.0619 -71.612
452 -33.0619 -71.6118
62 -33.0619 -71.6116
310 -33.0619 -71.6116
934 -33.0619 -71.6112
12 -33.0612 -71.6115
918 -33.0618 -71.611
297 -33.0618 -71.6108
474 -33.0618 -71.6108
537 -33.0618 -71.6107
43 -33.0618 -71.6106
818 -33.0618 -71.6105
740 -33.0617 -71.6107
903 -33.0614 -71.6107
458 -33.0615 -71.6107
863 -33.0611 -71.6123
341 -33.0605 -71.6128
599 -33.0604 -71.6128
437 -33.0604 -71.6128
655 -33.0604 -71.6128
235 -33.06 -71.6128
707 -33.0601 -71.6128
233 -33.0604 -71.6128
738 -33.0604 -71.6128
661 -33.0607 -71.6126
87 -33.0607 -71.6126
607 -33.0607 -71.6126
498 -33.0607 -71.6126
306 -33.0603 -71.6128
265 -33.0606 -71.6127
237 -33.0603 -71.6124
942 -33.06 -71.6128
275 -33.0597 -71.6128
295 -33.0598 -71.6128
70 -33.0599 -71.6128
562 -33.0596 -71.6128
449 -33.0595 -71.6128
534 -33.0595 -71.6128
658 -33.0596 -71.6128
392 -33.06 -71.6128
201 -33.06 -71.6128
414 -33.06 -71.6128
991 -33.0595 -71.6125
801 -33.0592 -71.6128
23 -33.0592 -71.6126
303 -33.0591 -71.6125
837 -33.0609 -71.6124
575 -33.0609 -71.6124
679 -33.061 -71.6123
324 -33.0611 -71.6123
272 -33.0608 -71.612
603 -33.0605 -71.612
334 -33.0603 -71.6119
601 -33.0603 -71.6118
771 -33.0597 -71.6116
252 -33.0605 -71.6116
307 -33.0607 -71.6116
627 -33.0609 -71.6115
876 -33.0603 -71.611
368 -33.0598 -71.6116
998 -33.0602 -71.6106
909 -33.0598 -71.6106
902 -33.0595 -71.6123
955 -33.0595 -71.612
82 -33.0595 -71.6118
919 -33.0595 -71.6117
216 -33.0594 -71.6116
676 -33.0591 -71.6122
298 -33.0593 -71.6116
563 -33.0593 -71.6116
815 -33.0595 -71.6114
877 -33.0595 -71.6113
743 -33.0595 -71.6109
706 -33.0594 -71.6105
542 -33.0593 -71.6105
187 -33.0592 -71.6112
770 -33.0592 -71.6112
464 -33.0591 -71.6136
109 -33.0587 -71.6171
364 -33.0588 -71.6169
904 -33.059 -71.6169
593 -33.0587 -71.6168
979 -33.0583 -71.6174
165 -33.0585 -71.6172
130 -33.0586 -71.6172
961 -33.0586 -71.6168
749 -33.0586 -71.6154
739 -33.059 -71.6152
148 -33.059 -71.6152
659 -33.0585 -71.6152
66 -33.0584 -71.6165
703 -33.0583 -71.6158
830 -33.0584 -71.6156
504 -33.0583 -71.6157
983 -33.0583 -71.6174
10 -33.0583 -71.6174
964 -33.0582 -71.617
949 -33.0582 -71.6175
786 -33.0582 -71.6175
494 -33.0578 -71.617
91 -33.0578 -71.6158
867 -33.0576 -71.6154
343 -33.0583 -71.6151
890 -33.0581 -71.615
226 -33.0582 -71.615
24 -33.0581 -71.615
382 -33.0576 -71.6154
115 -33.0581 -71.615
142 -33.0579 -71.615
106 -33.0579 -71.615
636 -33.0586 -71.6149
38 -33.0584 -71.6148
488 -33.0588 -71.6148
721 -33.0583 -71.6148
315 -33.0583 -71.6149
75 -33.0583 -71.6149
111 -33.0583 -71.6149
632 -33.0588 -71.6148
185 -33.0587 -71.6148
250 -33.0587 -71.6147
385 -33.0589 -71.6147
678 -33.0586 -71.6147
852 -33.0585 -71.6148
500 -33.0585 -71.6148
163 -33.0586 -71.6147
144 -33.0583 -71.6149
497 -33.0582 -71.615
304 -33.0582 -71.615
496 -33.0582 -71.6149
835 -33.0579 -71.6149
884 -33.0578 -71.615
574 -33.0578 -71.615
176 -33.0578 -71.6149
625 -33.0579 -71.6149
195 -33.0583 -71.6149
323 -33.0582 -71.6148
105 -33.0583 -71.6148
361 -33.0578 -71.6149
572 -33.0577 -71.6149
859 -33.0576 -71.6149
13 -33.0576 -71.6149
409 -33.0571 -71.6184
511 -33.057 -71.6183
708 -33.0573 -71.6182
353 -33.0569 -71.6171
427 -33.0563 -71.6181
509 -33.056 -71.618
635 -33.0562 -71.616
710 -33.056 -71.6155
155 -33.0561 -71.6152
605 -33.0561 -71.6152
598 -33.0562 -71.6152
639 -33.0561 -71.6152
157 -33.056 -71.6155
794 -33.056 -71.6155
92 -33.056 -71.6155
25 -33.056 -71.6153
849 -33.0557 -71.6168
629 -33.0557 -71.6165
610 -33.0559 -71.6159
644 -33.0554 -71.6159
516 -33.0553 -71.6179
911 -33.0553 -71.6158
764 -33.0551 -71.6158
988 -33.0542 -71.6157
205 -33.0541 -71.6156
763 -33.056 -71.6154
987 -33.056 -71.6154
277 -33.054 -71.6156
820 -33.054 -71.6156
938 -33.0539 -71.6156
113 -33.0562 -71.6151
812 -33.0576 -71.6149
313 -33.0575 -71.6149
181 -33.0576 -71.6149
850 -33.0575 -71.6149
191 -33.0574 -71.6149
273 -33.0574 -71.6149
174 -33.0574 -71.6149
652 -33.0574 -71.6149
536 -33.0573 -71.6148
53 -33.0573 -71.6148
161 -33.0573 -71.6147
692 -33.0572 -71.6148
479 -33.0572 -71.6148
697 -33.0572 -71.6148
900 -33.0571 -71.6148
217 -33.0571 -71.6148
573 -33.0564 -71.615
829 -33.0565 -71.615
416 -33.0566 -71.6149
889 -33.0564 -71.615
333 -33.0562 -71.6151
54 -33.0563 -71.6151
170 -33.0563 -71.615
589 -33.0557 -71.6148
712 -33.0571 -71.6148
529 -33.057 -71.6148
883 -33.0568 -71.6147
263 -33.0568 -71.6147
239 -33.0567 -71.6148
453 -33.0568 -71.6147
999 -33.0573 -71.6146
756 -33.059 -71.6146
430 -33.059 -71.6145
399 -33.059 -71.6138
783 -33.0589 -71.6146
797 -33.0586 -71.6146
512 -33.0586 -71.6144
545 -33.0589 -71.6139
211 -33.0585 -71.6137
950 -33.0591 -71.6134
687 -33.059 -71.6134
822 -33.0589 -71.6133
831 -33.0588 -71.6133
266 -33.0584 -71.6136
891 -33.0588 -71.6135
668 -33.0586 -71.6133
571 -33.0584 -71.6138
175 -33.0584 -71.6139
521 -33.0583 -71.6134
881 -33.0583 -71.6134
551 -33.0582 -71.6142
68 -33.0581 -71.6144
948 -33.0582 -71.6142
848 -33.0581 -71.6133
253 -33.0582 -71.6132
18 -33.0584 -71.613
617 -33.0583 -71.613
906 -33.0584 -71.613
914 -33.0583 -71.613
963 -33.0582 -71.6131
227 -33.0582 -71.6131
508 -33.0581 -71.613
42 -33.0585 -71.613
666 -33.0589 -71.6129
791 -33.0589 -71.6129
742 -33.0589 -71.6128
124 -33.0588 -71.6129
33 -33.0585 -71.613
270 -33.0586 -71.613
566 -33.0587 -71.613
386 -33.0589 -71.6127
20 -33.0589 -71.6127
259 -33.0589 -71.6112
748 -33.0589 -71.6112
29 -33.0588 -71.6126
197 -33.0585 -71.6124
905 -33.0588 -71.6121
560 -33.0588 -71.6117
151 -33.0584 -71.6117
842 -33.0583 -71.6126
588 -33.0583 -71.6124
606 -33.0583 -71.6113
214 -33.0583 -71.6127
872 -33.0583 -71.6127
645 -33.0583 -71.6127
108 -33.0582 -71.6123
372 -33.0583 -71.6113
558 -33.0584 -71.6106
621 -33.0582 -71.6106
895 -33.0583 -71.6105
388 -33.0582 -71.6105
358 -33.0581 -71.6108
915 -33.0581 -71.6108
713 -33.0581 -71.6144
476 -33.0581 -71.6144
389 -33.0579 -71.6139
260 -33.058 -71.6138
429 -33.0578 -71.6139
377 -33.0577 -71.6145
885 -33.0577 -71.6144
17 -33.0578 -71.6139
212 -33.0581 -71.6136
725 -33.058 -71.613
683 -33.058 -71.613
717 -33.058 -71.613
186 -33.0578 -71.6129
520 -33.0577 -71.6131
35 -33.0577 -71.6131
649 -33.0578 -71.6129
591 -33.0576 -71.6134
85 -33.0575 -71.614
647 -33.0575 -71.6139
796 -33.0575 -71.6139
412 -33.0574 -71.6142
940 -33.0574 -71.6144
688 -33.0574 -71.6143
550 -33.0574 -71.6142
5 -33.0576 -71.6139
40 -33.0574 -71.6135
173 -33.0576 -71.6129
188 -33.0576 -71.6129
59 -33.0573 -71.6137
380 -33.0572 -71.6136
618 -33.0571 -71.6135
568 -33.0575 -71.6128
638 -33.0581 -71.6123
442 -33.058 -71.6119
805 -33.0581 -71.6118
547 -33.058 -71.6117
758 -33.0574 -71.6128
44 -33.0573 -71.6128
861 -33.0575 -71.6119
681 -33.0575 -71.6116
210 -33.058 -71.6115
775 -33.058 -71.6112
821 -33.0581 -71.6108
15 -33.058 -71.6113
569 -33.0579 -71.6113
510 -33.0577 -71.6107
673 -33.0574 -71.6106
346 -33.057 -71.6127
559 -33.0567 -71.6125
851 -33.0565 -71.6125
862 -33.0555 -71.6124
553 -33.0545 -71.6123
972 -33.054 -71.6122
793 -33.0539 -71.6122
447 -33.0521 -71.6117
9 -33.053 -71.6116
901 -33.0535 -71.6105
81 -33.0536 -71.6105
604 -33.0537 -71.6105
348 -33.0535 -71.6105
827 -33.0531 -71.6115
101 -33.05 -71.6111
855 -33.0547 -71.6104
470 -33.0633 -71.61
63 -33.0632 -71.61
326 -33.0645 -71.6099
282 -33.0632 -71.61
774 -33.0631 -71.61
715 -33.0631 -71.6099
858 -33.063 -71.6099
469 -33.0648 -71.6098
473 -33.0642 -71.6097
677 -33.0644 -71.6095
420 -33.0642 -71.6093
690 -33.0621 -71.6093
422 -33.062 -71.6095
757 -33.0619 -71.6094
471 -33.0619 -71.6094
608 -33.0618 -71.6094
581 -33.0617 -71.6103
576 -33.0617 -71.6103
752 -33.0613 -71.6101
94 -33.0612 -71.6098
415 -33.061 -71.6103
26 -33.061 -71.6103
970 -33.0608 -71.6096
646 -33.0614 -71.6095
60 -33.0616 -71.6095
879 -33.0616 -71.6095
741 -33.0617 -71.6094
624 -33.0613 -71.6093
882 -33.0613 -71.6093
294 -33.0611 -71.6093
788 -33.061 -71.6093
664 -33.063 -71.6093
438 -33.0639 -71.6091
335 -33.0644 -71.6091
79 -33.0646 -71.609
723 -33.0634 -71.6092
328 -33.062 -71.6092
532 -33.0625 -71.6091
183 -33.0621 -71.6091
952 -33.062 -71.609
944 -33.0635 -71.609
219 -33.0633 -71.6089
225 -33.0632 -71.6077
350 -33.0625 -71.6082
72 -33.0622 -71.6085
156 -33.0623 -71.6083
463 -33.0625 -71.608
369 -33.062 -71.6086
653 -33.0617 -71.609
736 -33.0615 -71.6089
832 -33.0619 -71.6087
71 -33.0614 -71.6089
199 -33.0614 -71.6089
375 -33.0612 -71.6089
103 -33.0609 -71.6089
192 -33.061 -71.6086
714 -33.0619 -71.6084
981 -33.0619 -71.6083
419 -33.0617 -71.608
398 -33.0613 -71.6077
461 -33.061 -71.6086
232 -33.0607 -71.6085
215 -33.0607 -71.6086
138 -33.0605 -71.6096
73 -33.0605 -71.6093
339 -33.0607 -71.6086
97 -33.0603 -71.6101
190 -33.0602 -71.6104
886 -33.0602 -71.6103
305 -33.0601 -71.6101
813 -33.0607 -71.6086
839 -33.0606 -71.6085
746 -33.0606 -71.6085
731 -33.0603 -71.6083
245 -33.0603 -71.6083
332 -33.0602 -71.6083
242 -33.0601 -71.6083
806 -33.0602 -71.6083
626 -33.06 -71.6088
602 -33.0598 -71.61
376 -33.0598 -71.61
141 -33.0595 -71.6098
143 -33.0595 -71.6098
765 -33.0592 -71.6104
517 -33.0588 -71.6102
391 -33.0595 -71.6098
866 -33.0596 -71.6098
132 -33.06 -71.6088
2 -33.0592 -71.6088
308 -33.0593 -71.6083
362 -33.0589 -71.6095
856 -33.0587 -71.6093
236 -33.0588 -71.6088
691 -33.0602 -71.6082
21 -33.0601 -71.6082
194 -33.0601 -71.6081
682 -33.0599 -71.608
410 -33.0599 -71.608
871 -33.0599 -71.608
913 -33.0599 -71.608
921 -33.0598 -71.608
753 -33.0607 -71.6079
122 -33.0605 -71.6077
989 -33.0604 -71.6077
720 -33.0604 -71.6077
468 -33.0601 -71.6079
888 -33.0601 -71.6078
229 -33.0599 -71.6078
264 -33.06 -71.6077
810 -33.0598 -71.6082
167 -33.0598 -71.6082
667 -33.0598 -71.6079
289 -33.0597 -71.6079
846 -33.059 -71.6079
528 -33.059 -71.6079
929 -33.0589 -71.6078
45 -33.0589 -71.6078
630 -33.0589 -71.6078
37 -33.059 -71.6077
616 -33.0595 -71.6077
959 -33.0595 -71.6077
594 -33.059 -71.6077
570 -33.0589 -71.6078
39 -33.0589 -71.6078
359 -33.0599 -71.6077
296 -33.0643 -71.6071
331 -33.0642 -71.6068
441 -33.0634 -71.6065
147 -33.0633 -71.6065
400 -33.0631 -71.6075
478 -33.0622 -71.6074
672 -33.0625 -71.6068
769 -33.0635 -71.6065
922 -33.0639 -71.6065
291 -33.0637 -71.6064
825 -33.0633 -71.6063
843 -33.0632 -71.6062
592 -33.0623 -71.6062
620 -33.0632 -71.6062
169 -33.0631 -71.6062
966 -33.0621 -71.6063
977 -33.0617 -71.6073
833 -33.0619 -71.6069
662 -33.0619 -71.6068
997 -33.0615 -71.6072
737 -33.0612 -71.6075
502 -33.0607 -71.6074
287 -33.0612 -71.6071
808 -33.0612 -71.6068
325 -33.0616 -71.6067
381 -33.0611 -71.6066
785 -33.0613 -71.6064
159 -33.0609 -71.6065
395 -33.0609 -71.6067
137 -33.0609 -71.6065
925 -33.0607 -71.6064
112 -33.0632 -71.6062
924 -33.064 -71.6061
870 -33.0648 -71.606
90 -33.0645 -71.6059
78 -33.0638 -71.6059
622 -33.0631 -71.6062
261 -33.063 -71.6061
923 -33.062 -71.6059
557 -33.0619 -71.6058
32 -33.0625 -71.6057
293 -33.0624 -71.6057
158 -33.0624 -71.6056
857 -33.0624 -71.6055
99 -33.0623 -71.6055
951 -33.0621 -71.6054
349 -33.0617 -71.6051
669 -33.0617 -71.605
56 -33.0611 -71.6061
836 -33.061 -71.606
491 -33.061 -71.6055
120 -33.061 -71.6052
8 -33.0608 -71.6053
276 -33.0609 -71.6052
230 -33.0609 -71.6052
544 -33.061 -71.6051
417 -33.0616 -71.605
284 -33.0615 -71.6049
505 -33.0615 -71.6049
845 -33.0615 -71.6049
172 -33.0613 -71.6048
16 -33.0613 -71.6048
365 -33.0607 -71.6071
556 -33.0607 -71.6075
912 -33.0602 -71.6072
281 -33.0602 -71.607
46 -33.0601 -71.6072
896 -33.0594 -71.6077
965 -33.0594 -71.6076
299 -33.0598 -71.6069
397 -33.0602 -71.6069
300 -33.0606 -71.6068
321 -33.0601 -71.6067
772 -33.0601 -71.6065
243 -33.0601 -71.6065
404 -33.0595 -71.6065
954 -33.0594 -71.6064
125 -33.0594 -71.6064
371 -33.0593 -71.6076
490 -33.0592 -71.6076
609 -33.0592 -71.6076
378 -33.0592 -71.6068
28 -33.0591 -71.6076
280 -33.0591 -71.6075
445 -33.059 -71.6069
671 -33.0591 -71.6067
555 -33.0587 -71.6066
953 -33.059 -71.6065
47 -33.059 -71.6065
135 -33.059 -71.6065
704 -33.0588 -71.6066
126 -33.0588 -71.6066
777 -33.0587 -71.6066
689 -33.0592 -71.6064
247 -33.0601 -71.6063
83 -33.0601 -71.6063
129 -33.0601 -71.6063
311 -33.06 -71.6062
6 -33.0597 -71.6063
184 -33.0597 -71.6063
67 -33.0599 -71.6062
411 -33.0599 -71.6062
910 -33.0606 -71.6056
30 -33.0606 -71.6046
826 -33.0605 -71.6046
578 -33.0603 -71.6058
670 -33.0602 -71.6061
267 -33.0603 -71.6058
406 -33.0597 -71.6054
567 -33.0596 -71.6063
873 -33.0593 -71.6064
552 -33.0594 -71.6064
41 -33.0594 -71.6064
104 -33.0593 -71.6064
527 -33.0592 -71.6063
513 -33.0591 -71.6063
525 -33.059 -71.6063
628 -33.0588 -71.6062
256 -33.0594 -71.6055
149 -33.0596 -71.6055
1 -33.0595 -71.6051
221 -33.0591 -71.6054
196 -33.0587 -71.6051
957 -33.0587 -71.6051
584 -33.0587 -71.6079
336 -33.0586 -71.6104
587 -33.0585 -71.6104
657 -33.0586 -71.6101
975 -33.0584 -71.6101
384 -33.0577 -71.6102
745 -33.0582 -71.6101
65 -33.058 -71.6099
268 -33.058 -71.6099
433 -33.0583 -71.6099
800 -33.0584 -71.6093
875 -33.0583 -71.6092
454 -33.0582 -71.609
180 -33.0577 -71.6098
995 -33.0577 -71.6097
744 -33.0578 -71.6096
540 -33.0575 -71.6103
920 -33.0574 -71.6101
27 -33.057 -71.6099
278 -33.057 -71.6098
345 -33.0567 -71.6099
660 -33.0547 -71.6104
834 -33.0549 -71.6104
337 -33.0561 -71.6102
31 -33.0552 -71.6097
74 -33.0565 -71.6096
894 -33.0574 -71.6096
133 -33.0563 -71.6095
162 -33.0562 -71.6095
77 -33.0553 -71.6096
401 -33.0562 -71.6095
780 -33.0554 -71.6095
699 -33.0583 -71.6089
931 -33.0587 -71.6089
684 -33.0584 -71.6086
650 -33.0584 -71.6086
451 -33.0583 -71.6085
131 -33.0583 -71.6088
257 -33.0583 -71.6087
426 -33.0582 -71.6084
554 -33.0587 -71.6083
288 -33.058 -71.6081
249 -33.058 -71.6081
798 -33.058 -71.6081
244 -33.058 -71.6083
811 -33.0579 -71.6083
338 -33.058 -71.6082
524 -33.058 -71.6082
974 -33.0579 -71.6082
874 -33.0576 -71.6088
535 -33.0575 -71.6088
538 -33.055 -71.6082
648 -33.055 -71.6083
515 -33.0547 -71.6084
374 -33.0547 -71.6084
462 -33.0548 -71.6084
4 -33.0577 -71.6081
817 -33.0576 -71.6081
750 -33.0575 -71.6081
893 -33.0575 -71.6081
439 -33.0575 -71.6081
637 -33.0551 -71.6081
0 -33.0552 -71.6081
314 -33.0547 -71.6104
394 -33.0547 -71.6104
484 -33.0518 -71.6094
643 -33.0518 -71.6093
583 -33.0516 -71.6095
88 -33.0515 -71.6096
935 -33.0515 -71.6096
493 -33.0516 -71.6095
732 -33.0518 -71.6093
152 -33.0521 -71.6088
724 -33.0521 -71.6088
530 -33.0521 -71.6086
722 -33.052 -71.6088
939 -33.0519 -71.6092
755 -33.052 -71.6091
55 -33.052 -71.6088
485 -33.0515 -71.6096
784 -33.051 -71.6101
735 -33.051 -71.6101
220 -33.051 -71.6101
696 -33.0509 -71.6102
802 -33.0508 -71.6102
139 -33.0508 -71.6102
322 -33.0508 -71.6102
222 -33.051 -71.6101
360 -33.0513 -71.6098
34 -33.0514 -71.6097
80 -33.0515 -71.6096
718 -33.0512 -71.6099
633 -33.051 -71.6101
982 -33.0511 -71.61
897 -33.0536 -71.6085
612 -33.0545 -71.6085
960 -33.0544 -71.6085
218 -33.0543 -71.6085
519 -33.0543 -71.6085
586 -33.0542 -71.6085
778 -33.0542 -71.6085
541 -33.0542 -71.6085
631 -33.0541 -71.6085
854 -33.0541 -71.6085
432 -33.0546 -71.6085
302 -33.0547 -71.6085
436 -33.0541 -71.6085
84 -33.0541 -71.6085
36 -33.0539 -71.6085
50 -33.0539 -71.6085
868 -33.0539 -71.6085
213 -33.0536 -71.6085
941 -33.0537 -71.6085
140 -33.0535 -71.6085
318 -33.0535 -71.6085
853 -33.0534 -71.6085
206 -33.0532 -71.6084
440 -33.0531 -71.6084
968 -33.0522 -71.6083
283 -33.0528 -71.6083
933 -33.0528 -71.6083
48 -33.0528 -71.6083
694 -33.0525 -71.6082
383 -33.0525 -71.6082
716 -33.0524 -71.6081
526 -33.0575 -71.6081
663 -33.0585 -71.608
330 -33.0585 -71.6079
114 -33.0587 -71.6079
824 -33.0584 -71.608
675 -33.0584 -71.608
814 -33.0582 -71.608
3 -33.0583 -71.608
110 -33.0584 -71.6073
514 -33.0584 -71.6073
980 -33.0584 -71.6067
887 -33.0586 -71.6067
168 -33.0584 -71.6067
182 -33.0583 -71.6071
95 -33.0582 -71.6067
356 -33.0583 -71.6067
459 -33.0582 -71.6067
486 -33.0582 -71.6081
865 -33.0579 -71.608
993 -33.0581 -71.6078
193 -33.0577 -71.6076
539 -33.0574 -71.6077
319 -33.0577 -71.6076
379 -33.0575 -71.6075
613 -33.0577 -71.6073
841 -33.058 -71.6067
246 -33.0581 -71.6067
969 -33.0581 -71.6067
702 -33.0579 -71.6068
390 -33.0577 -71.6072
766 -33.0575 -71.6069
898 -33.0579 -71.6068
503 -33.0578 -71.6066
443 -33.0586 -71.6066
926 -33.0586 -71.6066
543 -33.0587 -71.6066
936 -33.0586 -71.6066
352 -33.0585 -71.6066
396 -33.0585 -71.6066
344 -33.0585 -71.6066
840 -33.0584 -71.6062
223 -33.0585 -71.6062
776 -33.0586 -71.6051
937 -33.0586 -71.6051
782 -33.0583 -71.6062
984 -33.0583 -71.6058
564 -33.0583 -71.6057
595 -33.0583 -71.6051
136 -33.0582 -71.6059
928 -33.0582 -71.6064
943 -33.058 -71.6062
492 -33.0582 -71.6062
990 -33.058 -71.6062
357 -33.0578 -71.6062
472 -33.0575 -71.6061
477 -33.058 -71.6059
316 -33.0577 -71.6058
460 -33.0578 -71.6058
768 -33.0576 -71.6049
781 -33.0579 -71.6045
121 -33.0575 -71.6051
98 -33.0575 -71.6051
507 -33.0575 -71.6048
317 -33.0573 -71.6081
465 -33.0573 -71.6081
932 -33.0573 -71.6081
695 -33.0573 -71.608
258 -33.0572 -71.608
985 -33.0571 -71.608
58 -33.0571 -71.608
656 -33.057 -71.608
719 -33.0568 -71.608
779 -33.0567 -71.608
96 -33.0567 -71.608
947 -33.0566 -71.608
522 -33.0563 -71.608
709 -33.0563 -71.608
548 -33.0562 -71.608
665 -33.0562 -71.608
444 -33.0562 -71.608
207 -33.0561 -71.6079
76 -33.0561 -71.6079
234 -33.0554 -71.6079
590 -33.0554 -71.608
728 -33.0552 -71.6081
701 -33.0553 -71.608
680 -33.0553 -71.608
418 -33.0554 -71.6079
847 -33.056 -71.6079
654 -33.056 -71.6079
64 -33.0559 -71.6079
231 -33.0555 -71.6079
119 -33.0555 -71.6079
823 -33.0555 -71.6079
153 -33.0559 -71.6079
596 -33.0565 -71.6073
241 -33.0567 -71.6072
329 -33.0567 -71.6072
518 -33.0565 -71.6075
86 -33.0563 -71.6074
685 -33.0564 -71.6073
804 -33.0565 -71.6073
342 -33.0566 -71.6071
428 -33.057 -71.607
164 -33.0573 -71.6069
533 -33.057 -71.6047
729 -33.057 -71.6046
312 -33.0566 -71.6071
651 -33.057 -71.607
792 -33.057 -71.6046
363 -33.0559 -71.6079
240 -33.0559 -71.6079
828 -33.0558 -71.6079
425 -33.0558 -71.6079
481 -33.0558 -71.6079
956 -33.0555 -71.6078
807 -33.0555 -71.6078
634 -33.0555 -71.6078
457 -33.0555 -71.6078
178 -33.0558 -71.6077
248 -33.0542 -71.6055
899 -33.0547 -71.6051
971 -33.0542 -71.6055
799 -33.0522 -71.6077
435 -33.0529 -71.6066
