271 -33.0597 -71.6166
619 -33.0598 -71.6165
760 -33.0599 -71.6165
803 -33.0594 -71.6165
838 -33.0592 -71.6168
907 -33.0592 -71.6168
154 -33.0593 -71.6166
455 -33.06 -71.6164
301 -33.0606 -71.6162
978 -33.0623 -71.6158
475 -33.0626 -71.615
754 -33.0602 -71.6164
456 -33.0595 -71.6164
962 -33.0596 -71.6148
762 -33.0595 -71.6147
290 -33.0591 -71.6168
466 -33.0587 -71.617
446 -33.0588 -71.6169
767 -33.0587 -71.6169
198 -33.0586 -71.6167
179 -33.0585 -71.6172
423 -33.0586 -71.6169
424 -33.0586 -71.6154
274 -33.0587 -71.6154
773 -33.0589 -71.6153
61 -33.059 -71.6152
641 -33.0589 -71.6147
69 -33.0588 -71.6148
819 -33.0585 -71.6153
636 -33.0586 -71.6149
488 -33.0586 -71.6149
279 -33.0597 -71.6147
467 -33.0606 -71.6141
686 -33.0607 -71.614
127 -33.0605 -71.6139
945 -33.0603 -71.6143
123 -33.0597 -71.6147
726 -33.0597 -71.6145
367 -33.06 -71.6144
483 -33.0607 -71.6139
189 -33.0605 -71.6138
251 -33.0599 -71.6135
537 -33.0599 -71.6135
408 -33.0599 -71.6135
967 -33.0598 -71.6138
354 -33.0598 -71.6137
370 -33.0598 -71.6136
549 -33.0596 -71.6146
580 -33.0592 -71.6143
134 -33.0593 -71.6143
107 -33.0594 -71.6142
146 -33.0592 -71.6143
150 -33.0589 -71.6147
405 -33.059 -71.6146
450 -33.0591 -71.6145
816 -33.0593 -71.6142
269 -33.0595 -71.614
693 -33.0596 -71.6139
255 -33.0596 -71.6138
916 -33.0591 -71.6135
464 -33.0591 -71.6136
402 -33.0591 -71.6136
403 -33.0585 -71.6169
495 -33.0584 -71.6173
166 -33.0584 -71.6173
145 -33.0582 -71.617
448 -33.0581 -71.6176
262 -33.0579 -71.6177
431 -33.058 -71.6176
171 -33.0578 -71.617
809 -33.0583 -71.6159
698 -33.0584 -71.6156
7 -33.0583 -71.6151
797 -33.0583 -71.6149
355 -33.0579 -71.615
506 -33.0578 -71.6157
49 -33.0578 -71.6149
361 -33.0578 -71.6149
908 -33.0577 -71.6179
946 -33.0576 -71.618
930 -33.0577 -71.6179
341 -33.0577 -71.6149
611 -33.0574 -71.6171
727 -33.0574 -71.6181
614 -33.0574 -71.6181
487 -33.0574 -71.6181
546 -33.0577 -71.6149
761 -33.0575 -71.6149
434 -33.0575 -71.6149
254 -33.0575 -71.6149
844 -33.0575 -71.6149
973 -33.0575 -71.6149
117 -33.0574 -71.6149
292 -33.0574 -71.6149
711 -33.0574 -71.6149
512 -33.0584 -71.6148
373 -33.0585 -71.6148
175 -33.0584 -71.6139
105 -33.0583 -71.6148
476 -33.0581 -71.6144
551 -33.0577 -71.6143
948 -33.0582 -71.6142
389 -33.0579 -71.6139
571 -33.0584 -71.6138
42 -33.0581 -71.6135
542 -33.0581 -71.6135
212 -33.0581 -71.6136
587 -33.0577 -71.6139
216 -33.0577 -71.6139
211 -33.0575 -71.6139
343 -33.0575 -71.6139
89 -33.0573 -71.6147
228 -33.0574 -71.6144
885 -33.0574 -71.6142
775 -33.0573 -71.6148
812 -33.0573 -71.6148
377 -33.0573 -71.6148
713 -33.0573 -71.6148
730 -33.0575 -71.6141
600 -33.0575 -71.6141
204 -33.0575 -71.614
919 -33.0575 -71.614
40 -33.0574 -71.6135
593 -33.0574 -71.6138
734 -33.0573 -71.6137
950 -33.0591 -71.6134
994 -33.061 -71.6134
118 -33.0626 -71.6128
480 -33.0606 -71.6127
927 -33.0605 -71.6128
14 -33.0603 -71.6128
351 -33.0603 -71.6128
679 -33.0604 -71.6128
12 -33.0606 -71.6127
452 -33.0609 -71.6124
917 -33.0627 -71.6124
52 -33.061 -71.6123
57 -33.0608 -71.6125
413 -33.0607 -71.6126
733 -33.0608 -71.6125
237 -33.0603 -71.6124
582 -33.0603 -71.613
751 -33.0601 -71.6134
407 -33.0601 -71.6132
252 -33.0594 -71.6129
19 -33.0594 -71.6129
272 -33.0592 -71.6129
955 -33.0592 -71.6129
577 -33.0594 -71.6129
789 -33.0595 -71.6129
674 -33.0597 -71.6128
295 -33.0598 -71.6128
414 -33.06 -71.6128
743 -33.0595 -71.6128
387 -33.0595 -71.6128
991 -33.0595 -71.6125
909 -33.0595 -71.6125
286 -33.061 -71.6123
579 -33.0627 -71.6122
976 -33.063 -71.6122
523 -33.0624 -71.612
640 -33.0614 -71.6121
209 -33.0613 -71.6122
869 -33.0614 -71.6122
608 -33.0614 -71.6121
561 -33.0623 -71.612
482 -33.0631 -71.612
420 -33.0634 -71.6118
326 -33.0636 -71.6118
531 -33.0619 -71.612
774 -33.0619 -71.612
501 -33.0619 -71.612
238 -33.0619 -71.612
60 -33.0613 -71.6122
642 -33.0612 -71.6122
51 -33.0612 -71.6122
879 -33.0612 -71.6122
818 -33.0612 -71.6122
646 -33.0611 -71.6123
958 -33.0611 -71.6123
366 -33.0612 -71.6122
747 -33.0613 -71.6122
876 -33.0601 -71.6116
627 -33.0602 -71.6116
307 -33.0603 -71.6116
368 -33.0598 -71.6116
298 -33.0593 -71.6116
563 -33.0593 -71.6116
23 -33.0592 -71.6126
822 -33.0589 -71.6133
376 -33.0589 -71.6131
986 -33.0586 -71.613
742 -33.0586 -71.613
668 -33.0586 -71.6133
22 -33.0584 -71.613
575 -33.0585 -71.613
386 -33.0587 -71.613
602 -33.0589 -71.613
124 -33.0588 -71.6129
998 -33.0589 -71.6129
601 -33.0588 -71.6129
603 -33.0587 -71.613
347 -33.0587 -71.613
224 -33.0587 -71.613
18 -33.0584 -71.613
521 -33.0583 -71.6134
881 -33.0583 -71.6134
963 -33.0582 -71.6131
848 -33.0581 -71.6133
591 -33.0576 -71.6134
520 -33.0577 -71.6131
35 -33.0577 -71.6131
759 -33.0583 -71.613
102 -33.0582 -71.613
309 -33.0584 -71.613
905 -33.0581 -71.613
108 -33.058 -71.613
200 -33.058 -71.613
208 -33.0579 -71.613
160 -33.059 -71.6129
310 -33.059 -71.6129
872 -33.0583 -71.6127
645 -33.0583 -71.6127
151 -33.0582 -71.6129
202 -33.0578 -71.6129
863 -33.0578 -71.6129
442 -33.0582 -71.6128
20 -33.0589 -71.6127
29 -33.0588 -71.6126
303 -33.0591 -71.6125
676 -33.0591 -71.6122
560 -33.0588 -71.6117
214 -33.0583 -71.6127
842 -33.0583 -71.6126
197 -33.0585 -71.6124
649 -33.0578 -71.6129
615 -33.0578 -71.6129
324 -33.0576 -71.6129
70 -33.0576 -71.6129
334 -33.0576 -71.6129
173 -33.0576 -71.6129
837 -33.0575 -71.6128
801 -33.0574 -71.6128
227 -33.0573 -71.6128
87 -33.0573 -71.6128
661 -33.0573 -71.6128
607 -33.0573 -71.6128
771 -33.0573 -71.6128
877 -33.0573 -71.6128
725 -33.0572 -71.6128
992 -33.0572 -71.6148
327 -33.0571 -71.6184
830 -33.0571 -71.6184
393 -33.0572 -71.6183
128 -33.0571 -71.6184
504 -33.057 -71.6183
703 -33.0568 -71.6183
597 -33.0568 -71.6183
66 -33.0564 -71.6181
961 -33.056 -71.618
585 -33.0568 -71.617
100 -33.0564 -71.6166
904 -33.0559 -71.618
364 -33.0558 -71.618
647 -33.0558 -71.6163
890 -33.0559 -71.6163
115 -33.0558 -71.6164
53 -33.0556 -71.6172
999 -33.0556 -71.6171
313 -33.0556 -71.617
109 -33.0555 -71.6179
217 -33.0555 -71.6173
479 -33.0555 -71.6173
697 -33.0555 -71.6172
859 -33.0556 -71.6169
412 -33.0557 -71.6165
85 -33.0557 -71.6164
796 -33.0558 -71.6164
142 -33.0557 -71.6165
940 -33.0557 -71.6168
176 -33.0557 -71.6167
550 -33.0557 -71.6167
497 -33.0559 -71.6163
163 -33.0562 -71.616
678 -33.0562 -71.6159
749 -33.0562 -71.6159
852 -33.0561 -71.6161
111 -33.056 -71.6162
38 -33.056 -71.6162
500 -33.0561 -71.6161
659 -33.0561 -71.6159
260 -33.0562 -71.6159
250 -33.0562 -71.6158
17 -33.0561 -71.6158
632 -33.0561 -71.6157
783 -33.056 -71.6156
756 -33.056 -71.6155
385 -33.056 -71.6155
266 -33.056 -71.6155
144 -33.0559 -71.6163
315 -33.056 -71.6162
75 -33.056 -71.6159
5 -33.0559 -71.6163
226 -33.0559 -71.6163
496 -33.0559 -71.6159
195 -33.0558 -71.6159
304 -33.0558 -71.6159
24 -33.0558 -71.6157
430 -33.056 -71.6154
253 -33.056 -71.6154
964 -33.0557 -71.6157
574 -33.0555 -71.6159
106 -33.0555 -71.6159
130 -33.0554 -71.6179
983 -33.055 -71.6179
165 -33.0554 -71.6179
10 -33.0551 -71.6179
829 -33.055 -71.6179
589 -33.055 -71.6181
786 -33.055 -71.6181
949 -33.055 -71.618
979 -33.0551 -71.6179
850 -33.0554 -71.6159
688 -33.0554 -71.6159
884 -33.0554 -71.6158
883 -33.0553 -71.6176
572 -33.0552 -71.6158
13 -33.0552 -71.6158
191 -33.055 -71.6158
598 -33.0549 -71.6183
710 -33.0547 -71.6189
409 -33.0542 -71.6189
92 -33.0548 -71.6188
629 -33.0537 -71.6188
849 -33.0535 -71.619
427 -33.0533 -71.6188
509 -33.053 -71.6187
987 -33.0548 -71.6187
25 -33.0548 -71.6186
511 -33.0539 -71.6184
708 -33.0542 -71.6184
635 -33.0529 -71.6158
516 -33.0523 -71.6186
610 -33.0527 -71.6159
174 -33.055 -71.6158
273 -33.055 -71.6158
652 -33.055 -71.6158
692 -33.0547 -71.6157
900 -33.0547 -71.6157
712 -33.0546 -71.6157
529 -33.0546 -71.6157
263 -33.0544 -71.6157
453 -33.0543 -71.6157
239 -33.0542 -71.6157
416 -33.054 -71.6156
494 -33.0553 -71.6154
573 -33.0539 -71.6156
889 -33.0539 -71.6156
170 -33.0538 -71.6156
333 -33.0537 -71.6156
113 -33.0537 -71.6156
644 -33.0522 -71.6157
911 -33.0521 -71.6156
764 -33.052 -71.6156
988 -33.051 -71.6156
277 -33.0509 -71.6156
205 -33.0508 -71.6155
820 -33.0508 -71.6155
639 -33.0536 -71.6155
155 -33.0535 -71.6155
605 -33.0535 -71.6155
763 -33.0533 -71.6155
794 -33.0532 -71.6155
938 -33.0508 -71.6155
157 -33.0531 -71.6155
148 -33.0559 -71.6153
891 -33.0572 -71.6148
210 -33.0572 -71.6148
721 -33.0571 -71.6148
323 -33.0565 -71.6149
687 -33.0564 -71.615
880 -33.0564 -71.615
565 -33.0564 -71.615
892 -33.0571 -71.6148
547 -33.0571 -71.6148
864 -33.057 -71.6148
421 -33.0572 -71.6136
545 -33.0569 -71.6147
787 -33.0568 -71.6147
68 -33.0569 -71.6134
185 -33.0565 -71.6132
860 -33.0564 -71.615
399 -33.0561 -71.6152
116 -33.0562 -71.6152
795 -33.0562 -71.6152
340 -33.0561 -71.6152
177 -33.056 -71.6153
739 -33.056 -71.6153
93 -33.056 -71.6152
835 -33.0562 -71.6151
831 -33.0563 -71.6151
320 -33.0563 -71.615
181 -33.0561 -71.6131
625 -33.056 -71.6131
867 -33.0556 -71.6131
382 -33.0556 -71.6131
91 -33.0559 -71.6131
498 -33.0572 -71.6128
235 -33.0572 -71.6127
265 -33.0571 -71.6127
82 -33.0569 -71.6126
738 -33.0569 -71.6126
599 -33.0569 -71.6126
655 -33.0569 -71.6126
233 -33.0569 -71.6126
306 -33.0569 -71.6126
437 -33.0569 -71.6126
707 -33.0566 -71.6125
942 -33.0565 -71.6125
201 -33.0565 -71.6125
392 -33.0565 -71.6124
902 -33.0565 -71.6124
275 -33.0562 -71.6124
562 -33.0562 -71.6124
791 -33.0555 -71.6124
658 -33.0562 -71.6124
588 -33.0556 -71.6123
666 -33.0555 -71.6124
566 -33.0553 -71.6124
270 -33.0551 -71.6124
638 -33.0554 -71.6124
534 -33.0561 -71.6123
449 -33.0561 -71.6123
996 -33.056 -71.6123
203 -33.0559 -71.6123
623 -33.0558 -71.6123
186 -33.0557 -71.6123
805 -33.0558 -71.6123
33 -33.0551 -71.6124
429 -33.055 -71.613
536 -33.055 -71.613
161 -33.0549 -71.613
353 -33.0544 -71.6148
54 -33.054 -71.6146
827 -33.0506 -71.613
9 -33.0505 -71.613
793 -33.0511 -71.6127
906 -33.0549 -71.6124
508 -33.0549 -71.6124
617 -33.0549 -71.6124
914 -33.0548 -71.6124
972 -33.0511 -71.6127
493 -33.0498 -71.6125
683 -33.0546 -71.6124
935 -33.0498 -71.6125
696 -33.0496 -71.6134
735 -33.0496 -71.6134
222 -33.0496 -71.6133
802 -33.0496 -71.6135
101 -33.0493 -71.6152
139 -33.0496 -71.6136
322 -33.0496 -71.6135
633 -33.0496 -71.6132
34 -33.0498 -71.6127
80 -33.0498 -71.6126
485 -33.0498 -71.6125
360 -33.0497 -71.6128
447 -33.0497 -71.6131
718 -33.0497 -71.613
784 -33.0489 -71.6124
717 -33.0545 -71.6124
380 -33.0542 -71.6122
618 -33.0543 -71.6122
568 -33.0541 -71.6123
188 -33.0541 -71.6123
59 -33.0541 -71.6123
758 -33.0539 -71.6122
44 -33.0538 -71.6122
851 -33.053 -71.6121
346 -33.0544 -71.6121
559 -33.0542 -71.6117
834 -33.0526 -71.6117
855 -33.0523 -71.6117
394 -33.0524 -71.6117
660 -33.0524 -71.6117
314 -33.0523 -71.6117
553 -33.0512 -71.6121
484 -33.0499 -71.6121
862 -33.052 -71.612
732 -33.0499 -71.6121
220 -33.0489 -71.6123
583 -33.0498 -71.6123
982 -33.0489 -71.6121
901 -33.0512 -71.6119
348 -33.0512 -71.6119
81 -33.0512 -71.6119
604 -33.0513 -71.6119
55 -33.0499 -71.6116
939 -33.0499 -71.6119
755 -33.0499 -71.6118
88 -33.0491 -71.6115
297 -33.0619 -71.6115
790 -33.0636 -71.6113
474 -33.0618 -71.6108
43 -33.0618 -71.6106
903 -33.0617 -71.6106
576 -33.0617 -71.6104
581 -33.0617 -71.6103
934 -33.0613 -71.6102
63 -33.0628 -71.6098
499 -33.0618 -71.6094
677 -33.0628 -71.6092
79 -33.0618 -71.6094
469 -33.0617 -71.6094
11 -33.0616 -71.6094
335 -33.0614 -71.6094
473 -33.0612 -71.6093
700 -33.061 -71.6097
970 -33.0608 -71.6096
285 -33.061 -71.6096
26 -33.0605 -71.6104
886 -33.06 -71.6104
305 -33.0598 -71.6104
866 -33.0596 -71.6098
705 -33.061 -71.6094
438 -33.061 -71.6091
858 -33.061 -71.6091
740 -33.0609 -71.609
422 -33.0609 -71.6089
138 -33.0605 -71.6092
463 -33.0607 -71.6092
72 -33.0607 -71.609
282 -33.0609 -71.6089
225 -33.0612 -71.6089
944 -33.0608 -71.6088
400 -33.0618 -71.6088
478 -33.0608 -71.6088
918 -33.0607 -71.6088
219 -33.0607 -71.6087
723 -33.0607 -71.6087
878 -33.0607 -71.6087
461 -33.061 -71.6086
672 -33.0623 -71.6081
419 -33.0617 -71.608
489 -33.0607 -71.6085
715 -33.0606 -71.6085
470 -33.0606 -71.6085
753 -33.0607 -71.6079
458 -33.0606 -71.6085
664 -33.0605 -71.6084
156 -33.0604 -71.6084
350 -33.0604 -71.6084
73 -33.0601 -71.6088
132 -33.06 -71.6088
626 -33.0593 -71.6088
2 -33.0592 -71.6088
62 -33.0604 -71.6083
332 -33.0602 -71.6083
94 -33.0601 -71.6082
888 -33.0601 -71.6078
532 -33.0601 -71.6081
810 -33.0598 -71.6082
746 -33.06 -71.6081
190 -33.0592 -71.6112
187 -33.0589 -71.6112
259 -33.0589 -71.6112
748 -33.0589 -71.6112
558 -33.0584 -71.6106
15 -33.058 -71.6113
606 -33.0583 -71.6113
765 -33.0581 -71.6108
97 -33.0588 -71.6104
657 -33.0586 -71.6101
362 -33.0589 -71.6095
236 -33.0584 -71.6089
856 -33.0583 -71.6089
415 -33.0579 -71.6103
454 -33.0582 -71.609
811 -33.0579 -71.6083
569 -33.0579 -71.6113
681 -33.0577 -71.6108
706 -33.0578 -71.6103
861 -33.0578 -71.6102
384 -33.0577 -71.6102
510 -33.0577 -71.6107
540 -33.0575 -71.6103
821 -33.0576 -71.6102
143 -33.0575 -71.6101
745 -33.0577 -71.6098
244 -33.0578 -71.6082
737 -33.0577 -71.6082
268 -33.0577 -71.6098
874 -33.0576 -71.6088
535 -33.0575 -71.6088
371 -33.0577 -71.6081
229 -33.0585 -71.608
736 -33.0585 -71.608
294 -33.0585 -71.608
325 -33.0585 -71.608
199 -33.0584 -71.608
788 -33.0584 -71.608
321 -33.0584 -71.608
846 -33.059 -71.6079
528 -33.059 -71.6079
192 -33.0587 -71.6079
365 -33.0588 -71.6078
624 -33.0587 -71.6079
243 -33.0586 -71.6079
882 -33.0586 -71.6079
71 -33.0586 -71.6079
997 -33.0582 -71.6081
287 -33.058 -71.6081
103 -33.058 -71.6081
395 -33.058 -71.6081
242 -33.0576 -71.6081
257 -33.0575 -71.6081
339 -33.0575 -71.6081
232 -33.0575 -71.6081
675 -33.0581 -71.6081
556 -33.0581 -71.6081
375 -33.0581 -71.6081
993 -33.0579 -71.608
215 -33.0575 -71.6081
813 -33.0575 -71.6081
839 -33.0574 -71.6081
952 -33.0597 -71.6078
833 -33.0612 -71.6073
977 -33.0617 -71.6073
592 -33.0611 -71.6072
662 -33.061 -71.6075
557 -33.0604 -71.6077
381 -33.0603 -71.6077
46 -33.0601 -71.6072
912 -33.0602 -71.6072
808 -33.0612 -71.6068
441 -33.0634 -71.6065
159 -33.0609 -71.6065
925 -33.0607 -71.6064
281 -33.0602 -71.607
300 -33.0606 -71.6068
772 -33.0601 -71.6065
923 -33.0598 -71.6077
183 -33.0597 -71.6078
690 -33.0596 -71.6078
137 -33.0597 -71.6076
328 -33.0596 -71.6077
468 -33.0595 -71.6077
398 -33.0591 -71.6076
966 -33.0592 -71.6076
981 -33.0592 -71.6076
714 -33.0594 -71.6076
836 -33.0594 -71.6076
167 -33.0594 -71.6076
757 -33.0592 -71.6076
502 -33.0592 -71.6076
471 -33.0592 -71.6076
378 -33.0592 -71.6068
954 -33.0594 -71.6064
291 -33.0632 -71.6063
147 -33.0631 -71.6063
870 -33.063 -71.6061
331 -33.0629 -71.606
843 -33.0603 -71.6059
112 -33.0626 -71.6058
825 -33.0604 -71.6057
90 -33.0623 -71.6056
924 -33.0621 -71.6054
296 -33.0617 -71.6051
78 -33.061 -71.6047
922 -33.061 -71.6052
769 -33.0606 -71.6055
491 -33.061 -71.6055
857 -33.061 -71.6052
622 -33.0602 -71.6059
32 -33.0598 -71.6063
83 -33.0601 -71.6063
129 -33.0601 -71.6063
158 -33.0596 -71.6063
951 -33.0592 -71.6064
873 -33.0593 -71.6064
527 -33.0592 -71.6063
311 -33.06 -71.6062
261 -33.0602 -71.606
169 -33.06 -71.6045
620 -33.06 -71.6045
411 -33.0599 -71.6062
221 -33.0591 -71.6054
293 -33.0592 -71.6044
785 -33.0591 -71.6076
369 -33.059 -71.6077
752 -33.0591 -71.6077
56 -33.0591 -71.6077
653 -33.059 -71.6077
929 -33.0589 -71.6078
832 -33.0589 -71.6078
741 -33.059 -71.6077
280 -33.0591 -71.6075
671 -33.0588 -71.607
555 -33.0587 -71.6066
126 -33.0588 -71.6066
704 -33.0586 -71.6069
110 -33.0584 -71.6073
980 -33.0584 -71.6067
125 -33.0585 -71.6067
168 -33.0584 -71.6067
613 -33.0577 -71.6073
182 -33.0583 -71.6071
670 -33.0577 -71.6068
319 -33.0577 -71.6076
390 -33.0577 -71.6072
910 -33.0573 -71.6069
8 -33.0577 -71.6068
230 -33.0578 -71.6068
544 -33.0579 -71.6068
172 -33.0583 -71.6067
16 -33.0583 -71.6067
120 -33.0579 -71.6068
276 -33.0578 -71.6068
503 -33.0578 -71.6066
505 -33.0584 -71.6066
404 -33.0588 -71.6066
349 -33.0587 -71.6066
513 -33.0591 -71.6063
669 -33.0586 -71.6066
845 -33.0585 -71.6066
284 -33.0585 -71.6066
417 -33.0586 -71.6066
525 -33.059 -71.6063
256 -33.0589 -71.6052
196 -33.0587 -71.6051
99 -33.0591 -71.6043
937 -33.0586 -71.6051
840 -33.0584 -71.6062
223 -33.0585 -71.6062
595 -33.0583 -71.6051
984 -33.0583 -71.6058
990 -33.058 -71.6062
136 -33.0582 -71.6059
477 -33.058 -71.6059
782 -33.0578 -71.6065
357 -33.0578 -71.6062
472 -33.0575 -71.6061
316 -33.0577 -71.6058
460 -33.0578 -71.6058
768 -33.0576 -71.6049
957 -33.0582 -71.6048
1 -33.058 -71.6045
98 -33.0575 -71.6051
30 -33.0573 -71.6048
406 -33.0573 -71.6047
141 -33.0573 -71.61
391 -33.0569 -71.6098
815 -33.057 -71.6098
673 -33.0567 -71.6097
372 -33.056 -71.6103
517 -33.0556 -71.6105
336 -33.0553 -71.6104
744 -33.0553 -71.6097
770 -33.0567 -71.6097
433 -33.0566 -71.6096
931 -33.0567 -71.6096
388 -33.056 -71.609
895 -33.0559 -71.6091
975 -33.0557 -71.6094
358 -33.0557 -71.6092
65 -33.0558 -71.6092
915 -33.0552 -71.6104
337 -33.0538 -71.6113
401 -33.0537 -71.6109
27 -33.0536 -71.6105
345 -33.0536 -71.6107
780 -33.0535 -71.6114
133 -33.0536 -71.6107
74 -33.0535 -71.6105
278 -33.0536 -71.6105
180 -33.0547 -71.6104
995 -33.0548 -71.6104
621 -33.0549 -71.6104
865 -33.0546 -71.6085
920 -33.0542 -71.6105
894 -33.0544 -71.6105
656 -33.0536 -71.6085
974 -33.0546 -71.6085
338 -33.0546 -71.6085
524 -33.0546 -71.6085
288 -33.0547 -71.6085
4 -33.0544 -71.6085
766 -33.0543 -71.6085
817 -33.0543 -71.6085
379 -33.0543 -71.6085
898 -33.0547 -71.6085
841 -33.0548 -71.6084
486 -33.0548 -71.6083
246 -33.0549 -71.6083
162 -33.0548 -71.6084
798 -33.0547 -71.6084
249 -33.0547 -71.6084
702 -33.0547 -71.6084
750 -33.0542 -71.6085
439 -33.0541 -71.6085
526 -33.0541 -71.6085
539 -33.0541 -71.6085
164 -33.0541 -71.6085
342 -33.0535 -71.6085
317 -33.054 -71.6085
465 -33.054 -71.6085
258 -33.0539 -71.6085
932 -33.054 -71.6085
695 -33.0539 -71.6085
428 -33.0538 -71.6085
985 -33.0538 -71.6085
58 -33.0538 -71.6085
651 -33.0538 -71.6085
312 -33.0535 -71.6085
31 -33.0532 -71.6115
77 -33.0533 -71.6115
897 -33.0511 -71.61
213 -33.051 -71.6101
853 -33.0509 -71.6102
140 -33.0509 -71.6101
318 -33.051 -71.6101
941 -33.0511 -71.61
436 -33.0514 -71.6097
631 -33.0514 -71.6097
541 -33.0514 -71.6097
84 -33.0514 -71.6097
50 -33.0512 -71.6099
868 -33.0513 -71.6098
36 -33.0513 -71.6098
206 -33.0507 -71.6102
530 -33.05 -71.6113
968 -33.0501 -71.6109
716 -33.0501 -71.6106
722 -33.05 -71.6114
152 -33.05 -71.6115
724 -33.0498 -71.6113
643 -33.0493 -71.6112
694 -33.0501 -71.6105
440 -33.0505 -71.6102
283 -33.0503 -71.6102
933 -33.0503 -71.6101
48 -33.0502 -71.6102
383 -33.0501 -71.6104
799 -33.0502 -71.6102
854 -33.0515 -71.6096
329 -33.0535 -71.6085
719 -33.0535 -71.6085
241 -33.0534 -71.6085
779 -33.0534 -71.6085
0 -33.0521 -71.6086
728 -33.0521 -71.6086
96 -33.0534 -71.6085
596 -33.0533 -71.6085
947 -33.0533 -71.6084
804 -33.0532 -71.6084
685 -33.0532 -71.6084
518 -33.0532 -71.6084
86 -33.0531 -71.6084
680 -33.0522 -71.6084
701 -33.0522 -71.6083
637 -33.0521 -71.6087
960 -33.0517 -71.6094
612 -33.0517 -71.6094
302 -33.0519 -71.6092
218 -33.0516 -71.6095
778 -33.0515 -71.6096
586 -33.0515 -71.6096
519 -33.0515 -71.6096
432 -33.0519 -71.6092
462 -33.052 -71.6091
648 -33.052 -71.6089
538 -33.052 -71.6088
374 -33.0519 -71.6092
515 -33.0519 -71.6092
435 -33.0505 -71.6088
590 -33.0522 -71.6083
731 -33.0571 -71.608
989 -33.057 -71.608
397 -33.057 -71.608
122 -33.057 -71.608
806 -33.057 -71.608
245 -33.057 -71.608
720 -33.057 -71.608
691 -33.0569 -71.608
308 -33.0569 -71.608
887 -33.0568 -71.608
21 -33.0569 -71.608
194 -33.0568 -71.608
875 -33.0567 -71.608
554 -33.0567 -71.608
299 -33.0567 -71.608
682 -33.0566 -71.608
410 -33.0566 -71.608
871 -33.0566 -71.608
264 -33.0566 -71.608
913 -33.0566 -71.608
667 -33.0565 -71.608
921 -33.0565 -71.608
359 -33.0565 -71.608
289 -33.0564 -71.608
616 -33.0561 -71.6079
893 -33.056 -71.6079
959 -33.056 -71.6079
896 -33.056 -71.6079
777 -33.0554 -71.6079
965 -33.056 -71.6079
630 -33.0555 -71.6079
445 -33.0559 -71.6079
193 -33.057 -71.6074
6 -33.0563 -71.6074
184 -33.0563 -71.6074
567 -33.0563 -71.6074
41 -33.056 -71.6075
492 -33.056 -71.6075
552 -33.056 -71.6075
67 -33.0565 -71.6073
578 -33.057 -71.6071
564 -33.0571 -71.607
826 -33.0572 -71.6047
267 -33.057 -71.6071
628 -33.0566 -71.6072
247 -33.0568 -71.6071
149 -33.0565 -71.6045
650 -33.0559 -71.6079
800 -33.0559 -71.6079
609 -33.0558 -71.6079
490 -33.0557 -71.6078
594 -33.0555 -71.6078
570 -33.0555 -71.6079
39 -33.0555 -71.6079
37 -33.0555 -71.6078
28 -33.0557 -71.6078
104 -33.0558 -71.6076
689 -33.0558 -71.6076
776 -33.0557 -71.6046
47 -33.0556 -71.6077
953 -33.0556 -71.6078
135 -33.0556 -71.6077
45 -33.0554 -71.6079
814 -33.0549 -71.6083
522 -33.053 -71.6083
3 -33.0549 -71.6083
548 -33.053 -71.6083
665 -33.0529 -71.6083
709 -33.0529 -71.6083
207 -33.0529 -71.6083
969 -33.0549 -71.6083
356 -33.055 -71.6082
330 -33.0551 -71.6082
928 -33.0551 -71.6082
824 -33.055 -71.6082
459 -33.055 -71.6083
451 -33.055 -71.6082
95 -33.055 -71.6082
444 -33.0529 -71.6083
76 -33.0528 -71.6083
847 -33.0527 -71.6083
418 -33.0522 -71.6082
231 -33.0522 -71.6082
234 -33.0522 -71.6083
119 -33.0522 -71.6083
823 -33.0522 -71.6082
654 -33.0527 -71.6082
240 -33.0526 -71.6082
64 -33.0526 -71.6082
363 -33.0526 -71.6082
153 -33.0525 -71.6082
178 -33.0525 -71.6082
425 -33.0525 -71.6082
663 -33.0551 -71.6082
396 -33.0553 -71.608
936 -33.0553 -71.608
344 -33.0553 -71.608
131 -33.0552 -71.6081
684 -33.0552 -71.6081
943 -33.0552 -71.6081
352 -33.0552 -71.6081
114 -33.0553 -71.608
514 -33.0554 -71.608
699 -33.0554 -71.608
426 -33.0554 -71.6079
443 -33.0554 -71.608
543 -33.0553 -71.608
584 -33.0553 -71.608
926 -33.0553 -71.608
121 -33.055 -71.605
481 -33.0525 -71.6082
828 -33.0524 -71.6081
956 -33.0523 -71.6081
457 -33.0522 -71.6081
634 -33.0522 -71.6081
807 -33.0522 -71.6081
248 -33.052 -71.608
971 -33.052 -71.608
729 -33.054 -71.6059
507 -33.0542 -71.6054
781 -33.0548 -71.6051
792 -33.054 -71.6059
899 -33.0522 -71.6074
533 -33.0535 -71.6047
