327 -33.0517 -71.6252
315 -33.0516 -71.6252
38 -33.0515 -71.6252
497 -33.0513 -71.6253
940 -33.0512 -71.6259
176 -33.0512 -71.6257
142 -33.0512 -71.6254
935 -33.0514 -71.6252
266 -33.0519 -71.6246
930 -33.0519 -71.6246
880 -33.0523 -71.6238
177 -33.0519 -71.6238
115 -33.0512 -71.6251
253 -33.0518 -71.6243
678 -33.0513 -71.6243
961 -33.0512 -71.626
66 -33.051 -71.6254
85 -33.0511 -71.6251
732 -33.0509 -71.6251
226 -33.0508 -71.6243
217 -33.0504 -71.6258
479 -33.0504 -71.6252
5 -33.0507 -71.6243
647 -33.0507 -71.6243
799 -33.0509 -71.6239
440 -33.0508 -71.6235
890 -33.0509 -71.6234
796 -33.0507 -71.6243
550 -33.0504 -71.6242
716 -33.0504 -71.6241
694 -33.0505 -71.624
487 -33.0517 -71.6233
377 -33.0521 -71.6222
210 -33.0521 -71.6222
179 -33.0516 -71.6222
260 -33.0515 -71.6232
703 -33.051 -71.6233
500 -33.0512 -71.6231
775 -33.0509 -71.6212
373 -33.0514 -71.6206
542 -33.0516 -71.62
881 -33.0522 -71.62
376 -33.0522 -71.62
69 -33.0514 -71.6202
587 -33.051 -71.6202
216 -33.0509 -71.6202
680 -33.0509 -71.6202
713 -33.0509 -71.6212
283 -33.0507 -71.6231
547 -33.0507 -71.6212
956 -33.0506 -71.6211
901 -33.0505 -71.6231
302 -33.0504 -71.6222
432 -33.0504 -71.6222
637 -33.0505 -71.6217
973 -33.0503 -71.6204
919 -33.0507 -71.6201
355 -33.0505 -71.6201
456 -33.0506 -71.6201
341 -33.0504 -71.6202
838 -33.0504 -71.6204
761 -33.0504 -71.6203
425 -33.0502 -71.6209
633 -33.0498 -71.6252
883 -33.05 -71.6252
34 -33.0501 -71.6252
101 -33.0496 -71.626
598 -33.0493 -71.626
786 -33.0494 -71.6253
829 -33.0496 -71.6252
109 -33.0502 -71.6252
53 -33.0501 -71.6232
313 -33.0502 -71.6231
399 -33.0502 -71.6223
697 -33.0498 -71.6243
979 -33.049 -71.6243
206 -33.0489 -71.6232
250 -33.049 -71.6223
493 -33.0489 -71.6243
92 -33.0488 -71.6252
987 -33.0488 -71.6252
589 -33.0488 -71.6243
447 -33.0487 -71.6245
409 -33.0482 -71.6252
25 -33.0484 -71.6244
710 -33.0482 -71.6243
859 -33.0483 -71.6233
597 -33.0487 -71.6229
144 -33.0488 -71.6228
852 -33.0488 -71.6227
213 -33.0487 -71.623
412 -33.0487 -71.6232
111 -33.0484 -71.6225
163 -33.0485 -71.6224
116 -33.0502 -71.6223
77 -33.0493 -71.6222
234 -33.0494 -71.6216
891 -33.0494 -71.6207
166 -33.0493 -71.6214
340 -33.0492 -71.622
687 -33.0492 -71.6219
401 -33.0493 -71.6212
74 -33.0502 -71.6207
76 -33.0502 -71.6206
804 -33.0493 -71.6205
656 -33.0496 -71.62
198 -33.0493 -71.6205
86 -33.0493 -71.6204
434 -33.0493 -71.6204
844 -33.0493 -71.6203
448 -33.0492 -71.6219
632 -33.0487 -71.6222
831 -33.0491 -71.6219
262 -33.049 -71.6219
374 -33.0487 -71.622
17 -33.0487 -71.6223
780 -33.0486 -71.6217
701 -33.0482 -71.6214
654 -33.0483 -71.6209
323 -33.0488 -71.6207
709 -33.0484 -71.6207
522 -33.0484 -71.6207
207 -33.0484 -71.6207
548 -33.0484 -71.6208
565 -33.0483 -71.6205
816 -33.0521 -71.62
301 -33.0516 -71.62
537 -33.0514 -71.6192
869 -33.0516 -71.6184
646 -33.0514 -71.6184
370 -33.0512 -71.6192
765 -33.0511 -71.6188
413 -33.0511 -71.6187
57 -33.0512 -71.6183
560 -33.0521 -71.6179
774 -33.052 -71.6179
475 -33.0522 -71.6171
936 -33.0518 -71.6169
668 -33.0512 -71.6183
931 -33.0517 -71.6169
356 -33.0512 -71.6167
963 -33.0507 -71.6185
134 -33.0505 -71.6192
428 -33.0501 -71.6191
189 -33.0507 -71.6185
255 -33.05 -71.6187
760 -33.0496 -71.6198
379 -33.0498 -71.619
549 -33.0499 -71.6188
367 -33.0506 -71.6184
582 -33.0504 -71.6179
978 -33.0503 -71.6179
407 -33.0502 -71.6178
389 -33.05 -71.6167
408 -33.0498 -71.6177
689 -33.0499 -71.6168
743 -33.0499 -71.6167
433 -33.0498 -71.6167
991 -33.0522 -71.6157
945 -33.0523 -71.6156
118 -33.0524 -71.6156
578 -33.0519 -71.6151
297 -33.0516 -71.6156
792 -33.0517 -71.6155
299 -33.0517 -71.6154
507 -33.0519 -71.615
872 -33.0521 -71.6149
976 -33.0521 -71.6149
482 -33.052 -71.6147
242 -33.0518 -71.6148
910 -33.0516 -71.6149
737 -33.0517 -71.6147
2 -33.0517 -71.6147
640 -33.0515 -71.6166
20 -33.0514 -71.6165
943 -33.0513 -71.6165
818 -33.0513 -71.6164
286 -33.0512 -71.6166
426 -33.0505 -71.6164
18 -33.0506 -71.6164
893 -33.0496 -71.6161
268 -33.0509 -71.616
842 -33.0514 -71.616
464 -33.0506 -71.6155
950 -33.0505 -71.6155
608 -33.0505 -71.6155
60 -33.0504 -71.6158
879 -33.0505 -71.6158
822 -33.0496 -71.6161
539 -33.0495 -71.6196
42 -33.0494 -71.619
524 -33.0495 -71.6189
361 -33.0494 -71.619
841 -33.0494 -71.6186
95 -33.0492 -71.6183
352 -33.0491 -71.6182
443 -33.049 -71.618
269 -33.0489 -71.6169
921 -33.0489 -71.6169
107 -33.049 -71.6168
871 -33.0489 -71.617
959 -33.0488 -71.6174
146 -33.0488 -71.6173
41 -33.0488 -71.6173
391 -33.0488 -71.6174
543 -33.0485 -71.6183
754 -33.0485 -71.6183
699 -33.0485 -71.6183
396 -33.0485 -71.6183
246 -33.0482 -71.6189
684 -33.0484 -71.6184
455 -33.0484 -71.6184
698 -33.0485 -71.6183
641 -33.0486 -71.6179
150 -33.0486 -71.6179
609 -33.0487 -71.6177
570 -33.0486 -71.618
953 -33.0483 -71.6173
442 -33.0485 -71.6167
955 -33.049 -71.6166
476 -33.0493 -71.6165
6 -33.0495 -71.6163
450 -33.0495 -71.6162
251 -33.0493 -71.6165
554 -33.0491 -71.6165
887 -33.0491 -71.6165
415 -33.0491 -71.616
257 -33.0492 -71.6156
229 -33.0494 -71.6147
762 -33.0494 -71.6147
321 -33.0494 -71.6147
319 -33.0494 -71.6147
295 -33.0493 -71.6152
375 -33.0493 -71.615
480 -33.0494 -71.6145
726 -33.049 -71.6165
123 -33.0489 -71.6165
279 -33.0489 -71.6165
682 -33.0488 -71.6164
602 -33.0488 -71.6164
184 -33.0486 -71.6164
141 -33.0487 -71.6164
693 -33.0487 -71.6164
520 -33.0487 -71.6164
745 -33.0483 -71.6148
252 -33.0483 -71.6147
577 -33.0483 -71.6146
580 -33.0482 -71.6163
271 -33.0482 -71.6163
731 -33.0482 -71.615
730 -33.0482 -71.6189
735 -33.048 -71.6253
360 -33.0477 -71.6253
36 -33.0478 -71.6234
629 -33.0476 -71.6253
849 -33.0474 -71.6253
755 -33.0467 -71.6247
484 -33.0471 -71.6242
868 -33.0477 -71.6234
999 -33.0481 -71.6234
854 -33.0475 -71.6233
586 -33.0474 -71.6233
900 -33.0468 -71.6233
130 -33.0466 -71.6234
660 -33.0468 -71.6232
692 -33.0468 -71.6232
583 -33.0466 -71.6256
764 -33.0466 -71.6256
509 -33.0466 -71.6256
911 -33.0466 -71.6255
939 -33.0465 -71.6252
718 -33.0462 -71.6258
485 -33.0465 -71.6257
80 -33.0464 -71.6257
9 -33.0465 -71.6252
722 -33.0465 -71.6245
152 -33.0465 -71.6241
453 -33.0465 -71.6235
55 -33.0465 -71.625
530 -33.0462 -71.6247
511 -33.0462 -71.6244
897 -33.0462 -71.6229
529 -33.0464 -71.6229
337 -33.048 -71.6217
457 -33.048 -71.6213
783 -33.048 -71.6212
0 -33.0474 -71.6222
462 -33.0473 -71.6228
688 -33.0473 -71.6228
195 -33.0474 -71.6224
481 -33.0481 -71.6212
363 -33.0481 -71.6211
430 -33.0481 -71.621
518 -33.0474 -71.6207
431 -33.0474 -71.6209
27 -33.0473 -71.6211
278 -33.0473 -71.6211
665 -33.0474 -71.6209
93 -33.0473 -71.6211
191 -33.0468 -71.6228
612 -33.0471 -71.6228
884 -33.0471 -71.6228
834 -33.0468 -71.6229
394 -33.0464 -71.6229
631 -33.0466 -71.6229
538 -33.0462 -71.6214
828 -33.0471 -71.6214
240 -33.0472 -71.6213
64 -33.0473 -71.6212
231 -33.0464 -71.6209
496 -33.0464 -71.6209
728 -33.0463 -71.6212
418 -33.0464 -71.6209
263 -33.0462 -71.623
516 -33.046 -71.6258
696 -33.0458 -71.6256
222 -33.0461 -71.6254
802 -33.0457 -71.6255
277 -33.0457 -71.6257
938 -33.0456 -71.6254
139 -33.0455 -71.6254
322 -33.0457 -71.6253
708 -33.046 -71.6244
605 -33.0458 -71.6238
889 -33.0459 -71.6234
205 -33.0457 -71.6252
820 -33.0456 -71.6252
383 -33.0456 -71.624
639 -33.045 -71.6235
348 -33.0449 -71.6236
220 -33.0439 -71.6258
784 -33.0439 -71.6258
988 -33.0437 -71.6256
982 -33.0436 -71.6255
88 -33.0433 -71.6251
643 -33.0434 -71.6248
827 -33.0436 -71.6246
427 -33.0435 -71.6245
635 -33.0446 -71.624
972 -33.0446 -71.624
933 -33.0449 -71.6237
793 -33.0442 -71.624
644 -33.0436 -71.6244
724 -33.0438 -71.6243
113 -33.045 -71.6233
983 -33.046 -71.6231
318 -33.0461 -71.623
519 -33.0457 -71.6223
314 -33.0455 -71.6225
862 -33.0453 -71.6228
435 -33.0453 -71.6227
855 -33.0455 -71.6225
904 -33.0458 -71.622
31 -33.0461 -71.6217
574 -33.0461 -71.6216
648 -33.0462 -71.6215
13 -33.046 -71.6219
572 -33.046 -71.6219
778 -33.0453 -71.6213
174 -33.0455 -71.6209
941 -33.0453 -71.6228
573 -33.0451 -71.6227
170 -33.045 -71.6226
81 -33.0446 -71.6223
794 -33.0446 -71.6228
968 -33.0438 -71.6227
48 -33.0445 -71.6223
157 -33.0444 -71.6222
553 -33.0444 -71.6222
84 -33.0452 -71.6215
10 -33.0448 -71.621
333 -33.0444 -71.6208
604 -33.0444 -71.6211
610 -33.0437 -71.6218
155 -33.0441 -71.6207
763 -33.044 -71.6206
864 -33.0477 -71.6199
721 -33.0478 -71.6199
180 -33.0477 -71.6198
258 -33.0477 -71.62
329 -33.0475 -71.6204
495 -33.0475 -71.6203
787 -33.0476 -71.6201
812 -33.0478 -71.6198
292 -33.0479 -71.6194
750 -33.0479 -71.6194
803 -33.0481 -71.6189
254 -33.0479 -71.6195
767 -33.0478 -71.6197
992 -33.0478 -71.6197
164 -33.0478 -71.6196
439 -33.0471 -71.6187
727 -33.0466 -71.6203
683 -33.0466 -71.6203
345 -33.0466 -71.6203
614 -33.0466 -71.6203
178 -33.0464 -71.6203
807 -33.0462 -71.6203
830 -33.0462 -71.6202
444 -33.0467 -71.62
779 -33.0469 -71.6194
860 -33.0469 -71.6192
651 -33.047 -71.6192
920 -33.0469 -71.6195
685 -33.0468 -71.6197
947 -33.0468 -71.6195
847 -33.0462 -71.6193
817 -33.0472 -71.6184
809 -33.0482 -71.6182
488 -33.0481 -71.6174
445 -33.0478 -71.6164
777 -33.0476 -71.6171
932 -33.047 -71.6184
819 -33.0475 -71.6162
801 -33.0472 -71.6161
290 -33.048 -71.6158
67 -33.048 -71.6156
649 -33.0481 -71.6154
267 -33.0482 -71.6152
160 -33.048 -71.6149
965 -33.0471 -71.6151
998 -33.0479 -71.6149
309 -33.0471 -71.6147
594 -33.047 -71.6158
465 -33.0469 -71.6183
336 -33.0469 -71.6171
974 -33.0469 -71.6171
466 -33.0468 -71.6172
805 -33.0468 -71.6183
342 -33.0464 -71.6182
320 -33.0464 -71.6182
131 -33.0469 -71.6161
546 -33.0465 -71.616
117 -33.0463 -71.616
334 -33.0465 -71.6147
661 -33.0461 -71.6147
926 -33.0461 -71.6148
114 -33.0461 -71.6147
729 -33.0461 -71.6151
850 -33.0457 -71.6204
106 -33.0457 -71.6203
971 -33.0461 -71.6202
273 -33.0454 -71.6204
712 -33.045 -71.6205
515 -33.0453 -71.62
851 -33.0452 -71.6199
218 -33.0449 -71.6198
153 -33.046 -71.6192
58 -33.0459 -71.6169
638 -33.0459 -71.6169
894 -33.0459 -71.6169
504 -33.0457 -71.6191
44 -33.0454 -71.619
304 -33.0453 -71.619
541 -33.0448 -71.6199
436 -33.0448 -71.6199
165 -33.0446 -71.6199
50 -33.0445 -71.6199
239 -33.0444 -71.6198
949 -33.0443 -71.6198
853 -33.0442 -71.6198
416 -33.0442 -71.6198
140 -33.0442 -71.6198
652 -33.0446 -71.6188
364 -33.0446 -71.6188
248 -33.0448 -71.6179
960 -33.0444 -71.6188
758 -33.0442 -71.6169
590 -33.0442 -71.6169
128 -33.0447 -71.6169
719 -33.0457 -71.6169
892 -33.046 -71.616
545 -33.0458 -71.616
946 -33.0456 -71.616
596 -33.0456 -71.6169
795 -33.0455 -71.6169
317 -33.0456 -71.616
908 -33.0461 -71.6157
451 -33.0461 -71.615
599 -33.0461 -71.615
372 -33.046 -71.6146
655 -33.0457 -71.6146
942 -33.0456 -71.6148
835 -33.0456 -71.6145
201 -33.0454 -71.6145
392 -33.0453 -71.6145
756 -33.0449 -71.6169
666 -33.0452 -71.616
96 -33.045 -71.6159
899 -33.0449 -71.6169
823 -33.0442 -71.6169
119 -33.0443 -71.6169
393 -33.0449 -71.6169
133 -33.0442 -71.6159
148 -33.0448 -71.6157
588 -33.0448 -71.615
766 -33.045 -71.6147
385 -33.0444 -71.6159
634 -33.0437 -71.6159
75 -33.0438 -71.6159
338 -33.0452 -71.6145
192 -33.0515 -71.6138
948 -33.0523 -71.6134
298 -33.0519 -71.6134
561 -33.0515 -71.6144
483 -33.0513 -71.6144
782 -33.0514 -71.6143
505 -33.0515 -71.6138
874 -33.0519 -71.6134
866 -33.0519 -71.6133
592 -33.0513 -71.6119
922 -33.0515 -71.6119
994 -33.0513 -71.6131
810 -33.0512 -71.6119
772 -33.0512 -71.6119
132 -33.0513 -71.6119
463 -33.0512 -71.6131
531 -33.0511 -71.6144
501 -33.0511 -71.6142
556 -33.0511 -71.614
124 -33.051 -71.6143
276 -33.0509 -71.6142
390 -33.051 -71.614
120 -33.051 -71.614
811 -33.0511 -71.614
675 -33.0511 -71.614
420 -33.0511 -71.6128
414 -33.0511 -71.6128
747 -33.0511 -71.613
72 -33.0511 -71.613
521 -33.0511 -71.613
576 -33.0511 -71.6129
83 -33.0518 -71.6118
970 -33.0521 -71.6118
873 -33.0518 -71.6118
98 -33.0522 -71.6118
326 -33.0515 -71.6115
19 -33.0513 -71.6117
790 -33.0515 -71.6115
43 -33.0512 -71.6114
917 -33.0508 -71.6113
354 -33.0521 -71.6094
579 -33.0518 -71.6094
677 -33.0519 -71.6093
368 -33.0517 -71.6096
591 -33.0505 -71.6102
525 -33.0511 -71.61
925 -33.0514 -71.6098
469 -33.0504 -71.6101
523 -33.0504 -71.6113
954 -33.0504 -71.6113
769 -33.0503 -71.6113
219 -33.0501 -71.6113
937 -33.05 -71.6111
46 -33.05 -71.6111
857 -33.05 -71.6111
225 -33.0501 -71.6107
307 -33.0503 -71.6102
513 -33.0503 -71.6101
636 -33.0503 -71.6101
400 -33.0502 -71.6102
402 -33.0502 -71.6103
52 -33.0502 -71.6102
422 -33.05 -71.6111
127 -33.0497 -71.6132
316 -33.0499 -71.6129
686 -33.0499 -71.6129
158 -33.0497 -71.6132
958 -33.0495 -71.6138
704 -33.0495 -71.6138
671 -33.0496 -71.6137
238 -33.0498 -71.6129
746 -33.0498 -71.6125
622 -33.0498 -71.6123
470 -33.0499 -71.6121
26 -33.0497 -71.6127
626 -33.0497 -71.6129
923 -33.0497 -71.6128
32 -33.0497 -71.6128
137 -33.0495 -71.6129
882 -33.0494 -71.6144
349 -33.0494 -71.6143
669 -33.0495 -71.6142
284 -33.0494 -71.6144
199 -33.0493 -71.6145
856 -33.0494 -71.6139
97 -33.0485 -71.6139
51 -33.0491 -71.6129
642 -33.0491 -71.6129
398 -33.0488 -71.6126
840 -33.049 -71.612
187 -33.0488 -71.6129
182 -33.0486 -71.6129
404 -33.0486 -71.6129
832 -33.048 -71.6118
662 -33.0499 -71.6116
944 -33.05 -71.6113
555 -33.05 -71.6112
569 -33.0499 -71.6113
378 -33.0499 -71.6117
110 -33.0491 -71.6114
94 -33.0491 -71.6114
305 -33.0496 -71.6112
472 -33.05 -71.6112
282 -33.0495 -71.6099
740 -33.0495 -71.6098
35 -33.0495 -71.61
825 -33.0495 -71.6112
962 -33.0494 -71.6112
773 -33.0494 -71.6099
733 -33.049 -71.6117
173 -33.0486 -71.6112
571 -33.0483 -71.6111
846 -33.0484 -71.6111
29 -33.0482 -71.6114
741 -33.0481 -71.6118
15 -33.0482 -71.6115
981 -33.0482 -71.6114
214 -33.0483 -71.6111
984 -33.0488 -71.6098
674 -33.0487 -71.6098
843 -33.0487 -71.6098
261 -33.0485 -71.6098
167 -33.0481 -71.6111
145 -33.0483 -71.611
291 -33.0519 -71.6092
467 -33.0513 -71.6087
808 -33.0513 -71.6084
474 -33.0514 -71.6083
281 -33.0512 -71.6086
154 -33.0511 -71.6091
619 -33.0512 -71.6087
331 -33.051 -71.6085
237 -33.0513 -71.6082
528 -33.0519 -71.6081
300 -33.0519 -71.6076
748 -33.0517 -71.6076
768 -33.0516 -71.6075
967 -33.0513 -71.6081
491 -33.051 -71.6074
751 -33.0515 -71.6073
259 -33.051 -71.6086
196 -33.0504 -71.6088
419 -33.0508 -71.6085
384 -33.0504 -71.6085
672 -33.0502 -71.6085
209 -33.0502 -71.6085
366 -33.0502 -71.6085
627 -33.0501 -71.6084
563 -33.0505 -71.6083
63 -33.0509 -71.6074
886 -33.0508 -71.6074
112 -33.0508 -71.6074
876 -33.0506 -71.6073
927 -33.0505 -71.6073
797 -33.0502 -71.6068
848 -33.0502 -71.6067
606 -33.0512 -71.6067
175 -33.0519 -71.6066
280 -33.0517 -71.6062
441 -33.0523 -71.6057
159 -33.0516 -71.6064
679 -33.0516 -71.606
903 -33.0516 -71.6059
79 -33.0509 -71.6058
581 -33.0514 -71.6056
303 -33.0514 -71.6056
311 -33.0514 -71.6056
332 -33.0514 -71.6053
147 -33.0511 -71.6055
40 -33.0511 -71.6052
461 -33.051 -71.6051
527 -33.051 -71.6051
499 -33.0509 -71.6058
506 -33.0507 -71.6057
929 -33.0505 -71.6057
411 -33.0504 -71.6056
558 -33.0504 -71.6066
221 -33.0504 -71.6066
129 -33.0503 -71.6066
212 -33.0502 -71.6056
705 -33.0501 -71.6056
870 -33.0509 -71.6051
223 -33.0508 -71.605
551 -33.0508 -71.6045
858 -33.0507 -71.6047
473 -33.0507 -71.605
90 -33.0502 -71.6047
335 -33.0501 -71.6065
977 -33.05 -71.6084
362 -33.05 -71.6084
454 -33.0499 -71.6084
613 -33.0496 -71.6091
535 -33.0496 -71.6091
274 -33.0496 -71.6091
190 -33.0494 -71.6091
452 -33.0499 -71.6084
934 -33.05 -71.6072
512 -33.0499 -71.6072
11 -33.0498 -71.6072
510 -33.0498 -71.6071
61 -33.0495 -71.6084
12 -33.0495 -71.6084
296 -33.0497 -71.6071
912 -33.0491 -71.6083
424 -33.0489 -71.6083
676 -33.049 -71.6083
888 -33.0488 -71.6083
723 -33.0486 -71.6091
503 -33.0482 -71.6091
478 -33.0484 -71.6082
833 -33.0485 -71.6082
7 -33.0487 -71.6082
438 -33.0491 -71.607
138 -33.0488 -71.6068
753 -33.0485 -71.6066
62 -33.0483 -71.6066
49 -33.0482 -71.6079
350 -33.0483 -71.6066
657 -33.05 -71.6065
285 -33.0499 -71.6065
645 -33.0499 -71.6055
168 -33.0499 -71.6055
700 -33.0499 -71.6065
477 -33.0496 -71.6065
918 -33.0495 -71.6053
878 -33.0494 -71.6053
458 -33.0492 -71.6052
980 -33.0499 -71.6045
924 -33.0498 -71.6045
557 -33.0499 -71.604
73 -33.0498 -71.6042
489 -33.0498 -71.6045
156 -33.0497 -71.6043
540 -33.0496 -71.6043
706 -33.0492 -71.6035
78 -33.0491 -71.6054
664 -33.0491 -71.6052
593 -33.049 -71.605
421 -33.0489 -71.6049
228 -33.0488 -71.6062
227 -33.0489 -71.6049
532 -33.0488 -71.6047
381 -33.0488 -71.6047
752 -33.0481 -71.6039
169 -33.0482 -71.6039
502 -33.0483 -71.6037
620 -33.0481 -71.6039
181 -33.0481 -71.6039
966 -33.0481 -71.6039
351 -33.048 -71.6128
813 -33.0474 -71.6134
23 -33.0474 -71.6134
371 -33.0475 -71.6134
446 -33.0473 -71.6134
143 -33.0472 -71.6142
776 -33.0472 -71.6134
272 -33.0472 -71.6134
405 -33.0476 -71.6131
14 -33.048 -71.6128
997 -33.0478 -71.6127
907 -33.0478 -71.6125
197 -33.0477 -71.613
105 -33.0477 -71.613
916 -33.0474 -71.6127
387 -33.0472 -71.6127
310 -33.047 -71.6133
806 -33.0469 -71.6133
386 -33.0468 -71.6133
986 -33.0466 -71.6133
410 -33.0466 -71.6132
552 -33.0461 -71.6136
567 -33.0464 -71.6134
759 -33.0463 -71.6132
616 -33.0462 -71.6131
423 -33.0468 -71.6126
245 -33.0466 -71.6125
247 -33.0465 -71.6125
691 -33.0465 -71.6125
781 -33.0461 -71.6131
208 -33.046 -71.6131
359 -33.0462 -71.6124
294 -33.0479 -71.6124
357 -33.0473 -71.6115
236 -33.0477 -71.6111
909 -33.0476 -71.611
230 -33.0473 -71.6118
403 -33.0473 -71.6121
611 -33.0473 -71.611
789 -33.0472 -71.611
736 -33.0471 -71.611
468 -33.0477 -71.6098
952 -33.0477 -71.6098
603 -33.0478 -71.6098
757 -33.0474 -71.6099
885 -33.047 -71.6098
653 -33.0472 -71.6098
990 -33.0471 -71.6098
861 -33.0468 -71.6098
347 -33.0465 -71.6109
742 -33.0464 -71.6109
670 -33.0464 -71.6109
397 -33.0462 -71.6114
151 -33.046 -71.6124
171 -33.0462 -71.6122
102 -33.0462 -71.612
905 -33.046 -71.6108
16 -33.0467 -71.6098
845 -33.0467 -71.6098
243 -33.0467 -71.6098
172 -33.0465 -71.6098
8 -33.0458 -71.6098
395 -33.0461 -71.6098
202 -33.0458 -71.6131
615 -33.0458 -71.6131
104 -33.0458 -71.6131
837 -33.0456 -71.613
630 -33.0454 -71.613
517 -33.0451 -71.6132
725 -33.0453 -71.613
584 -33.0453 -71.613
877 -33.0452 -71.6129
108 -33.0458 -71.6123
711 -33.0458 -71.6123
200 -33.0458 -71.6123
70 -33.0454 -71.6122
330 -33.045 -71.6129
490 -33.0454 -71.6122
37 -33.0453 -71.6122
898 -33.0448 -71.6132
526 -33.0447 -71.6145
739 -33.0448 -71.6133
996 -33.0441 -71.613
312 -33.044 -71.6145
241 -33.044 -71.6145
985 -33.044 -71.6133
964 -33.0439 -71.6133
749 -33.0441 -71.613
902 -33.0445 -71.6129
969 -33.0447 -71.6129
744 -33.0448 -71.6129
915 -33.0443 -71.6129
186 -33.0441 -71.6129
798 -33.0443 -71.6124
135 -33.0452 -71.6121
264 -33.0456 -71.6112
720 -33.0456 -71.6108
875 -33.0454 -71.6107
87 -33.0452 -71.6121
45 -33.045 -71.6121
265 -33.045 -71.6121
585 -33.0447 -71.612
667 -33.0451 -71.6107
289 -33.045 -71.6107
215 -33.0456 -71.6099
193 -33.045 -71.6098
650 -33.0447 -71.6107
121 -33.0447 -71.6107
275 -33.0446 -71.6104
47 -33.0446 -71.6104
449 -33.0446 -71.6104
814 -33.0443 -71.612
824 -33.0444 -71.6118
24 -33.0443 -71.611
659 -33.0442 -71.6116
100 -33.0442 -71.6121
486 -33.0442 -71.6121
621 -33.0442 -71.6119
4 -33.0443 -71.611
28 -33.0446 -71.6105
995 -33.0446 -71.6103
344 -33.0445 -71.6099
39 -33.0445 -71.6102
288 -33.0443 -71.6107
249 -33.0443 -71.6107
126 -33.0476 -71.6098
22 -33.0475 -71.6098
681 -33.0475 -71.6098
715 -33.048 -71.6082
575 -33.0475 -71.6098
183 -33.0474 -71.609
211 -33.0471 -71.609
324 -33.0469 -71.609
601 -33.0476 -71.6082
256 -33.0477 -71.6082
595 -33.0476 -71.6082
89 -33.0477 -71.6075
224 -33.0475 -71.6082
600 -33.0469 -71.6081
863 -33.0474 -71.6069
498 -33.0468 -71.6069
785 -33.0468 -71.609
204 -33.0467 -71.6081
328 -33.0467 -71.6081
343 -33.0467 -71.6081
821 -33.0467 -71.609
406 -33.0462 -71.609
836 -33.0466 -71.6081
714 -33.0466 -71.6081
136 -33.0466 -71.6081
734 -33.0465 -71.6081
951 -33.0465 -71.6081
957 -33.0466 -71.607
437 -33.0465 -71.607
771 -33.0461 -71.6081
607 -33.0463 -71.6079
185 -33.0463 -71.607
690 -33.0474 -71.6068
471 -33.0473 -71.6064
369 -33.0473 -71.6062
365 -33.0473 -71.6058
460 -33.0473 -71.6061
56 -33.0473 -71.6061
233 -33.0472 -71.6058
624 -33.0472 -71.6058
99 -33.0473 -71.6042
382 -33.0478 -71.6037
673 -33.0478 -71.6037
815 -33.0479 -71.6036
770 -33.0476 -71.6041
788 -33.0474 -71.6042
293 -33.0475 -71.6041
244 -33.0472 -71.6034
325 -33.0472 -71.6055
534 -33.0463 -71.6063
993 -33.0463 -71.6063
1 -33.0464 -71.6052
658 -33.0462 -71.6063
203 -33.0462 -71.606
232 -33.0462 -71.6057
791 -33.0461 -71.6056
91 -33.0471 -71.605
287 -33.0471 -71.6049
564 -33.0462 -71.6046
536 -33.0467 -71.6041
122 -33.0462 -71.6043
65 -33.0461 -71.6047
358 -33.0461 -71.6047
906 -33.046 -71.605
235 -33.046 -71.6081
68 -33.0459 -71.6081
417 -33.0459 -71.6081
125 -33.0457 -71.608
707 -33.0457 -71.6089
623 -33.0452 -71.6089
82 -33.0457 -71.608
738 -33.0457 -71.608
306 -33.0457 -71.608
71 -33.0457 -71.608
625 -33.0456 -71.6072
339 -33.0452 -71.6071
544 -33.0452 -71.608
562 -33.045 -71.608
839 -33.0451 -71.6071
867 -33.0448 -71.6077
928 -33.0443 -71.6098
494 -33.0443 -71.6097
663 -33.0445 -71.6097
459 -33.0442 -71.6097
3 -33.0442 -71.6096
702 -33.0442 -71.6094
33 -33.0442 -71.6092
865 -33.0443 -71.6089
566 -33.0444 -71.6077
149 -33.0447 -71.6072
429 -33.0445 -71.6072
695 -33.0441 -71.6083
353 -33.0441 -71.6083
54 -33.0439 -71.6079
21 -33.0445 -71.6071
103 -33.0458 -71.6071
975 -33.0456 -71.6069
895 -33.0455 -71.606
308 -33.0455 -71.606
989 -33.0455 -71.606
161 -33.0455 -71.6059
617 -33.0454 -71.6056
717 -33.0453 -71.6053
508 -33.046 -71.6049
628 -33.0457 -71.6049
388 -33.0458 -71.6048
913 -33.0456 -71.6049
826 -33.0453 -71.605
492 -33.0454 -71.6046
30 -33.0456 -71.6046
188 -33.0451 -71.6048
270 -33.0447 -71.6069
914 -33.0444 -71.6069
194 -33.0447 -71.6068
59 -33.0441 -71.6061
533 -33.0435 -71.607
380 -33.0441 -71.606
162 -33.0433 -71.6059
618 -33.0441 -71.6057
896 -33.0451 -71.6051
568 -33.0451 -71.6048
800 -33.0451 -71.6047
559 -33.0448 -71.6038
346 -33.0448 -71.6049
514 -33.0448 -71.6049
