301 -33.0586 -71.6172
978 -33.0602 -71.6164
475 -33.0622 -71.6158
549 -33.0584 -71.6164
698 -33.0583 -71.6174
754 -33.0583 -71.6174
619 -33.0583 -71.6158
127 -33.0587 -71.6154
467 -33.0588 -71.6154
189 -33.0588 -71.6154
686 -33.059 -71.6152
367 -33.0587 -71.6154
962 -33.0581 -71.615
370 -33.0581 -71.615
408 -33.0582 -71.615
455 -33.0581 -71.6176
456 -33.0577 -71.6179
271 -33.0579 -71.6178
809 -33.058 -71.6177
803 -33.0576 -71.6179
290 -33.0573 -71.6182
198 -33.0573 -71.6182
838 -33.0574 -71.6182
760 -33.058 -71.6177
154 -33.058 -71.6158
726 -33.0581 -71.615
123 -33.058 -71.615
279 -33.058 -71.615
255 -33.0579 -71.615
107 -33.0578 -71.615
636 -33.0578 -71.615
693 -33.0578 -71.6149
582 -33.0587 -71.6148
450 -33.0586 -71.6147
413 -33.0591 -71.6144
407 -33.0585 -71.6147
762 -33.0577 -71.6149
251 -33.0582 -71.6149
537 -33.0583 -71.6149
476 -33.058 -71.6144
945 -33.0603 -71.6143
994 -33.06 -71.6142
483 -33.0603 -71.6142
646 -33.0595 -71.614
948 -33.0582 -71.6142
57 -33.0593 -71.6142
286 -33.0595 -71.614
269 -33.0576 -71.6149
816 -33.0574 -71.6149
134 -33.0574 -71.6149
881 -33.0573 -71.6147
61 -33.0573 -71.6147
580 -33.0573 -71.6149
146 -33.0573 -71.6149
442 -33.0573 -71.6148
376 -33.0574 -71.6145
274 -33.0574 -71.6143
424 -33.0575 -71.614
955 -33.0575 -71.6139
602 -33.0574 -71.6143
773 -33.0574 -71.6145
520 -33.0574 -71.6144
767 -33.0571 -71.6184
466 -33.057 -71.6183
446 -33.057 -71.6172
907 -33.0571 -71.617
179 -33.0567 -71.6182
166 -33.0566 -71.6182
495 -33.0565 -71.6182
448 -33.0562 -71.6181
423 -33.0568 -71.6169
403 -33.0568 -71.6169
145 -33.0565 -71.6167
171 -33.0563 -71.6164
611 -33.0562 -71.616
891 -33.0562 -71.6161
992 -33.0562 -71.616
812 -33.0562 -71.616
210 -33.0562 -71.6161
431 -33.0561 -71.618
262 -33.0559 -71.618
908 -33.0557 -71.618
930 -33.0557 -71.6179
340 -33.0556 -71.6172
399 -33.0556 -71.6172
116 -33.0556 -71.6172
831 -33.0556 -71.617
547 -33.0561 -71.6161
892 -33.056 -71.616
721 -33.056 -71.6159
864 -33.0559 -71.6159
687 -33.0556 -71.6169
880 -33.0557 -71.6168
323 -33.0557 -71.6166
545 -33.0559 -71.6159
373 -33.0564 -71.615
819 -33.0566 -71.6149
488 -33.0566 -71.6149
587 -33.0563 -71.6151
711 -33.0562 -71.6159
775 -33.0562 -71.6159
216 -33.0562 -71.6151
105 -33.057 -71.6148
405 -33.057 -71.6148
150 -33.0569 -71.6147
542 -33.0569 -71.6147
42 -33.0568 -71.6147
69 -33.0568 -71.6147
641 -33.0568 -71.6147
361 -33.0568 -71.6147
377 -33.0562 -71.6159
117 -33.0562 -71.6159
713 -33.0562 -71.6159
292 -33.0562 -71.6159
973 -33.0562 -71.6159
787 -33.0558 -71.6159
254 -33.0561 -71.6158
844 -33.0561 -71.6158
434 -33.0561 -71.6157
761 -33.0561 -71.6157
341 -33.0561 -71.6156
919 -33.056 -71.6153
546 -33.056 -71.6156
730 -33.0559 -71.6154
355 -33.0559 -71.6154
818 -33.0595 -71.6139
608 -33.0597 -71.6137
640 -33.0597 -71.6137
354 -33.06 -71.6135
869 -33.0597 -71.6137
879 -33.0596 -71.6139
60 -33.0596 -71.6138
464 -33.0591 -71.6136
950 -33.0591 -71.6134
531 -33.0601 -71.6133
501 -33.0601 -71.6133
561 -33.0604 -71.6129
774 -33.0601 -71.6133
52 -33.059 -71.6129
958 -33.0591 -71.6129
627 -33.0591 -71.6129
402 -33.0589 -71.6131
175 -33.0584 -71.6137
521 -33.0583 -71.6134
668 -33.0585 -71.6133
679 -33.0582 -71.613
822 -33.0581 -71.6138
765 -33.0581 -71.6134
351 -33.0582 -71.613
927 -33.0583 -71.613
733 -33.0587 -71.613
124 -33.0588 -71.6129
452 -33.0588 -71.6129
12 -33.0585 -71.613
14 -33.0581 -71.613
214 -33.0582 -71.613
480 -33.0585 -71.613
307 -33.0591 -71.6129
579 -33.0607 -71.6126
917 -33.0608 -71.6125
976 -33.061 -71.6123
523 -33.0604 -71.6128
297 -33.0604 -71.6129
238 -33.0599 -71.6128
414 -33.06 -71.6128
482 -33.0611 -71.6123
420 -33.0613 -71.6122
326 -33.0615 -71.6121
790 -33.0616 -71.6121
43 -33.0612 -71.6122
747 -33.0611 -71.6123
576 -33.0612 -71.6122
118 -33.0612 -71.6122
967 -33.0598 -71.6128
209 -33.0593 -71.6129
19 -33.0594 -71.6129
237 -33.0598 -71.6128
51 -33.0592 -71.6129
751 -33.0592 -71.6129
366 -33.0592 -71.6129
642 -33.0592 -71.6129
872 -33.0583 -71.6127
305 -33.0595 -71.6127
20 -33.0589 -71.6127
991 -33.0595 -71.6125
563 -33.0588 -71.6123
842 -33.0583 -71.6126
560 -33.0588 -71.612
18 -33.0581 -71.6134
571 -33.058 -71.6139
963 -33.0581 -71.6135
29 -33.0581 -71.613
389 -33.0579 -71.6139
743 -33.0578 -71.6139
591 -33.0576 -71.6134
35 -33.0577 -71.6131
15 -33.058 -71.613
676 -33.0579 -71.6129
295 -33.0578 -71.6129
303 -33.0578 -71.6129
197 -33.0578 -71.6129
909 -33.0577 -71.6129
173 -33.0576 -71.6129
674 -33.0576 -71.6129
848 -33.0575 -71.6128
512 -33.0574 -71.6138
7 -33.0573 -71.6137
797 -33.0573 -71.6137
506 -33.0571 -71.6136
40 -33.0571 -71.6134
49 -33.0568 -71.6133
212 -33.0566 -71.6132
204 -33.0556 -71.6131
89 -33.0563 -71.6131
551 -33.0563 -71.6131
916 -33.0575 -71.6128
228 -33.0559 -71.6131
600 -33.0557 -71.6131
885 -33.0558 -71.6131
789 -33.0573 -71.6128
23 -33.0573 -71.6128
387 -33.0573 -71.6128
577 -33.0573 -71.6128
252 -33.0573 -71.6128
272 -33.0571 -71.6127
310 -33.0569 -71.6126
160 -33.0568 -71.6126
998 -33.0568 -71.6126
649 -33.0568 -71.6126
601 -33.0567 -71.6125
347 -33.0567 -71.6125
603 -33.0566 -71.6125
224 -33.0566 -71.6125
386 -33.0565 -71.6125
986 -33.0565 -71.6125
742 -33.0565 -71.6124
645 -33.0565 -71.6124
575 -33.0564 -71.6124
309 -33.0563 -71.6124
22 -33.0563 -71.6124
151 -33.0562 -71.6124
759 -33.0562 -71.6124
102 -33.0561 -71.6123
905 -33.056 -71.6123
108 -33.0559 -71.6123
208 -33.0559 -71.6123
200 -33.0558 -71.6123
202 -33.0558 -71.6123
615 -33.0557 -71.6123
863 -33.0557 -71.6123
211 -33.0556 -71.6131
849 -33.0549 -71.6206
115 -33.0549 -71.6184
890 -33.0549 -71.6183
647 -33.0549 -71.6184
142 -33.0548 -71.6186
85 -33.0548 -71.6186
796 -33.0549 -71.6184
226 -33.0549 -71.6183
144 -33.055 -71.6182
315 -33.055 -71.6181
38 -33.055 -71.6181
703 -33.055 -71.6182
497 -33.0549 -71.6183
5 -33.0549 -71.6183
597 -33.0549 -71.6183
550 -33.0548 -71.6187
629 -33.0548 -71.6204
313 -33.0546 -71.6189
940 -33.0547 -71.6189
961 -33.0544 -71.6189
409 -33.0543 -71.62
53 -33.0544 -71.6189
697 -33.0543 -71.6189
479 -33.0543 -71.6189
176 -33.0548 -71.6188
66 -33.0548 -71.6187
412 -33.0547 -71.6184
859 -33.0543 -71.6184
217 -33.0542 -71.6189
904 -33.054 -71.6184
999 -33.0542 -71.6184
111 -33.055 -71.6181
614 -33.0554 -71.6179
487 -33.0554 -71.6179
946 -33.0556 -71.6179
727 -33.0554 -71.6179
393 -33.0552 -71.6178
260 -33.0552 -71.6178
250 -33.0552 -71.6178
17 -33.0552 -71.6178
266 -33.0554 -71.6175
253 -33.0554 -71.6174
177 -33.0555 -71.6173
632 -33.0553 -71.6177
565 -33.0553 -71.6158
860 -33.0553 -71.6158
320 -33.0552 -71.6158
678 -33.0551 -71.6179
852 -33.055 -71.6179
128 -33.055 -71.6179
163 -33.0551 -71.6179
500 -33.055 -71.6179
504 -33.055 -71.6181
830 -33.055 -71.618
327 -33.055 -71.618
795 -33.055 -71.6158
93 -33.0548 -71.6158
148 -33.0547 -71.6157
430 -33.0547 -71.6157
385 -33.0545 -71.6157
756 -33.0545 -71.6157
783 -33.0545 -71.6157
364 -33.054 -71.6184
710 -33.0538 -71.6197
92 -33.0537 -71.6197
987 -33.0536 -71.6196
25 -33.0536 -71.6196
598 -33.0535 -71.6193
589 -33.0535 -71.6191
786 -33.0535 -71.619
829 -33.0535 -71.6189
109 -33.054 -71.6189
883 -33.0539 -71.6188
130 -33.0536 -71.6184
979 -33.0536 -71.6188
10 -33.0534 -71.6188
983 -33.0534 -71.6188
165 -33.0535 -71.6185
949 -33.0533 -71.6188
708 -33.0522 -71.6185
511 -33.052 -71.6185
427 -33.0512 -71.6183
509 -33.051 -71.6182
516 -33.0503 -71.6179
101 -33.0487 -71.6177
820 -33.0493 -71.6165
938 -33.0493 -71.6165
205 -33.0493 -71.6165
277 -33.0494 -71.6165
988 -33.0495 -71.6163
322 -33.0491 -71.6161
139 -33.0491 -71.6161
802 -33.0491 -71.6161
696 -33.0492 -71.6159
692 -33.0528 -71.6159
900 -33.0528 -71.6159
652 -33.0529 -71.6157
712 -33.0527 -71.6159
529 -33.0527 -71.6158
453 -33.0525 -71.6157
263 -33.0525 -71.6157
416 -33.0522 -71.6157
174 -33.0529 -71.6156
75 -33.0538 -71.6156
496 -33.0538 -71.6156
273 -33.0529 -71.6156
573 -33.0521 -71.6156
239 -33.0524 -71.6156
889 -33.0521 -71.6156
170 -33.052 -71.6156
644 -33.0503 -71.6158
911 -33.0502 -71.6158
333 -33.0519 -71.6156
764 -33.05 -71.6157
735 -33.0492 -71.6159
222 -33.0492 -71.6158
633 -33.0492 -71.6157
113 -33.0518 -71.6156
639 -33.0517 -71.6156
155 -33.0517 -71.6156
605 -33.0516 -71.6156
763 -33.0514 -71.6156
794 -33.0514 -71.6156
157 -33.0513 -71.6156
195 -33.0537 -71.6156
585 -33.0554 -71.6154
343 -33.0555 -71.6131
593 -33.0553 -71.6131
801 -33.0553 -71.6124
835 -33.0552 -71.6153
734 -33.0552 -71.6131
421 -33.0552 -71.6131
227 -33.0552 -71.6124
607 -33.0552 -71.6124
661 -33.0552 -71.6124
837 -33.0554 -71.6124
87 -33.0552 -71.6124
771 -33.0551 -71.6124
498 -33.0551 -71.6124
725 -33.0551 -71.6124
877 -33.0551 -71.6124
739 -33.0549 -71.6151
100 -33.0549 -71.6151
749 -33.0544 -71.6148
659 -33.0542 -71.6147
304 -33.0536 -71.6156
106 -33.0534 -71.6155
574 -33.0534 -71.6155
24 -33.0539 -71.6145
235 -33.0551 -71.6124
265 -33.0551 -71.6124
437 -33.0548 -71.6124
68 -33.0548 -71.6129
964 -33.0538 -71.6144
494 -33.0535 -71.6142
185 -33.0545 -71.6126
599 -33.0548 -71.6124
655 -33.0548 -71.6124
334 -33.0555 -71.6124
70 -33.0555 -71.6124
738 -33.0548 -71.6124
82 -33.0548 -71.6124
233 -33.0548 -71.6124
306 -33.0547 -71.6124
324 -33.0556 -71.6123
707 -33.0544 -71.6123
203 -33.0544 -71.6122
623 -33.0544 -71.6121
382 -33.0544 -71.6121
942 -33.0544 -71.6123
201 -33.0544 -71.6123
867 -33.0544 -71.6121
392 -33.0543 -71.6123
902 -33.0543 -71.6123
658 -33.0542 -71.6123
91 -33.0542 -71.6123
181 -33.0541 -71.6123
625 -33.0541 -71.6123
562 -33.0541 -71.6123
275 -33.0541 -71.6123
534 -33.0543 -71.6122
449 -33.054 -71.6122
996 -33.0538 -71.6122
805 -33.0536 -71.6122
186 -33.0536 -71.6122
588 -33.0535 -71.6122
638 -33.0533 -71.6122
850 -33.0533 -71.6155
688 -33.0533 -71.6155
884 -33.0532 -71.6155
572 -33.0531 -71.6155
13 -33.053 -71.6155
635 -33.0509 -71.6156
610 -33.0506 -71.6155
191 -33.053 -71.6155
9 -33.0494 -71.6145
152 -33.0495 -71.6139
530 -33.0495 -71.6139
353 -33.0524 -71.6135
722 -33.0495 -71.614
939 -33.0494 -71.6144
755 -33.0495 -71.6142
55 -33.0495 -71.6142
484 -33.0494 -71.6146
80 -33.0493 -71.6151
485 -33.0493 -71.615
935 -33.0493 -71.615
34 -33.0493 -71.6152
447 -33.0492 -71.6156
718 -33.0492 -71.6155
360 -33.0493 -71.6154
493 -33.0493 -71.6149
583 -33.0494 -71.6148
732 -33.0494 -71.6146
88 -33.0485 -71.6139
982 -33.0483 -71.6145
784 -33.0483 -71.6148
220 -33.0483 -71.6148
643 -33.0486 -71.6135
54 -33.0522 -71.6133
660 -33.0511 -71.613
394 -33.0511 -71.613
855 -33.0511 -71.613
314 -33.0511 -71.6131
862 -33.0507 -71.6131
604 -33.0501 -71.613
348 -33.05 -71.613
666 -33.0533 -71.6122
33 -33.0529 -71.6121
683 -33.0524 -71.6121
758 -33.0517 -71.612
834 -33.0511 -71.6128
851 -33.0511 -71.6122
44 -33.0516 -71.612
901 -33.05 -71.613
81 -33.05 -71.613
553 -33.0498 -71.6129
383 -33.0497 -71.6129
694 -33.0497 -71.613
827 -33.0486 -71.6133
716 -33.0497 -71.613
724 -33.0487 -71.6129
972 -33.0493 -71.6129
283 -33.0498 -71.6125
440 -33.0498 -71.6122
206 -33.0499 -71.612
799 -33.0497 -71.6128
793 -33.0492 -71.6129
968 -33.0489 -71.6124
31 -33.0512 -71.6119
368 -33.0596 -71.6116
463 -33.0597 -71.6104
72 -33.0598 -71.6104
298 -33.0591 -71.6116
259 -33.0589 -71.6112
748 -33.0589 -71.6112
866 -33.0587 -71.6103
474 -33.061 -71.6097
677 -33.0611 -71.6093
63 -33.0609 -71.609
419 -33.061 -71.6089
970 -33.0608 -71.6096
362 -33.0589 -71.6095
132 -33.06 -71.6088
903 -33.0607 -71.6086
657 -33.0586 -71.6101
606 -33.0583 -71.6113
886 -33.0584 -71.6113
26 -33.0583 -71.6105
558 -33.0583 -71.6106
876 -33.0582 -71.6113
569 -33.0581 -71.611
510 -33.0577 -71.6106
190 -33.0579 -71.6103
454 -33.0582 -71.609
138 -33.0586 -71.6089
73 -33.0584 -71.6086
384 -33.0577 -71.6102
187 -33.0576 -71.6101
874 -33.0576 -71.6088
535 -33.0575 -71.6088
672 -33.0607 -71.6085
581 -33.0606 -71.6085
499 -33.0603 -71.6083
79 -33.0603 -71.6083
934 -33.0603 -71.6083
332 -33.0602 -71.6083
469 -33.0602 -71.6082
11 -33.0601 -71.6082
461 -33.06 -71.6081
400 -33.06 -71.6081
335 -33.06 -71.6081
700 -33.0599 -71.608
473 -33.0598 -71.6079
528 -33.059 -71.6079
156 -33.0585 -71.6079
664 -33.0586 -71.6079
62 -33.0585 -71.608
626 -33.0578 -71.6082
923 -33.0577 -71.6082
746 -33.0581 -71.6081
183 -33.0577 -71.6081
952 -33.0576 -71.6081
137 -33.0576 -71.6081
690 -33.0575 -71.6081
846 -33.0575 -71.6081
381 -33.0582 -71.6081
557 -33.0583 -71.608
350 -33.0585 -71.608
532 -33.0581 -71.6081
328 -33.0575 -71.6081
94 -33.0581 -71.6081
468 -33.0575 -71.6081
126 -33.0574 -71.6081
836 -33.0574 -71.6081
714 -33.0573 -71.6081
167 -33.0573 -71.6081
2 -33.0573 -71.6094
757 -33.0572 -71.608
471 -33.0572 -71.608
502 -33.0571 -71.608
981 -33.0571 -71.608
398 -33.0571 -71.608
966 -33.0571 -71.608
671 -33.0571 -71.608
785 -33.0571 -71.608
752 -33.057 -71.608
369 -33.057 -71.608
97 -33.0568 -71.6099
415 -33.0559 -71.6103
681 -33.0564 -71.6101
540 -33.0566 -71.6096
861 -33.0557 -71.6104
821 -33.0556 -71.6105
143 -33.0555 -71.6105
141 -33.0553 -71.6104
706 -33.0558 -71.6095
815 -33.056 -71.609
673 -33.0561 -71.6087
770 -33.0561 -71.6087
745 -33.0557 -71.6094
268 -33.0556 -71.6094
839 -33.0553 -71.608
56 -33.057 -71.608
704 -33.057 -71.608
653 -33.0569 -71.608
741 -33.0569 -71.608
236 -33.0569 -71.608
832 -33.0568 -71.608
856 -33.0568 -71.608
182 -33.0568 -71.608
365 -33.0567 -71.608
624 -33.0566 -71.608
71 -33.0565 -71.608
192 -33.0565 -71.608
243 -33.0565 -71.608
882 -33.0564 -71.608
736 -33.0564 -71.608
325 -33.0563 -71.608
199 -33.0563 -71.608
294 -33.0563 -71.608
229 -33.0563 -71.608
321 -33.0563 -71.608
788 -33.0563 -71.608
910 -33.0553 -71.608
813 -33.0554 -71.608
215 -33.0554 -71.608
339 -33.0554 -71.6079
997 -33.056 -71.6079
811 -33.056 -71.6079
675 -33.056 -71.6079
556 -33.056 -71.6079
232 -33.0554 -71.6079
257 -33.0554 -71.6079
375 -33.056 -71.6079
285 -33.0598 -71.6079
705 -33.0597 -71.6078
977 -33.0607 -71.6077
225 -33.0595 -71.6077
858 -33.0594 -71.6077
944 -33.0591 -71.6077
478 -33.0591 -71.6076
438 -33.0594 -71.6076
888 -33.0595 -71.6076
740 -33.0594 -71.6076
912 -33.0595 -71.6071
422 -33.0592 -71.6076
833 -33.0592 -71.6076
282 -33.0592 -71.6076
46 -33.0592 -71.6075
592 -33.0591 -71.6077
715 -33.0587 -71.6079
489 -33.0588 -71.6078
929 -33.0589 -71.6078
753 -33.0587 -71.6079
458 -33.0587 -71.6079
470 -33.0587 -71.6079
378 -33.0587 -71.6079
723 -33.0589 -71.6078
918 -33.059 -71.6077
810 -33.059 -71.6077
280 -33.0591 -71.6075
219 -33.059 -71.6077
878 -33.0589 -71.6078
662 -33.0589 -71.6078
772 -33.0589 -71.6078
281 -33.0602 -71.607
159 -33.0608 -71.6068
808 -33.0612 -71.6068
441 -33.0622 -71.6055
925 -33.0607 -71.6068
300 -33.0606 -71.6068
129 -33.0601 -71.6063
296 -33.0601 -71.6061
491 -33.061 -71.6055
291 -33.0614 -71.6049
147 -33.0613 -71.6048
870 -33.0613 -71.6047
331 -33.0611 -71.605
112 -33.0609 -71.6052
90 -33.0604 -71.6046
924 -33.0601 -71.6045
311 -33.06 -71.6062
922 -33.0592 -71.6064
873 -33.0593 -71.6064
83 -33.0594 -71.6064
857 -33.0591 -71.6065
555 -33.0587 -71.6067
954 -33.0587 -71.6066
769 -33.0587 -71.6066
527 -33.0592 -71.6063
513 -33.0591 -71.6063
411 -33.0598 -71.6063
221 -33.0591 -71.6054
525 -33.059 -71.6063
196 -33.0587 -71.6051
78 -33.059 -71.6042
223 -33.0585 -71.6062
110 -33.0581 -71.6078
319 -33.0562 -71.6075
16 -33.0563 -71.6074
172 -33.0562 -71.6074
395 -33.0559 -71.6079
390 -33.0559 -71.6076
357 -33.0561 -71.6075
505 -33.0564 -71.6074
613 -33.0577 -71.6073
669 -33.0565 -71.6073
417 -33.0566 -71.6073
349 -33.0565 -71.6073
845 -33.0564 -71.6074
284 -33.0564 -71.6073
125 -33.0564 -71.6073
287 -33.0559 -71.6079
103 -33.0558 -71.6079
993 -33.0558 -71.6079
244 -33.0557 -71.6078
737 -33.0556 -71.6078
242 -33.0555 -71.6079
371 -33.0555 -71.6078
975 -33.0556 -71.6078
8 -33.0557 -71.6077
120 -33.0559 -71.6076
544 -33.0559 -71.6076
782 -33.0559 -71.6076
276 -33.0558 -71.6077
670 -33.0557 -71.6077
230 -33.0558 -71.6077
404 -33.0567 -71.6072
980 -33.0583 -71.6069
168 -33.0584 -71.6067
622 -33.0582 -71.6067
261 -33.0582 -71.6067
32 -33.0576 -71.6068
503 -33.0578 -71.6068
840 -33.0575 -71.6068
843 -33.0583 -71.6067
825 -33.0585 -71.6066
984 -33.0581 -71.6059
169 -33.058 -71.6044
620 -33.058 -71.6044
477 -33.058 -71.6059
768 -33.0576 -71.6049
937 -33.0577 -71.6046
472 -33.0575 -71.6061
951 -33.0571 -71.607
136 -33.0572 -71.607
158 -33.0575 -71.6069
460 -33.0568 -71.6069
990 -33.0568 -71.6072
316 -33.0566 -71.6064
406 -33.0553 -71.6048
293 -33.0573 -71.6047
99 -33.0572 -71.6047
256 -33.057 -71.6047
98 -33.0569 -71.6046
595 -33.0569 -71.6046
957 -33.0563 -71.6044
1 -33.056 -71.6043
30 -33.0552 -71.6044
791 -33.0542 -71.6118
566 -33.0542 -71.6117
429 -33.0541 -71.6115
536 -33.0541 -71.6115
161 -33.0541 -71.6115
270 -33.054 -71.6114
180 -33.0537 -71.6113
906 -33.0539 -71.6113
508 -33.0539 -71.6113
621 -33.0539 -71.6112
617 -33.0539 -71.6112
914 -33.0538 -71.6112
995 -33.0537 -71.6112
915 -33.0538 -71.611
336 -33.0537 -71.6108
717 -33.0536 -71.6111
74 -33.0526 -71.6117
27 -33.0526 -71.6117
278 -33.0526 -71.6116
133 -33.0524 -71.6117
337 -33.0517 -71.6118
401 -33.0521 -71.6117
345 -33.0523 -71.6117
920 -33.0531 -71.6115
894 -33.0534 -71.6114
188 -33.0532 -71.6109
59 -33.0531 -71.6109
568 -33.0531 -71.6109
380 -33.0531 -71.6109
618 -33.053 -71.6108
346 -33.0528 -71.6106
517 -33.0535 -71.6105
391 -33.0548 -71.6104
433 -33.0549 -71.6104
931 -33.0549 -71.6103
372 -33.0539 -71.6105
744 -33.0535 -71.6105
559 -33.0525 -71.6102
356 -33.0531 -71.6091
312 -33.052 -71.609
943 -33.0533 -71.6089
936 -33.0533 -71.6088
428 -33.0521 -71.6087
651 -33.0521 -71.6087
342 -33.052 -71.609
656 -33.052 -71.6089
58 -33.0521 -71.6087
329 -33.052 -71.609
86 -33.0517 -71.6094
685 -33.0517 -71.6094
518 -33.0518 -71.6094
548 -33.0516 -71.6095
665 -33.0516 -71.6095
709 -33.0516 -71.6095
522 -33.0516 -71.6095
804 -33.0518 -71.6093
241 -33.0519 -71.6091
779 -33.0519 -71.6091
719 -33.052 -71.6091
96 -33.0519 -71.6092
947 -33.0519 -71.6092
596 -33.0519 -71.6092
444 -33.0515 -71.6096
77 -33.0512 -71.6119
780 -33.0514 -71.6119
519 -33.0501 -71.6108
586 -33.0501 -71.6109
631 -33.05 -71.6111
436 -33.05 -71.611
854 -33.05 -71.611
218 -33.0501 -71.6108
515 -33.0502 -71.6103
374 -33.0502 -71.6103
462 -33.0502 -71.6102
302 -33.0502 -71.6103
960 -33.0501 -71.6107
612 -33.0501 -71.6106
432 -33.0502 -71.6103
541 -33.05 -71.6111
213 -33.0499 -71.6116
897 -33.0499 -71.6116
868 -33.05 -71.6113
318 -33.0499 -71.6117
48 -33.0491 -71.6117
933 -33.0491 -71.6115
50 -33.0499 -71.6113
941 -33.0497 -71.6113
36 -33.05 -71.6112
84 -33.05 -71.6112
778 -33.05 -71.6111
140 -33.0496 -71.6112
853 -33.0496 -71.6112
435 -33.0494 -71.6104
231 -33.0509 -71.6102
828 -33.0512 -71.6099
425 -33.0512 -71.6099
153 -33.0512 -71.6099
481 -33.0512 -71.6099
807 -33.051 -71.6101
457 -33.051 -71.6101
956 -33.051 -71.6101
178 -33.0513 -71.6098
847 -33.0514 -71.6097
76 -33.0515 -71.6096
207 -33.0515 -71.6096
654 -33.0514 -71.6097
363 -33.0513 -71.6098
240 -33.0513 -71.6098
64 -33.0513 -71.6098
634 -33.051 -71.6101
418 -33.0509 -71.6102
823 -33.0509 -71.6102
119 -33.0509 -71.6102
590 -33.0508 -71.6102
234 -33.0508 -71.6102
680 -33.0508 -71.6102
701 -33.0508 -71.6102
0 -33.0506 -71.6102
637 -33.0505 -71.6102
728 -33.0506 -71.6102
538 -33.0504 -71.6102
648 -33.0503 -71.6102
248 -33.0503 -71.6092
971 -33.0503 -71.6092
258 -33.0521 -71.6086
871 -33.0546 -71.6085
913 -33.0545 -71.6085
359 -33.0545 -71.6085
667 -33.0545 -71.6085
921 -33.0545 -71.6085
6 -33.0544 -71.6085
289 -33.0544 -71.6085
567 -33.0544 -71.6085
184 -33.0544 -71.6085
492 -33.0542 -71.6085
264 -33.0546 -71.6085
616 -33.0542 -71.6085
552 -33.0541 -71.6085
893 -33.0541 -71.6085
41 -33.0541 -71.6085
959 -33.054 -71.6085
47 -33.0537 -71.6085
28 -33.0537 -71.6085
965 -33.054 -71.6085
135 -33.0536 -71.6085
953 -33.0536 -71.6085
37 -33.0536 -71.6085
594 -33.0535 -71.6085
896 -33.054 -71.6085
650 -33.054 -71.6085
445 -33.054 -71.6085
689 -33.0539 -71.6085
800 -33.0539 -71.6085
104 -33.0539 -71.6085
609 -33.0539 -71.6085
490 -33.0538 -71.6085
410 -33.0546 -71.6085
193 -33.055 -71.6083
122 -33.055 -71.6083
397 -33.055 -71.6082
895 -33.0549 -71.6083
806 -33.0549 -71.6083
720 -33.0549 -71.6083
245 -33.0549 -71.6083
989 -33.055 -71.6082
358 -33.0551 -71.6082
564 -33.0552 -71.6081
826 -33.0552 -71.6045
731 -33.0551 -71.6082
65 -33.055 -71.6082
578 -33.055 -71.6082
267 -33.055 -71.6082
691 -33.0549 -71.6083
628 -33.0547 -71.6084
554 -33.0547 -71.6084
194 -33.0548 -71.6084
299 -33.0547 -71.6084
875 -33.0547 -71.6085
67 -33.0547 -71.6085
682 -33.0547 -71.6085
887 -33.0548 -71.6084
388 -33.0548 -71.6083
247 -33.0549 -71.6083
308 -33.0549 -71.6083
21 -33.0548 -71.6084
776 -33.054 -71.6059
149 -33.0544 -71.6046
39 -33.0535 -71.6085
570 -33.0535 -71.6085
777 -33.0535 -71.6085
45 -33.0534 -71.6085
630 -33.0534 -71.6085
426 -33.0534 -71.6085
514 -33.0534 -71.6085
443 -33.0534 -71.6085
699 -33.0533 -71.6085
926 -33.0533 -71.6084
584 -33.0533 -71.6084
114 -33.0533 -71.6084
543 -33.0533 -71.6084
344 -33.0533 -71.6084
396 -33.0532 -71.6084
131 -33.0532 -71.6084
352 -33.0532 -71.6084
526 -33.0522 -71.6084
684 -33.0531 -71.6084
928 -33.0531 -71.6084
317 -33.0521 -71.6085
899 -33.0506 -71.6085
465 -33.0521 -71.6085
932 -33.0521 -71.6085
663 -33.053 -71.6084
330 -33.053 -71.6083
95 -33.053 -71.6083
824 -33.053 -71.6083
451 -33.053 -71.6083
164 -33.0522 -71.6084
439 -33.0522 -71.6083
539 -33.0522 -71.6083
459 -33.0529 -71.6083
969 -33.0528 -71.6083
3 -33.0528 -71.6083
814 -33.0528 -71.6083
841 -33.0528 -71.6083
246 -33.0528 -71.6083
486 -33.0528 -71.6083
702 -33.0527 -71.6082
507 -33.0527 -71.6067
781 -33.0531 -71.6066
121 -33.0532 -71.6065
162 -33.0527 -71.6082
249 -33.0526 -71.6082
798 -33.0526 -71.6082
898 -33.0526 -71.6082
288 -33.0526 -71.6082
524 -33.0525 -71.6082
338 -33.0525 -71.6082
865 -33.0525 -71.6082
974 -33.0525 -71.6082
750 -33.0522 -71.6082
817 -33.0522 -71.6082
766 -33.0522 -71.6081
4 -33.0523 -71.6081
379 -33.0522 -71.6081
792 -33.0523 -71.6071
729 -33.0523 -71.6071
695 -33.0519 -71.608
985 -33.0518 -71.6081
533 -33.0517 -71.6051
