930 -33.0534 -71.6246
266 -33.0534 -71.6246
253 -33.0535 -71.6246
678 -33.0529 -71.6246
327 -33.0529 -71.6246
315 -33.0527 -71.6245
38 -33.0527 -71.6245
226 -33.0525 -71.6245
880 -33.054 -71.6242
177 -33.0536 -71.624
487 -33.0533 -71.6239
796 -33.0524 -71.6245
115 -33.0524 -71.6244
5 -33.0524 -71.6244
647 -33.0524 -71.6244
497 -33.0524 -71.6244
109 -33.0518 -71.6251
217 -33.0518 -71.6249
479 -33.0519 -71.6248
883 -33.0518 -71.6252
101 -33.0512 -71.6254
829 -33.0513 -71.6251
786 -33.0512 -71.6251
961 -33.0519 -71.6246
142 -33.0523 -71.6244
85 -33.0523 -71.6244
66 -33.0522 -71.6244
550 -33.0522 -71.6244
940 -33.052 -71.6244
176 -33.052 -71.6243
697 -33.0516 -71.6243
260 -33.0532 -71.6238
377 -33.0538 -71.6225
210 -33.0537 -71.6225
179 -33.0532 -71.6223
500 -33.0529 -71.6237
703 -33.0526 -71.6236
890 -33.0525 -71.6236
456 -33.0522 -71.62
919 -33.0522 -71.62
869 -33.0534 -71.6188
646 -33.0531 -71.6187
57 -33.0528 -71.6187
668 -33.0528 -71.6187
355 -33.0521 -71.62
216 -33.052 -71.6197
587 -33.052 -71.6197
313 -33.0519 -71.6234
53 -33.0518 -71.6233
775 -33.0516 -71.62
341 -33.0519 -71.6199
713 -33.0516 -71.62
116 -33.0513 -71.6212
399 -33.0513 -71.6212
547 -33.0514 -71.6202
761 -33.0518 -71.6199
838 -33.0518 -71.6199
973 -33.0517 -71.6199
373 -33.0519 -71.6196
69 -33.0517 -71.6193
542 -33.0515 -71.6191
301 -33.0515 -71.6191
134 -33.0511 -71.6187
598 -33.051 -71.6255
979 -33.0508 -71.6243
589 -33.0505 -71.6242
987 -33.0505 -71.6251
92 -33.0505 -71.6251
633 -33.0505 -71.6244
935 -33.0505 -71.624
493 -33.0505 -71.624
732 -33.0508 -71.6236
716 -33.0508 -71.6227
694 -33.0507 -71.6226
799 -33.0506 -71.6225
901 -33.0505 -71.6224
283 -33.0504 -71.6222
440 -33.0504 -71.6221
34 -33.0504 -71.6242
409 -33.0499 -71.6252
447 -33.0501 -71.6242
25 -33.0502 -71.6242
710 -33.0499 -71.6243
849 -33.0491 -71.6253
629 -33.0493 -71.6253
999 -33.0493 -71.6223
859 -33.0493 -71.6221
144 -33.0493 -71.6214
163 -33.0493 -71.6213
852 -33.0493 -71.6212
111 -33.0493 -71.6214
412 -33.0492 -71.6218
206 -33.0487 -71.6218
597 -33.0493 -71.6215
17 -33.0493 -71.6208
432 -33.0502 -71.6206
302 -33.0502 -71.6205
637 -33.0499 -71.6203
680 -33.0497 -71.62
448 -33.0495 -71.6201
687 -33.0495 -71.6201
234 -33.0496 -71.6199
323 -33.0496 -71.6197
816 -33.051 -71.6187
881 -33.051 -71.6187
376 -33.051 -71.6186
760 -33.05 -71.6188
956 -33.0496 -71.6197
166 -33.0495 -71.6197
401 -33.0495 -71.6196
844 -33.0495 -71.6188
340 -33.0494 -71.6202
831 -33.0495 -71.6201
425 -33.0494 -71.6193
632 -33.0494 -71.6208
250 -33.0493 -71.6208
77 -33.0493 -71.6205
262 -33.0493 -71.6202
74 -33.0494 -71.6191
891 -33.0494 -71.6189
76 -33.0494 -71.6189
434 -33.0495 -71.6188
804 -33.0494 -71.6187
198 -33.0493 -71.6188
86 -33.0494 -71.6187
413 -33.0524 -71.6186
765 -33.0523 -71.6186
189 -33.0522 -71.6185
774 -33.0537 -71.6184
963 -33.0522 -71.6185
367 -33.0521 -71.6185
582 -33.052 -71.6185
978 -33.0519 -71.6185
560 -33.0538 -71.6184
475 -33.0539 -71.6173
842 -33.0527 -71.6159
640 -33.0523 -71.6156
950 -33.0522 -71.6157
608 -33.0522 -71.6157
20 -33.0521 -71.6157
60 -33.052 -71.6156
407 -33.0518 -71.6184
537 -33.0516 -71.6184
370 -33.0514 -71.6184
408 -33.0514 -71.6184
255 -33.0512 -71.6183
549 -33.0512 -71.6185
42 -33.0503 -71.6183
361 -33.0503 -71.6183
743 -33.0515 -71.6166
389 -33.0515 -71.6166
18 -33.0514 -71.6159
251 -33.0505 -71.6157
726 -33.0503 -71.6158
955 -33.0503 -71.6158
279 -33.0503 -71.6158
123 -33.0502 -71.6158
818 -33.052 -71.6156
118 -33.0538 -71.6156
872 -33.0537 -71.6156
945 -33.0537 -71.6156
976 -33.0537 -71.6156
464 -33.0523 -71.6156
482 -33.0536 -71.6155
991 -33.0535 -71.6155
297 -33.053 -71.6155
561 -33.0528 -71.6153
948 -33.0538 -71.6144
994 -33.0528 -71.6138
483 -33.0526 -71.6151
531 -33.0525 -71.6151
501 -33.0524 -71.615
124 -33.0524 -71.615
879 -33.052 -71.6156
286 -33.0519 -71.6156
931 -33.0518 -71.6153
943 -33.0519 -71.6152
356 -33.0517 -71.6154
476 -33.0505 -71.6156
822 -33.0509 -71.6156
450 -33.0508 -71.6155
936 -33.0519 -71.6152
578 -33.0518 -71.6137
507 -33.0518 -71.6136
910 -33.0519 -71.6134
299 -33.0515 -71.6141
268 -33.0512 -71.6145
792 -33.0515 -71.6142
602 -33.0501 -71.6157
698 -33.0498 -71.6178
754 -33.0498 -71.6177
455 -33.0497 -71.6177
809 -33.0494 -71.6177
656 -33.0491 -71.6182
803 -33.0491 -71.6176
684 -33.049 -71.6166
819 -33.0492 -71.6165
488 -33.0492 -71.6165
641 -33.0494 -71.6164
150 -33.0495 -71.6163
290 -33.0492 -71.6165
352 -33.0491 -71.6165
396 -33.0491 -71.6164
543 -33.0491 -71.6164
95 -33.049 -71.6166
428 -33.0488 -71.6178
539 -33.0488 -71.6178
254 -33.0487 -71.6177
164 -33.0487 -71.6178
812 -33.0486 -71.6179
767 -33.0486 -71.6179
992 -33.0486 -71.6179
292 -33.0487 -71.6177
730 -33.0489 -71.6171
246 -33.0489 -71.617
841 -33.0489 -71.6169
524 -33.0488 -71.6173
750 -33.0487 -71.6176
379 -33.0487 -71.6175
699 -33.0491 -71.6163
107 -33.05 -71.6157
520 -33.05 -71.6157
693 -33.05 -71.6157
442 -33.0497 -71.6158
271 -33.0496 -71.616
580 -33.0497 -71.6159
146 -33.0497 -71.6159
269 -33.0499 -71.6157
887 -33.0494 -71.6144
415 -33.0495 -71.614
257 -33.0496 -71.6135
554 -33.0494 -71.6146
921 -33.0493 -71.615
141 -33.0494 -71.6148
682 -33.0494 -71.6147
184 -33.0493 -71.615
609 -33.0492 -71.6157
689 -33.0492 -71.6156
391 -33.0493 -71.6154
953 -33.0492 -71.6159
443 -33.0491 -71.6162
426 -33.0491 -71.6162
570 -33.0491 -71.616
893 -33.0493 -71.6154
433 -33.0493 -71.6153
6 -33.0493 -71.6151
871 -33.0493 -71.615
41 -33.0493 -71.6153
959 -33.0493 -71.6153
649 -33.0486 -71.6134
180 -33.0486 -71.6181
889 -33.0474 -71.6227
983 -33.0474 -71.6224
453 -33.0474 -71.6223
318 -33.0474 -71.6223
130 -33.0474 -71.6221
263 -33.0474 -71.6221
897 -33.0474 -71.6221
529 -33.0473 -71.6219
900 -33.0473 -71.6219
36 -33.0473 -71.6218
213 -33.0483 -71.6215
394 -33.0473 -71.6218
868 -33.0473 -71.6218
692 -33.0473 -71.6218
660 -33.0473 -71.6218
631 -33.0472 -71.6216
139 -33.0465 -71.625
820 -33.0464 -71.6249
205 -33.0464 -71.6249
938 -33.0464 -71.6249
802 -33.0464 -71.6248
322 -33.0464 -71.6248
277 -33.0463 -71.6248
735 -33.0464 -71.6246
854 -33.0472 -71.6216
834 -33.0472 -71.6215
191 -33.0472 -71.6214
586 -33.0472 -71.6215
708 -33.0464 -71.6229
383 -33.0468 -71.6228
605 -33.0471 -71.6228
612 -33.0473 -71.6211
374 -33.0483 -71.6206
780 -33.0482 -71.6204
0 -33.0476 -71.6203
195 -33.0475 -71.6205
884 -33.0473 -71.6211
688 -33.0474 -71.6209
462 -33.0474 -71.6209
496 -33.0476 -71.6203
830 -33.0476 -71.6202
337 -33.0479 -71.6201
701 -33.0479 -71.62
106 -33.047 -71.6201
574 -33.047 -71.6201
850 -33.047 -71.6201
31 -33.0468 -71.6198
572 -33.0467 -71.62
855 -33.0465 -71.6208
519 -33.0466 -71.6205
218 -33.0465 -71.6204
314 -33.0464 -71.6208
435 -33.0464 -71.6211
541 -33.0464 -71.6203
778 -33.0463 -71.6203
436 -33.0463 -71.6203
13 -33.0467 -71.62
851 -33.0467 -71.62
515 -33.0467 -71.6199
273 -33.0467 -71.6201
904 -33.0466 -71.6202
174 -33.0466 -71.6202
941 -33.0463 -71.6211
696 -33.0463 -71.6247
516 -33.0462 -71.6246
222 -33.0461 -71.6246
360 -33.0461 -71.6243
718 -33.046 -71.6244
80 -33.0458 -71.6242
485 -33.0458 -71.6241
939 -33.0458 -71.6237
530 -33.046 -71.6231
152 -33.046 -71.6231
511 -33.0462 -71.623
722 -33.046 -71.6232
9 -33.0458 -71.6236
755 -33.0459 -71.6234
55 -33.0459 -71.6234
484 -33.0458 -71.6238
764 -33.0456 -71.624
583 -33.0456 -71.6239
509 -33.0456 -71.6239
982 -33.0441 -71.6241
220 -33.0438 -71.6243
784 -33.0438 -71.6243
988 -33.044 -71.6242
88 -33.0445 -71.6239
911 -33.0457 -71.6239
644 -33.0451 -71.6233
724 -33.0452 -71.6231
427 -33.045 -71.6234
643 -33.0448 -71.6237
827 -33.045 -71.6235
610 -33.0453 -71.6228
113 -33.0461 -71.6217
170 -33.0462 -71.6215
573 -33.0462 -71.6213
639 -33.046 -71.6218
933 -33.0459 -71.622
348 -33.0459 -71.6219
81 -33.0459 -71.6219
862 -33.0463 -71.6211
712 -33.0463 -71.6203
84 -33.0462 -71.6203
165 -33.0461 -71.6202
50 -33.0461 -71.6202
239 -33.046 -71.6202
10 -33.0459 -71.6202
949 -33.0458 -71.6201
48 -33.0458 -71.622
157 -33.0458 -71.6221
553 -33.0458 -71.6221
794 -33.0458 -71.622
635 -33.0455 -71.6225
968 -33.0452 -71.6227
793 -33.0454 -71.6226
972 -33.0455 -71.6225
155 -33.0455 -71.6204
853 -33.0458 -71.6201
416 -33.0458 -71.6201
140 -33.0458 -71.6201
333 -33.0457 -71.6204
604 -33.0455 -71.6204
763 -33.0453 -71.6204
457 -33.0477 -71.6198
665 -33.0482 -71.6191
431 -33.0482 -71.619
518 -33.0483 -71.6189
207 -33.0482 -71.6191
548 -33.0481 -71.6191
709 -33.0482 -71.6191
522 -33.0482 -71.6191
565 -33.0483 -71.6189
258 -33.0485 -71.6182
721 -33.0485 -71.6182
864 -33.0485 -71.6182
787 -33.0485 -71.6183
329 -33.0484 -71.6185
495 -33.0484 -71.6185
466 -33.0484 -71.6176
278 -33.0481 -71.6192
783 -33.0478 -71.6197
430 -33.0479 -71.6195
363 -33.0479 -71.6195
828 -33.0478 -71.6197
614 -33.0478 -71.6197
727 -33.0478 -71.6197
481 -33.0478 -71.6197
240 -33.048 -71.6194
93 -33.048 -71.6193
654 -33.048 -71.6193
27 -33.0481 -71.6192
64 -33.048 -71.6193
685 -33.0474 -71.6178
947 -33.0475 -71.6176
920 -33.0475 -71.6175
320 -33.0475 -71.6175
439 -33.0477 -71.6167
817 -33.0478 -71.6165
546 -33.0482 -71.6163
932 -33.0477 -71.6167
58 -33.0476 -71.6172
805 -33.0477 -71.6169
465 -33.0477 -71.6168
117 -33.048 -71.6163
801 -33.0482 -71.6151
445 -33.0484 -71.6144
67 -33.0485 -71.6136
777 -33.0482 -71.6151
892 -33.0477 -71.6162
336 -33.0479 -71.6162
974 -33.0479 -71.6161
651 -33.0476 -71.6172
860 -33.0476 -71.6173
638 -33.0476 -71.6172
908 -33.0476 -71.6162
342 -33.0475 -71.6174
779 -33.0475 -71.6175
894 -33.0475 -71.6172
719 -33.0474 -71.6172
545 -33.0475 -71.6162
334 -33.0475 -71.6135
615 -33.0475 -71.6134
202 -33.0476 -71.6134
104 -33.0475 -71.6134
946 -33.0474 -71.6162
594 -33.0474 -71.6138
661 -33.0473 -71.6139
504 -33.0473 -71.6196
231 -33.047 -71.6189
807 -33.0471 -71.6189
418 -33.047 -71.619
728 -33.0469 -71.6193
44 -33.0469 -71.6192
971 -33.047 -71.619
178 -33.0471 -71.6186
345 -33.0472 -71.6183
444 -33.0473 -71.6181
596 -33.0473 -71.6172
847 -33.0472 -71.6183
153 -33.0472 -71.6185
683 -33.0472 -71.6184
795 -33.0472 -71.6172
304 -33.0469 -71.6193
648 -33.0468 -71.6196
538 -33.0468 -71.6195
756 -33.0467 -71.6171
899 -33.0467 -71.6171
364 -33.0463 -71.6193
652 -33.0462 -71.6193
960 -33.0461 -71.6192
393 -33.0466 -71.617
128 -33.0464 -71.617
119 -33.046 -71.6169
823 -33.046 -71.6169
758 -33.0459 -71.6169
590 -33.0459 -71.6169
248 -33.0459 -71.6169
666 -33.0469 -71.6161
655 -33.0472 -71.6143
729 -33.0472 -71.6143
451 -33.0472 -71.6143
835 -33.0471 -71.6145
392 -33.047 -71.6148
201 -33.0471 -71.6148
942 -33.0471 -71.6147
599 -33.0472 -71.6142
114 -33.0473 -71.614
372 -33.0473 -71.614
837 -33.0473 -71.6134
926 -33.0473 -71.6141
131 -33.0472 -71.6142
630 -33.0471 -71.6133
725 -33.047 -71.6133
584 -33.047 -71.6133
96 -33.0467 -71.6161
148 -33.0463 -71.616
317 -33.047 -71.6157
385 -33.0462 -71.616
133 -33.046 -71.616
75 -33.0455 -71.616
634 -33.0455 -71.616
338 -33.047 -71.6148
766 -33.0466 -71.6147
526 -33.0464 -71.6147
877 -33.0469 -71.6133
588 -33.0461 -71.6147
312 -33.0458 -71.6146
241 -33.0458 -71.6146
998 -33.0486 -71.6133
19 -33.0527 -71.6121
790 -33.0525 -71.6121
326 -33.0524 -71.6121
414 -33.0522 -71.612
242 -33.0519 -71.6132
2 -33.0517 -71.6131
737 -33.0517 -71.6131
420 -33.0522 -71.612
576 -33.052 -71.612
43 -33.052 -71.612
772 -33.0529 -71.6116
521 -33.052 -71.612
747 -33.0519 -71.612
463 -33.0518 -71.6118
72 -33.0519 -71.6118
686 -33.0516 -71.6131
276 -33.0516 -71.6131
120 -33.0515 -71.6131
390 -33.0514 -71.6131
811 -33.0514 -71.6131
675 -33.0514 -71.6131
556 -33.0513 -71.6131
782 -33.0513 -71.6131
127 -33.0512 -71.6131
866 -33.0511 -71.6122
917 -33.0515 -71.612
523 -33.0512 -71.6119
874 -33.0511 -71.6123
192 -33.0511 -71.6129
238 -33.0511 -71.6125
298 -33.0511 -71.6123
810 -33.0529 -71.6116
873 -33.0535 -71.6114
970 -33.0538 -71.6113
98 -33.0539 -71.6112
83 -33.0534 -71.6114
132 -33.053 -71.6116
592 -33.0531 -71.6116
922 -33.0532 -71.6115
354 -33.0532 -71.6109
579 -33.0529 -71.6107
368 -33.0527 -71.6105
467 -33.0525 -71.6102
619 -33.0524 -71.6099
259 -33.0523 -71.6098
237 -33.0523 -71.6097
967 -33.0522 -71.6096
154 -33.0522 -71.6096
569 -33.0515 -71.6115
305 -33.0514 -71.6114
402 -33.0516 -71.6095
225 -33.0513 -71.6098
962 -33.0511 -71.6114
857 -33.0511 -71.61
46 -33.0511 -71.61
52 -33.0517 -71.6094
636 -33.0518 -71.6093
384 -33.052 -71.6093
591 -33.052 -71.6092
307 -33.0518 -71.6093
400 -33.0517 -71.6094
513 -33.0518 -71.6094
505 -33.0511 -71.6129
51 -33.0509 -71.6131
642 -33.0508 -71.6131
26 -33.0511 -71.6129
958 -33.0507 -71.6131
187 -33.0505 -71.613
480 -33.05 -71.613
762 -33.05 -71.613
856 -33.0499 -71.612
733 -33.0504 -71.6113
173 -33.0503 -71.6113
571 -33.05 -71.6113
214 -33.05 -71.6113
704 -33.0499 -71.6118
671 -33.0499 -71.6117
167 -33.0499 -71.6113
145 -33.0499 -71.6113
14 -33.0498 -71.6129
351 -33.0498 -71.6129
229 -33.0497 -71.6127
319 -33.0497 -71.6127
295 -33.0497 -71.6131
375 -33.0497 -71.6129
97 -33.0496 -71.6129
199 -33.0497 -71.6127
882 -33.0498 -71.6124
349 -33.0498 -71.6123
669 -33.0498 -71.6122
284 -33.0498 -71.6124
321 -33.0498 -71.6126
29 -33.0498 -71.6113
981 -33.0497 -71.6113
219 -33.0508 -71.6102
662 -33.0507 -71.6102
769 -33.0506 -71.6102
954 -33.0506 -71.6102
622 -33.0502 -71.6103
825 -33.0505 -71.6102
378 -33.0505 -71.6102
470 -33.0503 -71.6101
773 -33.0511 -71.61
422 -33.0511 -71.61
35 -33.0511 -71.61
472 -33.051 -71.6101
674 -33.0504 -71.6101
944 -33.051 -71.6101
555 -33.051 -71.6101
94 -33.0502 -71.6103
846 -33.05 -71.6111
137 -33.05 -71.6111
840 -33.05 -71.611
316 -33.05 -71.6112
15 -33.0497 -71.6112
398 -33.0497 -71.6112
158 -33.05 -71.6112
626 -33.0501 -71.6109
32 -33.0501 -71.6108
746 -33.0501 -71.6105
110 -33.0501 -71.6104
923 -33.0501 -71.6108
603 -33.0495 -71.6099
952 -33.0495 -71.6099
469 -33.0519 -71.6092
528 -33.0535 -71.6085
300 -33.0532 -71.6084
748 -33.0531 -71.6084
474 -33.053 -71.6083
291 -33.053 -71.6083
677 -33.0529 -71.6083
808 -33.0529 -71.6083
281 -33.0527 -71.6082
331 -33.0526 -71.6082
419 -33.0524 -71.6081
491 -33.0524 -71.6081
63 -33.0523 -71.6081
280 -33.0523 -71.6081
925 -33.0523 -71.6081
886 -33.0523 -71.6081
159 -33.0523 -71.608
563 -33.0519 -71.6092
175 -33.0521 -71.6086
525 -33.0522 -71.6084
209 -33.0518 -71.6091
366 -33.0518 -71.6091
751 -33.0517 -71.609
627 -33.0517 -71.609
454 -33.0516 -71.6082
112 -33.0523 -71.608
606 -33.0522 -71.6079
679 -33.0522 -71.6079
196 -33.0519 -71.6081
362 -33.0516 -71.6082
977 -33.0517 -71.6082
672 -33.0518 -71.6081
876 -33.0522 -71.6078
903 -33.0522 -71.6077
581 -33.0522 -71.6075
303 -33.0522 -71.6075
311 -33.0522 -71.6074
332 -33.0521 -71.6072
558 -33.0521 -71.6071
79 -33.0521 -71.607
499 -33.0521 -71.607
768 -33.0527 -71.6067
147 -33.0523 -71.6048
441 -33.0534 -71.6047
870 -33.0522 -71.6048
40 -33.052 -71.6069
129 -33.052 -71.6069
506 -33.052 -71.6069
461 -33.052 -71.6068
527 -33.0519 -71.6067
929 -33.0519 -71.6066
411 -33.0519 -71.6065
335 -33.0518 -71.6068
934 -33.0517 -71.6075
657 -33.0517 -71.6068
700 -33.0516 -71.6068
223 -33.0518 -71.6065
473 -33.0518 -71.6064
212 -33.0518 -71.6063
705 -33.0517 -71.6062
90 -33.0517 -71.605
858 -33.0517 -71.606
645 -33.0516 -71.606
168 -33.0516 -71.606
452 -33.0515 -71.6089
61 -33.0513 -71.6086
12 -33.0512 -71.6086
274 -33.0512 -71.6089
190 -33.0511 -71.6092
613 -33.0509 -71.6085
912 -33.0509 -71.6085
535 -33.0509 -71.6085
11 -33.0515 -71.6075
510 -33.0515 -71.6075
296 -33.0514 -71.6075
797 -33.0514 -71.6076
676 -33.0507 -71.6085
927 -33.0512 -71.6084
512 -33.0514 -71.6077
424 -33.0507 -71.6085
723 -33.0504 -71.6091
937 -33.0504 -71.6091
282 -33.0505 -71.6087
984 -33.05 -71.6091
843 -33.0499 -71.6091
503 -33.0499 -71.6091
261 -33.0498 -71.6091
740 -33.0505 -71.6086
888 -33.0505 -71.6085
7 -33.0503 -71.6085
833 -33.0502 -71.6085
478 -33.0502 -71.6085
49 -33.0498 -71.6084
715 -33.0497 -71.6084
848 -33.0514 -71.6075
285 -33.0516 -71.6068
477 -33.0514 -71.6067
551 -33.0516 -71.6059
918 -33.0512 -71.6059
878 -33.0511 -71.6058
458 -33.0509 -71.6058
664 -33.0508 -71.6057
980 -33.0514 -71.6055
489 -33.0513 -71.6054
924 -33.0514 -71.6053
221 -33.0512 -71.6052
540 -33.0511 -71.6052
156 -33.0511 -71.6052
73 -33.0509 -71.6051
557 -33.0508 -71.6051
438 -33.0508 -71.6074
138 -33.0504 -71.6073
593 -33.0506 -71.6057
78 -33.0506 -71.6057
753 -33.0499 -71.6072
228 -33.0499 -71.6072
62 -33.0497 -71.6071
350 -33.0497 -71.6071
421 -33.0505 -71.6057
227 -33.0504 -71.6056
532 -33.0504 -71.6056
381 -33.0504 -71.6056
706 -33.0503 -71.6048
169 -33.0495 -71.6041
620 -33.0495 -71.6041
741 -33.0495 -71.6112
197 -33.0493 -71.6129
405 -33.0493 -71.6129
105 -33.0493 -71.6129
907 -33.0493 -71.6129
160 -33.0486 -71.6133
267 -33.0486 -71.6132
731 -33.0487 -71.6131
916 -33.0491 -71.6129
577 -33.0489 -71.6129
252 -33.0489 -71.6129
387 -33.0489 -71.6129
23 -33.0488 -71.6129
745 -33.0488 -71.6129
446 -33.0487 -71.6129
272 -33.0487 -71.6129
423 -33.0485 -71.6129
403 -33.0485 -71.6129
310 -33.0485 -71.6129
309 -33.0478 -71.6129
759 -33.0477 -71.6129
965 -33.0476 -71.6132
781 -33.0477 -71.613
616 -33.0477 -71.613
567 -33.0477 -71.6129
143 -33.0483 -71.6129
386 -33.0482 -71.6129
986 -33.048 -71.6128
410 -33.0478 -71.6125
171 -33.0477 -71.6128
151 -33.0477 -71.6128
359 -33.0478 -71.6126
806 -33.0479 -71.6122
236 -33.0494 -71.6112
832 -33.0494 -71.6112
909 -33.0493 -71.6112
182 -33.0493 -71.6112
404 -33.0493 -71.6112
294 -33.0489 -71.6112
789 -33.0489 -71.6112
736 -33.0489 -71.6112
468 -33.0494 -71.6099
126 -33.0493 -71.6099
22 -33.0493 -71.6099
681 -33.0492 -71.6099
575 -33.0492 -71.6099
757 -33.049 -71.6099
653 -33.0489 -71.6099
990 -33.0489 -71.6099
813 -33.0481 -71.6116
371 -33.0482 -71.6114
357 -33.0487 -71.6112
776 -33.048 -71.612
247 -33.0479 -71.6122
691 -33.0479 -71.6122
245 -33.0479 -71.6121
997 -33.0485 -71.6112
230 -33.0484 -71.6111
347 -33.0483 -71.6111
885 -33.0488 -71.6098
670 -33.0482 -71.6111
742 -33.0481 -71.6111
905 -33.0478 -71.6111
552 -33.0476 -71.6132
208 -33.0476 -71.6132
102 -33.0476 -71.6127
108 -33.0475 -71.6127
711 -33.0475 -71.6127
330 -33.0467 -71.6133
517 -33.0466 -71.6132
611 -33.0475 -71.6127
200 -33.0474 -71.6127
70 -33.0471 -71.6127
490 -33.0471 -71.6127
37 -33.0469 -71.6126
135 -33.0469 -71.6126
87 -33.0468 -71.6126
45 -33.0467 -71.6126
265 -33.0467 -71.6126
744 -33.0465 -71.6132
969 -33.0464 -71.6132
898 -33.0463 -71.6132
739 -33.0462 -71.6132
902 -33.0462 -71.6131
915 -33.0461 -71.6131
996 -33.0457 -71.613
749 -33.0457 -71.613
585 -33.0464 -71.6125
100 -33.0459 -71.6123
621 -33.0455 -71.6122
186 -33.0452 -71.6121
659 -33.0452 -71.6121
964 -33.0448 -71.612
24 -33.0447 -71.612
494 -33.0448 -71.6115
397 -33.0475 -71.611
720 -33.0474 -71.611
875 -33.0471 -71.611
264 -33.047 -71.611
667 -33.0469 -71.6109
289 -33.0467 -71.6109
275 -33.0457 -71.6108
449 -33.0456 -71.6108
650 -33.0457 -71.6098
121 -33.0458 -71.6098
28 -33.0455 -71.6098
47 -33.0454 -71.6098
33 -33.0448 -71.6106
928 -33.0448 -71.6098
995 -33.0453 -71.6098
798 -33.0447 -71.6104
288 -33.0447 -71.6104
486 -33.0447 -71.6103
249 -33.0447 -71.6103
865 -33.0447 -71.6105
985 -33.0445 -71.6114
4 -33.0447 -71.6105
695 -33.0445 -71.6102
353 -33.0445 -71.6102
702 -33.0447 -71.6101
814 -33.0447 -71.6101
3 -33.0447 -71.61
824 -33.0447 -71.6098
54 -33.0443 -71.61
459 -33.0447 -71.6099
663 -33.0449 -71.6098
183 -33.0492 -71.6091
211 -33.0488 -71.6091
601 -33.0494 -71.6083
324 -33.0487 -71.6091
861 -33.0485 -71.6098
785 -33.0486 -71.6091
821 -33.0484 -71.6091
256 -33.0494 -71.6083
224 -33.0493 -71.6083
595 -33.0493 -71.6083
89 -33.0491 -71.6083
600 -33.0486 -71.6083
204 -33.0485 -71.6082
343 -33.0485 -71.6082
328 -33.0485 -71.6082
836 -33.0484 -71.6082
845 -33.0484 -71.6098
243 -33.0484 -71.6098
16 -33.0484 -71.6098
172 -33.0483 -71.6098
395 -33.0478 -71.6098
8 -33.0476 -71.6098
406 -33.0479 -71.6091
136 -33.0483 -71.6082
714 -33.0483 -71.6082
951 -33.0482 -71.6082
863 -33.0484 -71.6082
734 -33.0482 -71.6082
607 -33.0479 -71.6082
771 -33.0479 -71.6082
235 -33.0477 -71.6082
68 -33.0477 -71.6082
502 -33.0494 -71.6053
752 -33.0493 -71.6052
181 -33.0492 -71.6052
690 -33.0488 -71.6069
460 -33.0485 -71.6066
369 -33.0486 -71.6066
471 -33.0487 -71.6065
966 -33.0492 -71.6052
815 -33.049 -71.605
99 -33.0489 -71.6036
293 -33.0492 -71.6035
673 -33.0489 -71.6048
770 -33.0489 -71.6048
382 -33.0489 -71.6048
788 -33.0487 -71.6045
56 -33.0485 -71.6066
325 -33.048 -71.6067
365 -33.0482 -71.6066
624 -33.0483 -71.6066
498 -33.0479 -71.6077
417 -33.0476 -71.6082
233 -33.0477 -71.6075
437 -33.0477 -71.6075
957 -33.0483 -71.6066
564 -33.0479 -71.604
244 -33.0484 -71.6039
122 -33.0479 -71.6036
358 -33.0478 -71.604
1 -33.0476 -71.6041
65 -33.0477 -71.604
125 -33.0475 -71.6082
707 -33.0475 -71.609
82 -33.0475 -71.6082
71 -33.0474 -71.6082
306 -33.0474 -71.6082
193 -33.0468 -71.6098
215 -33.0473 -71.6098
623 -33.0469 -71.609
738 -33.0474 -71.6082
544 -33.0469 -71.6081
185 -33.0474 -71.6075
91 -33.0474 -71.607
562 -33.0467 -71.6081
625 -33.0467 -71.6081
867 -33.0464 -71.6081
906 -33.0463 -71.607
194 -33.0463 -71.607
566 -33.0459 -71.6081
429 -33.0457 -71.608
270 -33.0457 -71.608
161 -33.0456 -71.608
39 -33.0452 -71.6098
344 -33.045 -71.6098
914 -33.0454 -71.608
59 -33.0447 -71.608
617 -33.0456 -71.6076
717 -33.0456 -71.6073
21 -33.0462 -71.607
380 -33.0446 -71.6079
618 -33.0446 -71.6077
162 -33.044 -71.6072
989 -33.0464 -71.607
658 -33.0474 -71.607
993 -33.0474 -71.6068
103 -33.0475 -71.6068
534 -33.0474 -71.6069
232 -33.0469 -71.6069
975 -33.0471 -71.6068
203 -33.0472 -71.6068
287 -33.0475 -71.6068
913 -33.0472 -71.6042
628 -33.0473 -71.6042
388 -33.0475 -71.6041
536 -33.0472 -71.6059
826 -33.047 -71.6043
492 -33.047 -71.604
30 -33.0472 -71.6039
339 -33.0469 -71.6069
149 -33.0465 -71.607
839 -33.0468 -71.6069
791 -33.0469 -71.6069
895 -33.0465 -71.607
308 -33.0464 -71.607
508 -33.0463 -71.607
568 -33.0456 -71.6068
188 -33.0456 -71.6068
896 -33.0468 -71.6044
514 -33.0464 -71.6042
800 -33.0468 -71.6041
346 -33.0455 -71.6063
559 -33.0454 -71.6058
533 -33.0433 -71.6057
