550 -33.0543 -71.6243
66 -33.0543 -71.6243
85 -33.0543 -71.6242
142 -33.0543 -71.6242
497 -33.0543 -71.6241
115 -33.0543 -71.624
647 -33.0543 -71.624
5 -33.0543 -71.624
796 -33.0543 -71.6239
890 -33.0543 -71.6239
226 -33.0543 -71.6239
703 -33.0543 -71.6239
38 -33.0543 -71.6237
315 -33.0543 -71.6236
500 -33.0543 -71.6236
327 -33.0543 -71.6235
883 -33.0534 -71.6246
109 -33.0535 -71.6245
217 -33.0537 -71.6245
979 -33.053 -71.6246
829 -33.0529 -71.6246
786 -33.0528 -71.6246
589 -33.0527 -71.6246
697 -33.0537 -71.6245
940 -33.0542 -71.6244
176 -33.0542 -71.6244
678 -33.0543 -71.6233
313 -33.0541 -71.6242
479 -33.0537 -71.6245
961 -33.054 -71.6244
53 -33.0539 -71.6241
260 -33.0543 -71.6232
177 -33.0545 -71.6227
880 -33.0547 -71.6223
179 -33.055 -71.6218
930 -33.0544 -71.6228
487 -33.0544 -71.623
266 -33.0544 -71.6228
253 -33.0544 -71.6228
210 -33.0551 -71.6213
377 -33.0551 -71.6212
646 -33.055 -71.6181
475 -33.0556 -71.6179
57 -33.0549 -71.6184
765 -33.0544 -71.6184
413 -33.0544 -71.6184
668 -33.0548 -71.6184
189 -33.0542 -71.6184
255 -33.0534 -71.6188
549 -33.0533 -71.6188
370 -33.0535 -71.6186
376 -33.053 -71.6187
881 -33.053 -71.6187
816 -33.0529 -71.6187
134 -33.0528 -71.6187
408 -33.0535 -71.6186
582 -33.054 -71.6184
963 -33.0542 -71.6184
367 -33.0542 -71.6184
978 -33.054 -71.6184
537 -33.0536 -71.6185
407 -33.0537 -71.6184
598 -33.0526 -71.6245
25 -33.0524 -71.6244
987 -33.0522 -71.6244
710 -33.0521 -71.6244
92 -33.0521 -71.6244
629 -33.0516 -71.6252
849 -33.0513 -71.6252
409 -33.0519 -71.6248
633 -33.0508 -71.6227
116 -33.0521 -71.6198
399 -33.052 -71.6198
547 -33.0513 -71.6189
713 -33.0511 -71.6187
447 -33.0507 -71.6226
34 -33.0505 -71.6224
775 -33.0511 -71.6187
732 -33.0505 -71.6218
101 -33.0504 -71.624
935 -33.0504 -71.6222
493 -33.0504 -71.6222
694 -33.0503 -71.6206
716 -33.0502 -71.6207
799 -33.0501 -71.6204
901 -33.05 -71.6203
283 -33.0499 -71.6202
262 -33.05 -71.6188
340 -33.05 -71.6188
448 -33.05 -71.6187
440 -33.0498 -71.6201
859 -33.0496 -71.62
412 -33.0495 -71.6195
632 -33.0495 -71.6187
831 -33.05 -71.6187
301 -33.0524 -71.6186
542 -33.0524 -71.6186
42 -33.0523 -71.6186
361 -33.0523 -71.6186
69 -33.0521 -71.6185
698 -33.0519 -71.6185
754 -33.0519 -71.6185
373 -33.0518 -71.6184
455 -33.0518 -71.6184
587 -33.0517 -71.6184
216 -33.0516 -71.6184
760 -33.0516 -71.6184
809 -33.0515 -71.6184
919 -33.0514 -71.6184
456 -33.0513 -71.6184
803 -33.0512 -71.6183
761 -33.0511 -71.6186
434 -33.0511 -71.6186
844 -33.0511 -71.6186
838 -33.051 -71.6186
973 -33.051 -71.6186
687 -33.05 -71.6186
198 -33.051 -71.6186
341 -33.0512 -71.6185
891 -33.0508 -71.6185
355 -33.0512 -71.6183
767 -33.0506 -71.618
466 -33.0505 -71.618
166 -33.0502 -71.6183
323 -33.0501 -71.6183
869 -33.0551 -71.6179
118 -33.056 -71.616
976 -33.0559 -71.6159
872 -33.0559 -71.6159
945 -33.0559 -71.6159
774 -33.0554 -71.6174
560 -33.0555 -71.6173
482 -33.0558 -71.6159
991 -33.0557 -71.6159
297 -33.0551 -71.6158
561 -33.055 -71.6158
948 -33.0558 -71.6157
842 -33.0547 -71.6157
483 -33.0547 -71.6157
531 -33.0547 -71.6157
501 -33.0546 -71.6157
124 -33.0545 -71.6157
389 -33.0527 -71.6159
450 -33.0529 -71.6158
822 -33.0529 -71.6157
743 -33.0526 -71.6158
476 -33.0525 -71.6158
251 -33.0525 -71.6157
602 -33.0521 -71.6157
640 -33.0542 -71.6156
464 -33.0542 -71.6156
950 -33.0541 -71.6156
608 -33.0541 -71.6156
123 -33.0523 -71.6156
107 -33.0521 -71.6156
520 -33.0521 -71.6156
693 -33.052 -71.6156
279 -33.0523 -71.6156
20 -33.0541 -71.6156
60 -33.0539 -71.6156
879 -33.0539 -71.6156
818 -33.0538 -71.6156
269 -33.0519 -71.6156
726 -33.0523 -71.6156
955 -33.0523 -71.6156
286 -33.0538 -71.6156
994 -33.0548 -71.615
686 -33.0536 -71.6143
127 -33.0533 -71.6141
18 -33.053 -71.6155
931 -33.0519 -71.6135
943 -33.0519 -71.6134
762 -33.0522 -71.6133
936 -33.0519 -71.6133
146 -33.0516 -71.6156
442 -33.0516 -71.6156
356 -33.0518 -71.6136
580 -33.0516 -71.6156
271 -33.0515 -71.6156
150 -33.0512 -71.6156
641 -33.0511 -71.6156
105 -33.0515 -71.6131
405 -33.0515 -71.6131
907 -33.0515 -71.6131
268 -33.0511 -71.6131
577 -33.0511 -71.613
252 -33.0511 -71.6131
387 -33.0511 -71.613
745 -33.0511 -71.6131
495 -33.0501 -71.6178
730 -33.0503 -71.6158
546 -33.0501 -71.6157
117 -33.0498 -71.6157
892 -33.0496 -71.616
812 -33.0497 -71.6159
992 -33.0497 -71.6158
292 -33.0498 -71.6157
488 -33.0508 -71.6155
415 -33.051 -71.6131
446 -33.051 -71.6131
819 -33.0508 -71.6155
254 -33.0498 -71.6157
290 -33.0508 -71.6155
953 -33.0496 -71.6133
570 -33.0496 -71.6135
431 -33.0496 -71.6177
864 -33.0496 -71.6161
908 -33.0496 -71.6161
721 -33.0496 -71.6161
787 -33.0495 -71.6162
545 -33.0496 -71.6161
95 -33.0495 -71.614
684 -33.0495 -71.6139
699 -33.0496 -71.6136
426 -33.0496 -71.6136
443 -33.0496 -71.6136
396 -33.0496 -71.6138
352 -33.0495 -71.6138
543 -33.0496 -71.6138
272 -33.0509 -71.6131
23 -33.0511 -71.6131
423 -33.0507 -71.6131
403 -33.0507 -71.6131
310 -33.0507 -71.6131
160 -33.0507 -71.6131
998 -33.0506 -71.6131
649 -33.0506 -71.6131
792 -33.0506 -71.6131
143 -33.0505 -71.613
386 -33.0505 -71.613
145 -33.0504 -71.613
141 -33.0503 -71.613
986 -33.0503 -71.613
309 -33.0501 -71.613
507 -33.0501 -71.613
151 -33.05 -71.613
433 -33.0499 -71.613
171 -33.05 -71.613
759 -33.0499 -71.6129
102 -33.0498 -71.6129
609 -33.0497 -71.6131
689 -33.0497 -71.613
391 -33.0498 -71.6129
108 -33.0498 -71.6129
611 -33.0498 -71.6129
711 -33.0497 -71.6129
200 -33.0497 -71.6129
208 -33.0497 -71.6129
202 -33.0495 -71.6129
615 -33.0495 -71.6129
999 -33.0495 -71.6201
206 -33.0479 -71.6201
130 -33.0478 -71.6196
213 -33.0478 -71.6196
263 -33.0478 -71.6197
318 -33.0478 -71.6198
453 -33.0478 -71.6197
165 -33.0478 -71.6197
529 -33.0479 -71.6196
394 -33.048 -71.6194
868 -33.048 -71.6194
692 -33.048 -71.6194
36 -33.048 -71.6194
897 -33.0479 -71.6196
712 -33.0479 -71.6195
900 -33.048 -71.6194
239 -33.0477 -71.6198
583 -33.0474 -71.6227
605 -33.0474 -71.6206
170 -33.0475 -71.6203
911 -33.0474 -71.6226
484 -33.0474 -71.6225
939 -33.0474 -71.6224
9 -33.0474 -71.6224
333 -33.0475 -71.6203
949 -33.0476 -71.62
10 -33.0477 -71.62
983 -33.0477 -71.6199
416 -33.0476 -71.6201
113 -33.0474 -71.6203
889 -33.0476 -71.6202
573 -33.0476 -71.6201
660 -33.048 -71.6193
144 -33.0494 -71.6191
111 -33.0494 -71.6191
250 -33.0494 -71.6188
597 -33.0494 -71.6193
852 -33.0494 -71.619
163 -33.0494 -71.619
17 -33.0494 -71.6188
106 -33.0484 -71.6186
432 -33.0493 -71.6184
302 -33.0493 -71.6184
77 -33.0492 -71.6182
780 -33.0485 -71.6182
574 -33.0484 -71.6186
462 -33.0484 -71.6185
374 -33.0484 -71.6185
688 -33.0484 -71.6186
174 -33.0482 -71.6191
364 -33.0482 -71.6191
586 -33.0482 -71.6191
904 -33.0481 -71.6191
854 -33.0481 -71.6193
631 -33.0481 -71.6192
834 -33.0481 -71.6192
191 -33.0482 -71.619
612 -33.0483 -71.6187
884 -33.0483 -71.6187
850 -33.0484 -71.6186
572 -33.0483 -71.6189
273 -33.0482 -71.619
13 -33.0483 -71.6189
383 -33.0474 -71.6209
80 -33.0471 -71.6228
485 -33.0472 -71.6228
764 -33.0473 -71.6228
360 -33.0468 -71.6228
516 -33.0466 -71.6229
222 -33.0466 -71.6229
718 -33.0468 -71.6228
509 -33.0474 -71.6227
55 -33.0474 -71.6221
755 -33.0474 -71.6221
722 -33.0473 -71.6218
152 -33.0473 -71.6218
530 -33.0473 -71.6218
511 -33.0472 -71.6216
708 -33.0472 -71.6214
696 -33.0465 -71.6229
277 -33.0463 -71.6229
322 -33.0463 -71.6229
802 -33.0463 -71.6229
938 -33.0462 -71.6229
820 -33.0462 -71.623
205 -33.0462 -71.623
139 -33.0462 -71.623
735 -33.0464 -71.6229
982 -33.0457 -71.6223
88 -33.0459 -71.6219
643 -33.0461 -71.6216
988 -33.0456 -71.6223
220 -33.0455 -71.6226
784 -33.0455 -71.6226
827 -33.0462 -71.6213
155 -33.0473 -71.6202
639 -33.0473 -71.6202
941 -33.0471 -71.6187
853 -33.0471 -71.6188
763 -33.047 -71.6201
794 -33.047 -71.6201
140 -33.0471 -71.6188
862 -33.0471 -71.6186
855 -33.0472 -71.6183
436 -33.0473 -71.6182
541 -33.0473 -71.6181
84 -33.0472 -71.6183
435 -33.0472 -71.6186
50 -33.0472 -71.6185
314 -33.0472 -71.6183
157 -33.0469 -71.6201
968 -33.0465 -71.6206
793 -33.0466 -71.6204
972 -33.0466 -71.6203
610 -33.0465 -71.6206
427 -33.0463 -71.6212
644 -33.0463 -71.6211
724 -33.0464 -71.6209
635 -33.0466 -71.6203
81 -33.0469 -71.6195
348 -33.0469 -71.6195
604 -33.0469 -71.6194
933 -33.0468 -71.6196
553 -33.0468 -71.6198
48 -33.0468 -71.6196
778 -33.0473 -71.6181
637 -33.049 -71.618
363 -33.0489 -71.6171
240 -33.0489 -71.617
425 -33.0489 -71.6171
727 -33.0489 -71.6176
614 -33.0489 -71.6176
430 -33.0489 -71.6171
64 -33.0489 -71.617
278 -33.049 -71.6167
76 -33.049 -71.6167
548 -33.049 -71.6167
74 -33.049 -71.6168
93 -33.0489 -71.6169
654 -33.049 -71.6168
27 -33.049 -71.6168
783 -33.0488 -71.6173
337 -33.0487 -71.6178
701 -33.0487 -71.6177
680 -33.0487 -71.6177
830 -33.0486 -71.6179
0 -33.0486 -71.618
496 -33.0486 -71.618
504 -33.0486 -71.6179
234 -33.0487 -71.6177
401 -33.0488 -71.6173
828 -33.0488 -71.6173
481 -33.0488 -71.6173
457 -33.0488 -71.6174
128 -33.0486 -71.6176
393 -33.0487 -71.6176
956 -33.0488 -71.6175
709 -33.049 -71.6167
946 -33.0495 -71.6163
539 -33.0493 -71.6153
164 -33.0493 -71.6153
428 -33.0493 -71.6154
656 -33.0492 -71.6158
258 -33.0492 -71.6156
180 -33.0492 -71.6155
750 -33.0493 -71.615
246 -33.0494 -71.6144
841 -33.0494 -71.6143
334 -33.0494 -71.6129
524 -33.0494 -71.6147
379 -33.0493 -71.615
70 -33.0493 -71.6129
837 -33.0493 -71.6129
860 -33.0492 -71.6165
565 -33.0491 -71.6165
320 -33.049 -71.6165
518 -33.0491 -71.6164
665 -33.049 -71.6166
522 -33.049 -71.6166
207 -33.049 -71.6166
795 -33.0489 -71.6164
804 -33.0491 -71.6164
86 -33.0491 -71.6164
329 -33.0492 -71.616
801 -33.0491 -71.6129
87 -33.0491 -71.6129
661 -33.049 -71.6129
725 -33.0489 -71.6129
974 -33.0486 -71.6135
195 -33.0486 -71.6181
304 -33.048 -71.6174
756 -33.0485 -71.6167
823 -33.0478 -71.6165
418 -33.0478 -71.6165
971 -33.0478 -71.6165
119 -33.0478 -71.6165
231 -33.0478 -71.6165
148 -33.0485 -71.6164
385 -33.0484 -71.6164
345 -33.048 -71.6159
683 -33.048 -71.6159
807 -33.0478 -71.6164
178 -33.0479 -71.6161
153 -33.048 -71.6159
758 -33.0478 -71.6166
851 -33.0475 -71.6175
515 -33.0475 -71.6174
31 -33.0476 -71.6173
652 -33.0475 -71.6177
519 -33.0473 -71.618
218 -33.0474 -71.618
960 -33.0474 -71.6178
648 -33.0476 -71.6171
44 -33.0477 -71.6167
248 -33.0478 -71.6166
590 -33.0478 -71.6166
728 -33.0477 -71.6169
538 -33.0477 -71.617
75 -33.0477 -71.6162
133 -33.048 -71.6158
638 -33.0483 -71.6148
666 -33.0483 -71.6148
894 -33.0483 -71.6147
342 -33.0482 -71.6149
920 -33.0482 -71.615
719 -33.0482 -71.615
779 -33.0482 -71.615
651 -33.0483 -71.6146
439 -33.0484 -71.6142
817 -33.0485 -71.6139
336 -33.0486 -71.6136
932 -33.0484 -71.6142
58 -33.0483 -71.6146
805 -33.0484 -71.6144
465 -33.0484 -71.6143
947 -33.0482 -71.6151
444 -33.0481 -71.6156
685 -33.0481 -71.6153
596 -33.0482 -71.6151
899 -33.048 -71.6157
847 -33.048 -71.6158
634 -33.0471 -71.6153
96 -33.0474 -71.6138
241 -33.0474 -71.6138
526 -33.0476 -71.6131
996 -33.0477 -71.613
749 -33.0477 -71.6129
317 -33.0476 -71.6132
312 -33.0474 -71.6137
588 -33.0475 -71.6135
372 -33.0489 -71.6129
19 -33.0549 -71.6124
790 -33.0547 -71.6124
326 -33.0546 -71.6124
420 -33.0544 -71.6123
414 -33.0544 -71.6123
576 -33.0542 -71.6123
521 -33.0542 -71.6123
43 -33.0542 -71.6123
579 -33.0544 -71.6122
368 -33.0544 -71.6121
467 -33.0542 -71.6118
354 -33.0542 -71.6123
747 -33.0542 -71.6123
619 -33.0541 -71.6115
237 -33.0539 -71.6113
154 -33.0539 -71.6112
917 -33.0538 -71.6122
523 -33.0534 -71.6122
298 -33.0531 -71.6121
238 -33.0528 -71.6121
305 -33.0526 -71.6121
505 -33.0525 -71.6117
26 -33.0525 -71.6117
192 -33.0526 -71.6117
967 -33.0539 -71.6112
463 -33.0539 -71.6112
72 -33.0538 -71.6111
384 -33.0535 -71.6111
569 -33.0529 -71.6116
874 -33.0531 -71.6116
866 -33.0531 -71.6115
591 -33.0535 -71.611
259 -33.0538 -71.611
563 -33.0534 -71.611
209 -33.0533 -71.611
636 -33.0533 -71.611
366 -33.0532 -71.6109
307 -33.0532 -71.6109
627 -33.0532 -71.6109
751 -33.0532 -71.6109
132 -33.0541 -71.6105
970 -33.0549 -71.6104
772 -33.0533 -71.61
810 -33.0533 -71.61
592 -33.0533 -71.6098
922 -33.0532 -71.6096
98 -33.0533 -71.6089
52 -33.0531 -71.6109
402 -33.053 -71.6109
452 -33.053 -71.6108
175 -33.0529 -71.6108
61 -33.0528 -71.6106
12 -33.0528 -71.6105
927 -33.0527 -71.6104
773 -33.0526 -71.6103
35 -33.0526 -71.6103
679 -33.0526 -71.6102
83 -33.0531 -71.6094
873 -33.0531 -71.6093
274 -33.0526 -71.6102
190 -33.0525 -71.61
424 -33.0524 -71.61
676 -33.0524 -71.61
962 -33.0524 -71.6121
51 -33.0522 -71.612
642 -33.0521 -71.612
958 -33.052 -71.612
733 -33.0517 -71.612
2 -33.0517 -71.6118
737 -33.0517 -71.6118
187 -33.0518 -71.6118
675 -33.0521 -71.6118
811 -33.0521 -71.6117
782 -33.0521 -71.6117
556 -33.0521 -71.6118
276 -33.0519 -71.6118
390 -33.052 -71.6118
120 -33.052 -71.6118
173 -33.0516 -71.612
351 -33.0512 -71.612
480 -33.0513 -71.6119
14 -33.0512 -71.6119
578 -33.0512 -71.612
299 -33.0511 -71.6125
295 -33.0511 -71.6123
97 -33.0511 -71.6122
571 -33.0513 -71.6119
910 -33.0514 -71.6119
242 -33.0516 -71.6118
909 -33.0515 -71.6115
15 -33.0513 -71.6117
214 -33.0512 -71.6119
29 -33.0513 -71.6118
789 -33.0512 -71.6114
303 -33.0524 -71.6099
512 -33.0523 -71.6098
797 -33.0522 -71.6096
674 -33.0522 -71.6096
7 -33.0522 -71.6096
848 -33.0522 -71.6096
923 -33.0516 -71.6095
506 -33.0521 -71.6094
40 -33.0521 -71.6094
622 -33.052 -71.609
212 -33.0521 -71.6088
94 -33.0519 -71.6092
746 -33.0519 -71.6093
110 -33.0519 -71.6092
49 -33.0519 -71.6091
32 -33.0516 -71.6095
22 -33.0513 -71.6098
846 -33.0514 -71.6097
316 -33.0514 -71.6097
681 -33.0513 -71.6098
981 -33.0511 -71.61
167 -33.0513 -71.6098
575 -33.0513 -71.6098
158 -33.0515 -71.6097
840 -33.0515 -71.6096
603 -33.0516 -71.6095
626 -33.0516 -71.6095
601 -33.0515 -71.6088
137 -33.0515 -71.6097
224 -33.0515 -71.6088
470 -33.0521 -71.6087
63 -33.0545 -71.6085
419 -33.0545 -71.6085
925 -33.0545 -71.6085
280 -33.0545 -71.6085
886 -33.0545 -71.6085
159 -33.0545 -71.6085
112 -33.0544 -71.6085
606 -33.0543 -71.6085
876 -33.0542 -71.6085
491 -33.0546 -71.6085
331 -33.0547 -71.6084
525 -33.0542 -71.6085
903 -33.0541 -71.6085
672 -33.054 -71.6085
581 -33.0539 -71.6085
311 -33.0538 -71.6085
332 -33.0537 -71.6085
454 -33.0537 -71.6085
362 -33.0537 -71.6085
934 -33.0535 -71.6085
558 -33.0535 -71.6085
79 -33.0535 -71.6085
499 -33.0535 -71.6085
977 -33.0538 -71.6085
469 -33.0534 -71.6085
129 -33.0534 -71.6085
510 -33.0534 -71.6085
11 -33.0534 -71.6085
296 -33.0533 -71.6084
513 -33.0533 -71.6084
461 -33.0533 -71.6084
527 -33.0533 -71.6084
291 -33.0551 -71.6082
474 -33.0552 -71.6081
748 -33.0552 -71.6081
677 -33.055 -71.6082
929 -33.0532 -71.6084
281 -33.0548 -71.6083
808 -33.055 -71.6082
300 -33.0553 -71.608
528 -33.0556 -71.6078
147 -33.0546 -71.6046
441 -33.0555 -71.6044
870 -33.0545 -71.6046
768 -33.0544 -71.6053
90 -33.0537 -71.6048
924 -33.0533 -71.6047
335 -33.0532 -71.6084
400 -33.0532 -71.6084
411 -33.0531 -71.6084
657 -33.0531 -71.6084
223 -33.053 -71.6083
700 -33.053 -71.6083
473 -33.053 -71.6083
613 -33.053 -71.6083
912 -33.0529 -71.6083
285 -33.0529 -71.6083
196 -33.0531 -71.6065
221 -33.053 -71.6047
535 -33.0529 -71.6083
705 -33.0529 -71.6083
477 -33.0528 -71.6083
225 -33.0527 -71.6082
888 -33.0526 -71.6082
438 -33.0526 -71.6082
858 -33.0526 -71.6082
168 -33.0526 -71.6082
219 -33.0522 -71.6082
740 -33.0525 -71.6082
46 -33.0525 -71.6082
857 -33.0524 -71.6081
282 -33.0524 -71.6081
422 -33.0524 -71.6081
472 -33.0523 -71.6081
833 -33.0523 -71.6081
944 -33.0522 -71.6081
555 -33.0523 -71.6081
138 -33.0523 -71.6081
551 -33.0522 -71.6084
954 -33.0521 -71.6085
645 -33.0521 -71.6085
662 -33.0522 -71.6084
769 -33.0521 -71.6085
89 -33.0514 -71.6087
825 -33.0521 -71.6086
378 -33.0521 -71.6085
228 -33.0512 -71.6083
503 -33.0516 -71.6082
843 -33.0517 -71.6082
984 -33.0518 -71.6081
256 -33.0516 -71.6082
595 -33.0514 -71.6083
261 -33.0515 -71.6083
723 -33.0521 -71.6081
478 -33.0523 -71.6081
918 -33.0522 -71.608
980 -33.0522 -71.6079
878 -33.0522 -71.6078
937 -33.0521 -71.6079
489 -33.0522 -71.6078
753 -33.0521 -71.6076
458 -33.0522 -71.6076
664 -33.0522 -71.6075
540 -33.0522 -71.6074
156 -33.0522 -71.6074
593 -33.0522 -71.6073
73 -33.0521 -71.6073
421 -33.0521 -71.6071
557 -33.0521 -71.607
227 -33.0521 -71.607
62 -33.0519 -71.6076
381 -33.052 -71.607
532 -33.052 -71.607
350 -33.0519 -71.6076
715 -33.0519 -71.6081
706 -33.0518 -71.6065
502 -33.0515 -71.606
752 -33.0514 -71.6059
620 -33.0514 -71.6053
169 -33.0515 -71.6053
78 -33.052 -71.6048
181 -33.0514 -71.6059
966 -33.0514 -71.6059
815 -33.0511 -71.6058
398 -33.0511 -71.61
916 -33.0511 -71.6127
197 -33.0511 -71.6126
921 -33.0498 -71.6123
184 -33.0498 -71.6124
959 -33.0497 -71.6127
41 -33.0497 -71.6127
6 -33.0498 -71.6125
871 -33.0498 -71.6123
347 -33.0506 -71.6113
742 -33.0504 -71.6113
905 -33.05 -71.6113
887 -33.0499 -71.6119
682 -33.0499 -71.6121
554 -33.0499 -71.612
731 -33.0498 -71.6113
893 -33.0497 -71.6128
397 -33.0497 -71.6112
267 -33.0496 -71.6112
245 -33.0496 -71.6112
720 -33.0496 -71.6112
445 -33.049 -71.6119
247 -33.0496 -71.6112
691 -33.0495 -71.6112
806 -33.0495 -71.6112
875 -33.0493 -71.6112
410 -33.0493 -71.6112
67 -33.0493 -71.6112
264 -33.0492 -71.6112
359 -33.0492 -71.6112
667 -33.0491 -71.6112
567 -33.049 -71.6112
813 -33.05 -71.6111
236 -33.0509 -71.6102
832 -33.0508 -71.6102
856 -33.0508 -71.6102
182 -33.0508 -71.6102
404 -33.0508 -71.6102
669 -33.0507 -71.6102
861 -33.0507 -71.6102
284 -33.0505 -71.6102
885 -33.051 -71.6101
704 -33.051 -71.6101
671 -33.0511 -71.61
741 -33.0509 -71.6102
349 -33.0506 -71.6102
882 -33.0505 -71.6102
736 -33.0504 -71.6101
294 -33.0504 -71.6102
230 -33.0501 -71.6105
375 -33.0502 -71.6103
997 -33.0502 -71.6103
670 -33.0501 -71.6108
257 -33.0501 -71.611
371 -33.0501 -71.6109
776 -33.0493 -71.6105
357 -33.0502 -71.6102
199 -33.0503 -71.6102
319 -33.0503 -71.6102
321 -33.0503 -71.6101
229 -33.0502 -71.6101
215 -33.0495 -71.6099
193 -33.049 -71.6099
289 -33.049 -71.6112
877 -33.0489 -71.6129
265 -33.0488 -71.6129
599 -33.0487 -71.6129
585 -33.0487 -71.6129
655 -33.0486 -71.6129
517 -33.0485 -71.6129
744 -33.0484 -71.6129
835 -33.0484 -71.6129
942 -33.0482 -71.6129
201 -33.0482 -71.6129
777 -33.0488 -71.6125
392 -33.0482 -71.6128
739 -33.0481 -71.6128
100 -33.0481 -71.6128
902 -33.0481 -71.6128
729 -33.048 -71.6118
915 -33.048 -71.6128
766 -33.0477 -71.6128
621 -33.0477 -71.6128
186 -33.0474 -71.6127
659 -33.0474 -71.6127
964 -33.047 -71.6127
24 -33.047 -71.6127
494 -33.0466 -71.6125
898 -33.0479 -71.6123
969 -33.048 -71.6121
451 -33.048 -71.6118
338 -33.0479 -71.6124
353 -33.0454 -71.6122
54 -33.0451 -71.6121
330 -33.0481 -71.6118
630 -33.0482 -71.6114
45 -33.0482 -71.6114
594 -33.0482 -71.6113
584 -33.0482 -71.6115
131 -33.0481 -71.6117
926 -33.0481 -71.6116
114 -33.0481 -71.6115
135 -33.0482 -71.6113
616 -33.0488 -71.6112
552 -33.0488 -71.6112
781 -33.0487 -71.6112
965 -33.0487 -71.6112
37 -33.0483 -71.6112
104 -33.0484 -71.6111
490 -33.0484 -71.6111
275 -33.0479 -71.6111
449 -33.0478 -71.6111
33 -33.0468 -71.6109
288 -33.0465 -71.6098
865 -33.0464 -71.6098
985 -33.0457 -71.6098
695 -33.0458 -71.6098
4 -33.0463 -71.6098
798 -33.0465 -71.6098
702 -33.0467 -71.6098
3 -33.0468 -71.6098
459 -33.0469 -71.6098
814 -33.0467 -71.6098
249 -33.0466 -71.6098
486 -33.0466 -71.6098
121 -33.048 -71.6098
211 -33.0511 -71.6092
324 -33.0509 -71.6092
183 -33.0509 -71.6085
600 -33.0509 -71.6085
821 -33.0507 -71.6092
952 -33.0509 -71.6085
204 -33.0507 -71.6085
468 -33.0507 -71.6085
343 -33.0507 -71.6085
126 -33.0507 -71.6085
328 -33.0507 -71.6085
836 -33.0506 -71.6085
863 -33.0506 -71.6085
136 -33.0506 -71.6085
714 -33.0505 -71.6085
785 -33.0505 -71.6087
406 -33.0502 -71.6092
243 -33.0501 -71.6091
845 -33.0501 -71.6091
16 -33.0501 -71.6091
8 -33.0496 -71.6095
395 -33.0496 -71.6092
172 -33.05 -71.6091
707 -33.0498 -71.6091
653 -33.0504 -71.6089
757 -33.0505 -71.6087
951 -33.0505 -71.6085
734 -33.0504 -71.6085
990 -33.0504 -71.6089
771 -33.0501 -71.6084
607 -33.0501 -71.6084
498 -33.05 -71.6084
690 -33.051 -71.6074
471 -33.0506 -71.6073
369 -33.0504 -71.6073
460 -33.0504 -71.6073
56 -33.0504 -71.6073
624 -33.0501 -71.6072
365 -33.0501 -71.6072
957 -33.0505 -71.6066
382 -33.0509 -71.6058
673 -33.0509 -71.6058
770 -33.0509 -71.6058
293 -33.0508 -71.605
788 -33.0506 -71.6057
244 -33.0501 -71.6055
99 -33.0506 -71.605
235 -33.0499 -71.6084
68 -33.0499 -71.6084
417 -33.0499 -71.6084
125 -33.0498 -71.6084
233 -33.0497 -71.6084
82 -33.0497 -71.6084
437 -33.0497 -71.6084
738 -33.0497 -71.6084
306 -33.0497 -71.6084
71 -33.0497 -71.6084
325 -33.0499 -71.6072
564 -33.0495 -71.6053
1 -33.0495 -71.6041
185 -33.0494 -71.6084
358 -33.0494 -71.6053
287 -33.0494 -71.607
623 -33.049 -71.6091
544 -33.0492 -71.6083
562 -33.049 -71.6083
91 -33.049 -71.6083
650 -33.048 -71.6098
625 -33.0489 -71.6083
658 -33.0489 -71.6083
534 -33.0489 -71.6083
867 -33.0486 -71.6083
203 -33.0486 -71.6082
791 -33.0483 -71.6081
566 -33.0482 -71.6082
429 -33.0479 -71.6082
270 -33.0479 -71.6082
161 -33.0479 -71.6082
28 -33.0478 -71.6098
47 -33.0477 -71.6098
995 -33.0476 -71.6098
39 -33.0475 -71.6098
344 -33.0472 -71.6098
824 -33.0469 -71.6098
928 -33.047 -71.6098
663 -33.0471 -71.6098
914 -33.0476 -71.6082
617 -33.0476 -71.6082
717 -33.0473 -71.6082
59 -33.0469 -71.6081
568 -33.0468 -71.6081
188 -33.0468 -71.6081
380 -33.0468 -71.6081
618 -33.0466 -71.6081
103 -33.0493 -71.607
993 -33.0493 -71.607
975 -33.049 -71.607
232 -33.0488 -71.6069
339 -33.0488 -71.6069
839 -33.0488 -71.6067
149 -33.0487 -71.6065
65 -33.0493 -71.6053
122 -33.0493 -71.6052
388 -33.0491 -71.6052
30 -33.0492 -71.6034
826 -33.0491 -71.6035
628 -33.049 -71.605
913 -33.0489 -71.6049
492 -33.0487 -71.6045
896 -33.0486 -71.6044
536 -33.0481 -71.6079
906 -33.048 -71.6077
21 -33.0484 -71.6066
508 -33.0479 -71.6077
346 -33.0464 -71.6081
559 -33.0459 -71.6081
162 -33.0457 -71.608
194 -33.0484 -71.6066
308 -33.0486 -71.6065
895 -33.0486 -71.6065
800 -33.0486 -71.6042
989 -33.0486 -71.6066
533 -33.0454 -71.605
514 -33.0484 -71.6038
