647 -33.055 -71.6218
115 -33.055 -71.6218
5 -33.055 -71.6218
497 -33.055 -71.6219
66 -33.0548 -71.6221
85 -33.0549 -71.622
142 -33.0549 -71.622
796 -33.055 -71.6218
315 -33.0552 -71.6216
500 -33.0552 -71.6215
327 -33.0552 -71.6214
38 -33.0551 -71.6217
890 -33.055 -71.6218
226 -33.055 -71.6218
703 -33.0551 -71.6217
550 -33.0548 -71.6221
25 -33.0543 -71.6243
883 -33.0543 -71.6231
109 -33.0544 -71.623
598 -33.0543 -71.6241
589 -33.0543 -71.6239
786 -33.0543 -71.6238
829 -33.0543 -71.6236
217 -33.0545 -71.6228
313 -33.0546 -71.6224
940 -33.0547 -71.6223
176 -33.0547 -71.6222
961 -33.0546 -71.6225
697 -33.0545 -71.6228
479 -33.0545 -71.6227
53 -33.0545 -71.6226
678 -33.0551 -71.6212
475 -33.0575 -71.618
189 -33.056 -71.618
367 -33.0559 -71.618
978 -33.0556 -71.6179
537 -33.0553 -71.6178
407 -33.0554 -71.6176
582 -33.0555 -71.6173
963 -33.0555 -71.6172
646 -33.0558 -71.6164
869 -33.0561 -71.6161
640 -33.0562 -71.616
57 -33.0557 -71.6165
765 -33.0556 -71.6171
413 -33.0556 -71.617
668 -33.0557 -71.6166
408 -33.0551 -71.6179
260 -33.0551 -71.6212
487 -33.0551 -71.6209
266 -33.055 -71.6208
253 -33.055 -71.6208
930 -33.055 -71.6207
177 -33.0549 -71.6206
880 -33.0546 -71.6202
134 -33.0546 -71.6184
549 -33.0549 -71.6182
255 -33.055 -71.618
370 -33.0551 -71.6179
376 -33.0549 -71.6184
816 -33.0547 -71.6184
881 -33.0548 -71.6184
979 -33.0543 -71.6235
92 -33.0541 -71.6244
987 -33.0542 -71.6244
179 -33.0542 -71.62
710 -33.0541 -71.6244
409 -33.0536 -71.6245
210 -33.0537 -71.6197
377 -33.0537 -71.6196
919 -33.0534 -71.6188
760 -33.0535 -71.6186
809 -33.0535 -71.6186
216 -33.0535 -71.6186
456 -33.0533 -71.6188
803 -33.0532 -71.6188
355 -33.0532 -71.6188
341 -33.0531 -71.6187
629 -33.053 -71.6246
434 -33.0529 -71.6187
761 -33.0529 -71.6187
844 -33.0529 -71.6187
838 -33.0528 -71.6187
849 -33.0527 -71.6246
101 -33.0506 -71.6224
198 -33.0528 -71.6187
973 -33.0527 -71.6187
713 -33.0527 -71.6187
775 -33.0526 -71.6187
891 -33.0526 -71.6187
767 -33.0525 -71.6186
466 -33.0524 -71.6186
547 -33.0524 -71.6186
632 -33.051 -71.6186
250 -33.0509 -71.6185
455 -33.0536 -71.6185
373 -33.0536 -71.6185
698 -33.0537 -71.6184
587 -33.0535 -71.6185
166 -33.052 -71.6185
495 -33.052 -71.6185
323 -33.0519 -71.6184
754 -33.0537 -71.6184
361 -33.0541 -71.6184
42 -33.0542 -71.6184
301 -33.0542 -71.6184
542 -33.0541 -71.6184
69 -33.054 -71.6184
687 -33.0516 -71.6184
271 -33.0533 -71.6163
448 -33.0516 -71.6184
831 -33.0515 -71.6184
340 -33.0514 -71.6184
431 -33.0515 -71.6184
17 -33.0508 -71.6185
163 -33.0506 -71.6184
852 -33.0506 -71.6184
111 -33.0505 -71.6184
116 -33.0514 -71.6184
399 -33.0514 -71.6184
262 -33.0513 -71.6184
727 -33.0509 -71.6181
614 -33.0508 -71.6181
393 -33.0507 -71.618
128 -33.0505 -71.618
464 -33.0562 -71.616
950 -33.0561 -71.616
608 -33.0561 -71.616
20 -33.0561 -71.616
124 -33.0561 -71.6157
774 -33.0561 -71.6156
994 -33.0561 -71.6156
501 -33.056 -71.6156
531 -33.056 -71.6155
118 -33.057 -71.6148
976 -33.0569 -71.6147
482 -33.0568 -71.6147
948 -33.0568 -71.6147
561 -33.056 -71.6152
297 -33.0562 -71.6151
991 -33.0567 -71.6148
560 -33.056 -71.6155
60 -33.0559 -71.6159
879 -33.0559 -71.6159
818 -33.0558 -71.6159
286 -33.0558 -71.6159
18 -33.055 -71.6158
822 -33.0548 -71.6157
450 -33.0547 -71.6157
389 -33.0545 -71.6157
483 -33.056 -71.6155
842 -33.056 -71.6154
686 -33.0554 -71.6154
127 -33.0551 -71.6152
743 -33.0544 -71.6157
476 -33.0543 -71.6157
251 -33.0542 -71.6157
872 -33.0569 -71.6147
945 -33.0568 -71.6147
19 -33.0569 -71.6126
790 -33.0567 -71.6125
326 -33.0566 -71.6125
420 -33.0564 -71.6124
414 -33.0564 -71.6124
523 -33.0554 -71.6124
576 -33.0563 -71.6124
521 -33.0563 -71.6124
354 -33.0563 -71.6124
43 -33.0563 -71.6124
747 -33.0563 -71.6124
368 -33.0556 -71.6123
917 -33.0558 -71.6123
579 -33.0558 -71.6123
298 -33.0551 -71.6124
467 -33.0551 -71.6131
619 -33.0549 -71.613
238 -33.0549 -71.6124
237 -33.0548 -71.6124
154 -33.0546 -71.6127
962 -33.0543 -71.6125
591 -33.0543 -71.6124
967 -33.0548 -71.6124
305 -33.0546 -71.6124
563 -33.0542 -71.6123
51 -33.0542 -71.6123
209 -33.0542 -71.6123
636 -33.0542 -71.6123
642 -33.0541 -71.6123
955 -33.0541 -71.6156
641 -33.0529 -71.6157
726 -33.054 -71.6156
279 -33.054 -71.6156
488 -33.0528 -71.6159
819 -33.0528 -71.6159
290 -33.0527 -71.6159
730 -33.0521 -71.6156
123 -33.0539 -71.6156
602 -33.0538 -71.6156
107 -33.0538 -71.6156
693 -33.0537 -71.6156
520 -33.0537 -71.6156
150 -33.0529 -71.6156
269 -33.0536 -71.6156
146 -33.0533 -71.6155
546 -33.0519 -71.6156
254 -33.0516 -71.6156
117 -33.0516 -71.6156
292 -33.0516 -71.6156
992 -33.0514 -71.6156
812 -33.0514 -71.6156
892 -33.0513 -71.6156
721 -33.0512 -71.6156
864 -33.0512 -71.6156
908 -33.0511 -71.6156
545 -33.0511 -71.6156
787 -33.0511 -71.6156
946 -33.0509 -71.6156
320 -33.0505 -71.6156
860 -33.0505 -71.6155
442 -33.0533 -71.6155
762 -33.054 -71.6145
105 -33.0534 -71.6141
405 -33.0533 -71.6141
907 -33.0533 -71.6141
580 -33.0532 -71.6155
446 -33.0529 -71.6138
423 -33.0527 -71.6137
403 -33.0527 -71.6137
145 -33.0524 -71.6135
171 -33.052 -71.6132
611 -33.0518 -71.6131
711 -33.0518 -71.6131
202 -33.0511 -71.6125
208 -33.0511 -71.6124
200 -33.0511 -71.6124
615 -33.0511 -71.6126
801 -33.0511 -71.6131
87 -33.051 -71.6131
661 -33.051 -71.6131
725 -33.051 -71.6131
372 -33.0509 -71.6131
877 -33.0509 -71.6131
265 -33.0509 -71.6131
655 -33.0507 -71.6131
837 -33.0511 -71.6129
70 -33.0511 -71.6128
334 -33.0511 -71.6127
599 -33.0507 -71.6131
585 -33.0507 -71.6131
517 -33.0505 -71.613
565 -33.0505 -71.6155
633 -33.0502 -71.6209
447 -33.0502 -71.6208
34 -33.0502 -71.6205
935 -33.0501 -71.6204
493 -33.05 -71.6203
732 -33.0497 -71.6201
999 -33.0499 -71.6188
859 -33.05 -71.6187
144 -33.0504 -71.6184
504 -33.0504 -71.6179
830 -33.0504 -71.6179
597 -33.0503 -71.6183
716 -33.0494 -71.6187
694 -33.0494 -71.6187
412 -33.0501 -71.6183
904 -33.0493 -71.6176
799 -33.0493 -71.6184
901 -33.0492 -71.6183
283 -33.0491 -71.6182
440 -33.049 -71.6181
170 -33.0485 -71.6183
889 -33.0486 -71.6181
573 -33.0486 -71.6181
206 -33.0486 -71.618
239 -33.0487 -71.6177
318 -33.0487 -71.6177
364 -33.0493 -71.6176
983 -33.0486 -71.6179
416 -33.0486 -71.618
949 -33.0486 -71.6179
10 -33.0486 -71.6179
453 -33.0487 -71.6176
191 -33.049 -71.6168
273 -33.049 -71.6168
13 -33.049 -71.6167
586 -33.049 -71.6168
854 -33.0489 -71.617
834 -33.0489 -71.617
174 -33.0489 -71.6169
572 -33.049 -71.6166
574 -33.0492 -71.6165
106 -33.0492 -71.6165
304 -33.0494 -71.6164
688 -33.0491 -71.6165
612 -33.049 -71.6165
850 -33.0491 -71.6165
884 -33.0491 -71.6165
631 -33.0489 -71.617
130 -33.0488 -71.6176
529 -33.0488 -71.6174
712 -33.0488 -71.6174
897 -33.0488 -71.6175
165 -33.0487 -71.6176
263 -33.0487 -71.6176
213 -33.0488 -71.6175
900 -33.0488 -71.6173
868 -33.0488 -71.6172
660 -33.0489 -71.6172
692 -33.0489 -71.6172
394 -33.0488 -71.6172
36 -33.0488 -71.6172
652 -33.0487 -71.6164
333 -33.0485 -71.6183
764 -33.0475 -71.6205
509 -33.0475 -71.6205
583 -33.0475 -71.6204
485 -33.0474 -71.6207
205 -33.0473 -71.6218
718 -33.0473 -71.6211
80 -33.0474 -71.6207
911 -33.0475 -71.6203
939 -33.0476 -71.6201
755 -33.0477 -71.6199
55 -33.0477 -71.6199
9 -33.0476 -71.6201
427 -33.0475 -71.6203
484 -33.0476 -71.6203
644 -33.0476 -71.6201
360 -33.0473 -71.6211
820 -33.0473 -71.6218
938 -33.0473 -71.6217
139 -33.0473 -71.6217
277 -33.0472 -71.6216
322 -33.0472 -71.6216
802 -33.0472 -71.6216
735 -33.0472 -71.6216
696 -33.0472 -71.6215
222 -33.0472 -71.6214
516 -33.0472 -71.6213
982 -33.0466 -71.6202
988 -33.0466 -71.6202
220 -33.0465 -71.6205
784 -33.0465 -71.6205
88 -33.0468 -71.6197
511 -33.048 -71.6194
635 -33.048 -71.6194
708 -33.0481 -71.6192
152 -33.0478 -71.6196
722 -33.0478 -71.6196
530 -33.0478 -71.6196
610 -33.0478 -71.6196
157 -33.0483 -71.6189
155 -33.0484 -71.6186
605 -33.0484 -71.6185
113 -33.0485 -71.6184
639 -33.0484 -71.6186
794 -33.0483 -71.6188
763 -33.0483 -71.6188
383 -33.0483 -71.6187
941 -33.0478 -71.6164
793 -33.0473 -71.6181
972 -33.0473 -71.6181
553 -33.0475 -71.6174
968 -33.0472 -71.6183
643 -33.0469 -71.6193
827 -33.047 -71.6191
724 -33.0471 -71.6187
933 -33.0475 -71.6174
604 -33.0476 -71.6171
140 -33.0478 -71.6166
853 -33.0478 -71.6165
81 -33.0476 -71.6172
48 -33.0475 -71.6174
348 -33.0476 -71.6172
862 -33.0478 -71.6164
93 -33.0503 -71.6158
795 -33.0504 -71.6158
148 -33.0502 -71.6158
430 -33.0501 -71.6157
195 -33.0495 -71.6163
75 -33.0495 -71.6162
496 -33.0496 -71.6161
385 -33.05 -71.6157
756 -33.05 -71.6157
783 -33.05 -71.6157
665 -33.0494 -71.6143
522 -33.0494 -71.6143
548 -33.0494 -71.6144
76 -33.0494 -71.6143
207 -33.0494 -71.6143
278 -33.0494 -71.6144
457 -33.0493 -71.6151
401 -33.0493 -71.615
481 -33.0493 -71.6149
956 -33.0493 -71.6151
701 -33.0492 -71.6155
680 -33.0493 -71.6154
234 -33.0493 -71.6154
828 -33.0493 -71.6149
654 -33.0494 -71.6145
27 -33.0494 -71.6145
74 -33.0494 -71.6144
64 -33.0494 -71.6146
425 -33.0494 -71.6148
363 -33.0494 -71.6148
240 -33.0494 -71.6147
709 -33.0494 -71.6143
744 -33.0505 -71.613
835 -33.0504 -71.613
201 -33.0503 -71.613
942 -33.0503 -71.613
739 -33.0502 -71.613
392 -33.0502 -71.613
336 -33.0501 -71.613
100 -33.0501 -71.613
902 -33.0501 -71.613
915 -33.05 -71.613
524 -33.0498 -71.6123
379 -33.0498 -71.6127
621 -33.0497 -71.6129
164 -33.0497 -71.6129
750 -33.0497 -71.6127
539 -33.0497 -71.6129
656 -33.0496 -71.6135
258 -33.0497 -71.6132
180 -33.0497 -71.6132
329 -33.0496 -71.6136
86 -33.0495 -71.6141
518 -33.0495 -71.614
804 -33.0495 -71.614
428 -33.0497 -71.6131
749 -33.0497 -71.6129
996 -33.0497 -71.6129
805 -33.0494 -71.6129
186 -33.0494 -71.6129
659 -33.0494 -71.6129
588 -33.0493 -71.6129
337 -33.0492 -71.6155
77 -33.0491 -71.6161
780 -33.0492 -71.6159
637 -33.0492 -71.6158
374 -33.0491 -71.6162
432 -33.0491 -71.6163
302 -33.0491 -71.6163
462 -33.0491 -71.6163
0 -33.0492 -71.6157
590 -33.0484 -71.6143
758 -33.0484 -71.6143
418 -33.0484 -71.6142
248 -33.0484 -71.6143
538 -33.0483 -71.6147
728 -33.0483 -71.6146
44 -33.0483 -71.6145
648 -33.0483 -71.6148
855 -33.048 -71.616
778 -33.048 -71.6159
541 -33.048 -71.6159
84 -33.048 -71.616
435 -33.0479 -71.6163
50 -33.0479 -71.6162
314 -33.0479 -71.616
436 -33.048 -71.6159
851 -33.0482 -71.6152
515 -33.0482 -71.6152
31 -33.0482 -71.615
960 -33.0481 -71.6155
519 -33.048 -71.6157
218 -33.048 -71.6157
971 -33.0484 -71.6142
894 -33.0492 -71.6129
638 -33.0491 -71.6129
666 -33.0491 -71.6129
24 -33.049 -71.6129
444 -33.0486 -71.6133
685 -33.0487 -71.613
920 -33.049 -71.6129
964 -33.049 -71.6129
342 -33.0488 -71.6126
651 -33.0489 -71.6123
58 -33.0489 -71.6123
779 -33.0488 -71.6126
947 -33.0488 -71.6128
596 -33.0488 -71.6127
719 -33.0488 -71.6126
899 -33.0486 -71.6134
178 -33.0485 -71.6138
153 -33.0485 -71.6137
345 -33.0486 -71.6136
807 -33.0484 -71.6141
823 -33.0484 -71.6142
119 -33.0484 -71.6142
231 -33.0484 -71.6141
133 -33.0486 -71.6135
683 -33.0486 -71.6135
847 -33.0486 -71.6135
494 -33.0486 -71.6129
634 -33.0477 -71.613
353 -33.0474 -71.6127
54 -33.0471 -71.6127
108 -33.0511 -71.6123
52 -33.0543 -71.6122
402 -33.0544 -71.6122
452 -33.0544 -71.6122
751 -33.0542 -71.6122
627 -33.0541 -71.6123
366 -33.0542 -71.6123
307 -33.0542 -71.6122
175 -33.0545 -71.6122
61 -33.0543 -71.6119
12 -33.0543 -71.6119
927 -33.0542 -71.6118
773 -33.0542 -71.6117
35 -33.0542 -71.6117
679 -33.0542 -71.6117
274 -33.0541 -71.6116
958 -33.0541 -71.6123
676 -33.054 -71.6114
424 -33.054 -71.6114
303 -33.0539 -71.6113
276 -33.0539 -71.6112
187 -33.0538 -71.6113
512 -33.0538 -71.6112
390 -33.0539 -71.6112
120 -33.0539 -71.6111
556 -33.0538 -71.6111
675 -33.0538 -71.6111
874 -33.0539 -71.6105
782 -33.0538 -71.6111
190 -33.0538 -71.6111
811 -33.0538 -71.6111
569 -33.0538 -71.6105
866 -33.054 -71.6105
970 -33.0568 -71.6099
132 -33.0556 -71.6094
748 -33.0556 -71.6093
259 -33.055 -71.6104
384 -33.0545 -71.6105
463 -33.0549 -71.6104
72 -33.055 -71.6104
438 -33.0546 -71.6085
888 -33.0546 -71.6085
858 -33.0546 -71.6085
168 -33.0546 -71.6085
740 -33.0545 -71.6085
922 -33.0545 -71.6085
857 -33.0544 -71.6085
46 -33.0544 -71.6085
282 -33.0544 -71.6085
422 -33.0543 -71.6085
833 -33.0543 -71.6085
472 -33.0543 -71.6085
138 -33.0543 -71.6085
555 -33.0543 -71.6085
592 -33.0542 -71.6085
478 -33.0542 -71.6085
944 -33.0542 -71.6085
219 -33.0541 -71.6085
918 -33.0541 -71.6085
810 -33.0541 -71.6085
980 -33.0541 -71.6085
772 -33.0541 -71.6085
723 -33.054 -71.6085
674 -33.0537 -71.6111
733 -33.0537 -71.6122
173 -33.0536 -71.6122
242 -33.0536 -71.6114
480 -33.0534 -71.6122
571 -33.0533 -71.6121
214 -33.0532 -71.6121
910 -33.0533 -71.6114
2 -33.0537 -71.6113
737 -33.0537 -71.6113
7 -33.0537 -71.6111
797 -33.0537 -71.6111
848 -33.0537 -71.6111
506 -33.0535 -71.611
40 -33.0535 -71.611
49 -33.0531 -71.6109
14 -33.0531 -71.6121
351 -33.0531 -71.6121
29 -33.053 -71.6121
15 -33.053 -71.6121
295 -33.0528 -71.6121
197 -33.0526 -71.6121
909 -33.0526 -71.6121
916 -33.0525 -71.6121
252 -33.0522 -71.612
299 -33.0527 -71.6116
97 -33.0529 -71.6116
578 -33.053 -71.6116
387 -33.0522 -71.612
577 -33.0522 -71.612
789 -33.0522 -71.612
212 -33.0529 -71.6108
505 -33.0536 -71.6106
540 -33.0536 -71.6085
62 -33.0536 -71.6085
26 -33.0536 -71.6106
603 -33.0529 -71.6107
601 -33.0529 -71.6107
192 -33.0535 -71.6106
156 -33.0536 -71.6085
470 -33.0537 -71.6085
984 -33.0537 -71.6085
664 -33.0537 -71.6085
503 -33.0536 -71.6085
73 -33.0536 -71.6085
350 -33.0535 -71.6085
843 -33.0535 -71.6085
224 -33.0528 -71.6106
645 -33.0527 -71.6105
89 -33.0527 -71.6105
551 -33.0527 -71.6104
681 -33.0527 -71.6104
22 -33.0527 -71.6104
575 -33.0527 -71.6103
228 -33.0525 -71.6101
600 -33.0524 -71.61
885 -33.0524 -71.6099
204 -33.0523 -71.6098
343 -33.0523 -71.6098
211 -33.0523 -71.6098
863 -33.0523 -71.6098
861 -33.0523 -71.6097
878 -33.054 -71.6085
886 -33.056 -71.6085
606 -33.0559 -71.6083
528 -33.0575 -71.6081
876 -33.0559 -71.6083
527 -33.0552 -71.6081
513 -33.0552 -71.6081
296 -33.0552 -71.6081
300 -33.0573 -71.6081
474 -33.0571 -71.608
677 -33.057 -71.608
808 -33.057 -71.608
281 -33.0567 -71.608
510 -33.0553 -71.608
129 -33.0553 -71.608
11 -33.0553 -71.608
461 -33.0552 -71.6081
535 -33.0549 -71.6083
285 -33.0549 -71.6083
473 -33.0549 -71.6083
912 -33.0549 -71.6083
873 -33.0548 -71.6084
477 -33.0548 -71.6084
705 -33.0548 -71.6083
613 -33.0549 -71.6083
929 -33.0551 -71.6082
335 -33.0551 -71.6081
400 -33.0551 -71.6081
411 -33.0551 -71.6082
223 -33.055 -71.6082
700 -33.055 -71.6082
657 -33.055 -71.6082
419 -33.0564 -71.608
63 -33.0564 -71.608
925 -33.0563 -71.608
280 -33.0563 -71.608
159 -33.0563 -71.608
903 -33.056 -71.6079
672 -33.0558 -71.6079
525 -33.056 -71.6076
112 -33.0562 -71.6075
291 -33.0569 -71.6071
441 -33.0575 -71.6047
147 -33.0566 -71.6045
331 -33.0565 -71.6073
491 -33.0564 -71.6073
870 -33.0564 -71.6045
768 -33.0562 -71.6044
581 -33.0558 -71.6078
79 -33.0554 -71.6079
332 -33.0555 -71.6079
454 -33.0555 -71.6078
499 -33.0554 -71.6079
469 -33.0553 -71.608
934 -33.0554 -71.6079
558 -33.0554 -71.6079
977 -33.0557 -71.6078
362 -33.0556 -71.6078
311 -33.0557 -71.6077
90 -33.0557 -71.6043
924 -33.0553 -71.6044
196 -33.0547 -71.6051
221 -33.055 -71.6045
225 -33.0547 -71.6085
489 -33.0539 -71.6085
662 -33.0539 -71.6085
954 -33.0539 -71.6085
769 -33.0539 -71.6085
825 -33.0537 -71.6085
458 -33.0538 -71.6085
378 -33.0538 -71.6085
715 -33.0538 -71.6085
753 -33.0537 -71.6085
261 -33.0534 -71.6085
83 -33.0547 -71.6085
622 -33.0534 -71.6085
557 -33.0534 -71.6085
381 -33.0533 -71.6084
532 -33.0533 -71.6084
110 -33.0532 -71.6084
94 -33.0532 -71.6084
746 -33.0532 -71.6084
32 -33.0529 -71.6083
923 -33.0529 -71.6083
626 -33.0529 -71.6083
706 -33.0528 -71.6083
704 -33.0522 -71.6083
840 -33.0528 -71.6083
183 -33.0528 -71.6083
158 -33.0527 -71.6082
952 -33.0527 -71.6082
690 -33.0526 -71.6082
316 -33.0526 -71.6082
137 -33.0526 -71.6082
846 -33.0526 -71.6082
328 -33.0526 -71.6082
468 -33.0525 -71.6082
126 -33.0525 -71.6082
836 -33.0525 -71.6082
714 -33.0524 -71.6081
167 -33.0524 -71.6081
136 -33.0524 -71.6081
595 -33.0526 -71.6068
98 -33.0542 -71.6067
937 -33.0532 -71.6065
78 -33.0541 -71.6047
620 -33.0531 -71.6047
256 -33.0528 -71.6067
293 -33.0523 -71.6048
169 -33.0531 -71.6047
951 -33.0523 -71.6081
471 -33.0523 -71.6081
981 -33.0523 -71.6081
502 -33.0523 -71.6081
398 -33.0522 -71.6081
671 -33.0522 -71.6082
785 -33.0522 -71.6081
757 -33.0522 -71.6081
966 -33.0522 -71.608
752 -33.0522 -71.608
181 -33.0522 -71.608
56 -33.0522 -71.6078
369 -33.0522 -71.6079
460 -33.0522 -71.6079
815 -33.0522 -71.6077
23 -33.0522 -71.612
272 -33.052 -71.612
310 -33.0518 -71.612
160 -33.0517 -71.612
998 -33.0517 -71.612
649 -33.0517 -71.612
386 -33.0515 -71.612
347 -33.0516 -71.612
986 -33.0514 -71.612
415 -33.0521 -71.6118
745 -33.0522 -71.6117
268 -33.0522 -71.6117
143 -33.0516 -71.6118
742 -33.0514 -71.6119
141 -33.0514 -71.6119
905 -33.0513 -71.6118
936 -33.0512 -71.6119
759 -33.0512 -71.6121
931 -33.0512 -71.612
151 -33.0512 -71.612
433 -33.0512 -71.6121
391 -33.0511 -71.6122
356 -33.0511 -71.6122
102 -33.0511 -71.6122
309 -33.0512 -71.6119
943 -33.0512 -71.6119
445 -33.0501 -71.6106
965 -33.0501 -71.6105
689 -33.0501 -71.6106
609 -33.0501 -71.6108
490 -33.0501 -71.6108
104 -33.0501 -71.6107
959 -33.0501 -71.6104
397 -33.0509 -71.6102
267 -33.0509 -71.6102
245 -33.0509 -71.6102
720 -33.0508 -71.6102
806 -33.0508 -71.6102
691 -33.0508 -71.6102
887 -33.0508 -71.6102
247 -33.0508 -71.6102
813 -33.0513 -71.6098
257 -33.0514 -71.6097
371 -33.0514 -71.6097
731 -33.051 -71.6101
875 -33.0506 -71.6102
554 -33.0507 -71.6102
682 -33.0506 -71.6102
67 -33.0505 -71.6102
410 -33.0505 -71.6102
921 -33.0503 -71.6102
264 -33.0505 -71.6102
616 -33.0502 -71.6103
893 -33.0501 -71.6104
41 -33.0502 -71.6104
552 -33.0502 -71.6104
667 -33.0504 -71.6102
871 -33.0504 -71.6102
184 -33.0503 -71.6101
359 -33.0504 -71.6101
567 -33.0503 -71.6101
6 -33.0502 -71.6102
289 -33.0502 -71.6101
507 -33.0501 -71.611
352 -33.05 -71.6115
543 -33.05 -71.6114
396 -33.05 -71.6114
792 -33.0499 -71.6116
841 -33.0499 -71.612
95 -33.0499 -71.6117
684 -33.0499 -71.6116
699 -33.05 -71.6113
443 -33.05 -71.6112
630 -33.05 -71.6112
777 -33.05 -71.6112
45 -33.05 -71.6112
584 -33.05 -71.6113
114 -33.0499 -71.6113
275 -33.0499 -71.6113
246 -33.0499 -71.612
932 -33.049 -71.612
439 -33.049 -71.6119
817 -33.0491 -71.6116
465 -33.049 -71.612
96 -33.0481 -71.6116
241 -33.0481 -71.6115
312 -33.0482 -71.6115
926 -33.0498 -71.6113
449 -33.0498 -71.6113
131 -33.0498 -71.6113
330 -33.0497 -71.6112
451 -33.0496 -71.6112
969 -33.0494 -71.6112
974 -33.0492 -71.6112
426 -33.05 -71.6112
135 -33.05 -71.611
37 -33.05 -71.611
953 -33.0501 -71.611
594 -33.05 -71.611
898 -33.0492 -71.6112
338 -33.0492 -71.6112
570 -33.05 -71.6111
729 -33.0493 -71.6106
995 -33.0497 -71.61
39 -33.0495 -71.6099
344 -33.0492 -71.6099
663 -33.0491 -71.6099
928 -33.0491 -71.6099
824 -33.049 -71.6099
459 -33.049 -71.6099
3 -33.0489 -71.6099
766 -33.0488 -71.6112
33 -33.0488 -71.6112
814 -33.0488 -71.6098
702 -33.0487 -71.6098
526 -33.0485 -71.6112
317 -33.0485 -71.6111
486 -33.0487 -71.6098
249 -33.0486 -71.6098
798 -33.0485 -71.6098
288 -33.0485 -71.6098
865 -33.0485 -71.6098
4 -33.0483 -71.6098
695 -33.0478 -71.6098
985 -33.0477 -71.6098
47 -33.0495 -71.6096
324 -33.0522 -71.6096
593 -33.0522 -71.6096
734 -33.0522 -71.6095
821 -33.0521 -71.6094
421 -33.0521 -71.6094
227 -33.052 -71.6093
771 -33.052 -71.6092
607 -33.052 -71.6092
736 -33.052 -71.6089
882 -33.052 -71.6089
284 -33.052 -71.6089
294 -33.052 -71.609
319 -33.052 -71.6091
199 -33.052 -71.6091
321 -33.052 -71.6091
229 -33.0519 -71.6092
997 -33.0518 -71.6093
357 -33.0519 -71.6092
498 -33.0518 -71.6091
68 -33.0518 -71.6091
670 -33.0516 -71.6095
230 -33.0517 -71.6094
375 -33.0518 -71.6093
235 -33.0518 -71.6091
233 -33.0517 -71.609
437 -33.0516 -71.6089
738 -33.0516 -71.6089
82 -33.0516 -71.6089
306 -33.0516 -71.6089
185 -33.0514 -71.6088
707 -33.0514 -71.6087
349 -33.0521 -71.6087
182 -33.0521 -71.6085
236 -33.0521 -71.6084
741 -33.0522 -71.6083
832 -33.0521 -71.6085
669 -33.0521 -71.6087
856 -33.0521 -71.6085
404 -33.0521 -71.6085
653 -33.0521 -71.6081
382 -33.0522 -71.6074
770 -33.0522 -71.6074
673 -33.0522 -71.6073
99 -33.0522 -71.6048
990 -33.0521 -71.6081
365 -33.0521 -71.6076
788 -33.0521 -71.607
624 -33.0521 -71.6076
845 -33.0516 -71.6082
406 -33.0517 -71.6081
125 -33.0517 -71.6081
243 -33.0516 -71.6082
172 -33.0515 -71.6082
16 -33.0516 -71.6082
71 -33.0516 -71.6082
417 -33.0518 -71.6081
325 -33.0518 -71.6076
244 -33.0518 -71.6064
957 -33.0515 -71.6052
564 -33.0514 -71.6059
103 -33.0513 -71.6075
358 -33.0514 -71.6059
287 -33.0513 -71.6075
623 -33.051 -71.6092
562 -33.051 -71.6086
91 -33.051 -71.6086
625 -33.051 -71.6086
776 -33.0504 -71.609
193 -33.0504 -71.609
8 -33.0509 -71.6085
534 -33.0509 -71.6085
658 -33.0509 -71.6085
395 -33.0511 -71.6085
544 -33.0512 -71.6085
203 -33.0507 -71.6085
215 -33.0506 -71.6085
867 -33.0506 -71.6085
791 -33.0502 -71.6085
566 -33.0501 -71.6084
536 -33.05 -71.6084
429 -33.05 -71.6084
270 -33.05 -71.6084
650 -33.0496 -71.6093
28 -33.0496 -71.6096
781 -33.0496 -71.6094
121 -33.0496 -71.6093
161 -33.0499 -71.6084
906 -33.0498 -71.6084
508 -33.0497 -71.6084
914 -33.0496 -71.6084
617 -33.0495 -71.6084
717 -33.0493 -71.6083
188 -33.0489 -71.6083
380 -33.0489 -71.6083
993 -33.0513 -71.6075
975 -33.051 -71.6074
65 -33.0513 -71.6059
232 -33.0508 -71.6074
339 -33.0508 -71.6074
839 -33.0506 -71.6073
149 -33.0507 -71.6066
122 -33.0513 -71.6059
388 -33.051 -71.6058
628 -33.0509 -71.6058
1 -33.0512 -71.6052
913 -33.0507 -71.6057
492 -33.0504 -71.6056
30 -33.0506 -71.605
826 -33.0505 -71.6049
895 -33.0503 -71.6073
59 -33.0489 -71.6083
568 -33.0488 -71.6083
989 -33.0503 -71.6073
618 -33.0486 -71.6083
346 -33.0484 -71.6082
559 -33.0479 -71.6082
162 -33.0477 -71.6082
308 -33.0502 -71.6072
21 -33.0501 -71.6072
896 -33.0502 -71.6056
800 -33.0502 -71.6055
194 -33.0501 -71.6072
514 -33.0497 -71.6054
533 -33.0473 -71.6042
