455 -33.0622 -71.6158
760 -33.062 -71.6158
271 -33.0619 -71.6158
907 -33.0613 -71.6159
466 -33.0609 -71.6161
290 -33.0612 -71.6159
838 -33.0613 -71.6159
619 -33.0619 -71.6158
301 -33.0625 -71.6153
978 -33.0627 -71.6151
475 -33.0626 -71.615
754 -33.0624 -71.6158
446 -33.0608 -71.6155
456 -33.0609 -71.6154
803 -33.061 -71.6154
154 -33.0607 -71.6155
145 -33.0603 -71.6163
495 -33.0604 -71.6163
166 -33.0605 -71.6162
448 -33.0601 -71.6164
930 -33.0596 -71.6166
908 -33.0597 -71.6166
171 -33.06 -71.6165
179 -33.0605 -71.6162
403 -33.0606 -71.6162
423 -33.0606 -71.6157
549 -33.0597 -71.6146
698 -33.0597 -71.6147
773 -33.0596 -71.6148
49 -33.0596 -71.6147
546 -33.0596 -71.6147
726 -33.0597 -71.6145
686 -33.0607 -71.614
483 -33.0607 -71.6139
127 -33.0608 -71.6136
123 -33.0606 -71.6141
61 -33.0606 -71.6141
467 -33.0606 -71.6141
274 -33.0606 -71.6138
917 -33.0623 -71.6135
501 -33.0622 -71.6135
118 -33.0639 -71.6133
579 -33.0621 -71.6131
762 -33.061 -71.6134
994 -33.061 -71.6134
189 -33.061 -71.6134
134 -33.0604 -71.613
424 -33.0604 -71.6141
279 -33.0602 -71.6143
945 -33.0603 -71.6143
819 -33.0603 -71.614
7 -33.0601 -71.6144
367 -33.06 -71.6144
809 -33.06 -71.6142
355 -33.0597 -71.6139
341 -33.0596 -71.6139
580 -33.0601 -71.6134
751 -33.0601 -71.6134
373 -33.0602 -71.6131
354 -33.0598 -71.6137
967 -33.0598 -71.6138
927 -33.0598 -71.6137
962 -33.0596 -71.6148
487 -33.0594 -71.6167
946 -33.0595 -71.6167
614 -33.0593 -71.6166
727 -33.0593 -71.6167
327 -33.059 -71.6169
393 -33.0591 -71.6168
506 -33.0592 -71.6168
611 -33.0595 -71.6163
711 -33.0593 -71.615
117 -33.0593 -71.6149
198 -33.0593 -71.6148
767 -33.0592 -71.615
89 -33.0591 -71.6151
450 -33.0591 -71.6145
864 -33.0591 -71.6145
128 -33.0589 -71.6169
597 -33.0587 -71.617
703 -33.0587 -71.617
504 -33.0588 -71.6169
830 -33.0587 -71.6169
585 -33.0587 -71.6169
204 -33.0586 -71.6155
600 -33.0587 -71.6154
228 -33.0589 -71.6153
488 -33.0588 -71.6148
787 -33.0589 -71.6147
797 -33.0586 -71.6146
636 -33.0586 -71.6149
860 -33.0585 -71.6148
880 -33.0585 -71.6147
565 -33.0585 -71.6147
892 -33.0591 -71.6144
844 -33.0594 -71.6141
254 -33.0594 -71.6141
405 -33.0595 -71.614
973 -33.0594 -71.6141
992 -33.0592 -71.6143
107 -33.0594 -71.6142
292 -33.0593 -71.6141
761 -33.0595 -71.614
434 -33.0595 -71.614
916 -33.0591 -71.6135
102 -33.0591 -71.6135
402 -33.0591 -71.6136
464 -33.0591 -71.6136
233 -33.0591 -71.6129
655 -33.0591 -71.6129
306 -33.0591 -71.6129
545 -33.0588 -71.6141
950 -33.0591 -71.6134
822 -33.0589 -71.6133
891 -33.0588 -71.6135
512 -33.0586 -71.6144
211 -33.0585 -71.6137
668 -33.0586 -71.6133
42 -33.0585 -71.613
942 -33.0587 -71.613
124 -33.0588 -71.6129
707 -33.0588 -71.6129
201 -33.0587 -71.613
392 -33.0587 -71.613
902 -33.0587 -71.613
69 -33.0604 -71.6129
531 -33.0632 -71.6129
238 -33.0632 -71.6129
52 -33.0626 -71.6127
286 -33.0626 -71.6127
51 -33.0626 -71.6129
958 -33.0626 -71.6127
366 -33.0625 -71.6127
57 -33.063 -71.6122
976 -33.0646 -71.6121
413 -33.0628 -71.6121
480 -33.0626 -71.612
351 -33.0624 -71.6121
14 -33.0624 -71.6121
582 -33.0623 -71.612
408 -33.0617 -71.612
370 -33.0616 -71.6121
816 -33.0609 -71.6124
679 -33.061 -71.6123
160 -33.0611 -71.6123
224 -33.0609 -71.6124
146 -33.0608 -71.6125
986 -33.0608 -71.6125
347 -33.0609 -71.6125
310 -33.0611 -71.6123
577 -33.0615 -71.6121
789 -33.0615 -71.6121
387 -33.0616 -71.6121
255 -33.0614 -71.6122
269 -33.0611 -71.6122
693 -33.0613 -71.6122
747 -33.0613 -71.6122
537 -33.0618 -71.612
733 -33.0623 -71.612
869 -33.0636 -71.6118
640 -33.0636 -71.6118
407 -33.062 -71.612
700 -33.062 -71.612
285 -33.0619 -71.6118
452 -33.0619 -71.6118
705 -33.0619 -71.6118
523 -33.0639 -71.6112
482 -33.0649 -71.6109
790 -33.064 -71.6108
11 -33.0636 -71.6108
642 -33.063 -71.6114
209 -33.0631 -71.6112
561 -33.0631 -71.6112
934 -33.0619 -71.6112
251 -33.0618 -71.612
674 -33.0618 -71.612
918 -33.0618 -71.6108
12 -33.0612 -71.6115
272 -33.0608 -71.612
307 -33.0607 -71.6116
627 -33.0609 -71.6115
297 -33.0618 -71.6108
878 -33.0618 -71.6108
474 -33.0618 -71.6108
43 -33.0618 -71.6106
489 -33.0617 -71.6107
903 -33.0614 -71.6107
740 -33.0617 -71.6107
575 -33.0607 -71.6126
150 -33.0605 -71.6129
334 -33.0599 -71.6128
70 -33.0599 -71.6128
295 -33.0598 -71.6128
661 -33.0595 -71.6128
87 -33.0595 -71.6128
837 -33.0597 -71.6128
324 -33.0599 -71.6128
641 -33.0605 -71.6128
208 -33.0601 -71.6128
200 -33.0602 -71.6128
202 -33.0601 -71.6128
414 -33.06 -71.6128
615 -33.06 -71.6128
863 -33.0601 -71.6128
607 -33.0595 -71.6128
730 -33.0592 -71.6129
919 -33.0593 -71.6129
19 -33.0594 -71.6129
738 -33.0591 -71.6129
599 -33.0591 -71.6129
437 -33.0591 -71.6129
82 -33.0591 -71.6129
265 -33.0594 -71.6129
235 -33.0594 -71.6129
771 -33.0594 -71.6129
877 -33.0595 -71.6128
498 -33.0594 -71.6129
801 -33.0592 -71.6128
742 -33.0589 -71.6128
759 -33.0605 -71.6128
309 -33.0606 -71.6127
22 -33.0606 -71.6127
603 -33.0604 -71.6121
237 -33.0603 -71.6124
991 -33.0595 -71.6125
955 -33.0595 -71.612
601 -33.0603 -71.6119
563 -33.0593 -71.6116
368 -33.0598 -71.6116
252 -33.0605 -71.6116
876 -33.0603 -71.611
376 -33.0595 -71.6111
602 -33.0595 -71.6109
998 -33.0595 -71.6109
743 -33.0595 -71.6109
298 -33.0593 -71.6116
23 -33.0592 -71.6126
303 -33.0591 -71.6125
216 -33.0592 -71.6125
386 -33.0589 -71.6127
20 -33.0589 -71.6127
29 -33.0588 -71.6126
197 -33.0585 -71.6124
676 -33.0591 -71.6122
748 -33.0589 -71.6112
706 -33.0592 -71.6112
187 -33.0592 -71.6112
259 -33.0589 -71.6112
905 -33.0588 -71.6121
560 -33.0588 -71.6117
320 -33.0585 -71.6148
66 -33.0583 -71.6174
262 -33.0583 -71.6159
431 -33.0583 -71.6157
100 -33.0581 -71.617
904 -33.0579 -71.6177
961 -33.058 -71.6176
593 -33.0581 -71.6158
343 -33.0583 -71.6151
93 -33.0581 -71.615
399 -33.0582 -71.6149
340 -33.0582 -71.6149
739 -33.0581 -71.615
177 -33.058 -71.615
148 -33.058 -71.615
430 -33.0579 -71.615
835 -33.0579 -71.6149
979 -33.0573 -71.6182
165 -33.0575 -71.618
130 -33.0575 -71.618
10 -33.0573 -71.6182
786 -33.0571 -71.6184
949 -33.0572 -71.6183
983 -33.0572 -71.6183
109 -33.0576 -71.618
364 -33.0578 -71.6178
756 -33.0578 -71.615
361 -33.0578 -71.6149
385 -33.0578 -71.6149
494 -33.0569 -71.617
964 -33.057 -71.617
783 -33.0577 -71.6149
795 -33.0582 -71.6149
632 -33.0577 -71.6149
116 -33.0583 -71.6149
812 -33.0576 -71.6149
185 -33.0575 -71.6149
749 -33.0575 -71.6149
250 -33.0575 -71.6149
678 -33.0574 -71.6149
421 -33.0583 -71.6149
734 -33.0584 -71.6148
105 -33.0583 -71.6148
721 -33.0583 -71.6148
323 -33.0582 -71.6148
163 -33.0574 -71.6149
852 -33.0573 -71.6149
500 -33.0573 -71.6148
659 -33.0573 -71.6148
574 -33.0566 -71.6148
38 -33.0572 -71.6148
106 -33.0567 -71.6148
850 -33.0566 -71.6148
884 -33.0566 -71.6148
688 -33.0566 -71.6148
550 -33.0566 -71.6148
111 -33.0571 -71.6148
75 -33.0571 -71.6148
315 -33.0571 -71.6148
144 -33.057 -71.6148
195 -33.057 -71.6148
142 -33.0567 -71.6148
496 -33.057 -71.6148
176 -33.0566 -71.6149
589 -33.0561 -71.6161
353 -33.0562 -71.6161
829 -33.0562 -71.616
708 -33.0561 -71.618
409 -33.0558 -71.618
511 -33.0558 -71.618
598 -33.0559 -71.6163
573 -33.0562 -71.616
889 -33.0561 -71.616
170 -33.0561 -71.616
416 -33.0562 -71.6159
54 -33.056 -71.6158
333 -33.056 -71.6159
113 -33.0559 -71.6159
605 -33.0558 -71.6159
639 -33.0558 -71.6159
629 -33.0553 -71.6178
710 -33.0557 -71.6167
92 -33.0557 -71.6167
427 -33.0551 -71.6179
516 -33.0544 -71.6184
509 -33.0549 -71.6182
849 -33.0551 -71.6179
987 -33.0557 -71.6165
25 -33.0558 -71.6164
155 -33.0558 -71.6159
763 -33.0555 -71.6159
794 -33.0554 -71.6159
157 -33.0554 -71.6158
938 -33.0529 -71.6158
239 -33.0561 -71.6158
652 -33.0562 -71.6151
53 -33.0562 -71.6151
999 -33.0563 -71.6151
692 -33.0561 -71.6152
453 -33.0561 -71.6156
697 -33.0561 -71.6152
479 -33.0561 -71.6152
191 -33.0563 -71.6151
13 -33.0564 -71.615
572 -33.0564 -71.615
940 -33.0565 -71.6149
859 -33.0564 -71.615
174 -33.0563 -71.6151
273 -33.0563 -71.6151
313 -33.0563 -71.615
263 -33.056 -71.6156
635 -33.0549 -71.6158
610 -33.0547 -71.6157
644 -33.0542 -71.6156
911 -33.054 -71.6156
820 -33.0529 -71.6157
205 -33.0529 -71.6157
277 -33.0529 -71.6157
764 -33.0538 -71.6156
883 -33.056 -71.6156
712 -33.056 -71.6153
217 -33.056 -71.6153
529 -33.056 -71.6154
988 -33.053 -71.6155
900 -33.056 -71.6153
412 -33.0567 -71.6148
175 -33.0584 -71.6139
571 -33.0584 -71.6138
881 -33.0583 -71.6134
521 -33.0583 -71.6134
948 -33.0582 -71.6142
551 -33.0582 -71.6142
227 -33.0582 -71.6131
210 -33.0582 -71.613
18 -33.0584 -71.613
562 -33.0584 -71.613
275 -33.0584 -71.613
658 -33.0583 -71.613
449 -33.0582 -71.613
996 -33.0582 -71.613
534 -33.0583 -71.613
963 -33.0582 -71.6131
476 -33.0581 -71.6144
68 -33.0581 -71.6144
713 -33.0581 -71.6144
389 -33.0579 -71.6139
377 -33.0577 -71.6145
885 -33.0577 -71.6144
867 -33.0575 -71.614
831 -33.0577 -71.6139
212 -33.0581 -71.6136
848 -33.0581 -71.6133
547 -33.0582 -71.6132
687 -33.0579 -71.6139
591 -33.0576 -71.6134
520 -33.0577 -71.6131
35 -33.0577 -71.6131
203 -33.0581 -71.613
645 -33.0583 -71.6127
214 -33.0583 -71.6127
842 -33.0583 -71.6126
872 -33.0583 -71.6127
775 -33.0582 -71.6127
108 -33.0582 -71.6123
442 -33.058 -71.6119
151 -33.0584 -71.6117
606 -33.0583 -71.6113
815 -33.0583 -71.6113
558 -33.0584 -71.6106
542 -33.0581 -71.6108
587 -33.058 -71.6116
770 -33.058 -71.6112
821 -33.0581 -71.6108
725 -33.058 -71.613
805 -33.058 -71.613
623 -33.058 -71.613
588 -33.0578 -71.6129
186 -33.0578 -71.6129
649 -33.0578 -71.6129
791 -33.0577 -71.6129
666 -33.0576 -71.6129
173 -33.0576 -71.6129
15 -33.058 -71.6113
569 -33.0579 -71.6113
510 -33.0577 -71.6107
638 -33.0576 -71.6129
861 -33.0575 -71.6119
681 -33.0575 -71.6116
382 -33.0575 -71.614
91 -33.0574 -71.6145
266 -33.0574 -71.6142
253 -33.0575 -71.6141
625 -33.0574 -71.6145
181 -33.0573 -71.6146
260 -33.0573 -71.6146
17 -33.0574 -71.6145
429 -33.0572 -71.6136
40 -33.0574 -71.6135
566 -33.0574 -71.6128
270 -33.0574 -71.6128
33 -33.0572 -71.6128
536 -33.0571 -71.6136
508 -33.0571 -71.6127
906 -33.0571 -71.6127
617 -33.0571 -71.6127
5 -33.057 -71.6148
304 -33.057 -71.6148
497 -33.057 -71.6148
226 -33.0569 -71.6147
24 -33.0569 -71.6147
647 -33.0569 -71.6147
890 -33.0569 -71.6147
796 -33.0569 -71.6147
115 -33.0569 -71.6147
85 -33.0568 -71.6147
161 -33.0571 -71.6135
59 -33.0561 -71.6131
618 -33.0559 -71.6131
380 -33.056 -71.6131
914 -33.057 -71.6127
683 -33.0568 -71.6126
717 -33.0567 -71.6125
188 -33.0564 -71.6124
568 -33.0563 -71.6124
851 -33.0553 -71.6124
559 -33.0555 -71.6124
758 -33.0561 -71.6123
44 -33.056 -71.6123
346 -33.0559 -71.6123
862 -33.0542 -71.6123
855 -33.0536 -71.6107
604 -33.0536 -71.6114
901 -33.0533 -71.6114
348 -33.0534 -71.6114
81 -33.0535 -71.6114
553 -33.0533 -71.6121
972 -33.0528 -71.6121
793 -33.0527 -71.6121
827 -33.0519 -71.6118
9 -33.0518 -71.6118
101 -33.0498 -71.6125
447 -33.0511 -71.6122
322 -33.0501 -71.6109
139 -33.0501 -71.6109
784 -33.0501 -71.6107
220 -33.0501 -71.6107
222 -33.0501 -71.6107
735 -33.0501 -71.6107
802 -33.0501 -71.6109
696 -33.0501 -71.6109
420 -33.0648 -71.6106
499 -33.0638 -71.6106
326 -33.0646 -71.6103
63 -33.0632 -71.61
774 -33.0631 -71.6106
818 -33.0618 -71.6105
581 -33.0617 -71.6103
858 -33.063 -71.6099
282 -33.0628 -71.6098
677 -33.0644 -71.6095
469 -33.0635 -71.6094
473 -33.063 -71.6093
715 -33.0623 -71.6096
470 -33.0621 -71.6095
422 -33.062 -71.6095
664 -33.062 -71.6094
576 -33.0617 -71.6103
458 -33.0616 -71.6105
646 -33.0616 -71.6105
879 -33.0615 -71.6103
60 -33.0615 -71.6103
26 -33.061 -71.6103
62 -33.0614 -71.6103
608 -33.0614 -71.6102
94 -33.0612 -71.6098
532 -33.0616 -71.6094
952 -33.0612 -71.6093
183 -33.0611 -71.6093
328 -33.061 -71.6093
138 -33.0605 -71.6096
970 -33.0608 -71.6096
690 -33.061 -71.6093
335 -33.0632 -71.6093
79 -33.0636 -71.6092
438 -33.0627 -71.6092
944 -33.0623 -71.6091
219 -33.0621 -71.6091
723 -33.0621 -71.6091
757 -33.0609 -71.609
714 -33.0612 -71.6089
981 -33.061 -71.6089
156 -33.0623 -71.6084
463 -33.0624 -71.6081
225 -33.0629 -71.6077
350 -33.0622 -71.6084
461 -33.061 -71.6086
72 -33.0622 -71.6085
419 -33.0617 -71.608
471 -33.0609 -71.6089
752 -33.0608 -71.6088
653 -33.0608 -71.6088
369 -33.0608 -71.6088
741 -33.0608 -71.6088
832 -33.0607 -71.6087
192 -33.0607 -71.6085
71 -33.0606 -71.6085
624 -33.0606 -71.6085
746 -33.0606 -71.6085
753 -33.0607 -71.6079
325 -33.0606 -71.6077
882 -33.0606 -71.6085
736 -33.0605 -71.6084
294 -33.0605 -71.6084
73 -33.0605 -71.6093
190 -33.0602 -71.6104
886 -33.0602 -71.6103
97 -33.0603 -71.6101
415 -33.0602 -71.6104
909 -33.0598 -71.6106
305 -33.0601 -71.6101
626 -33.06 -71.6088
132 -33.06 -71.6088
788 -33.0604 -71.6084
199 -33.0604 -71.6084
375 -33.0602 -71.6082
332 -33.0602 -71.6083
810 -33.0598 -71.6082
167 -33.0598 -71.6082
103 -33.06 -71.6081
866 -33.0596 -71.6098
765 -33.0592 -71.6104
141 -33.0593 -71.6099
143 -33.0595 -71.6098
391 -33.0589 -71.6101
657 -33.0586 -71.6101
433 -33.0583 -71.6099
362 -33.0589 -71.6095
856 -33.0587 -71.6093
236 -33.0588 -71.6088
2 -33.0592 -71.6088
554 -33.0587 -71.6083
931 -33.0587 -71.6089
257 -33.0583 -71.6087
675 -33.0584 -71.608
959 -33.0583 -71.608
242 -33.0597 -71.6079
468 -33.0601 -71.6079
888 -33.0601 -71.6078
339 -33.0597 -71.6078
846 -33.059 -71.6079
528 -33.059 -71.6079
813 -33.0596 -71.6078
215 -33.0596 -71.6078
556 -33.0603 -71.6077
997 -33.0603 -71.6077
395 -33.0602 -71.6077
287 -33.0601 -71.6077
232 -33.0596 -71.6078
229 -33.0599 -71.6078
839 -33.0595 -71.6077
21 -33.059 -71.6077
308 -33.059 -71.608
359 -33.0587 -71.6079
913 -33.0588 -71.6078
921 -33.0587 -71.6079
616 -33.0583 -71.608
289 -33.0586 -71.6079
667 -33.0587 -71.6079
871 -33.0588 -71.6078
929 -33.0589 -71.6078
299 -33.0589 -71.6078
194 -33.0589 -71.6078
682 -33.0588 -71.6078
410 -33.0588 -71.6078
264 -33.0588 -71.6078
737 -33.0599 -71.6077
400 -33.0631 -71.6075
478 -33.0622 -71.6074
833 -33.0619 -71.6069
977 -33.0617 -71.6073
398 -33.0613 -71.6077
785 -33.0612 -71.6072
836 -33.0614 -71.607
662 -33.0619 -71.6068
331 -33.0642 -71.6068
296 -33.0636 -71.6064
291 -33.0637 -71.6064
441 -33.0634 -71.6065
672 -33.0625 -71.6068
923 -33.0617 -71.6066
147 -33.0633 -71.6065
808 -33.0612 -71.6068
502 -33.0607 -71.6074
56 -33.0612 -71.6072
966 -33.0612 -71.6071
365 -33.0607 -71.6073
912 -33.0602 -71.6072
281 -33.0602 -71.607
300 -33.0606 -71.6068
321 -33.0601 -71.6067
381 -33.0611 -71.6066
159 -33.0609 -71.6065
137 -33.0609 -71.6065
925 -33.0607 -71.6064
772 -33.0601 -71.6065
243 -33.0601 -71.6065
83 -33.0601 -71.6063
557 -33.0622 -71.6063
924 -33.0639 -71.6062
90 -33.0642 -71.606
870 -33.0648 -71.606
112 -33.0632 -71.6062
592 -33.0623 -71.6062
78 -33.063 -71.6061
922 -33.0628 -71.606
769 -33.0624 -71.6056
825 -33.0622 -71.6055
857 -33.0624 -71.6055
169 -33.0621 -71.6054
620 -33.0621 -71.6054
843 -33.0621 -71.6054
622 -33.062 -71.6053
261 -33.0619 -71.6053
32 -33.0615 -71.6049
505 -33.0605 -71.6056
284 -33.0605 -71.6056
417 -33.0606 -71.6055
845 -33.0605 -71.6057
129 -33.0601 -71.6063
172 -33.0603 -71.6058
16 -33.0604 -71.6058
669 -33.0607 -71.6055
293 -33.0614 -71.6048
158 -33.0613 -71.6048
99 -33.0613 -71.6047
951 -33.0611 -71.6051
491 -33.061 -71.6055
349 -33.0607 -71.6055
46 -33.0601 -71.6072
122 -33.0592 -71.6076
731 -33.0592 -71.6076
371 -33.0593 -71.6076
989 -33.0592 -71.6076
245 -33.0591 -71.6077
806 -33.0591 -71.6076
720 -33.0591 -71.6076
397 -33.0591 -71.6075
404 -33.0595 -71.6065
954 -33.0594 -71.6064
125 -33.0594 -71.6064
378 -33.0592 -71.6068
671 -33.0591 -71.6067
267 -33.0592 -71.6064
578 -33.0592 -71.6064
280 -33.0591 -71.6075
691 -33.0591 -71.6077
887 -33.0585 -71.6069
555 -33.0587 -71.6066
980 -33.0584 -71.6067
110 -33.0584 -71.6073
182 -33.0583 -71.6071
168 -33.0584 -71.6067
126 -33.0588 -71.6066
704 -33.0588 -71.6066
67 -33.0587 -71.6066
247 -33.059 -71.6065
184 -33.0585 -71.6066
567 -33.0584 -71.6066
6 -33.0585 -71.6066
873 -33.0593 -71.6064
311 -33.06 -71.6062
230 -33.06 -71.6062
276 -33.06 -71.6062
670 -33.0599 -71.6062
910 -33.0595 -71.6064
527 -33.0592 -71.6063
8 -33.0598 -71.6063
411 -33.0599 -71.6062
120 -33.06 -71.6061
544 -33.0601 -71.6061
1 -33.0595 -71.6051
256 -33.0594 -71.6055
406 -33.0592 -71.6052
30 -33.0594 -71.6044
826 -33.0592 -71.6044
221 -33.0591 -71.6054
513 -33.0591 -71.6063
525 -33.059 -71.6063
628 -33.0587 -71.6062
223 -33.0585 -71.6062
840 -33.0584 -71.6062
782 -33.0583 -71.6062
136 -33.0582 -71.6059
984 -33.0583 -71.6058
196 -33.0587 -71.6051
957 -33.0587 -71.6051
937 -33.0586 -71.6051
149 -33.0585 -71.6049
564 -33.0583 -71.6057
595 -33.0583 -71.6051
875 -33.0582 -71.6089
372 -33.0581 -71.6105
384 -33.0577 -71.6102
745 -33.0582 -71.6101
517 -33.0576 -71.6102
673 -33.0574 -71.6106
540 -33.0575 -71.6103
336 -33.0574 -71.6101
358 -33.0573 -71.61
268 -33.058 -71.6099
975 -33.0578 -71.6099
744 -33.0574 -71.6095
915 -33.0573 -71.61
895 -33.0571 -71.6099
621 -33.057 -71.6099
65 -33.0573 -71.6096
388 -33.057 -71.6099
345 -33.0555 -71.6104
278 -33.0558 -71.6104
27 -33.0559 -71.6104
337 -33.0549 -71.6104
31 -33.0543 -71.6105
77 -33.0544 -71.6105
780 -33.0546 -71.6105
920 -33.0563 -71.6101
180 -33.0566 -71.6096
995 -33.0565 -71.6096
894 -33.0562 -71.6095
162 -33.0559 -71.6091
401 -33.0551 -71.61
133 -33.0552 -71.6098
74 -33.0554 -71.6095
454 -33.0582 -71.609
874 -33.0576 -71.6088
535 -33.0575 -71.6088
650 -33.0581 -71.6083
654 -33.0548 -71.6084
240 -33.0547 -71.6084
153 -33.0548 -71.6084
64 -33.0548 -71.6084
244 -33.058 -71.6083
811 -33.0579 -71.6083
800 -33.058 -71.6083
665 -33.0551 -71.6082
444 -33.055 -71.6082
847 -33.0549 -71.6083
76 -33.055 -71.6082
207 -33.055 -71.6082
363 -33.0547 -71.6084
457 -33.0544 -71.6085
807 -33.0544 -71.6085
956 -33.0544 -71.6085
634 -33.0544 -71.6085
231 -33.0543 -71.6085
418 -33.0543 -71.6085
119 -33.0543 -71.6085
823 -33.0543 -71.6085
178 -33.0547 -71.6085
425 -33.0547 -71.6084
828 -33.0547 -71.6084
481 -33.0547 -71.6085
234 -33.0543 -71.6085
590 -33.0542 -71.6085
701 -33.0542 -71.6085
314 -33.0535 -71.6106
394 -33.0535 -71.6106
834 -33.0536 -71.6105
660 -33.0535 -71.6106
755 -33.051 -71.6101
55 -33.0512 -71.6099
152 -33.0512 -71.6099
722 -33.0512 -71.6099
383 -33.0519 -71.6092
694 -33.0519 -71.6092
48 -33.052 -71.6089
716 -33.0518 -71.6093
724 -33.0512 -71.6099
530 -33.0513 -71.6098
968 -33.0516 -71.6095
939 -33.0509 -71.6102
643 -33.0508 -71.6102
732 -33.0508 -71.6102
484 -33.0507 -71.6102
360 -33.0502 -71.6102
633 -33.0501 -71.6106
982 -33.0501 -71.6105
718 -33.0502 -71.6104
583 -33.0506 -71.6102
935 -33.0504 -71.6102
493 -33.0505 -71.6102
88 -33.0504 -71.6101
485 -33.0504 -71.6101
80 -33.0503 -71.6102
34 -33.0503 -71.6101
933 -33.052 -71.6088
680 -33.0542 -71.6085
728 -33.054 -71.6085
637 -33.054 -71.6085
0 -33.054 -71.6085
462 -33.0536 -71.6085
374 -33.0535 -71.6085
515 -33.0535 -71.6085
538 -33.0538 -71.6085
648 -33.0537 -71.6085
302 -33.0534 -71.6085
432 -33.0534 -71.6085
612 -33.0532 -71.6084
960 -33.0531 -71.6084
218 -33.0531 -71.6084
519 -33.053 -71.6083
586 -33.053 -71.6083
778 -33.0529 -71.6083
541 -33.0529 -71.6083
854 -33.0529 -71.6083
206 -33.0522 -71.6083
283 -33.052 -71.6088
440 -33.0521 -71.6085
799 -33.0512 -71.6084
84 -33.0528 -71.6083
631 -33.0528 -71.6083
436 -33.0528 -71.6083
36 -33.0527 -71.6082
868 -33.0526 -71.6082
50 -33.0526 -71.6082
853 -33.0522 -71.6082
37 -33.0578 -71.6082
28 -33.0579 -71.6082
490 -33.058 -71.6081
609 -33.058 -71.6081
594 -33.0578 -71.6082
570 -33.0577 -71.6082
39 -33.0577 -71.6082
630 -33.0577 -71.6081
896 -33.0582 -71.6081
965 -33.0582 -71.6081
445 -33.0581 -71.6079
993 -33.0581 -71.6078
613 -33.0577 -71.6073
193 -33.0577 -71.6076
319 -33.0577 -71.6076
390 -33.0577 -71.6072
45 -33.0577 -71.6081
699 -33.0576 -71.6081
514 -33.0576 -71.6081
893 -33.0575 -71.6081
426 -33.0575 -71.6081
584 -33.0575 -71.6081
131 -33.0574 -71.6081
114 -33.0574 -71.6081
684 -33.0573 -71.6081
663 -33.0572 -71.608
330 -33.0572 -71.608
451 -33.0571 -71.608
824 -33.0571 -71.608
814 -33.057 -71.608
3 -33.057 -71.608
459 -33.057 -71.6071
95 -33.057 -71.607
104 -33.058 -71.6067
41 -33.0581 -71.6067
552 -33.0582 -71.6067
689 -33.058 -71.6067
953 -33.0577 -71.6068
47 -33.0577 -71.6068
135 -33.0578 -71.6068
503 -33.0578 -71.6066
492 -33.058 -71.6063
990 -33.058 -71.6062
477 -33.058 -71.6059
460 -33.0578 -71.6058
357 -33.0578 -71.6062
316 -33.0577 -71.6058
776 -33.0578 -71.6046
768 -33.0576 -71.6049
344 -33.0573 -71.6069
396 -33.0573 -71.6069
936 -33.0573 -71.6069
352 -33.0573 -71.6069
928 -33.0571 -71.607
356 -33.0571 -71.607
943 -33.0572 -71.607
926 -33.0574 -71.6069
777 -33.0575 -71.6069
472 -33.0575 -71.6061
98 -33.0575 -71.6051
443 -33.0574 -71.6069
543 -33.0574 -71.6069
121 -33.057 -71.6046
486 -33.0569 -71.608
249 -33.0568 -71.608
288 -33.0568 -71.608
798 -33.0568 -71.608
338 -33.0567 -71.608
865 -33.0567 -71.608
974 -33.0567 -71.608
524 -33.0567 -71.608
4 -33.0565 -71.608
817 -33.0563 -71.608
750 -33.0563 -71.608
539 -33.0562 -71.608
439 -33.0562 -71.608
526 -33.0562 -71.6079
317 -33.0561 -71.6079
932 -33.0561 -71.6079
465 -33.0561 -71.6079
548 -33.0551 -71.6082
522 -33.0551 -71.6082
86 -33.0552 -71.6081
709 -33.0551 -71.6082
941 -33.0524 -71.6081
897 -33.0524 -71.6081
213 -33.0524 -71.6081
140 -33.0523 -71.6081
804 -33.0553 -71.608
596 -33.0554 -71.6079
947 -33.0554 -71.6079
518 -33.0553 -71.608
318 -33.0522 -71.6081
685 -33.0553 -71.608
96 -33.0554 -71.6079
379 -33.0563 -71.6075
164 -33.0561 -71.6075
766 -33.0563 -71.6074
695 -33.056 -71.6079
258 -33.056 -71.6079
985 -33.0558 -71.6079
428 -33.0558 -71.6076
898 -33.0566 -71.6072
841 -33.0568 -71.6071
246 -33.0569 -71.6071
969 -33.0569 -71.6071
781 -33.0567 -71.6046
702 -33.0567 -71.6072
792 -33.0558 -71.6044
507 -33.0562 -71.6044
729 -33.0558 -71.6045
58 -33.0558 -71.6079
656 -33.0557 -71.6078
329 -33.0556 -71.6078
779 -33.0555 -71.6078
241 -33.0555 -71.6079
719 -33.0555 -71.6079
342 -33.0555 -71.6079
312 -33.0556 -71.6078
651 -33.0558 -71.6076
899 -33.0538 -71.606
533 -33.0558 -71.6043
248 -33.0533 -71.6064
435 -33.0522 -71.6077
971 -33.0532 -71.6065
