883 -33.0552 -71.6215
978 -33.0572 -71.6183
549 -33.0565 -71.6182
109 -33.0551 -71.6212
217 -33.0551 -71.621
697 -33.0551 -71.621
479 -33.0551 -71.621
367 -33.0575 -71.6181
189 -33.0575 -71.618
301 -33.0555 -71.6179
542 -33.0554 -71.6176
361 -33.0553 -71.6176
698 -33.0551 -71.6179
754 -33.0551 -71.6178
69 -33.0553 -71.6177
979 -33.0551 -71.6217
53 -33.0551 -71.6209
961 -33.055 -71.6208
313 -33.055 -71.6207
829 -33.055 -71.6219
589 -33.0548 -71.6221
786 -33.0549 -71.622
940 -33.0549 -71.6205
176 -33.0548 -71.6205
587 -33.055 -71.6181
455 -33.055 -71.618
373 -33.055 -71.6179
216 -33.055 -71.6181
919 -33.0548 -71.6184
809 -33.0549 -71.6182
760 -33.0549 -71.6182
42 -33.0554 -71.6175
475 -33.0589 -71.6169
407 -33.0562 -71.616
389 -33.0562 -71.616
537 -33.056 -71.6162
255 -33.0558 -71.6164
370 -33.0559 -71.6163
408 -33.0559 -71.6163
743 -33.0561 -71.616
450 -33.0561 -71.6158
822 -33.0561 -71.6158
582 -33.0561 -71.6157
476 -33.056 -71.6159
251 -33.0559 -71.6159
955 -33.0558 -71.6159
726 -33.0557 -71.6159
376 -33.0557 -71.6168
816 -33.0556 -71.6171
881 -33.0556 -71.617
279 -33.0556 -71.6159
134 -33.0556 -71.6171
271 -33.0548 -71.6173
123 -33.0556 -71.6159
602 -33.0555 -71.6159
107 -33.0555 -71.6159
693 -33.0554 -71.6159
520 -33.0554 -71.6158
269 -33.0553 -71.6158
146 -33.055 -71.6158
442 -33.055 -71.6158
580 -33.0549 -71.6158
550 -33.0548 -71.6203
598 -33.0547 -71.6222
66 -33.0548 -71.6203
142 -33.0547 -71.6203
25 -33.0546 -71.6225
710 -33.0545 -71.6227
92 -33.0545 -71.6227
987 -33.0545 -71.6226
85 -33.0547 -71.6203
5 -33.0545 -71.6202
497 -33.0545 -71.6202
647 -33.0545 -71.6202
115 -33.0545 -71.6202
796 -33.0545 -71.6202
890 -33.0545 -71.6202
226 -33.0544 -71.6201
703 -33.0544 -71.6201
849 -33.0543 -71.6243
38 -33.0543 -71.6201
315 -33.0543 -71.6201
629 -33.0543 -71.624
409 -33.0543 -71.6233
500 -33.0542 -71.62
327 -33.0542 -71.62
678 -33.0541 -71.6199
260 -33.054 -71.6198
487 -33.0538 -71.6197
266 -33.0537 -71.6196
253 -33.0536 -71.6196
930 -33.0536 -71.6196
177 -33.0535 -71.6195
880 -33.0535 -71.619
377 -33.0545 -71.6189
210 -33.0544 -71.6189
761 -33.0544 -71.6184
434 -33.0544 -71.6184
838 -33.0543 -71.6184
973 -33.0542 -71.6184
198 -33.0542 -71.6184
844 -33.0543 -71.6184
341 -33.0545 -71.6184
803 -33.0547 -71.6184
355 -33.0547 -71.6184
456 -33.0547 -71.6184
150 -33.0546 -71.6157
641 -33.0545 -71.6157
488 -33.0542 -71.6157
819 -33.0542 -71.6157
713 -33.0542 -71.6184
179 -33.0538 -71.6188
323 -33.0535 -71.6187
166 -33.0535 -71.6186
687 -33.0533 -71.6188
448 -33.0532 -71.6188
831 -33.0532 -71.6188
431 -33.0532 -71.6188
495 -33.0535 -71.6185
891 -33.054 -71.6184
775 -33.0542 -71.6184
290 -33.0542 -71.6168
767 -33.054 -71.6184
547 -33.0539 -71.6184
466 -33.0539 -71.6184
963 -33.0561 -71.6156
945 -33.0585 -71.6152
297 -33.0578 -71.6149
561 -33.0576 -71.6149
483 -33.0573 -71.6149
560 -33.0573 -71.6149
531 -33.0573 -71.6149
501 -33.0573 -71.6148
482 -33.0584 -71.6148
842 -33.0573 -71.6148
976 -33.0585 -71.6148
118 -33.0586 -71.6147
774 -33.0572 -71.6148
124 -33.0572 -71.6148
994 -33.0572 -71.6148
640 -33.0568 -71.6147
608 -33.0568 -71.6147
127 -33.056 -71.6156
668 -33.0562 -71.6151
57 -33.0563 -71.6151
686 -33.056 -71.6153
18 -33.056 -71.6155
765 -33.056 -71.6154
413 -33.0559 -71.6153
646 -33.0564 -71.615
869 -33.0567 -71.6148
20 -33.0567 -71.6148
950 -33.0568 -71.6147
60 -33.0566 -71.6148
286 -33.0565 -71.6149
818 -33.0565 -71.6149
879 -33.0566 -71.6149
464 -33.0568 -71.6147
326 -33.0582 -71.613
790 -33.0584 -71.613
420 -33.0581 -71.613
948 -33.0581 -71.6143
991 -33.0577 -71.6139
872 -33.0579 -71.6139
414 -33.0581 -71.613
19 -33.0586 -71.613
576 -33.0579 -71.6129
521 -33.0579 -71.6129
43 -33.0579 -71.6129
354 -33.0579 -71.6129
747 -33.0579 -71.6129
917 -33.0575 -71.6128
579 -33.0574 -71.6128
368 -33.0573 -71.6128
467 -33.0567 -71.6133
523 -33.057 -71.6127
298 -33.0568 -71.6126
619 -33.0566 -71.6132
962 -33.0559 -71.6131
154 -33.0562 -71.6131
238 -33.0566 -71.6125
237 -33.0565 -71.6124
967 -33.0564 -71.6124
305 -33.0563 -71.6124
563 -33.0559 -71.6123
209 -33.0559 -71.6123
642 -33.0558 -71.6123
51 -33.0558 -71.6123
591 -33.0558 -71.6131
762 -33.0555 -71.6155
636 -33.0556 -71.6131
175 -33.0552 -71.6131
61 -33.055 -71.613
105 -33.0549 -71.6151
405 -33.0548 -71.6151
907 -33.0548 -71.6151
173 -33.0553 -71.6124
733 -33.0554 -71.6124
12 -33.0551 -71.6124
480 -33.055 -71.6124
927 -33.055 -71.6124
214 -33.0549 -71.6124
679 -33.0549 -71.6124
35 -33.0549 -71.6124
14 -33.0548 -71.6124
446 -33.0544 -71.6148
403 -33.0542 -71.6146
423 -33.0541 -71.6146
145 -33.0539 -71.6144
730 -33.0534 -71.6155
546 -33.0532 -71.6155
171 -33.0535 -71.6142
611 -33.0533 -71.6141
571 -33.0548 -71.6128
773 -33.0548 -71.6128
274 -33.0547 -71.6128
424 -33.0545 -71.6126
711 -33.0532 -71.614
512 -33.0543 -71.6124
351 -33.0548 -71.6124
452 -33.0554 -71.6124
29 -33.0547 -71.6124
402 -33.0555 -71.6123
15 -33.0547 -71.6124
676 -33.0546 -71.6124
295 -33.0545 -71.6124
303 -33.0545 -71.6123
52 -33.0557 -71.6123
627 -33.0558 -71.6123
751 -33.0558 -71.6123
366 -33.0558 -71.6123
307 -33.0557 -71.6123
958 -33.0557 -71.6123
909 -33.0543 -71.6123
197 -33.0543 -71.6123
40 -33.0542 -71.6122
7 -33.0542 -71.6124
674 -33.0542 -71.6123
506 -33.0542 -71.6122
848 -33.0542 -71.6123
797 -33.0541 -71.6123
916 -33.0541 -71.6123
387 -33.0539 -71.6122
252 -33.0539 -71.6122
789 -33.0539 -71.6122
577 -33.0539 -71.6122
23 -33.0539 -71.6122
272 -33.0537 -71.6122
310 -33.0535 -71.6122
160 -33.0534 -71.6122
340 -33.0531 -71.6187
116 -33.053 -71.6187
262 -33.053 -71.6187
399 -33.053 -71.6187
632 -33.0525 -71.6186
727 -33.0525 -71.6186
614 -33.0524 -71.6186
250 -33.0523 -71.6186
393 -33.0523 -71.6186
17 -33.0523 -71.6186
163 -33.0521 -71.6185
852 -33.0521 -71.6185
830 -33.052 -71.6185
128 -33.052 -71.6185
504 -33.052 -71.6185
111 -33.0519 -71.6185
144 -33.0519 -71.6184
101 -33.0502 -71.6209
633 -33.0494 -71.6194
999 -33.0512 -71.6186
447 -33.0494 -71.6192
34 -33.0494 -71.6189
935 -33.0494 -71.6187
493 -33.0494 -71.6186
859 -33.0512 -71.6184
597 -33.0518 -71.6184
412 -33.0515 -71.6184
364 -33.0509 -71.6181
904 -33.0509 -71.6181
130 -33.0505 -71.618
165 -33.0504 -71.6179
983 -33.0501 -71.6178
10 -33.0501 -71.6178
908 -33.0528 -71.6159
721 -33.0528 -71.6159
892 -33.0529 -71.6158
545 -33.0527 -71.6159
864 -33.0527 -71.6159
787 -33.0527 -71.6158
850 -33.0504 -71.6158
884 -33.0503 -71.6158
946 -33.0526 -71.6158
574 -33.0505 -71.6157
812 -33.0529 -71.6157
106 -33.0505 -71.6157
688 -33.0504 -71.6158
572 -33.0502 -71.6158
13 -33.0501 -71.6157
949 -33.05 -71.6178
263 -33.0496 -71.6161
453 -33.0496 -71.6161
529 -33.0497 -71.616
239 -33.0495 -71.6162
573 -33.0493 -71.6165
889 -33.0493 -71.6165
416 -33.0494 -71.6165
712 -33.0497 -71.6159
191 -33.05 -71.6157
174 -33.05 -71.6157
273 -33.05 -71.6157
652 -33.05 -71.6157
900 -33.0497 -71.6158
692 -33.0498 -71.6157
732 -33.0492 -71.6183
764 -33.0483 -71.6188
509 -33.0483 -71.6187
583 -33.0483 -71.6187
485 -33.0483 -71.6189
718 -33.0481 -71.6193
360 -33.0481 -71.6193
80 -33.0482 -71.619
911 -33.0484 -71.6186
939 -33.0485 -71.6184
755 -33.0485 -71.6182
55 -33.0485 -71.6182
644 -33.0485 -71.6184
484 -33.0484 -71.6185
427 -33.0484 -71.6185
9 -33.0485 -71.6184
516 -33.0479 -71.6195
277 -33.0477 -71.6198
802 -33.0477 -71.6198
322 -33.0477 -71.6198
139 -33.0477 -71.6199
205 -33.0477 -71.6199
820 -33.0477 -71.6199
938 -33.0477 -71.6199
735 -33.0478 -71.6197
988 -33.0478 -71.6196
696 -33.0478 -71.6196
222 -33.0479 -71.6196
982 -33.0472 -71.6183
220 -33.0471 -71.6187
784 -33.0471 -71.6187
530 -33.0486 -71.6179
799 -33.049 -71.6167
605 -33.049 -71.6167
639 -33.049 -71.6167
383 -33.0489 -71.6169
694 -33.0489 -71.617
794 -33.0489 -71.617
763 -33.0489 -71.6169
155 -33.049 -71.6167
170 -33.0492 -71.6165
333 -33.0491 -71.6165
206 -33.0491 -71.6161
440 -33.0491 -71.6163
901 -33.049 -71.6166
113 -33.049 -71.6165
283 -33.0491 -71.6165
716 -33.0489 -71.617
511 -33.0487 -71.6176
635 -33.0487 -71.6176
708 -33.0489 -71.6176
610 -33.0486 -71.6179
722 -33.0486 -71.6179
152 -33.0486 -71.6179
88 -33.0474 -71.6178
643 -33.0475 -71.6174
157 -33.0489 -71.6171
793 -33.0479 -71.6163
972 -33.0479 -71.6162
968 -33.0478 -71.6164
827 -33.0476 -71.6172
724 -33.0477 -71.6168
318 -33.0492 -71.6157
992 -33.0529 -71.6157
565 -33.0522 -71.6157
860 -33.0522 -71.6157
320 -33.0521 -71.6156
795 -33.0519 -71.6156
93 -33.0517 -71.6156
148 -33.0516 -71.6156
430 -33.0515 -71.6156
117 -33.053 -71.6155
292 -33.053 -71.6155
254 -33.053 -71.6155
585 -33.0523 -71.6134
835 -33.0521 -71.6133
739 -33.0519 -71.6132
100 -33.0518 -71.6131
756 -33.0515 -71.6156
385 -33.0514 -71.6156
783 -33.0514 -71.6156
496 -33.0507 -71.6155
75 -33.0507 -71.6155
195 -33.0506 -71.6155
304 -33.0505 -71.6155
956 -33.0497 -71.6131
749 -33.0513 -71.6131
659 -33.0511 -71.6131
588 -33.051 -71.6131
186 -33.0511 -71.6131
894 -33.0509 -71.6131
638 -33.0508 -71.6131
666 -33.0508 -71.6131
24 -33.0507 -71.6131
920 -33.0507 -71.6131
964 -33.0507 -71.6131
805 -33.0511 -71.613
180 -33.0511 -71.613
494 -33.0503 -71.613
278 -33.0502 -71.613
27 -33.0501 -71.613
74 -33.0501 -71.613
683 -33.0499 -71.6129
902 -33.0511 -71.6122
336 -33.0511 -71.6122
392 -33.0511 -71.6122
915 -33.0511 -71.6124
133 -33.0499 -71.6129
996 -33.0511 -71.6128
621 -33.0511 -71.6127
709 -33.0498 -71.6123
345 -33.0498 -71.6129
363 -33.0497 -71.6128
240 -33.0497 -71.6128
425 -33.0497 -71.6129
401 -33.0497 -71.613
481 -33.0497 -71.6129
828 -33.0497 -71.6129
64 -33.0498 -71.6127
548 -33.0498 -71.6124
665 -33.0498 -71.6123
522 -33.0498 -71.6123
207 -33.0498 -71.6124
654 -33.0498 -71.6126
76 -33.0498 -71.6124
457 -33.0497 -71.6132
660 -33.0493 -71.6152
631 -33.0493 -71.6151
834 -33.0493 -71.615
394 -33.0493 -71.6152
897 -33.0492 -71.6156
36 -33.0493 -71.6153
868 -33.0493 -71.6153
854 -33.0493 -71.615
374 -33.0494 -71.6143
462 -33.0495 -71.6142
77 -33.0495 -71.6141
302 -33.0494 -71.6143
586 -33.0493 -71.6149
612 -33.0494 -71.6146
432 -33.0494 -71.6144
213 -33.0492 -71.6156
81 -33.0481 -71.6153
604 -33.0482 -71.6152
853 -33.0483 -71.6147
348 -33.0481 -71.6154
553 -33.0481 -71.6155
48 -33.0481 -71.6155
933 -33.0481 -71.6155
140 -33.0483 -71.6147
435 -33.0484 -71.6143
314 -33.0484 -71.6141
84 -33.0484 -71.6141
50 -33.0484 -71.6144
862 -33.0483 -71.6145
941 -33.0483 -71.6145
855 -33.0484 -71.6141
701 -33.0496 -71.6135
680 -33.0496 -71.6134
234 -33.0496 -71.6134
337 -33.0496 -71.6135
780 -33.0495 -71.6139
637 -33.0495 -71.6138
0 -33.0496 -71.6137
758 -33.0493 -71.6129
44 -33.049 -71.6129
353 -33.0491 -71.6129
823 -33.0489 -71.6122
231 -33.0489 -71.6122
971 -33.0489 -71.6123
418 -33.0489 -71.6123
119 -33.0489 -71.6122
590 -33.0489 -71.6123
218 -33.0485 -71.6138
960 -33.0485 -71.6136
851 -33.0486 -71.6133
519 -33.0485 -71.6138
778 -33.0485 -71.614
541 -33.0485 -71.614
436 -33.0485 -71.6139
515 -33.0486 -71.6133
538 -33.0488 -71.6128
728 -33.0488 -71.6127
248 -33.0489 -71.6123
648 -33.0487 -71.6129
31 -33.0487 -71.613
54 -33.0487 -71.6129
998 -33.0534 -71.6122
970 -33.0584 -71.6105
384 -33.0561 -71.6102
463 -33.0565 -71.61
866 -33.0557 -71.6105
190 -33.0546 -71.6104
569 -33.0554 -71.6104
26 -33.0551 -71.6104
72 -33.0566 -71.61
259 -33.0566 -71.61
748 -33.0569 -71.6098
132 -33.0572 -71.6094
886 -33.056 -71.6095
874 -33.0553 -71.6097
606 -33.0559 -71.6095
876 -33.0558 -71.6095
49 -33.0544 -71.6121
212 -33.0543 -71.6118
603 -33.0542 -71.6118
601 -33.0542 -71.6117
224 -33.0542 -71.6116
645 -33.0541 -71.6116
89 -33.0541 -71.6115
551 -33.0541 -71.6115
575 -33.0541 -71.6115
22 -33.054 -71.6114
2 -33.0542 -71.6105
187 -33.0543 -71.6105
228 -33.0539 -71.6112
268 -33.0538 -71.6113
745 -33.0538 -71.6113
681 -33.0538 -71.611
558 -33.0558 -71.6091
510 -33.056 -71.609
535 -33.0562 -71.6086
32 -33.0545 -71.6085
706 -33.0545 -71.6085
923 -33.0545 -71.6085
626 -33.0545 -71.6085
183 -33.0545 -71.6085
840 -33.0544 -71.6085
952 -33.0544 -71.6085
158 -33.0543 -71.6085
690 -33.0543 -71.6085
316 -33.0543 -71.6085
137 -33.0543 -71.6085
846 -33.0543 -71.6085
328 -33.0542 -71.6085
468 -33.0542 -71.6085
126 -33.0542 -71.6085
836 -33.0541 -71.6085
714 -33.0541 -71.6085
167 -33.0541 -71.6085
951 -33.054 -71.6085
136 -33.054 -71.6085
471 -33.0539 -71.6085
502 -33.0539 -71.6085
757 -33.0539 -71.6085
981 -33.0539 -71.6085
398 -33.0538 -71.6085
785 -33.0538 -71.6085
671 -33.0538 -71.6085
966 -33.0538 -71.6085
752 -33.0538 -71.6085
415 -33.0537 -71.6113
600 -33.0537 -71.6112
885 -33.0537 -71.6111
204 -33.0536 -71.6111
649 -33.0534 -71.6122
343 -33.0536 -71.6111
211 -33.0535 -71.6111
863 -33.0535 -71.611
299 -33.0537 -71.6108
97 -33.0535 -71.6106
578 -33.0535 -71.6105
861 -33.0534 -71.611
324 -33.0533 -71.611
593 -33.0533 -71.611
910 -33.0534 -71.6101
143 -33.0533 -71.6115
347 -33.0533 -71.6121
734 -33.0533 -71.6109
821 -33.0532 -71.6109
386 -33.0532 -71.6121
986 -33.0531 -71.6121
742 -33.0531 -71.6121
421 -33.0532 -71.6109
242 -33.0532 -71.6098
737 -33.0532 -71.6097
276 -33.0531 -71.6095
120 -33.0531 -71.6094
390 -33.0531 -71.6093
782 -33.0531 -71.6093
556 -33.0531 -71.6093
675 -33.0531 -71.6093
990 -33.0536 -71.6085
741 -33.0536 -71.6085
653 -33.0537 -71.6085
236 -33.0536 -71.6085
815 -33.0535 -71.6085
182 -33.0535 -71.6085
404 -33.0535 -71.6085
856 -33.0535 -71.6085
704 -33.0537 -71.6085
56 -33.0537 -71.6085
460 -33.0538 -71.6085
369 -33.0537 -71.6085
832 -33.0535 -71.6085
365 -33.0534 -71.6085
669 -33.0534 -71.6085
624 -33.0534 -71.6085
505 -33.0533 -71.6089
417 -33.0534 -71.6085
349 -33.0533 -71.6085
192 -33.0533 -71.6089
811 -33.0531 -71.6093
673 -33.0533 -71.6084
770 -33.0533 -71.6084
125 -33.0533 -71.6084
284 -33.0532 -71.6084
243 -33.0532 -71.6084
845 -33.0532 -71.6084
882 -33.0532 -71.6084
71 -33.0532 -71.6084
325 -33.0532 -71.6084
736 -33.0531 -71.6084
280 -33.058 -71.6081
63 -33.058 -71.6081
419 -33.058 -71.6081
925 -33.058 -71.6081
159 -33.058 -71.6081
903 -33.0576 -71.6081
672 -33.0575 -71.6081
581 -33.0574 -71.6081
977 -33.0573 -71.6081
281 -33.0583 -71.608
528 -33.059 -71.6079
362 -33.0573 -71.608
454 -33.0572 -71.608
332 -33.0572 -71.608
499 -33.0571 -71.608
79 -33.0571 -71.608
934 -33.057 -71.608
469 -33.057 -71.608
11 -33.0569 -71.608
461 -33.0568 -71.608
335 -33.0567 -71.608
400 -33.0568 -71.608
929 -33.0567 -71.608
700 -33.0566 -71.608
657 -33.0566 -71.608
473 -33.0565 -71.608
285 -33.0565 -71.608
912 -33.0565 -71.608
705 -33.0564 -71.608
225 -33.0562 -71.608
438 -33.0561 -71.6079
858 -33.0561 -71.6079
808 -33.0586 -71.6079
474 -33.0587 -71.6079
300 -33.059 -71.6077
677 -33.0586 -71.6079
311 -33.0572 -71.6069
525 -33.0575 -71.6068
112 -33.0578 -71.6068
491 -33.058 -71.6067
331 -33.0582 -71.6067
291 -33.0585 -71.6066
441 -33.0591 -71.6042
147 -33.0581 -71.6044
768 -33.0576 -71.6049
90 -33.0573 -71.6048
870 -33.058 -71.6044
924 -33.0569 -71.6046
613 -33.0564 -71.6075
477 -33.0563 -71.6074
223 -33.0565 -71.6073
873 -33.0562 -71.6074
888 -33.0561 -71.6079
168 -33.0561 -71.6079
83 -33.0561 -71.6075
411 -33.0566 -71.6073
527 -33.0567 -71.6072
129 -33.0567 -71.6072
296 -33.0568 -71.6072
513 -33.0567 -71.6072
221 -33.0567 -71.6045
196 -33.0562 -71.6044
740 -33.056 -71.6079
156 -33.0552 -71.6081
540 -33.0552 -71.6081
984 -33.0553 -71.608
73 -33.0552 -71.6081
843 -33.0551 -71.6081
350 -33.0551 -71.6081
62 -33.0552 -71.6081
470 -33.0553 -71.608
458 -33.0553 -71.608
715 -33.0554 -71.608
954 -33.0555 -71.6079
378 -33.0553 -71.608
664 -33.0553 -71.608
825 -33.0553 -71.608
753 -33.0553 -71.608
503 -33.0551 -71.6081
294 -33.0531 -71.6084
16 -33.0531 -71.6084
746 -33.0548 -71.6084
172 -33.0531 -71.6084
199 -33.0531 -71.6084
319 -33.053 -71.6084
321 -33.053 -71.6083
94 -33.0549 -71.6083
557 -33.055 -71.6082
261 -33.055 -71.6082
622 -33.055 -71.6082
381 -33.0549 -71.6083
110 -33.0549 -71.6083
532 -33.0549 -71.6083
489 -33.0555 -71.6079
46 -33.0559 -71.6079
282 -33.0559 -71.6079
422 -33.0559 -71.6079
833 -33.0559 -71.6079
138 -33.0558 -71.6079
555 -33.0558 -71.6079
478 -33.0558 -71.6078
944 -33.0557 -71.6078
472 -33.0558 -71.6076
857 -33.0558 -71.6076
922 -33.056 -71.6076
592 -33.0557 -71.6078
810 -33.0557 -71.6078
918 -33.0556 -71.6078
78 -33.0557 -71.6043
219 -33.0556 -71.6078
878 -33.0555 -71.6078
772 -33.0556 -71.6078
980 -33.0556 -71.6078
723 -33.0555 -71.6078
769 -33.0555 -71.6079
662 -33.0555 -71.6079
595 -33.054 -71.6059
98 -33.054 -71.6058
937 -33.0546 -71.6053
169 -33.0548 -71.6045
620 -33.0548 -71.6045
256 -33.0541 -71.6057
99 -33.0538 -71.6048
293 -33.054 -71.6047
141 -33.053 -71.6116
309 -33.0529 -71.6121
151 -33.0527 -71.6121
759 -33.0527 -71.6121
905 -33.0527 -71.6121
102 -33.0526 -71.6121
108 -33.0525 -71.6121
200 -33.0524 -71.6121
208 -33.0524 -71.6121
433 -33.0526 -71.6116
931 -33.0527 -71.6116
943 -33.0528 -71.6116
391 -33.0526 -71.6117
202 -33.0523 -71.6121
615 -33.0523 -71.612
356 -33.0526 -71.6117
334 -33.0521 -71.612
70 -33.0521 -71.612
837 -33.052 -71.612
801 -33.0518 -71.612
87 -33.0518 -71.612
942 -33.0512 -71.6121
201 -33.0512 -71.6121
661 -33.0518 -71.612
725 -33.0517 -71.612
877 -33.0517 -71.612
265 -33.0516 -71.612
372 -33.0517 -71.6118
655 -33.0514 -71.612
599 -33.0514 -71.612
744 -33.0512 -71.6119
517 -33.0512 -71.6119
936 -33.0529 -71.6116
227 -33.053 -71.6108
771 -33.053 -71.6108
607 -33.053 -71.6108
498 -33.0529 -71.6107
235 -33.0529 -71.6107
68 -33.0529 -71.6107
233 -33.0527 -71.6105
437 -33.0527 -71.6105
738 -33.0527 -71.6104
82 -33.0527 -71.6104
306 -33.0527 -71.6104
185 -33.0526 -71.6102
707 -33.0525 -71.6101
562 -33.0523 -71.6098
181 -33.0523 -71.6098
625 -33.0523 -71.6097
275 -33.0515 -71.6114
449 -33.0515 -71.6114
953 -33.0511 -71.61
135 -33.0511 -71.61
45 -33.051 -71.6101
570 -33.051 -71.6101
594 -33.0511 -71.61
37 -33.0511 -71.61
104 -33.0513 -71.6098
689 -33.0513 -71.6098
445 -33.0514 -71.6097
609 -33.0513 -71.6098
995 -33.0512 -71.6099
490 -33.0512 -71.6099
777 -33.051 -71.6101
656 -33.05 -71.6115
33 -33.0504 -71.6113
651 -33.0499 -71.6113
329 -33.0499 -71.6117
86 -33.0498 -71.6121
518 -33.0499 -71.6121
804 -33.0499 -71.612
58 -33.0499 -71.6113
317 -33.05 -71.6111
932 -33.05 -71.611
526 -33.05 -71.611
428 -33.05 -71.6112
342 -33.0497 -71.6112
258 -33.05 -71.6112
465 -33.05 -71.6111
719 -33.0497 -71.6112
899 -33.0491 -71.6114
444 -33.0491 -71.6113
312 -33.0496 -71.6112
847 -33.0491 -71.6115
807 -33.0489 -71.6121
178 -33.049 -71.6118
153 -33.049 -71.6118
241 -33.0496 -71.6112
779 -33.0496 -71.6112
596 -33.0495 -71.6112
96 -33.0495 -71.6112
947 -33.0495 -71.6112
685 -33.0493 -71.6112
634 -33.0483 -71.6112
439 -33.0501 -71.6109
699 -33.0509 -71.6102
584 -33.0509 -71.6102
114 -33.0508 -71.6102
396 -33.0508 -71.6102
543 -33.0508 -71.6102
352 -33.0508 -71.6102
926 -33.0508 -71.6102
684 -33.0506 -71.6102
426 -33.051 -71.6101
630 -33.051 -71.6101
443 -33.051 -71.6101
131 -33.0507 -71.6102
451 -33.0506 -71.6102
95 -33.0505 -71.6102
330 -33.0506 -71.6102
969 -33.0504 -71.6102
766 -33.0501 -71.6107
379 -33.0501 -71.6107
524 -33.0502 -71.6103
817 -33.0501 -71.6107
539 -33.0501 -71.6109
164 -33.0501 -71.6109
750 -33.0501 -71.6107
974 -33.0502 -71.6103
898 -33.0502 -71.6102
841 -33.0503 -71.6102
246 -33.0503 -71.6101
338 -33.0502 -71.6103
985 -33.0494 -71.6099
695 -33.0495 -71.6099
91 -33.0523 -71.6097
658 -33.0523 -71.6097
534 -33.0523 -71.6097
203 -33.0521 -71.6094
623 -33.0521 -71.6094
867 -33.0521 -71.6094
397 -33.0521 -71.6088
267 -33.0521 -71.6088
731 -33.0521 -71.6086
229 -33.053 -71.6083
788 -33.053 -71.6083
357 -33.0529 -71.6083
997 -33.0528 -71.6083
813 -33.0522 -71.6082
375 -33.0527 -71.6082
395 -33.0527 -71.6082
245 -33.052 -71.6088
382 -33.052 -71.6093
410 -33.0519 -71.6092
875 -33.0519 -71.6091
264 -33.0519 -71.6092
359 -33.0518 -71.6093
871 -33.0518 -71.6093
667 -33.0519 -71.6093
682 -33.0519 -71.6091
247 -33.052 -71.6089
691 -33.052 -71.6089
720 -33.052 -71.6088
806 -33.052 -71.6089
67 -33.0519 -71.6091
554 -33.052 -71.609
887 -33.052 -71.6089
544 -33.0527 -71.6082
287 -33.0527 -71.6082
103 -33.0526 -71.6082
993 -33.0526 -71.6082
230 -33.0526 -71.6082
670 -33.0525 -71.6082
8 -33.0525 -71.6082
244 -33.0525 -71.6081
975 -33.0523 -71.6081
406 -33.0526 -71.6068
1 -33.0525 -71.6048
957 -33.0529 -71.6047
371 -33.0523 -71.6081
257 -33.0522 -71.6081
232 -33.0522 -71.608
339 -33.0522 -71.6079
839 -33.0522 -71.6077
564 -33.0522 -71.6076
358 -33.0522 -71.6075
65 -33.0522 -71.6075
215 -33.0522 -71.6081
895 -33.0519 -71.6076
989 -33.0519 -71.6076
308 -33.0519 -71.6076
122 -33.0522 -71.6073
388 -33.0521 -71.6072
628 -33.0521 -71.607
913 -33.052 -71.6068
30 -33.0518 -71.6047
492 -33.0518 -71.6064
826 -33.0518 -71.6047
791 -33.0518 -71.6091
552 -33.0515 -71.6096
616 -33.0516 -71.6095
289 -33.0517 -71.6094
41 -33.0515 -71.6096
965 -33.0514 -71.6097
959 -33.0515 -71.6096
893 -33.0515 -71.6096
6 -33.0517 -71.6094
567 -33.0517 -71.6094
184 -33.0517 -71.6094
921 -33.0518 -71.6093
566 -33.0517 -71.609
344 -33.0504 -71.6091
507 -33.0504 -71.609
536 -33.0516 -71.6089
792 -33.0503 -71.6096
663 -33.0503 -71.6092
928 -33.0502 -71.6092
824 -33.0502 -71.6092
459 -33.0501 -71.6091
4 -33.0496 -71.6093
729 -33.05 -71.6091
3 -33.0501 -71.6091
865 -33.0497 -71.6091
814 -33.05 -71.6091
486 -33.0499 -71.6091
702 -33.0499 -71.6091
249 -33.0498 -71.6091
798 -33.0498 -71.6091
288 -33.0497 -71.6091
429 -33.0516 -71.6089
161 -33.0516 -71.6089
270 -33.0515 -71.6089
906 -33.0514 -71.6088
508 -33.0514 -71.6087
914 -33.0513 -71.6086
617 -33.0512 -71.6086
717 -33.051 -71.6086
776 -33.0517 -71.6082
193 -33.0517 -71.6082
21 -33.0518 -71.6076
896 -33.0518 -71.6063
800 -33.0517 -71.6061
194 -33.0517 -71.6076
514 -33.0513 -71.6059
149 -33.0514 -71.6053
121 -33.0508 -71.6085
650 -33.0508 -71.6085
781 -33.0506 -71.6085
188 -33.0506 -71.6085
59 -33.0506 -71.6085
39 -33.0504 -71.6088
47 -33.0505 -71.6085
28 -33.0505 -71.6085
380 -33.0505 -71.6085
568 -33.0505 -71.6085
618 -33.0503 -71.6085
346 -33.0501 -71.6084
559 -33.0496 -71.6084
162 -33.0494 -71.6083
533 -33.049 -71.6035
