930 -33.0527 -71.6245
253 -33.0527 -71.6245
266 -33.0527 -71.6245
678 -33.0522 -71.6244
115 -33.0519 -71.6247
497 -33.0519 -71.6247
38 -33.052 -71.6244
315 -33.052 -71.6244
880 -33.0532 -71.6238
177 -33.0529 -71.6238
487 -33.0526 -71.6236
260 -33.0524 -71.6236
327 -33.0521 -71.6244
500 -33.0521 -71.6234
703 -33.0519 -71.6234
142 -33.0519 -71.6248
940 -33.0517 -71.6252
961 -33.0516 -71.6252
176 -33.0518 -71.6252
479 -33.0514 -71.6252
217 -33.0513 -71.6253
109 -33.0511 -71.6251
883 -33.051 -71.6251
66 -33.0518 -71.625
85 -33.0519 -71.6249
226 -33.0518 -71.6243
890 -33.0518 -71.6233
5 -33.0517 -71.6243
796 -33.0517 -71.6243
647 -33.0517 -71.6243
550 -33.0514 -71.6243
716 -33.0511 -71.6233
179 -33.0525 -71.6223
377 -33.053 -71.6222
210 -33.053 -71.6222
69 -33.0522 -71.62
547 -33.0515 -71.6211
456 -33.0515 -71.6201
919 -33.0515 -71.6201
373 -33.052 -71.6199
587 -33.0518 -71.6199
542 -33.052 -71.6198
301 -33.052 -71.6197
216 -33.0518 -71.6199
816 -33.0517 -71.6193
881 -33.0516 -71.6192
376 -33.0516 -71.6192
713 -33.0514 -71.6208
694 -33.0512 -71.6232
799 -33.0512 -71.6231
775 -33.0514 -71.6208
313 -33.0512 -71.6231
53 -33.0511 -71.6231
901 -33.0511 -71.623
283 -33.0509 -71.6228
341 -33.0512 -71.6203
761 -33.0512 -71.6202
355 -33.0514 -71.6202
134 -33.0514 -71.6192
838 -33.0511 -71.6202
973 -33.0511 -71.6202
370 -33.0511 -71.6187
440 -33.0509 -71.6228
101 -33.0505 -71.6257
829 -33.0505 -71.6251
633 -33.0507 -71.6251
786 -33.0504 -71.6252
598 -33.0503 -71.6258
92 -33.0497 -71.6252
987 -33.0497 -71.6252
34 -33.0507 -71.6249
935 -33.0506 -71.6247
697 -33.0508 -71.6243
732 -33.0503 -71.6242
979 -33.05 -71.6243
25 -33.0494 -71.6243
493 -33.0498 -71.6243
589 -33.0498 -71.6243
447 -33.0494 -71.6243
409 -33.0492 -71.6253
710 -33.0492 -71.6243
412 -33.0491 -71.6223
206 -33.0489 -71.6225
629 -33.0485 -71.6253
999 -33.0488 -71.6227
859 -33.0489 -71.6226
597 -33.0493 -71.6223
144 -33.0493 -71.6222
852 -33.0493 -71.622
250 -33.0492 -71.6217
17 -33.0492 -71.6218
213 -33.0487 -71.6221
163 -33.049 -71.6219
111 -33.0489 -71.6218
632 -33.0492 -71.6217
399 -33.0506 -71.6213
432 -33.0506 -71.6211
302 -33.0506 -71.6211
116 -33.0506 -71.6214
637 -33.0503 -71.6209
680 -33.0503 -71.6206
956 -33.0501 -71.6204
425 -33.0498 -71.6201
74 -33.0496 -71.62
361 -33.0499 -71.6188
42 -33.0499 -71.6188
891 -33.0496 -71.6198
76 -33.0496 -71.6198
198 -33.0495 -71.6196
804 -33.0495 -71.6196
86 -33.0495 -71.6195
687 -33.0494 -71.6208
448 -33.0493 -71.6208
234 -33.0494 -71.6206
831 -33.0493 -71.6208
77 -33.0493 -71.6213
262 -33.0493 -71.621
340 -33.0493 -71.6209
323 -33.0493 -71.6204
434 -33.0495 -71.6195
844 -33.0495 -71.6195
760 -33.0494 -71.6188
656 -33.0494 -71.619
166 -33.0493 -71.6204
401 -33.0493 -71.6202
869 -33.0526 -71.6187
646 -33.0523 -71.6186
57 -33.0521 -71.6185
560 -33.053 -71.6183
668 -33.0521 -71.6185
413 -33.0516 -71.6184
765 -33.0515 -71.6184
189 -33.0514 -71.6184
774 -33.0529 -71.6182
475 -33.0531 -71.6173
931 -33.052 -71.6161
936 -33.052 -71.616
356 -33.0515 -71.6161
286 -33.0515 -71.616
818 -33.0514 -71.6159
943 -33.0514 -71.6158
18 -33.0514 -71.6165
963 -33.0514 -71.6184
367 -33.0514 -71.6184
582 -33.0512 -71.6183
978 -33.0512 -71.6183
537 -33.051 -71.6186
255 -33.0507 -71.6184
549 -33.0505 -71.6184
407 -33.0511 -71.6182
408 -33.0507 -71.618
743 -33.0509 -71.6164
389 -33.0509 -71.6163
822 -33.0503 -71.6158
726 -33.0497 -71.6159
955 -33.0497 -71.6159
450 -33.0502 -71.6158
297 -33.0525 -71.6157
945 -33.053 -71.6155
118 -33.053 -71.6155
872 -33.053 -71.6154
976 -33.0529 -71.6154
991 -33.0529 -71.6157
842 -33.052 -71.6156
482 -33.0528 -71.6153
561 -33.0521 -71.6149
531 -33.0519 -71.6147
483 -33.052 -71.6147
948 -33.0532 -71.614
792 -33.0519 -71.6148
501 -33.0519 -71.6148
299 -33.0518 -71.6148
124 -33.0518 -71.6148
737 -33.0517 -71.6139
640 -33.0515 -71.6156
464 -33.0515 -71.6156
950 -33.0515 -71.6156
608 -33.0515 -71.6156
476 -33.0499 -71.6157
251 -33.0498 -71.6157
20 -33.0514 -71.6157
60 -33.0512 -71.6156
578 -33.0516 -71.6145
910 -33.0515 -71.6142
242 -33.0516 -71.614
507 -33.0515 -71.6144
879 -33.0512 -71.6156
268 -33.0507 -71.6152
123 -33.0496 -71.616
428 -33.0494 -71.6185
539 -33.0493 -71.6185
379 -33.0492 -71.6183
698 -33.0491 -71.6176
524 -33.049 -71.6181
754 -33.049 -71.6176
455 -33.0489 -71.6176
570 -33.0489 -71.6169
426 -33.0496 -71.6166
442 -33.0493 -71.6165
146 -33.0493 -71.6165
580 -33.0492 -71.6165
641 -33.049 -71.6168
150 -33.049 -71.6168
609 -33.049 -71.6166
443 -33.0489 -71.617
246 -33.0486 -71.6178
841 -33.0487 -71.6177
809 -33.0487 -71.6177
730 -33.0486 -71.618
292 -33.0484 -71.6185
750 -33.0484 -71.6184
803 -33.0486 -71.618
95 -33.0488 -71.6175
396 -33.0488 -71.6173
543 -33.0488 -71.6173
699 -33.0489 -71.6172
352 -33.0488 -71.6173
684 -33.0488 -71.6174
488 -33.0486 -71.6166
271 -33.0491 -71.6165
107 -33.0495 -71.6162
602 -33.0496 -71.6161
279 -33.0496 -71.616
520 -33.0495 -71.6162
269 -33.0495 -71.6163
693 -33.0495 -71.6162
921 -33.0492 -71.6158
141 -33.0492 -71.6157
257 -33.0494 -71.6144
295 -33.0495 -71.6141
375 -33.0495 -71.6138
415 -33.0493 -71.6149
682 -33.0492 -71.6156
554 -33.0493 -71.6154
887 -33.0493 -71.6154
871 -33.0492 -71.6159
689 -33.0491 -71.6165
893 -33.0491 -71.6163
959 -33.0491 -71.6163
391 -33.0491 -71.6163
953 -33.0488 -71.6164
819 -33.0485 -71.6164
290 -33.0485 -71.6164
433 -33.0491 -71.6162
41 -33.0491 -71.6162
6 -33.0491 -71.616
184 -33.0492 -71.6159
731 -33.0485 -71.6139
160 -33.0484 -71.6141
267 -33.0484 -71.6141
998 -33.0484 -71.6142
849 -33.0483 -71.6253
529 -33.0473 -71.6228
900 -33.0473 -71.6227
897 -33.0472 -71.6228
735 -33.047 -71.6251
263 -33.0471 -71.6228
130 -33.0471 -71.6228
36 -33.0474 -71.6227
394 -33.0474 -71.6227
868 -33.0474 -71.6227
660 -33.0474 -71.6227
692 -33.0474 -71.6227
631 -33.0474 -71.6225
854 -33.0474 -71.6225
834 -33.0474 -71.6224
318 -33.047 -71.6228
277 -33.0466 -71.6257
802 -33.0466 -71.6257
322 -33.0466 -71.6257
938 -33.0466 -71.6257
205 -33.0465 -71.6257
139 -33.0465 -71.6257
820 -33.0465 -71.6257
696 -33.0466 -71.6256
360 -33.0468 -71.6248
983 -33.0469 -71.6228
453 -33.047 -71.6228
889 -33.0467 -71.6229
516 -33.0465 -71.6254
222 -33.0465 -71.6253
718 -33.0465 -71.6251
586 -33.0474 -71.6223
780 -33.0481 -71.6211
337 -33.0484 -71.6208
701 -33.0484 -71.6207
374 -33.048 -71.6213
191 -33.0474 -71.6223
612 -33.0473 -71.6219
884 -33.0473 -71.6219
828 -33.0475 -71.6205
457 -33.0482 -71.6205
783 -33.0482 -71.6204
481 -33.0481 -71.6203
363 -33.0481 -71.6202
727 -33.0474 -71.6203
430 -33.0481 -71.6202
240 -33.0476 -71.6202
614 -33.0473 -71.6202
688 -33.0473 -71.6217
462 -33.0473 -71.6217
0 -33.0473 -71.6212
195 -33.0472 -71.6214
904 -33.0464 -71.621
13 -33.0464 -71.6209
572 -33.0464 -71.6208
31 -33.0465 -71.6207
648 -33.0466 -71.6204
538 -33.0466 -71.6204
728 -33.0466 -71.6202
574 -33.0465 -71.6205
106 -33.0465 -71.6203
850 -33.0464 -71.6203
80 -33.0464 -71.6248
485 -33.0463 -71.6248
764 -33.0462 -71.6246
509 -33.0461 -71.6246
583 -33.0461 -71.6246
911 -33.0461 -71.6245
939 -33.0459 -71.6243
9 -33.0459 -71.6243
55 -33.0458 -71.6242
484 -33.0461 -71.6241
383 -33.0461 -71.623
605 -33.0463 -71.6229
708 -33.0458 -71.6235
755 -33.0458 -71.6241
530 -33.0457 -71.6239
511 -33.0458 -71.6237
152 -33.0457 -71.6239
88 -33.0438 -71.6243
643 -33.0441 -71.6241
827 -33.0443 -71.624
982 -33.0435 -71.6246
220 -33.0433 -71.625
784 -33.0433 -71.625
988 -33.0434 -71.6247
722 -33.0456 -71.624
793 -33.045 -71.6234
972 -33.045 -71.6233
635 -33.045 -71.6233
724 -33.0447 -71.6238
427 -33.0444 -71.624
644 -33.0445 -71.6239
553 -33.0453 -71.6228
435 -33.046 -71.6219
855 -33.0461 -71.6217
314 -33.0461 -71.6216
862 -33.0459 -71.6219
170 -33.0457 -71.6222
573 -33.0458 -71.6221
941 -33.0459 -71.6219
519 -33.0463 -71.6213
515 -33.0462 -71.6203
851 -33.0461 -71.6202
273 -33.046 -71.6202
174 -33.046 -71.6202
84 -33.0457 -71.6204
712 -33.0457 -71.6203
778 -33.0457 -71.6203
113 -33.0456 -71.6224
348 -33.0454 -71.6226
81 -33.0454 -71.6226
639 -33.0455 -71.6225
933 -33.0454 -71.6227
794 -33.0453 -71.6227
157 -33.0453 -71.6227
48 -33.0453 -71.6227
610 -33.0446 -71.6223
604 -33.0449 -71.6206
10 -33.0454 -71.6204
333 -33.045 -71.6204
155 -33.0449 -71.6206
968 -33.0446 -71.6223
763 -33.0449 -71.6208
64 -33.0476 -71.6201
495 -33.048 -71.6193
787 -33.0481 -71.6191
721 -33.0482 -71.619
329 -33.048 -71.6194
654 -33.0479 -71.62
518 -33.0478 -71.6197
565 -33.0478 -71.6196
258 -33.0482 -71.619
992 -33.0483 -71.6187
164 -33.0484 -71.6186
254 -33.0484 -71.6185
767 -33.0483 -71.6187
864 -33.0482 -71.619
180 -33.0483 -71.6189
812 -33.0483 -71.6188
548 -33.0478 -71.6199
709 -33.0478 -71.6198
522 -33.0477 -71.6198
665 -33.0477 -71.6198
278 -33.0477 -71.62
830 -33.0469 -71.6201
93 -33.0476 -71.62
27 -33.0476 -71.62
207 -33.0477 -71.6198
431 -33.0477 -71.6198
444 -33.047 -71.6189
685 -33.0471 -71.6186
847 -33.047 -71.6192
153 -33.0469 -71.6193
345 -33.0469 -71.6192
683 -33.0469 -71.6192
947 -33.0472 -71.6185
439 -33.0475 -71.6176
817 -33.0476 -71.6174
466 -33.0477 -71.6173
932 -33.0475 -71.6176
651 -33.0473 -71.6181
805 -33.0474 -71.6178
465 -33.0474 -71.6177
336 -33.0477 -71.617
445 -33.0481 -71.6153
67 -33.0483 -71.6145
649 -33.0484 -71.6143
777 -33.048 -71.616
974 -33.0477 -71.617
546 -33.0475 -71.6162
801 -33.0479 -71.616
965 -33.0473 -71.614
342 -33.0473 -71.6183
860 -33.0473 -71.6182
117 -33.0472 -71.6162
779 -33.0472 -71.6183
320 -33.0472 -71.6184
920 -33.0472 -71.6184
892 -33.0469 -71.6161
131 -33.0471 -71.6151
661 -33.0471 -71.6148
594 -33.0471 -71.6146
334 -33.0472 -71.6143
372 -33.047 -71.6148
114 -33.047 -71.6148
926 -33.0469 -71.6148
58 -33.0469 -71.6171
496 -33.0468 -71.6201
807 -33.0468 -71.6197
178 -33.0469 -71.6195
231 -33.0468 -71.6198
418 -33.0467 -71.6199
971 -33.0467 -71.6199
504 -33.0466 -71.6194
44 -33.0463 -71.6193
638 -33.0468 -71.6171
894 -33.0468 -71.6171
719 -33.0466 -71.617
596 -33.0465 -71.617
304 -33.0462 -71.6193
795 -33.0464 -71.617
756 -33.0459 -71.6169
899 -33.0459 -71.6169
218 -33.0458 -71.6201
541 -33.0456 -71.6201
436 -33.0456 -71.62
165 -33.0454 -71.62
50 -33.0453 -71.62
239 -33.0453 -71.6199
949 -33.0451 -71.6199
853 -33.045 -71.6199
364 -33.0455 -71.6191
652 -33.0455 -71.6191
248 -33.0454 -71.6173
960 -33.0453 -71.619
416 -33.045 -71.6199
140 -33.045 -71.6198
393 -33.0458 -71.6169
908 -33.0468 -71.6161
545 -33.0467 -71.6161
451 -33.0468 -71.6147
946 -33.0466 -71.6161
317 -33.0466 -71.6161
666 -33.0462 -71.616
96 -33.0459 -71.616
599 -33.0468 -71.6147
729 -33.0467 -71.6147
655 -33.0467 -71.6147
835 -33.0465 -71.6147
942 -33.0463 -71.6147
201 -33.0463 -71.6147
392 -33.0462 -71.6147
338 -33.0462 -71.6147
766 -33.0458 -71.6146
128 -33.0456 -71.6169
148 -33.0455 -71.616
385 -33.0454 -71.616
119 -33.0453 -71.6169
823 -33.0452 -71.6169
590 -33.0452 -71.6168
758 -33.0451 -71.6168
133 -33.0452 -71.616
526 -33.0457 -71.6146
588 -33.0453 -71.6145
312 -33.045 -71.6145
241 -33.045 -71.6145
75 -33.0447 -71.6159
634 -33.0447 -71.6159
2 -33.0517 -71.6138
811 -33.0519 -71.6135
675 -33.0519 -71.6134
556 -33.0519 -71.6134
782 -33.0519 -71.6134
276 -33.0518 -71.6136
120 -33.0519 -71.6135
390 -33.0519 -71.6135
994 -33.0522 -71.6134
810 -33.0521 -71.6117
772 -33.0521 -71.6117
132 -33.0522 -71.6117
19 -33.0519 -71.612
505 -33.0517 -71.6131
192 -33.0516 -71.6131
790 -33.0517 -71.612
326 -33.0516 -71.612
298 -33.0511 -71.6131
874 -33.0511 -71.6131
866 -33.0511 -71.6131
686 -33.0508 -71.6131
238 -33.0508 -71.6131
26 -33.0505 -71.613
127 -33.0504 -71.613
463 -33.0512 -71.6121
414 -33.0514 -71.612
420 -33.0514 -71.6119
576 -33.0512 -71.6119
43 -33.0512 -71.6119
521 -33.0512 -71.6119
747 -33.0512 -71.6119
72 -33.0512 -71.6119
592 -33.0523 -71.6117
873 -33.0528 -71.6116
970 -33.0531 -71.6116
98 -33.0532 -71.6115
83 -33.0527 -71.6116
922 -33.0524 -71.6117
917 -33.0514 -71.6116
523 -33.0513 -71.6114
354 -33.0527 -71.6104
579 -33.0524 -71.6099
368 -33.0523 -71.6097
467 -33.0521 -71.6094
619 -33.0519 -71.6092
469 -33.0513 -71.6098
591 -33.0514 -71.6097
525 -33.0519 -71.6092
636 -33.0512 -71.6099
569 -33.0509 -71.6114
305 -33.0506 -71.6113
225 -33.0507 -71.6102
857 -33.0504 -71.6101
962 -33.0504 -71.6113
46 -33.0504 -71.6102
35 -33.0503 -71.6101
402 -33.051 -71.6101
400 -33.0511 -71.61
307 -33.0512 -71.6099
513 -33.0512 -71.6099
52 -33.0511 -71.61
274 -33.0506 -71.6092
190 -33.0503 -71.6092
773 -33.0503 -71.6101
51 -33.0501 -71.613
642 -33.05 -71.613
958 -33.0499 -71.613
187 -33.0497 -71.6129
669 -33.0497 -71.6131
856 -33.0497 -71.6129
704 -33.0497 -71.6127
671 -33.0498 -71.6126
923 -33.0499 -71.6117
32 -33.0499 -71.6117
746 -33.05 -71.6114
626 -33.0499 -71.6118
316 -33.0499 -71.6121
158 -33.0499 -71.6121
137 -33.0499 -71.612
349 -33.0497 -71.6132
321 -33.0496 -71.6135
480 -33.0496 -71.6135
882 -33.0496 -71.6133
762 -33.0496 -71.6135
319 -33.0496 -71.6136
229 -33.0496 -71.6136
199 -33.0496 -71.6136
284 -33.0496 -71.6133
351 -33.049 -71.6129
182 -33.049 -71.6119
398 -33.0491 -71.6115
14 -33.049 -71.6129
97 -33.0488 -71.6129
404 -33.049 -71.6119
110 -33.05 -71.6113
378 -33.0501 -71.6106
954 -33.0501 -71.6106
769 -33.0501 -71.6105
825 -33.0501 -71.6107
94 -33.05 -71.6112
622 -33.05 -71.6112
470 -33.0501 -71.6109
662 -33.0501 -71.6104
422 -33.0503 -71.6102
472 -33.0503 -71.6101
937 -33.0502 -71.61
555 -33.0502 -71.6101
219 -33.0502 -71.6104
944 -33.0502 -71.6102
674 -33.0497 -71.61
733 -33.0497 -71.6112
173 -33.0495 -71.6112
840 -33.0495 -71.6112
846 -33.0493 -71.6112
214 -33.0492 -71.6112
571 -33.0492 -71.6112
167 -33.0491 -71.6112
145 -33.0491 -71.6112
29 -33.049 -71.6112
261 -33.0495 -71.6099
843 -33.0495 -71.6097
984 -33.0496 -71.6096
981 -33.049 -71.6112
15 -33.0489 -71.6112
603 -33.0488 -71.6098
740 -33.05 -71.6091
528 -33.0527 -71.6082
300 -33.0525 -71.6082
748 -33.0524 -71.6081
677 -33.0522 -71.6082
259 -33.0518 -71.6091
925 -33.052 -71.6089
808 -33.0522 -71.6081
474 -33.0523 -71.6081
291 -33.0522 -71.6081
175 -33.0522 -71.6077
768 -33.0522 -71.6073
491 -33.052 -71.6076
331 -33.0519 -71.608
281 -33.052 -71.608
63 -33.0519 -71.6076
886 -33.0518 -71.6076
237 -33.0518 -71.609
967 -33.0517 -71.609
154 -33.0516 -71.6089
384 -33.0513 -71.6087
563 -33.0513 -71.6087
209 -33.0511 -71.6086
366 -33.0511 -71.6086
627 -33.051 -71.6086
419 -33.0517 -71.6082
112 -33.0518 -71.6076
876 -33.0516 -71.6075
927 -33.0514 -71.6075
672 -33.0511 -71.6085
196 -33.0512 -71.6085
751 -33.0512 -71.6084
280 -33.0521 -71.6072
159 -33.0521 -71.6071
606 -33.0521 -71.607
679 -33.052 -71.607
903 -33.052 -71.6068
311 -33.0519 -71.6066
303 -33.0519 -71.6066
581 -33.0519 -71.6066
332 -33.0518 -71.6063
499 -33.0517 -71.6062
147 -33.0517 -71.6049
441 -33.0527 -71.6048
79 -33.0517 -71.6062
40 -33.0517 -71.6061
506 -33.0517 -71.606
870 -33.0517 -71.6051
461 -33.0516 -71.6059
558 -33.0514 -71.6067
929 -33.0514 -71.6059
527 -33.0516 -71.6059
411 -33.0514 -71.6059
129 -33.0513 -71.6067
335 -33.051 -71.6067
221 -33.051 -71.6061
212 -33.0511 -71.6058
223 -33.0515 -71.6057
473 -33.0514 -71.6056
858 -33.0513 -71.6053
551 -33.0511 -71.6052
705 -33.0511 -71.6058
90 -33.0511 -71.6051
657 -33.051 -71.6067
977 -33.051 -71.6086
362 -33.0509 -71.6085
454 -33.0509 -71.6085
452 -33.0509 -71.6085
535 -33.0504 -71.609
613 -33.0504 -71.6089
61 -33.0505 -71.6085
12 -33.0504 -71.6085
934 -33.0509 -71.6074
512 -33.0508 -71.6074
11 -33.0508 -71.6074
510 -33.0507 -71.6073
797 -33.0507 -71.6073
296 -33.0507 -71.6073
848 -33.0506 -71.6073
912 -33.0501 -71.6084
282 -33.05 -71.6091
676 -33.0499 -71.6084
424 -33.0499 -71.6084
888 -33.0498 -71.6084
723 -33.0497 -71.6091
503 -33.0491 -71.6091
7 -33.0495 -71.6084
833 -33.0494 -71.6084
478 -33.0494 -71.6083
438 -33.05 -71.6072
138 -33.0496 -71.6071
228 -33.0492 -71.607
49 -33.049 -71.6083
715 -33.049 -71.6083
753 -33.0492 -71.607
700 -33.0509 -71.6067
645 -33.0509 -71.6058
168 -33.0509 -71.6058
285 -33.0508 -71.6067
477 -33.0506 -71.6066
918 -33.0504 -71.6056
878 -33.0503 -71.6056
458 -33.0501 -71.6055
980 -33.0507 -71.605
924 -33.0507 -71.605
489 -33.0506 -71.605
156 -33.0504 -71.6049
540 -33.0504 -71.6049
73 -33.0502 -71.6048
557 -33.0501 -71.6047
664 -33.05 -71.6055
593 -33.0499 -71.6054
78 -33.0499 -71.6054
421 -33.0498 -71.6054
227 -33.0497 -71.6054
62 -33.049 -71.607
350 -33.0489 -71.607
381 -33.0496 -71.6054
532 -33.0496 -71.6053
706 -33.0496 -71.6044
620 -33.049 -71.6035
169 -33.0491 -71.6035
502 -33.0488 -71.6047
752 -33.0488 -71.6046
181 -33.0487 -71.6045
966 -33.0487 -71.6045
252 -33.0486 -71.6136
577 -33.0486 -71.6135
197 -33.0485 -71.6129
745 -33.0485 -71.6137
405 -33.0485 -71.6129
105 -33.0485 -71.6129
907 -33.0485 -71.6129
916 -33.0483 -71.6129
387 -33.0481 -71.6128
23 -33.0481 -71.6128
446 -33.048 -71.6128
272 -33.0479 -71.6128
776 -33.0477 -71.6128
423 -33.0478 -71.6128
403 -33.0478 -71.6128
310 -33.0477 -71.6129
309 -33.0474 -71.6136
410 -33.0475 -71.6134
986 -33.0475 -71.6134
567 -33.0473 -71.6134
759 -33.0472 -71.6134
616 -33.0472 -71.6134
781 -33.0471 -71.6133
552 -33.047 -71.6133
386 -33.0476 -71.6131
143 -33.0476 -71.6131
806 -33.0477 -71.6131
208 -33.047 -71.6133
615 -33.0468 -71.6133
202 -33.0468 -71.6133
104 -33.0467 -71.6133
245 -33.0475 -71.6127
741 -33.0487 -71.6112
236 -33.0486 -71.6112
832 -33.0486 -71.6112
294 -33.0482 -71.6113
813 -33.0478 -71.6125
371 -33.0479 -71.6123
997 -33.0481 -71.6117
909 -33.0485 -71.6111
952 -33.0487 -71.6098
468 -33.0486 -71.6098
126 -33.0486 -71.6098
22 -33.0485 -71.6098
789 -33.0482 -71.6111
736 -33.0481 -71.6111
357 -33.0479 -71.6111
230 -33.0477 -71.6111
247 -33.0475 -71.6127
691 -33.0475 -71.6127
359 -33.0471 -71.6127
171 -33.047 -71.6127
151 -33.0469 -71.6126
102 -33.0468 -71.6126
108 -33.0468 -71.6126
711 -33.0467 -71.6126
347 -33.0475 -71.611
670 -33.0474 -71.611
742 -33.0474 -71.611
611 -33.0473 -71.612
905 -33.047 -71.611
397 -33.0467 -71.6109
200 -33.0467 -71.6126
837 -33.0466 -71.6132
630 -33.0463 -71.6132
725 -33.0463 -71.6132
584 -33.0463 -71.6132
877 -33.0461 -71.6131
330 -33.046 -71.6131
517 -33.0458 -71.6131
744 -33.0458 -71.613
70 -33.0463 -71.6125
490 -33.0463 -71.6125
37 -33.0462 -71.6124
135 -33.0461 -71.6124
87 -33.0461 -71.6124
45 -33.046 -71.6124
265 -33.0459 -71.6123
969 -33.0457 -71.613
898 -33.0455 -71.613
739 -33.0455 -71.613
585 -33.0457 -71.6123
902 -33.0454 -71.613
915 -33.0453 -71.613
749 -33.0449 -71.6129
996 -33.0449 -71.6129
964 -33.0441 -71.6122
100 -33.0451 -71.6121
659 -33.0445 -71.612
621 -33.0448 -71.612
186 -33.0445 -71.612
24 -33.0441 -71.6122
985 -33.0442 -71.6121
798 -33.0446 -71.6113
720 -33.0466 -71.6109
875 -33.0463 -71.6109
264 -33.0462 -71.6108
667 -33.0461 -71.6108
449 -33.045 -71.6109
275 -33.045 -71.6108
289 -33.046 -71.6108
663 -33.0447 -71.6106
193 -33.046 -71.6098
121 -33.045 -71.6098
215 -33.0465 -71.6098
650 -33.045 -71.6098
344 -33.0447 -71.6104
39 -33.0447 -71.6101
995 -33.0447 -71.61
47 -33.0447 -71.6099
824 -33.0447 -71.6107
928 -33.0447 -71.6107
494 -33.0447 -71.6106
459 -33.0447 -71.6106
486 -33.0446 -71.6112
814 -33.0446 -71.611
3 -33.0446 -71.6105
702 -33.0446 -71.6104
249 -33.0446 -71.6103
33 -33.0445 -71.6102
28 -33.0447 -71.6098
865 -33.0445 -71.61
288 -33.0445 -71.6102
4 -33.0444 -71.6101
757 -33.0483 -71.6098
681 -33.0484 -71.6098
575 -33.0484 -71.6098
183 -33.0484 -71.6091
653 -33.0481 -71.6098
990 -33.0481 -71.6098
885 -33.048 -71.6098
211 -33.0481 -71.6091
324 -33.0479 -71.6091
601 -33.0486 -71.6083
256 -33.0486 -71.6082
595 -33.0485 -71.6082
224 -33.0485 -71.6082
785 -33.0478 -71.6091
89 -33.0484 -71.6082
600 -33.0479 -71.6082
343 -33.0477 -71.6082
861 -33.0477 -71.6098
243 -33.0476 -71.6098
821 -33.0476 -71.609
845 -33.0476 -71.6098
395 -33.0471 -71.6098
16 -33.0476 -71.6098
172 -33.0475 -71.6098
406 -33.0471 -71.609
204 -33.0477 -71.6082
328 -33.0477 -71.6082
836 -33.0476 -71.6082
714 -33.0475 -71.6082
136 -33.0475 -71.6082
734 -33.0475 -71.6082
951 -33.0475 -71.6082
771 -33.0471 -71.6082
863 -33.0479 -71.6076
471 -33.0479 -71.6067
690 -33.0483 -71.6066
369 -33.0478 -71.6067
957 -33.0475 -71.6068
56 -33.0477 -71.6067
460 -33.0478 -71.6067
815 -33.0486 -71.6042
673 -33.0485 -71.604
382 -33.0484 -71.604
293 -33.0484 -71.6038
770 -33.0484 -71.604
99 -33.0482 -71.6039
788 -33.0483 -71.6038
244 -33.0481 -71.6031
624 -33.0475 -71.6068
498 -33.0474 -71.6072
233 -33.0474 -71.607
365 -33.0475 -71.6068
437 -33.0474 -71.6069
607 -33.0471 -71.6082
185 -33.0472 -71.6068
325 -33.0473 -71.6066
91 -33.0473 -71.6061
287 -33.0472 -71.606
564 -33.0471 -71.6043
122 -33.0471 -71.6039
536 -33.0471 -71.6049
1 -33.047 -71.6045
358 -33.047 -71.6043
235 -33.047 -71.6081
8 -33.0468 -71.6098
68 -33.0469 -71.6081
417 -33.0468 -71.6081
125 -33.0467 -71.6081
707 -33.0467 -71.609
623 -33.0461 -71.609
306 -33.0467 -71.6081
71 -33.0467 -71.6081
82 -33.0467 -71.6081
738 -33.0467 -71.6081
544 -33.0461 -71.6081
839 -33.046 -71.6071
562 -33.046 -71.6081
625 -33.0459 -71.6081
149 -33.0457 -71.6071
895 -33.0457 -71.6071
867 -33.0456 -71.608
566 -33.0451 -71.608
270 -33.0449 -71.608
429 -33.0449 -71.608
695 -33.0442 -71.6094
353 -33.0442 -71.6094
54 -33.0442 -71.6091
914 -33.0446 -71.608
308 -33.0457 -71.6071
161 -33.0456 -71.6071
989 -33.0456 -71.6071
194 -33.0455 -71.6071
21 -33.0455 -71.6071
59 -33.0445 -71.6071
339 -33.0461 -71.607
534 -33.0467 -71.6069
658 -33.0467 -71.6069
103 -33.0467 -71.6069
993 -33.0467 -71.6069
975 -33.0464 -71.607
203 -33.0464 -71.607
232 -33.0463 -71.6068
791 -33.0463 -71.6067
628 -33.0466 -71.6045
388 -33.0467 -71.6044
65 -33.047 -71.6043
913 -33.0465 -71.6045
906 -33.0462 -71.6061
492 -33.0463 -71.6042
30 -33.0465 -71.6042
826 -33.0462 -71.6046
617 -33.0456 -71.6067
717 -33.0455 -71.6064
508 -33.0462 -71.606
380 -33.0445 -71.607
618 -33.0444 -71.6068
162 -33.0437 -71.6063
533 -33.0429 -71.606
568 -33.0455 -71.6059
896 -33.046 -71.6047
514 -33.0457 -71.6045
800 -33.046 -71.6044
188 -33.0455 -71.6059
346 -33.0453 -71.6054
559 -33.0452 -71.6049
