455 -33.0597 -71.6166
754 -33.0599 -71.6165
301 -33.0602 -71.6164
760 -33.0595 -71.6167
271 -33.0594 -71.6167
619 -33.0595 -71.6167
456 -33.0592 -71.6167
978 -33.062 -71.6158
475 -33.0626 -71.615
962 -33.0596 -71.6148
726 -33.0595 -71.6148
123 -33.0595 -71.6149
762 -33.0592 -71.615
279 -33.0594 -71.6149
549 -33.0593 -71.6149
803 -33.0591 -71.6167
198 -33.0588 -71.617
838 -33.0589 -71.6169
907 -33.0589 -71.6169
290 -33.0588 -71.617
466 -33.0584 -71.6173
767 -33.0586 -71.6171
446 -33.0585 -71.6169
154 -33.059 -71.6168
773 -33.0586 -71.6155
61 -33.0588 -71.6154
636 -33.0586 -71.6149
274 -33.0585 -71.6153
809 -33.0584 -71.6163
424 -33.0584 -71.6151
488 -33.0584 -71.6151
405 -33.0587 -71.6148
945 -33.0603 -71.6143
467 -33.0603 -71.6143
686 -33.0605 -71.6141
189 -33.0602 -71.6141
367 -33.06 -71.6144
127 -33.0602 -71.6141
255 -33.0594 -71.6141
483 -33.0607 -71.6139
967 -33.0598 -71.6138
354 -33.0598 -71.6137
407 -33.0599 -71.6135
537 -33.0597 -71.6137
370 -33.0596 -71.6139
408 -33.0596 -71.6138
251 -33.0596 -71.6138
107 -33.0594 -71.6142
580 -33.059 -71.6146
134 -33.059 -71.6145
816 -33.059 -71.6145
146 -33.0589 -71.6146
69 -33.0585 -71.6147
150 -33.0586 -71.6147
641 -33.0585 -71.6147
450 -33.0591 -71.6145
269 -33.0592 -71.6143
693 -33.0593 -71.6142
402 -33.0591 -71.6136
464 -33.0591 -71.6136
175 -33.0584 -71.6139
571 -33.0584 -71.6138
698 -33.0583 -71.6159
166 -33.0581 -71.6175
179 -33.0582 -71.6175
403 -33.0582 -71.617
495 -33.0581 -71.6175
431 -33.0577 -71.6179
448 -33.0578 -71.6178
145 -33.0578 -71.617
423 -33.0582 -71.617
819 -33.0583 -71.6151
512 -33.0581 -71.615
373 -33.0582 -71.615
7 -33.058 -71.615
506 -33.0576 -71.6154
797 -33.0579 -71.615
361 -33.0578 -71.6149
262 -33.0576 -71.618
946 -33.0573 -71.6182
930 -33.0574 -71.6182
908 -33.0575 -71.6181
487 -33.0572 -71.6183
727 -33.0571 -71.6184
614 -33.0572 -71.6183
393 -33.0569 -71.6183
171 -33.0575 -71.617
355 -33.0575 -71.6149
49 -33.0574 -71.6149
341 -33.0574 -71.6149
546 -33.0574 -71.6149
611 -33.0571 -71.617
761 -33.0572 -71.6148
434 -33.0572 -71.6148
105 -33.0583 -71.6148
476 -33.0581 -71.6144
948 -33.0582 -71.6142
216 -33.0575 -71.6141
587 -33.0575 -71.6141
919 -33.0574 -71.6144
89 -33.0574 -71.6143
551 -33.0574 -71.6143
228 -33.0575 -71.614
542 -33.058 -71.6139
42 -33.058 -71.6139
212 -33.0581 -71.6136
389 -33.0579 -71.6139
885 -33.0574 -71.6138
600 -33.0574 -71.6138
40 -33.0574 -71.6135
730 -33.0574 -71.6145
254 -33.0571 -71.6148
844 -33.0571 -71.6148
973 -33.0571 -71.6148
117 -33.0571 -71.6148
713 -33.0571 -71.6148
292 -33.0571 -71.6148
711 -33.057 -71.6148
775 -33.057 -71.6148
204 -33.0573 -71.6137
211 -33.0573 -71.6137
343 -33.0572 -71.6136
593 -33.0571 -71.6135
377 -33.057 -71.6148
812 -33.0569 -71.6147
734 -33.057 -71.6134
994 -33.061 -71.6134
751 -33.0602 -71.6133
413 -33.0604 -71.6129
582 -33.0601 -71.6133
14 -33.06 -71.6128
351 -33.06 -71.6128
679 -33.06 -71.6128
927 -33.0601 -71.6128
452 -33.0606 -71.6127
286 -33.0607 -71.6126
52 -33.0608 -71.6126
57 -33.0606 -71.6127
480 -33.0602 -71.6128
12 -33.0603 -71.6128
733 -33.0605 -71.6128
414 -33.06 -71.6128
252 -33.0591 -71.6129
23 -33.0591 -71.6129
789 -33.0591 -71.6129
577 -33.0591 -71.6129
950 -33.0591 -71.6134
916 -33.0589 -71.6134
955 -33.0589 -71.6129
387 -33.0591 -71.6129
909 -33.0595 -71.6128
295 -33.0597 -71.6128
991 -33.0595 -71.6125
19 -33.0594 -71.6129
743 -33.0592 -71.6129
674 -33.0593 -71.6129
303 -33.0591 -71.6125
646 -33.0608 -71.6125
118 -33.0627 -71.6125
976 -33.0627 -71.6122
917 -33.0625 -71.6121
501 -33.0616 -71.6121
747 -33.0613 -71.6122
774 -33.0615 -71.6121
238 -33.0616 -71.6121
531 -33.0616 -71.6121
482 -33.0628 -71.6121
420 -33.0631 -71.612
326 -33.0633 -71.6119
579 -33.0624 -71.6121
523 -33.0621 -71.612
561 -33.062 -71.612
297 -33.0619 -71.6119
640 -33.0611 -71.6123
818 -33.0609 -71.6124
51 -33.0609 -71.6124
879 -33.0609 -71.6124
366 -33.0609 -71.6124
958 -33.0608 -71.6125
237 -33.0603 -71.6124
642 -33.0609 -71.6124
60 -33.061 -71.6124
209 -33.061 -71.6124
869 -33.0611 -71.6123
608 -33.0611 -71.6123
563 -33.0593 -71.6116
676 -33.0591 -71.6123
298 -33.0593 -71.6116
822 -33.0589 -71.6133
376 -33.0587 -71.6134
668 -33.0586 -71.6133
602 -33.0588 -71.6133
18 -33.0584 -71.613
521 -33.0583 -71.6134
881 -33.0583 -71.6134
386 -33.0583 -71.613
603 -33.0583 -71.613
160 -33.0586 -71.613
310 -33.0587 -71.613
124 -33.0588 -71.6129
998 -33.0586 -71.613
224 -33.0584 -71.613
347 -33.0584 -71.613
601 -33.0585 -71.613
986 -33.0583 -71.613
848 -33.0581 -71.6133
442 -33.0582 -71.6132
963 -33.0582 -71.6131
35 -33.0577 -71.6131
421 -33.0569 -71.6134
591 -33.0576 -71.6134
520 -33.0577 -71.6131
742 -33.0583 -71.613
575 -33.0581 -71.613
22 -33.058 -71.613
645 -33.0582 -71.6129
309 -33.058 -71.613
151 -33.058 -71.613
759 -33.0579 -71.6129
272 -33.0589 -71.6129
102 -33.0578 -71.6129
905 -33.0578 -71.6129
649 -33.0578 -71.6129
108 -33.0577 -71.6129
200 -33.0576 -71.6129
173 -33.0576 -71.6129
208 -33.0576 -71.6129
202 -33.0575 -71.6128
20 -33.0589 -71.6127
29 -33.0588 -71.6126
560 -33.0588 -71.6117
197 -33.0585 -71.6124
872 -33.0583 -71.6127
214 -33.0583 -71.6127
842 -33.0583 -71.6126
863 -33.0575 -71.6128
615 -33.0574 -71.6128
324 -33.0573 -71.6128
70 -33.0573 -71.6128
334 -33.0573 -71.6128
837 -33.0571 -71.6127
801 -33.0571 -71.6127
227 -33.057 -71.6127
87 -33.057 -71.6127
607 -33.057 -71.6127
661 -33.057 -71.6127
771 -33.0569 -71.6126
498 -33.0569 -71.6126
877 -33.0569 -71.6126
725 -33.0569 -71.6126
992 -33.0569 -71.6147
327 -33.0568 -71.6183
830 -33.0568 -71.6183
128 -33.0567 -71.6183
504 -33.0567 -71.6182
703 -33.0565 -71.6182
597 -33.0565 -71.6182
66 -33.0561 -71.618
85 -33.0557 -71.6168
585 -33.0566 -71.6167
890 -33.0557 -71.6166
226 -33.0557 -71.6166
497 -33.0557 -71.6166
796 -33.0557 -71.6167
115 -33.0557 -71.6167
647 -33.0557 -71.6167
412 -33.0557 -71.6169
961 -33.0556 -71.6179
904 -33.0556 -71.6179
364 -33.0555 -71.6179
697 -33.0553 -71.6176
109 -33.0552 -71.6178
217 -33.0553 -71.6177
479 -33.0553 -71.6176
53 -33.0554 -71.6174
176 -33.0556 -71.6171
550 -33.0556 -71.6171
142 -33.0556 -71.6169
940 -33.0556 -71.6172
999 -33.0555 -71.6173
313 -33.0555 -71.6172
859 -33.0555 -71.6172
5 -33.0557 -71.6166
100 -33.0563 -71.6163
632 -33.0562 -71.616
783 -33.0562 -71.6159
756 -33.0562 -71.6159
260 -33.0561 -71.6162
17 -33.0561 -71.6161
250 -33.0561 -71.6161
266 -33.0562 -71.6159
385 -33.0562 -71.6159
253 -33.0561 -71.6158
430 -33.0561 -71.6158
148 -33.0561 -71.6157
739 -33.0561 -71.6157
177 -33.0561 -71.6157
93 -33.056 -71.6156
749 -33.056 -71.6158
500 -33.0558 -71.6163
852 -33.0558 -71.6163
163 -33.0559 -71.6163
38 -33.0558 -71.6164
144 -33.0557 -71.6165
315 -33.0557 -71.6165
111 -33.0557 -71.6164
678 -33.056 -71.6162
75 -33.0556 -71.6159
496 -33.0555 -71.6159
659 -33.0558 -71.6157
24 -33.0555 -71.6155
195 -33.0555 -71.6159
304 -33.0555 -71.6159
574 -33.0551 -71.6158
10 -33.0549 -71.6182
979 -33.0549 -71.6182
165 -33.0551 -71.6179
983 -33.0549 -71.6183
786 -33.0549 -71.6184
949 -33.0549 -71.6184
829 -33.0549 -71.6183
883 -33.0551 -71.6179
130 -33.0551 -71.6179
106 -33.0551 -71.6158
850 -33.0551 -71.6158
688 -33.0551 -71.6158
884 -33.055 -71.6158
13 -33.0549 -71.6158
572 -33.0549 -71.6158
589 -33.0549 -71.6185
25 -33.0547 -71.6189
987 -33.0546 -71.6189
92 -33.0545 -71.6189
710 -33.0544 -71.6189
849 -33.0535 -71.6193
629 -33.0535 -71.6191
409 -33.0539 -71.6188
427 -33.053 -71.6187
598 -33.0548 -71.6187
511 -33.0536 -71.6185
708 -33.0538 -71.6184
509 -33.0527 -71.6187
516 -33.052 -71.6185
635 -33.0526 -71.6158
191 -33.0547 -71.6157
174 -33.0547 -71.6157
273 -33.0547 -71.6157
652 -33.0546 -71.6157
692 -33.0544 -71.6157
900 -33.0543 -71.6157
712 -33.0543 -71.6157
529 -33.0542 -71.6156
263 -33.054 -71.6156
453 -33.054 -71.6156
239 -33.0539 -71.6156
416 -33.0537 -71.6156
573 -33.0536 -71.6156
889 -33.0535 -71.6155
170 -33.0535 -71.6155
333 -33.0534 -71.6155
113 -33.0533 -71.6155
157 -33.0529 -71.6157
794 -33.0529 -71.6156
763 -33.053 -71.6156
610 -33.0524 -71.6157
644 -33.0519 -71.6156
911 -33.0518 -71.6156
764 -33.0516 -71.6156
938 -33.0505 -71.6156
988 -33.0507 -71.6155
277 -33.0505 -71.6155
639 -33.0532 -71.6155
205 -33.0505 -71.6155
101 -33.0492 -71.6155
820 -33.0505 -71.6155
155 -33.0532 -71.6155
323 -33.0562 -71.6151
787 -33.0565 -71.6149
545 -33.0566 -71.6148
565 -33.0562 -71.6152
687 -33.0561 -71.6152
860 -33.0561 -71.6152
880 -33.0561 -71.6152
864 -33.0567 -71.6148
721 -33.0568 -71.6147
891 -33.0569 -71.6147
210 -33.0569 -71.6147
547 -33.0567 -71.6148
892 -33.0567 -71.6148
68 -33.0566 -71.6132
185 -33.0561 -71.6131
320 -33.056 -71.6152
340 -33.056 -71.6155
399 -33.056 -71.6154
116 -33.056 -71.6154
831 -33.056 -71.6153
964 -33.0554 -71.6155
795 -33.0559 -71.6154
835 -33.0559 -71.6153
494 -33.055 -71.6152
91 -33.0556 -71.6131
625 -33.0556 -71.6131
181 -33.0557 -71.6131
382 -33.0552 -71.6131
867 -33.0552 -71.6131
536 -33.0547 -71.6128
429 -33.0547 -71.6128
235 -33.0569 -71.6126
265 -33.0568 -71.6126
738 -33.0566 -71.6125
599 -33.0566 -71.6125
655 -33.0566 -71.6125
82 -33.0566 -71.6125
306 -33.0566 -71.6125
233 -33.0566 -71.6125
437 -33.0565 -71.6125
707 -33.0563 -71.6124
201 -33.0562 -71.6124
942 -33.0562 -71.6124
392 -33.0562 -71.6124
902 -33.0561 -71.6123
562 -33.0559 -71.6123
275 -33.0559 -71.6123
658 -33.0558 -71.6123
588 -33.0552 -71.6124
791 -33.0551 -71.6124
186 -33.0554 -71.6124
666 -33.0551 -71.6124
638 -33.0551 -71.6124
566 -33.055 -71.6124
270 -33.0548 -71.6124
33 -33.0547 -71.6124
996 -33.0557 -71.6123
449 -33.0557 -71.6123
534 -33.0558 -71.6123
203 -33.0556 -71.6123
805 -33.0555 -71.6124
623 -33.0555 -71.6124
161 -33.0546 -71.6127
605 -33.0531 -71.6155
353 -33.0541 -71.6146
54 -33.0537 -71.6144
972 -33.0511 -71.6131
793 -33.051 -71.6131
827 -33.0502 -71.613
9 -33.0502 -71.613
935 -33.0497 -71.6129
553 -33.0511 -71.6125
484 -33.0498 -71.6125
906 -33.0546 -71.6124
732 -33.0498 -71.6125
485 -33.0497 -71.6129
493 -33.0497 -71.6128
583 -33.0498 -71.6127
80 -33.0497 -71.613
735 -33.0495 -71.6138
222 -33.0496 -71.6137
633 -33.0496 -71.6136
696 -33.0495 -71.6138
139 -33.0495 -71.614
322 -33.0495 -71.6139
802 -33.0495 -71.6139
447 -33.0496 -71.6135
718 -33.0496 -71.6134
360 -33.0497 -71.6132
34 -33.0497 -71.6131
982 -33.0488 -71.6125
784 -33.0488 -71.6127
220 -33.0488 -71.6127
508 -33.0546 -71.6124
617 -33.0545 -71.6124
914 -33.0545 -71.6123
568 -33.0545 -71.6122
59 -33.0545 -71.6122
683 -33.0542 -71.6123
717 -33.0542 -71.6123
188 -33.0544 -71.6122
758 -33.0535 -71.6122
380 -33.0544 -71.6121
618 -33.0544 -71.612
346 -33.0542 -71.6117
44 -33.0534 -71.6122
851 -33.0527 -71.6121
660 -33.052 -71.6118
834 -33.0522 -71.6117
394 -33.052 -71.6118
348 -33.0511 -71.6123
81 -33.0511 -71.6122
604 -33.0512 -71.6121
901 -33.0511 -71.6123
939 -33.0498 -71.6123
755 -33.0498 -71.6122
55 -33.0499 -71.612
862 -33.0516 -71.612
314 -33.0519 -71.6118
855 -33.052 -71.6118
530 -33.0499 -71.6117
722 -33.0499 -71.6119
88 -33.049 -71.6119
152 -33.0499 -71.6119
368 -33.0598 -71.6116
790 -33.0633 -71.6115
474 -33.0618 -71.6108
576 -33.0618 -71.6108
43 -33.0618 -71.6107
903 -33.0615 -71.6103
581 -33.0614 -71.6101
934 -33.0611 -71.6098
63 -33.0624 -71.6097
499 -33.0615 -71.6094
677 -33.0625 -71.6091
400 -33.0615 -71.6089
79 -33.0614 -71.6094
469 -33.0613 -71.6094
11 -33.0613 -71.6093
335 -33.0611 -71.6093
700 -33.061 -71.6093
627 -33.0599 -71.6116
307 -33.0599 -71.6116
26 -33.0601 -71.6104
876 -33.0597 -71.6116
305 -33.0595 -71.6106
886 -33.0597 -71.6105
866 -33.0596 -71.6098
970 -33.0608 -71.6096
473 -33.061 -71.6092
285 -33.061 -71.6091
705 -33.061 -71.609
225 -33.0609 -71.6089
463 -33.0608 -71.6096
72 -33.0608 -71.6094
858 -33.0608 -71.6088
438 -33.0608 -71.6088
740 -33.0607 -71.6088
422 -33.0607 -71.6087
461 -33.061 -71.6086
282 -33.0607 -71.6087
138 -33.0604 -71.6088
944 -33.0607 -71.6086
478 -33.0607 -71.6086
672 -33.0622 -71.6085
918 -33.0606 -71.6085
219 -33.0606 -71.6085
419 -33.0617 -71.608
878 -33.0605 -71.6084
723 -33.0605 -71.6084
489 -33.0604 -71.6084
715 -33.0603 -71.6083
470 -33.0603 -71.6083
332 -33.0602 -71.6083
458 -33.0603 -71.6083
664 -33.0602 -71.6082
132 -33.06 -71.6088
2 -33.059 -71.6088
73 -33.0598 -71.6088
810 -33.0598 -71.6082
156 -33.0602 -71.6082
350 -33.0601 -71.6082
62 -33.0601 -71.6081
94 -33.0598 -71.6079
532 -33.0598 -71.6079
846 -33.059 -71.6079
528 -33.059 -71.6079
626 -33.0589 -71.6088
190 -33.0589 -71.6112
259 -33.0589 -71.6112
748 -33.0589 -71.6112
187 -33.0585 -71.6113
15 -33.058 -71.6113
569 -33.0579 -71.6113
606 -33.0583 -71.6113
765 -33.058 -71.6112
97 -33.0584 -71.6105
657 -33.0586 -71.6101
362 -33.0589 -71.6095
856 -33.0584 -71.6086
558 -33.0584 -71.6106
454 -33.0582 -71.609
236 -33.0583 -71.6087
681 -33.0579 -71.6104
510 -33.0577 -71.6107
384 -33.0577 -71.6102
415 -33.0576 -71.6102
540 -33.0575 -71.6103
706 -33.0575 -71.6101
861 -33.0574 -71.6101
821 -33.0573 -71.61
143 -33.0572 -71.6099
874 -33.0576 -71.6088
997 -33.0578 -71.6082
675 -33.0578 -71.6082
535 -33.0575 -71.6088
745 -33.0574 -71.6097
268 -33.0573 -71.6096
811 -33.0578 -71.6082
229 -33.0581 -71.6081
325 -33.0581 -71.6081
736 -33.0581 -71.6081
199 -33.0581 -71.6081
375 -33.0578 -71.6082
321 -33.0581 -71.6081
788 -33.0581 -71.6081
294 -33.0582 -71.6081
624 -33.0584 -71.608
365 -33.0584 -71.608
832 -33.0586 -71.6079
192 -33.0583 -71.608
882 -33.0583 -71.608
243 -33.0583 -71.608
71 -33.0583 -71.608
556 -33.0578 -71.6082
395 -33.0577 -71.6082
287 -33.0577 -71.6081
103 -33.0577 -71.6081
993 -33.0576 -71.6081
244 -33.0575 -71.6081
737 -33.0574 -71.6081
371 -33.0573 -71.6081
242 -33.0573 -71.608
257 -33.0572 -71.608
339 -33.0572 -71.608
232 -33.0572 -71.608
215 -33.0572 -71.608
813 -33.0571 -71.608
839 -33.057 -71.608
746 -33.0598 -71.6079
833 -33.0609 -71.6075
592 -33.0608 -71.6074
977 -33.0617 -71.6073
662 -33.0607 -71.6077
888 -33.0601 -71.6078
753 -33.0605 -71.6077
46 -33.0601 -71.6072
912 -33.0602 -71.6072
808 -33.0612 -71.6068
441 -33.0634 -71.6065
159 -33.0609 -71.6065
925 -33.0607 -71.6064
281 -33.0602 -71.607
300 -33.0606 -71.6068
772 -33.0601 -71.6065
557 -33.0601 -71.6077
381 -33.06 -71.6077
468 -33.0592 -71.6076
328 -33.0592 -71.6076
714 -33.0591 -71.6077
757 -33.0589 -71.6078
167 -33.059 -71.6077
836 -33.0591 -71.6077
690 -33.0593 -71.6076
923 -33.0594 -71.6076
183 -33.0594 -71.6076
954 -33.0594 -71.6064
952 -33.0594 -71.6076
137 -33.0593 -71.6076
280 -33.0591 -71.6075
378 -33.0592 -71.6068
158 -33.0592 -71.6064
291 -33.0629 -71.6061
147 -33.0628 -71.606
870 -33.0627 -71.6059
331 -33.0626 -71.6058
83 -33.0601 -71.6063
825 -33.0602 -71.606
769 -33.0604 -71.6058
112 -33.0623 -71.6056
90 -33.0621 -71.6054
924 -33.0618 -71.6052
296 -33.0615 -71.6049
491 -33.061 -71.6055
857 -33.0607 -71.6055
922 -33.0607 -71.6054
78 -33.0607 -71.6046
129 -33.0601 -71.6063
32 -33.0594 -71.6064
261 -33.0599 -71.6062
311 -33.06 -71.6062
873 -33.0593 -71.6064
527 -33.0592 -71.6063
513 -33.0591 -71.6063
525 -33.059 -71.6063
622 -33.06 -71.6062
411 -33.0599 -71.6062
843 -33.06 -71.6061
169 -33.0597 -71.6045
620 -33.0597 -71.6045
221 -33.0591 -71.6054
293 -33.0589 -71.6041
471 -33.0589 -71.6078
56 -33.0588 -71.6078
785 -33.0588 -71.6078
929 -33.0589 -71.6078
752 -33.0587 -71.6079
741 -33.0587 -71.6079
653 -33.0587 -71.6079
369 -33.0587 -71.6079
966 -33.0588 -71.6078
398 -33.0589 -71.6078
981 -33.0589 -71.6078
502 -33.0589 -71.6078
126 -33.0587 -71.6068
110 -33.0584 -71.6073
671 -33.0586 -71.6073
704 -33.0584 -71.6072
168 -33.0584 -71.6067
319 -33.0577 -71.6076
182 -33.0582 -71.6074
613 -33.0577 -71.6073
390 -33.0576 -71.6074
8 -33.0573 -71.6069
670 -33.0574 -71.6069
276 -33.0574 -71.6069
230 -33.0575 -71.6069
172 -33.0579 -71.6068
16 -33.058 -71.6067
125 -33.0582 -71.6067
544 -33.0576 -71.6069
120 -33.0575 -71.6069
782 -33.0575 -71.6067
505 -33.0581 -71.6067
404 -33.0585 -71.6067
555 -33.0587 -71.6066
951 -33.0589 -71.6065
980 -33.0584 -71.6067
669 -33.0583 -71.6067
349 -33.0583 -71.6067
840 -33.0584 -71.6062
223 -33.0585 -71.6062
196 -33.0587 -71.6051
937 -33.0586 -71.6051
99 -33.0588 -71.6041
256 -33.0586 -71.605
136 -33.0582 -71.6059
984 -33.0583 -71.6058
595 -33.0583 -71.6051
417 -33.0582 -71.6067
845 -33.0581 -71.6067
284 -33.0582 -71.6067
990 -33.058 -71.6062
477 -33.058 -71.6059
503 -33.0578 -71.6066
357 -33.0576 -71.6064
472 -33.0575 -71.6061
460 -33.0577 -71.6058
316 -33.0577 -71.6058
1 -33.0577 -71.6046
957 -33.058 -71.6046
768 -33.0576 -71.6049
98 -33.0575 -71.6051
30 -33.057 -71.6046
141 -33.057 -71.6098
391 -33.0566 -71.61
815 -33.0567 -71.6097
673 -33.0564 -71.6096
372 -33.0557 -71.6104
517 -33.0553 -71.6104
336 -33.055 -71.6104
744 -33.0551 -71.61
770 -33.0564 -71.6096
931 -33.0563 -71.6095
433 -33.0563 -71.6095
895 -33.0561 -71.6089
65 -33.0561 -71.609
975 -33.0555 -71.6093
358 -33.056 -71.609
388 -33.0561 -71.6087
915 -33.0549 -71.6104
559 -33.054 -71.6113
401 -33.0539 -71.6113
345 -33.0538 -71.6111
133 -33.0538 -71.611
74 -33.0537 -71.6108
278 -33.0536 -71.6108
27 -33.0536 -71.6107
920 -33.0538 -71.6105
180 -33.0544 -71.6105
995 -33.0544 -71.6105
621 -33.0546 -71.6105
894 -33.054 -71.6105
465 -33.0536 -71.6085
695 -33.0536 -71.6085
258 -33.0536 -71.6085
932 -33.0537 -71.6085
3 -33.0546 -71.6085
814 -33.0546 -71.6085
246 -33.0546 -71.6085
841 -33.0545 -71.6085
486 -33.0545 -71.6085
162 -33.0545 -71.6085
702 -33.0545 -71.6085
249 -33.0544 -71.6085
459 -33.0547 -71.6085
451 -33.0547 -71.6084
95 -33.0547 -71.6084
969 -33.0546 -71.6085
798 -33.0544 -71.6085
898 -33.0544 -71.6085
288 -33.0543 -71.6085
524 -33.0543 -71.6085
338 -33.0543 -71.6085
865 -33.0543 -71.6085
974 -33.0542 -71.6085
4 -33.0541 -71.6085
317 -33.0537 -71.6085
428 -33.0535 -71.6085
817 -33.0539 -71.6085
766 -33.054 -71.6085
379 -33.054 -71.6085
750 -33.0539 -71.6085
439 -33.0538 -71.6085
539 -33.0538 -71.6085
526 -33.0538 -71.6085
164 -33.0538 -71.6085
985 -33.0535 -71.6085
77 -33.053 -71.6116
780 -33.0532 -71.6115
337 -33.0534 -71.6114
31 -33.0529 -71.6116
941 -33.0508 -71.6102
897 -33.0507 -71.6102
213 -33.0507 -71.6102
50 -33.051 -71.6101
631 -33.0512 -71.6099
541 -33.0512 -71.6099
854 -33.0512 -71.6099
436 -33.0511 -71.6099
868 -33.051 -71.6101
36 -33.051 -71.61
84 -33.0511 -71.61
318 -33.0506 -71.6102
694 -33.0501 -71.6109
383 -33.0501 -71.6108
799 -33.0501 -71.6106
716 -33.0501 -71.6109
643 -33.0491 -71.6115
968 -33.0499 -71.6113
724 -33.0495 -71.6112
48 -33.0501 -71.6105
140 -33.0506 -71.6102
206 -33.0504 -71.6102
853 -33.0506 -71.6102
440 -33.0502 -71.6101
933 -33.0501 -71.6105
283 -33.0502 -71.6104
778 -33.0512 -71.6099
234 -33.0521 -71.6087
119 -33.0521 -71.6086
823 -33.0521 -71.6086
701 -33.0521 -71.6087
728 -33.052 -71.609
680 -33.0521 -71.6087
590 -33.0521 -71.6087
418 -33.0521 -71.6086
58 -33.0535 -71.6085
651 -33.0534 -71.6085
956 -33.0521 -71.6084
457 -33.0521 -71.6085
231 -33.0521 -71.6086
634 -33.0521 -71.6085
807 -33.0521 -71.6085
0 -33.052 -71.609
612 -33.0515 -71.6096
302 -33.0516 -71.6095
432 -33.0516 -71.6095
960 -33.0514 -71.6097
586 -33.0513 -71.6098
519 -33.0513 -71.6098
218 -33.0513 -71.6098
515 -33.0517 -71.6094
648 -33.0519 -71.6092
538 -33.0519 -71.6092
637 -33.052 -71.609
462 -33.0517 -71.6094
374 -33.0517 -71.6094
435 -33.0504 -71.6092
824 -33.0547 -71.6084
731 -33.0568 -71.608
989 -33.0567 -71.608
397 -33.0567 -71.608
122 -33.0567 -71.608
806 -33.0566 -71.608
245 -33.0566 -71.608
691 -33.0566 -71.608
720 -33.0566 -71.608
887 -33.0565 -71.608
308 -33.0565 -71.608
21 -33.0565 -71.608
194 -33.0564 -71.608
875 -33.0563 -71.608
299 -33.0563 -71.608
682 -33.0563 -71.608
554 -33.0563 -71.608
953 -33.0553 -71.608
47 -33.0554 -71.608
135 -33.0554 -71.608
594 -33.0552 -71.6081
570 -33.0552 -71.6081
39 -33.0552 -71.6081
37 -33.0552 -71.6081
264 -33.0563 -71.608
410 -33.0563 -71.608
871 -33.0562 -71.608
913 -33.0562 -71.608
359 -33.0562 -71.6079
28 -33.0554 -71.608
667 -33.0561 -71.6079
921 -33.0561 -71.6079
289 -33.056 -71.6079
67 -33.0562 -71.6074
193 -33.0566 -71.6074
628 -33.0563 -71.6074
184 -33.056 -71.6075
616 -33.0558 -71.6079
6 -33.056 -71.6075
567 -33.056 -71.6075
247 -33.0565 -71.6073
910 -33.0569 -71.6071
406 -33.0569 -71.6046
826 -33.0569 -71.6046
564 -33.0567 -71.6072
267 -33.0567 -71.6072
578 -33.0567 -71.6072
149 -33.0562 -71.6044
492 -33.0557 -71.6077
893 -33.0557 -71.6078
959 -33.0557 -71.6078
896 -33.0557 -71.6078
104 -33.0556 -71.6078
490 -33.0554 -71.6079
609 -33.0555 -71.6079
800 -33.0555 -71.6078
965 -33.0556 -71.6078
650 -33.0556 -71.6078
41 -33.0557 -71.6077
552 -33.0557 -71.6077
445 -33.0556 -71.6078
689 -33.0556 -71.6078
776 -33.0554 -71.6048
630 -33.0552 -71.6081
928 -33.0548 -71.6084
663 -33.0548 -71.6084
684 -33.0549 -71.6083
330 -33.0548 -71.6084
656 -33.0533 -71.6084
356 -33.0547 -71.6084
342 -33.0532 -71.6084
943 -33.0549 -71.6083
344 -33.055 -71.6082
114 -33.055 -71.6082
543 -33.055 -71.6082
936 -33.055 -71.6082
352 -33.0549 -71.6083
131 -33.0549 -71.6083
396 -33.055 -71.6083
312 -33.0532 -71.6084
329 -33.0531 -71.6084
719 -33.0531 -71.6084
779 -33.0531 -71.6084
241 -33.0531 -71.6084
596 -33.053 -71.6083
96 -33.053 -71.6083
947 -33.053 -71.6083
804 -33.0529 -71.6083
518 -33.0528 -71.6083
685 -33.0528 -71.6083
86 -33.0527 -71.6082
522 -33.0526 -71.6082
828 -33.0522 -71.6082
481 -33.0522 -71.6082
548 -33.0526 -71.6082
699 -33.0551 -71.6082
443 -33.0551 -71.6082
426 -33.0551 -71.6082
514 -33.0551 -71.6082
926 -33.055 -71.6082
584 -33.055 -71.6082
665 -33.0526 -71.6082
45 -33.0551 -71.6081
777 -33.0552 -71.6081
781 -33.0545 -71.6053
121 -33.0546 -71.6052
507 -33.0541 -71.6058
792 -33.0537 -71.6061
729 -33.0537 -71.6061
533 -33.0532 -71.6047
709 -33.0526 -71.6082
207 -33.0525 -71.6082
444 -33.0525 -71.6082
76 -33.0525 -71.6082
178 -33.0522 -71.6082
425 -33.0522 -71.6082
248 -33.0516 -71.6082
971 -33.0517 -71.6082
847 -33.0524 -71.6081
654 -33.0524 -71.6081
240 -33.0523 -71.6081
64 -33.0523 -71.6081
363 -33.0522 -71.6081
153 -33.0522 -71.6081
899 -33.0522 -71.6078
