145 -33.0623 -71.6158
179 -33.0624 -71.6158
495 -33.0623 -71.6157
166 -33.0622 -71.6156
448 -33.0621 -71.6158
171 -33.0619 -71.6158
908 -33.0616 -71.6158
290 -33.0632 -71.6155
619 -33.0639 -71.6153
271 -33.0639 -71.6153
754 -33.0641 -71.6152
466 -33.0627 -71.6154
403 -33.0622 -71.6154
838 -33.062 -71.6152
907 -33.0621 -71.6151
930 -33.0615 -71.6158
393 -33.061 -71.616
506 -33.0611 -71.616
727 -33.0613 -71.6159
327 -33.0609 -71.6161
585 -33.0606 -71.6162
597 -33.0607 -71.6162
128 -33.0608 -71.6161
487 -33.0613 -71.6159
946 -33.0614 -71.6159
614 -33.0611 -71.6155
423 -33.061 -71.6154
803 -33.061 -71.6154
154 -33.0607 -71.6155
446 -33.0608 -71.6155
456 -33.0609 -71.6154
760 -33.0621 -71.6151
455 -33.0633 -71.6149
286 -33.0627 -71.6136
958 -33.0627 -71.6136
978 -33.0627 -71.6151
301 -33.0626 -71.615
475 -33.0626 -71.615
14 -33.0626 -71.6135
917 -33.0623 -71.6135
531 -33.0639 -71.6133
238 -33.0639 -71.6133
118 -33.0639 -71.6133
52 -33.0629 -71.6132
51 -33.0623 -71.6135
582 -33.0625 -71.6135
501 -33.0622 -71.6135
351 -33.0622 -71.6134
483 -33.0607 -71.6139
127 -33.0608 -71.6136
198 -33.061 -71.6134
424 -33.0607 -71.6139
467 -33.0606 -71.6141
123 -33.0606 -71.6141
686 -33.0607 -71.614
819 -33.061 -71.6134
274 -33.061 -71.6134
762 -33.061 -71.6134
579 -33.0621 -71.6131
189 -33.061 -71.6134
994 -33.061 -71.6134
809 -33.061 -71.6134
61 -33.0606 -71.6141
611 -33.0604 -71.6156
367 -33.06 -71.6144
117 -33.0601 -71.6144
228 -33.06 -71.6144
262 -33.0599 -71.6145
431 -33.06 -71.6145
89 -33.06 -71.6144
546 -33.0601 -71.6144
7 -33.0604 -71.6142
767 -33.0605 -71.6142
600 -33.0604 -71.6141
49 -33.0603 -71.6142
279 -33.0602 -71.6143
711 -33.0603 -71.6143
945 -33.0603 -71.6143
100 -33.0599 -71.616
904 -33.0597 -71.6166
739 -33.0597 -71.6147
148 -33.0597 -71.6147
773 -33.0596 -71.6148
109 -33.0594 -71.6167
593 -33.0594 -71.6167
962 -33.0596 -71.6148
698 -33.0597 -71.6147
549 -33.0597 -71.6146
726 -33.0597 -71.6145
204 -33.0598 -71.6145
405 -33.0595 -71.614
632 -33.0594 -71.6142
734 -33.0595 -71.6141
385 -33.0595 -71.6141
783 -33.0595 -71.614
580 -33.0601 -71.6134
751 -33.0601 -71.6134
615 -33.0602 -71.6134
860 -33.06 -71.6134
927 -33.0598 -71.6137
354 -33.0598 -71.6137
320 -33.06 -71.6134
565 -33.06 -71.6133
787 -33.0603 -71.613
134 -33.0604 -71.613
150 -33.0605 -71.6129
880 -33.0601 -71.6133
295 -33.0598 -71.6128
70 -33.0599 -71.6128
414 -33.06 -71.6128
116 -33.0598 -71.6136
967 -33.0598 -71.6138
93 -33.0597 -71.6137
795 -33.0598 -71.6136
355 -33.0597 -71.6139
756 -33.0595 -71.614
430 -33.0596 -71.6139
177 -33.0597 -71.6138
340 -33.0598 -71.6136
566 -33.0594 -71.6129
666 -33.0597 -71.6128
791 -33.0597 -71.6128
19 -33.0594 -71.6129
831 -33.0594 -71.6129
270 -33.0594 -71.6129
235 -33.06 -71.6128
160 -33.0627 -71.6126
57 -33.0633 -71.6126
285 -33.0634 -71.6124
878 -33.0627 -71.6125
255 -33.0626 -71.6128
269 -33.0627 -71.6124
489 -33.0627 -71.6124
224 -33.0627 -71.6123
705 -33.0638 -71.6121
700 -33.064 -71.6121
976 -33.0646 -71.6121
251 -33.0637 -71.6121
816 -33.0628 -71.6122
347 -33.0629 -71.6121
986 -33.0627 -71.612
22 -33.0625 -71.6121
309 -33.0625 -71.6121
62 -33.0624 -71.6121
641 -33.0623 -71.612
366 -33.0622 -71.6126
87 -33.0614 -71.6121
837 -33.0616 -71.6121
577 -33.0617 -71.612
69 -33.0622 -71.612
200 -33.062 -71.612
208 -33.062 -71.612
733 -33.0623 -71.612
373 -33.062 -71.612
324 -33.0618 -71.612
202 -33.0619 -71.612
759 -33.0619 -71.612
674 -33.0633 -71.6119
408 -33.0637 -71.6117
480 -33.0646 -71.6114
413 -33.0647 -71.6113
370 -33.0636 -71.6118
387 -33.0632 -71.6113
561 -33.0631 -71.6112
209 -33.0631 -71.6112
407 -33.0637 -71.6112
869 -33.0648 -71.6106
640 -33.0648 -71.6106
482 -33.0648 -71.6105
790 -33.064 -71.6108
523 -33.0639 -71.6112
11 -33.064 -71.6111
499 -33.064 -71.6107
642 -33.063 -71.6113
452 -33.0619 -71.6118
789 -33.0629 -71.6117
934 -33.0619 -71.6112
146 -33.0619 -71.6111
918 -33.0618 -71.611
297 -33.0618 -71.6108
752 -33.0618 -71.6108
474 -33.0618 -71.6108
310 -33.0618 -71.6107
43 -33.0618 -71.6106
818 -33.0618 -71.6105
740 -33.0617 -71.6107
458 -33.0615 -71.6107
537 -33.0617 -71.6105
903 -33.0614 -71.6107
844 -33.0609 -71.6125
973 -33.0609 -71.6124
254 -33.0609 -71.6124
292 -33.0608 -71.6125
392 -33.0607 -71.6126
942 -33.0607 -71.6126
707 -33.0608 -71.6125
575 -33.0609 -71.6124
599 -33.061 -71.6123
437 -33.061 -71.6123
679 -33.061 -71.6123
655 -33.061 -71.6123
761 -33.061 -71.6124
434 -33.061 -71.6124
233 -33.061 -71.6124
201 -33.0607 -71.6126
534 -33.0603 -71.6128
562 -33.0604 -71.6128
275 -33.0605 -71.6128
449 -33.0602 -71.6128
623 -33.06 -71.6128
203 -33.0601 -71.6128
996 -33.0602 -71.6128
864 -33.0605 -71.6128
265 -33.0606 -71.6127
892 -33.0606 -71.6127
992 -33.0606 -71.6127
658 -33.0603 -71.6128
991 -33.0595 -71.6125
237 -33.0603 -71.6124
738 -33.0611 -71.6123
498 -33.0614 -71.6122
661 -33.0614 -71.6122
607 -33.0614 -71.6121
747 -33.0613 -71.6122
341 -33.0611 -71.6123
863 -33.0611 -71.6123
693 -33.0613 -71.6122
306 -33.0603 -71.6121
272 -33.0608 -71.612
627 -33.0609 -71.6115
12 -33.0612 -71.6115
307 -33.0607 -71.6116
603 -33.0605 -71.612
771 -33.0604 -71.6116
252 -33.0605 -71.6116
876 -33.0603 -71.611
334 -33.0603 -71.6119
601 -33.0603 -71.6118
82 -33.0601 -71.6116
815 -33.0601 -71.6116
955 -33.0595 -71.612
368 -33.0598 -71.6116
919 -33.06 -71.6116
902 -33.0595 -71.6114
877 -33.0596 -71.6106
998 -33.0602 -71.6106
909 -33.0598 -71.6106
770 -33.0595 -71.6107
743 -33.0595 -71.6109
706 -33.0594 -71.6105
107 -33.0594 -71.6142
786 -33.0588 -71.617
949 -33.0588 -71.6169
964 -33.059 -71.6169
983 -33.0588 -71.6169
494 -33.0585 -71.6169
10 -33.0587 -71.6169
979 -33.0587 -71.6169
130 -33.0593 -71.6168
659 -33.059 -71.6152
830 -33.0591 -71.6151
749 -33.0592 -71.6151
504 -33.0589 -71.6152
165 -33.0585 -71.6167
703 -33.0588 -71.6153
636 -33.0586 -71.6149
66 -33.0584 -71.6156
364 -33.0584 -71.6162
961 -33.0583 -71.616
91 -33.0583 -71.616
343 -33.0583 -71.6151
382 -33.0582 -71.6157
867 -33.0582 -71.6157
652 -33.0581 -71.615
174 -33.0582 -71.615
13 -33.0583 -71.6149
859 -33.0583 -71.6149
572 -33.0584 -71.6148
323 -33.0582 -71.6148
191 -33.0582 -71.615
273 -33.0582 -71.615
313 -33.0582 -71.6149
488 -33.0588 -71.6148
144 -33.0589 -71.6146
111 -33.059 -71.6146
38 -33.059 -71.6145
315 -33.0589 -71.6146
304 -33.0589 -71.6147
195 -33.0589 -71.6146
75 -33.0589 -71.6146
450 -33.0591 -71.6145
185 -33.0593 -71.6143
250 -33.0592 -71.6143
421 -33.0593 -71.6143
678 -33.0592 -71.6143
852 -33.0591 -71.6144
500 -33.0591 -71.6144
163 -33.0592 -71.6144
497 -33.0589 -71.6147
115 -33.0588 -71.6148
24 -33.0588 -71.6148
890 -33.0588 -71.6148
574 -33.0585 -71.6147
105 -33.0583 -71.6148
721 -33.0583 -71.6148
176 -33.0585 -71.6148
884 -33.0585 -71.6147
226 -33.0589 -71.6147
512 -33.0586 -71.6144
496 -33.0587 -71.6143
142 -33.0586 -71.6147
106 -33.0586 -71.6147
797 -33.0586 -71.6146
68 -33.0581 -71.6144
409 -33.0577 -71.6179
708 -33.0579 -71.6177
536 -33.0577 -71.6156
511 -33.0577 -71.6179
427 -33.057 -71.6183
509 -33.0567 -71.6183
353 -33.0574 -71.6171
161 -33.0577 -71.6155
692 -33.058 -71.615
697 -33.0579 -71.615
900 -33.0578 -71.615
712 -33.0578 -71.615
157 -33.0564 -71.615
92 -33.0564 -71.615
529 -33.0578 -71.6149
794 -33.0564 -71.615
849 -33.0561 -71.6161
644 -33.0562 -71.616
629 -33.0562 -71.6159
516 -33.0561 -71.618
911 -33.056 -71.616
764 -33.0559 -71.6159
988 -33.055 -71.6158
205 -33.0548 -71.6158
610 -33.056 -71.6155
635 -33.056 -71.6153
710 -33.0564 -71.615
277 -33.0548 -71.6157
820 -33.0548 -71.6157
938 -33.0547 -71.6157
835 -33.0579 -71.6149
625 -33.0579 -71.6149
361 -33.0578 -71.6149
812 -33.0576 -71.6149
181 -33.0576 -71.6149
263 -33.0575 -71.6149
883 -33.0575 -71.6149
850 -33.0575 -71.6149
239 -33.0574 -71.6149
377 -33.0577 -71.6145
476 -33.0581 -71.6144
713 -33.0581 -71.6144
885 -33.0577 -71.6144
453 -33.0573 -71.6147
59 -33.0574 -71.6144
380 -33.0574 -71.6143
416 -33.0573 -71.6149
829 -33.0572 -71.6148
573 -33.0571 -71.6148
889 -33.057 -71.6148
170 -33.057 -71.6148
763 -33.0565 -71.6149
987 -33.0565 -71.6149
25 -33.0566 -71.6148
639 -33.0567 -71.6148
54 -33.0569 -71.6147
333 -33.0569 -71.6147
598 -33.0569 -71.6147
113 -33.0568 -71.6147
155 -33.0567 -71.6148
605 -33.0568 -71.6147
948 -33.0582 -71.6142
916 -33.0591 -71.6135
399 -33.0591 -71.6135
102 -33.0591 -71.6135
402 -33.0591 -71.6136
545 -33.0589 -71.6139
464 -33.0591 -71.6136
950 -33.0591 -71.6134
687 -33.059 -71.6134
617 -33.0591 -71.6129
906 -33.0591 -71.6129
33 -33.0592 -71.6129
914 -33.059 -71.6129
822 -33.0589 -71.6133
124 -33.0588 -71.6129
266 -33.0589 -71.6129
891 -33.0588 -71.6135
571 -33.0584 -71.6138
211 -33.0585 -71.6137
668 -33.0586 -71.6133
175 -33.0584 -71.6139
551 -33.0582 -71.6142
521 -33.0583 -71.6134
881 -33.0583 -71.6134
963 -33.0582 -71.6131
18 -33.0584 -71.613
42 -33.0585 -71.613
717 -33.0587 -71.613
188 -33.0583 -71.613
227 -33.0582 -71.6131
260 -33.0583 -71.613
568 -33.0582 -71.6129
730 -33.0593 -71.6129
801 -33.0592 -71.6128
23 -33.0592 -71.6126
303 -33.0591 -71.6125
742 -33.0589 -71.6128
386 -33.0589 -71.6127
20 -33.0589 -71.6127
29 -33.0588 -71.6126
676 -33.0591 -71.6122
298 -33.0593 -71.6116
563 -33.0593 -71.6116
216 -33.0594 -71.6116
187 -33.0592 -71.6112
905 -33.0588 -71.6121
259 -33.0589 -71.6112
748 -33.0589 -71.6112
560 -33.0588 -71.6117
842 -33.0583 -71.6126
197 -33.0585 -71.6124
588 -33.0583 -71.6124
214 -33.0583 -71.6127
872 -33.0583 -71.6127
645 -33.0583 -71.6127
108 -33.0582 -71.6123
805 -33.0584 -71.6117
151 -33.0584 -71.6117
547 -33.0585 -71.6113
775 -33.0584 -71.6106
558 -33.0584 -71.6106
606 -33.0583 -71.6113
372 -33.0583 -71.6113
210 -33.0582 -71.6107
412 -33.058 -71.6139
85 -33.0581 -71.6137
212 -33.0581 -71.6136
550 -33.058 -71.6139
5 -33.0578 -71.6139
389 -33.0579 -71.6139
688 -33.0579 -71.6139
647 -33.0581 -71.6136
848 -33.0581 -71.6133
758 -33.0581 -71.613
508 -33.0581 -71.613
796 -33.0581 -71.6136
725 -33.058 -71.613
44 -33.058 -71.613
346 -33.0578 -71.6129
429 -33.0578 -71.6139
17 -33.0578 -71.6139
53 -33.0575 -71.6139
999 -33.0576 -71.6139
479 -33.0575 -71.6141
217 -33.0574 -71.6142
618 -33.0574 -71.6142
589 -33.0554 -71.614
940 -33.0578 -71.6139
35 -33.0577 -71.6131
186 -33.0578 -71.6129
649 -33.0578 -71.6129
520 -33.0577 -71.6131
40 -33.0574 -71.6135
591 -33.0576 -71.6134
173 -33.0576 -71.6129
683 -33.0581 -71.6124
253 -33.0581 -71.6123
358 -33.0581 -71.6117
638 -33.0581 -71.6121
442 -33.058 -71.6119
861 -33.0575 -71.6119
681 -33.0575 -71.6116
15 -33.058 -71.6113
621 -33.0582 -71.6113
821 -33.0581 -71.6108
920 -33.0581 -71.6105
388 -33.0581 -71.6113
569 -33.0579 -71.6113
915 -33.058 -71.611
510 -33.0577 -71.6107
559 -33.0575 -71.6128
851 -33.0572 -71.6128
553 -33.0552 -71.6124
862 -33.0562 -71.6124
972 -33.0548 -71.6124
793 -33.0547 -71.6124
447 -33.0529 -71.6116
9 -33.0538 -71.6113
827 -33.0538 -71.6113
673 -33.0574 -71.6106
604 -33.0545 -71.6105
834 -33.0556 -71.6105
81 -33.0544 -71.6105
901 -33.0543 -71.6105
348 -33.0543 -71.6105
394 -33.0554 -71.6104
473 -33.0647 -71.6103
470 -33.0634 -71.6101
326 -33.0645 -71.6099
63 -33.0632 -71.61
774 -33.0631 -71.61
282 -33.0632 -71.61
715 -33.0631 -71.6099
858 -33.063 -71.6099
469 -33.0648 -71.6098
677 -33.0644 -71.6095
664 -33.0637 -71.6092
532 -33.0632 -71.6093
757 -33.0627 -71.6097
183 -33.0628 -71.6092
328 -33.0627 -71.6092
471 -33.0626 -71.6096
581 -33.0617 -71.6103
879 -33.0623 -71.6096
646 -33.0622 -71.6095
576 -33.0617 -71.6103
415 -33.061 -71.6103
26 -33.061 -71.6103
94 -33.0612 -71.6098
624 -33.062 -71.6095
422 -33.062 -71.6095
882 -33.062 -71.6095
294 -33.0619 -71.6094
788 -33.0618 -71.6094
339 -33.061 -71.6092
813 -33.061 -71.6092
375 -33.0617 -71.6092
690 -33.0626 -71.6092
723 -33.0642 -71.6092
79 -33.0646 -71.609
438 -33.0642 -71.609
420 -33.064 -71.6089
952 -33.0623 -71.6091
944 -33.0637 -71.6088
219 -33.0635 -71.6087
72 -33.0622 -71.6085
335 -33.064 -71.6083
350 -33.0625 -71.6082
225 -33.0632 -71.6077
463 -33.0625 -71.608
156 -33.0623 -71.6083
832 -33.0623 -71.6081
369 -33.0624 -71.6079
736 -33.0622 -71.6085
741 -33.0621 -71.609
653 -33.0617 -71.609
60 -33.0618 -71.6087
103 -33.0617 -71.6089
71 -33.0614 -71.6089
215 -33.0613 -71.6089
232 -33.0612 -71.6089
192 -33.061 -71.6086
608 -33.062 -71.6086
199 -33.062 -71.6085
714 -33.0619 -71.6084
419 -33.0617 -71.608
981 -33.0617 -71.6077
398 -33.0613 -71.6077
461 -33.061 -71.6086
138 -33.0605 -71.6096
970 -33.0608 -71.6096
839 -33.061 -71.6091
73 -33.0605 -71.6093
190 -33.0602 -71.6104
886 -33.0602 -71.6103
97 -33.0603 -71.6101
731 -33.0608 -71.6088
245 -33.0607 -71.6088
806 -33.0607 -71.6088
691 -33.0607 -71.6088
21 -33.0607 -71.6087
194 -33.0607 -71.6086
682 -33.0606 -71.6085
746 -33.0606 -71.6085
305 -33.0601 -71.6101
542 -33.06 -71.6104
602 -33.0598 -71.61
376 -33.0598 -71.61
517 -33.0594 -71.6099
765 -33.0592 -71.6104
336 -33.0592 -71.6102
587 -33.0592 -71.61
391 -33.0595 -71.6098
866 -33.0596 -71.6098
626 -33.06 -71.6088
132 -33.06 -71.6088
141 -33.0595 -71.6098
143 -33.0595 -71.6098
2 -33.0592 -71.6088
871 -33.0606 -71.6085
913 -33.0605 -71.6085
921 -33.0605 -71.6084
667 -33.0605 -71.6084
289 -33.0604 -71.6084
410 -33.0604 -71.6084
332 -33.0602 -71.6083
616 -33.0601 -71.6082
959 -33.0601 -71.6082
753 -33.0607 -71.6079
359 -33.0606 -71.6078
264 -33.0605 -71.6078
965 -33.0602 -71.6077
896 -33.0601 -71.6081
468 -33.0601 -71.6079
888 -33.0601 -71.6078
242 -33.0601 -71.6083
810 -33.0598 -71.6082
609 -33.0599 -71.608
28 -33.0598 -71.608
490 -33.0598 -71.6081
308 -33.0593 -71.6083
167 -33.0598 -71.6082
330 -33.0592 -71.608
37 -33.0597 -71.6079
229 -33.0599 -71.6078
594 -33.0597 -71.6077
570 -33.0597 -71.6076
39 -33.0597 -71.6078
45 -33.0595 -71.6077
630 -33.0596 -71.6076
663 -33.0592 -71.6076
296 -33.0643 -71.6071
331 -33.0642 -71.6068
922 -33.0642 -71.6067
769 -33.0642 -71.6068
400 -33.0631 -71.6075
441 -33.0634 -71.6065
147 -33.0633 -71.6065
825 -33.0639 -71.6065
622 -33.0637 -71.6064
291 -33.0637 -71.6064
620 -33.0638 -71.6064
261 -33.0636 -71.6064
32 -33.0632 -71.6062
112 -33.0632 -71.6062
158 -33.0631 -71.6061
293 -33.063 -71.6062
478 -33.0622 -71.6074
997 -33.0619 -71.6069
833 -33.0619 -71.6069
977 -33.0617 -71.6073
122 -33.0612 -71.6074
737 -33.0617 -71.6073
720 -33.061 -71.6072
662 -33.0619 -71.6068
672 -33.0625 -71.6068
325 -33.0622 -71.6063
592 -33.0623 -71.6062
287 -33.0618 -71.6064
808 -33.0612 -71.6068
381 -33.0611 -71.6066
785 -33.0613 -71.6064
56 -33.0611 -71.6061
924 -33.064 -71.6061
870 -33.0648 -71.606
90 -33.0645 -71.6059
78 -33.0638 -71.6059
169 -33.0636 -71.6061
843 -33.0636 -71.6061
99 -33.0629 -71.606
951 -33.0627 -71.6059
669 -33.0623 -71.6055
349 -33.0624 -71.6055
857 -33.0624 -71.6055
417 -33.0623 -71.6055
284 -33.0622 -71.6055
505 -33.0621 -71.6054
845 -33.0621 -71.6054
16 -33.0619 -71.6053
966 -33.0619 -71.6058
557 -33.0619 -71.6058
172 -33.0619 -71.6053
923 -33.0619 -71.6057
836 -33.061 -71.606
491 -33.061 -71.6055
544 -33.0617 -71.605
910 -33.0611 -71.605
276 -33.0615 -71.6049
230 -33.0615 -71.6049
8 -33.0614 -71.6049
30 -33.0613 -71.6048
826 -33.0612 -71.6047
120 -33.0611 -71.6047
395 -33.0609 -71.6065
556 -33.0607 -71.6075
502 -33.0607 -71.6074
365 -33.0607 -71.6071
989 -33.0607 -71.607
912 -33.0602 -71.6072
281 -33.0602 -71.607
397 -33.0602 -71.6069
300 -33.0606 -71.6068
159 -33.0609 -71.6065
137 -33.0609 -71.6065
925 -33.0607 -71.6064
299 -33.0601 -71.6068
321 -33.0601 -71.6067
772 -33.0601 -71.6065
243 -33.0601 -71.6065
46 -33.0601 -71.6072
584 -33.0594 -71.6076
371 -33.0593 -71.6076
114 -33.0594 -71.6076
378 -33.0592 -71.6068
280 -33.0591 -71.6075
671 -33.0591 -71.6067
445 -33.0591 -71.6067
404 -33.0595 -71.6065
954 -33.0594 -71.6064
125 -33.0594 -71.6064
936 -33.0594 -71.6064
396 -33.0593 -71.6064
352 -33.0593 -71.6064
344 -33.0593 -71.6064
873 -33.0593 -71.6064
247 -33.0601 -71.6063
83 -33.0601 -71.6063
129 -33.0601 -71.6063
41 -33.0601 -71.6061
311 -33.06 -71.6062
689 -33.0599 -71.6062
104 -33.06 -71.6062
670 -33.0602 -71.6061
67 -33.0605 -71.6056
267 -33.0609 -71.6053
578 -33.0609 -71.6052
184 -33.0603 -71.6058
552 -33.0601 -71.6061
567 -33.0603 -71.6059
6 -33.0603 -71.6058
411 -33.0599 -71.6062
777 -33.0595 -71.6064
953 -33.0597 -71.6063
47 -33.0597 -71.6063
543 -33.0594 -71.6064
443 -33.0594 -71.6064
926 -33.0594 -71.6064
527 -33.0592 -71.6063
513 -33.0591 -71.6063
135 -33.0598 -71.6063
149 -33.0596 -71.6055
406 -33.0597 -71.6054
1 -33.0595 -71.6051
256 -33.0594 -71.6055
221 -33.0591 -71.6054
824 -33.0591 -71.6077
895 -33.059 -71.6101
657 -33.0586 -71.6101
800 -33.0586 -71.6101
995 -33.0585 -71.61
975 -33.0584 -71.6101
180 -33.0583 -71.6101
745 -33.0582 -71.6101
433 -33.0583 -71.6099
362 -33.0589 -71.6095
856 -33.0587 -71.6093
131 -33.0587 -71.6092
684 -33.0583 -71.609
894 -33.0581 -71.6098
875 -33.0583 -71.6092
454 -33.0582 -71.609
65 -33.058 -71.6099
27 -33.0577 -71.6102
384 -33.0577 -71.6102
268 -33.058 -71.6099
278 -33.0577 -71.6102
540 -33.0575 -71.6103
345 -33.0574 -71.61
337 -33.0568 -71.6099
744 -33.0578 -71.6096
162 -33.0569 -71.6095
74 -33.0573 -71.6095
133 -33.0571 -71.6095
401 -33.0569 -71.6095
780 -33.0561 -71.6095
77 -33.056 -71.6095
31 -33.0558 -71.6091
451 -33.0585 -71.6089
931 -33.0587 -71.6089
236 -33.0588 -71.6088
699 -33.0589 -71.6088
650 -33.0584 -71.6086
338 -33.0583 -71.6088
257 -33.0583 -71.6087
524 -33.0584 -71.6087
426 -33.0582 -71.6084
554 -33.0587 -71.6083
675 -33.0584 -71.608
439 -33.0582 -71.608
526 -33.0582 -71.6081
932 -33.0581 -71.6081
465 -33.0581 -71.6081
317 -33.0581 -71.6081
244 -33.058 -71.6083
811 -33.0579 -71.6083
58 -33.0579 -71.6082
258 -33.058 -71.6081
985 -33.0579 -71.6082
874 -33.0576 -71.6088
535 -33.0575 -71.6088
656 -33.0577 -71.6082
695 -33.058 -71.6081
779 -33.0575 -71.6081
893 -33.0575 -71.6081
719 -33.0575 -71.6081
96 -33.0574 -71.6081
947 -33.0574 -71.6081
709 -33.057 -71.608
855 -33.0554 -71.6104
314 -33.0552 -71.6098
660 -33.0552 -71.6098
583 -33.0521 -71.6087
493 -33.052 -71.6089
88 -33.052 -71.609
80 -33.052 -71.609
935 -33.052 -71.6089
484 -33.0521 -71.6086
941 -33.0544 -71.6085
213 -33.0544 -71.6085
868 -33.0546 -71.6085
897 -33.0544 -71.6085
283 -33.0536 -71.6085
933 -33.0535 -71.6085
48 -33.0535 -71.6085
485 -33.052 -71.609
802 -33.0515 -71.6097
784 -33.0515 -71.6096
735 -33.0515 -71.6096
696 -33.0514 -71.6097
101 -33.0502 -71.6102
139 -33.0514 -71.6097
322 -33.0514 -71.6097
220 -33.0516 -71.6095
718 -33.0518 -71.6093
360 -33.0519 -71.6092
34 -33.052 -71.609
982 -33.0517 -71.6094
222 -33.0516 -71.6095
633 -33.0516 -71.6095
318 -33.0542 -71.6085
436 -33.0548 -71.6084
631 -33.0548 -71.6084
84 -33.0548 -71.6084
36 -33.0547 -71.6084
140 -33.0542 -71.6085
853 -33.0541 -71.6085
50 -33.0546 -71.6085
854 -33.0549 -71.6083
218 -33.055 -71.6082
960 -33.0551 -71.6082
612 -33.0552 -71.6081
519 -33.055 -71.6083
541 -33.0549 -71.6083
778 -33.0549 -71.6083
586 -33.0549 -71.6083
206 -33.054 -71.6085
440 -33.0538 -71.6085
694 -33.0532 -71.6084
383 -33.0532 -71.6084
716 -33.0532 -71.6084
643 -33.0521 -71.6085
732 -33.0521 -71.6084
939 -33.0522 -71.6084
968 -33.0528 -71.6083
530 -33.0525 -71.6082
724 -33.0524 -71.6081
152 -33.0524 -71.6081
722 -33.0524 -71.6081
755 -33.0522 -71.6082
55 -33.0523 -71.6081
548 -33.057 -71.608
846 -33.059 -71.6079
528 -33.059 -71.6079
798 -33.0588 -71.6078
249 -33.0588 -71.6078
4 -33.0584 -71.608
974 -33.0586 -71.6079
288 -33.0587 -71.6079
929 -33.0589 -71.6078
486 -33.0589 -71.6078
814 -33.0589 -71.6078
3 -33.059 -71.6077
704 -33.0588 -71.6066
887 -33.0586 -71.6067
555 -33.0587 -71.6066
126 -33.0588 -71.6066
980 -33.0584 -71.6067
817 -33.0584 -71.608
110 -33.0584 -71.6073
514 -33.0584 -71.6073
993 -33.0581 -71.6078
750 -33.0579 -71.608
613 -33.0577 -71.6073
379 -33.0578 -71.6073
865 -33.0582 -71.6072
182 -33.0583 -71.6071
168 -33.0584 -71.6067
766 -33.0583 -71.6067
164 -33.058 -71.6067
651 -33.0577 -71.6068
428 -33.0577 -71.6068
503 -33.0578 -71.6066
898 -33.0586 -71.6066
459 -33.0589 -71.6065
95 -33.059 -71.6065
356 -33.0591 -71.6065
969 -33.0589 -71.6065
702 -33.0586 -71.6066
841 -33.0588 -71.6065
246 -33.0588 -71.6065
525 -33.059 -71.6063
628 -33.0588 -71.6062
196 -33.0587 -71.6051
957 -33.0587 -71.6051
928 -33.0587 -71.6062
223 -33.0585 -71.6062
776 -33.0586 -71.6051
937 -33.0586 -71.6051
781 -33.0585 -71.605
840 -33.0584 -71.6062
782 -33.0583 -71.6062
136 -33.0582 -71.6059
492 -33.0582 -71.6062
357 -33.0578 -71.6062
990 -33.058 -71.6062
943 -33.058 -71.6062
477 -33.058 -71.6059
984 -33.0583 -71.6058
564 -33.0583 -71.6057
595 -33.0583 -71.6051
460 -33.0578 -71.6058
792 -33.0577 -71.6046
533 -33.0577 -71.6046
316 -33.0577 -71.6058
522 -33.057 -71.608
665 -33.057 -71.608
444 -33.0569 -71.608
207 -33.0569 -71.608
76 -33.0569 -71.608
654 -33.0568 -71.608
847 -33.0568 -71.608
153 -33.0567 -71.608
363 -33.0567 -71.608
64 -33.0566 -71.608
240 -33.0566 -71.608
425 -33.0566 -71.608
828 -33.0565 -71.608
481 -33.0566 -71.608
457 -33.0563 -71.608
634 -33.0563 -71.608
807 -33.0563 -71.608
956 -33.0563 -71.608
231 -33.0562 -71.6079
823 -33.0562 -71.6079
432 -33.0553 -71.608
302 -33.0554 -71.608
418 -33.0562 -71.6079
515 -33.0554 -71.6079
590 -33.0561 -71.6079
680 -33.0561 -71.6079
701 -33.0561 -71.6079
728 -33.0559 -71.6079
374 -33.0554 -71.6079
462 -33.0554 -71.6079
0 -33.0558 -71.6079
193 -33.0577 -71.6076
319 -33.0577 -71.6076
390 -33.0577 -71.6072
539 -33.0575 -71.6076
518 -33.0573 -71.6075
685 -33.0571 -71.607
596 -33.0572 -71.6069
329 -33.0574 -71.6069
121 -33.0575 -71.6051
768 -33.0576 -71.6049
729 -33.0577 -71.6046
507 -33.0575 -71.6051
241 -33.0573 -71.6068
472 -33.0575 -71.6061
98 -33.0575 -71.6051
804 -33.0571 -71.607
119 -33.0561 -71.6075
178 -33.0565 -71.6073
86 -33.057 -71.6071
234 -33.0561 -71.6075
637 -33.0558 -71.6079
538 -33.0557 -71.6078
648 -33.0556 -71.6078
799 -33.0524 -71.6069
342 -33.0566 -71.6064
312 -33.0566 -71.6064
899 -33.0554 -71.6048
248 -33.0549 -71.6051
435 -33.0535 -71.6063
971 -33.0548 -71.6051
