315 -33.0519 -71.6247
327 -33.0519 -71.6245
253 -33.0524 -71.6244
38 -33.0519 -71.6247
142 -33.0518 -71.6252
115 -33.0518 -71.6251
497 -33.0518 -71.6251
930 -33.0524 -71.6244
266 -33.0524 -71.6244
880 -33.053 -71.6238
177 -33.0525 -71.6238
487 -33.0523 -71.6235
678 -33.0519 -71.6243
260 -33.0521 -71.6235
500 -33.0518 -71.6234
85 -33.0518 -71.6252
940 -33.0514 -71.6252
66 -33.0516 -71.6252
176 -33.0515 -71.6252
961 -33.0513 -71.6253
217 -33.051 -71.6254
479 -33.0511 -71.6251
34 -33.0508 -71.6251
109 -33.0508 -71.6251
226 -33.0515 -71.6243
5 -33.0514 -71.6243
796 -33.0514 -71.6243
647 -33.0514 -71.6243
550 -33.0511 -71.6243
716 -33.0509 -71.6235
694 -33.051 -71.6234
703 -33.0516 -71.6233
210 -33.0528 -71.6223
377 -33.0528 -71.6223
179 -33.0522 -71.6223
216 -33.0515 -71.6201
890 -33.0515 -71.6232
713 -33.0515 -71.6212
775 -33.0515 -71.6211
587 -33.0516 -71.62
542 -33.0522 -71.62
301 -33.0522 -71.62
69 -33.052 -71.6199
816 -33.0518 -71.6195
373 -33.0517 -71.6199
881 -33.0518 -71.6195
376 -33.0518 -71.6195
919 -33.0513 -71.6203
901 -33.0512 -71.6231
547 -33.0513 -71.6212
456 -33.0512 -71.6203
283 -33.0512 -71.6231
799 -33.0511 -71.6232
313 -33.0509 -71.6231
440 -33.0511 -71.623
355 -33.0512 -71.6202
341 -33.0509 -71.6202
134 -33.0511 -71.6192
370 -33.0513 -71.619
761 -33.0509 -71.6202
838 -33.0508 -71.6202
973 -33.0508 -71.6201
935 -33.0508 -71.625
101 -33.0502 -71.6258
829 -33.0502 -71.6252
633 -33.0504 -71.6252
786 -33.0501 -71.6252
598 -33.05 -71.6259
92 -33.0494 -71.6253
987 -33.0494 -71.6253
883 -33.0507 -71.6251
732 -33.0505 -71.6245
697 -33.0505 -71.6242
53 -33.0508 -71.6231
979 -33.0497 -71.6243
493 -33.0495 -71.6243
589 -33.0495 -71.6243
852 -33.0493 -71.6223
250 -33.0493 -71.622
710 -33.0489 -71.6243
447 -33.0491 -71.6243
25 -33.0491 -71.6243
409 -33.0489 -71.6253
999 -33.0487 -71.6231
859 -33.0487 -71.6229
206 -33.0488 -71.6228
412 -33.0489 -71.6224
597 -33.0491 -71.6223
144 -33.0492 -71.6223
632 -33.0491 -71.6219
17 -33.049 -71.6219
213 -33.0489 -71.6223
111 -33.0487 -71.622
163 -33.0487 -71.6219
116 -33.0505 -71.6217
432 -33.0506 -71.6214
302 -33.0506 -71.6214
637 -33.0505 -71.6211
399 -33.0505 -71.6217
956 -33.0502 -71.6206
425 -33.05 -71.6203
680 -33.0504 -71.6202
74 -33.0499 -71.6202
76 -33.0497 -71.62
198 -33.0496 -71.6199
804 -33.0496 -71.6199
86 -33.0496 -71.6198
891 -33.0495 -71.6201
434 -33.0496 -71.6198
844 -33.0496 -71.6198
656 -33.0494 -71.6193
262 -33.0493 -71.6213
831 -33.0493 -71.6212
448 -33.0493 -71.6211
687 -33.0493 -71.6211
77 -33.0493 -71.6216
340 -33.0493 -71.6212
234 -33.0493 -71.6208
323 -33.0494 -71.6208
166 -33.0494 -71.6207
401 -33.0494 -71.6206
760 -33.0494 -71.6191
457 -33.0484 -71.6208
783 -33.0484 -71.6206
481 -33.0483 -71.6206
537 -33.0512 -71.6188
869 -33.0523 -71.6186
560 -33.0527 -71.6182
774 -33.0527 -71.6181
646 -33.052 -71.6185
57 -33.0518 -71.6184
668 -33.0518 -71.6184
413 -33.0513 -71.6184
475 -33.0528 -71.6172
356 -33.0515 -71.6164
931 -33.052 -71.6164
936 -33.052 -71.6163
286 -33.0515 -71.6163
818 -33.0515 -71.6162
943 -33.0515 -71.6162
20 -33.0515 -71.616
765 -33.0512 -71.6183
367 -33.0512 -71.6185
963 -33.0512 -71.6185
189 -33.0512 -71.6184
582 -33.051 -71.6182
361 -33.0497 -71.6186
255 -33.0504 -71.6184
549 -33.0502 -71.6183
978 -33.051 -71.6182
407 -33.0508 -71.6181
389 -33.0506 -71.6164
18 -33.0512 -71.6163
743 -33.0506 -71.6164
408 -33.0504 -71.6179
426 -33.0499 -71.6167
476 -33.0497 -71.6159
251 -33.0497 -71.6159
945 -33.0528 -71.6159
991 -33.0527 -71.6159
118 -33.0529 -71.6158
872 -33.0527 -71.6152
297 -33.0522 -71.6157
842 -33.0518 -71.6156
976 -33.0527 -71.6152
482 -33.0526 -71.6151
792 -33.052 -71.6148
299 -33.052 -71.6147
561 -33.052 -71.6147
483 -33.0518 -71.6147
578 -33.0518 -71.6147
507 -33.0517 -71.6146
531 -33.0517 -71.6146
501 -33.0516 -71.6146
640 -33.0514 -71.6159
464 -33.0512 -71.6156
950 -33.0512 -71.6156
608 -33.0511 -71.6156
822 -33.05 -71.6157
450 -33.05 -71.6157
879 -33.0509 -71.6156
60 -33.0509 -71.6156
124 -33.0516 -71.6145
910 -33.0515 -71.6145
2 -33.0516 -71.6141
737 -33.0515 -71.6141
268 -33.0505 -71.6155
242 -33.0514 -71.6143
42 -33.0497 -71.6186
539 -33.0494 -71.6188
428 -33.0494 -71.6188
379 -33.0494 -71.6185
524 -33.0492 -71.6183
841 -33.0489 -71.618
95 -33.0488 -71.6178
443 -33.0488 -71.6174
570 -33.0488 -71.6173
959 -33.049 -71.6166
146 -33.049 -71.6166
689 -33.0494 -71.6166
391 -33.049 -71.6166
641 -33.0489 -71.6172
150 -33.0489 -71.6171
609 -33.0489 -71.617
698 -33.0488 -71.6176
809 -33.0486 -71.618
684 -33.0487 -71.6177
455 -33.0487 -71.6177
246 -33.0485 -71.6182
750 -33.0483 -71.6188
803 -33.0485 -71.6183
730 -33.0485 -71.6183
352 -33.0487 -71.6176
543 -33.0487 -71.6176
754 -33.0487 -71.6176
699 -33.0488 -71.6175
396 -33.0487 -71.6176
488 -33.0484 -71.6169
953 -33.0486 -71.6166
269 -33.0493 -71.6165
602 -33.0494 -71.6164
279 -33.0495 -71.6163
123 -33.0495 -71.6163
107 -33.0494 -71.6165
520 -33.0494 -71.6165
693 -33.0493 -71.6165
893 -33.0492 -71.6165
726 -33.0495 -71.6162
955 -33.0495 -71.6162
295 -33.0494 -71.6144
375 -33.0495 -71.6142
257 -33.0494 -71.6148
554 -33.0492 -71.6158
887 -33.0492 -71.6157
415 -33.0493 -71.6152
682 -33.0491 -71.616
433 -33.0491 -71.6165
6 -33.0491 -71.6164
184 -33.0491 -71.6162
41 -33.0491 -71.6165
442 -33.049 -71.6165
580 -33.0489 -71.6164
271 -33.0488 -71.6164
871 -33.0491 -71.6162
921 -33.0491 -71.6162
141 -33.0491 -71.6161
731 -33.0484 -71.6143
267 -33.0483 -71.6145
998 -33.0483 -71.6145
160 -33.0483 -71.6145
649 -33.0483 -71.6146
849 -33.048 -71.6253
629 -33.0482 -71.6253
735 -33.0473 -71.6252
868 -33.0473 -71.623
360 -33.047 -71.625
36 -33.0473 -71.6231
263 -33.0469 -71.6228
897 -33.0469 -71.6228
631 -33.0472 -71.6228
660 -33.0471 -71.6228
692 -33.0471 -71.6228
394 -33.0471 -71.6228
529 -33.047 -71.6228
130 -33.0468 -71.6228
900 -33.047 -71.6228
453 -33.0468 -71.6229
516 -33.0466 -71.6257
222 -33.0466 -71.6256
718 -33.0465 -71.6254
80 -33.0465 -71.6251
696 -33.0464 -71.6257
802 -33.0463 -71.6256
322 -33.0464 -71.6256
485 -33.0465 -71.6251
484 -33.0464 -71.6241
983 -33.0466 -71.6229
318 -33.0467 -71.6229
764 -33.0464 -71.6248
509 -33.0464 -71.6248
583 -33.0464 -71.6248
889 -33.0464 -71.6229
854 -33.0473 -71.6227
374 -33.0483 -71.6215
337 -33.0482 -71.621
701 -33.0483 -71.6209
780 -33.0481 -71.6213
834 -33.0474 -71.6227
586 -33.0474 -71.6227
828 -33.0474 -71.6208
240 -33.0475 -71.6205
363 -33.0483 -71.6205
430 -33.0483 -71.6205
654 -33.0481 -71.6203
278 -33.0475 -71.6203
64 -33.0475 -71.6205
93 -33.0475 -71.6204
27 -33.0475 -71.6203
191 -33.0474 -71.6226
612 -33.0474 -71.6223
884 -33.0474 -71.6223
688 -33.0474 -71.6221
462 -33.0474 -71.622
195 -33.0472 -71.6217
0 -33.0472 -71.6215
31 -33.0464 -71.621
574 -33.0464 -71.6209
971 -33.0466 -71.6202
496 -33.0466 -71.6202
418 -33.0466 -71.6202
728 -33.0465 -71.6205
648 -33.0465 -71.6208
538 -33.0465 -71.6207
277 -33.0463 -71.6257
938 -33.0463 -71.6256
205 -33.0463 -71.6255
911 -33.0463 -71.6248
820 -33.0462 -71.6255
139 -33.0462 -71.6256
939 -33.0461 -71.6246
9 -33.0461 -71.6246
55 -33.046 -71.6244
755 -33.0461 -71.6243
383 -33.0459 -71.6233
605 -33.046 -71.623
722 -33.0459 -71.6241
530 -33.0457 -71.6241
152 -33.0458 -71.624
708 -33.0457 -71.6238
511 -33.0456 -71.624
88 -33.0435 -71.6245
643 -33.0438 -71.6243
827 -33.0441 -71.6242
220 -33.0434 -71.6253
784 -33.0434 -71.6253
988 -33.0433 -71.625
982 -33.0433 -71.6249
427 -33.0441 -71.6241
972 -33.0449 -71.6236
635 -33.0449 -71.6236
933 -33.0452 -71.623
793 -33.0449 -71.6237
644 -33.0442 -71.6241
724 -33.0444 -71.6239
348 -33.0452 -71.6229
855 -33.0459 -71.6219
314 -33.0459 -71.6219
519 -33.0461 -71.6216
435 -33.0458 -71.6221
573 -33.0456 -71.6223
862 -33.0457 -71.6222
941 -33.0457 -71.6222
904 -33.0462 -71.6214
572 -33.0463 -71.6212
13 -33.0463 -71.6212
106 -33.0462 -71.6203
850 -33.0461 -71.6202
84 -33.0455 -71.6208
778 -33.0456 -71.6206
712 -33.0455 -71.6205
170 -33.0455 -71.6225
639 -33.0453 -71.6228
81 -33.0452 -71.6227
113 -33.0454 -71.6227
48 -33.0451 -71.6226
794 -33.0451 -71.6226
553 -33.045 -71.6226
157 -33.045 -71.6226
968 -33.0443 -71.6222
604 -33.0448 -71.6209
333 -33.0449 -71.6207
10 -33.0451 -71.6203
155 -33.0448 -71.6209
610 -33.0443 -71.6221
763 -33.0447 -71.6208
515 -33.0459 -71.6202
548 -33.048 -71.6202
709 -33.048 -71.6201
258 -33.048 -71.6193
787 -33.048 -71.6194
522 -33.048 -71.6201
207 -33.0479 -71.6201
495 -33.0478 -71.6196
721 -33.048 -71.6193
992 -33.0482 -71.619
164 -33.0482 -71.619
254 -33.0483 -71.6189
767 -33.0482 -71.6191
864 -33.048 -71.6193
180 -33.0481 -71.6192
812 -33.0482 -71.6191
329 -33.0478 -71.6197
665 -33.0476 -71.6201
431 -33.0476 -71.6201
518 -33.0477 -71.62
727 -33.0471 -71.6202
614 -33.047 -71.6201
830 -33.0467 -71.6201
807 -33.0467 -71.6201
565 -33.0478 -71.6199
683 -33.0468 -71.6195
444 -33.0469 -71.6192
685 -33.047 -71.619
345 -33.0468 -71.6196
178 -33.0468 -71.6198
847 -33.0468 -71.6195
153 -33.0467 -71.6194
947 -33.0471 -71.6188
292 -33.0483 -71.6188
817 -33.0474 -71.6177
974 -33.0475 -71.6172
439 -33.0474 -71.6179
805 -33.0473 -71.6182
465 -33.0473 -71.6181
932 -33.0474 -71.6179
336 -33.0475 -71.6172
819 -33.0482 -71.6163
290 -33.0482 -71.6163
67 -33.0483 -71.6149
445 -33.048 -71.6157
466 -33.0474 -71.6172
777 -33.0479 -71.6163
801 -33.0478 -71.6162
651 -33.0472 -71.6184
779 -33.0471 -71.6187
860 -33.0472 -71.6185
546 -33.0472 -71.6161
920 -33.0471 -71.6187
342 -33.0471 -71.6184
320 -33.047 -71.6184
117 -33.0469 -71.6161
131 -33.047 -71.6154
594 -33.0471 -71.615
334 -33.0471 -71.6147
965 -33.0472 -71.6143
661 -33.0468 -71.6147
114 -33.0467 -71.6147
372 -33.0467 -71.6147
231 -33.0467 -71.6201
504 -33.0463 -71.6193
44 -33.046 -71.6192
58 -33.0466 -71.617
304 -33.0459 -71.6192
174 -33.0457 -71.6202
851 -33.0459 -71.6201
273 -33.0457 -71.6201
638 -33.0465 -71.617
894 -33.0465 -71.617
719 -33.0463 -71.617
596 -33.0462 -71.617
795 -33.0462 -71.617
756 -33.0456 -71.6169
899 -33.0456 -71.6169
393 -33.0455 -71.6169
218 -33.0455 -71.62
541 -33.0453 -71.62
436 -33.0453 -71.62
165 -33.0451 -71.6199
853 -33.0449 -71.6199
416 -33.0449 -71.6199
140 -33.0448 -71.6199
949 -33.0449 -71.6199
50 -33.045 -71.6199
364 -33.0452 -71.619
652 -33.0452 -71.619
248 -33.0454 -71.6177
960 -33.045 -71.6189
239 -33.045 -71.6198
758 -33.0448 -71.6169
590 -33.0449 -71.6169
892 -33.0466 -71.6161
908 -33.0465 -71.6161
926 -33.0466 -71.6147
451 -33.0465 -71.6147
545 -33.0464 -71.616
946 -33.0463 -71.616
317 -33.0463 -71.616
599 -33.0465 -71.6147
729 -33.0464 -71.6147
655 -33.0464 -71.6147
835 -33.0462 -71.6147
942 -33.046 -71.6146
201 -33.046 -71.6146
392 -33.0459 -71.6146
338 -33.0459 -71.6146
666 -33.0459 -71.616
128 -33.0453 -71.6169
96 -33.0456 -71.616
148 -33.0453 -71.616
385 -33.0451 -71.616
823 -33.0449 -71.6169
119 -33.045 -71.6168
133 -33.0449 -71.6159
75 -33.0444 -71.6159
766 -33.0455 -71.6145
526 -33.0454 -71.6145
588 -33.045 -71.6145
312 -33.0447 -71.6145
634 -33.0444 -71.6159
241 -33.0447 -71.6145
745 -33.0485 -71.614
948 -33.0529 -71.6138
782 -33.0518 -71.6137
556 -33.0517 -71.6136
675 -33.0517 -71.6136
120 -33.0516 -71.6137
390 -33.0516 -71.6137
811 -33.0517 -71.6136
505 -33.0519 -71.6133
994 -33.0519 -71.6132
132 -33.0519 -71.6118
592 -33.052 -71.6118
192 -33.0519 -71.6132
19 -33.0516 -71.612
810 -33.0518 -71.6118
772 -33.0518 -71.6118
276 -33.0515 -71.6138
298 -33.0514 -71.6131
874 -33.0514 -71.6131
866 -33.0513 -71.6131
463 -33.0511 -71.6125
686 -33.0505 -71.613
238 -33.0505 -71.613
26 -33.0502 -71.613
72 -33.0511 -71.6122
414 -33.0512 -71.612
790 -33.0514 -71.6119
326 -33.0513 -71.6119
420 -33.0512 -71.612
747 -33.0511 -71.6122
521 -33.0511 -71.6122
576 -33.0511 -71.6122
922 -33.0522 -71.6117
873 -33.0525 -71.6117
970 -33.0528 -71.6116
98 -33.0529 -71.6116
83 -33.0524 -71.6117
43 -33.0513 -71.6117
917 -33.0514 -71.6114
523 -33.051 -71.6114
636 -33.051 -71.6101
354 -33.0525 -71.6101
579 -33.0522 -71.6096
368 -33.0521 -71.6094
925 -33.0519 -71.6093
469 -33.0511 -71.61
591 -33.0511 -71.61
525 -33.0517 -71.6095
513 -33.0509 -71.6102
569 -33.0506 -71.6113
305 -33.0503 -71.6113
400 -33.0508 -71.6102
857 -33.0502 -71.6103
422 -33.0502 -71.6104
937 -33.0502 -71.6103
46 -33.0502 -71.6103
307 -33.0509 -71.6102
52 -33.0508 -71.6102
402 -33.0507 -71.6102
225 -33.0504 -71.6102
613 -33.0503 -71.6092
274 -33.0503 -71.6092
535 -33.0502 -71.6092
127 -33.0502 -71.613
704 -33.0497 -71.613
671 -33.0497 -71.613
51 -33.0498 -71.6129
958 -33.0497 -71.6131
349 -33.0496 -71.6135
669 -33.0496 -71.6134
856 -33.0496 -71.6133
642 -33.0497 -71.6129
923 -33.0499 -71.6121
32 -33.0499 -71.612
746 -33.0499 -71.6117
626 -33.0498 -71.6122
316 -33.0498 -71.6124
158 -33.0498 -71.6124
137 -33.0498 -71.6124
284 -33.0496 -71.6136
321 -33.0495 -71.6139
480 -33.0495 -71.6138
882 -33.0496 -71.6136
762 -33.0495 -71.6139
319 -33.0495 -71.614
229 -33.0495 -71.614
199 -33.0495 -71.6139
97 -33.0487 -71.6131
187 -33.0494 -71.6129
182 -33.0489 -71.6122
398 -33.049 -71.6118
404 -33.0489 -71.6123
351 -33.0487 -71.6129
14 -33.0487 -71.6129
622 -33.05 -71.6115
962 -33.0501 -71.6113
378 -33.0501 -71.611
954 -33.0501 -71.6109
825 -33.05 -71.6111
470 -33.05 -71.6113
94 -33.0497 -71.6113
110 -33.0497 -71.6112
769 -33.0501 -71.6109
944 -33.0501 -71.6105
555 -33.0501 -71.6105
472 -33.0501 -71.6104
219 -33.0501 -71.6107
662 -33.0501 -71.6108
35 -33.05 -71.6101
773 -33.05 -71.6101
984 -33.0495 -71.6099
733 -33.0494 -71.6112
173 -33.0493 -71.6112
840 -33.0492 -71.6112
846 -33.049 -71.6112
214 -33.0489 -71.6112
571 -33.0489 -71.6112
167 -33.0488 -71.6112
981 -33.0487 -71.6112
674 -33.0494 -71.6099
843 -33.0493 -71.6099
261 -33.0492 -71.6099
145 -33.0488 -71.6112
29 -33.0487 -71.6112
15 -33.0486 -71.6112
467 -33.0519 -71.6092
677 -33.0521 -71.6085
291 -33.0522 -71.6084
528 -33.0525 -71.6082
281 -33.0517 -71.6082
619 -33.0517 -71.609
259 -33.0516 -71.6089
331 -33.0516 -71.6082
474 -33.052 -71.608
300 -33.0523 -71.608
748 -33.0522 -71.6079
768 -33.0522 -71.6076
175 -33.0522 -71.6073
808 -33.0519 -71.608
491 -33.0517 -71.6075
63 -33.0516 -71.6075
237 -33.0515 -71.6088
967 -33.0514 -71.6088
154 -33.0514 -71.6087
384 -33.0511 -71.6086
563 -33.051 -71.6086
196 -33.0509 -71.6085
672 -33.0508 -71.6085
366 -33.0508 -71.6085
209 -33.0508 -71.6085
419 -33.0514 -71.6083
886 -33.0515 -71.6075
112 -33.0515 -71.6075
751 -33.0513 -71.608
627 -33.0507 -71.6085
876 -33.0513 -71.6075
927 -33.0511 -71.6074
280 -33.052 -71.6069
159 -33.052 -71.6068
606 -33.0519 -71.6068
679 -33.0519 -71.6066
903 -33.0519 -71.6065
311 -33.0518 -71.6063
303 -33.0518 -71.6063
581 -33.0518 -71.6063
332 -33.0516 -71.606
40 -33.0515 -71.6058
147 -33.0516 -71.6052
441 -33.0526 -71.6051
499 -33.0515 -71.6059
79 -33.0515 -71.6059
461 -33.0515 -71.6056
870 -33.0515 -71.6053
527 -33.0514 -71.6056
558 -33.0511 -71.6067
506 -33.0514 -71.6059
929 -33.0511 -71.6058
411 -33.0511 -71.6058
129 -33.051 -71.6067
335 -33.0507 -71.6066
221 -33.0509 -71.6064
212 -33.0508 -71.6058
223 -33.0513 -71.6054
473 -33.0513 -71.6053
858 -33.051 -71.6051
551 -33.0509 -71.6051
705 -33.0508 -71.6057
90 -33.0508 -71.6051
977 -33.0507 -71.6085
362 -33.0506 -71.6085
454 -33.0506 -71.6085
452 -33.0506 -71.6085
61 -33.0502 -71.6085
190 -33.05 -71.6091
740 -33.0497 -71.6091
12 -33.0501 -71.6085
912 -33.0498 -71.6084
934 -33.0506 -71.6073
512 -33.0505 -71.6073
11 -33.0505 -71.6073
510 -33.0504 -71.6073
797 -33.0504 -71.6073
296 -33.0504 -71.6073
848 -33.0503 -71.6073
438 -33.0497 -71.6071
282 -33.0497 -71.6091
676 -33.0496 -71.6084
424 -33.0496 -71.6084
888 -33.0495 -71.6084
723 -33.0494 -71.6091
503 -33.0488 -71.6091
7 -33.0492 -71.6083
833 -33.0491 -71.6083
478 -33.0491 -71.6083
138 -33.0493 -71.607
228 -33.0489 -71.6069
753 -33.0489 -71.6069
49 -33.0487 -71.6083
715 -33.0487 -71.6083
62 -33.0488 -71.6068
657 -33.0507 -71.6066
645 -33.0506 -71.6057
168 -33.0506 -71.6057
700 -33.0506 -71.6066
285 -33.0505 -71.6066
477 -33.0503 -71.6066
918 -33.0501 -71.6055
878 -33.05 -71.6055
980 -33.0505 -71.6049
924 -33.0504 -71.6049
489 -33.0504 -71.6048
540 -33.0501 -71.6047
156 -33.0501 -71.6047
73 -33.05 -71.6046
557 -33.0498 -71.6045
458 -33.0498 -71.6054
664 -33.0497 -71.6054
593 -33.0496 -71.6053
78 -33.0496 -71.6053
421 -33.0495 -71.6053
350 -33.0488 -71.6068
227 -33.0494 -71.6053
381 -33.0493 -71.6052
532 -33.0493 -71.6052
706 -33.0495 -71.6041
620 -33.0488 -71.6036
169 -33.0488 -71.6036
502 -33.0486 -71.6044
752 -33.0486 -71.6043
181 -33.0485 -71.6042
966 -33.0485 -71.6042
252 -33.0485 -71.6139
577 -33.0485 -71.6139
446 -33.0477 -71.6129
272 -33.0477 -71.613
806 -33.0475 -71.6134
310 -33.0476 -71.6132
776 -33.0476 -71.6131
23 -33.0478 -71.6129
197 -33.0482 -71.6129
405 -33.0482 -71.6129
105 -33.0482 -71.6128
907 -33.0482 -71.6128
916 -33.048 -71.6128
387 -33.0478 -71.6128
813 -33.0477 -71.6128
143 -33.0475 -71.6135
309 -33.0473 -71.6139
386 -33.0475 -71.6134
410 -33.0473 -71.6134
986 -33.0473 -71.6134
567 -33.047 -71.6133
759 -33.0469 -71.6133
616 -33.0469 -71.6133
781 -33.0468 -71.6133
423 -33.0475 -71.6127
403 -33.0475 -71.6127
691 -33.0472 -71.6127
552 -33.0467 -71.6133
208 -33.0467 -71.6132
615 -33.0465 -71.6132
202 -33.0465 -71.6132
247 -33.0472 -71.6127
741 -33.0484 -71.6111
236 -33.0483 -71.6111
832 -33.0483 -71.6111
909 -33.0482 -71.6111
371 -33.0478 -71.6126
997 -33.048 -71.612
294 -33.0481 -71.6116
789 -33.0479 -71.6111
603 -33.0485 -71.6098
952 -33.0484 -71.6098
468 -33.0483 -71.6098
126 -33.0483 -71.6098
736 -33.0478 -71.6111
357 -33.0476 -71.611
757 -33.048 -71.6098
230 -33.0474 -71.611
245 -33.0472 -71.6127
359 -33.0468 -71.6126
171 -33.0467 -71.6126
151 -33.0466 -71.6126
102 -33.0465 -71.6125
108 -33.0465 -71.6125
711 -33.0465 -71.6125
611 -33.0473 -71.6117
347 -33.0472 -71.611
670 -33.0471 -71.611
742 -33.0471 -71.611
905 -33.0467 -71.6109
397 -33.0464 -71.6109
8 -33.0465 -71.6098
104 -33.0464 -71.6132
837 -33.0463 -71.6132
630 -33.046 -71.6131
725 -33.046 -71.6131
584 -33.046 -71.6131
877 -33.0459 -71.6131
330 -33.0457 -71.613
517 -33.0455 -71.613
200 -33.0464 -71.6125
490 -33.046 -71.6124
70 -33.046 -71.6124
37 -33.0459 -71.6123
135 -33.0459 -71.6123
87 -33.0458 -71.6123
45 -33.0457 -71.6123
265 -33.0456 -71.6122
744 -33.0455 -71.613
969 -33.0454 -71.613
898 -33.0453 -71.6129
739 -33.0451 -71.6129
902 -33.0451 -71.6129
749 -33.0446 -71.6129
996 -33.0446 -71.6129
915 -33.045 -71.6129
964 -33.0441 -71.6125
585 -33.0454 -71.6122
100 -33.0448 -71.612
621 -33.0445 -71.612
186 -33.0442 -71.6121
985 -33.0441 -71.6125
659 -33.0442 -71.612
24 -33.0442 -71.6118
720 -33.0463 -71.6109
875 -33.046 -71.6108
264 -33.0459 -71.6108
667 -33.0458 -71.6108
289 -33.0457 -71.6108
275 -33.0449 -71.6107
449 -33.0448 -71.6106
39 -33.0447 -71.6105
995 -33.0447 -71.6104
193 -33.0457 -71.6098
215 -33.0462 -71.6098
47 -33.0447 -71.6103
28 -33.0447 -71.6102
650 -33.0447 -71.6099
121 -33.0447 -71.6099
344 -33.0447 -71.6106
824 -33.0446 -71.6111
928 -33.0446 -71.6104
494 -33.0446 -71.6103
663 -33.0446 -71.6105
798 -33.0445 -71.6116
486 -33.0445 -71.6115
814 -33.0445 -71.6113
459 -33.0446 -71.6103
3 -33.0445 -71.6102
702 -33.0444 -71.6101
249 -33.0443 -71.6101
288 -33.0443 -71.61
4 -33.0443 -71.6101
33 -33.0443 -71.61
395 -33.0467 -71.6098
22 -33.0482 -71.6098
575 -33.0481 -71.6098
681 -33.0481 -71.6098
183 -33.0481 -71.6091
653 -33.0478 -71.6098
990 -33.0478 -71.6098
885 -33.0477 -71.6098
211 -33.0478 -71.6091
601 -33.0483 -71.6082
256 -33.0483 -71.6082
595 -33.0482 -71.6082
224 -33.0482 -71.6082
324 -33.0476 -71.609
785 -33.0475 -71.609
600 -33.0475 -71.6082
861 -33.0474 -71.6098
845 -33.0473 -71.6098
821 -33.0473 -71.609
343 -33.0474 -71.6082
243 -33.0473 -71.6098
172 -33.0472 -71.6098
16 -33.0473 -71.6098
406 -33.0469 -71.609
204 -33.0474 -71.6082
328 -33.0474 -71.6082
836 -33.0473 -71.6082
714 -33.0473 -71.6082
136 -33.0472 -71.6082
734 -33.0471 -71.6082
951 -33.0471 -71.6082
771 -33.0468 -71.6081
607 -33.0468 -71.6081
89 -33.0482 -71.608
471 -33.0477 -71.6067
690 -33.0481 -71.6067
863 -33.0476 -71.6075
56 -33.0474 -71.6068
460 -33.0474 -71.6068
369 -33.0475 -71.6067
99 -33.0479 -71.604
815 -33.0484 -71.6039
382 -33.0483 -71.6037
673 -33.0483 -71.6037
770 -33.0482 -71.6038
788 -33.048 -71.6039
293 -33.0482 -71.6039
244 -33.0478 -71.6032
498 -33.0474 -71.6069
233 -33.0473 -71.6066
624 -33.0473 -71.6066
365 -33.0473 -71.6066
325 -33.0473 -71.6063
185 -33.0469 -71.6069
437 -33.0471 -71.6068
957 -33.0472 -71.6068
91 -33.0472 -71.6058
287 -33.0472 -71.6057
1 -33.047 -71.6048
536 -33.047 -71.6046
564 -33.0469 -71.6044
358 -33.0467 -71.6044
122 -33.0469 -71.604
65 -33.0467 -71.6044
235 -33.0467 -71.6081
68 -33.0466 -71.6081
417 -33.0465 -71.6081
125 -33.0464 -71.6081
707 -33.0464 -71.609
623 -33.0458 -71.6089
306 -33.0464 -71.6081
71 -33.0464 -71.6081
82 -33.0464 -71.6081
993 -33.0464 -71.607
103 -33.0464 -71.607
738 -33.0464 -71.6081
544 -33.0458 -71.608
339 -33.0459 -71.6071
975 -33.0461 -71.607
839 -33.0457 -71.6071
562 -33.0457 -71.608
625 -33.0456 -71.608
867 -33.0453 -71.608
865 -33.0445 -71.6097
695 -33.0442 -71.6091
353 -33.0442 -71.609
54 -33.0441 -71.6087
566 -33.0448 -71.608
21 -33.0451 -71.6071
194 -33.0452 -71.6071
149 -33.0454 -71.6071
270 -33.0448 -71.6076
429 -33.0446 -71.6079
914 -33.0446 -71.6076
658 -33.0464 -71.607
534 -33.0464 -71.607
203 -33.0463 -71.6068
232 -33.0463 -71.6065
791 -33.0462 -71.6064
895 -33.0456 -71.6068
906 -33.0462 -71.6057
508 -33.0462 -71.6056
896 -33.0458 -71.6048
913 -33.0462 -71.6046
628 -33.0463 -71.6046
388 -33.0464 -71.6045
30 -33.0462 -71.6043
826 -33.0459 -71.6048
800 -33.0457 -71.6045
492 -33.046 -71.6044
308 -33.0456 -71.6068
161 -33.0456 -71.6067
989 -33.0456 -71.6067
617 -33.0455 -71.6063
59 -33.0444 -71.6068
380 -33.0443 -71.6067
618 -33.0443 -71.6064
533 -33.0431 -71.6063
717 -33.0455 -71.606
568 -33.0454 -71.6055
188 -33.0454 -71.6055
514 -33.0454 -71.6046
346 -33.0452 -71.6051
162 -33.0436 -71.606
559 -33.0451 -71.6046
