301 -33.0571 -71.6184
698 -33.0567 -71.6182
754 -33.0567 -71.6182
455 -33.0566 -71.6182
809 -33.0564 -71.6181
760 -33.0564 -71.6181
271 -33.0563 -71.6181
549 -33.0579 -71.6177
367 -33.0588 -71.617
189 -33.0588 -71.6169
475 -33.0605 -71.6163
978 -33.0586 -71.6172
907 -33.0562 -71.616
405 -33.0562 -71.6159
994 -33.0586 -71.6155
150 -33.0562 -71.616
361 -33.0561 -71.6161
42 -33.0562 -71.6161
542 -33.0562 -71.616
456 -33.0561 -71.6181
803 -33.056 -71.618
69 -33.0561 -71.6161
641 -33.0561 -71.616
488 -33.0559 -71.6159
105 -33.0562 -71.6159
580 -33.056 -71.6156
146 -33.056 -71.6155
442 -33.056 -71.6155
819 -33.0559 -71.6159
134 -33.056 -71.6155
816 -33.056 -71.6155
881 -33.0559 -71.6154
483 -33.0588 -71.6153
879 -33.0582 -71.615
60 -33.0582 -71.6149
818 -33.0582 -71.615
286 -33.0581 -71.615
646 -33.058 -71.615
57 -33.0578 -71.615
686 -33.0575 -71.6149
869 -33.0583 -71.6149
950 -33.0584 -71.6148
640 -33.0584 -71.6148
413 -33.0575 -71.6149
537 -33.0566 -71.6149
476 -33.0566 -71.6148
18 -33.0573 -71.6148
251 -33.0566 -71.6149
693 -33.0561 -71.6152
602 -33.0562 -71.6152
107 -33.0562 -71.6152
520 -33.0561 -71.6152
376 -33.056 -71.6153
269 -33.056 -71.6153
762 -33.0561 -71.6152
255 -33.0563 -71.6151
370 -33.0564 -71.615
408 -33.0565 -71.615
955 -33.0565 -71.6149
726 -33.0564 -71.615
123 -33.0563 -71.6151
279 -33.0563 -71.6151
446 -33.0559 -71.6157
409 -33.0551 -71.6217
92 -33.0551 -71.621
710 -33.0551 -71.6209
987 -33.055 -71.6208
629 -33.0548 -71.6222
25 -33.055 -71.6208
598 -33.0548 -71.6205
589 -33.0548 -71.6204
179 -33.055 -71.6181
838 -33.0557 -71.6179
198 -33.0556 -71.6179
166 -33.055 -71.6182
880 -33.0549 -71.6185
323 -33.0549 -71.6183
495 -33.055 -71.6182
687 -33.0548 -71.6184
849 -33.0546 -71.6224
786 -33.0547 -71.6203
829 -33.0546 -71.6202
177 -33.0546 -71.6189
979 -33.0545 -71.6202
930 -33.0545 -71.6189
266 -33.0545 -71.6189
253 -33.0545 -71.6189
831 -33.0546 -71.6184
431 -33.0546 -71.6184
448 -33.0547 -71.6184
340 -33.0545 -71.6184
262 -33.0544 -71.6184
399 -33.0545 -71.6184
116 -33.0545 -71.6184
290 -33.0556 -71.6179
844 -33.0554 -71.6174
761 -33.0555 -71.6173
434 -33.0555 -71.6173
973 -33.0554 -71.6174
767 -33.0554 -71.6179
775 -33.0554 -71.6175
713 -33.0554 -71.6175
341 -33.0555 -71.6172
587 -33.0557 -71.6166
216 -33.0557 -71.6165
373 -33.0558 -71.6164
919 -33.0556 -71.6169
355 -33.0556 -71.6171
403 -33.0556 -71.6156
423 -33.0556 -71.6156
377 -33.0554 -71.6175
547 -33.0553 -71.6178
210 -33.0553 -71.6176
891 -33.0553 -71.6176
466 -33.0552 -71.6178
730 -33.0551 -71.6158
546 -33.0549 -71.6158
254 -33.0547 -71.6157
292 -33.0546 -71.6157
145 -33.0553 -71.6154
171 -33.055 -71.6152
711 -33.0547 -71.615
611 -33.0547 -71.615
117 -33.0546 -71.6157
992 -33.0544 -71.6157
608 -33.0584 -71.6148
945 -33.0598 -71.6146
561 -33.0591 -71.6145
297 -33.0592 -71.6143
531 -33.0588 -71.6147
464 -33.0584 -71.6148
774 -33.0588 -71.6148
501 -33.0588 -71.6148
948 -33.0582 -71.6142
482 -33.0597 -71.6137
976 -33.0597 -71.6137
118 -33.0598 -71.6135
521 -33.0583 -71.6134
560 -33.0581 -71.6135
842 -33.0581 -71.6135
238 -33.0582 -71.613
967 -33.0581 -71.613
127 -33.0572 -71.6148
765 -33.0573 -71.6148
467 -33.0573 -71.6148
963 -33.0571 -71.6148
582 -33.0571 -71.6148
822 -33.0571 -71.6148
450 -33.0569 -71.6147
619 -33.0574 -71.6145
154 -33.0575 -71.6141
20 -33.0577 -71.6139
124 -33.0581 -71.6137
962 -33.0574 -71.6138
668 -33.0574 -71.6144
636 -33.0572 -71.6136
591 -33.0573 -71.6134
237 -33.058 -71.613
917 -33.0591 -71.6129
19 -33.0594 -71.6129
747 -33.0595 -71.6128
579 -33.0591 -71.6129
523 -33.0587 -71.613
991 -33.059 -71.6129
368 -33.0589 -71.6129
354 -33.0595 -71.6128
420 -33.0597 -71.6128
326 -33.0599 -71.6128
790 -33.06 -71.6128
414 -33.0597 -71.6128
576 -33.0596 -71.6128
43 -33.0596 -71.6128
872 -33.0583 -71.6127
298 -33.0582 -71.6128
305 -33.0579 -71.6129
209 -33.0575 -71.6128
563 -33.0575 -71.6128
642 -33.0574 -71.6128
51 -33.0574 -71.6128
366 -33.0574 -71.6128
751 -33.0574 -71.6128
307 -33.0574 -71.6128
627 -33.0574 -71.6128
958 -33.0573 -71.6128
52 -33.0573 -71.6128
402 -33.0572 -71.6128
452 -33.0571 -71.6127
733 -33.057 -71.6127
173 -33.0569 -71.6126
389 -33.0568 -71.6147
407 -33.0568 -71.6147
175 -33.0569 -71.6134
743 -33.0567 -71.6148
61 -33.0566 -71.6133
773 -33.0564 -71.6131
571 -33.0564 -71.6131
12 -33.0567 -71.6126
480 -33.0567 -71.6125
927 -33.0566 -71.6125
35 -33.0566 -71.6125
679 -33.0565 -71.6125
214 -33.0565 -71.6125
351 -33.0565 -71.6124
14 -33.0564 -71.6124
29 -33.0564 -71.6124
512 -33.0558 -71.6131
424 -33.056 -71.6131
274 -33.0563 -71.6131
7 -33.0557 -71.6131
40 -33.0554 -71.6131
506 -33.0555 -71.6131
797 -33.0556 -71.6131
49 -33.0551 -71.6131
272 -33.0553 -71.6124
15 -33.0564 -71.6124
160 -33.0551 -71.6124
212 -33.0549 -71.6129
89 -33.0546 -71.6127
551 -33.0546 -71.6127
310 -33.0551 -71.6124
676 -33.0562 -71.6124
295 -33.0562 -71.6124
303 -33.0562 -71.6123
23 -33.0556 -71.6123
649 -33.055 -71.6124
998 -33.055 -71.6124
252 -33.0556 -71.6123
577 -33.0556 -71.6123
197 -33.0561 -71.6123
909 -33.056 -71.6123
674 -33.0559 -71.6123
848 -33.0558 -71.6123
387 -33.0556 -71.6123
789 -33.0556 -71.6123
916 -33.0558 -71.6123
601 -33.0549 -71.6124
347 -33.0549 -71.6124
603 -33.0549 -71.6124
386 -33.0548 -71.6124
224 -33.0548 -71.6124
742 -33.0548 -71.6124
986 -33.0548 -71.6124
645 -33.0547 -71.6124
575 -33.0546 -71.6124
309 -33.0546 -71.6124
22 -33.0545 -71.6124
734 -33.0545 -71.6121
593 -33.0544 -71.6122
151 -33.0544 -71.6123
324 -33.0544 -71.6122
812 -33.0544 -71.6157
883 -33.0542 -71.62
109 -33.0541 -71.6199
217 -33.0539 -71.6198
479 -33.0539 -71.6198
697 -33.0539 -71.6198
961 -33.0537 -71.6197
53 -33.0537 -71.6197
487 -33.0543 -71.6189
260 -33.0541 -71.6189
678 -33.054 -71.6189
500 -33.0538 -71.6188
327 -33.0538 -71.6188
315 -33.0537 -71.6188
38 -33.0537 -71.6188
703 -33.0536 -71.6188
313 -33.0536 -71.6196
142 -33.0535 -71.6191
85 -33.0535 -71.6191
796 -33.0535 -71.6189
550 -33.0535 -71.6192
940 -33.0535 -71.6194
176 -33.0535 -71.6194
66 -33.0535 -71.6193
115 -33.0535 -71.6189
5 -33.0535 -71.6189
890 -33.0535 -71.6189
226 -33.0535 -71.6188
497 -33.0535 -71.6189
647 -33.0535 -71.6189
597 -33.0534 -71.6188
412 -33.0532 -71.6188
859 -33.0528 -71.6187
250 -33.0538 -71.6184
17 -33.0537 -71.6184
632 -33.0539 -71.6184
393 -33.0537 -71.6184
128 -33.0535 -71.6185
852 -33.0535 -71.6185
163 -33.0535 -71.6185
614 -33.0539 -71.6184
908 -33.0542 -71.6169
892 -33.0543 -71.6157
721 -33.0542 -71.6157
545 -33.0541 -71.6156
727 -33.0539 -71.6184
946 -33.0541 -71.6167
864 -33.0541 -71.6156
830 -33.0535 -71.6185
144 -33.0535 -71.6187
111 -33.0535 -71.6186
504 -33.0535 -71.6186
999 -33.0527 -71.6187
364 -33.0525 -71.6186
904 -33.0524 -71.6186
130 -33.052 -71.6185
783 -33.0529 -71.6158
385 -33.0529 -71.6157
756 -33.0529 -71.6157
75 -33.0524 -71.6156
496 -33.0524 -71.6156
304 -33.0522 -71.6157
195 -33.0523 -71.6156
165 -33.052 -71.6185
983 -33.0517 -71.6184
10 -33.0516 -71.6184
949 -33.0516 -71.6184
708 -33.0505 -71.618
101 -33.0494 -71.6194
511 -33.0503 -71.6179
427 -33.0495 -71.6177
509 -33.0493 -71.6176
935 -33.0489 -71.6171
493 -33.0489 -71.617
764 -33.0489 -71.6169
485 -33.0489 -71.6171
360 -33.0488 -71.6174
34 -33.0488 -71.6173
80 -33.0489 -71.6171
718 -33.0488 -71.6175
802 -33.0486 -71.6181
277 -33.0486 -71.6181
322 -33.0486 -71.6181
139 -33.0485 -71.6182
205 -33.0485 -71.6182
820 -33.0485 -71.6182
938 -33.0485 -71.6182
735 -33.0486 -71.618
516 -33.0487 -71.6178
633 -33.0487 -71.6177
447 -33.0487 -71.6176
222 -33.0486 -71.6178
696 -33.0486 -71.618
988 -33.0486 -71.6179
583 -33.049 -71.6168
333 -33.0504 -71.6158
113 -33.0503 -71.6158
170 -33.0504 -71.6158
639 -33.0502 -71.6158
610 -33.0494 -71.6164
635 -33.0496 -71.6162
155 -33.0501 -71.6157
605 -33.0501 -71.6157
889 -33.0505 -71.6157
106 -33.0519 -71.6156
574 -33.0519 -71.6156
573 -33.0505 -71.6156
157 -33.0498 -71.6157
763 -33.0499 -71.6157
794 -33.0499 -71.6157
530 -33.0492 -71.616
732 -33.049 -71.6166
484 -33.049 -71.6166
644 -33.049 -71.6166
911 -33.049 -71.6168
220 -33.0477 -71.6168
784 -33.0477 -71.6168
982 -33.0478 -71.6166
9 -33.049 -71.6166
55 -33.0491 -71.6163
722 -33.0492 -71.616
152 -33.0492 -71.616
755 -33.0491 -71.6163
939 -33.0491 -71.6165
88 -33.048 -71.616
850 -33.0519 -71.6156
787 -33.054 -71.6156
565 -33.0535 -71.6155
860 -33.0535 -71.6155
320 -33.0534 -71.6155
430 -33.0529 -71.6156
148 -33.053 -71.6155
795 -33.0532 -71.6155
93 -33.053 -71.6155
585 -33.0538 -71.6144
835 -33.0536 -71.6143
739 -33.0534 -71.6141
100 -33.0533 -71.6141
749 -33.0529 -71.6138
659 -33.0527 -71.6137
24 -33.0523 -71.6135
964 -33.0523 -71.6134
688 -33.0518 -71.6156
884 -33.0517 -71.6156
572 -33.0517 -71.6156
13 -33.0516 -71.6156
191 -33.0515 -71.6156
273 -33.0514 -71.6156
174 -33.0514 -71.6156
652 -33.0514 -71.6156
692 -33.0512 -71.6156
494 -33.0519 -71.6132
683 -33.0511 -71.6125
133 -33.0511 -71.6126
900 -33.0511 -71.6156
401 -33.0511 -71.6128
345 -33.0511 -71.6126
228 -33.0543 -71.6124
759 -33.0544 -71.6123
905 -33.0543 -71.6123
102 -33.0543 -71.6123
600 -33.0542 -71.6123
885 -33.0542 -71.6123
108 -33.0542 -71.6123
208 -33.0541 -71.6123
204 -33.0541 -71.6123
211 -33.0542 -71.6122
343 -33.0542 -71.6122
863 -33.0543 -71.6122
200 -33.0541 -71.6122
202 -33.054 -71.6122
615 -33.0539 -71.6122
334 -33.0538 -71.6122
70 -33.0538 -71.6122
837 -33.0537 -71.6122
801 -33.0536 -71.6122
87 -33.0535 -71.6122
661 -33.0534 -71.6122
74 -33.0511 -71.6123
27 -33.0511 -71.6123
278 -33.0511 -71.6122
725 -33.0534 -71.6122
877 -33.0533 -71.6122
265 -33.0533 -71.6122
655 -33.0531 -71.6121
599 -33.0531 -71.6121
201 -33.0527 -71.6121
942 -33.0526 -71.6121
712 -33.051 -71.6156
529 -33.0509 -71.6156
453 -33.0508 -71.6155
263 -33.0508 -71.6155
239 -33.0507 -71.6155
416 -33.0505 -71.6156
799 -33.0494 -71.6148
901 -33.0494 -71.6147
283 -33.0494 -71.6145
897 -33.0496 -71.6137
868 -33.0496 -71.6133
660 -33.0496 -71.6133
213 -33.0496 -71.6137
440 -33.0494 -71.6143
206 -33.0495 -71.6141
318 -33.0495 -71.6138
383 -33.0493 -71.615
716 -33.0493 -71.6151
694 -33.0493 -71.615
793 -33.0484 -71.6143
968 -33.0483 -71.6145
643 -33.0481 -71.6155
827 -33.0481 -71.6153
724 -33.0482 -71.615
972 -33.0484 -71.6143
81 -33.0486 -71.6134
348 -33.0486 -71.6134
604 -33.0486 -71.6133
933 -33.0486 -71.6136
553 -33.0485 -71.6137
48 -33.0486 -71.6136
394 -33.0496 -71.6133
758 -33.0509 -71.6131
337 -33.0508 -71.6131
353 -33.0507 -71.6131
44 -33.0507 -71.6131
780 -33.0505 -71.613
54 -33.0504 -71.613
77 -33.0504 -71.613
586 -33.0497 -71.613
31 -33.0503 -71.613
851 -33.0501 -71.613
462 -33.0498 -71.6123
374 -33.0498 -71.6123
612 -33.0498 -71.6127
432 -33.0498 -71.6124
302 -33.0498 -71.6124
854 -33.0497 -71.613
36 -33.0496 -71.6133
631 -33.0497 -71.6131
834 -33.0497 -71.6131
855 -33.0494 -71.6129
314 -33.0493 -71.6129
862 -33.049 -71.6129
853 -33.0488 -71.6128
140 -33.0488 -71.6128
84 -33.0489 -71.6122
541 -33.0489 -71.6121
778 -33.0489 -71.6121
435 -33.0489 -71.6124
941 -33.0488 -71.6126
50 -33.0489 -71.6124
392 -33.0526 -71.6121
748 -33.0581 -71.6108
259 -33.0581 -71.6105
970 -33.0601 -71.6104
72 -33.0581 -71.6105
463 -33.058 -71.6104
384 -33.0576 -71.6101
886 -33.0575 -71.6101
606 -33.0574 -71.6101
132 -33.0588 -71.6088
657 -33.0583 -71.6084
474 -33.0602 -71.6082
362 -33.0583 -71.6089
454 -33.0582 -71.6089
535 -33.0575 -71.6088
225 -33.0578 -71.6082
876 -33.0573 -71.61
26 -33.0567 -71.6099
866 -33.0572 -71.6099
569 -33.057 -71.6098
558 -33.0567 -71.6097
97 -33.0551 -71.6104
187 -33.056 -71.6103
190 -33.0562 -71.6102
510 -33.0566 -71.6096
540 -33.056 -71.609
874 -33.0567 -71.6087
706 -33.0558 -71.6082
2 -33.0555 -71.6094
624 -33.055 -71.6082
669 -33.055 -71.6082
365 -33.055 -71.6082
832 -33.0551 -71.6082
168 -33.0578 -71.6082
705 -33.058 -71.6081
677 -33.0601 -71.6081
858 -33.0578 -71.6082
438 -33.0577 -71.6082
888 -33.0577 -71.6082
740 -33.0577 -71.6081
46 -33.0576 -71.6081
285 -33.0581 -71.6081
473 -33.0581 -71.6081
700 -33.0582 -71.6081
912 -33.0581 -71.6081
282 -33.0576 -71.6081
422 -33.0575 -71.6081
833 -33.0575 -71.6081
555 -33.0575 -71.6081
236 -33.0552 -71.6081
138 -33.0575 -71.6081
944 -33.0574 -71.6081
815 -33.0551 -71.6081
856 -33.0551 -71.6082
404 -33.0551 -71.6082
182 -33.0551 -71.6081
478 -33.0574 -71.6081
592 -33.0574 -71.6081
810 -33.0573 -71.6081
918 -33.0573 -71.608
653 -33.0552 -71.6081
990 -33.0552 -71.6081
741 -33.0552 -71.6081
349 -33.055 -71.6082
421 -33.0544 -71.6121
681 -33.0547 -71.6104
357 -33.0545 -71.6085
745 -33.0544 -71.6105
607 -33.0543 -71.6119
227 -33.0543 -71.6119
268 -33.0543 -71.6105
675 -33.0544 -71.6085
997 -33.0544 -71.6085
556 -33.0544 -71.6085
811 -33.0544 -71.6085
782 -33.0544 -71.6085
120 -33.0543 -71.6085
375 -33.0543 -71.6085
390 -33.0543 -71.6085
771 -33.0543 -71.6119
498 -33.0543 -71.6118
235 -33.0542 -71.6118
68 -33.0542 -71.6117
437 -33.0541 -71.6115
738 -33.0541 -71.6115
233 -33.0541 -71.6115
82 -33.0541 -71.6115
306 -33.054 -71.6114
287 -33.0543 -71.6085
544 -33.0543 -71.6085
395 -33.0543 -71.6085
415 -33.0542 -71.6105
185 -33.0539 -71.6112
861 -33.054 -71.6105
103 -33.0542 -71.6085
882 -33.0548 -71.6084
505 -33.0548 -71.6084
71 -33.0548 -71.6084
325 -33.0548 -71.6084
172 -33.0547 -71.6084
736 -33.0547 -71.6084
16 -33.0547 -71.6084
845 -33.0548 -71.6084
125 -33.0549 -71.6083
673 -33.0549 -71.6083
417 -33.055 -71.6083
284 -33.0549 -71.6083
243 -33.0548 -71.6083
192 -33.0549 -71.6083
770 -33.0549 -71.6083
294 -33.0547 -71.6084
993 -33.0542 -71.6085
276 -33.0542 -71.6085
230 -33.0542 -71.6085
670 -33.0541 -71.6085
8 -33.0541 -71.6085
244 -33.0541 -71.6085
737 -33.054 -71.6085
371 -33.0539 -71.6085
229 -33.0547 -71.6085
321 -33.0547 -71.6085
199 -33.0547 -71.6084
319 -33.0547 -71.6085
975 -33.0539 -71.6085
788 -33.0546 -71.6085
219 -33.0573 -71.608
528 -33.059 -71.6079
63 -33.0596 -71.6078
419 -33.0596 -71.6078
332 -33.0588 -71.6078
934 -33.0587 -71.6079
79 -33.0587 -71.6079
499 -33.0587 -71.6079
977 -33.059 -71.6077
808 -33.0602 -71.6077
300 -33.0606 -71.6077
159 -33.0596 -71.6076
925 -33.0596 -71.6076
581 -33.059 -71.6077
672 -33.0591 -71.6077
903 -33.0592 -71.6076
469 -33.0586 -71.6079
662 -33.0572 -71.608
980 -33.0572 -71.608
929 -33.0583 -71.608
772 -33.0572 -71.608
878 -33.0572 -71.608
723 -33.0572 -71.608
489 -33.0571 -71.608
715 -33.057 -71.608
461 -33.0584 -71.608
400 -33.0584 -71.608
11 -33.0585 -71.6079
335 -33.0583 -71.608
458 -33.0569 -71.608
753 -33.0569 -71.608
470 -33.0569 -71.608
280 -33.0591 -71.6075
281 -33.0596 -71.607
112 -33.0594 -71.6064
491 -33.0597 -71.6063
311 -33.0589 -71.6065
296 -33.0584 -71.6066
129 -33.0584 -71.6066
527 -33.0583 -71.6066
331 -33.0598 -71.6063
291 -33.0601 -71.6061
441 -33.0607 -71.6046
147 -33.0596 -71.6045
870 -33.0595 -71.6045
525 -33.059 -71.6063
924 -33.0584 -71.6042
90 -33.0588 -71.6041
513 -33.0583 -71.6066
613 -33.0577 -71.6073
83 -33.0577 -71.6068
873 -33.0578 -71.6068
922 -33.0575 -71.6069
769 -33.057 -71.607
857 -33.0574 -71.6069
472 -33.0573 -71.6068
411 -33.0582 -71.6067
223 -33.058 -71.6065
221 -33.0581 -71.6047
196 -33.0578 -71.6046
768 -33.0576 -71.6049
477 -33.0576 -71.6064
78 -33.0573 -71.6048
954 -33.0569 -71.6071
664 -33.0569 -71.608
378 -33.0569 -71.608
156 -33.0568 -71.608
73 -33.0568 -71.608
62 -33.0567 -71.608
350 -33.0567 -71.608
557 -33.0565 -71.608
110 -33.0564 -71.608
381 -33.0564 -71.608
532 -33.0564 -71.608
94 -33.0564 -71.608
746 -33.0564 -71.608
626 -33.056 -71.6079
923 -33.056 -71.6079
183 -33.0559 -71.6079
952 -33.0558 -71.6079
752 -33.0553 -71.608
966 -33.0554 -71.608
671 -33.0554 -71.608
460 -33.0553 -71.608
56 -33.0553 -71.608
369 -33.0553 -71.608
704 -33.0553 -71.608
785 -33.0554 -71.608
981 -33.0554 -71.6079
471 -33.0554 -71.6079
951 -33.0555 -71.6079
757 -33.0554 -71.6079
398 -33.0554 -71.6079
502 -33.0554 -71.6079
137 -33.0558 -71.6079
840 -33.0559 -71.6076
32 -33.0559 -71.6076
503 -33.0566 -71.6074
158 -33.0558 -71.6076
690 -33.0558 -71.6078
846 -33.0557 -71.6078
316 -33.0557 -71.6077
261 -33.0565 -71.6073
843 -33.0566 -71.6072
984 -33.0568 -71.6072
825 -33.0568 -71.6071
622 -33.0565 -71.6073
620 -33.0564 -71.6045
169 -33.0564 -71.6045
937 -33.056 -71.6043
328 -33.0557 -71.6078
468 -33.0557 -71.6078
126 -33.0557 -71.6078
836 -33.0556 -71.6078
167 -33.0556 -71.6078
136 -33.0555 -71.6078
714 -33.0556 -71.6078
406 -33.0539 -71.606
595 -33.0553 -71.6048
256 -33.0555 -71.6047
99 -33.0554 -71.6044
293 -33.0556 -71.6044
98 -33.0554 -71.6048
1 -33.0542 -71.6047
957 -33.0545 -71.6046
242 -33.0539 -71.6085
707 -33.0539 -71.6112
562 -33.0535 -71.6111
181 -33.0535 -71.6111
625 -33.0535 -71.6111
517 -33.0529 -71.6116
744 -33.0529 -71.6116
372 -33.0533 -71.6115
91 -33.0535 -71.611
356 -33.0537 -71.611
391 -33.0537 -71.6109
433 -33.0537 -71.6109
658 -33.0535 -71.611
534 -33.0534 -71.611
203 -33.0532 -71.6109
623 -33.0532 -71.6109
336 -33.0526 -71.6117
902 -33.0526 -71.6121
275 -33.0523 -71.612
449 -33.0522 -71.612
996 -33.0521 -71.612
805 -33.0519 -71.612
186 -33.0518 -71.612
588 -33.0517 -71.612
638 -33.0516 -71.612
180 -33.0519 -71.6118
621 -33.0521 -71.6117
915 -33.0524 -71.6117
894 -33.0516 -71.6118
666 -33.0515 -71.612
33 -33.0512 -71.6119
920 -33.0514 -71.6119
867 -33.0531 -71.6109
931 -33.0537 -71.6108
943 -33.0536 -71.6107
821 -33.0538 -71.6105
936 -33.0536 -71.6106
382 -33.0531 -71.6109
791 -33.0528 -71.6106
141 -33.0535 -71.6105
143 -33.0538 -71.6105
566 -33.0528 -71.6105
536 -33.0527 -71.6104
429 -33.0527 -71.6104
161 -33.0527 -71.6103
270 -33.0526 -71.6103
906 -33.0525 -71.6102
508 -33.0525 -71.6102
914 -33.0525 -71.61
617 -33.0525 -71.61
995 -33.0524 -71.6099
817 -33.0512 -71.6099
539 -33.0512 -71.6099
526 -33.0511 -71.61
439 -33.0511 -71.61
164 -33.0511 -71.61
766 -33.0513 -71.6098
717 -33.0523 -71.6097
524 -33.0515 -71.6096
338 -33.0515 -71.6096
974 -33.0515 -71.6096
750 -33.0513 -71.6098
379 -33.0513 -71.6098
932 -33.051 -71.61
807 -33.05 -71.6113
457 -33.05 -71.6112
956 -33.05 -71.6112
234 -33.05 -71.6115
701 -33.05 -71.6115
680 -33.05 -71.6115
231 -33.0499 -71.6113
481 -33.05 -71.611
363 -33.0501 -71.6109
240 -33.0501 -71.6108
64 -33.0501 -71.6107
153 -33.0501 -71.6109
828 -33.0501 -71.611
178 -33.0501 -71.6109
425 -33.0501 -71.6109
119 -33.0499 -71.6113
637 -33.0499 -71.6119
0 -33.0499 -71.6117
515 -33.0491 -71.6114
960 -33.049 -71.6117
436 -33.049 -71.612
519 -33.049 -71.6119
218 -33.049 -71.6119
634 -33.0499 -71.6113
418 -33.0499 -71.6113
823 -33.0499 -71.6113
590 -33.0499 -71.6113
728 -33.0495 -71.6112
538 -33.0494 -71.6112
648 -33.0494 -71.6112
654 -33.0501 -71.6107
58 -33.0508 -71.6102
651 -33.0508 -71.6102
428 -33.0509 -71.6102
656 -33.0507 -71.6102
342 -33.0506 -71.6102
719 -33.0506 -71.6102
779 -33.0505 -71.6102
96 -33.0504 -71.6102
258 -33.0509 -71.6102
465 -33.051 -71.6101
317 -33.051 -71.6101
312 -33.0505 -71.6102
329 -33.0505 -71.6102
241 -33.0505 -71.6102
596 -33.0504 -71.6101
947 -33.0504 -71.6101
76 -33.0501 -71.6105
522 -33.0501 -71.6104
665 -33.0501 -71.6104
444 -33.0501 -71.6105
847 -33.0501 -71.6106
207 -33.0501 -71.6105
248 -33.0494 -71.6104
548 -33.0501 -71.6104
518 -33.0502 -71.6102
685 -33.0502 -71.6101
804 -33.0502 -71.6101
86 -33.0502 -71.6102
709 -33.0501 -71.6104
971 -33.0494 -71.6104
899 -33.0496 -71.6095
813 -33.0537 -71.6085
215 -33.0537 -71.6085
232 -33.0538 -71.6085
910 -33.0536 -71.6085
578 -33.0534 -71.6088
839 -33.0536 -71.6085
564 -33.0535 -71.6085
339 -33.0538 -71.6085
257 -33.0538 -71.6085
731 -33.0534 -71.6085
65 -33.0534 -71.6085
358 -33.0534 -71.6085
397 -33.0533 -71.6084
267 -33.0533 -71.6084
122 -33.0533 -71.6084
245 -33.0533 -71.6084
193 -33.0533 -71.6084
895 -33.0533 -71.6084
989 -33.0532 -71.6084
720 -33.0532 -71.6084
299 -33.0531 -71.6091
806 -33.0532 -71.6084
308 -33.0532 -71.6084
691 -33.0532 -71.6084
247 -33.0532 -71.6084
388 -33.0531 -71.6084
887 -33.0531 -71.6084
21 -33.0531 -71.6084
194 -33.053 -71.6083
554 -33.053 -71.6083
682 -33.053 -71.6083
67 -33.0529 -71.6083
628 -33.053 -71.6083
875 -33.0529 -71.6083
410 -33.0529 -71.6083
264 -33.0529 -71.6083
359 -33.0528 -71.6083
871 -33.0528 -71.6083
667 -33.0528 -71.6083
913 -33.0528 -71.6083
921 -33.0527 -71.6082
30 -33.0535 -71.6047
826 -33.0534 -71.6047
149 -33.0527 -71.6047
184 -33.0527 -71.6082
6 -33.0527 -71.6082
289 -33.0526 -71.6082
567 -33.0526 -71.6082
616 -33.0525 -71.6082
492 -33.0524 -71.6081
552 -33.0524 -71.6081
41 -33.0524 -71.6081
689 -33.0522 -71.6082
893 -33.0524 -71.6081
445 -33.0522 -71.6081
959 -33.0523 -71.6081
965 -33.0523 -71.6081
896 -33.0523 -71.6081
776 -33.0526 -71.6068
650 -33.0523 -71.6081
800 -33.0522 -71.608
121 -33.0522 -71.6077
104 -33.0522 -71.6082
188 -33.052 -71.6094
396 -33.052 -71.6089
926 -33.052 -71.6089
543 -33.052 -71.6089
59 -33.052 -71.6093
568 -33.052 -71.6093
352 -33.052 -71.609
114 -33.052 -71.6089
630 -33.0521 -71.6087
45 -33.0521 -71.6087
777 -33.0521 -71.6087
426 -33.0521 -71.6087
584 -33.052 -71.6088
699 -33.052 -71.6088
443 -33.0521 -71.6087
131 -33.052 -71.609
380 -33.052 -71.6093
451 -33.0519 -71.6092
95 -33.0519 -71.6092
841 -33.0518 -71.6093
898 -33.0516 -71.6095
246 -33.0518 -71.6093
969 -33.0518 -71.6093
330 -33.0519 -71.6091
618 -33.0519 -71.6091
684 -33.052 -71.6091
346 -33.0517 -71.609
559 -33.0513 -71.6087
985 -33.0504 -71.6089
695 -33.0504 -71.6088
570 -33.0521 -71.6086
37 -33.0521 -71.6085
135 -33.0521 -71.6085
490 -33.0522 -71.6083
953 -33.0521 -71.6085
594 -33.0521 -71.6086
663 -33.0514 -71.6083
928 -33.0514 -71.6083
344 -33.0516 -71.6082
609 -33.0522 -71.6082
781 -33.0522 -71.6079
514 -33.0522 -71.6074
28 -33.0521 -71.6081
507 -33.0517 -71.6082
39 -33.0519 -71.6081
47 -33.052 -71.608
824 -33.0514 -71.6083
249 -33.051 -71.6085
162 -33.051 -71.6085
702 -33.0511 -71.6085
798 -33.051 -71.6085
288 -33.0509 -71.6085
865 -33.0509 -71.6085
4 -33.0508 -71.6085
486 -33.0511 -71.6085
792 -33.0512 -71.6084
729 -33.0513 -71.6084
459 -33.0513 -71.6084
3 -33.0512 -71.6084
814 -33.0512 -71.6084
533 -33.0501 -71.6047
