290 -33.0622 -71.6158
838 -33.0622 -71.6157
907 -33.0622 -71.6157
466 -33.0618 -71.6158
179 -33.0615 -71.6158
166 -33.0615 -71.6158
403 -33.0616 -71.6158
619 -33.0629 -71.6156
271 -33.063 -71.6156
754 -33.0633 -71.6155
455 -33.0631 -71.6151
978 -33.0627 -71.6151
760 -33.0621 -71.6151
301 -33.0626 -71.615
475 -33.0626 -71.615
495 -33.0614 -71.6159
908 -33.0606 -71.6162
171 -33.061 -71.6161
448 -33.0611 -71.616
930 -33.0605 -71.6162
727 -33.0603 -71.6163
487 -33.0604 -71.6163
946 -33.0604 -71.6163
145 -33.0613 -71.6159
423 -33.061 -71.6154
456 -33.0609 -71.6154
803 -33.061 -71.6154
446 -33.0608 -71.6155
611 -33.0603 -71.6156
154 -33.0607 -71.6155
945 -33.0603 -71.6143
49 -33.0603 -71.6142
917 -33.0623 -71.6135
958 -33.0626 -71.6135
286 -33.0625 -71.6134
51 -33.0623 -71.6135
501 -33.0622 -71.6135
819 -33.061 -71.6134
994 -33.061 -71.6134
189 -33.061 -71.6134
531 -33.0639 -71.6133
238 -33.0639 -71.6133
118 -33.0639 -71.6133
52 -33.0629 -71.6132
274 -33.061 -71.6134
762 -33.061 -71.6134
579 -33.0621 -71.6131
809 -33.0608 -71.6135
686 -33.0607 -71.614
424 -33.0607 -71.6139
483 -33.0607 -71.6139
123 -33.0606 -71.6141
7 -33.0604 -71.6142
61 -33.0606 -71.6141
467 -33.0606 -71.6141
127 -33.0608 -71.6136
341 -33.0603 -71.613
134 -33.0604 -71.613
150 -33.0605 -71.6129
434 -33.0602 -71.6131
615 -33.0602 -71.6134
761 -33.0602 -71.6132
614 -33.0602 -71.6161
327 -33.0599 -71.6165
393 -33.0601 -71.6164
506 -33.0602 -71.6164
128 -33.0599 -71.6165
597 -33.0597 -71.6166
228 -33.0597 -71.6146
549 -33.0597 -71.6146
726 -33.0597 -71.6145
767 -33.0601 -71.6144
711 -33.0601 -71.6144
279 -33.0602 -71.6143
546 -33.0601 -71.6144
89 -33.06 -71.6144
367 -33.06 -71.6144
117 -33.0601 -71.6144
698 -33.0597 -71.6147
585 -33.0596 -71.6166
962 -33.0596 -71.6148
773 -33.0596 -71.6148
204 -33.0594 -71.6148
100 -33.0591 -71.6167
262 -33.059 -71.6152
431 -33.0591 -71.6151
600 -33.0595 -71.6148
116 -33.0591 -71.6144
421 -33.0592 -71.6144
734 -33.0592 -71.6143
450 -33.0591 -71.6145
93 -33.059 -71.6145
795 -33.0591 -71.6145
340 -33.0591 -71.6145
320 -33.0593 -71.6142
198 -33.0601 -71.6141
927 -33.0598 -71.6137
354 -33.0598 -71.6137
864 -33.0598 -71.6136
355 -33.0597 -71.6139
787 -33.0596 -71.6138
967 -33.0598 -71.6138
892 -33.0598 -71.6136
580 -33.0601 -71.6134
751 -33.0601 -71.6134
254 -33.0601 -71.6132
844 -33.0601 -71.6132
992 -33.0599 -71.6135
292 -33.0601 -71.6133
973 -33.0601 -71.6132
405 -33.0595 -71.614
107 -33.0594 -71.6142
565 -33.0593 -71.6142
880 -33.0593 -71.6142
860 -33.0593 -71.6142
464 -33.0591 -71.6136
402 -33.0591 -71.6136
916 -33.0591 -71.6135
102 -33.0591 -71.6135
996 -33.0592 -71.6129
449 -33.0592 -71.6129
730 -33.0593 -71.6129
203 -33.0592 -71.6129
950 -33.0591 -71.6134
623 -33.059 -71.6129
534 -33.0593 -71.6129
57 -33.0633 -71.6126
251 -33.0627 -71.6122
285 -33.0628 -71.6122
705 -33.0627 -71.6122
14 -33.0626 -71.6129
351 -33.0626 -71.6129
582 -33.0626 -71.6127
700 -33.063 -71.6122
976 -33.0646 -71.6121
674 -33.0628 -71.6121
408 -33.0627 -71.6121
370 -33.0626 -71.612
255 -33.0624 -71.6121
789 -33.0626 -71.612
387 -33.0626 -71.612
366 -33.0622 -71.6126
641 -33.0613 -71.6122
759 -33.0614 -71.6121
309 -33.0615 -71.6121
747 -33.0613 -71.6122
200 -33.0611 -71.6123
69 -33.0612 -71.6122
693 -33.0613 -71.6122
22 -33.0615 -71.6121
269 -33.0621 -71.612
160 -33.0621 -71.612
224 -33.0619 -71.612
347 -33.0618 -71.612
146 -33.0617 -71.612
986 -33.0617 -71.612
577 -33.0617 -71.612
816 -33.0619 -71.612
413 -33.0638 -71.6117
869 -33.0645 -71.6114
640 -33.0646 -71.6114
480 -33.0636 -71.6118
878 -33.062 -71.612
733 -33.0623 -71.612
407 -33.063 -71.6119
642 -33.063 -71.6113
790 -33.064 -71.6108
499 -33.064 -71.6107
482 -33.0648 -71.6105
11 -33.064 -71.6111
561 -33.0631 -71.6112
209 -33.0631 -71.6112
523 -33.0639 -71.6112
489 -33.0619 -71.6118
310 -33.0619 -71.6118
452 -33.0619 -71.6118
934 -33.0619 -71.6112
62 -33.0619 -71.6113
12 -33.0612 -71.6115
537 -33.0618 -71.611
918 -33.0618 -71.611
297 -33.0618 -71.6108
474 -33.0618 -71.6108
43 -33.0618 -71.6106
818 -33.0618 -71.6105
740 -33.0617 -71.6107
903 -33.0614 -71.6107
458 -33.0615 -71.6107
679 -33.061 -71.6123
655 -33.0601 -71.6128
437 -33.0601 -71.6128
599 -33.0601 -71.6128
233 -33.0601 -71.6128
414 -33.06 -71.6128
235 -33.06 -71.6128
306 -33.0601 -71.6128
738 -33.0602 -71.6128
87 -33.0605 -71.6127
837 -33.0607 -71.6126
324 -33.0609 -71.6125
607 -33.0605 -71.6127
265 -33.0604 -71.6128
498 -33.0605 -71.6128
661 -33.0605 -71.6127
70 -33.0599 -71.6128
201 -33.0597 -71.6128
392 -33.0597 -71.6128
942 -33.0597 -71.6128
19 -33.0594 -71.6129
658 -33.0593 -71.6129
562 -33.0594 -71.6129
275 -33.0594 -71.6129
295 -33.0598 -71.6128
707 -33.0599 -71.6128
902 -33.0595 -71.6126
991 -33.0595 -71.6125
801 -33.0592 -71.6128
23 -33.0592 -71.6126
303 -33.0591 -71.6125
237 -33.0603 -71.6124
202 -33.061 -71.6124
863 -33.061 -71.6124
208 -33.061 -71.6124
373 -33.061 -71.6124
575 -33.0609 -71.6124
334 -33.0603 -71.6121
603 -33.0605 -71.612
272 -33.0608 -71.612
252 -33.0605 -71.6116
307 -33.0607 -71.6116
627 -33.0609 -71.6115
876 -33.0603 -71.611
601 -33.0603 -71.6118
998 -33.0602 -71.6106
909 -33.0598 -71.6106
368 -33.0598 -71.6116
82 -33.0595 -71.6121
955 -33.0595 -71.612
919 -33.0595 -71.6119
771 -33.0595 -71.6118
676 -33.0591 -71.6122
877 -33.0595 -71.6116
298 -33.0593 -71.6116
563 -33.0593 -71.6116
815 -33.0594 -71.6112
743 -33.0595 -71.6109
706 -33.0594 -71.6105
216 -33.0594 -71.6116
187 -33.0592 -71.6112
542 -33.059 -71.6105
770 -33.059 -71.6112
364 -33.0587 -71.6171
904 -33.0588 -71.617
961 -33.0588 -71.6169
66 -33.0585 -71.6167
165 -33.0583 -71.6174
130 -33.0584 -71.6173
109 -33.0585 -71.6173
593 -33.0584 -71.6166
739 -33.0588 -71.6153
148 -33.0588 -71.6153
749 -33.0584 -71.6152
703 -33.0584 -71.6161
504 -33.0583 -71.616
830 -33.0583 -71.6158
659 -33.0583 -71.6151
343 -33.0583 -71.6151
983 -33.0581 -71.6176
10 -33.0581 -71.6176
979 -33.0581 -71.6176
949 -33.058 -71.6176
786 -33.058 -71.6177
494 -33.0575 -71.617
964 -33.058 -71.617
91 -33.0577 -71.6155
111 -33.0581 -71.615
75 -33.0581 -71.615
38 -33.0582 -71.615
315 -33.0581 -71.615
144 -33.0581 -71.615
195 -33.058 -71.615
496 -33.058 -71.615
304 -33.058 -71.615
636 -33.0586 -71.6149
678 -33.0584 -71.6148
488 -33.0588 -71.6148
163 -33.0583 -71.6149
500 -33.0583 -71.6149
852 -33.0583 -71.6149
323 -33.0582 -71.6148
105 -33.0583 -71.6148
756 -33.0588 -71.6148
430 -33.0588 -71.6148
783 -33.0587 -71.6147
385 -33.0587 -71.6147
250 -33.0584 -71.6148
721 -33.0583 -71.6148
185 -33.0585 -71.6148
497 -33.058 -71.615
226 -33.0579 -71.615
890 -33.0579 -71.615
24 -33.0579 -71.615
835 -33.0579 -71.6149
115 -33.0579 -71.615
625 -33.0579 -71.6149
361 -33.0578 -71.6149
142 -33.0577 -71.6149
106 -33.0576 -71.6149
884 -33.0576 -71.6149
812 -33.0576 -71.6149
574 -33.0576 -71.6149
176 -33.0575 -71.6149
181 -33.0576 -71.6149
850 -33.0575 -71.6149
708 -33.0571 -71.6184
409 -33.0568 -71.6183
511 -33.0568 -71.6183
353 -33.0567 -71.6169
427 -33.056 -71.618
710 -33.0561 -71.6158
157 -33.0561 -71.6158
92 -33.0561 -71.6158
794 -33.0561 -71.6158
763 -33.0561 -71.6157
987 -33.0561 -71.6157
25 -33.056 -71.6155
155 -33.056 -71.6154
639 -33.056 -71.6154
598 -33.056 -71.6153
605 -33.0559 -71.6153
509 -33.0558 -71.618
635 -33.0559 -71.6159
610 -33.0557 -71.6159
629 -33.0557 -71.6168
516 -33.0551 -71.6178
849 -33.0556 -71.6171
644 -33.0552 -71.6158
911 -33.055 -71.6158
764 -33.0549 -71.6158
988 -33.054 -71.6156
205 -33.0538 -71.6156
277 -33.0538 -71.6156
820 -33.0538 -71.6156
938 -33.0537 -71.6156
113 -33.056 -71.6153
867 -33.0575 -71.6151
382 -33.0575 -71.6151
572 -33.0574 -71.6149
13 -33.0574 -71.6149
859 -33.0574 -71.6149
313 -33.0573 -71.6148
999 -33.0572 -71.6148
191 -33.0572 -71.6148
273 -33.0572 -71.6148
174 -33.0572 -71.6148
53 -33.0572 -71.6148
652 -33.0571 -71.6148
479 -33.057 -71.6148
692 -33.057 -71.6148
697 -33.0569 -71.6147
900 -33.0569 -71.6147
889 -33.0562 -71.6152
573 -33.0562 -71.6151
829 -33.0562 -71.6151
170 -33.0561 -71.6152
333 -33.056 -71.6153
54 -33.0561 -71.6152
589 -33.0558 -71.6151
416 -33.0564 -71.615
883 -33.0566 -71.6149
529 -33.0568 -71.6147
217 -33.0569 -71.6147
263 -33.0566 -71.6149
239 -33.0564 -71.615
453 -33.0565 -71.6149
940 -33.0573 -71.6147
177 -33.0589 -71.6146
399 -33.0589 -71.614
545 -33.0589 -71.6139
512 -33.0586 -71.6144
632 -33.0586 -71.6147
797 -33.0586 -71.6146
175 -33.0584 -71.6139
571 -33.0584 -71.6138
891 -33.0588 -71.6135
687 -33.0588 -71.6133
822 -33.0589 -71.6133
831 -33.0587 -71.6134
211 -33.0585 -71.6137
668 -33.0586 -71.6133
566 -33.0584 -71.613
18 -33.0584 -71.613
948 -33.0582 -71.6142
551 -33.0582 -71.6142
521 -33.0583 -71.6134
266 -33.0582 -71.6137
68 -33.0581 -71.6144
713 -33.0581 -71.6144
253 -33.0581 -71.6135
881 -33.0583 -71.6134
227 -33.0582 -71.6131
33 -33.0582 -71.613
270 -33.0584 -71.613
963 -33.0582 -71.6131
848 -33.0581 -71.6133
906 -33.0581 -71.613
508 -33.0581 -71.613
42 -33.0585 -71.613
742 -33.0589 -71.6128
386 -33.0589 -71.6127
20 -33.0589 -71.6127
29 -33.0588 -71.6126
666 -33.0586 -71.613
791 -33.0587 -71.613
124 -33.0588 -71.6129
197 -33.0585 -71.6124
905 -33.0588 -71.6121
259 -33.0589 -71.6112
748 -33.0589 -71.6112
560 -33.0588 -71.6117
151 -33.0584 -71.6117
558 -33.0584 -71.6106
336 -33.0583 -71.6105
588 -33.0583 -71.6124
645 -33.0583 -71.6127
214 -33.0583 -71.6127
842 -33.0583 -71.6126
872 -33.0583 -71.6127
617 -33.0581 -71.613
638 -33.0581 -71.6126
108 -33.0582 -71.6123
805 -33.0581 -71.6121
372 -33.0583 -71.6113
606 -33.0583 -71.6113
587 -33.0583 -71.6105
358 -33.0582 -71.6106
821 -33.0581 -71.6108
915 -33.0582 -71.6105
476 -33.0581 -71.6144
389 -33.0579 -71.6139
260 -33.0578 -71.6139
212 -33.0581 -71.6136
429 -33.0578 -71.6139
377 -33.0577 -71.6145
885 -33.0577 -71.6144
17 -33.0578 -71.6139
520 -33.0577 -71.6131
725 -33.058 -71.613
914 -33.058 -71.613
186 -33.0578 -71.6129
649 -33.0578 -71.6129
35 -33.0577 -71.6131
683 -33.0577 -71.6129
717 -33.0577 -71.6129
591 -33.0576 -71.6134
412 -33.0574 -71.6144
161 -33.0574 -71.6144
85 -33.0574 -71.6143
550 -33.0574 -71.6145
712 -33.0568 -71.6147
688 -33.0574 -71.6146
536 -33.0574 -71.6145
647 -33.0574 -71.6142
796 -33.0574 -71.6142
5 -33.0575 -71.614
40 -33.0574 -71.6135
59 -33.0571 -71.6135
380 -33.057 -71.6134
618 -33.0569 -71.6134
173 -33.0576 -71.6129
188 -33.0573 -71.6128
547 -33.0581 -71.612
442 -33.058 -71.6119
568 -33.0572 -71.6128
758 -33.0571 -71.6127
44 -33.057 -71.6127
346 -33.0568 -71.6126
861 -33.0575 -71.6119
210 -33.0581 -71.6118
775 -33.058 -71.6115
15 -33.058 -71.6113
569 -33.0579 -71.6113
681 -33.0575 -71.6116
510 -33.0577 -71.6107
673 -33.0574 -71.6106
559 -33.0565 -71.6124
862 -33.0552 -71.6124
851 -33.0563 -71.6124
553 -33.0543 -71.6123
972 -33.0538 -71.6122
793 -33.0537 -71.6122
447 -33.0519 -71.6118
9 -33.0528 -71.6116
827 -33.0529 -71.6116
901 -33.0537 -71.6108
348 -33.0536 -71.6108
855 -33.0544 -71.6105
81 -33.0536 -71.6107
101 -33.05 -71.6114
604 -33.0535 -71.6106
660 -33.0545 -71.6105
63 -33.0632 -71.61
282 -33.0632 -71.61
326 -33.0645 -71.6099
774 -33.0631 -71.61
470 -33.0631 -71.6099
715 -33.0631 -71.6099
858 -33.063 -71.6099
469 -33.0645 -71.6097
473 -33.064 -71.6096
420 -33.0644 -71.6096
677 -33.0644 -71.6095
183 -33.0621 -71.6094
422 -33.062 -71.6095
690 -33.062 -71.6095
328 -33.062 -71.6095
757 -33.0617 -71.6094
581 -33.0617 -71.6103
576 -33.0617 -71.6103
646 -33.0612 -71.6097
94 -33.0612 -71.6098
415 -33.061 -71.6103
26 -33.061 -71.6103
752 -33.0611 -71.6099
60 -33.0614 -71.6096
608 -33.0615 -71.6095
471 -33.0616 -71.6094
741 -33.0615 -71.6094
879 -33.0614 -71.6096
970 -33.0608 -71.6096
624 -33.0611 -71.6093
882 -33.061 -71.6093
952 -33.062 -71.6093
438 -33.0637 -71.6092
335 -33.0643 -71.6091
944 -33.0633 -71.6091
723 -33.0632 -71.6093
664 -33.0627 -71.6092
219 -33.0631 -71.6092
532 -33.0622 -71.6091
79 -33.0646 -71.609
350 -33.0625 -71.6082
463 -33.0625 -71.608
225 -33.0632 -71.6077
156 -33.0623 -71.6083
981 -33.0619 -71.6086
72 -33.0622 -71.6085
714 -33.0619 -71.6084
369 -33.0618 -71.6088
653 -33.0617 -71.609
71 -33.0614 -71.6089
832 -33.0617 -71.6089
736 -33.0613 -71.6089
294 -33.061 -71.6092
788 -33.061 -71.6091
199 -33.0611 -71.6089
375 -33.061 -71.6089
192 -33.061 -71.6086
461 -33.061 -71.6086
419 -33.0617 -71.608
103 -33.0607 -71.6088
746 -33.0606 -71.6085
753 -33.0607 -71.6079
339 -33.0605 -71.6084
97 -33.0603 -71.6101
138 -33.0605 -71.6096
73 -33.0605 -71.6093
190 -33.0602 -71.6104
886 -33.0602 -71.6103
305 -33.0601 -71.6101
626 -33.06 -71.6088
132 -33.06 -71.6088
232 -33.0605 -71.6084
215 -33.0605 -71.6084
813 -33.0605 -71.6084
839 -33.0604 -71.6084
332 -33.0602 -71.6083
242 -33.0601 -71.6083
810 -33.0598 -71.6082
376 -33.0598 -71.61
602 -33.0598 -71.61
141 -33.0595 -71.6098
866 -33.0596 -71.6098
143 -33.0595 -71.6098
765 -33.0592 -71.6104
391 -33.0595 -71.6098
362 -33.0589 -71.6095
856 -33.0587 -71.6093
2 -33.0592 -71.6088
308 -33.0593 -71.6083
167 -33.0598 -71.6082
236 -33.0588 -71.6088
931 -33.0587 -71.6089
554 -33.0587 -71.6083
731 -33.0601 -71.6082
245 -33.0601 -71.6081
806 -33.06 -71.6081
468 -33.0601 -71.6079
691 -33.06 -71.6081
21 -33.0599 -71.608
194 -33.0598 -71.608
682 -33.0597 -71.6079
410 -33.0597 -71.6079
122 -33.0602 -71.6077
989 -33.0602 -71.6077
720 -33.0602 -71.6077
888 -33.0601 -71.6078
871 -33.0597 -71.6078
913 -33.0597 -71.6078
229 -33.0599 -71.6078
921 -33.0596 -71.6078
846 -33.059 -71.6079
528 -33.059 -71.6079
594 -33.0587 -71.6078
570 -33.0587 -71.6079
45 -33.0586 -71.6079
630 -33.0587 -71.6079
39 -33.0587 -71.6079
37 -33.0588 -71.6078
667 -33.0596 -71.6078
289 -33.0595 -71.6077
609 -33.059 -71.6077
490 -33.059 -71.6077
929 -33.0589 -71.6078
28 -33.0589 -71.6078
264 -33.0598 -71.6077
296 -33.0643 -71.6071
331 -33.0642 -71.6068
441 -33.0634 -71.6065
400 -33.0631 -71.6075
478 -33.0622 -71.6074
833 -33.0619 -71.6069
672 -33.0625 -71.6068
147 -33.0633 -71.6065
291 -33.0637 -71.6064
922 -33.0637 -71.6064
769 -33.0633 -71.6063
112 -33.0632 -71.6062
966 -33.0619 -71.6063
592 -33.0623 -71.6062
825 -33.0631 -71.6061
662 -33.0619 -71.6068
398 -33.0613 -71.6077
997 -33.0612 -71.6073
977 -33.0617 -71.6073
287 -33.061 -71.6073
737 -33.0609 -71.6076
502 -33.0607 -71.6074
395 -33.0608 -71.607
325 -33.0614 -71.6069
808 -33.0612 -71.6068
785 -33.0613 -71.6064
56 -33.0612 -71.6062
381 -33.0611 -71.6066
159 -33.0609 -71.6065
137 -33.0609 -71.6065
925 -33.0607 -71.6064
923 -33.0621 -71.6061
924 -33.064 -71.6061
78 -33.0636 -71.6061
870 -33.0648 -71.606
843 -33.063 -71.6061
169 -33.0629 -71.6061
620 -33.0629 -71.6061
622 -33.0629 -71.606
90 -33.0645 -71.6059
261 -33.0628 -71.6059
32 -33.0623 -71.6055
857 -33.0624 -71.6055
158 -33.0622 -71.6055
557 -33.0619 -71.6058
293 -33.0622 -71.6055
99 -33.0621 -71.6054
951 -33.0619 -71.6052
836 -33.061 -71.606
491 -33.061 -71.6055
172 -33.0611 -71.605
544 -33.0608 -71.6053
230 -33.0607 -71.6054
276 -33.0608 -71.6054
120 -33.0608 -71.6054
16 -33.0611 -71.605
349 -33.0615 -71.6049
669 -33.0614 -71.6049
417 -33.0614 -71.6048
284 -33.0613 -71.6048
845 -33.0613 -71.6049
505 -33.0613 -71.6048
365 -33.0607 -71.6071
556 -33.0607 -71.6075
46 -33.0601 -71.6072
912 -33.0602 -71.6072
359 -33.0596 -71.6076
959 -33.0592 -71.6076
616 -33.0593 -71.6076
371 -33.0593 -71.6076
299 -33.0595 -71.607
281 -33.0602 -71.607
300 -33.0606 -71.6068
321 -33.0601 -71.6067
772 -33.0601 -71.6065
397 -33.0599 -71.6069
243 -33.0601 -71.6065
404 -33.0595 -71.6065
896 -33.0592 -71.6076
965 -33.0592 -71.6076
378 -33.0592 -71.6068
671 -33.0591 -71.6067
280 -33.0591 -71.6075
445 -33.0588 -71.6071
555 -33.0587 -71.6066
126 -33.0588 -71.6066
704 -33.0588 -71.6066
689 -33.059 -71.6065
104 -33.059 -71.6065
41 -33.0591 -71.6065
135 -33.0587 -71.6066
953 -33.0587 -71.6066
47 -33.0587 -71.6066
552 -33.0591 -71.6064
83 -33.0601 -71.6063
129 -33.0601 -71.6063
670 -33.0602 -71.6061
247 -33.06 -71.6063
67 -33.0597 -71.6063
311 -33.06 -71.6062
411 -33.0599 -71.6062
267 -33.0601 -71.606
910 -33.0604 -71.6058
8 -33.0606 -71.6055
30 -33.0604 -71.6046
826 -33.0602 -71.6046
578 -33.0601 -71.606
406 -33.0597 -71.6054
1 -33.0595 -71.6051
184 -33.0595 -71.6064
954 -33.0594 -71.6064
125 -33.0594 -71.6064
6 -33.0595 -71.6064
567 -33.0594 -71.6064
873 -33.0593 -71.6064
527 -33.0592 -71.6063
513 -33.0591 -71.6063
525 -33.059 -71.6063
256 -33.0594 -71.6055
149 -33.0595 -71.6054
221 -33.0591 -71.6054
628 -33.0588 -71.6062
196 -33.0587 -71.6051
957 -33.0587 -71.6051
657 -33.0586 -71.6101
895 -33.0581 -71.6105
517 -33.0585 -71.6104
975 -33.0584 -71.6101
621 -33.058 -71.6104
388 -33.058 -71.6104
540 -33.0575 -71.6103
384 -33.0577 -71.6102
745 -33.0582 -71.6101
433 -33.0583 -71.6099
875 -33.0583 -71.6092
800 -33.0583 -71.6091
454 -33.0582 -71.609
65 -33.058 -71.6099
268 -33.058 -71.6099
744 -33.0578 -71.6096
995 -33.0575 -71.6096
345 -33.0565 -71.6101
920 -33.0572 -71.61
278 -33.0567 -71.6099
337 -33.0559 -71.6104
834 -33.0546 -71.6104
31 -33.0551 -71.61
77 -33.0552 -71.6099
27 -33.0568 -71.6099
180 -33.0575 -71.6097
74 -33.0563 -71.6095
894 -33.0572 -71.6095
133 -33.0561 -71.6095
780 -33.0553 -71.6097
162 -33.0559 -71.6095
401 -33.0559 -71.6095
874 -33.0576 -71.6088
699 -33.0584 -71.6087
650 -33.0584 -71.6086
131 -33.0584 -71.6085
257 -33.0583 -71.6087
684 -33.0583 -71.6085
426 -33.0582 -71.6084
451 -33.0581 -71.6083
244 -33.058 -71.6083
486 -33.058 -71.6082
3 -33.058 -71.6081
814 -33.058 -71.6081
811 -33.0579 -71.6083
798 -33.0578 -71.6082
249 -33.0578 -71.6082
288 -33.0578 -71.6082
338 -33.0577 -71.6082
535 -33.0575 -71.6088
0 -33.055 -71.6083
728 -33.055 -71.6082
637 -33.0549 -71.6083
462 -33.0545 -71.6085
648 -33.0548 -71.6084
538 -33.0548 -71.6084
524 -33.0577 -71.6082
865 -33.0577 -71.6081
974 -33.0577 -71.6081
893 -33.0575 -71.6081
590 -33.0551 -71.6081
701 -33.0551 -71.6081
680 -33.0551 -71.6081
374 -33.0545 -71.6085
314 -33.0545 -71.6105
394 -33.0545 -71.6105
484 -33.0516 -71.6095
583 -33.0514 -71.6097
935 -33.0513 -71.6098
88 -33.0513 -71.6098
493 -33.0514 -71.6097
732 -33.0516 -71.6095
722 -33.052 -71.6091
152 -33.052 -71.6091
724 -33.052 -71.6091
55 -33.0519 -71.6091
643 -33.0516 -71.6095
939 -33.0517 -71.6094
755 -33.0518 -71.6093
80 -33.0513 -71.6098
982 -33.0509 -71.6102
633 -33.0508 -71.6102
222 -33.0508 -71.6102
220 -33.0507 -71.6102
784 -33.0507 -71.6102
735 -33.0507 -71.6102
696 -33.0506 -71.6102
802 -33.0506 -71.6102
360 -33.0511 -71.61
34 -33.0512 -71.6099
485 -33.0513 -71.6098
718 -33.051 -71.6101
322 -33.0506 -71.6102
139 -33.0505 -71.6102
530 -33.052 -71.6089
515 -33.0545 -71.6085
302 -33.0545 -71.6085
432 -33.0544 -71.6085
612 -33.0542 -71.6085
36 -33.0537 -71.6085
960 -33.0541 -71.6085
218 -33.054 -71.6085
519 -33.054 -71.6085
586 -33.054 -71.6085
778 -33.0539 -71.6085
541 -33.0539 -71.6085
854 -33.0539 -71.6085
631 -33.0538 -71.6085
84 -33.0538 -71.6085
436 -33.0538 -71.6085
50 -33.0536 -71.6085
868 -33.0536 -71.6085
941 -33.0534 -71.6085
897 -33.0534 -71.6085
213 -33.0534 -71.6085
968 -33.0521 -71.6086
140 -33.0533 -71.6084
318 -33.0532 -71.6084
853 -33.0532 -71.6084
206 -33.053 -71.6083
440 -33.0528 -71.6083
283 -33.0526 -71.6082
933 -33.0526 -71.6082
48 -33.0525 -71.6082
716 -33.0522 -71.6082
234 -33.0552 -71.6081
675 -33.0584 -71.608
114 -33.0584 -71.608
584 -33.0585 -71.608
330 -33.0583 -71.608
824 -33.0581 -71.6081
663 -33.0582 -71.608
993 -33.0581 -71.6078
514 -33.0583 -71.6075
110 -33.0584 -71.6073
168 -33.0584 -71.6067
980 -33.0584 -71.6067
182 -33.0583 -71.6071
95 -33.058 -71.6067
356 -33.0581 -71.6067
352 -33.0583 -71.6067
459 -33.058 -71.6068
4 -33.0575 -71.6081
193 -33.0577 -71.6076
319 -33.0577 -71.6076
817 -33.0574 -71.6081
750 -33.0573 -71.6081
439 -33.0572 -71.608
379 -33.0573 -71.6075
613 -33.0577 -71.6073
841 -33.0578 -71.6068
246 -33.0578 -71.6068
969 -33.0579 -71.6068
390 -33.0577 -71.6072
766 -33.0573 -71.6069
898 -33.0576 -71.6068
702 -33.0577 -71.6068
887 -33.0586 -71.6067
926 -33.0584 -71.6066
543 -33.0584 -71.6066
777 -33.0585 -71.6066
443 -33.0584 -71.6066
396 -33.0583 -71.6067
344 -33.0583 -71.6067
936 -33.0583 -71.6067
840 -33.0584 -71.6062
223 -33.0585 -71.6062
937 -33.0586 -71.6051
776 -33.0586 -71.6051
782 -33.0583 -71.6062
984 -33.0583 -71.6058
564 -33.0583 -71.6057
595 -33.0583 -71.6051
136 -33.0582 -71.6059
928 -33.058 -71.6065
990 -33.058 -71.6062
492 -33.0582 -71.6062
943 -33.058 -71.6062
503 -33.0578 -71.6066
357 -33.0578 -71.6062
472 -33.0575 -71.6061
477 -33.058 -71.6059
316 -33.0577 -71.6058
460 -33.0578 -71.6058
781 -33.0577 -71.6046
768 -33.0576 -71.6049
98 -33.0575 -71.6051
121 -33.0575 -71.6051
539 -33.0572 -71.6079
526 -33.0572 -71.608
465 -33.0571 -71.608
317 -33.0571 -71.608
932 -33.0571 -71.608
695 -33.057 -71.608
258 -33.057 -71.608
58 -33.0569 -71.608
985 -33.0568 -71.608
656 -33.0567 -71.608
719 -33.0565 -71.608
779 -33.0565 -71.608
96 -33.0564 -71.608
947 -33.0564 -71.608
709 -33.056 -71.6079
522 -33.056 -71.6079
548 -33.056 -71.6079
823 -33.0552 -71.6081
231 -33.0552 -71.6081
807 -33.0553 -71.608
119 -33.0552 -71.6081
383 -33.0522 -71.6081
694 -33.0522 -71.6081
418 -33.0552 -71.6081
634 -33.0553 -71.608
665 -33.056 -71.6079
444 -33.056 -71.6079
207 -33.0559 -71.6079
457 -33.0553 -71.608
956 -33.0553 -71.608
799 -33.0521 -71.6079
76 -33.0559 -71.6079
241 -33.0564 -71.6073
329 -33.0564 -71.6073
342 -33.0564 -71.6072
596 -33.0563 -71.6074
518 -33.0562 -71.6075
685 -33.0562 -71.6074
804 -33.0562 -71.6074
312 -33.0564 -71.6072
164 -33.057 -71.607
507 -33.0572 -71.6047
533 -33.0568 -71.6046
428 -33.0568 -71.6072
651 -33.0568 -71.6072
729 -33.0568 -71.6046
792 -33.0568 -71.6046
86 -33.0561 -71.6075
847 -33.0558 -71.6078
654 -33.0557 -71.6078
64 -33.0557 -71.6078
153 -33.0557 -71.6078
425 -33.0556 -71.6078
481 -33.0556 -71.6078
363 -33.0556 -71.6078
178 -33.0556 -71.6078
828 -33.0556 -71.6078
240 -33.0556 -71.6078
899 -33.0545 -71.6053
248 -33.0541 -71.6057
435 -33.0527 -71.6067
971 -33.0541 -71.6058
