455 -33.0622 -71.6158
754 -33.0623 -71.6158
760 -33.0619 -71.6158
907 -33.0613 -71.6159
466 -33.0608 -71.6161
290 -33.0611 -71.616
838 -33.0613 -71.6159
619 -33.0618 -71.6158
301 -33.0624 -71.6154
978 -33.0627 -71.6151
475 -33.0626 -71.615
271 -33.0618 -71.6158
446 -33.0607 -71.6155
456 -33.0609 -71.6154
803 -33.061 -71.6154
154 -33.0607 -71.6155
495 -33.0604 -71.6163
166 -33.0604 -71.6163
179 -33.0605 -71.6163
145 -33.0603 -71.6163
908 -33.0596 -71.6166
171 -33.0599 -71.6165
448 -33.06 -71.6164
403 -33.0606 -71.6162
423 -33.0605 -71.6158
698 -33.0597 -71.6147
549 -33.0597 -71.6146
773 -33.0596 -71.6148
962 -33.0596 -71.6148
546 -33.0595 -71.6148
49 -33.0596 -71.6148
726 -33.0597 -71.6145
686 -33.0607 -71.614
483 -33.0607 -71.6139
127 -33.0608 -71.6136
123 -33.0606 -71.6141
61 -33.0606 -71.6141
467 -33.0606 -71.6141
274 -33.0605 -71.6138
917 -33.0623 -71.6135
501 -33.0622 -71.6134
118 -33.0639 -71.6133
579 -33.0621 -71.6131
762 -33.061 -71.6134
994 -33.061 -71.6134
189 -33.061 -71.6134
134 -33.0604 -71.613
69 -33.0603 -71.613
945 -33.0603 -71.6143
424 -33.0603 -71.6142
819 -33.0602 -71.614
279 -33.0602 -71.6143
7 -33.06 -71.6145
367 -33.06 -71.6144
809 -33.06 -71.6143
355 -33.0597 -71.6139
580 -33.0601 -71.6134
751 -33.0601 -71.6134
373 -33.0601 -71.6132
354 -33.0598 -71.6137
967 -33.0598 -71.6138
927 -33.0598 -71.6137
930 -33.0595 -71.6167
487 -33.0593 -71.6168
946 -33.0594 -71.6167
611 -33.0595 -71.6164
614 -33.0593 -71.6167
393 -33.0591 -71.6169
506 -33.0592 -71.6168
727 -33.0593 -71.6168
89 -33.0591 -71.6151
711 -33.0592 -71.6151
117 -33.0593 -71.615
198 -33.0593 -71.6149
767 -33.0592 -71.6151
864 -33.059 -71.6145
450 -33.0591 -71.6145
892 -33.0591 -71.6145
327 -33.0589 -71.6169
504 -33.0588 -71.617
128 -33.0589 -71.6169
830 -33.0588 -71.6169
703 -33.0587 -71.6171
597 -33.0587 -71.6171
585 -33.0586 -71.6169
600 -33.0586 -71.6155
204 -33.0586 -71.6154
228 -33.0588 -71.6153
488 -33.0588 -71.6148
787 -33.0588 -71.6148
797 -33.0586 -71.6146
636 -33.0586 -71.6149
880 -33.0585 -71.6148
565 -33.0585 -71.6148
512 -33.0586 -71.6144
107 -33.0594 -71.6142
254 -33.0594 -71.6141
434 -33.0594 -71.6141
844 -33.0593 -71.6141
992 -33.0591 -71.6144
292 -33.0593 -71.6142
973 -33.0593 -71.6141
761 -33.0594 -71.6141
405 -33.0595 -71.614
341 -33.0595 -71.6139
916 -33.0591 -71.6135
102 -33.0591 -71.6135
464 -33.0591 -71.6136
402 -33.0591 -71.6136
950 -33.0591 -71.6134
233 -33.059 -71.6129
545 -33.0588 -71.6142
891 -33.0587 -71.6136
822 -33.0589 -71.6133
668 -33.0586 -71.6133
571 -33.0584 -71.6138
211 -33.0585 -71.6137
42 -33.0585 -71.613
392 -33.0586 -71.613
707 -33.0588 -71.6129
124 -33.0588 -71.6129
306 -33.059 -71.6129
942 -33.0586 -71.613
902 -33.0586 -71.613
201 -33.0586 -71.613
655 -33.059 -71.6129
531 -33.0631 -71.6129
238 -33.0631 -71.6129
52 -33.0627 -71.6127
286 -33.0627 -71.6127
51 -33.0626 -71.6128
958 -33.0626 -71.6127
366 -33.0626 -71.6127
57 -33.0629 -71.6122
976 -33.0646 -71.6121
351 -33.0624 -71.6121
413 -33.0627 -71.612
14 -33.0623 -71.6121
408 -33.0617 -71.6121
537 -33.0617 -71.6121
251 -33.0617 -71.612
370 -33.0616 -71.6121
816 -33.0609 -71.6125
160 -33.061 -71.6123
679 -33.061 -71.6123
224 -33.0608 -71.6125
146 -33.0607 -71.6126
986 -33.0607 -71.6126
347 -33.0608 -71.6125
310 -33.061 -71.6123
577 -33.0614 -71.6121
789 -33.0615 -71.6121
387 -33.0615 -71.6121
255 -33.0613 -71.6122
269 -33.0611 -71.6123
693 -33.0612 -71.6122
747 -33.0613 -71.6122
674 -33.0617 -71.612
869 -33.0635 -71.6118
640 -33.0635 -71.6118
642 -33.063 -71.6115
480 -33.0626 -71.612
582 -33.0622 -71.612
733 -33.0623 -71.612
700 -33.0619 -71.6119
209 -33.0631 -71.6113
482 -33.065 -71.611
790 -33.064 -71.6108
420 -33.0648 -71.6107
523 -33.0639 -71.6112
561 -33.0631 -71.6112
11 -33.0635 -71.6107
774 -33.063 -71.6107
407 -33.0619 -71.612
452 -33.0619 -71.6118
285 -33.0619 -71.6118
705 -33.0619 -71.6117
12 -33.0612 -71.6115
272 -33.0608 -71.612
307 -33.0607 -71.6116
627 -33.0609 -71.6115
934 -33.0619 -71.6112
297 -33.0618 -71.6108
474 -33.0618 -71.6108
918 -33.0618 -71.6108
878 -33.0618 -71.6107
903 -33.0614 -71.6107
740 -33.0617 -71.6107
575 -33.0606 -71.6127
641 -33.0604 -71.6129
150 -33.0605 -71.6129
295 -33.0598 -71.6128
70 -33.0598 -71.6128
87 -33.0595 -71.6128
837 -33.0597 -71.6128
334 -33.0598 -71.6128
324 -33.0598 -71.6128
208 -33.0601 -71.6128
200 -33.0601 -71.6128
759 -33.0605 -71.6128
202 -33.06 -71.6128
615 -33.0599 -71.6128
414 -33.06 -71.6128
863 -33.06 -71.6128
661 -33.0595 -71.6129
730 -33.0591 -71.6129
919 -33.0592 -71.6129
265 -33.0593 -71.6129
82 -33.0591 -71.6129
599 -33.059 -71.6129
437 -33.059 -71.6129
738 -33.0591 -71.6129
498 -33.0593 -71.6129
19 -33.0594 -71.6129
877 -33.0594 -71.6129
607 -33.0595 -71.6129
771 -33.0594 -71.6129
235 -33.0594 -71.6129
801 -33.0592 -71.6128
742 -33.0589 -71.6128
309 -33.0605 -71.6128
22 -33.0606 -71.6127
603 -33.0603 -71.6122
237 -33.0603 -71.6124
991 -33.0595 -71.6125
955 -33.0595 -71.612
601 -33.0603 -71.6119
563 -33.0593 -71.6116
368 -33.0598 -71.6116
252 -33.0605 -71.6116
876 -33.0603 -71.611
376 -33.0595 -71.6112
602 -33.0595 -71.611
998 -33.0595 -71.611
743 -33.0595 -71.6109
298 -33.0593 -71.6116
23 -33.0592 -71.6126
216 -33.0592 -71.6126
303 -33.0591 -71.6125
386 -33.0589 -71.6127
20 -33.0589 -71.6127
29 -33.0588 -71.6126
197 -33.0585 -71.6124
676 -33.0591 -71.6122
748 -33.0589 -71.6112
706 -33.0592 -71.6112
187 -33.0592 -71.6112
259 -33.0589 -71.6112
905 -33.0588 -71.6121
560 -33.0588 -71.6117
860 -33.0584 -71.6148
262 -33.0583 -71.616
431 -33.0583 -71.6158
343 -33.0583 -71.6151
66 -33.0583 -71.6174
961 -33.0579 -71.6177
100 -33.058 -71.617
593 -33.058 -71.6158
93 -33.0581 -71.615
340 -33.0582 -71.615
795 -33.0582 -71.615
116 -33.0582 -71.615
399 -33.0582 -71.615
739 -33.058 -71.615
177 -33.058 -71.615
148 -33.0579 -71.615
835 -33.0579 -71.6149
979 -33.0572 -71.6183
165 -33.0575 -71.6181
130 -33.0575 -71.6181
10 -33.0572 -71.6183
949 -33.0571 -71.6184
786 -33.057 -71.6183
983 -33.0572 -71.6183
109 -33.0575 -71.618
904 -33.0579 -71.6178
430 -33.0578 -71.615
361 -33.0578 -71.6149
364 -33.0578 -71.6178
964 -33.057 -71.617
494 -33.0568 -71.617
756 -33.0578 -71.6149
385 -33.0577 -71.6149
783 -33.0577 -71.6149
421 -33.0583 -71.6149
734 -33.0583 -71.6149
812 -33.0576 -71.6149
632 -33.0576 -71.6149
185 -33.0575 -71.6149
749 -33.0574 -71.6149
250 -33.0574 -71.6149
320 -33.0584 -71.6148
105 -33.0583 -71.6148
721 -33.0583 -71.6148
323 -33.0582 -71.6148
678 -33.0573 -71.6149
163 -33.0573 -71.6149
852 -33.0572 -71.6148
500 -33.0572 -71.6148
574 -33.0566 -71.6149
106 -33.0566 -71.6149
142 -33.0566 -71.6148
850 -33.0566 -71.6149
884 -33.0565 -71.6149
688 -33.0565 -71.6149
550 -33.0566 -71.6149
659 -33.0572 -71.6148
38 -33.0571 -71.6148
111 -33.0571 -71.6148
75 -33.057 -71.6148
315 -33.057 -71.6148
412 -33.0567 -71.6148
144 -33.057 -71.6148
176 -33.0565 -71.6149
589 -33.056 -71.6162
829 -33.0562 -71.6161
353 -33.0562 -71.616
708 -33.056 -71.618
409 -33.0558 -71.618
511 -33.0557 -71.618
598 -33.0559 -71.6163
416 -33.0562 -71.616
573 -33.0561 -71.616
889 -33.056 -71.616
239 -33.0562 -71.6158
170 -33.056 -71.6159
333 -33.0559 -71.6159
113 -33.0558 -71.6159
605 -33.0557 -71.6159
25 -33.0557 -71.6165
629 -33.0552 -71.6178
710 -33.0557 -71.6168
92 -33.0557 -71.6167
427 -33.055 -71.618
516 -33.0543 -71.6184
509 -33.0549 -71.6183
849 -33.055 -71.618
987 -33.0557 -71.6166
639 -33.0557 -71.6159
155 -33.0557 -71.6159
763 -33.0554 -71.6158
794 -33.0553 -71.6158
938 -33.0528 -71.6159
157 -33.0553 -71.6158
54 -33.0559 -71.6158
652 -33.0562 -71.6152
53 -33.0562 -71.6152
999 -33.0562 -71.6151
453 -33.0561 -71.6157
263 -33.0561 -71.6157
883 -33.0561 -71.6157
692 -33.056 -71.6153
191 -33.0562 -71.6151
13 -33.0564 -71.615
572 -33.0564 -71.615
940 -33.0564 -71.615
859 -33.0563 -71.615
174 -33.0562 -71.6151
273 -33.0562 -71.6151
313 -33.0563 -71.6151
479 -33.056 -71.6153
635 -33.0548 -71.6158
610 -33.0546 -71.6157
644 -33.0541 -71.6156
988 -33.0529 -71.6156
820 -33.0529 -71.6158
205 -33.0529 -71.6158
277 -33.0529 -71.6158
911 -33.0539 -71.6156
529 -33.056 -71.6155
712 -33.0559 -71.6154
697 -33.056 -71.6153
900 -33.0559 -71.6154
764 -33.0538 -71.6156
217 -33.0559 -71.6153
195 -33.057 -71.6148
175 -33.0584 -71.6139
521 -33.0583 -71.6134
881 -33.0583 -71.6134
551 -33.0582 -71.6142
948 -33.0582 -71.6142
547 -33.0582 -71.6133
963 -33.0582 -71.6131
210 -33.0582 -71.6131
562 -33.0583 -71.613
18 -33.0584 -71.613
275 -33.0583 -71.613
658 -33.0582 -71.613
227 -33.0582 -71.6131
534 -33.0582 -71.613
449 -33.0582 -71.613
848 -33.0581 -71.6133
476 -33.0581 -71.6144
68 -33.0581 -71.6144
713 -33.0581 -71.6144
377 -33.0577 -71.6145
885 -33.0577 -71.6144
253 -33.0574 -71.6141
382 -33.0575 -71.6139
867 -33.0575 -71.6139
389 -33.0579 -71.6139
687 -33.0578 -71.6139
212 -33.0581 -71.6136
35 -33.0577 -71.6131
831 -33.0577 -71.6139
591 -33.0576 -71.6134
520 -33.0577 -71.6131
996 -33.0581 -71.613
645 -33.0583 -71.6127
214 -33.0583 -71.6127
842 -33.0583 -71.6126
872 -33.0583 -71.6127
203 -33.058 -71.613
775 -33.0582 -71.6128
108 -33.0582 -71.6123
442 -33.058 -71.6119
151 -33.0584 -71.6117
606 -33.0583 -71.6113
815 -33.0583 -71.6113
542 -33.0581 -71.6109
587 -33.058 -71.6117
770 -33.0581 -71.6111
821 -33.0581 -71.6108
725 -33.058 -71.613
805 -33.0579 -71.6129
623 -33.0579 -71.6129
186 -33.0578 -71.6129
649 -33.0578 -71.6129
588 -33.0577 -71.6129
173 -33.0576 -71.6129
791 -33.0576 -71.6129
666 -33.0575 -71.6129
15 -33.058 -71.6113
569 -33.0579 -71.6113
510 -33.0577 -71.6107
861 -33.0575 -71.6119
638 -33.0575 -71.6128
681 -33.0575 -71.6116
40 -33.0574 -71.6135
625 -33.0574 -71.6144
91 -33.0574 -71.6144
266 -33.0574 -71.6143
181 -33.0574 -71.6146
260 -33.0573 -71.6147
17 -33.0574 -71.6146
429 -33.0571 -71.6135
536 -33.0571 -71.6135
566 -33.0574 -71.6128
270 -33.0573 -71.6128
33 -33.0572 -71.6127
508 -33.0571 -71.6127
161 -33.057 -71.6134
617 -33.057 -71.6127
906 -33.057 -71.6127
914 -33.057 -71.6127
496 -33.0569 -71.6147
5 -33.0569 -71.6147
304 -33.0569 -71.6147
497 -33.0569 -71.6147
85 -33.0567 -71.6147
115 -33.0568 -71.6147
226 -33.0569 -71.6147
24 -33.0568 -71.6147
647 -33.0568 -71.6147
890 -33.0568 -71.6147
796 -33.0568 -71.6147
59 -33.0561 -71.6131
618 -33.0558 -71.6131
380 -33.0559 -71.6131
101 -33.0498 -71.6126
683 -33.0567 -71.6125
717 -33.0567 -71.6125
188 -33.0563 -71.6124
568 -33.0562 -71.6124
851 -33.0552 -71.6124
559 -33.0554 -71.6124
758 -33.0561 -71.6123
44 -33.0559 -71.6123
346 -33.0558 -71.6123
862 -33.0541 -71.6123
855 -33.0536 -71.6107
604 -33.0535 -71.6114
901 -33.0533 -71.6115
348 -33.0533 -71.6115
81 -33.0534 -71.6114
553 -33.0532 -71.6121
972 -33.0527 -71.6121
793 -33.0526 -71.6121
827 -33.0518 -71.6118
9 -33.0517 -71.6118
447 -33.0511 -71.6123
322 -33.05 -71.611
139 -33.05 -71.611
802 -33.0501 -71.611
220 -33.0501 -71.6108
222 -33.0501 -71.6108
633 -33.0501 -71.6107
784 -33.0501 -71.6108
696 -33.0501 -71.6109
735 -33.0501 -71.6108
314 -33.0536 -71.6107
499 -33.0638 -71.6105
326 -33.0647 -71.6104
63 -33.0632 -71.61
43 -33.0618 -71.6106
489 -33.0617 -71.6106
818 -33.0618 -71.6105
581 -33.0617 -71.6103
858 -33.0629 -71.6099
282 -33.0628 -71.6098
677 -33.0644 -71.6095
469 -33.0635 -71.6094
715 -33.0622 -71.6096
470 -33.0621 -71.6095
422 -33.062 -71.6095
664 -33.062 -71.6095
576 -33.0617 -71.6103
646 -33.0616 -71.6105
458 -33.0616 -71.6105
879 -33.0615 -71.6104
60 -33.0615 -71.6104
26 -33.061 -71.6103
608 -33.0614 -71.6102
62 -33.0614 -71.6102
94 -33.0612 -71.6098
532 -33.0615 -71.6094
952 -33.0611 -71.6093
183 -33.0611 -71.6093
328 -33.061 -71.6093
138 -33.0605 -71.6096
970 -33.0608 -71.6096
73 -33.0605 -71.6093
335 -33.0632 -71.6093
473 -33.0629 -71.6093
79 -33.0635 -71.6092
438 -33.0626 -71.6092
944 -33.0622 -71.6091
690 -33.061 -71.6093
723 -33.0621 -71.609
219 -33.0621 -71.609
757 -33.0609 -71.6089
350 -33.0622 -71.6085
156 -33.0622 -71.6084
463 -33.0624 -71.6081
72 -33.0622 -71.6085
714 -33.0612 -71.6089
461 -33.061 -71.6086
419 -33.0617 -71.608
981 -33.0609 -71.6089
471 -33.0609 -71.6089
752 -33.0608 -71.6088
369 -33.0607 -71.6088
653 -33.0607 -71.6088
741 -33.0607 -71.6088
832 -33.0607 -71.6087
192 -33.0606 -71.6085
746 -33.0606 -71.6085
624 -33.0606 -71.6085
71 -33.0606 -71.6085
753 -33.0607 -71.6079
325 -33.0606 -71.6077
882 -33.0605 -71.6084
736 -33.0604 -71.6084
294 -33.0604 -71.6084
190 -33.0602 -71.6104
886 -33.0602 -71.6103
97 -33.0603 -71.6101
415 -33.0601 -71.6104
909 -33.0598 -71.6106
305 -33.0601 -71.6101
866 -33.0596 -71.6098
626 -33.06 -71.6088
332 -33.0602 -71.6083
788 -33.0604 -71.6083
199 -33.0603 -71.6083
375 -33.0602 -71.6082
132 -33.06 -71.6088
810 -33.0598 -71.6082
167 -33.0598 -71.6082
143 -33.0595 -71.6098
765 -33.0592 -71.6104
141 -33.0593 -71.6099
362 -33.0589 -71.6095
391 -33.0588 -71.6102
558 -33.0584 -71.6106
657 -33.0586 -71.6101
433 -33.0583 -71.6099
856 -33.0587 -71.6093
236 -33.0588 -71.6088
2 -33.0592 -71.6088
554 -33.0587 -71.6083
931 -33.0587 -71.6089
875 -33.0583 -71.6089
257 -33.0583 -71.6087
675 -33.0584 -71.608
103 -33.0599 -71.608
468 -33.0601 -71.6079
888 -33.0601 -71.6078
242 -33.0596 -71.6079
846 -33.059 -71.6079
528 -33.059 -71.6079
339 -33.0596 -71.6078
229 -33.0599 -71.6078
556 -33.0602 -71.6077
997 -33.0602 -71.6077
395 -33.0601 -71.6077
287 -33.06 -71.6077
813 -33.0596 -71.6078
232 -33.0596 -71.6078
215 -33.0596 -71.6077
691 -33.059 -71.6077
308 -33.0589 -71.6079
871 -33.0587 -71.6079
913 -33.0587 -71.6079
359 -33.0586 -71.6079
289 -33.0585 -71.6079
667 -33.0586 -71.6079
921 -33.0586 -71.6079
410 -33.0587 -71.6079
929 -33.0589 -71.6078
194 -33.0589 -71.6078
21 -33.059 -71.6077
299 -33.0588 -71.6078
264 -33.0587 -71.6079
682 -33.0587 -71.6078
245 -33.0591 -71.6077
225 -33.0628 -71.6077
478 -33.0622 -71.6075
400 -33.0631 -71.6075
833 -33.0619 -71.6069
398 -33.0612 -71.6076
977 -33.0617 -71.6073
836 -33.0614 -71.607
662 -33.0619 -71.6068
331 -33.0642 -71.6068
296 -33.0636 -71.6065
291 -33.0637 -71.6064
441 -33.0634 -71.6065
672 -33.0625 -71.6068
923 -33.0616 -71.6066
147 -33.0633 -71.6065
785 -33.0612 -71.6072
502 -33.0607 -71.6074
56 -33.0611 -71.6073
966 -33.0611 -71.6072
365 -33.0607 -71.6073
912 -33.0602 -71.6072
281 -33.0602 -71.607
300 -33.0606 -71.6068
808 -33.0612 -71.6068
381 -33.0611 -71.6066
159 -33.0609 -71.6065
137 -33.0609 -71.6065
925 -33.0607 -71.6064
321 -33.0601 -71.6067
772 -33.0601 -71.6065
243 -33.0601 -71.6065
83 -33.0601 -71.6063
924 -33.0639 -71.6063
90 -33.0642 -71.6061
870 -33.0648 -71.606
112 -33.0632 -71.6062
592 -33.0623 -71.6062
557 -33.0621 -71.6062
78 -33.0629 -71.606
922 -33.0627 -71.6059
769 -33.0623 -71.6056
857 -33.0624 -71.6055
825 -33.0621 -71.6054
169 -33.062 -71.6053
620 -33.062 -71.6053
843 -33.062 -71.6053
622 -33.062 -71.6053
261 -33.0619 -71.6052
284 -33.0605 -71.6057
417 -33.0605 -71.6056
669 -33.0606 -71.6055
505 -33.0604 -71.6057
172 -33.0603 -71.6059
16 -33.0603 -71.6058
845 -33.0604 -71.6057
349 -33.0606 -71.6055
32 -33.0614 -71.6048
158 -33.0613 -71.6048
293 -33.0613 -71.6048
99 -33.0612 -71.6047
491 -33.061 -71.6055
951 -33.061 -71.6051
129 -33.0601 -71.6063
839 -33.0595 -71.6077
737 -33.0598 -71.6077
371 -33.0593 -71.6076
731 -33.0592 -71.6076
989 -33.0591 -71.6077
122 -33.0591 -71.6077
397 -33.0591 -71.6076
280 -33.0591 -71.6075
46 -33.0601 -71.6072
404 -33.0595 -71.6065
954 -33.0594 -71.6064
378 -33.0592 -71.6068
671 -33.0591 -71.6067
578 -33.0591 -71.6065
267 -33.0591 -71.6065
806 -33.0591 -71.6077
720 -33.0591 -71.6077
887 -33.0584 -71.6069
980 -33.0584 -71.6067
110 -33.0584 -71.6073
182 -33.0583 -71.6071
168 -33.0584 -71.6067
567 -33.0584 -71.6067
6 -33.0584 -71.6066
126 -33.0588 -71.6066
704 -33.0588 -71.6066
247 -33.0589 -71.6065
555 -33.0587 -71.6066
184 -33.0584 -71.6066
67 -33.0586 -71.6066
125 -33.0594 -71.6064
670 -33.0599 -71.6063
230 -33.0599 -71.6062
276 -33.0599 -71.6062
8 -33.0598 -71.6063
873 -33.0593 -71.6064
910 -33.0594 -71.6064
527 -33.0592 -71.6063
311 -33.06 -71.6062
120 -33.06 -71.6062
411 -33.0599 -71.6062
544 -33.06 -71.6061
1 -33.0595 -71.6051
256 -33.0594 -71.6055
30 -33.0593 -71.6044
826 -33.0592 -71.6043
406 -33.0592 -71.6051
513 -33.0591 -71.6063
628 -33.0586 -71.6063
525 -33.059 -71.6063
223 -33.0585 -71.6062
840 -33.0584 -71.6062
782 -33.0583 -71.6062
984 -33.0583 -71.6058
564 -33.0583 -71.6057
221 -33.0591 -71.6054
196 -33.0587 -71.6051
957 -33.0587 -71.6051
937 -33.0586 -71.6051
595 -33.0583 -71.6051
149 -33.0585 -71.6049
616 -33.0583 -71.608
372 -33.058 -71.6104
384 -33.0577 -71.6102
745 -33.0582 -71.6101
517 -33.0575 -71.6101
673 -33.0574 -71.6106
540 -33.0575 -71.6103
336 -33.0573 -71.61
358 -33.0572 -71.61
268 -33.058 -71.6099
975 -33.0577 -71.6098
744 -33.0573 -71.6095
915 -33.0572 -71.61
895 -33.0571 -71.6099
621 -33.057 -71.6098
65 -33.0572 -71.6095
388 -33.057 -71.6098
345 -33.0554 -71.6104
278 -33.0557 -71.6104
27 -33.0558 -71.6104
337 -33.0548 -71.6104
31 -33.0542 -71.6105
77 -33.0543 -71.6105
780 -33.0545 -71.6105
920 -33.0562 -71.6102
180 -33.0565 -71.6096
995 -33.0564 -71.6096
894 -33.0561 -71.6095
162 -33.0559 -71.609
401 -33.0551 -71.6101
133 -33.0552 -71.6098
74 -33.0553 -71.6096
454 -33.0582 -71.609
874 -33.0576 -71.6088
244 -33.058 -71.6083
650 -33.058 -71.6083
535 -33.0575 -71.6088
654 -33.0548 -71.6084
847 -33.0548 -71.6083
76 -33.0549 -71.6083
811 -33.0579 -71.6083
800 -33.0579 -71.6082
548 -33.055 -71.6082
522 -33.055 -71.6082
709 -33.055 -71.6082
207 -33.0549 -71.6083
444 -33.055 -71.6083
665 -33.055 -71.6082
64 -33.0547 -71.6084
457 -33.0544 -71.6085
807 -33.0543 -71.6085
956 -33.0544 -71.6085
634 -33.0543 -71.6085
231 -33.0543 -71.6085
418 -33.0542 -71.6085
823 -33.0542 -71.6085
481 -33.0546 -71.6085
363 -33.0547 -71.6085
240 -33.0547 -71.6085
153 -33.0547 -71.6084
425 -33.0546 -71.6085
178 -33.0546 -71.6085
828 -33.0546 -71.6085
119 -33.0542 -71.6085
394 -33.0536 -71.6107
660 -33.0536 -71.6107
834 -33.0536 -71.6105
724 -33.0512 -71.6099
55 -33.0511 -71.61
152 -33.0512 -71.6099
722 -33.0512 -71.6099
530 -33.0513 -71.6098
48 -33.052 -71.609
933 -33.052 -71.6089
283 -33.052 -71.6089
694 -33.0519 -71.6092
968 -33.0515 -71.6096
716 -33.0518 -71.6093
383 -33.0518 -71.6093
755 -33.0509 -71.6101
939 -33.0508 -71.6102
643 -33.0507 -71.6102
732 -33.0507 -71.6102
484 -33.0507 -71.6102
982 -33.0501 -71.6106
718 -33.0501 -71.6105
360 -33.0502 -71.6103
583 -33.0505 -71.6102
935 -33.0503 -71.6102
493 -33.0504 -71.6102
88 -33.0503 -71.6101
485 -33.0503 -71.6101
34 -33.0502 -71.6102
80 -33.0503 -71.6101
440 -33.0521 -71.6086
701 -33.0541 -71.6085
234 -33.0542 -71.6085
590 -33.0541 -71.6085
680 -33.0541 -71.6085
648 -33.0537 -71.6085
462 -33.0535 -71.6085
637 -33.0539 -71.6085
728 -33.054 -71.6085
0 -33.0539 -71.6085
538 -33.0537 -71.6085
374 -33.0534 -71.6085
515 -33.0534 -71.6085
302 -33.0534 -71.6085
432 -33.0533 -71.6085
612 -33.0532 -71.6084
960 -33.0531 -71.6084
218 -33.053 -71.6083
519 -33.0529 -71.6083
586 -33.0529 -71.6083
778 -33.0529 -71.6083
799 -33.0511 -71.6085
206 -33.0522 -71.6084
541 -33.0528 -71.6083
854 -33.0528 -71.6083
84 -33.0528 -71.6083
631 -33.0528 -71.6083
436 -33.0527 -71.6082
36 -33.0526 -71.6082
853 -33.0522 -71.6083
868 -33.0526 -71.6082
28 -33.0579 -71.6082
490 -33.0579 -71.6082
609 -33.058 -71.6081
896 -33.0582 -71.6081
37 -33.0577 -71.6082
594 -33.0577 -71.6081
570 -33.0577 -71.6081
39 -33.0576 -71.6081
965 -33.0582 -71.6081
959 -33.0582 -71.6081
445 -33.058 -71.6079
993 -33.0581 -71.6078
613 -33.0577 -71.6073
193 -33.0577 -71.6076
319 -33.0577 -71.6076
390 -33.0577 -71.6072
630 -33.0576 -71.6081
45 -33.0576 -71.6081
699 -33.0575 -71.6081
893 -33.0575 -71.6081
514 -33.0575 -71.6081
426 -33.0575 -71.6081
584 -33.0574 -71.6081
114 -33.0574 -71.6081
131 -33.0574 -71.6081
684 -33.0573 -71.608
663 -33.0572 -71.608
330 -33.0571 -71.608
451 -33.0571 -71.608
824 -33.0571 -71.608
814 -33.0569 -71.608
95 -33.0569 -71.6071
928 -33.057 -71.6071
41 -33.0581 -71.6067
552 -33.0581 -71.6067
492 -33.058 -71.6064
104 -33.0579 -71.6068
135 -33.0577 -71.6068
689 -33.0579 -71.6068
503 -33.0578 -71.6066
357 -33.0578 -71.6062
990 -33.058 -71.6062
136 -33.0582 -71.6059
477 -33.058 -71.6059
460 -33.0578 -71.6058
316 -33.0577 -71.6058
768 -33.0576 -71.6049
776 -33.0577 -71.6046
47 -33.0576 -71.6068
396 -33.0572 -71.6069
936 -33.0572 -71.6069
926 -33.0573 -71.6069
344 -33.0572 -71.6069
356 -33.057 -71.607
943 -33.0571 -71.607
352 -33.0572 -71.607
543 -33.0573 -71.6069
953 -33.0576 -71.6068
472 -33.0575 -71.6061
98 -33.0575 -71.6051
777 -33.0574 -71.6069
443 -33.0574 -71.6069
121 -33.0569 -71.6046
3 -33.0569 -71.608
486 -33.0569 -71.608
249 -33.0567 -71.608
798 -33.0567 -71.608
288 -33.0567 -71.608
865 -33.0566 -71.608
974 -33.0566 -71.608
524 -33.0566 -71.608
338 -33.0566 -71.608
4 -33.0564 -71.608
817 -33.0563 -71.608
750 -33.0562 -71.608
539 -33.0562 -71.6079
439 -33.0561 -71.6079
526 -33.0561 -71.6079
317 -33.056 -71.6079
465 -33.056 -71.6079
50 -33.0525 -71.6082
86 -33.0551 -71.6081
941 -33.0524 -71.6081
897 -33.0523 -71.6081
318 -33.0522 -71.6082
140 -33.0522 -71.6081
213 -33.0523 -71.6081
518 -33.0552 -71.6081
947 -33.0554 -71.608
96 -33.0554 -71.608
241 -33.0554 -71.6079
596 -33.0553 -71.608
804 -33.0552 -71.6081
685 -33.0552 -71.6081
932 -33.056 -71.6079
766 -33.0563 -71.6074
898 -33.0566 -71.6073
702 -33.0566 -71.6072
379 -33.0562 -71.6075
695 -33.0559 -71.6079
258 -33.0559 -71.6079
164 -33.056 -71.6075
841 -33.0567 -71.6072
246 -33.0568 -71.6071
969 -33.0568 -71.6071
459 -33.0569 -71.6071
781 -33.0567 -71.6045
792 -33.0558 -71.6045
729 -33.0558 -71.6045
507 -33.0562 -71.6044
428 -33.0558 -71.6076
312 -33.0555 -71.6079
985 -33.0558 -71.6078
58 -33.0558 -71.6078
329 -33.0555 -71.6079
342 -33.0555 -71.6079
719 -33.0555 -71.6079
779 -33.0555 -71.6079
656 -33.0556 -71.6078
651 -33.0558 -71.6077
899 -33.0537 -71.6061
533 -33.0557 -71.6043
248 -33.0532 -71.6065
435 -33.0522 -71.6077
971 -33.0532 -71.6065
