266 -33.0532 -71.6246
930 -33.0532 -71.6246
253 -33.0532 -71.6246
678 -33.0527 -71.6245
327 -33.0526 -71.6245
315 -33.0525 -71.6245
38 -33.0524 -71.6245
226 -33.0523 -71.6244
880 -33.0537 -71.6241
177 -33.0534 -71.6239
487 -33.0531 -71.6238
260 -33.0529 -71.6237
796 -33.0522 -71.6244
5 -33.0522 -71.6244
500 -33.0526 -71.6236
647 -33.0522 -71.6244
479 -33.0518 -71.6251
961 -33.0519 -71.6249
940 -33.0519 -71.6247
217 -33.0518 -71.6252
109 -33.0516 -71.6252
883 -33.0515 -71.6252
829 -33.051 -71.6251
176 -33.0519 -71.6245
115 -33.0522 -71.6244
497 -33.0521 -71.6243
142 -33.0521 -71.6243
85 -33.052 -71.6243
66 -33.052 -71.6244
550 -33.0519 -71.6243
697 -33.0513 -71.6243
703 -33.0524 -71.6235
377 -33.0535 -71.6224
210 -33.0535 -71.6224
179 -33.053 -71.6222
890 -33.0523 -71.6235
919 -33.052 -71.62
216 -33.0522 -71.6199
456 -33.0519 -71.6199
355 -33.0518 -71.6199
869 -33.0531 -71.6188
646 -33.0528 -71.6187
57 -33.0526 -71.6187
668 -33.0526 -71.6187
587 -33.0521 -71.6199
373 -33.052 -71.6198
69 -33.0518 -71.6195
542 -33.0517 -71.6193
313 -33.0517 -71.6233
53 -33.0516 -71.6233
838 -33.0516 -71.6201
973 -33.0515 -71.6201
547 -33.0514 -71.6205
713 -33.0514 -71.6202
775 -33.0514 -71.6202
761 -33.0516 -71.62
341 -33.0517 -71.6199
301 -33.0516 -71.6193
134 -33.0513 -71.6189
816 -33.0512 -71.6189
881 -33.0512 -71.6188
376 -33.0512 -71.6188
399 -33.051 -71.6212
598 -33.0508 -71.6256
101 -33.051 -71.6255
786 -33.0509 -71.6251
633 -33.0506 -71.6247
34 -33.0504 -71.6243
979 -33.0505 -71.6242
935 -33.0503 -71.6242
493 -33.0503 -71.6242
716 -33.051 -71.6229
694 -33.0509 -71.6228
799 -33.0508 -71.6227
901 -33.0507 -71.6226
732 -33.0506 -71.6238
283 -33.0505 -71.6224
440 -33.0505 -71.6224
589 -33.0503 -71.6242
92 -33.0502 -71.6252
987 -33.0503 -71.6252
447 -33.0499 -71.6243
409 -33.0497 -71.6252
849 -33.0489 -71.6253
629 -33.049 -71.6253
710 -33.0497 -71.6243
25 -33.0499 -71.6243
859 -33.0492 -71.6223
412 -33.0493 -71.622
111 -33.0492 -71.6217
144 -33.0492 -71.6217
999 -33.0491 -71.6223
206 -33.0487 -71.6221
597 -33.0492 -71.6218
852 -33.0493 -71.6216
116 -33.051 -71.6212
432 -33.0502 -71.6208
302 -33.0502 -71.6208
637 -33.0501 -71.6205
680 -33.0499 -71.6202
234 -33.0495 -71.6201
956 -33.0497 -71.62
323 -33.0496 -71.62
166 -33.0496 -71.62
401 -33.0496 -71.6198
760 -33.0497 -71.6187
425 -33.0495 -71.6196
74 -33.0494 -71.6194
891 -33.0494 -71.6192
76 -33.0494 -71.6192
198 -33.0494 -71.6191
77 -33.0494 -71.6208
262 -33.0493 -71.6205
340 -33.0493 -71.6204
17 -33.0493 -71.6212
163 -33.0493 -71.6216
250 -33.0493 -71.6212
632 -33.0493 -71.6211
831 -33.0493 -71.6203
804 -33.0494 -71.619
86 -33.0494 -71.619
844 -33.0494 -71.6189
434 -33.0494 -71.6189
448 -33.0493 -71.6203
687 -33.0493 -71.6203
255 -33.0511 -71.6186
413 -33.0522 -71.6185
765 -33.0521 -71.6185
560 -33.0535 -71.6185
189 -33.0519 -71.6185
963 -33.0519 -71.6185
367 -33.0519 -71.6184
582 -33.0517 -71.6184
774 -33.0534 -71.6184
475 -33.0536 -71.6174
297 -33.0529 -71.6158
842 -33.0525 -71.6157
464 -33.0521 -71.6156
640 -33.052 -71.6156
950 -33.052 -71.6156
608 -33.052 -71.6156
978 -33.0517 -71.6184
407 -33.0515 -71.6184
537 -33.0513 -71.6184
408 -33.0512 -71.6183
370 -33.0512 -71.6184
549 -33.051 -71.6186
361 -33.0501 -71.6183
42 -33.0501 -71.6183
389 -33.0513 -71.6165
743 -33.0513 -71.6164
18 -33.0515 -71.6162
476 -33.0504 -71.6158
251 -33.0503 -71.6158
726 -33.0501 -71.6157
955 -33.05 -71.6157
279 -33.05 -71.6157
20 -33.0519 -71.6156
118 -33.0535 -71.6155
872 -33.0535 -71.6155
945 -33.0534 -71.6155
976 -33.0534 -71.6155
931 -33.0518 -71.6156
482 -33.0533 -71.6155
991 -33.0533 -71.6155
561 -33.0526 -71.6152
483 -33.0524 -71.615
948 -33.0536 -71.6143
994 -33.0526 -71.6136
531 -33.0523 -71.615
501 -33.0522 -71.6149
124 -33.0521 -71.6149
242 -33.0519 -71.6135
936 -33.0518 -71.6155
60 -33.0517 -71.6156
818 -33.0517 -71.6156
879 -33.0517 -71.6156
286 -33.0516 -71.6156
356 -33.0515 -71.6155
822 -33.0506 -71.6155
450 -33.0505 -71.6155
943 -33.0517 -71.6155
578 -33.0516 -71.614
507 -33.0517 -71.6139
910 -33.0518 -71.6137
792 -33.0515 -71.6144
268 -33.051 -71.6148
299 -33.0514 -71.6144
123 -33.05 -71.6157
698 -33.0496 -71.6177
754 -33.0495 -71.6177
455 -33.0494 -71.6177
656 -33.0493 -71.6184
428 -33.049 -71.6181
809 -33.0491 -71.6176
352 -33.049 -71.6167
396 -33.049 -71.6167
150 -33.0493 -71.6165
641 -33.0493 -71.6165
426 -33.0491 -71.6165
443 -33.0491 -71.6165
543 -33.049 -71.6167
699 -33.049 -71.6166
488 -33.049 -71.6165
819 -33.049 -71.6165
539 -33.049 -71.618
379 -33.0488 -71.6178
524 -33.0487 -71.6176
750 -33.0486 -71.6179
164 -33.0486 -71.6181
254 -33.0486 -71.618
292 -33.0486 -71.6179
803 -33.0489 -71.6176
95 -33.0489 -71.6169
684 -33.049 -71.6168
290 -33.0489 -71.6165
841 -33.0488 -71.6172
730 -33.0488 -71.6174
246 -33.0488 -71.6173
570 -33.0491 -71.6163
269 -33.0498 -71.6158
693 -33.0498 -71.6157
520 -33.0498 -71.6157
442 -33.0496 -71.6161
271 -33.0495 -71.6162
580 -33.0495 -71.6162
146 -33.0496 -71.6161
602 -33.0499 -71.6157
107 -33.0498 -71.6157
257 -33.0495 -71.6138
295 -33.0496 -71.6134
415 -33.0495 -71.6143
682 -33.0493 -71.615
554 -33.0494 -71.6149
887 -33.0494 -71.6148
141 -33.0493 -71.6151
893 -33.0492 -71.6157
959 -33.0492 -71.6157
41 -33.0492 -71.6156
391 -33.0492 -71.6157
953 -33.0491 -71.6162
609 -33.0491 -71.616
689 -33.0492 -71.6159
433 -33.0492 -71.6156
184 -33.0493 -71.6153
871 -33.0493 -71.6153
921 -33.0493 -71.6152
6 -33.0493 -71.6154
160 -33.0486 -71.6136
267 -33.0486 -71.6135
998 -33.0486 -71.6136
983 -33.0474 -71.6227
453 -33.0474 -71.6226
318 -33.0474 -71.6226
897 -33.0474 -71.6224
263 -33.0474 -71.6224
130 -33.0474 -71.6224
529 -33.0474 -71.6222
900 -33.0474 -71.6222
36 -33.0474 -71.6222
394 -33.0474 -71.6221
868 -33.0474 -71.6221
692 -33.0474 -71.6221
660 -33.0474 -71.6221
631 -33.0473 -71.6219
854 -33.0473 -71.6219
834 -33.0473 -71.6218
139 -33.0465 -71.6253
205 -33.0465 -71.6252
820 -33.0465 -71.6252
938 -33.0465 -71.6251
277 -33.0465 -71.6251
802 -33.0465 -71.6251
322 -33.0465 -71.6251
696 -33.0464 -71.6249
735 -33.0466 -71.6247
605 -33.0468 -71.6228
889 -33.0472 -71.6228
383 -33.0466 -71.6229
516 -33.0463 -71.6248
222 -33.0463 -71.6248
360 -33.0463 -71.6245
586 -33.0473 -71.6217
213 -33.0485 -71.6217
462 -33.0473 -71.6212
374 -33.0484 -71.6209
688 -33.0473 -71.6212
191 -33.0473 -71.6217
612 -33.0472 -71.6214
884 -33.0472 -71.6213
195 -33.0474 -71.6208
780 -33.0484 -71.6206
337 -33.0481 -71.6203
701 -33.048 -71.6202
457 -33.0479 -71.62
0 -33.0475 -71.6206
830 -33.0474 -71.6203
496 -33.0473 -71.6202
106 -33.0468 -71.6201
904 -33.0465 -71.6205
273 -33.0465 -71.6204
851 -33.0466 -71.6203
174 -33.0465 -71.6204
314 -33.0463 -71.6211
855 -33.0463 -71.6211
519 -33.0465 -71.6207
218 -33.0463 -71.6203
31 -33.0467 -71.6201
574 -33.0468 -71.6201
850 -33.0467 -71.62
515 -33.0466 -71.6202
572 -33.0466 -71.6203
13 -33.0466 -71.6203
435 -33.0462 -71.6213
718 -33.0462 -71.6246
80 -33.046 -71.6244
485 -33.0459 -71.6244
764 -33.0458 -71.6242
583 -33.0458 -71.6241
509 -33.0458 -71.6241
911 -33.0457 -71.6241
9 -33.0457 -71.6239
530 -33.0459 -71.6233
511 -33.046 -71.6231
708 -33.0461 -71.623
152 -33.0459 -71.6233
755 -33.0458 -71.6237
55 -33.0458 -71.6237
722 -33.0459 -71.6235
939 -33.0457 -71.6239
88 -33.0443 -71.624
484 -33.0456 -71.624
643 -33.0446 -71.6239
982 -33.0439 -71.6243
220 -33.0436 -71.6245
784 -33.0436 -71.6244
988 -33.0438 -71.6243
827 -33.0448 -71.6237
793 -33.0453 -71.6229
972 -33.0453 -71.6228
635 -33.0453 -71.6227
724 -33.045 -71.6233
427 -33.0448 -71.6237
644 -33.0449 -71.6236
610 -33.045 -71.6226
573 -33.0461 -71.6216
862 -33.0462 -71.6214
941 -33.0462 -71.6214
170 -33.046 -71.6218
81 -33.0458 -71.6221
639 -33.0458 -71.622
113 -33.0459 -71.6219
541 -33.0461 -71.6202
778 -33.0461 -71.6202
436 -33.0461 -71.6202
712 -33.0461 -71.6202
84 -33.046 -71.6202
165 -33.0459 -71.6201
50 -33.0458 -71.6201
239 -33.0458 -71.6201
348 -33.0458 -71.6222
794 -33.0457 -71.6223
48 -33.0457 -71.6223
933 -33.0457 -71.6222
553 -33.0456 -71.6223
968 -33.045 -71.6226
157 -33.0456 -71.6224
333 -33.0455 -71.6204
155 -33.0453 -71.6204
10 -33.0457 -71.6202
949 -33.0456 -71.62
853 -33.0455 -71.62
416 -33.0455 -71.62
604 -33.0452 -71.6204
763 -33.0451 -71.6203
140 -33.0455 -71.62
565 -33.0481 -71.6191
329 -33.0483 -71.6188
495 -33.0483 -71.6188
518 -33.0481 -71.6191
207 -33.048 -71.6193
665 -33.048 -71.6193
431 -33.048 -71.6193
787 -33.0484 -71.6186
812 -33.0485 -71.6182
767 -33.0485 -71.6182
992 -33.0485 -71.6182
180 -33.0485 -71.6184
258 -33.0484 -71.6185
721 -33.0484 -71.6185
864 -33.0484 -71.6185
522 -33.048 -71.6193
783 -33.0478 -71.6199
481 -33.0478 -71.6199
430 -33.0478 -71.6198
363 -33.0478 -71.6198
614 -33.0477 -71.62
727 -33.0477 -71.62
828 -33.0477 -71.6199
240 -33.0478 -71.6197
278 -33.0479 -71.6195
548 -33.048 -71.6194
709 -33.048 -71.6193
27 -33.0479 -71.6195
64 -33.0479 -71.6196
93 -33.0479 -71.6195
654 -33.0479 -71.6195
685 -33.0473 -71.6181
466 -33.0482 -71.6175
817 -33.0477 -71.6168
336 -33.0478 -71.6164
439 -33.0477 -71.617
805 -33.0476 -71.6172
465 -33.0476 -71.6171
932 -33.0477 -71.617
974 -33.0478 -71.6164
445 -33.0483 -71.6147
67 -33.0485 -71.6139
649 -33.0485 -71.6137
801 -33.0481 -71.6154
546 -33.048 -71.6163
117 -33.0478 -71.6162
777 -33.0481 -71.6154
965 -33.0475 -71.6134
342 -33.0474 -71.6177
860 -33.0475 -71.6176
651 -33.0475 -71.6175
779 -33.0474 -71.6178
947 -33.0474 -71.6179
920 -33.0474 -71.6178
320 -33.0474 -71.6178
58 -33.0474 -71.6172
892 -33.0475 -71.6162
552 -33.0475 -71.6134
208 -33.0475 -71.6134
334 -33.0474 -71.6138
638 -33.0473 -71.6172
908 -33.0473 -71.6162
894 -33.0473 -71.6172
504 -33.0471 -71.6196
807 -33.047 -71.6191
178 -33.047 -71.6189
231 -33.0469 -71.6192
44 -33.0469 -71.6195
971 -33.0469 -71.6193
418 -33.0469 -71.6193
153 -33.0471 -71.6188
683 -33.0471 -71.6186
847 -33.0471 -71.6186
444 -33.0472 -71.6184
719 -33.0471 -71.6172
345 -33.0471 -71.6186
596 -33.047 -71.6171
795 -33.047 -71.6171
728 -33.0468 -71.6196
648 -33.0467 -71.6199
538 -33.0468 -71.6198
304 -33.0467 -71.6194
756 -33.0465 -71.617
364 -33.046 -71.6192
652 -33.046 -71.6192
960 -33.0458 -71.6192
899 -33.0464 -71.617
393 -33.0464 -71.617
128 -33.0462 -71.617
119 -33.0458 -71.6169
823 -33.0457 -71.6169
248 -33.0456 -71.6169
758 -33.0457 -71.6169
590 -33.0457 -71.6169
545 -33.0472 -71.6162
946 -33.0471 -71.6161
729 -33.0471 -71.6146
655 -33.0471 -71.6146
317 -33.047 -71.616
835 -33.047 -71.6148
942 -33.0468 -71.6147
451 -33.0471 -71.6145
372 -33.0472 -71.6143
661 -33.0472 -71.6142
594 -33.0473 -71.6141
114 -33.0472 -71.6143
599 -33.0471 -71.6145
131 -33.0471 -71.6145
926 -33.0472 -71.6144
201 -33.0468 -71.6147
666 -33.0467 -71.6161
96 -33.0464 -71.616
148 -33.0461 -71.616
385 -33.0459 -71.616
133 -33.0457 -71.616
75 -33.0452 -71.616
634 -33.0452 -71.616
392 -33.0468 -71.6147
338 -33.0467 -71.6147
766 -33.0463 -71.6147
526 -33.0462 -71.6147
588 -33.0458 -71.6146
312 -33.0455 -71.6145
241 -33.0455 -71.6145
202 -33.0473 -71.6134
737 -33.0519 -71.6133
19 -33.0524 -71.6121
790 -33.0522 -71.612
2 -33.0519 -71.6133
276 -33.0518 -71.6132
120 -33.0517 -71.6131
390 -33.0517 -71.6131
326 -33.0521 -71.612
414 -33.0519 -71.612
420 -33.0519 -71.612
576 -33.0518 -71.612
43 -33.0518 -71.612
521 -33.0517 -71.612
747 -33.0517 -71.612
72 -33.0517 -71.6118
811 -33.0516 -71.6131
675 -33.0516 -71.6131
556 -33.0516 -71.6131
782 -33.0515 -71.6131
686 -33.0514 -71.6131
505 -33.0512 -71.6131
192 -33.0511 -71.6131
26 -33.051 -71.6131
127 -33.051 -71.6131
917 -33.0513 -71.6119
463 -33.0515 -71.6119
523 -33.0514 -71.6117
866 -33.0511 -71.6125
238 -33.0511 -71.6129
298 -33.0511 -71.6126
874 -33.0511 -71.6126
810 -33.0526 -71.6117
83 -33.0532 -71.6115
873 -33.0533 -71.6115
970 -33.0536 -71.6114
922 -33.053 -71.6116
772 -33.0526 -71.6116
132 -33.0527 -71.6116
592 -33.0528 -71.6116
98 -33.0537 -71.6113
354 -33.053 -71.6108
579 -33.0527 -71.6104
368 -33.0526 -71.6102
467 -33.0524 -71.6099
619 -33.0522 -71.6097
259 -33.0522 -71.6096
237 -33.0521 -71.6095
967 -33.052 -71.6094
569 -33.0514 -71.6114
225 -33.0511 -71.6099
402 -33.0514 -71.6097
305 -33.0511 -71.6114
962 -33.0509 -71.6114
46 -33.0509 -71.6102
857 -33.0509 -71.6102
52 -33.0515 -71.6096
636 -33.0516 -71.6095
469 -33.0517 -71.6094
154 -33.052 -71.6093
307 -33.0516 -71.6095
400 -33.0515 -71.6096
513 -33.0516 -71.6095
35 -33.0509 -71.6102
51 -33.0506 -71.6131
642 -33.0505 -71.613
958 -33.0504 -71.613
187 -33.0503 -71.613
669 -33.0498 -71.6125
856 -33.0498 -71.6123
704 -33.0499 -71.6121
671 -33.0499 -71.612
733 -33.0502 -71.6113
173 -33.0501 -71.6113
840 -33.05 -71.6113
137 -33.05 -71.6114
158 -33.05 -71.6115
316 -33.05 -71.6115
846 -33.0498 -71.6113
349 -33.0498 -71.6126
762 -33.0497 -71.6129
321 -33.0497 -71.6129
480 -33.0497 -71.6129
199 -33.0497 -71.613
375 -33.0496 -71.6132
319 -33.0497 -71.613
229 -33.0497 -71.613
14 -33.0495 -71.6129
882 -33.0498 -71.6127
284 -33.0498 -71.6127
214 -33.0497 -71.6113
351 -33.0495 -71.6129
97 -33.0494 -71.6129
182 -33.0491 -71.6113
571 -33.0497 -71.6113
422 -33.0508 -71.6102
773 -33.0508 -71.6102
472 -33.0508 -71.6102
555 -33.0507 -71.6102
622 -33.0501 -71.6106
470 -33.0502 -71.6103
944 -33.0507 -71.6102
662 -33.0504 -71.6102
219 -33.0505 -71.6102
769 -33.0504 -71.6101
954 -33.0503 -71.6101
937 -33.0503 -71.6094
825 -33.0502 -71.6102
378 -33.0503 -71.6101
674 -33.0502 -71.6101
94 -33.0501 -71.6106
167 -33.0496 -71.6112
145 -33.0496 -71.6112
626 -33.05 -71.6112
29 -33.0495 -71.6112
981 -33.0495 -71.6112
398 -33.0494 -71.6112
15 -33.0494 -71.6112
741 -33.0492 -71.6112
32 -33.05 -71.6111
746 -33.0501 -71.6108
110 -33.0501 -71.6107
923 -33.05 -71.6111
603 -33.0493 -71.6099
952 -33.0492 -71.6099
591 -33.0518 -71.6093
528 -33.0533 -71.6084
300 -33.053 -71.6083
748 -33.0529 -71.6083
474 -33.0528 -71.6083
291 -33.0527 -71.6082
677 -33.0527 -71.6082
808 -33.0527 -71.6082
281 -33.0524 -71.6081
331 -33.0523 -71.6081
491 -33.0522 -71.6079
63 -33.0522 -71.6079
280 -33.0522 -71.6078
886 -33.0522 -71.6078
112 -33.0522 -71.6077
159 -33.0522 -71.6077
606 -33.0522 -71.6076
384 -33.0518 -71.6091
563 -33.0517 -71.609
525 -33.0521 -71.6086
209 -33.0516 -71.6089
366 -33.0516 -71.6089
751 -33.0515 -71.6088
627 -33.0515 -71.6088
925 -33.0522 -71.6084
175 -33.0522 -71.6083
419 -33.0521 -71.6081
876 -33.0521 -71.6076
196 -33.0517 -71.6082
362 -33.0514 -71.6083
977 -33.0515 -71.6083
672 -33.0516 -71.6082
679 -33.0522 -71.6075
903 -33.0522 -71.6074
581 -33.0521 -71.6072
768 -33.0525 -71.6069
303 -33.0521 -71.6072
311 -33.0521 -71.6072
332 -33.052 -71.6069
558 -33.052 -71.6068
499 -33.0519 -71.6067
79 -33.0519 -71.6067
147 -33.0521 -71.6048
441 -33.0531 -71.6047
870 -33.0519 -71.6048
40 -33.0519 -71.6066
506 -33.0519 -71.6066
461 -33.0518 -71.6065
527 -33.0518 -71.6064
129 -33.0518 -71.6068
929 -33.0518 -71.6063
411 -33.0518 -71.6063
223 -33.0517 -71.6062
934 -33.0514 -71.6075
335 -33.0515 -71.6067
657 -33.0515 -71.6067
473 -33.0517 -71.6061
212 -33.0516 -71.606
705 -33.0516 -71.606
90 -33.0516 -71.6052
858 -33.0515 -71.6058
645 -33.0514 -71.6059
551 -33.0515 -71.6056
454 -33.0514 -71.6083
274 -33.0511 -71.6092
452 -33.0513 -71.6087
61 -33.051 -71.6086
12 -33.0509 -71.6085
190 -33.0509 -71.6092
613 -33.0507 -71.6085
535 -33.0506 -71.6085
912 -33.0506 -71.6085
927 -33.0513 -71.6081
512 -33.0514 -71.6075
11 -33.0513 -71.6075
510 -33.0513 -71.6075
797 -33.0512 -71.6075
296 -33.0512 -71.6074
848 -33.0511 -71.6074
676 -33.0504 -71.6085
723 -33.0502 -71.6091
282 -33.0504 -71.609
740 -33.0504 -71.609
984 -33.0498 -71.6091
261 -33.0496 -71.6093
843 -33.0497 -71.6091
503 -33.0496 -71.6091
424 -33.0504 -71.6085
888 -33.0503 -71.6085
7 -33.05 -71.6084
833 -33.0499 -71.6084
478 -33.0499 -71.6084
49 -33.0495 -71.6084
715 -33.0495 -71.6084
438 -33.0505 -71.6073
700 -33.0514 -71.6067
285 -33.0513 -71.6067
168 -33.0514 -71.6059
477 -33.0511 -71.6067
918 -33.0509 -71.6058
878 -33.0508 -71.6058
458 -33.0506 -71.6057
221 -33.0511 -71.6055
980 -33.0512 -71.6052
924 -33.0512 -71.6052
489 -33.0511 -71.6052
156 -33.0509 -71.6051
540 -33.0509 -71.6051
73 -33.0507 -71.605
557 -33.0506 -71.605
664 -33.0505 -71.6057
138 -33.0501 -71.6072
593 -33.0504 -71.6056
78 -33.0503 -71.6056
228 -33.0497 -71.6071
753 -33.0497 -71.6071
62 -33.0495 -71.6071
350 -33.0494 -71.6071
421 -33.0502 -71.6056
227 -33.0502 -71.6055
532 -33.0501 -71.6055
381 -33.0501 -71.6055
706 -33.0501 -71.6047
169 -33.0494 -71.6039
620 -33.0494 -71.6038
468 -33.0491 -71.6099
197 -33.0491 -71.6129
405 -33.049 -71.6129
105 -33.049 -71.6129
577 -33.0487 -71.613
731 -33.0486 -71.6134
745 -33.0487 -71.6131
252 -33.0487 -71.613
907 -33.049 -71.6129
916 -33.0488 -71.6129
387 -33.0487 -71.6129
23 -33.0486 -71.6129
446 -33.0485 -71.6129
272 -33.0484 -71.6129
423 -33.0483 -71.6128
403 -33.0482 -71.6128
310 -33.0482 -71.6128
567 -33.0476 -71.6131
309 -33.0477 -71.613
986 -33.0478 -71.6129
759 -33.0476 -71.6132
615 -33.0473 -71.6134
781 -33.0475 -71.6133
616 -33.0476 -71.6132
143 -33.048 -71.6128
386 -33.048 -71.6128
410 -33.0477 -71.6128
359 -33.0476 -71.6127
171 -33.0475 -71.6127
151 -33.0474 -71.6127
102 -33.0473 -71.6127
711 -33.0473 -71.6127
108 -33.0473 -71.6127
404 -33.0491 -71.6114
236 -33.0491 -71.6112
832 -33.0491 -71.6112
909 -33.0491 -71.6112
294 -33.0487 -71.6112
789 -33.0487 -71.6112
736 -33.0486 -71.6112
357 -33.0484 -71.6111
126 -33.0491 -71.6099
22 -33.049 -71.6099
681 -33.049 -71.6099
575 -33.0489 -71.6099
757 -33.0488 -71.6098
653 -33.0487 -71.6098
990 -33.0486 -71.6098
997 -33.0483 -71.6111
245 -33.0478 -71.6124
776 -33.0479 -71.6123
813 -33.048 -71.6119
691 -33.0478 -71.6125
611 -33.0473 -71.6126
806 -33.0478 -71.6125
247 -33.0478 -71.6125
371 -33.0481 -71.6117
230 -33.0482 -71.6111
347 -33.048 -71.6111
670 -33.0479 -71.6111
742 -33.0479 -71.6111
905 -33.0475 -71.611
397 -33.0472 -71.611
104 -33.0472 -71.6134
837 -33.0471 -71.6133
630 -33.0468 -71.6133
725 -33.0468 -71.6133
584 -33.0468 -71.6133
877 -33.0467 -71.6132
330 -33.0465 -71.6132
517 -33.0463 -71.6132
200 -33.0472 -71.6127
70 -33.0468 -71.6126
490 -33.0468 -71.6126
37 -33.0467 -71.6126
135 -33.0466 -71.6126
87 -33.0466 -71.6125
45 -33.0465 -71.6125
265 -33.0464 -71.6125
744 -33.0463 -71.6132
969 -33.0462 -71.6131
898 -33.046 -71.6131
739 -33.046 -71.6131
902 -33.0459 -71.6131
915 -33.0458 -71.6131
996 -33.0455 -71.613
749 -33.0454 -71.613
585 -33.0462 -71.6124
100 -33.0456 -71.6122
621 -33.0453 -71.6121
186 -33.045 -71.6121
659 -33.045 -71.6121
24 -33.0445 -71.612
964 -33.0446 -71.612
985 -33.0444 -71.6117
720 -33.0471 -71.611
875 -33.0468 -71.6109
264 -33.0467 -71.6109
667 -33.0466 -71.6109
494 -33.0447 -71.6112
289 -33.0465 -71.6109
275 -33.0454 -71.6108
449 -33.0454 -71.6107
121 -33.0455 -71.6098
650 -33.0455 -71.6098
28 -33.0452 -71.6098
47 -33.0452 -71.6098
702 -33.0447 -71.6105
344 -33.0447 -71.6098
995 -33.0451 -71.6098
814 -33.0447 -71.6104
33 -33.0447 -71.6106
486 -33.0447 -71.6106
249 -33.0447 -71.6106
798 -33.0447 -71.6107
288 -33.0447 -71.6107
865 -33.0447 -71.6106
4 -33.0446 -71.6106
3 -33.0447 -71.6104
459 -33.0447 -71.6102
824 -33.0447 -71.6101
928 -33.0447 -71.6101
663 -33.0447 -71.61
695 -33.0443 -71.61
353 -33.0443 -71.61
885 -33.0485 -71.6098
183 -33.0489 -71.6091
211 -33.0486 -71.6091
601 -33.0491 -71.6083
324 -33.0484 -71.6091
861 -33.0482 -71.6098
785 -33.0483 -71.6091
821 -33.0482 -71.6091
256 -33.0491 -71.6083
595 -33.049 -71.6083
224 -33.049 -71.6083
89 -33.0489 -71.6083
600 -33.0484 -71.6082
204 -33.0482 -71.6082
343 -33.0482 -71.6082
328 -33.0482 -71.6082
836 -33.0481 -71.6082
845 -33.0481 -71.6098
16 -33.0481 -71.6098
243 -33.0481 -71.6098
172 -33.048 -71.6098
395 -33.0476 -71.6098
8 -33.0474 -71.6098
406 -33.0477 -71.609
714 -33.0481 -71.6082
136 -33.0481 -71.6082
951 -33.048 -71.6082
734 -33.048 -71.6082
771 -33.0476 -71.6082
607 -33.0476 -71.6082
235 -33.0475 -71.6082
68 -33.0474 -71.6082
417 -33.0474 -71.6082
502 -33.0491 -71.6052
752 -33.049 -71.6051
181 -33.049 -71.605
966 -33.049 -71.605
690 -33.0488 -71.6066
369 -33.0483 -71.6066
471 -33.0484 -71.6066
815 -33.0488 -71.6047
673 -33.0487 -71.6045
382 -33.0487 -71.6045
293 -33.0489 -71.6036
770 -33.0487 -71.6045
788 -33.0486 -71.6043
99 -33.0487 -71.6036
244 -33.0483 -71.6036
460 -33.0483 -71.6066
863 -33.0482 -71.608
325 -33.0477 -71.6067
365 -33.048 -71.6067
498 -33.0477 -71.6075
233 -33.0475 -71.6075
437 -33.0474 -71.6075
185 -33.0474 -71.6072
624 -33.048 -71.6067
957 -33.048 -71.6067
56 -33.0483 -71.6066
564 -33.0476 -71.6041
122 -33.0476 -71.6037
65 -33.0475 -71.6041
358 -33.0475 -71.6041
1 -33.0474 -71.6042
707 -33.0472 -71.609
125 -33.0472 -71.6082
82 -33.0472 -71.6082
71 -33.0472 -71.6082
193 -33.0465 -71.6098
215 -33.047 -71.6098
623 -33.0466 -71.609
738 -33.0472 -71.6082
306 -33.0472 -71.6082
544 -33.0466 -71.6081
562 -33.0465 -71.6081
625 -33.0464 -71.6081
308 -33.0461 -71.607
895 -33.0462 -71.607
149 -33.0462 -71.607
989 -33.0461 -71.607
867 -33.0461 -71.6081
566 -33.0457 -71.608
270 -33.0454 -71.608
429 -33.0454 -71.608
39 -33.045 -71.6098
54 -33.0442 -71.6097
914 -33.0451 -71.608
59 -33.0446 -71.6077
161 -33.0456 -71.6077
21 -33.046 -71.6071
194 -33.046 -71.6071
617 -33.0456 -71.6073
380 -33.0446 -71.6076
618 -33.0446 -71.6074
717 -33.0456 -71.607
658 -33.0472 -71.6068
103 -33.0472 -71.6068
91 -33.0474 -71.6067
534 -33.0472 -71.6068
975 -33.0469 -71.6069
203 -33.0469 -71.6069
993 -33.0472 -71.6068
287 -33.0473 -71.6066
536 -33.0472 -71.6056
628 -33.0471 -71.6043
388 -33.0472 -71.6042
913 -33.047 -71.6043
826 -33.0467 -71.6044
492 -33.0468 -71.6041
30 -33.047 -71.604
232 -33.0467 -71.6069
839 -33.0465 -71.607
791 -33.0466 -71.6069
339 -33.0466 -71.6069
906 -33.0463 -71.6067
162 -33.0439 -71.6069
508 -33.0463 -71.6066
568 -33.0455 -71.6065
188 -33.0455 -71.6065
896 -33.0465 -71.6045
514 -33.0462 -71.6043
800 -33.0465 -71.6042
346 -33.0455 -71.606
533 -33.0432 -71.6058
559 -33.0453 -71.6055
