754 -33.0585 -71.6172
301 -33.0588 -71.617
978 -33.0605 -71.6162
698 -33.0585 -71.6172
455 -33.0584 -71.6173
619 -33.0584 -71.6162
549 -33.0583 -71.616
475 -33.0624 -71.6155
467 -33.0591 -71.6152
189 -33.059 -71.6151
686 -33.0593 -71.615
367 -33.059 -71.6152
127 -33.059 -71.6152
962 -33.0584 -71.6151
726 -33.0584 -71.6151
123 -33.0583 -71.6151
456 -33.058 -71.6177
271 -33.0581 -71.6175
809 -33.0582 -71.6175
803 -33.0579 -71.6177
290 -33.0575 -71.618
198 -33.0576 -71.618
838 -33.0576 -71.6179
760 -33.0582 -71.6174
154 -33.0583 -71.6157
279 -33.0583 -71.6151
636 -33.0581 -71.615
107 -33.0581 -71.615
693 -33.0581 -71.615
762 -33.058 -71.615
269 -33.058 -71.615
255 -33.0582 -71.615
407 -33.0588 -71.6148
450 -33.0589 -71.6147
582 -33.059 -71.6146
537 -33.0586 -71.6147
370 -33.0584 -71.6148
408 -33.0584 -71.6148
251 -33.0585 -71.6147
945 -33.0603 -71.6143
483 -33.0606 -71.614
994 -33.0603 -71.614
57 -33.0595 -71.6139
413 -33.0593 -71.6142
948 -33.0582 -71.6142
175 -33.0584 -71.6139
743 -33.0581 -71.6138
476 -33.0581 -71.6144
816 -33.0577 -71.6149
134 -33.0577 -71.6149
580 -33.0576 -71.6149
146 -33.0576 -71.6149
61 -33.0575 -71.6149
881 -33.0574 -71.6143
376 -33.0574 -71.6141
512 -33.0575 -71.6141
797 -33.0575 -71.6139
389 -33.0579 -71.6139
955 -33.0578 -71.6139
602 -33.0575 -71.614
520 -33.0575 -71.614
7 -33.0575 -71.614
424 -33.0574 -71.6144
179 -33.057 -71.6183
466 -33.0572 -71.6183
767 -33.0574 -71.6181
166 -33.0569 -71.6183
495 -33.0568 -71.6183
448 -33.0565 -71.6182
431 -33.0564 -71.6181
262 -33.0562 -71.6181
423 -33.057 -71.6172
907 -33.0574 -71.6171
446 -33.057 -71.617
403 -33.057 -71.6172
145 -33.0567 -71.6169
171 -33.0564 -71.6167
611 -33.0563 -71.6164
864 -33.0562 -71.616
908 -33.0561 -71.618
545 -33.0562 -71.616
787 -33.0561 -71.616
930 -33.056 -71.618
946 -33.0558 -71.618
487 -33.0557 -71.618
323 -33.0558 -71.6163
721 -33.0562 -71.6159
892 -33.0562 -71.6159
547 -33.0562 -71.6159
210 -33.0561 -71.6158
891 -33.0561 -71.6158
812 -33.0561 -71.6157
992 -33.0561 -71.6157
711 -33.056 -71.6156
775 -33.056 -71.6156
105 -33.0573 -71.6149
405 -33.0573 -71.6149
773 -33.0573 -71.6148
150 -33.0572 -71.6148
587 -33.0566 -71.6149
542 -33.0572 -71.6148
42 -33.0571 -71.6148
641 -33.0571 -71.6148
361 -33.0571 -71.6148
274 -33.0573 -71.6147
442 -33.0574 -71.6144
69 -33.057 -71.6148
373 -33.0567 -71.6148
488 -33.0569 -71.6147
819 -33.0568 -71.6147
216 -33.0565 -71.6149
377 -33.056 -71.6156
713 -33.056 -71.6155
292 -33.056 -71.6155
973 -33.056 -71.6155
117 -33.056 -71.6155
844 -33.056 -71.6154
254 -33.056 -71.6154
434 -33.056 -71.6154
355 -33.0562 -71.6152
730 -33.0562 -71.6151
919 -33.0563 -71.6151
546 -33.056 -71.6153
761 -33.0559 -71.6154
341 -33.056 -71.6153
506 -33.0574 -71.6138
354 -33.0598 -71.6137
60 -33.0599 -71.6135
869 -33.0599 -71.6135
879 -33.0598 -71.6136
286 -33.0597 -71.6138
646 -33.0597 -71.6137
818 -33.0598 -71.6136
608 -33.06 -71.6134
774 -33.0603 -71.613
531 -33.0603 -71.613
501 -33.0603 -71.613
640 -33.06 -71.6134
52 -33.0593 -71.6129
19 -33.0594 -71.6129
958 -33.0594 -71.6129
452 -33.0592 -71.6129
464 -33.0591 -71.6136
950 -33.0591 -71.6134
402 -33.0589 -71.6134
668 -33.0586 -71.6133
822 -33.0584 -71.6136
521 -33.0583 -71.6134
29 -33.0584 -71.613
14 -33.0585 -71.613
124 -33.0588 -71.6129
12 -33.0588 -71.6129
733 -33.059 -71.6129
480 -33.0588 -71.6129
351 -33.0585 -71.613
679 -33.0585 -71.613
927 -33.0586 -71.613
627 -33.0594 -71.6129
579 -33.061 -71.6124
917 -33.0611 -71.6123
976 -33.0613 -71.6122
523 -33.0607 -71.6126
238 -33.0603 -71.6128
561 -33.0606 -71.6127
297 -33.0607 -71.6126
482 -33.0613 -71.6122
420 -33.0617 -71.6121
326 -33.0618 -71.612
790 -33.0619 -71.612
43 -33.0616 -71.6121
747 -33.0613 -71.6122
576 -33.0615 -71.6121
118 -33.0615 -71.6121
967 -33.0601 -71.6128
51 -33.0595 -71.6128
209 -33.0596 -71.6128
414 -33.06 -71.6128
642 -33.0595 -71.6128
307 -33.0594 -71.6129
751 -33.0595 -71.6128
366 -33.0595 -71.6128
237 -33.0601 -71.6128
20 -33.0589 -71.6127
991 -33.0595 -71.6125
305 -33.0595 -71.6123
563 -33.0588 -71.6119
214 -33.0583 -71.6127
842 -33.0583 -71.6126
571 -33.0583 -71.6138
18 -33.0582 -71.6131
765 -33.0582 -71.613
676 -33.0582 -71.613
963 -33.0582 -71.6132
591 -33.0576 -71.6134
35 -33.0577 -71.6131
295 -33.0582 -71.613
303 -33.0581 -71.613
197 -33.0581 -71.613
909 -33.058 -71.613
15 -33.0582 -71.6129
674 -33.0579 -71.6129
848 -33.0578 -71.6129
916 -33.0578 -71.6129
789 -33.0576 -71.6129
387 -33.0576 -71.6129
49 -33.0571 -71.6135
40 -33.0574 -71.6135
212 -33.0569 -71.6134
89 -33.0566 -71.6132
551 -33.0566 -71.6132
343 -33.0559 -71.6131
211 -33.0559 -71.6131
204 -33.0559 -71.6131
23 -33.0576 -71.6129
173 -33.0576 -71.6129
252 -33.0576 -71.6129
228 -33.0563 -71.6131
600 -33.0561 -71.6131
885 -33.0561 -71.6131
577 -33.0576 -71.6129
272 -33.0574 -71.6128
310 -33.0572 -71.6127
872 -33.0583 -71.6127
160 -33.0571 -71.6127
998 -33.0571 -71.6127
649 -33.0571 -71.6127
601 -33.057 -71.6127
347 -33.0569 -71.6126
224 -33.0569 -71.6126
603 -33.0569 -71.6126
386 -33.0568 -71.6126
986 -33.0568 -71.6126
742 -33.0568 -71.6126
645 -33.0568 -71.6126
575 -33.0567 -71.6125
309 -33.0566 -71.6125
22 -33.0566 -71.6125
151 -33.0565 -71.6125
759 -33.0565 -71.6124
102 -33.0564 -71.6124
905 -33.0564 -71.6124
108 -33.0563 -71.6124
208 -33.0562 -71.6124
200 -33.0561 -71.6123
202 -33.0561 -71.6123
863 -33.0561 -71.6123
615 -33.056 -71.6123
324 -33.0559 -71.6123
334 -33.0559 -71.6123
70 -33.0558 -71.6123
614 -33.0557 -71.6179
497 -33.055 -71.618
727 -33.0557 -71.6179
5 -33.055 -71.6179
226 -33.055 -71.618
115 -33.055 -71.618
647 -33.055 -71.618
890 -33.055 -71.618
597 -33.055 -71.6179
393 -33.0555 -71.6179
128 -33.0553 -71.6179
327 -33.0553 -71.6179
830 -33.0553 -71.6179
703 -33.0551 -71.6179
38 -33.0551 -71.6179
144 -33.0551 -71.6179
796 -33.055 -71.6181
53 -33.0547 -71.6189
961 -33.0547 -71.6189
313 -33.0548 -71.6187
849 -33.0547 -71.6203
697 -33.0546 -71.6189
479 -33.0546 -71.6189
217 -33.0545 -71.6189
940 -33.0548 -71.6185
85 -33.0549 -71.6182
142 -33.0549 -71.6182
412 -33.0549 -71.6182
550 -33.0549 -71.6184
176 -33.0549 -71.6184
66 -33.0549 -71.6184
859 -33.0546 -71.6184
315 -33.0551 -71.6178
177 -33.0556 -71.6171
399 -33.0557 -71.6168
340 -33.0557 -71.6168
253 -33.0556 -71.6172
17 -33.0554 -71.6175
632 -33.0555 -71.6173
266 -33.0556 -71.6172
116 -33.0557 -71.6168
831 -33.0557 -71.6166
687 -33.0557 -71.6165
880 -33.0557 -71.6165
585 -33.0556 -71.6156
565 -33.0556 -71.6159
860 -33.0556 -71.6159
320 -33.0555 -71.6159
250 -33.0554 -71.6175
163 -33.0553 -71.6177
678 -33.0553 -71.6176
260 -33.0554 -71.6175
500 -33.0553 -71.6178
111 -33.0552 -71.6178
504 -33.0552 -71.6178
852 -33.0553 -71.6178
795 -33.0553 -71.6158
93 -33.0551 -71.6158
148 -33.055 -71.6158
430 -33.055 -71.6158
385 -33.0549 -71.6158
756 -33.0548 -71.6158
783 -33.0548 -71.6158
629 -33.0545 -71.6202
409 -33.054 -71.6199
109 -33.0543 -71.6189
883 -33.0542 -71.6189
979 -33.0539 -71.6188
987 -33.0535 -71.6193
25 -33.0535 -71.6193
598 -33.0535 -71.6189
829 -33.0538 -71.6188
364 -33.0543 -71.6184
904 -33.0544 -71.6184
999 -33.0545 -71.6184
130 -33.0539 -71.6184
786 -33.0537 -71.6188
589 -33.0536 -71.6188
165 -33.0539 -71.6184
92 -33.0535 -71.6194
710 -33.0535 -71.6195
983 -33.0535 -71.6185
10 -33.0535 -71.6185
949 -33.0535 -71.6186
708 -33.0525 -71.6186
511 -33.0523 -71.6186
427 -33.0515 -71.6184
509 -33.0512 -71.6183
516 -33.0506 -71.618
820 -33.0495 -71.6163
277 -33.0495 -71.6162
938 -33.0495 -71.6163
101 -33.0488 -71.6173
205 -33.0495 -71.6163
988 -33.0496 -71.616
453 -33.0528 -71.6159
529 -33.0529 -71.6158
712 -33.0529 -71.6157
263 -33.0528 -71.6159
239 -33.0527 -71.6158
416 -33.0525 -71.6157
333 -33.0522 -71.6157
573 -33.0524 -71.6157
75 -33.0541 -71.6156
496 -33.0541 -71.6156
195 -33.054 -71.6156
304 -33.0539 -71.6156
900 -33.0529 -71.6156
889 -33.0524 -71.6156
170 -33.0523 -71.6156
113 -33.0522 -71.6157
911 -33.0505 -71.6157
639 -33.052 -71.6156
155 -33.052 -71.6156
764 -33.0503 -71.6158
139 -33.0492 -71.6157
802 -33.0492 -71.6157
322 -33.0492 -71.6157
605 -33.052 -71.6156
763 -33.0518 -71.6156
794 -33.0517 -71.6156
157 -33.0516 -71.6156
635 -33.0512 -71.6156
644 -33.0505 -71.6156
696 -33.0492 -71.6156
106 -33.0537 -71.6156
421 -33.0555 -71.6131
734 -33.0555 -71.6131
593 -33.0557 -71.6131
835 -33.0555 -71.6155
739 -33.0552 -71.6153
100 -33.0552 -71.6153
265 -33.0554 -71.6124
599 -33.0552 -71.6124
437 -33.0551 -71.6124
655 -33.0551 -71.6124
235 -33.0554 -71.6124
82 -33.0551 -71.6124
738 -33.0551 -71.6124
233 -33.0551 -71.6124
306 -33.0551 -71.6124
68 -33.055 -71.6131
574 -33.0537 -71.6156
749 -33.0547 -71.615
659 -33.0545 -71.6148
850 -33.0536 -71.6156
688 -33.0536 -71.6155
884 -33.0535 -71.6155
572 -33.0534 -71.6155
24 -33.0542 -71.6146
185 -33.0547 -71.6128
181 -33.0544 -71.6125
707 -33.0548 -71.6124
625 -33.0543 -71.6125
964 -33.0541 -71.6146
494 -33.0537 -71.6144
91 -33.0543 -71.6124
942 -33.0547 -71.6124
725 -33.0554 -71.6124
498 -33.0555 -71.6124
771 -33.0555 -71.6124
877 -33.0554 -71.6124
201 -33.0547 -71.6124
392 -33.0547 -71.6124
902 -33.0546 -71.6124
87 -33.0555 -71.6124
607 -33.0555 -71.6123
801 -33.0556 -71.6123
837 -33.0557 -71.6123
661 -33.0555 -71.6123
227 -33.0555 -71.6124
562 -33.0544 -71.6123
791 -33.0544 -71.6121
275 -33.0544 -71.6123
658 -33.0544 -71.6123
449 -33.0543 -71.6123
534 -33.0543 -71.6123
382 -33.0543 -71.6122
996 -33.0542 -71.6123
203 -33.0541 -71.6123
623 -33.0542 -71.6122
867 -33.0543 -71.6122
805 -33.054 -71.6122
186 -33.0539 -71.6122
566 -33.0544 -71.612
588 -33.0538 -71.6122
638 -33.0536 -71.6122
666 -33.0536 -71.6122
13 -33.0534 -71.6155
191 -33.0533 -71.6155
174 -33.0532 -71.6155
273 -33.0531 -71.6155
652 -33.0531 -71.6155
610 -33.051 -71.6156
692 -33.053 -71.6156
583 -33.0494 -71.6144
484 -33.0495 -71.6142
55 -33.0495 -71.6138
353 -33.0527 -71.6137
722 -33.0496 -71.6136
755 -33.0495 -71.6139
732 -33.0495 -71.6142
9 -33.0495 -71.6141
939 -33.0495 -71.6141
493 -33.0494 -71.6146
718 -33.0493 -71.6151
360 -33.0493 -71.615
34 -33.0494 -71.6148
447 -33.0493 -71.6152
735 -33.0492 -71.6156
222 -33.0492 -71.6155
633 -33.0493 -71.6154
80 -33.0494 -71.6147
485 -33.0494 -71.6147
935 -33.0494 -71.6147
88 -33.0486 -71.6136
982 -33.0484 -71.6142
784 -33.0483 -71.6145
220 -33.0484 -71.6144
152 -33.0496 -71.6136
54 -33.0524 -71.6135
314 -33.0511 -71.6127
855 -33.0511 -71.6127
862 -33.0511 -71.6131
604 -33.0504 -71.613
348 -33.0503 -71.613
81 -33.0503 -71.613
660 -33.0511 -71.6126
33 -33.0532 -71.6121
683 -33.0527 -71.6121
758 -33.052 -71.612
44 -33.0519 -71.612
394 -33.0511 -71.6126
834 -33.0511 -71.6124
851 -33.0512 -71.6119
901 -33.0503 -71.613
553 -33.0502 -71.613
972 -33.0496 -71.6129
716 -33.0497 -71.6127
530 -33.0496 -71.6135
643 -33.0487 -71.6132
793 -33.0495 -71.6129
827 -33.0487 -71.6129
694 -33.0498 -71.6127
799 -33.0498 -71.6124
283 -33.0498 -71.6121
440 -33.0499 -71.6119
383 -33.0498 -71.6126
724 -33.0488 -71.6126
968 -33.0489 -71.6121
31 -33.0515 -71.6119
368 -33.0598 -71.6116
463 -33.06 -71.6104
72 -33.0601 -71.6104
298 -33.0593 -71.6116
259 -33.0589 -71.6112
748 -33.0589 -71.6112
866 -33.059 -71.6101
474 -33.0612 -71.61
677 -33.0614 -71.6094
63 -33.061 -71.6093
419 -33.0613 -71.6089
903 -33.0608 -71.6088
970 -33.0608 -71.6096
672 -33.0608 -71.6088
132 -33.06 -71.6088
138 -33.0589 -71.6088
560 -33.0588 -71.6117
876 -33.0585 -71.6113
886 -33.0588 -71.6113
558 -33.0584 -71.6106
569 -33.0579 -71.6113
606 -33.0583 -71.6113
510 -33.0577 -71.6107
190 -33.0582 -71.6105
26 -33.0586 -71.6105
657 -33.0586 -71.6101
362 -33.0589 -71.6095
73 -33.0582 -71.6089
187 -33.0579 -71.6103
384 -33.0577 -71.6102
454 -33.0582 -71.609
581 -33.0607 -71.6088
499 -33.0606 -71.6085
934 -33.0605 -71.6085
79 -33.0605 -71.6085
469 -33.0604 -71.6084
11 -33.0604 -71.6084
332 -33.0602 -71.6083
400 -33.0603 -71.6083
461 -33.0603 -71.6083
335 -33.0602 -71.6082
700 -33.0601 -71.6082
473 -33.0601 -71.6081
285 -33.06 -71.6081
705 -33.0599 -71.608
528 -33.059 -71.6079
225 -33.0598 -71.6079
557 -33.0586 -71.6079
626 -33.0581 -71.6083
137 -33.0579 -71.6082
952 -33.0579 -71.6082
690 -33.0579 -71.6082
846 -33.0578 -71.6082
328 -33.0578 -71.6082
468 -33.0578 -71.6082
126 -33.0577 -71.6082
94 -33.0584 -71.608
532 -33.0584 -71.608
381 -33.0585 -71.608
746 -33.0584 -71.608
183 -33.058 -71.6081
923 -33.058 -71.6081
836 -33.0577 -71.6081
874 -33.0576 -71.6088
714 -33.0577 -71.6081
167 -33.0576 -71.6081
2 -33.0576 -71.6092
535 -33.0575 -71.6088
471 -33.0575 -71.6081
757 -33.0575 -71.6081
502 -33.0574 -71.6081
981 -33.0574 -71.6081
398 -33.0574 -71.6081
966 -33.0574 -71.6081
671 -33.0574 -71.6081
785 -33.0574 -71.6081
752 -33.0573 -71.6081
56 -33.0573 -71.6081
97 -33.0571 -71.6099
415 -33.0562 -71.6102
681 -33.0567 -71.61
540 -33.0569 -71.6098
861 -33.056 -71.6103
141 -33.0556 -71.6105
143 -33.0558 -71.6104
821 -33.0559 -71.6103
706 -33.0561 -71.6095
745 -33.056 -71.6095
673 -33.056 -71.609
770 -33.056 -71.609
268 -33.0559 -71.6095
815 -33.0557 -71.6092
975 -33.0557 -71.6081
704 -33.0573 -71.6081
369 -33.0573 -71.6081
653 -33.0573 -71.608
741 -33.0572 -71.608
236 -33.0572 -71.608
856 -33.0571 -71.608
182 -33.0571 -71.608
832 -33.0571 -71.608
365 -33.057 -71.608
624 -33.0569 -71.608
71 -33.0568 -71.608
192 -33.0568 -71.608
882 -33.0568 -71.608
243 -33.0568 -71.608
736 -33.0567 -71.608
325 -33.0567 -71.608
294 -33.0566 -71.608
229 -33.0566 -71.608
199 -33.0566 -71.608
321 -33.0566 -71.608
788 -33.0566 -71.608
997 -33.0563 -71.608
811 -33.0563 -71.608
675 -33.0563 -71.608
556 -33.0563 -71.608
375 -33.0563 -71.608
395 -33.0562 -71.608
287 -33.0562 -71.608
103 -33.0561 -71.6079
993 -33.0561 -71.6079
244 -33.056 -71.6079
737 -33.0559 -71.6079
858 -33.0597 -71.6079
438 -33.0597 -71.6078
888 -33.0598 -71.6077
740 -33.0596 -71.6078
422 -33.0595 -71.6077
282 -33.0595 -71.6077
944 -33.0594 -71.6077
478 -33.0594 -71.6077
833 -33.0595 -71.6076
592 -33.0594 -71.6076
977 -33.061 -71.6076
46 -33.0593 -71.6072
219 -33.0592 -71.6076
810 -33.0593 -71.6076
918 -33.0593 -71.6076
662 -33.0592 -71.6076
664 -33.0589 -71.6078
470 -33.0589 -71.6078
378 -33.059 -71.6077
929 -33.0589 -71.6078
62 -33.0588 -71.6078
350 -33.0588 -71.6078
156 -33.0588 -71.6078
458 -33.059 -71.6077
723 -33.0592 -71.6076
878 -33.0592 -71.6076
772 -33.0592 -71.6075
489 -33.0591 -71.6076
753 -33.059 -71.6077
715 -33.059 -71.6077
280 -33.0591 -71.6075
912 -33.0598 -71.6071
808 -33.0612 -71.6068
159 -33.0609 -71.6065
441 -33.0624 -71.6057
925 -33.0607 -71.6064
281 -33.0602 -71.607
300 -33.0606 -71.6068
296 -33.0603 -71.6059
491 -33.061 -71.6055
291 -33.0617 -71.6051
147 -33.0616 -71.605
870 -33.0615 -71.6049
331 -33.0614 -71.6048
112 -33.0611 -71.605
90 -33.0607 -71.6046
924 -33.0604 -71.6046
129 -33.0601 -71.6063
873 -33.0593 -71.6064
857 -33.0595 -71.6064
922 -33.0595 -71.6064
527 -33.0592 -71.6063
954 -33.059 -71.6065
825 -33.0588 -71.6065
769 -33.0591 -71.6065
83 -33.0597 -71.6063
311 -33.06 -71.6062
411 -33.0599 -71.6062
78 -33.0592 -71.6044
221 -33.0591 -71.6054
513 -33.0591 -71.6063
525 -33.059 -71.6063
196 -33.0587 -71.6051
110 -33.0583 -71.6075
613 -33.0577 -71.6073
16 -33.0566 -71.6072
172 -33.0565 -71.6073
390 -33.0562 -71.6076
319 -33.0565 -71.6075
357 -33.0564 -71.6074
505 -33.0566 -71.6072
349 -33.0568 -71.6071
417 -33.0568 -71.6071
404 -33.057 -71.6071
669 -33.0568 -71.6071
845 -33.0567 -71.6072
284 -33.0567 -71.6072
125 -33.0567 -71.6072
782 -33.0562 -71.6075
371 -33.0558 -71.6079
242 -33.0558 -71.6079
257 -33.0557 -71.6078
232 -33.0557 -71.6078
215 -33.0557 -71.6078
339 -33.0557 -71.6078
813 -33.0557 -71.6078
910 -33.0556 -71.6078
230 -33.056 -71.6075
120 -33.0561 -71.6075
544 -33.0562 -71.6075
276 -33.056 -71.6075
8 -33.0559 -71.6076
670 -33.056 -71.6075
990 -33.0571 -71.607
555 -33.0587 -71.6066
261 -33.0585 -71.6066
622 -33.0585 -71.6066
980 -33.0584 -71.6067
32 -33.0579 -71.6068
168 -33.0584 -71.6067
503 -33.0578 -71.6066
843 -33.0586 -71.6066
223 -33.0585 -71.6062
620 -33.0583 -71.6043
169 -33.0583 -71.6043
984 -33.0583 -71.6058
840 -33.0578 -71.6066
477 -33.058 -71.6059
937 -33.0579 -71.6046
158 -33.0577 -71.6068
472 -33.0575 -71.6061
768 -33.0576 -71.6049
99 -33.0575 -71.6048
951 -33.0574 -71.6069
136 -33.0574 -71.6067
460 -33.0566 -71.6066
316 -33.0568 -71.6062
256 -33.0573 -71.6048
293 -33.0576 -71.6047
98 -33.0572 -71.6047
595 -33.0572 -71.6047
957 -33.0566 -71.6045
406 -33.0556 -71.6047
1 -33.0563 -71.6044
30 -33.0556 -71.6044
536 -33.0543 -71.6118
429 -33.0543 -71.6118
161 -33.0542 -71.6118
270 -33.0542 -71.6118
906 -33.0541 -71.6116
508 -33.0541 -71.6116
617 -33.0541 -71.6115
914 -33.0541 -71.6115
717 -33.0539 -71.6112
180 -33.0539 -71.6112
744 -33.0538 -71.6105
995 -33.0538 -71.6111
894 -33.0537 -71.6113
621 -33.0538 -71.611
517 -33.0538 -71.6105
915 -33.0536 -71.6107
74 -33.0529 -71.6116
27 -33.0529 -71.6116
278 -33.0529 -71.6116
133 -33.0527 -71.6116
337 -33.052 -71.6118
401 -33.0524 -71.6117
345 -33.0526 -71.6116
920 -33.0534 -71.6114
188 -33.0535 -71.611
59 -33.0534 -71.611
336 -33.0535 -71.6105
568 -33.0534 -71.611
380 -33.0533 -71.611
618 -33.0533 -71.611
346 -33.053 -71.6108
372 -33.0542 -71.6105
391 -33.0551 -71.6104
433 -33.0551 -71.6101
931 -33.0551 -71.61
356 -33.0534 -71.6088
559 -33.0527 -71.6104
719 -33.0521 -71.6087
329 -33.0521 -71.6087
312 -33.0521 -71.6087
584 -33.0536 -71.6085
114 -33.0536 -71.6085
543 -33.0536 -71.6085
936 -33.0536 -71.6086
943 -33.0535 -71.6087
342 -33.0521 -71.6087
656 -33.0521 -71.6086
779 -33.0521 -71.6088
522 -33.0518 -71.6093
548 -33.0518 -71.6093
86 -33.0519 -71.6092
665 -33.0518 -71.6093
207 -33.0518 -71.6094
444 -33.0518 -71.6093
709 -33.0518 -71.6093
685 -33.052 -71.6091
596 -33.052 -71.6089
96 -33.052 -71.6089
241 -33.052 -71.6088
947 -33.052 -71.6089
518 -33.052 -71.6091
804 -33.052 -71.609
780 -33.0517 -71.6118
77 -33.0515 -71.6119
218 -33.0501 -71.6105
519 -33.0501 -71.6105
586 -33.0501 -71.6105
541 -33.0501 -71.6107
631 -33.0501 -71.6107
854 -33.0501 -71.6106
960 -33.0502 -71.6103
0 -33.0509 -71.6102
728 -33.0509 -71.6102
637 -33.0509 -71.6102
538 -33.0507 -71.6102
612 -33.0502 -71.6102
648 -33.0507 -71.6102
462 -33.0505 -71.6102
436 -33.0501 -71.6107
318 -33.05 -71.6113
213 -33.05 -71.6113
897 -33.05 -71.6112
206 -33.0499 -71.6117
48 -33.0492 -71.6113
140 -33.0499 -71.6113
853 -33.0499 -71.6113
933 -33.0492 -71.6112
36 -33.0501 -71.6108
84 -33.0501 -71.6108
778 -33.0501 -71.6107
868 -33.0501 -71.6109
941 -33.05 -71.6112
50 -33.05 -71.611
432 -33.0503 -71.6102
481 -33.0514 -71.6097
828 -33.0514 -71.6097
425 -33.0515 -71.6096
956 -33.0513 -71.6098
634 -33.0512 -71.6099
807 -33.0512 -71.6099
457 -33.0513 -71.6098
153 -33.0515 -71.6096
654 -33.0516 -71.6095
847 -33.0517 -71.6094
76 -33.0517 -71.6094
64 -33.0516 -71.6095
178 -33.0515 -71.6096
363 -33.0515 -71.6096
240 -33.0515 -71.6096
119 -33.0512 -71.6099
701 -33.0511 -71.61
234 -33.0511 -71.61
680 -33.0511 -71.61
374 -33.0504 -71.6102
515 -33.0504 -71.6102
302 -33.0503 -71.6101
435 -33.0495 -71.61
590 -33.0511 -71.61
823 -33.0511 -71.61
418 -33.0511 -71.6099
231 -33.0512 -71.6099
899 -33.0509 -71.6085
248 -33.0504 -71.6089
971 -33.0504 -71.6088
926 -33.0536 -71.6085
289 -33.0547 -71.6085
567 -33.0547 -71.6085
184 -33.0547 -71.6084
492 -33.0545 -71.6085
616 -33.0545 -71.6085
552 -33.0545 -71.6085
41 -33.0544 -71.6085
6 -33.0547 -71.6084
871 -33.0549 -71.6083
410 -33.0549 -71.6083
264 -33.0549 -71.6083
913 -33.0548 -71.6084
921 -33.0548 -71.6084
667 -33.0548 -71.6084
359 -33.0548 -71.6084
893 -33.0544 -71.6085
959 -33.0543 -71.6085
896 -33.0543 -71.6085
965 -33.0543 -71.6085
650 -33.0543 -71.6085
104 -33.0542 -71.6085
445 -33.0543 -71.6085
800 -33.0542 -71.6085
689 -33.0542 -71.6085
609 -33.0542 -71.6085
28 -33.054 -71.6085
490 -33.0541 -71.6085
47 -33.054 -71.6085
135 -33.054 -71.6085
953 -33.0539 -71.6085
37 -33.0539 -71.6085
875 -33.0549 -71.6083
122 -33.0552 -71.6081
397 -33.0552 -71.6081
989 -33.0553 -71.608
193 -33.0552 -71.6081
895 -33.0552 -71.6081
720 -33.0552 -71.6081
245 -33.0552 -71.6081
65 -33.0553 -71.608
564 -33.0554 -71.6079
839 -33.0555 -71.6078
826 -33.0555 -71.6044
358 -33.0554 -71.608
267 -33.0553 -71.608
578 -33.0553 -71.608
731 -33.0553 -71.608
806 -33.0552 -71.6081
299 -33.055 -71.6083
194 -33.055 -71.6082
21 -33.0551 -71.6082
554 -33.055 -71.6082
67 -33.0549 -71.6083
682 -33.055 -71.6083
628 -33.055 -71.6083
887 -33.0551 -71.6082
247 -33.0551 -71.6081
308 -33.0552 -71.6081
691 -33.0552 -71.6081
388 -33.0551 -71.6082
776 -33.0541 -71.6056
149 -33.0547 -71.6045
594 -33.0538 -71.6085
514 -33.0537 -71.6085
426 -33.0537 -71.6085
45 -33.0537 -71.6085
443 -33.0537 -71.6085
699 -33.0536 -71.6085
344 -33.0536 -71.6085
396 -33.0535 -71.6085
131 -33.0535 -71.6085
570 -33.0538 -71.6085
39 -33.0538 -71.6085
777 -33.0538 -71.6085
630 -33.0537 -71.6085
352 -33.0535 -71.6085
684 -33.0534 -71.6085
663 -33.0534 -71.6085
928 -33.0533 -71.6085
330 -33.0533 -71.6084
824 -33.0533 -71.6084
95 -33.0533 -71.6084
451 -33.0533 -71.6084
459 -33.0532 -71.6084
969 -33.0531 -71.6084
58 -33.0522 -71.6084
3 -33.0531 -71.6084
814 -33.0531 -71.6084
246 -33.0531 -71.6084
841 -33.0531 -71.6084
486 -33.0531 -71.6084
651 -33.0522 -71.6084
162 -33.053 -71.6083
702 -33.053 -71.6083
249 -33.0529 -71.6083
798 -33.0529 -71.6083
288 -33.0529 -71.6083
898 -33.0529 -71.6083
524 -33.0528 -71.6083
338 -33.0528 -71.6083
865 -33.0528 -71.6083
974 -33.0528 -71.6083
507 -33.0529 -71.6065
781 -33.0533 -71.6064
121 -33.0535 -71.6063
4 -33.0526 -71.6082
379 -33.0525 -71.6082
792 -33.0525 -71.6069
729 -33.0526 -71.6068
766 -33.0525 -71.6082
750 -33.0525 -71.6082
817 -33.0525 -71.6082
932 -33.0522 -71.6081
465 -33.0522 -71.6081
428 -33.0522 -71.6083
258 -33.0522 -71.6083
695 -33.0522 -71.6081
539 -33.0524 -71.6081
439 -33.0523 -71.6081
164 -33.0523 -71.6081
526 -33.0523 -71.6081
317 -33.0522 -71.6081
985 -33.0521 -71.6081
533 -33.0517 -71.6047
