271 -33.0612 -71.616
619 -33.0612 -71.616
760 -33.0612 -71.6159
907 -33.0606 -71.6162
290 -33.0605 -71.6163
838 -33.0606 -71.6162
446 -33.0601 -71.616
455 -33.0615 -71.6158
301 -33.062 -71.6158
978 -33.0627 -71.6151
475 -33.0626 -71.615
754 -33.0616 -71.6158
154 -33.0606 -71.6156
803 -33.0607 -71.6156
456 -33.0608 -71.6155
466 -33.0601 -71.6164
166 -33.0598 -71.6166
179 -33.0598 -71.6165
403 -33.0599 -71.6165
495 -33.0597 -71.6166
171 -33.0593 -71.6168
448 -33.0594 -71.6167
145 -33.0596 -71.6166
423 -33.0599 -71.6162
698 -33.0597 -71.6147
424 -33.0598 -71.6146
549 -33.0597 -71.6146
773 -33.0596 -71.6148
7 -33.0595 -71.6149
962 -33.0596 -71.6148
809 -33.0594 -71.6148
819 -33.0597 -71.6145
686 -33.0607 -71.614
483 -33.0607 -71.6139
762 -33.0607 -71.6137
123 -33.0606 -71.6141
945 -33.0603 -71.6143
61 -33.0603 -71.6143
467 -33.0606 -71.6141
127 -33.0608 -71.6136
917 -33.0623 -71.6135
118 -33.0638 -71.6132
579 -33.0621 -71.6131
189 -33.061 -71.6134
994 -33.061 -71.6134
146 -33.0602 -71.6131
134 -33.0603 -71.6131
279 -33.0602 -71.6143
367 -33.06 -71.6144
274 -33.0599 -71.6143
967 -33.0598 -71.6138
726 -33.0597 -71.6145
107 -33.0594 -71.6142
405 -33.0595 -71.614
373 -33.0596 -71.6138
927 -33.0598 -71.6137
150 -33.06 -71.6134
580 -33.0601 -71.6134
751 -33.0601 -71.6134
641 -33.0599 -71.6135
354 -33.0598 -71.6137
69 -33.0598 -71.6136
355 -33.0592 -71.6144
930 -33.0589 -71.6169
908 -33.059 -71.6169
611 -33.0589 -71.6169
946 -33.0588 -71.617
727 -33.0586 -71.6171
614 -33.0587 -71.6171
487 -33.0587 -71.6171
711 -33.0586 -71.6155
546 -33.0589 -71.6152
49 -33.059 -71.6152
292 -33.0588 -71.6148
488 -33.0588 -71.6148
117 -33.0587 -71.6154
198 -33.0587 -71.6154
636 -33.0586 -71.6149
767 -33.0586 -71.6155
393 -33.0584 -71.6173
262 -33.0585 -71.6167
506 -33.0585 -71.6167
327 -33.0583 -71.6174
504 -33.0582 -71.6175
128 -33.0583 -71.6174
830 -33.0583 -71.6174
431 -33.0584 -71.6166
89 -33.0585 -71.6154
228 -33.0584 -71.6151
864 -33.0585 -71.6148
545 -33.0584 -71.6148
787 -33.0582 -71.615
105 -33.0583 -71.6148
721 -33.0583 -71.6148
892 -33.0585 -71.6148
761 -33.0589 -71.6147
341 -33.059 -71.6145
450 -33.0591 -71.6145
434 -33.0589 -71.6147
844 -33.0589 -71.6147
973 -33.0589 -71.6147
254 -33.0589 -71.6147
464 -33.0591 -71.6136
402 -33.0591 -71.6136
916 -33.0591 -71.6135
102 -33.0591 -71.6135
950 -33.0591 -71.6134
919 -33.0588 -71.6134
822 -33.0589 -71.6133
216 -33.0589 -71.6131
730 -33.0587 -71.6134
992 -33.0586 -71.6147
797 -33.0586 -71.6146
512 -33.0586 -71.6144
571 -33.0584 -71.6138
948 -33.0582 -71.6142
551 -33.0582 -71.6142
175 -33.0584 -71.6139
211 -33.0585 -71.6137
881 -33.0583 -71.6134
668 -33.0586 -71.6133
18 -33.0584 -71.613
233 -33.0583 -71.613
521 -33.0583 -71.6134
306 -33.0583 -71.613
655 -33.0583 -71.613
531 -33.0626 -71.6128
238 -33.0626 -71.6128
501 -33.0626 -71.6128
537 -33.061 -71.6123
370 -33.0609 -71.6124
408 -33.061 -71.6123
679 -33.061 -71.6123
251 -33.061 -71.6123
51 -33.0627 -71.6121
366 -33.0626 -71.6121
958 -33.0626 -71.6121
582 -33.0615 -71.6121
674 -33.0611 -71.6123
407 -33.0613 -71.6122
747 -33.0613 -71.6122
387 -33.0609 -71.6124
816 -33.0603 -71.613
601 -33.0603 -71.6128
160 -33.0604 -71.6128
224 -33.0602 -71.6128
986 -33.0601 -71.6128
603 -33.0602 -71.6128
347 -33.0602 -71.6128
310 -33.0605 -71.6128
255 -33.0607 -71.6126
577 -33.0608 -71.6125
789 -33.0608 -71.6125
693 -33.0606 -71.6127
269 -33.0605 -71.6128
272 -33.0606 -71.6127
237 -33.0603 -71.6124
976 -33.0645 -71.6121
869 -33.0628 -71.6121
640 -33.0629 -71.6121
209 -33.0628 -71.6121
642 -33.0626 -71.612
286 -33.0625 -71.6121
52 -33.0624 -71.6121
57 -33.0622 -71.612
413 -33.062 -71.612
482 -33.0645 -71.6114
420 -33.0648 -71.6113
326 -33.065 -71.6111
523 -33.0637 -71.6113
733 -33.0622 -71.612
774 -33.0629 -71.6115
561 -33.0631 -71.6112
452 -33.0619 -71.6118
351 -33.0617 -71.6121
480 -33.0619 -71.612
646 -33.0619 -71.6113
14 -33.0616 -71.6121
307 -33.0607 -71.6116
627 -33.0609 -71.6115
12 -33.0612 -71.6115
818 -33.0619 -71.6112
934 -33.0619 -71.6112
700 -33.0619 -71.6111
879 -33.0619 -71.6111
60 -33.0618 -71.6111
876 -33.0603 -71.611
285 -33.0618 -71.6109
414 -33.06 -71.6128
615 -33.0592 -71.6129
863 -33.0593 -71.6129
202 -33.0593 -71.6129
324 -33.0591 -71.6129
837 -33.0589 -71.6129
334 -33.0591 -71.6129
70 -33.0591 -71.6129
208 -33.0594 -71.6129
309 -33.0598 -71.6128
22 -33.0599 -71.6128
575 -33.0599 -71.6128
295 -33.0598 -71.6128
19 -33.0594 -71.6129
200 -33.0594 -71.6129
759 -33.0598 -71.6128
801 -33.0589 -71.6129
42 -33.0585 -71.613
265 -33.0586 -71.613
235 -33.0586 -71.613
82 -33.0584 -71.613
437 -33.0583 -71.613
599 -33.0583 -71.613
738 -33.0583 -71.613
498 -33.0587 -71.613
607 -33.0588 -71.6129
124 -33.0588 -71.6129
87 -33.0588 -71.6129
877 -33.0587 -71.613
771 -33.0587 -71.613
661 -33.0587 -71.613
742 -33.0589 -71.6128
991 -33.0595 -71.6125
376 -33.0595 -71.612
602 -33.0595 -71.6119
955 -33.0595 -71.612
23 -33.0592 -71.6126
303 -33.0591 -71.6125
676 -33.0591 -71.6122
998 -33.0595 -71.6118
368 -33.0598 -71.6116
252 -33.0599 -71.6116
743 -33.0595 -71.611
563 -33.0593 -71.6116
298 -33.0593 -71.6116
748 -33.0589 -71.6112
187 -33.0592 -71.6112
259 -33.0589 -71.6112
386 -33.0589 -71.6127
20 -33.0589 -71.6127
29 -33.0588 -71.6126
842 -33.0583 -71.6126
872 -33.0583 -71.6127
645 -33.0583 -71.6127
214 -33.0583 -71.6127
197 -33.0585 -71.6124
905 -33.0588 -71.6121
560 -33.0588 -71.6117
706 -33.0585 -71.6113
151 -33.0584 -71.6117
108 -33.0582 -71.6123
606 -33.0583 -71.6113
227 -33.0582 -71.6131
109 -33.057 -71.6183
364 -33.0572 -71.6183
904 -33.0573 -71.6182
130 -33.0569 -71.6183
165 -33.0569 -71.6183
979 -33.0566 -71.6182
10 -33.0565 -71.6182
961 -33.0574 -71.6182
597 -33.0581 -71.6176
703 -33.0581 -71.6175
585 -33.0579 -71.617
66 -33.0577 -71.6179
100 -33.0574 -71.6171
964 -33.0566 -71.6168
593 -33.0576 -71.6153
983 -33.0565 -71.6182
949 -33.0564 -71.6182
786 -33.0563 -71.6181
494 -33.0563 -71.6165
479 -33.0562 -71.616
217 -33.0562 -71.616
900 -33.0561 -71.616
712 -33.0561 -71.616
697 -33.0562 -71.616
692 -33.0562 -71.616
796 -33.0562 -71.6151
890 -33.0562 -71.6151
115 -33.0562 -71.6151
652 -33.0561 -71.6158
53 -33.0561 -71.6158
85 -33.0561 -71.6152
24 -33.0562 -71.6151
600 -33.0581 -71.615
204 -33.058 -71.615
343 -33.058 -71.615
323 -33.0579 -71.615
565 -33.0578 -71.615
880 -33.0578 -71.615
320 -33.0577 -71.6149
860 -33.0577 -71.6149
361 -33.0578 -71.6149
734 -33.0577 -71.6149
812 -33.0576 -71.6149
835 -33.0576 -71.6149
421 -33.0576 -71.6149
795 -33.0575 -71.6149
340 -33.0575 -71.6149
116 -33.0575 -71.6149
5 -33.0563 -71.6151
496 -33.0563 -71.6151
195 -33.0563 -71.615
304 -33.0563 -71.6151
647 -33.0562 -71.6151
226 -33.0563 -71.6151
497 -33.0563 -71.6151
144 -33.0563 -71.615
38 -33.0565 -71.6149
659 -33.0565 -71.6149
399 -33.0575 -71.6149
75 -33.0564 -71.615
315 -33.0564 -71.615
111 -33.0564 -71.615
174 -33.0561 -71.6157
598 -33.0556 -71.617
589 -33.0557 -71.6168
829 -33.0557 -71.6166
25 -33.0555 -71.6172
710 -33.0554 -71.6174
92 -33.0554 -71.6174
987 -33.0555 -71.6173
883 -33.0559 -71.6163
529 -33.056 -71.616
263 -33.0558 -71.6159
453 -33.0558 -71.6159
239 -33.0557 -71.6159
416 -33.0556 -71.6159
573 -33.0554 -71.6159
889 -33.0554 -71.6158
708 -33.0553 -71.6179
629 -33.0549 -71.6184
409 -33.0551 -71.6178
511 -33.0551 -71.6178
849 -33.0548 -71.6188
516 -33.0536 -71.6184
509 -33.0543 -71.6184
427 -33.0546 -71.6184
170 -33.0553 -71.6158
333 -33.0552 -71.6158
113 -33.0551 -71.6158
639 -33.055 -71.6158
605 -33.055 -71.6158
155 -33.055 -71.6158
763 -33.0547 -71.6157
794 -33.0546 -71.6157
273 -33.0561 -71.6157
191 -33.0561 -71.6157
999 -33.0561 -71.6157
313 -33.0561 -71.6156
859 -33.056 -71.6156
13 -33.056 -71.6155
572 -33.056 -71.6155
940 -33.056 -71.6154
574 -33.056 -71.6153
142 -33.0561 -71.6152
412 -33.0561 -71.6152
106 -33.056 -71.6153
850 -33.056 -71.6153
550 -33.056 -71.6153
688 -33.056 -71.6153
176 -33.0559 -71.6154
157 -33.0546 -71.6157
988 -33.0525 -71.6157
635 -33.0541 -71.6156
277 -33.0523 -71.6156
938 -33.0522 -71.6157
820 -33.0523 -71.6156
205 -33.0523 -71.6156
610 -33.0539 -71.6156
353 -33.0556 -71.6156
54 -33.0553 -71.6154
884 -33.0559 -71.6153
644 -33.0534 -71.6155
911 -33.0532 -71.6155
764 -33.0531 -71.6155
500 -33.0565 -71.6149
476 -33.0581 -71.6144
713 -33.0581 -71.6144
389 -33.0579 -71.6139
377 -33.0577 -71.6145
885 -33.0577 -71.6144
68 -33.0577 -71.6144
185 -33.0574 -71.6142
547 -33.0579 -71.6139
891 -33.058 -71.6138
212 -33.0581 -71.6136
775 -33.0581 -71.6136
210 -33.058 -71.6139
181 -33.0574 -71.6138
40 -33.0574 -71.6135
591 -33.0576 -71.6134
687 -33.0574 -71.6143
93 -33.0574 -71.6149
739 -33.0573 -71.6149
177 -33.0573 -71.6149
148 -33.0572 -71.6148
253 -33.0572 -71.6148
430 -33.0571 -71.6148
266 -33.0571 -71.6148
756 -33.0571 -71.6148
831 -33.0574 -71.6145
625 -33.0573 -71.6137
91 -33.0573 -71.6137
385 -33.057 -71.6148
783 -33.057 -71.6148
382 -33.057 -71.6134
867 -33.057 -71.6134
848 -33.0581 -71.6133
963 -33.0582 -71.6131
707 -33.0581 -71.613
725 -33.058 -71.613
942 -33.058 -71.613
520 -33.0577 -71.6131
35 -33.0577 -71.6131
201 -33.058 -71.613
392 -33.0579 -71.6129
587 -33.0581 -71.6126
442 -33.058 -71.6119
542 -33.058 -71.6117
15 -33.058 -71.6113
902 -33.0579 -71.6129
649 -33.0578 -71.6129
569 -33.0579 -71.6113
275 -33.0576 -71.6129
562 -33.0576 -71.6129
173 -33.0576 -71.6129
658 -33.0576 -71.6129
534 -33.0575 -71.6128
449 -33.0575 -71.6128
996 -33.0574 -71.6128
203 -33.0574 -71.6128
805 -33.0572 -71.6128
623 -33.0572 -71.6128
861 -33.0575 -71.6118
681 -33.0575 -71.6116
186 -33.0571 -71.6127
588 -33.057 -71.6127
791 -33.0569 -71.6126
666 -33.0569 -71.6126
250 -33.0567 -71.6147
632 -33.0569 -71.6147
260 -33.0568 -71.6147
749 -33.0567 -71.6148
852 -33.0565 -71.6149
163 -33.0566 -71.6148
678 -33.0567 -71.6148
17 -33.0568 -71.6147
638 -33.0568 -71.6126
566 -33.0567 -71.6125
270 -33.0566 -71.6125
33 -33.0565 -71.6124
429 -33.0564 -71.6132
536 -33.0564 -71.6132
508 -33.0564 -71.6124
617 -33.0564 -71.6124
59 -33.0554 -71.6131
161 -33.0564 -71.6131
906 -33.0564 -71.6124
380 -33.0552 -71.6131
101 -33.0496 -71.6134
447 -33.0511 -71.6131
618 -33.0551 -71.6131
44 -33.0553 -71.6124
758 -33.0554 -71.6124
914 -33.0563 -71.6124
568 -33.0555 -71.6123
346 -33.0551 -71.6124
559 -33.0547 -71.6124
851 -33.0545 -71.6124
188 -33.0556 -71.6123
683 -33.056 -71.6123
717 -33.056 -71.6123
862 -33.0535 -71.6122
901 -33.0526 -71.6117
553 -33.0525 -71.6121
972 -33.052 -71.612
793 -33.0519 -71.612
348 -33.0527 -71.6116
394 -33.0538 -71.6113
660 -33.0538 -71.6113
834 -33.0539 -71.6112
314 -33.0537 -71.6113
81 -33.0527 -71.6116
604 -33.0528 -71.6116
855 -33.0537 -71.6113
827 -33.0512 -71.612
9 -33.0512 -71.612
735 -33.0499 -71.6117
222 -33.0499 -71.6116
696 -33.0499 -71.6117
322 -33.0499 -71.6118
139 -33.0499 -71.6118
802 -33.0499 -71.6118
633 -33.05 -71.6115
718 -33.05 -71.6113
360 -33.05 -71.6111
34 -33.0501 -71.611
982 -33.0499 -71.6113
220 -33.0497 -71.6112
784 -33.0497 -71.6112
80 -33.0501 -71.6109
297 -33.0618 -71.6108
790 -33.064 -71.6108
11 -33.0629 -71.6102
608 -33.0618 -71.6108
705 -33.0618 -71.6108
474 -33.0618 -71.6108
43 -33.0618 -71.6106
499 -33.0632 -71.6102
63 -33.0632 -71.61
677 -33.0643 -71.6097
858 -33.0623 -71.6096
282 -33.0621 -71.6095
422 -33.062 -71.6095
944 -33.0619 -71.6095
219 -33.0618 -71.6094
723 -33.0617 -71.6094
740 -33.0616 -71.6105
581 -33.0617 -71.6103
576 -33.0617 -71.6103
903 -33.0614 -71.6107
26 -33.061 -71.6103
918 -33.0613 -71.6102
97 -33.0603 -71.6101
878 -33.0613 -71.6101
489 -33.0612 -71.61
715 -33.0615 -71.6094
664 -33.0614 -71.6094
458 -33.0611 -71.6099
138 -33.0605 -71.6096
62 -33.061 -71.6096
970 -33.0608 -71.6096
470 -33.0614 -71.6094
79 -33.0628 -71.6092
469 -33.0628 -71.6092
335 -33.0625 -71.6092
473 -33.0623 -71.6091
94 -33.061 -71.6092
438 -33.062 -71.6092
532 -33.061 -71.6092
156 -33.0617 -71.6089
72 -33.062 -71.6086
478 -33.062 -71.6083
225 -33.0623 -71.6081
463 -33.0619 -71.6087
350 -33.0616 -71.6089
461 -33.061 -71.6086
419 -33.0617 -71.608
952 -33.0608 -71.6088
183 -33.0607 -71.6088
328 -33.0607 -71.6087
690 -33.0607 -71.6087
714 -33.0607 -71.6085
73 -33.0605 -71.6093
746 -33.0606 -71.6085
757 -33.0605 -71.6085
471 -33.0605 -71.6084
981 -33.0605 -71.6084
752 -33.0604 -71.6083
753 -33.0607 -71.6079
369 -33.0603 -71.6083
653 -33.0603 -71.6083
741 -33.0603 -71.6083
332 -33.0602 -71.6083
190 -33.0602 -71.6106
886 -33.0602 -71.6103
305 -33.0601 -71.6101
909 -33.0594 -71.6107
415 -33.0594 -71.6105
765 -33.0592 -71.6104
143 -33.0588 -71.6102
866 -33.0596 -71.6098
626 -33.06 -71.6088
132 -33.06 -71.6088
832 -33.0602 -71.6082
810 -33.0598 -71.6082
362 -33.0589 -71.6095
236 -33.0588 -71.6088
2 -33.0592 -71.6088
856 -33.0587 -71.6093
558 -33.0584 -71.6106
141 -33.0586 -71.6103
657 -33.0586 -71.6101
391 -33.0582 -71.6105
821 -33.0581 -71.6108
815 -33.0581 -71.6107
770 -33.058 -71.6104
745 -33.0582 -71.6101
454 -33.0582 -71.609
257 -33.0583 -71.6087
554 -33.0581 -71.6083
875 -33.0581 -71.6083
433 -33.0581 -71.6098
931 -33.0581 -71.609
167 -33.0598 -71.6082
192 -33.06 -71.6081
624 -33.06 -71.6081
71 -33.06 -71.6081
882 -33.0599 -71.608
736 -33.0598 -71.608
397 -33.0585 -71.6079
846 -33.059 -71.6079
528 -33.059 -71.6079
294 -33.0598 -71.6079
468 -33.0601 -71.6079
888 -33.0601 -71.6078
788 -33.0598 -71.6079
731 -33.0585 -71.6079
199 -33.0597 -71.6079
839 -33.0588 -71.6078
122 -33.0585 -71.608
682 -33.0581 -71.6081
194 -33.0582 -71.6081
675 -33.0584 -71.608
299 -33.0581 -71.6081
913 -33.058 -71.6081
264 -33.0581 -71.6081
410 -33.0581 -71.6081
21 -33.0583 -71.608
245 -33.0584 -71.608
806 -33.0584 -71.608
989 -33.0584 -71.608
720 -33.0584 -71.608
308 -33.0583 -71.608
691 -33.0584 -71.608
929 -33.0589 -71.6078
400 -33.0627 -71.6076
833 -33.0619 -71.6069
672 -33.0623 -71.6067
662 -33.0619 -71.6068
977 -33.0617 -71.6073
923 -33.0611 -71.6072
808 -33.0612 -71.6068
331 -33.0641 -71.6067
441 -33.0634 -71.6065
90 -33.0636 -71.6065
291 -33.0637 -71.6064
147 -33.0633 -71.6065
557 -33.0615 -71.6067
381 -33.0611 -71.6066
159 -33.0609 -71.6065
836 -33.0608 -71.6075
785 -33.0606 -71.6077
966 -33.0606 -71.6077
398 -33.0606 -71.6077
56 -33.0605 -71.6077
229 -33.0599 -71.6078
365 -33.0602 -71.6077
325 -33.0598 -71.6077
502 -33.0606 -71.6076
137 -33.0607 -71.607
300 -33.0606 -71.6068
925 -33.0607 -71.6064
281 -33.0602 -71.607
46 -33.0601 -71.6072
912 -33.0602 -71.6072
772 -33.0601 -71.6065
924 -33.0633 -71.6064
112 -33.0632 -71.6062
296 -33.063 -71.6061
870 -33.0643 -71.606
78 -33.0623 -71.6056
592 -33.0622 -71.6063
491 -33.061 -71.6055
922 -33.0622 -71.6054
857 -33.0622 -71.6054
769 -33.0618 -71.6051
825 -33.0616 -71.605
169 -33.0615 -71.6049
620 -33.0615 -71.6049
843 -33.0614 -71.6049
261 -33.0613 -71.6048
622 -33.0614 -71.6048
32 -33.0609 -71.6052
83 -33.0601 -71.6063
129 -33.0601 -71.6063
311 -33.06 -71.6062
284 -33.0599 -71.6062
845 -33.0599 -71.6063
505 -33.0599 -71.6062
411 -33.0599 -71.6062
417 -33.06 -71.6061
158 -33.0608 -71.6054
293 -33.0606 -71.6046
99 -33.0605 -71.6046
951 -33.0605 -71.6057
669 -33.0601 -71.6061
349 -33.0601 -71.6061
16 -33.0598 -71.6063
375 -33.0596 -71.6078
997 -33.0595 -71.6076
556 -33.0595 -71.6076
737 -33.0591 -71.6076
339 -33.0589 -71.6078
242 -33.059 -71.6077
371 -33.0591 -71.6077
395 -33.0594 -71.6076
103 -33.0594 -71.6076
321 -33.0595 -71.607
243 -33.0597 -71.6068
287 -33.0594 -71.6076
280 -33.0591 -71.6075
378 -33.0592 -71.6068
671 -33.0591 -71.6067
232 -33.0589 -71.6078
813 -33.0589 -71.6078
215 -33.0589 -71.6078
110 -33.0584 -71.6073
168 -33.0584 -71.6067
993 -33.0581 -71.6078
887 -33.0581 -71.6076
182 -33.0583 -71.6071
980 -33.0584 -71.6067
555 -33.0587 -71.6066
126 -33.0588 -71.6066
704 -33.0588 -71.6066
578 -33.0584 -71.6066
247 -33.0582 -71.6067
267 -33.0584 -71.6066
910 -33.0587 -71.6066
404 -33.0595 -71.6065
954 -33.0594 -71.6064
125 -33.0594 -71.6064
120 -33.0593 -71.6064
670 -33.0592 -71.6064
230 -33.0592 -71.6064
276 -33.0593 -71.6064
544 -33.0594 -71.6064
873 -33.0593 -71.6064
172 -33.0597 -71.6063
256 -33.0594 -71.6055
1 -33.0592 -71.6044
527 -33.0592 -71.6063
513 -33.0591 -71.6063
221 -33.0591 -71.6054
8 -33.0591 -71.6065
525 -33.059 -71.6063
840 -33.0584 -71.6062
223 -33.0585 -71.6062
782 -33.0583 -71.6062
136 -33.0582 -71.6059
564 -33.0581 -71.6058
984 -33.0583 -71.6058
196 -33.0587 -71.6051
957 -33.0587 -71.6051
937 -33.0586 -71.6051
30 -33.0587 -71.6041
826 -33.0586 -71.6041
595 -33.0583 -71.6051
406 -33.0585 -71.6049
871 -33.058 -71.6081
510 -33.0577 -71.6107
540 -33.0575 -71.6103
384 -33.0577 -71.6102
673 -33.0574 -71.6106
372 -33.0574 -71.61
915 -33.0566 -71.61
336 -33.0567 -71.6099
268 -33.058 -71.6099
975 -33.0571 -71.6095
874 -33.0576 -71.6088
535 -33.0575 -71.6088
517 -33.0569 -71.6098
358 -33.0566 -71.6096
744 -33.0567 -71.6096
65 -33.0566 -71.6096
895 -33.0564 -71.6096
920 -33.0556 -71.6105
27 -33.0551 -71.6104
278 -33.055 -71.6104
133 -33.0548 -71.6104
337 -33.0541 -71.6105
401 -33.0546 -71.6105
345 -33.0548 -71.6104
74 -33.0549 -71.6103
621 -33.0563 -71.6101
388 -33.0563 -71.6095
180 -33.0558 -71.6094
995 -33.0557 -71.6094
894 -33.0554 -71.6095
86 -33.0545 -71.6085
548 -33.0544 -71.6085
522 -33.0544 -71.6085
596 -33.0548 -71.6084
96 -33.0548 -71.6084
162 -33.0559 -71.6084
947 -33.0547 -71.6084
685 -33.0546 -71.6085
518 -33.0546 -71.6085
804 -33.0546 -71.6085
241 -33.0548 -71.6083
244 -33.058 -71.6083
811 -33.0579 -71.6083
312 -33.0549 -71.6083
342 -33.0549 -71.6083
719 -33.0549 -71.6083
779 -33.0549 -71.6083
329 -33.0549 -71.6083
709 -33.0544 -71.6085
665 -33.0544 -71.6085
444 -33.0543 -71.6085
207 -33.0543 -71.6085
76 -33.0543 -71.6085
847 -33.0542 -71.6085
654 -33.0541 -71.6085
153 -33.054 -71.6085
240 -33.054 -71.6085
363 -33.054 -71.6085
64 -33.054 -71.6085
178 -33.0539 -71.6085
425 -33.0539 -71.6085
828 -33.0539 -71.6085
481 -33.0539 -71.6085
780 -33.0539 -71.6105
31 -33.0535 -71.6105
77 -33.0536 -71.6105
48 -33.0515 -71.6096
694 -33.0513 -71.6098
968 -33.051 -71.6101
716 -33.0512 -71.6099
383 -33.0513 -71.6098
933 -33.0516 -71.6095
140 -33.052 -71.6089
318 -33.052 -71.6089
213 -33.052 -71.6088
853 -33.052 -71.609
283 -33.0516 -71.6095
440 -33.0518 -71.6093
206 -33.0519 -71.6092
530 -33.0507 -71.6102
583 -33.0501 -71.6106
484 -33.0502 -71.6104
732 -33.0502 -71.6104
493 -33.0501 -71.6107
485 -33.0501 -71.6108
88 -33.0501 -71.6108
935 -33.0501 -71.6108
643 -33.0502 -71.6103
724 -33.0506 -71.6102
152 -33.0505 -71.6102
722 -33.0505 -71.6102
55 -33.0504 -71.6102
939 -33.0502 -71.6102
755 -33.0503 -71.6102
897 -33.0521 -71.6087
956 -33.0537 -71.6085
457 -33.0537 -71.6085
807 -33.0537 -71.6085
634 -33.0536 -71.6085
231 -33.0536 -71.6085
823 -33.0535 -71.6085
418 -33.0535 -71.6085
119 -33.0535 -71.6085
234 -33.0535 -71.6085
701 -33.0535 -71.6085
590 -33.0535 -71.6085
680 -33.0534 -71.6085
728 -33.0533 -71.6084
0 -33.0532 -71.6084
637 -33.0532 -71.6084
538 -33.0531 -71.6084
36 -33.0522 -71.6084
648 -33.053 -71.6083
436 -33.0522 -71.6083
868 -33.0521 -71.6085
941 -33.0521 -71.6087
799 -33.0505 -71.6086
50 -33.0521 -71.6085
631 -33.0522 -71.6083
462 -33.0528 -71.6083
374 -33.0528 -71.6083
515 -33.0527 -71.6082
302 -33.0527 -71.6082
854 -33.0522 -71.6083
84 -33.0522 -71.6082
541 -33.0522 -71.6082
921 -33.0579 -71.6082
359 -33.0579 -71.6082
667 -33.058 -71.6082
289 -33.0579 -71.6082
616 -33.0576 -71.6081
893 -33.0575 -71.6081
959 -33.0575 -71.6081
896 -33.0575 -71.6081
193 -33.0577 -71.6076
319 -33.0577 -71.6076
613 -33.0577 -71.6073
965 -33.0575 -71.6081
650 -33.0574 -71.6081
445 -33.0574 -71.6081
609 -33.0573 -71.6081
800 -33.0573 -71.608
490 -33.0572 -71.608
28 -33.0572 -71.608
594 -33.057 -71.608
37 -33.057 -71.608
570 -33.057 -71.608
630 -33.0569 -71.608
39 -33.057 -71.608
45 -33.0569 -71.608
699 -33.0568 -71.608
514 -33.0568 -71.608
426 -33.0568 -71.608
584 -33.0567 -71.608
114 -33.0567 -71.608
131 -33.0567 -71.608
344 -33.0566 -71.6073
396 -33.0566 -71.6073
67 -33.0579 -71.6068
503 -33.0578 -71.6066
628 -33.058 -71.6066
184 -33.0577 -71.6068
390 -33.0577 -71.6072
567 -33.0577 -71.6068
6 -33.0577 -71.6068
357 -33.0578 -71.6062
990 -33.058 -71.6062
477 -33.058 -71.6059
149 -33.0579 -71.6045
460 -33.0578 -71.6058
316 -33.0577 -71.6058
98 -33.0575 -71.6051
768 -33.0576 -71.6049
472 -33.0575 -71.6061
777 -33.0568 -71.6072
953 -33.0569 -71.6071
47 -33.057 -71.607
443 -33.0567 -71.6072
936 -33.0566 -71.6072
926 -33.0567 -71.6072
543 -33.0567 -71.6072
135 -33.057 -71.607
41 -33.0574 -71.6069
552 -33.0574 -71.6069
492 -33.0574 -71.6068
689 -33.0572 -71.6069
104 -33.0572 -71.6069
776 -33.057 -71.6047
684 -33.0565 -71.608
330 -33.0565 -71.608
663 -33.0565 -71.608
451 -33.0564 -71.608
824 -33.0564 -71.608
465 -33.0554 -71.608
932 -33.0554 -71.608
317 -33.0554 -71.608
814 -33.0562 -71.608
3 -33.0562 -71.608
486 -33.0562 -71.6079
798 -33.0561 -71.6079
249 -33.056 -71.6079
164 -33.0554 -71.6079
526 -33.0554 -71.6079
288 -33.056 -71.6079
695 -33.0553 -71.608
432 -33.0527 -71.6082
656 -33.055 -71.6082
612 -33.0525 -71.6082
960 -33.0524 -71.6081
778 -33.0522 -71.6082
435 -33.0517 -71.6082
586 -33.0522 -71.6081
58 -33.0551 -71.6081
651 -33.0552 -71.6081
428 -33.0552 -71.6081
258 -33.0553 -71.608
985 -33.0552 -71.6081
218 -33.0523 -71.6081
519 -33.0523 -71.6081
524 -33.0559 -71.6079
841 -33.0561 -71.6075
246 -33.0562 -71.6075
969 -33.0562 -71.6074
702 -33.056 -71.6075
338 -33.0559 -71.6079
865 -33.0559 -71.6079
898 -33.0559 -71.6076
459 -33.0562 -71.6074
928 -33.0564 -71.6074
943 -33.0565 -71.6073
352 -33.0565 -71.6073
356 -33.0563 -71.6074
95 -33.0563 -71.6074
121 -33.0563 -71.6044
781 -33.056 -71.6043
974 -33.0559 -71.6079
4 -33.0557 -71.6078
379 -33.0556 -71.6078
766 -33.0556 -71.6077
817 -33.0556 -71.6078
539 -33.0555 -71.6079
439 -33.0555 -71.6079
750 -33.0555 -71.6078
971 -33.0527 -71.6067
792 -33.0552 -71.6049
729 -33.0552 -71.6049
507 -33.0556 -71.6047
533 -33.055 -71.6045
248 -33.0527 -71.6067
899 -33.0531 -71.6065
