115 -33.0543 -71.6244
5 -33.0543 -71.6244
796 -33.0543 -71.6244
647 -33.0543 -71.6244
142 -33.0542 -71.6244
85 -33.0542 -71.6244
497 -33.0543 -71.6244
890 -33.0543 -71.6243
226 -33.0543 -71.6243
703 -33.0543 -71.6242
38 -33.0543 -71.6241
500 -33.0543 -71.624
315 -33.0543 -71.624
327 -33.0543 -71.6239
678 -33.0543 -71.6237
66 -33.0541 -71.6244
217 -33.0534 -71.6246
697 -33.0534 -71.6246
479 -33.0534 -71.6246
109 -33.0532 -71.6246
883 -33.053 -71.6246
979 -33.0527 -71.6245
829 -33.0526 -71.6245
961 -33.0536 -71.6245
940 -33.0538 -71.6245
176 -33.0539 -71.6245
550 -33.054 -71.6244
313 -33.0538 -71.6241
786 -33.0525 -71.6245
589 -33.0524 -71.6244
53 -33.0536 -71.624
260 -33.0543 -71.6236
177 -33.0544 -71.623
880 -33.0545 -71.6226
179 -33.0548 -71.6221
930 -33.0543 -71.6231
487 -33.0543 -71.6234
266 -33.0543 -71.6232
253 -33.0543 -71.6232
210 -33.0551 -71.6216
377 -33.0552 -71.6216
646 -33.0548 -71.6184
869 -33.0549 -71.6182
57 -33.0545 -71.6184
765 -33.054 -71.6184
413 -33.0541 -71.6184
668 -33.0545 -71.6184
189 -33.0539 -71.6184
408 -33.0533 -71.6188
370 -33.0533 -71.6188
537 -33.0534 -71.6187
255 -33.0531 -71.6188
549 -33.0529 -71.6187
376 -33.0527 -71.6187
881 -33.0527 -71.6187
816 -33.0526 -71.6187
582 -33.0537 -71.6185
963 -33.0538 -71.6184
367 -33.0539 -71.6184
978 -33.0536 -71.6184
134 -33.0525 -71.6186
407 -33.0535 -71.6186
598 -33.0523 -71.6244
92 -33.0519 -71.6245
987 -33.052 -71.6244
25 -33.0521 -71.6243
710 -33.0518 -71.6243
629 -33.0512 -71.6251
409 -33.0518 -71.6251
849 -33.051 -71.6251
633 -33.0511 -71.623
399 -33.0522 -71.62
116 -33.0521 -71.62
547 -33.0516 -71.6192
775 -33.0513 -71.619
447 -33.0509 -71.6228
713 -33.0513 -71.619
973 -33.0512 -71.6189
34 -33.0508 -71.6226
935 -33.0506 -71.6225
493 -33.0506 -71.6224
732 -33.0504 -71.6221
101 -33.0504 -71.6242
716 -33.0503 -71.621
694 -33.0502 -71.6209
799 -33.0502 -71.6207
901 -33.0502 -71.6206
283 -33.0501 -71.6205
440 -33.05 -71.6204
412 -33.0496 -71.6199
597 -33.0495 -71.6196
144 -33.0495 -71.6195
111 -33.0495 -71.6195
852 -33.0494 -71.6194
838 -33.0512 -71.6188
542 -33.052 -71.6185
301 -33.0521 -71.6185
42 -33.052 -71.6185
361 -33.052 -71.6185
456 -33.0511 -71.6187
919 -33.0512 -71.6185
69 -33.0518 -71.6184
698 -33.0516 -71.6184
754 -33.0516 -71.6184
373 -33.0515 -71.6184
455 -33.0515 -71.6184
587 -33.0514 -71.6184
760 -33.0513 -71.6184
216 -33.0513 -71.6184
809 -33.0512 -71.6183
761 -33.0511 -71.6188
687 -33.0499 -71.6187
341 -33.051 -71.6187
355 -33.0511 -71.6186
831 -33.0498 -71.6187
448 -33.0498 -71.6187
340 -33.0498 -71.6187
262 -33.0497 -71.6186
323 -33.05 -71.6186
844 -33.0508 -71.6185
434 -33.0508 -71.6185
803 -33.051 -71.6182
198 -33.0507 -71.6184
166 -33.05 -71.6185
891 -33.0505 -71.6184
767 -33.0503 -71.6179
118 -33.0557 -71.6159
976 -33.0556 -71.6159
872 -33.0556 -71.6159
945 -33.0556 -71.6159
774 -33.0553 -71.6178
560 -33.0553 -71.6177
475 -33.0553 -71.6176
482 -33.0555 -71.6159
991 -33.0554 -71.6159
297 -33.0548 -71.6158
561 -33.0547 -71.6157
842 -33.0544 -71.6157
483 -33.0544 -71.6157
531 -33.0543 -71.6157
501 -33.0542 -71.6157
124 -33.0542 -71.6156
822 -33.0528 -71.6159
450 -33.0526 -71.6158
18 -33.0529 -71.6158
389 -33.0524 -71.6157
251 -33.0522 -71.6157
476 -33.0523 -71.6156
955 -33.052 -71.6156
726 -33.052 -71.6156
279 -33.052 -71.6156
123 -33.0519 -71.6156
743 -33.0523 -71.6156
602 -33.0518 -71.6156
107 -33.0517 -71.6156
520 -33.0517 -71.6156
693 -33.0517 -71.6156
640 -33.0539 -71.6156
464 -33.0539 -71.6156
950 -33.0538 -71.6156
608 -33.0538 -71.6156
20 -33.0538 -71.6156
60 -33.0536 -71.6156
879 -33.0536 -71.6155
818 -33.0535 -71.6155
286 -33.0535 -71.6155
948 -33.0555 -71.6155
994 -33.0545 -71.6149
686 -33.0533 -71.6141
127 -33.053 -71.6139
943 -33.0518 -71.6137
936 -33.0518 -71.6137
762 -33.0519 -71.6132
931 -33.0517 -71.6138
269 -33.0516 -71.6156
146 -33.0513 -71.6156
356 -33.0516 -71.614
442 -33.0513 -71.6156
580 -33.0512 -71.6156
271 -33.0512 -71.6156
150 -33.0509 -71.6156
268 -33.0514 -71.6131
105 -33.0512 -71.6131
907 -33.0512 -71.6131
405 -33.0512 -71.6131
197 -33.0511 -71.6129
916 -33.0511 -71.6131
792 -33.0509 -71.6131
577 -33.0508 -71.6131
466 -33.0502 -71.6179
730 -33.05 -71.6157
546 -33.0498 -71.6157
495 -33.0498 -71.6177
292 -33.0496 -71.616
254 -33.0497 -71.616
117 -33.0497 -71.6159
290 -33.0505 -71.6156
641 -33.0508 -71.6155
819 -33.0505 -71.6155
488 -33.0505 -71.6155
391 -33.0497 -71.6132
609 -33.0496 -71.6134
689 -33.0496 -71.6134
893 -33.0497 -71.6132
953 -33.0496 -71.6137
892 -33.0495 -71.6163
812 -33.0495 -71.6162
992 -33.0495 -71.6162
684 -33.0494 -71.6143
908 -33.0494 -71.6164
864 -33.0494 -71.6164
95 -33.0494 -71.6144
352 -33.0495 -71.6142
443 -33.0495 -71.6139
426 -33.0495 -71.6139
570 -33.0495 -71.6138
699 -33.0495 -71.614
543 -33.0495 -71.6141
396 -33.0495 -71.6141
959 -33.0497 -71.6131
387 -33.0508 -71.6131
252 -33.0508 -71.6131
23 -33.0508 -71.6131
745 -33.0508 -71.6131
415 -33.0507 -71.6131
446 -33.0507 -71.6131
272 -33.0506 -71.6131
310 -33.0504 -71.613
423 -33.0504 -71.613
403 -33.0504 -71.613
507 -33.0504 -71.613
160 -33.0503 -71.613
998 -33.0503 -71.613
649 -33.0503 -71.613
143 -33.0502 -71.613
386 -33.0501 -71.613
145 -33.0501 -71.613
141 -33.05 -71.613
986 -33.05 -71.613
309 -33.0498 -71.6129
41 -33.0497 -71.6131
433 -33.0497 -71.6131
151 -33.0497 -71.6129
171 -33.0496 -71.6129
759 -33.0496 -71.6129
102 -33.0495 -71.6129
6 -33.0497 -71.6129
108 -33.0495 -71.6129
711 -33.0494 -71.6129
611 -33.0494 -71.6129
163 -33.0494 -71.6193
999 -33.0493 -71.6204
206 -33.0482 -71.6203
859 -33.0493 -71.6202
165 -33.0476 -71.6201
239 -33.0476 -71.6201
453 -33.0476 -71.6201
318 -33.0476 -71.6201
263 -33.0477 -71.62
213 -33.0478 -71.6199
900 -33.0478 -71.6197
36 -33.0478 -71.6197
712 -33.0477 -71.6199
130 -33.0477 -71.6199
897 -33.0477 -71.6199
529 -33.0477 -71.6199
983 -33.0476 -71.6203
9 -33.0474 -71.6227
55 -33.0474 -71.6225
755 -33.0474 -71.6225
722 -33.0474 -71.6222
939 -33.0473 -71.6228
530 -33.0474 -71.6221
152 -33.0474 -71.6221
511 -33.0473 -71.6219
889 -33.0475 -71.6205
10 -33.0475 -71.6203
949 -33.0475 -71.6203
416 -33.0474 -71.6203
708 -33.0473 -71.6217
605 -33.0473 -71.621
573 -33.0474 -71.6203
868 -33.0478 -71.6197
17 -33.0494 -71.6191
250 -33.0494 -71.619
462 -33.0483 -71.6189
688 -33.0483 -71.6189
884 -33.0482 -71.619
850 -33.0482 -71.619
106 -33.0483 -71.6189
574 -33.0483 -71.6189
632 -33.0494 -71.6188
302 -33.0494 -71.6187
77 -33.0494 -71.6185
432 -33.0494 -71.6187
374 -33.0483 -71.6188
780 -33.0484 -71.6186
195 -33.0484 -71.6185
612 -33.0482 -71.6191
631 -33.0479 -71.6195
834 -33.0479 -71.6195
904 -33.0479 -71.6194
854 -33.0479 -71.6196
394 -33.0478 -71.6197
692 -33.0478 -71.6196
660 -33.0478 -71.6196
174 -33.048 -71.6194
273 -33.048 -71.6193
13 -33.0481 -71.6192
572 -33.0481 -71.6192
191 -33.048 -71.6194
586 -33.048 -71.6194
364 -33.048 -71.6194
383 -33.0472 -71.6212
718 -33.0465 -71.6229
80 -33.0468 -71.6228
485 -33.0468 -71.6228
360 -33.0465 -71.6229
696 -33.0462 -71.623
516 -33.0463 -71.6229
222 -33.0463 -71.6229
764 -33.047 -71.6228
583 -33.0471 -71.6228
911 -33.0472 -71.6228
484 -33.0472 -71.6228
509 -33.0471 -71.6228
427 -33.0461 -71.6216
644 -33.0462 -71.6215
724 -33.0463 -71.6212
827 -33.0461 -71.6216
322 -33.046 -71.6231
277 -33.046 -71.6231
802 -33.046 -71.6231
938 -33.046 -71.6231
205 -33.046 -71.6232
820 -33.046 -71.6232
139 -33.046 -71.6232
735 -33.0461 -71.623
982 -33.0454 -71.6226
88 -33.0457 -71.6222
643 -33.0459 -71.6219
988 -33.0454 -71.6226
220 -33.0453 -71.6229
784 -33.0453 -71.6228
968 -33.0464 -71.621
170 -33.0472 -71.6202
333 -33.0472 -71.6202
113 -33.0471 -71.6202
862 -33.047 -71.619
140 -33.047 -71.6192
853 -33.047 -71.6192
941 -33.047 -71.619
435 -33.047 -71.6189
436 -33.0472 -71.6185
778 -33.0472 -71.6185
541 -33.0472 -71.6185
855 -33.0471 -71.6186
50 -33.0471 -71.6188
84 -33.0471 -71.6187
314 -33.0471 -71.6187
155 -33.0469 -71.6201
157 -33.0467 -71.6201
553 -33.0467 -71.6201
639 -33.0469 -71.6201
635 -33.0465 -71.6206
610 -33.0464 -71.621
793 -33.0465 -71.6207
972 -33.0465 -71.6207
763 -33.0467 -71.62
348 -33.0467 -71.6199
81 -33.0467 -71.6199
604 -33.0468 -71.6198
794 -33.0467 -71.62
48 -33.0467 -71.62
933 -33.0467 -71.62
519 -33.0472 -71.6184
637 -33.0492 -71.6183
680 -33.0489 -71.618
431 -33.0493 -71.6176
234 -33.0489 -71.618
956 -33.0488 -71.6178
240 -33.0488 -71.6174
64 -33.0488 -71.6173
93 -33.0488 -71.6172
548 -33.0489 -71.617
76 -33.0489 -71.617
709 -33.0489 -71.617
278 -33.0489 -71.6171
654 -33.0488 -71.6172
27 -33.0488 -71.6172
74 -33.0489 -71.6172
425 -33.0488 -71.6174
337 -33.0485 -71.6181
701 -33.0486 -71.6181
457 -33.0487 -71.6178
830 -33.0485 -71.6182
0 -33.0485 -71.6183
496 -33.0485 -71.6183
504 -33.0485 -71.6183
614 -33.0487 -71.6178
783 -33.0487 -71.6176
430 -33.0488 -71.6175
363 -33.0488 -71.6174
401 -33.0487 -71.6176
727 -33.0487 -71.6178
481 -33.0487 -71.6176
828 -33.0487 -71.6176
207 -33.0489 -71.617
787 -33.0494 -71.6165
545 -33.0494 -71.6165
721 -33.0494 -71.6164
946 -33.0492 -71.6165
180 -33.0492 -71.6159
428 -33.0492 -71.6158
539 -33.0492 -71.6156
164 -33.0492 -71.6156
246 -33.0494 -71.6148
841 -33.0494 -71.6147
200 -33.0493 -71.6129
208 -33.0493 -71.6129
750 -33.0493 -71.6154
379 -33.0493 -71.6154
524 -33.0493 -71.6151
258 -33.0492 -71.616
804 -33.049 -71.6168
86 -33.049 -71.6168
565 -33.049 -71.6168
518 -33.049 -71.6168
522 -33.0489 -71.617
665 -33.0489 -71.617
795 -33.0486 -71.6165
860 -33.0488 -71.6164
329 -33.0491 -71.6164
656 -33.0491 -71.6162
777 -33.0487 -71.6129
320 -33.0487 -71.6164
336 -33.0485 -71.6139
974 -33.0485 -71.6139
393 -33.0485 -71.6176
128 -33.0483 -71.6175
756 -33.0484 -71.6171
231 -33.0477 -71.6168
823 -33.0477 -71.6168
418 -33.0477 -71.6169
971 -33.0477 -71.6169
119 -33.0477 -71.6169
807 -33.0477 -71.6167
148 -33.0482 -71.6163
385 -33.0481 -71.6163
345 -33.0479 -71.6162
133 -33.0479 -71.6162
178 -33.0478 -71.6165
153 -33.0479 -71.6163
683 -33.0479 -71.6162
758 -33.0477 -71.617
515 -33.0474 -71.6178
31 -33.0474 -71.6177
648 -33.0475 -71.6174
851 -33.0474 -71.6179
218 -33.0472 -71.6183
960 -33.0473 -71.6182
652 -33.0473 -71.618
538 -33.0475 -71.6174
304 -33.0476 -71.6173
590 -33.0477 -71.617
248 -33.0477 -71.617
44 -33.0476 -71.6171
728 -33.0476 -71.6172
75 -33.0474 -71.6162
847 -33.0479 -71.6162
342 -33.0482 -71.6152
638 -33.0482 -71.6152
666 -33.0482 -71.6151
779 -33.0481 -71.6153
596 -33.0481 -71.6154
920 -33.0481 -71.6154
719 -33.0481 -71.6153
894 -33.0482 -71.6151
932 -33.0483 -71.6146
439 -33.0483 -71.6145
817 -33.0484 -71.6143
465 -33.0483 -71.6147
651 -33.0482 -71.615
58 -33.0482 -71.615
805 -33.0483 -71.6147
947 -33.0481 -71.6154
899 -33.0479 -71.6161
444 -33.048 -71.616
685 -33.0481 -71.6156
312 -33.0473 -71.614
634 -33.047 -71.6157
96 -33.0472 -71.6142
241 -33.0473 -71.6141
588 -33.0474 -71.6138
749 -33.0476 -71.6133
766 -33.0476 -71.6132
915 -33.0477 -71.613
996 -33.0476 -71.6133
317 -33.0475 -71.6135
526 -33.0475 -71.6134
801 -33.0487 -71.6129
19 -33.0546 -71.6124
790 -33.0544 -71.6123
354 -33.0543 -71.6122
326 -33.0543 -71.6123
420 -33.0541 -71.6123
414 -33.054 -71.6122
576 -33.0539 -71.6122
43 -33.0539 -71.6122
579 -33.0543 -71.6119
368 -33.0542 -71.6117
467 -33.054 -71.6115
521 -33.0539 -71.6122
747 -33.0539 -71.6122
619 -33.0539 -71.6112
259 -33.0538 -71.6112
72 -33.0538 -71.6113
917 -33.0535 -71.6122
523 -33.0531 -71.6121
298 -33.0528 -71.6121
238 -33.0525 -71.6121
305 -33.0523 -71.612
26 -33.0522 -71.6117
192 -33.0522 -71.6117
569 -33.0526 -71.6116
463 -33.0537 -71.6113
237 -33.0536 -71.6111
154 -33.0536 -71.6111
967 -33.0536 -71.6111
874 -33.0527 -71.6116
866 -33.0528 -71.6116
384 -33.0532 -71.6109
591 -33.0532 -71.6109
563 -33.0531 -71.6109
209 -33.053 -71.6108
132 -33.0537 -71.6105
636 -33.053 -71.6108
627 -33.0529 -71.6108
366 -33.0529 -71.6108
751 -33.0529 -71.6108
970 -33.0546 -71.6104
772 -33.0535 -71.6104
810 -33.0534 -71.6103
592 -33.0534 -71.6102
922 -33.0533 -71.61
83 -33.0532 -71.6097
873 -33.0532 -71.6096
98 -33.053 -71.6092
307 -33.0529 -71.6108
52 -33.0529 -71.6107
402 -33.0528 -71.6106
452 -33.0528 -71.6105
175 -33.0528 -71.6105
61 -33.0526 -71.6103
12 -33.0526 -71.6102
927 -33.0525 -71.61
35 -33.0524 -71.61
773 -33.0524 -71.61
679 -33.0524 -71.6099
274 -33.0524 -71.6099
190 -33.0523 -71.6097
676 -33.0522 -71.6097
424 -33.0522 -71.6096
505 -33.0522 -71.6117
962 -33.0521 -71.612
51 -33.0519 -71.612
642 -33.0518 -71.612
958 -33.0517 -71.612
2 -33.0514 -71.6119
187 -33.0515 -71.6119
276 -33.0516 -71.6118
390 -33.0517 -71.6118
675 -33.0518 -71.6118
811 -33.0518 -71.6118
782 -33.0518 -71.6118
556 -33.0517 -71.6118
120 -33.0517 -71.6118
29 -33.0515 -71.6115
15 -33.0515 -71.6114
737 -33.0514 -71.6119
351 -33.0511 -71.6124
14 -33.0511 -71.6123
480 -33.0512 -71.6121
578 -33.0511 -71.6124
299 -33.0511 -71.6129
295 -33.0511 -71.6127
97 -33.0511 -71.6125
910 -33.0512 -71.612
733 -33.0514 -71.6119
571 -33.0513 -71.6117
214 -33.0513 -71.6117
909 -33.0513 -71.6114
173 -33.0513 -71.6119
242 -33.0513 -71.6119
789 -33.0509 -71.6114
303 -33.0522 -71.6096
512 -33.0521 -71.6095
797 -33.052 -71.6093
622 -33.0518 -71.6093
746 -33.0516 -71.6095
110 -33.0517 -71.6094
94 -33.0517 -71.6094
7 -33.052 -71.6093
674 -33.052 -71.6093
848 -33.052 -71.6093
825 -33.052 -71.609
40 -33.052 -71.6091
506 -33.0519 -71.6091
470 -33.0519 -71.6091
49 -33.0516 -71.6089
32 -33.0514 -71.6097
681 -33.0511 -71.61
22 -33.0511 -71.61
846 -33.0512 -71.6099
575 -33.0511 -71.61
981 -33.0509 -71.6102
398 -33.0508 -71.6102
167 -33.051 -71.6101
316 -33.0512 -71.6099
603 -33.0513 -71.6098
626 -33.0514 -71.6098
923 -33.0514 -71.6097
840 -33.0513 -71.6098
158 -33.0512 -71.6099
137 -33.0512 -71.6099
378 -33.052 -71.6089
281 -33.0546 -71.6085
331 -33.0544 -71.6085
491 -33.0543 -71.6085
63 -33.0542 -71.6085
280 -33.0542 -71.6085
419 -33.0542 -71.6085
925 -33.0542 -71.6085
886 -33.0541 -71.6085
159 -33.0541 -71.6085
677 -33.0548 -71.6084
808 -33.0548 -71.6084
112 -33.054 -71.6085
606 -33.054 -71.6085
525 -33.0538 -71.6085
876 -33.0539 -71.6085
903 -33.0538 -71.6085
581 -33.0536 -71.6085
672 -33.0536 -71.6085
311 -33.0535 -71.6085
977 -33.0534 -71.6085
362 -33.0534 -71.6085
454 -33.0534 -71.6085
332 -33.0534 -71.6085
934 -33.0533 -71.6084
558 -33.0532 -71.6084
79 -33.0532 -71.6084
499 -33.0532 -71.6084
469 -33.0531 -71.6084
129 -33.0531 -71.6084
11 -33.0531 -71.6084
510 -33.0531 -71.6084
291 -33.0549 -71.6083
474 -33.0549 -71.6083
748 -33.055 -71.6083
300 -33.0551 -71.6082
513 -33.053 -71.6083
296 -33.053 -71.6083
461 -33.053 -71.6083
527 -33.053 -71.6083
528 -33.0553 -71.608
870 -33.0542 -71.6047
147 -33.0543 -71.6047
441 -33.0552 -71.6044
768 -33.0542 -71.6056
196 -33.0529 -71.6065
90 -33.0534 -71.6047
924 -33.053 -71.6047
929 -33.0529 -71.6083
335 -33.0529 -71.6083
400 -33.0529 -71.6083
411 -33.0528 -71.6083
657 -33.0528 -71.6083
223 -33.0527 -71.6082
700 -33.0527 -71.6082
613 -33.0526 -71.6082
473 -33.0527 -71.6082
535 -33.0526 -71.6082
285 -33.0526 -71.6082
221 -33.0527 -71.6047
912 -33.0526 -71.6082
705 -33.0525 -71.6082
477 -33.0525 -71.6082
225 -33.0524 -71.6081
472 -33.0522 -71.6084
422 -33.0522 -71.6083
857 -33.0522 -71.6082
555 -33.0522 -71.6084
219 -33.0521 -71.6086
944 -33.0521 -71.6085
212 -33.0522 -71.6084
46 -33.0522 -71.6082
888 -33.0523 -71.6081
438 -33.0523 -71.6081
858 -33.0523 -71.6081
168 -33.0523 -71.6081
740 -33.0522 -71.6081
282 -33.0521 -71.6081
645 -33.0523 -71.6081
833 -33.0521 -71.6081
954 -33.052 -71.6088
769 -33.052 -71.6088
662 -33.0521 -71.6087
601 -33.0513 -71.6086
224 -33.0512 -71.6086
89 -33.0511 -71.6086
595 -33.0511 -71.6085
261 -33.0512 -71.6084
984 -33.0515 -71.6083
715 -33.0516 -71.6082
723 -33.0518 -71.6081
843 -33.0514 -71.6083
256 -33.0513 -71.6084
503 -33.0513 -71.6084
937 -33.0519 -71.6081
551 -33.0522 -71.608
138 -33.0522 -71.6077
918 -33.0522 -71.6076
980 -33.0522 -71.6075
478 -33.052 -71.608
878 -33.0522 -71.6074
489 -33.0522 -71.6074
458 -33.0521 -71.6072
664 -33.0521 -71.6071
540 -33.0521 -71.6071
156 -33.0521 -71.6071
593 -33.052 -71.6069
73 -33.052 -71.6069
421 -33.052 -71.6068
557 -33.0519 -71.6067
227 -33.0519 -71.6067
753 -33.0518 -71.6076
381 -33.0519 -71.6066
532 -33.0519 -71.6066
706 -33.0517 -71.6061
228 -33.0513 -71.608
350 -33.0516 -71.6075
62 -33.0516 -71.6075
502 -33.0512 -71.6059
169 -33.0512 -71.6052
620 -33.0512 -71.6052
78 -33.0517 -71.6047
752 -33.0511 -71.6058
181 -33.0511 -71.6058
966 -33.0511 -71.6058
815 -33.0508 -71.6057
554 -33.0498 -71.6123
887 -33.0498 -71.6123
257 -33.05 -71.6113
682 -33.0498 -71.6125
184 -33.0497 -71.6127
871 -33.0497 -71.6127
921 -33.0498 -71.6127
347 -33.0503 -71.6113
742 -33.05 -71.6113
371 -33.05 -71.6113
813 -33.0498 -71.6113
905 -33.0497 -71.6112
731 -33.0495 -71.6112
397 -33.0494 -71.6112
267 -33.0493 -71.6112
245 -33.0493 -71.6112
202 -33.0492 -71.6129
615 -33.0492 -71.6129
334 -33.0491 -71.6129
70 -33.049 -71.6129
837 -33.0489 -71.6129
87 -33.0487 -71.6129
445 -33.0489 -71.6123
67 -33.0491 -71.6114
720 -33.0493 -71.6112
247 -33.0492 -71.6112
691 -33.0492 -71.6112
806 -33.0492 -71.6112
410 -33.049 -71.6112
875 -33.049 -71.6112
264 -33.0489 -71.6112
359 -33.0489 -71.6112
671 -33.0508 -71.6102
704 -33.0507 -71.6102
741 -33.0506 -71.6102
236 -33.0505 -71.6102
294 -33.0502 -71.6103
882 -33.0502 -71.6102
284 -33.0502 -71.6102
404 -33.0505 -71.6102
885 -33.0507 -71.6102
832 -33.0505 -71.6102
856 -33.0505 -71.6102
182 -33.0505 -71.6102
669 -33.0504 -71.6101
861 -33.0504 -71.6101
349 -33.0503 -71.6101
736 -33.0502 -71.6103
375 -33.0501 -71.6107
997 -33.0501 -71.6107
357 -33.0501 -71.6105
230 -33.0501 -71.6109
667 -33.0488 -71.6112
670 -33.05 -71.6111
776 -33.0492 -71.6109
229 -33.0501 -71.6105
319 -33.0501 -71.6104
321 -33.0501 -71.6104
199 -33.0501 -71.6104
8 -33.0495 -71.6098
215 -33.0492 -71.6099
193 -33.0487 -71.6098
567 -33.0487 -71.6112
661 -33.0487 -71.6129
725 -33.0486 -71.6129
372 -33.0486 -71.6129
877 -33.0485 -71.6129
265 -33.0485 -71.6129
599 -33.0484 -71.6129
655 -33.0483 -71.6129
585 -33.0483 -71.6129
517 -33.0482 -71.6128
744 -33.0481 -71.6128
835 -33.0481 -71.6128
330 -33.0479 -71.6122
942 -33.0479 -71.6128
729 -33.0479 -71.6122
451 -33.0479 -71.6122
201 -33.0479 -71.6128
739 -33.0478 -71.6129
392 -33.0478 -71.6129
100 -33.0478 -71.6128
898 -33.0478 -71.6127
902 -33.0477 -71.6129
338 -33.0477 -71.6128
621 -33.0474 -71.6127
659 -33.0471 -71.6127
186 -33.0471 -71.6127
964 -33.0467 -71.6126
969 -33.0478 -71.6125
24 -33.0466 -71.6126
494 -33.0463 -71.6125
353 -33.0451 -71.6121
131 -33.048 -71.612
45 -33.0481 -71.6118
594 -33.0481 -71.6116
135 -33.0481 -71.6116
630 -33.0481 -71.6118
926 -33.048 -71.612
114 -33.048 -71.6119
584 -33.048 -71.6119
37 -33.0481 -71.6115
289 -33.0486 -71.6112
616 -33.0485 -71.6112
552 -33.0484 -71.6111
781 -33.0484 -71.6111
490 -33.0482 -71.6114
104 -33.0482 -71.6113
965 -33.0484 -71.6111
275 -33.0476 -71.611
449 -33.0475 -71.611
33 -33.0465 -71.6109
865 -33.0461 -71.6098
4 -33.046 -71.6098
54 -33.0448 -71.612
695 -33.0455 -71.6098
985 -33.0453 -71.6098
288 -33.0462 -71.6098
702 -33.0464 -71.6098
814 -33.0464 -71.6098
3 -33.0465 -71.6098
486 -33.0463 -71.6098
798 -33.0462 -71.6098
249 -33.0463 -71.6098
459 -33.0466 -71.6098
211 -33.0508 -71.6092
324 -33.0506 -71.6092
126 -33.0505 -71.6087
821 -33.0504 -71.6092
653 -33.0503 -71.6092
757 -33.0504 -71.6091
785 -33.0504 -71.6091
468 -33.0505 -71.6086
183 -33.0506 -71.6085
952 -33.0505 -71.6085
600 -33.0506 -71.6085
204 -33.0504 -71.6085
343 -33.0504 -71.6085
328 -33.0504 -71.6085
863 -33.0503 -71.6085
836 -33.0503 -71.6085
990 -33.0503 -71.6092
406 -33.0499 -71.6091
845 -33.0498 -71.6091
243 -33.0498 -71.6091
395 -33.0496 -71.6096
172 -33.0497 -71.6091
16 -33.0497 -71.6091
707 -33.0494 -71.6091
714 -33.0502 -71.6085
136 -33.0502 -71.6085
951 -33.0501 -71.6085
734 -33.0501 -71.6084
771 -33.0498 -71.6084
607 -33.0498 -71.6084
498 -33.0496 -71.6084
68 -33.0496 -71.6084
690 -33.0506 -71.6073
471 -33.0503 -71.6073
369 -33.0501 -71.6072
56 -33.0501 -71.6072
460 -33.0501 -71.6072
624 -33.0498 -71.6072
365 -33.0498 -71.6071
957 -33.0502 -71.6066
382 -33.0506 -71.6057
673 -33.0506 -71.6057
770 -33.0506 -71.6057
293 -33.0505 -71.6049
788 -33.0503 -71.6056
244 -33.0497 -71.6054
99 -33.0503 -71.6048
235 -33.0496 -71.6084
417 -33.0495 -71.6084
125 -33.0494 -71.6084
233 -33.0494 -71.6083
82 -33.0494 -71.6083
738 -33.0494 -71.6083
306 -33.0493 -71.6083
437 -33.0493 -71.6083
71 -33.0493 -71.6083
325 -33.0496 -71.6071
564 -33.0492 -71.6052
1 -33.0493 -71.6037
185 -33.0491 -71.6083
358 -33.0491 -71.6052
65 -33.0491 -71.6051
287 -33.049 -71.607
623 -33.0487 -71.6091
544 -33.0488 -71.6083
562 -33.0487 -71.6083
91 -33.0486 -71.6083
121 -33.0476 -71.6098
650 -33.0476 -71.6098
625 -33.0486 -71.6083
658 -33.0486 -71.6082
534 -33.0486 -71.6082
867 -33.0483 -71.6082
203 -33.0483 -71.6082
566 -33.0478 -71.6082
270 -33.0476 -71.6082
429 -33.0476 -71.6082
161 -33.0475 -71.6082
28 -33.0474 -71.6098
39 -33.0471 -71.6098
995 -33.0472 -71.6098
47 -33.0474 -71.6098
344 -33.0469 -71.6098
824 -33.0466 -71.6098
928 -33.0467 -71.6098
663 -33.0468 -71.6098
914 -33.0473 -71.6082
617 -33.0472 -71.6082
717 -33.047 -71.6081
59 -33.0465 -71.6081
188 -33.0465 -71.6081
568 -33.0465 -71.6081
380 -33.0465 -71.6081
618 -33.0463 -71.6081
103 -33.049 -71.607
993 -33.049 -71.607
122 -33.049 -71.6051
339 -33.0488 -71.6065
975 -33.0488 -71.6068
232 -33.0488 -71.6066
839 -33.0487 -71.6065
388 -33.0489 -71.6048
628 -33.0488 -71.6047
826 -33.0488 -71.6036
30 -33.049 -71.6032
913 -33.0488 -71.6046
492 -33.0485 -71.6042
896 -33.0485 -71.604
800 -33.0484 -71.6039
149 -33.0484 -71.6066
791 -33.0481 -71.6079
536 -33.0479 -71.6077
906 -33.0477 -71.6075
508 -33.0476 -71.6075
346 -33.0461 -71.6081
162 -33.0454 -71.608
559 -33.0456 -71.608
21 -33.0481 -71.6066
989 -33.0482 -71.6066
308 -33.0483 -71.6066
895 -33.0483 -71.6066
514 -33.0482 -71.6035
194 -33.0481 -71.6066
533 -33.0451 -71.6051
