226 -33.0538 -71.6245
38 -33.0539 -71.6245
315 -33.054 -71.6244
796 -33.0537 -71.6245
115 -33.0536 -71.6245
647 -33.0536 -71.6245
5 -33.0537 -71.6245
327 -33.0541 -71.6244
260 -33.0543 -71.6243
487 -33.0543 -71.6242
253 -33.0543 -71.6239
678 -33.0542 -71.6244
500 -33.054 -71.6242
703 -33.0538 -71.6241
890 -33.0538 -71.6241
497 -33.0536 -71.6245
176 -33.0532 -71.6246
550 -33.0534 -71.6246
66 -33.0534 -71.6246
940 -33.0532 -71.6246
961 -33.053 -71.6246
697 -33.0528 -71.6246
479 -33.0527 -71.6246
217 -33.0527 -71.6245
142 -33.0535 -71.6245
85 -33.0535 -71.6245
109 -33.0525 -71.6245
883 -33.0524 -71.6245
786 -33.052 -71.6245
829 -33.052 -71.6243
979 -33.0521 -71.6243
930 -33.0543 -71.6239
179 -33.0544 -71.6227
210 -33.0547 -71.6222
377 -33.0547 -71.6222
266 -33.0543 -71.6239
177 -33.0543 -71.6237
880 -33.0543 -71.6233
367 -33.0534 -71.6188
963 -33.0534 -71.6188
57 -33.0539 -71.6184
646 -33.0541 -71.6184
869 -33.0544 -71.6184
668 -33.0539 -71.6184
189 -33.0534 -71.6188
765 -33.0535 -71.6186
413 -33.0535 -71.6185
582 -33.0532 -71.6188
313 -33.0531 -71.6238
53 -33.053 -71.6238
978 -33.0532 -71.6188
407 -33.053 -71.6187
547 -33.052 -71.6197
537 -33.0528 -71.6187
408 -33.0526 -71.6187
370 -33.0526 -71.6187
255 -33.0525 -71.6186
549 -33.0523 -71.6186
376 -33.0521 -71.6185
881 -33.052 -71.6185
816 -33.052 -71.6185
134 -33.0519 -71.6184
598 -33.0519 -71.6247
92 -33.0517 -71.6252
987 -33.0518 -71.6252
589 -33.0518 -71.6243
25 -33.0514 -71.6243
409 -33.0512 -71.6251
101 -33.0507 -71.6249
710 -33.0512 -71.6243
633 -33.051 -71.6234
34 -33.0512 -71.6232
116 -33.0515 -71.6201
399 -33.0516 -71.62
935 -33.0511 -71.623
447 -33.0511 -71.6233
493 -33.0511 -71.623
732 -33.0508 -71.6227
799 -33.0506 -71.6212
629 -33.0506 -71.6251
716 -33.0505 -71.6215
694 -33.0506 -71.6213
901 -33.0505 -71.6211
849 -33.0504 -71.6252
999 -33.0493 -71.621
283 -33.0504 -71.621
440 -33.0503 -71.6209
111 -33.0495 -71.6201
163 -33.0495 -71.6201
852 -33.0496 -71.62
144 -33.0495 -71.6201
859 -33.0493 -71.6208
412 -33.0493 -71.6204
597 -33.0494 -71.6202
17 -33.0496 -71.6198
713 -33.0518 -71.6195
775 -33.0518 -71.6195
973 -33.0517 -71.6194
838 -33.0517 -71.6193
761 -33.0516 -71.6193
341 -33.0515 -71.6192
355 -33.0514 -71.619
456 -33.0513 -71.619
919 -33.0513 -71.6189
216 -33.0511 -71.6187
69 -33.0512 -71.6184
373 -33.0511 -71.6186
587 -33.051 -71.6187
891 -33.05 -71.6185
760 -33.0508 -71.6185
166 -33.0496 -71.6186
250 -33.0495 -71.6197
632 -33.0495 -71.6196
432 -33.0494 -71.6194
302 -33.0494 -71.6194
77 -33.0494 -71.6193
637 -33.0494 -71.619
262 -33.0494 -71.619
340 -33.0494 -71.6189
323 -33.0496 -71.6186
680 -33.0494 -71.6186
234 -33.0494 -71.6185
687 -33.0494 -71.6188
448 -33.0494 -71.6188
831 -33.0494 -71.6188
301 -33.0514 -71.6184
118 -33.0551 -71.6158
872 -33.055 -71.6158
976 -33.0549 -71.6158
945 -33.0549 -71.6158
774 -33.0549 -71.6183
560 -33.0549 -71.6182
475 -33.0547 -71.6173
482 -33.0548 -71.6158
991 -33.0548 -71.6157
297 -33.0542 -71.6157
561 -33.054 -71.6156
842 -33.0537 -71.6156
286 -33.0529 -71.6157
18 -33.0524 -71.6156
818 -33.0529 -71.6156
822 -33.0521 -71.6157
542 -33.0514 -71.6184
450 -33.052 -71.6156
389 -33.0518 -71.6156
42 -33.0514 -71.6184
361 -33.0513 -71.6184
698 -33.051 -71.6182
754 -33.051 -71.6182
743 -33.0517 -71.6156
476 -33.0516 -71.6156
251 -33.0516 -71.6156
955 -33.0513 -71.6156
726 -33.0513 -71.6156
279 -33.0513 -71.6156
123 -33.0513 -71.6156
602 -33.0512 -71.6156
483 -33.0537 -71.6156
531 -33.0537 -71.6156
501 -33.0536 -71.6155
124 -33.0535 -71.6155
464 -33.0532 -71.6155
879 -33.053 -71.6156
60 -33.053 -71.6155
640 -33.0532 -71.6155
950 -33.0532 -71.6155
608 -33.0532 -71.6155
948 -33.0549 -71.6151
994 -33.054 -71.6145
20 -33.0531 -71.6155
686 -33.0528 -71.6137
127 -33.0524 -71.6135
268 -33.0519 -71.6134
356 -33.0516 -71.6145
931 -33.0515 -71.6144
943 -33.0514 -71.6143
936 -33.0514 -71.6143
107 -33.0511 -71.6156
693 -33.0511 -71.6156
520 -33.0511 -71.6156
269 -33.0509 -71.6156
792 -33.0516 -71.6131
299 -33.0515 -71.6131
762 -33.0512 -71.6131
578 -33.0511 -71.6131
14 -33.0511 -71.6131
507 -33.051 -71.6131
351 -33.051 -71.6131
455 -33.0509 -71.6181
809 -33.0506 -71.618
803 -33.0504 -71.6179
641 -33.0504 -71.6158
844 -33.0502 -71.6183
198 -33.0501 -71.6183
434 -33.0502 -71.6183
767 -33.0497 -71.6177
150 -33.0504 -71.6158
442 -33.0506 -71.6155
146 -33.0506 -71.6155
580 -33.0506 -71.6155
271 -33.0505 -71.6155
488 -33.0501 -71.6157
819 -33.0501 -71.6157
290 -33.05 -71.6157
466 -33.0496 -71.6177
117 -33.0493 -71.6165
546 -33.0494 -71.6164
730 -33.0496 -71.6162
956 -33.0493 -71.6184
401 -33.0491 -71.6182
254 -33.0493 -71.6165
292 -33.0493 -71.6165
524 -33.0492 -71.6159
684 -33.0493 -71.6151
352 -33.0493 -71.6149
396 -33.0493 -71.6149
95 -33.0493 -71.6152
246 -33.0492 -71.6156
841 -33.0493 -71.6154
543 -33.0493 -71.6149
97 -33.0509 -71.6131
295 -33.0508 -71.6131
197 -33.0506 -71.613
554 -33.0497 -71.6131
921 -33.0496 -71.6134
141 -33.0496 -71.6134
682 -33.0497 -71.6132
105 -33.0506 -71.613
907 -33.0506 -71.613
405 -33.0505 -71.613
916 -33.0504 -71.613
577 -33.0502 -71.613
887 -33.0497 -71.613
387 -33.0501 -71.613
252 -33.0501 -71.613
871 -33.0496 -71.6135
953 -33.0494 -71.6144
609 -33.0495 -71.6142
689 -33.0495 -71.6141
570 -33.0494 -71.6146
699 -33.0494 -71.6148
443 -33.0494 -71.6147
426 -33.0494 -71.6147
893 -33.0495 -71.6139
433 -33.0495 -71.6138
6 -33.0496 -71.6136
184 -33.0496 -71.6135
41 -33.0495 -71.6139
391 -33.0495 -71.6139
959 -33.0495 -71.6139
379 -33.0491 -71.6162
206 -33.0483 -71.6209
213 -33.0483 -71.6205
900 -33.0475 -71.6204
529 -33.0475 -71.6206
263 -33.0474 -71.6207
130 -33.0474 -71.6207
897 -33.0474 -71.6206
36 -33.0475 -71.6204
631 -33.0476 -71.6203
854 -33.0476 -71.6202
834 -33.0476 -71.6202
660 -33.0475 -71.6203
394 -33.0475 -71.6204
868 -33.0475 -71.6204
692 -33.0475 -71.6203
511 -33.0474 -71.6227
152 -33.0473 -71.6228
708 -33.0474 -71.6225
383 -33.0473 -71.6219
530 -33.0472 -71.6228
755 -33.0469 -71.6228
55 -33.0469 -71.6228
722 -33.0472 -71.6228
605 -33.0472 -71.6217
983 -33.0473 -71.621
453 -33.0474 -71.6209
318 -33.0474 -71.6208
712 -33.0473 -71.6202
889 -33.0472 -71.6213
165 -33.0471 -71.6202
239 -33.0471 -71.6202
10 -33.0469 -71.6201
688 -33.0479 -71.6195
106 -33.0479 -71.6195
462 -33.0479 -71.6195
574 -33.0479 -71.6196
612 -33.0478 -71.6197
884 -33.0478 -71.6197
850 -33.0478 -71.6196
374 -33.0479 -71.6194
496 -33.0482 -71.619
830 -33.0482 -71.6189
337 -33.0483 -71.6189
504 -33.0482 -71.619
780 -33.0481 -71.6192
195 -33.0481 -71.6192
0 -33.0482 -71.619
572 -33.0477 -71.6199
273 -33.0476 -71.62
191 -33.0477 -71.62
13 -33.0477 -71.6199
586 -33.0476 -71.6201
904 -33.0476 -71.6201
174 -33.0476 -71.6201
364 -33.0475 -71.6197
855 -33.0469 -71.6194
519 -33.047 -71.6191
218 -33.047 -71.619
960 -33.047 -71.6189
541 -33.0469 -71.6192
436 -33.0469 -71.6192
778 -33.0469 -71.6192
84 -33.0469 -71.6194
360 -33.046 -71.6232
718 -33.046 -71.6232
80 -33.0462 -71.623
222 -33.0459 -71.6234
735 -33.0458 -71.6237
696 -33.0458 -71.6236
516 -33.0458 -71.6235
485 -33.0462 -71.623
484 -33.0466 -71.6229
939 -33.0467 -71.6229
9 -33.0467 -71.6229
911 -33.0465 -71.6229
764 -33.0464 -71.6229
509 -33.0464 -71.6229
583 -33.0464 -71.6229
322 -33.0458 -71.6237
938 -33.0457 -71.6238
277 -33.0457 -71.6238
802 -33.0458 -71.6238
205 -33.0457 -71.6239
820 -33.0457 -71.6239
139 -33.0457 -71.6239
220 -33.0449 -71.6236
784 -33.0449 -71.6235
643 -33.0455 -71.6225
827 -33.0457 -71.6222
427 -33.0457 -71.6222
88 -33.0453 -71.6228
988 -33.045 -71.6233
982 -33.0451 -71.6232
644 -33.0458 -71.6221
170 -33.0467 -71.6201
949 -33.0469 -71.6201
416 -33.0468 -71.6201
333 -33.0466 -71.6202
639 -33.0466 -71.6205
155 -33.0465 -71.6204
113 -33.0466 -71.6203
573 -33.0468 -71.62
435 -33.0468 -71.6197
50 -33.0468 -71.6196
314 -33.0469 -71.6194
862 -33.0468 -71.6197
140 -33.0467 -71.6199
853 -33.0467 -71.6199
941 -33.0468 -71.6198
348 -33.0465 -71.6206
972 -33.0462 -71.6214
635 -33.0462 -71.6213
553 -33.0464 -71.6209
793 -33.0462 -71.6214
724 -33.046 -71.6219
968 -33.0461 -71.6217
610 -33.0461 -71.6217
157 -33.0464 -71.6209
933 -33.0465 -71.6207
81 -33.0465 -71.6206
604 -33.0465 -71.6203
794 -33.0465 -71.6207
48 -33.0465 -71.6208
763 -33.0463 -71.6203
701 -33.0483 -71.6188
425 -33.049 -71.618
74 -33.0488 -71.6179
76 -33.0487 -71.6177
207 -33.0487 -71.6177
548 -33.0487 -71.6178
709 -33.0487 -71.6178
522 -33.0487 -71.6177
665 -33.0487 -71.6177
495 -33.0491 -71.6176
565 -33.0488 -71.6175
329 -33.0489 -71.6171
86 -33.0488 -71.6175
431 -33.0487 -71.6177
518 -33.0487 -71.6175
804 -33.0488 -71.6175
278 -33.0487 -71.6178
828 -33.0485 -71.6184
783 -33.0485 -71.6184
430 -33.0485 -71.6182
481 -33.0485 -71.6184
457 -33.0484 -71.6185
614 -33.0484 -71.6185
727 -33.0484 -71.6185
363 -33.0485 -71.6182
93 -33.0486 -71.618
654 -33.0486 -71.6179
27 -33.0486 -71.6179
64 -33.0486 -71.6181
240 -33.0486 -71.6181
795 -33.0483 -71.6172
320 -33.0484 -71.617
656 -33.0489 -71.6169
180 -33.049 -71.6166
812 -33.049 -71.6165
428 -33.0491 -71.6165
864 -33.049 -71.6167
787 -33.049 -71.6169
721 -33.049 -71.6168
258 -33.049 -71.6168
992 -33.0491 -71.6165
539 -33.0491 -71.6164
164 -33.0491 -71.6164
750 -33.0491 -71.6162
892 -33.0489 -71.6165
908 -33.0488 -71.6164
545 -33.0487 -71.6164
445 -33.0487 -71.613
946 -33.0486 -71.6164
860 -33.0484 -71.6169
805 -33.0481 -71.6155
465 -33.0481 -71.6154
58 -33.048 -71.6157
638 -33.048 -71.6159
894 -33.048 -71.6159
651 -33.048 -71.6158
932 -33.0481 -71.6153
336 -33.0483 -71.6147
777 -33.0485 -71.6137
801 -33.0485 -71.6136
974 -33.0483 -71.6147
439 -33.0481 -71.6153
817 -33.0482 -71.6151
666 -33.048 -71.6159
756 -33.0479 -71.6174
393 -33.0478 -71.6173
128 -33.0477 -71.6173
178 -33.0476 -71.6172
418 -33.0475 -71.6176
231 -33.0475 -71.6176
807 -33.0475 -71.6175
153 -33.0476 -71.6171
899 -33.0477 -71.6168
444 -33.0477 -71.6167
685 -33.0478 -71.6164
847 -33.0477 -71.6169
683 -33.0477 -71.617
345 -33.0477 -71.6169
148 -33.0476 -71.6162
971 -33.0475 -71.6176
648 -33.0473 -71.6182
538 -33.0473 -71.6181
728 -33.0474 -71.6179
31 -33.0472 -71.6184
652 -33.0471 -71.6188
851 -33.0472 -71.6186
515 -33.0472 -71.6185
304 -33.0474 -71.6179
44 -33.0474 -71.6178
823 -33.0473 -71.6172
119 -33.0473 -71.6172
248 -33.0472 -71.6172
758 -33.0472 -71.6172
590 -33.0472 -71.6172
947 -33.0479 -71.6162
719 -33.0479 -71.6161
779 -33.0479 -71.6161
342 -33.048 -71.616
920 -33.0479 -71.6161
596 -33.0479 -71.6162
338 -33.0475 -71.6135
392 -33.0475 -71.6135
739 -33.0474 -71.6134
835 -33.0476 -71.6132
744 -33.0476 -71.6132
517 -33.0476 -71.6131
969 -33.0476 -71.6132
898 -33.0475 -71.6134
201 -33.0475 -71.6134
942 -33.0476 -71.6134
385 -33.0474 -71.6162
133 -33.0473 -71.6162
312 -33.0471 -71.6148
588 -33.0471 -71.6145
96 -33.0471 -71.6149
634 -33.0467 -71.6161
75 -33.0467 -71.6161
241 -33.047 -71.6148
317 -33.0472 -71.6142
766 -33.0473 -71.6139
902 -33.0474 -71.6134
915 -33.0473 -71.6134
526 -33.0472 -71.6141
996 -33.047 -71.6133
749 -33.047 -71.6133
745 -33.0501 -71.613
19 -33.0539 -71.6122
790 -33.0537 -71.6122
354 -33.0542 -71.6117
326 -33.0536 -71.6122
420 -33.0535 -71.6122
414 -33.0534 -71.6122
576 -33.0533 -71.6122
579 -33.054 -71.6113
368 -33.0538 -71.6112
772 -33.0538 -71.6111
810 -33.0538 -71.611
132 -33.0537 -71.6109
467 -33.0535 -71.6111
619 -33.0533 -71.6109
592 -33.0537 -71.6109
43 -33.0533 -71.6121
521 -33.0533 -71.6121
747 -33.0532 -71.6121
917 -33.0528 -71.6121
523 -33.0524 -71.6121
298 -33.0521 -71.612
238 -33.0519 -71.612
569 -33.052 -71.6118
874 -33.0521 -71.6118
463 -33.053 -71.6116
72 -33.0531 -71.6115
259 -33.0532 -71.6109
237 -33.053 -71.6108
866 -33.0522 -71.6117
154 -33.053 -71.6108
967 -33.053 -71.6108
922 -33.0536 -71.6107
970 -33.054 -71.6105
83 -33.0535 -71.6104
873 -33.0534 -71.6103
384 -33.0527 -71.6105
591 -33.0527 -71.6104
563 -33.0527 -71.6104
209 -33.0526 -71.6103
636 -33.0526 -71.6102
366 -33.0526 -71.6102
307 -33.0525 -71.6102
98 -33.0533 -71.6099
627 -33.0525 -71.6101
751 -33.0525 -71.6102
52 -33.0525 -71.61
402 -33.0524 -71.61
452 -33.0524 -71.6099
175 -33.0524 -71.6099
61 -33.0522 -71.6096
12 -33.0522 -71.6096
927 -33.0521 -71.6094
35 -33.052 -71.6094
773 -33.052 -71.6093
274 -33.052 -71.6093
679 -33.052 -71.6093
555 -33.0519 -71.6091
472 -33.052 -71.6091
422 -33.052 -71.609
944 -33.0519 -71.6092
219 -33.0518 -71.6093
190 -33.0519 -71.6091
424 -33.0518 -71.6091
305 -33.0516 -71.612
962 -33.0514 -71.6119
51 -33.0512 -71.6119
642 -33.0512 -71.6119
675 -33.0512 -71.612
556 -33.0512 -71.612
811 -33.0512 -71.612
782 -33.0512 -71.6119
505 -33.0516 -71.6118
26 -33.0516 -71.6118
192 -33.0516 -71.6118
173 -33.0515 -71.6114
733 -33.0514 -71.6115
571 -33.0513 -71.6114
214 -33.0512 -71.6114
120 -33.0512 -71.612
2 -33.0511 -71.6124
187 -33.0511 -71.6123
276 -33.0511 -71.6122
737 -33.0511 -71.6124
480 -33.0511 -71.6129
910 -33.0511 -71.6128
242 -33.0511 -71.6126
390 -33.0512 -71.6121
958 -33.0512 -71.6121
29 -33.051 -71.6114
15 -33.0509 -71.6114
909 -33.0506 -71.6113
789 -33.0502 -71.6113
704 -33.0502 -71.6103
671 -33.0502 -71.6102
94 -33.0512 -71.6099
110 -33.0512 -71.6099
622 -33.0513 -71.6098
746 -33.0511 -71.61
32 -33.0509 -71.6102
923 -33.0509 -71.6102
603 -33.0508 -71.6102
470 -33.0515 -71.6097
769 -33.0517 -71.6094
662 -33.0517 -71.6094
676 -33.0518 -71.6091
954 -33.0517 -71.6095
674 -33.0515 -71.6096
825 -33.0516 -71.6095
378 -33.0516 -71.6095
626 -33.0508 -71.6102
840 -33.0507 -71.6102
137 -33.0506 -71.6102
158 -33.0506 -71.6102
316 -33.0506 -71.6102
846 -33.0506 -71.6102
167 -33.0504 -71.6102
22 -33.0505 -71.6102
681 -33.0505 -71.6101
575 -33.0504 -71.6101
952 -33.0503 -71.6092
183 -33.0504 -71.6091
981 -33.0502 -71.6101
398 -33.0502 -71.6101
468 -33.0502 -71.6092
857 -33.052 -71.609
491 -33.0536 -71.6085
300 -33.0545 -71.6085
748 -33.0544 -71.6085
419 -33.0536 -71.6085
63 -33.0535 -71.6085
280 -33.0535 -71.6085
886 -33.0535 -71.6085
474 -33.0543 -71.6085
291 -33.0542 -71.6085
677 -33.0541 -71.6085
528 -33.0547 -71.6084
808 -33.0541 -71.6085
925 -33.0535 -71.6085
281 -33.0539 -71.6085
331 -33.0538 -71.6085
159 -33.0535 -71.6085
112 -33.0534 -71.6085
606 -33.0533 -71.6084
876 -33.0532 -71.6084
525 -33.0532 -71.6084
903 -33.0532 -71.6084
506 -33.0522 -71.6084
40 -33.0522 -71.6083
672 -33.053 -71.6083
581 -33.053 -71.6083
311 -33.0529 -71.6083
977 -33.0528 -71.6083
362 -33.0528 -71.6083
454 -33.0528 -71.6083
332 -33.0527 -71.6082
934 -33.0526 -71.6082
558 -33.0526 -71.6082
499 -33.0526 -71.6082
79 -33.0526 -71.6082
469 -33.0525 -71.6082
11 -33.0525 -71.6082
129 -33.0525 -71.6081
510 -33.0525 -71.6081
296 -33.0524 -71.6081
461 -33.0523 -71.6081
768 -33.0537 -71.6061
147 -33.0536 -71.6047
441 -33.0546 -71.6046
870 -33.0535 -71.6047
196 -33.0524 -71.607
924 -33.0524 -71.6048
90 -33.0527 -71.6047
513 -33.0523 -71.6081
527 -33.0523 -71.6081
335 -33.0523 -71.6081
929 -33.0523 -71.608
411 -33.0523 -71.608
400 -33.0522 -71.6081
657 -33.0522 -71.6079
223 -33.0522 -71.6079
700 -33.0522 -71.6079
473 -33.0522 -71.6078
285 -33.0522 -71.6078
212 -33.0522 -71.6077
705 -33.0522 -71.6076
477 -33.0522 -71.6075
858 -33.0522 -71.6074
168 -33.0522 -71.6073
46 -33.052 -71.6089
303 -33.052 -71.6089
225 -33.0521 -71.6087
512 -33.0516 -71.6089
797 -33.0515 -71.6089
7 -33.0515 -71.6088
848 -33.0515 -71.6088
282 -33.0515 -71.6083
613 -33.0521 -71.6081
535 -33.052 -71.6081
912 -33.052 -71.6081
438 -33.052 -71.6076
740 -33.0516 -71.6082
888 -33.0517 -71.6081
138 -33.0516 -71.6075
833 -33.0514 -71.6083
49 -33.051 -71.6086
715 -33.051 -71.6086
984 -33.0509 -71.6085
843 -33.0507 -71.6085
503 -33.0507 -71.6085
261 -33.0506 -71.6085
256 -33.0506 -71.6085
601 -33.0506 -71.6085
723 -33.0512 -71.6084
937 -33.0513 -71.6084
478 -33.0514 -71.6083
224 -33.0506 -71.6085
595 -33.0505 -71.6085
89 -33.0504 -71.6085
228 -33.0512 -71.6074
645 -33.0522 -71.6073
551 -33.0521 -71.6072
918 -33.052 -71.6069
980 -33.052 -71.6068
878 -33.0519 -71.6067
489 -33.0519 -71.6067
458 -33.0519 -71.6065
664 -33.0518 -71.6064
540 -33.0518 -71.6064
156 -33.0518 -71.6064
221 -33.0521 -71.6048
593 -33.0517 -71.6062
73 -33.0517 -71.6062
421 -33.0517 -71.6061
557 -33.0516 -71.606
227 -33.0516 -71.606
753 -33.0512 -71.6074
381 -33.0516 -71.606
532 -33.0516 -71.606
62 -33.051 -71.6074
350 -33.051 -71.6074
502 -33.0506 -71.6057
752 -33.0505 -71.6057
181 -33.0504 -71.6056
706 -33.0514 -71.6055
78 -33.0514 -71.6053
169 -33.0505 -71.6049
620 -33.0505 -71.6049
966 -33.0504 -71.6056
815 -33.0502 -71.6055
126 -33.0501 -71.6091
23 -33.0501 -71.613
415 -33.05 -71.613
446 -33.05 -71.613
272 -33.0499 -71.613
423 -33.0498 -71.6129
403 -33.0498 -71.6129
310 -33.0497 -71.6129
160 -33.0497 -71.6129
257 -33.0499 -71.6121
375 -33.05 -71.6114
357 -33.05 -71.6113
997 -33.0498 -71.6113
998 -33.0496 -71.6129
649 -33.0496 -71.6129
145 -33.0498 -71.6126
143 -33.0495 -71.6129
386 -33.0495 -71.6129
986 -33.0493 -71.6129
309 -33.0491 -71.6129
171 -33.049 -71.6129
151 -33.049 -71.6129
759 -33.0489 -71.6129
102 -33.0489 -71.6129
108 -33.0488 -71.6129
67 -33.0489 -71.6122
267 -33.049 -71.6118
731 -33.0491 -71.6116
711 -33.0488 -71.6129
611 -33.0488 -71.6129
200 -33.0487 -71.6129
208 -33.0487 -71.6129
230 -33.0497 -71.6112
294 -33.05 -71.6111
882 -33.0501 -71.6109
284 -33.0501 -71.6109
736 -33.05 -71.6111
319 -33.05 -71.6112
199 -33.05 -71.6112
321 -33.05 -71.6112
349 -33.0501 -71.6108
832 -33.0501 -71.6105
236 -33.0501 -71.6105
741 -33.0501 -71.6104
856 -33.0501 -71.6106
669 -33.0501 -71.6107
182 -33.0501 -71.6106
404 -33.0501 -71.6106
885 -33.05 -71.6101
347 -33.0496 -71.6112
229 -33.05 -71.6112
670 -33.0495 -71.6112
742 -33.0494 -71.6112
371 -33.0493 -71.6112
813 -33.0491 -71.6112
905 -33.049 -71.6112
776 -33.0488 -71.6112
861 -33.0497 -71.61
395 -33.0491 -71.6099
8 -33.0489 -71.6099
397 -33.0488 -71.6112
245 -33.0486 -71.6112
720 -33.0486 -71.6112
691 -33.0486 -71.6112
202 -33.0485 -71.6129
615 -33.0485 -71.6129
334 -33.0484 -71.6129
70 -33.0483 -71.6129
837 -33.0483 -71.6129
661 -33.048 -71.6128
877 -33.0479 -71.6128
87 -33.0481 -71.6128
725 -33.048 -71.6128
372 -33.0479 -71.6128
594 -33.0479 -71.6124
265 -33.0479 -71.6128
114 -33.0478 -71.6126
630 -33.0478 -71.6125
45 -33.0478 -71.6125
584 -33.0478 -71.6126
330 -33.0477 -71.6129
599 -33.0477 -71.6129
131 -33.0478 -71.6128
451 -33.0477 -71.6129
655 -33.0477 -71.613
729 -33.0477 -71.6129
585 -33.0477 -71.6128
926 -33.0478 -71.6127
100 -33.0471 -71.6127
621 -33.0467 -71.6126
186 -33.0465 -71.6125
659 -33.0465 -71.6125
964 -33.046 -71.6124
24 -33.046 -71.6124
135 -33.0479 -71.6124
781 -33.0481 -71.6117
616 -33.0481 -71.6116
567 -33.0482 -71.6114
552 -33.0481 -71.6117
490 -33.0479 -71.6121
104 -33.048 -71.6121
965 -33.0481 -71.6117
359 -33.0483 -71.6112
247 -33.0486 -71.6112
806 -33.0485 -71.6112
410 -33.0484 -71.6111
875 -33.0483 -71.6111
264 -33.0482 -71.6111
667 -33.0481 -71.6111
289 -33.048 -71.6111
37 -33.0479 -71.6123
275 -33.0469 -71.6109
449 -33.0469 -71.6109
33 -33.0458 -71.6108
494 -33.0456 -71.6123
353 -33.0448 -71.6116
54 -33.0447 -71.6112
985 -33.0447 -71.6099
486 -33.0456 -71.6098
814 -33.0458 -71.6098
702 -33.0458 -71.6098
3 -33.0458 -71.6098
249 -33.0456 -71.6098
798 -33.0456 -71.6098
288 -33.0455 -71.6098
865 -33.0455 -71.6098
211 -33.0501 -71.6091
324 -33.0499 -71.6091
785 -33.0498 -71.6091
757 -33.0498 -71.6091
990 -33.0497 -71.6091
653 -33.0497 -71.6091
821 -33.0497 -71.6091
600 -33.0499 -71.6084
343 -33.0497 -71.6084
204 -33.0497 -71.6084
328 -33.0497 -71.6084
863 -33.0497 -71.6084
836 -33.0497 -71.6084
714 -33.0496 -71.6084
136 -33.0496 -71.6084
845 -33.0495 -71.6097
16 -33.0495 -71.6098
243 -33.0495 -71.6097
951 -33.0495 -71.6084
172 -33.0495 -71.6098
215 -33.0485 -71.6098
406 -33.0492 -71.6091
707 -33.0488 -71.6091
734 -33.0495 -71.6084
771 -33.0491 -71.6083
607 -33.0491 -71.6083
498 -33.049 -71.6083
68 -33.049 -71.6083
235 -33.049 -71.6083
417 -33.0489 -71.6083
125 -33.0488 -71.6083
233 -33.0487 -71.6083
690 -33.05 -71.6072
471 -33.0496 -71.6071
369 -33.0495 -71.6071
56 -33.0494 -71.6071
460 -33.0494 -71.6071
624 -33.0491 -71.607
365 -33.0491 -71.607
957 -33.0495 -71.6065
382 -33.0499 -71.6055
770 -33.0499 -71.6055
673 -33.0499 -71.6055
293 -33.0499 -71.6046
788 -33.0497 -71.6054
244 -33.0491 -71.6052
99 -33.0497 -71.6044
325 -33.0489 -71.6069
306 -33.0487 -71.6083
82 -33.0487 -71.6083
287 -33.0487 -71.6065
738 -33.0487 -71.6083
71 -33.0487 -71.6083
437 -33.0487 -71.6083
993 -33.0487 -71.6065
103 -33.0487 -71.6065
564 -33.0488 -71.6046
358 -33.0487 -71.6045
1 -33.0488 -71.6036
65 -33.0487 -71.6044
122 -33.0487 -71.6044
388 -33.0485 -71.6042
185 -33.0485 -71.6082
193 -33.0481 -71.6098
623 -33.0481 -71.6091
544 -33.0482 -71.6082
121 -33.047 -71.6098
47 -33.0467 -71.6098
28 -33.0468 -71.6098
650 -33.047 -71.6098
562 -33.048 -71.6082
625 -33.048 -71.6082
867 -33.0476 -71.6082
566 -33.0472 -71.6082
429 -33.0469 -71.6081
270 -33.0469 -71.6081
161 -33.0469 -71.6081
914 -33.0466 -71.6081
995 -33.0466 -71.6098
928 -33.046 -71.6098
663 -33.0461 -71.6098
344 -33.0462 -71.6098
824 -33.046 -71.6098
459 -33.0459 -71.6098
4 -33.0454 -71.6098
695 -33.0448 -71.6098
39 -33.0465 -71.6098
617 -33.0466 -71.6081
717 -33.0463 -71.6081
59 -33.0459 -71.6081
188 -33.0459 -71.608
568 -33.0459 -71.608
380 -33.0458 -71.608
618 -33.0457 -71.608
91 -33.0481 -71.6079
339 -33.0481 -71.6066
232 -33.0482 -71.6066
534 -33.0481 -71.6078
658 -33.0481 -71.6078
203 -33.0479 -71.6076
839 -33.048 -71.6067
975 -33.0484 -71.6066
628 -33.0484 -71.604
913 -33.0484 -71.6039
30 -33.0484 -71.6034
492 -33.0482 -71.6035
896 -33.0479 -71.604
826 -33.0482 -71.6039
800 -33.048 -71.6036
149 -33.0477 -71.6067
791 -33.0476 -71.6075
536 -33.0474 -71.6073
906 -33.0474 -71.6071
508 -33.0474 -71.607
162 -33.0447 -71.608
346 -33.0456 -71.6078
559 -33.0456 -71.6072
21 -33.0475 -71.6068
989 -33.0476 -71.6067
895 -33.0477 -71.6067
308 -33.0477 -71.6067
514 -33.0476 -71.6037
194 -33.0475 -71.6068
533 -33.0445 -71.6054
