455 -33.0594 -71.6167
754 -33.0596 -71.6166
301 -33.0599 -71.6165
760 -33.0592 -71.6168
456 -33.0589 -71.6169
271 -33.0591 -71.6168
619 -33.0591 -71.6168
978 -33.0617 -71.6158
475 -33.0626 -71.615
962 -33.0593 -71.615
726 -33.0592 -71.615
123 -33.0592 -71.6151
762 -33.0589 -71.6152
279 -33.0591 -71.6151
549 -33.0591 -71.6151
803 -33.0589 -71.6169
838 -33.0586 -71.6171
907 -33.0586 -71.6169
154 -33.0587 -71.6169
198 -33.0585 -71.6172
767 -33.0583 -71.6174
290 -33.0585 -71.6172
809 -33.0584 -71.6166
698 -33.0584 -71.6163
61 -33.0585 -71.6154
773 -33.0584 -71.6151
636 -33.0586 -71.6149
150 -33.0583 -71.6149
274 -33.0583 -71.6151
641 -33.0583 -71.6149
105 -33.0583 -71.6148
405 -33.0584 -71.6148
467 -33.0601 -71.6144
945 -33.0603 -71.6143
686 -33.0603 -71.6143
367 -33.06 -71.6144
127 -33.0599 -71.6144
189 -33.06 -71.6143
370 -33.0593 -71.6142
408 -33.0594 -71.6141
483 -33.0607 -71.6139
354 -33.0598 -71.6137
967 -33.0599 -71.6136
582 -33.0598 -71.6136
251 -33.0594 -71.6141
537 -33.0595 -71.614
407 -33.0596 -71.6138
255 -33.0591 -71.6144
269 -33.059 -71.6146
450 -33.0591 -71.6145
107 -33.0591 -71.6145
816 -33.0588 -71.6148
134 -33.0588 -71.6148
580 -33.0587 -71.6148
146 -33.0587 -71.6147
693 -33.0591 -71.6144
464 -33.0591 -71.6136
402 -33.0591 -71.6136
602 -33.0585 -71.6135
571 -33.0584 -71.6138
175 -33.0584 -71.6139
376 -33.0584 -71.6136
948 -33.0582 -71.6142
179 -33.058 -71.6177
466 -33.0582 -71.6175
446 -33.0582 -71.617
423 -33.0579 -71.617
495 -33.0579 -71.6178
166 -33.0579 -71.6177
403 -33.0579 -71.617
424 -33.0581 -71.615
488 -33.0581 -71.615
819 -33.058 -71.615
69 -33.0582 -71.615
373 -33.0579 -71.615
512 -33.0578 -71.6149
361 -33.0578 -71.6149
7 -33.0577 -71.6149
797 -33.0576 -71.6149
930 -33.0571 -71.6184
946 -33.057 -71.6183
908 -33.0572 -71.6183
487 -33.0569 -71.6183
614 -33.0568 -71.6183
727 -33.0568 -71.6183
393 -33.0566 -71.6182
262 -33.0573 -71.6182
431 -33.0575 -71.6181
448 -33.0575 -71.618
145 -33.0575 -71.617
506 -33.0574 -71.6151
611 -33.057 -71.6171
171 -33.0572 -71.617
730 -33.0573 -71.6149
992 -33.0566 -71.6148
216 -33.0574 -71.6144
476 -33.0581 -71.6144
89 -33.0575 -71.614
587 -33.0574 -71.6145
355 -33.0572 -71.6148
919 -33.0573 -71.6147
49 -33.0574 -71.6146
551 -33.0575 -71.614
389 -33.0579 -71.6139
442 -33.0581 -71.6136
212 -33.058 -71.6136
542 -33.0577 -71.6139
42 -33.0577 -71.6139
228 -33.0573 -71.6137
885 -33.0572 -71.6136
600 -33.0571 -71.6135
341 -33.0571 -71.6148
546 -33.057 -71.6148
713 -33.0568 -71.6147
775 -33.0567 -71.6147
812 -33.0566 -71.6148
377 -33.0567 -71.6148
711 -33.0567 -71.6148
292 -33.0568 -71.6147
761 -33.0569 -71.6147
434 -33.0569 -71.6147
844 -33.0568 -71.6147
254 -33.0568 -71.6147
117 -33.0568 -71.6147
973 -33.0568 -71.6147
881 -33.0581 -71.6135
994 -33.061 -71.6134
57 -33.0603 -71.613
751 -33.0604 -71.6129
413 -33.0602 -71.6132
679 -33.0597 -71.6128
927 -33.0598 -71.6128
480 -33.0599 -71.6128
12 -33.06 -71.6128
52 -33.0605 -71.6128
646 -33.0605 -71.6128
958 -33.0606 -71.6127
286 -33.0605 -71.6128
414 -33.06 -71.6128
733 -33.0602 -71.6128
452 -33.0603 -71.6128
351 -33.0597 -71.6128
950 -33.0591 -71.6134
822 -33.0589 -71.6133
916 -33.0589 -71.613
955 -33.0588 -71.6133
124 -33.0588 -71.6129
789 -33.0588 -71.6129
387 -33.0588 -71.6129
743 -33.0589 -71.6129
295 -33.0593 -71.6129
19 -33.0594 -71.6129
14 -33.0596 -71.6128
909 -33.0592 -71.6129
674 -33.059 -71.6129
303 -33.0592 -71.6127
20 -33.0589 -71.6127
642 -33.0606 -71.6127
118 -33.0627 -71.6121
561 -33.0616 -71.6121
976 -33.0624 -71.6121
531 -33.0613 -71.6122
238 -33.0613 -71.6122
501 -33.0613 -71.6122
747 -33.0613 -71.6122
420 -33.0628 -71.6121
482 -33.0625 -71.612
326 -33.063 -71.612
790 -33.0631 -71.6118
917 -33.0622 -71.612
297 -33.0617 -71.612
523 -33.0618 -71.612
579 -33.0621 -71.612
774 -33.0612 -71.6122
879 -33.0606 -71.6127
60 -33.0607 -71.6126
209 -33.0607 -71.6126
818 -33.0606 -71.6127
51 -33.0606 -71.6127
366 -33.0606 -71.6127
676 -33.0592 -71.6126
29 -33.0588 -71.6126
869 -33.0608 -71.6125
608 -33.0608 -71.6125
640 -33.0609 -71.6125
237 -33.0603 -71.6124
991 -33.0595 -71.6125
560 -33.0588 -71.6117
252 -33.0588 -71.6129
521 -33.0583 -71.6134
668 -33.0586 -71.6133
18 -33.0584 -71.613
160 -33.0583 -71.613
848 -33.0581 -71.6133
963 -33.0582 -71.6131
998 -33.0582 -71.613
310 -33.0583 -71.613
272 -33.0585 -71.613
577 -33.0588 -71.613
23 -33.0588 -71.6129
601 -33.0581 -71.613
347 -33.0581 -71.613
224 -33.0581 -71.613
603 -33.058 -71.613
386 -33.058 -71.613
204 -33.0571 -71.6135
40 -33.0574 -71.6135
591 -33.0576 -71.6134
211 -33.057 -71.6134
343 -33.057 -71.6134
593 -33.0568 -71.6133
734 -33.0567 -71.6133
421 -33.0566 -71.6133
986 -33.058 -71.613
742 -33.0579 -71.613
645 -33.0579 -71.6129
575 -33.0578 -71.6129
520 -33.0577 -71.6131
35 -33.0577 -71.6131
649 -33.0578 -71.6129
22 -33.0577 -71.6129
309 -33.0577 -71.6129
151 -33.0576 -71.6129
759 -33.0576 -71.6129
173 -33.0576 -71.6129
102 -33.0575 -71.6128
905 -33.0575 -71.6128
108 -33.0574 -71.6128
214 -33.0583 -71.6127
842 -33.0583 -71.6126
197 -33.0585 -71.6124
872 -33.0583 -71.6127
200 -33.0573 -71.6128
208 -33.0573 -71.6128
202 -33.0572 -71.6127
863 -33.0572 -71.6127
615 -33.0571 -71.6127
324 -33.057 -71.6127
70 -33.057 -71.6127
334 -33.057 -71.6126
837 -33.0568 -71.6126
801 -33.0568 -71.6126
607 -33.0567 -71.6125
227 -33.0567 -71.6125
661 -33.0567 -71.6125
87 -33.0567 -71.6125
771 -33.0566 -71.6125
498 -33.0566 -71.6125
877 -33.0566 -71.6125
725 -33.0566 -71.6125
891 -33.0566 -71.6149
128 -33.0564 -71.6182
327 -33.0564 -71.6182
830 -33.0564 -71.6182
504 -33.0564 -71.6181
703 -33.0562 -71.6181
597 -33.0562 -71.6181
66 -33.0557 -71.618
115 -33.0556 -71.6171
144 -33.0556 -71.6169
315 -33.0557 -71.6168
38 -33.0557 -71.6168
5 -33.0556 -71.6169
497 -33.0556 -71.617
226 -33.0556 -71.617
890 -33.0556 -71.617
647 -33.0556 -71.6171
961 -33.0553 -71.6179
999 -33.0553 -71.6177
313 -33.0553 -71.6176
53 -33.0553 -71.6178
697 -33.0551 -71.6179
364 -33.0552 -71.6178
904 -33.0552 -71.6178
859 -33.0554 -71.6175
85 -33.0556 -71.6172
412 -33.0556 -71.6172
796 -33.0556 -71.6171
142 -33.0556 -71.6172
940 -33.0554 -71.6174
176 -33.0555 -71.6173
550 -33.0555 -71.6173
111 -33.0557 -71.6168
585 -33.0563 -71.6166
177 -33.0562 -71.616
739 -33.0562 -71.616
148 -33.0562 -71.616
266 -33.0561 -71.6161
253 -33.0561 -71.6161
430 -33.0561 -71.616
100 -33.0562 -71.6159
93 -33.0562 -71.6159
340 -33.0561 -71.6158
399 -33.0561 -71.6158
116 -33.0561 -71.6157
795 -33.0561 -71.6157
835 -33.0561 -71.6157
831 -33.0561 -71.6156
385 -33.056 -71.616
260 -33.0558 -71.6164
250 -33.0558 -71.6164
17 -33.0558 -71.6164
678 -33.0557 -71.6165
500 -33.0557 -71.6166
852 -33.0557 -71.6166
163 -33.0557 -71.6165
632 -33.0559 -71.6163
756 -33.056 -71.616
783 -33.056 -71.6159
749 -33.0557 -71.6157
75 -33.0553 -71.6158
496 -33.0552 -71.6158
195 -33.0551 -71.6158
304 -33.0551 -71.6158
786 -33.0548 -71.6188
829 -33.0548 -71.6187
979 -33.0548 -71.6186
589 -33.0548 -71.6188
598 -33.0546 -71.6189
25 -33.0544 -71.6189
949 -33.0546 -71.6184
983 -33.0547 -71.6184
109 -33.055 -71.6181
217 -33.0551 -71.6179
479 -33.0551 -71.6178
130 -33.055 -71.6181
10 -33.0547 -71.6184
883 -33.0549 -71.6182
165 -33.0549 -71.6182
987 -33.0543 -71.6189
849 -33.0537 -71.6196
92 -33.0542 -71.6189
710 -33.0541 -71.6189
409 -33.0536 -71.6188
629 -33.0535 -71.6194
511 -33.0534 -71.6188
427 -33.0526 -71.6187
509 -33.0524 -71.6186
708 -33.0535 -71.6185
763 -33.0528 -71.6159
794 -33.0528 -71.6159
157 -33.0528 -71.6159
516 -33.0517 -71.6184
101 -33.0492 -71.6159
820 -33.0504 -71.6158
106 -33.0548 -71.6158
574 -33.0548 -71.6158
850 -33.0548 -71.6157
688 -33.0548 -71.6157
884 -33.0547 -71.6157
13 -33.0545 -71.6157
572 -33.0546 -71.6157
191 -33.0544 -71.6157
174 -33.0543 -71.6157
273 -33.0543 -71.6157
652 -33.0543 -71.6157
692 -33.0541 -71.6156
900 -33.054 -71.6156
712 -33.054 -71.6156
529 -33.0539 -71.6156
263 -33.0537 -71.6156
605 -33.0529 -71.6156
610 -33.0521 -71.6156
155 -33.0529 -71.6156
988 -33.0505 -71.6157
938 -33.0503 -71.6158
205 -33.0504 -71.6158
277 -33.0504 -71.6158
635 -33.0523 -71.6156
639 -33.053 -71.6156
453 -33.0536 -71.6156
239 -33.0536 -71.6155
644 -33.0516 -71.6156
911 -33.0514 -71.6156
764 -33.0513 -71.6156
320 -33.056 -71.6155
860 -33.056 -71.6155
787 -33.0562 -71.6151
545 -33.0563 -71.615
687 -33.056 -71.6155
880 -33.056 -71.6155
565 -33.056 -71.6154
323 -33.056 -71.6153
864 -33.0564 -71.615
210 -33.0566 -71.6149
235 -33.0566 -71.6125
265 -33.0565 -71.6124
892 -33.0565 -71.6149
547 -33.0565 -71.6149
721 -33.0565 -71.6149
68 -33.0562 -71.6131
185 -33.0558 -71.6131
659 -33.0555 -71.6155
181 -33.0554 -71.6131
625 -33.0553 -71.6131
91 -33.0553 -71.6131
24 -33.0552 -71.6153
964 -33.0551 -71.6153
494 -33.0548 -71.615
382 -33.0549 -71.613
203 -33.0553 -71.6124
996 -33.0554 -71.6124
623 -33.0551 -71.6124
867 -33.0549 -71.613
536 -33.0544 -71.6126
429 -33.0544 -71.6126
161 -33.0544 -71.6125
805 -33.0551 -71.6124
655 -33.0563 -71.6124
599 -33.0563 -71.6124
738 -33.0563 -71.6124
306 -33.0563 -71.6124
82 -33.0563 -71.6124
437 -33.0563 -71.6124
233 -33.0563 -71.6124
658 -33.0555 -71.6124
707 -33.056 -71.6123
201 -33.0559 -71.6123
942 -33.0559 -71.6123
392 -33.0559 -71.6123
275 -33.0556 -71.6123
562 -33.0556 -71.6123
902 -33.0558 -71.6123
534 -33.0555 -71.6124
186 -33.0551 -71.6124
588 -33.0549 -71.6124
449 -33.0554 -71.6124
791 -33.0548 -71.6124
666 -33.0548 -71.6124
638 -33.0547 -71.6124
566 -33.0546 -71.6124
270 -33.0545 -71.6123
33 -33.0544 -71.6123
717 -33.0544 -71.6122
188 -33.0543 -71.6119
59 -33.0543 -71.6119
906 -33.0543 -71.6123
568 -33.0543 -71.6119
508 -33.0543 -71.6123
416 -33.0534 -71.6155
573 -33.0533 -71.6155
353 -33.0538 -71.6144
889 -33.0532 -71.6155
170 -33.0532 -71.6155
113 -33.053 -71.6155
333 -33.053 -71.6155
54 -33.0534 -71.6142
972 -33.0508 -71.6131
793 -33.0507 -71.6131
827 -33.0499 -71.6129
9 -33.0499 -71.6129
485 -33.0496 -71.6133
493 -33.0497 -71.6132
583 -33.0497 -71.6131
935 -33.0496 -71.6133
735 -33.0495 -71.6142
222 -33.0495 -71.6141
633 -33.0495 -71.614
696 -33.0495 -71.6142
139 -33.0494 -71.6143
322 -33.0494 -71.6143
802 -33.0494 -71.6143
447 -33.0495 -71.6138
360 -33.0496 -71.6136
34 -33.0496 -71.6135
80 -33.0496 -71.6134
718 -33.0496 -71.6138
784 -33.0487 -71.6131
220 -33.0487 -71.6131
732 -33.0497 -71.6129
617 -33.0542 -71.6123
914 -33.0542 -71.6123
683 -33.0539 -71.6122
758 -33.0532 -71.6121
44 -33.0531 -71.6121
851 -33.0524 -71.6121
862 -33.0513 -71.6119
314 -33.0516 -71.6118
380 -33.0542 -71.6118
618 -33.0542 -71.6117
31 -33.0526 -71.6117
834 -33.0519 -71.6118
855 -33.0517 -71.6118
660 -33.0517 -71.6118
394 -33.0517 -71.6118
604 -33.0511 -71.6125
901 -33.0511 -71.6127
348 -33.0511 -71.6126
81 -33.0511 -71.6126
553 -33.0511 -71.6128
982 -33.0488 -71.6128
484 -33.0497 -71.6128
939 -33.0497 -71.6127
755 -33.0498 -71.6125
722 -33.0498 -71.6122
152 -33.0498 -71.6122
530 -33.0499 -71.6121
55 -33.0498 -71.6124
88 -33.0489 -71.6123
643 -33.049 -71.6118
77 -33.0526 -71.6116
576 -33.0619 -71.6111
43 -33.0618 -71.611
63 -33.0621 -71.6095
474 -33.0618 -71.6108
903 -33.0613 -71.61
581 -33.0611 -71.6098
934 -33.061 -71.6095
499 -33.0611 -71.6093
79 -33.0611 -71.6093
677 -33.0622 -71.6091
400 -33.0612 -71.6089
469 -33.061 -71.6093
11 -33.061 -71.6093
335 -33.061 -71.6091
700 -33.0609 -71.6089
463 -33.0608 -71.61
627 -33.0595 -71.6116
307 -33.0596 -71.6116
368 -33.0598 -71.6116
876 -33.0595 -71.6115
298 -33.0593 -71.6116
563 -33.0593 -71.6116
259 -33.0589 -71.6112
748 -33.0589 -71.6112
26 -33.0598 -71.6104
72 -33.0608 -71.6097
970 -33.0608 -71.6096
866 -33.0596 -71.6098
305 -33.0595 -71.6109
886 -33.0594 -71.6107
362 -33.0589 -71.6095
626 -33.0586 -71.6089
473 -33.0609 -71.6088
672 -33.0619 -71.6086
461 -33.061 -71.6086
285 -33.0609 -71.6088
705 -33.0608 -71.6088
225 -33.0607 -71.6087
858 -33.0607 -71.6086
438 -33.0607 -71.6086
740 -33.0606 -71.6085
422 -33.0606 -71.6085
419 -33.0618 -71.6081
282 -33.0605 -71.6085
944 -33.0604 -71.6084
478 -33.0604 -71.6084
918 -33.0603 -71.6083
219 -33.0603 -71.6083
332 -33.0602 -71.6083
878 -33.0602 -71.6082
723 -33.0602 -71.6082
138 -33.0601 -71.6088
2 -33.0587 -71.6088
132 -33.06 -71.6088
73 -33.0594 -71.6088
810 -33.0598 -71.6082
489 -33.0601 -71.6082
715 -33.0601 -71.6081
470 -33.06 -71.6081
458 -33.06 -71.6081
664 -33.0599 -71.608
156 -33.0599 -71.608
657 -33.0586 -71.6101
606 -33.0583 -71.6113
190 -33.0585 -71.6113
558 -33.0584 -71.6106
187 -33.0582 -71.6113
765 -33.058 -71.6116
15 -33.058 -71.6115
569 -33.0579 -71.6113
97 -33.0581 -71.6105
454 -33.0582 -71.609
236 -33.0583 -71.6085
856 -33.0582 -71.6084
294 -33.0578 -71.6082
736 -33.0578 -71.6082
325 -33.0578 -71.6082
229 -33.0578 -71.6082
199 -33.0578 -71.6082
510 -33.0577 -71.6107
681 -33.0577 -71.6102
384 -33.0577 -71.6102
540 -33.0575 -71.6103
415 -33.0573 -71.61
706 -33.0572 -71.61
861 -33.0571 -71.6099
821 -33.057 -71.6098
874 -33.0576 -71.6088
535 -33.0575 -71.6088
788 -33.0578 -71.6082
745 -33.0571 -71.6095
143 -33.0569 -71.6098
268 -33.057 -71.6095
321 -33.0578 -71.6082
71 -33.058 -71.6081
192 -33.058 -71.6081
624 -33.0581 -71.6081
243 -33.058 -71.6082
882 -33.058 -71.6082
997 -33.0575 -71.6081
675 -33.0575 -71.6081
556 -33.0575 -71.6081
369 -33.0584 -71.608
56 -33.0584 -71.608
752 -33.0585 -71.608
653 -33.0584 -71.608
365 -33.0581 -71.6081
832 -33.0582 -71.608
741 -33.0584 -71.608
811 -33.0575 -71.6081
375 -33.0575 -71.6081
395 -33.0574 -71.6081
287 -33.0574 -71.6081
103 -33.0573 -71.6081
993 -33.0573 -71.6081
244 -33.0572 -71.608
737 -33.0571 -71.608
371 -33.057 -71.608
242 -33.0569 -71.608
257 -33.0569 -71.608
232 -33.0569 -71.608
339 -33.0568 -71.608
215 -33.0568 -71.608
813 -33.0568 -71.608
350 -33.0598 -71.608
592 -33.0606 -71.6077
833 -33.0606 -71.6077
977 -33.0617 -71.6073
662 -33.0604 -71.6077
62 -33.0598 -71.6079
888 -33.0601 -71.6078
753 -33.0601 -71.6077
46 -33.0601 -71.6072
808 -33.0612 -71.6068
441 -33.0634 -71.6065
159 -33.0609 -71.6065
300 -33.0606 -71.6068
912 -33.0602 -71.6072
281 -33.0602 -71.607
772 -33.06 -71.6066
557 -33.0597 -71.6077
528 -33.059 -71.6079
94 -33.0595 -71.6077
532 -33.0595 -71.6077
137 -33.059 -71.6077
846 -33.0589 -71.6079
328 -33.0589 -71.6077
690 -33.059 -71.6077
746 -33.0595 -71.6077
923 -33.0591 -71.6077
381 -33.0596 -71.6076
378 -33.0592 -71.6068
280 -33.0591 -71.6075
183 -33.0591 -71.6077
952 -33.0591 -71.6077
158 -33.0589 -71.6065
32 -33.0591 -71.6065
291 -33.0627 -71.6058
147 -33.0625 -71.6058
870 -33.0625 -71.6057
925 -33.0607 -71.6064
83 -33.0601 -71.6063
129 -33.0601 -71.6063
857 -33.0604 -71.6057
922 -33.0605 -71.6057
331 -33.0623 -71.6056
112 -33.0621 -71.6053
90 -33.0618 -71.6051
924 -33.0615 -71.6049
491 -33.061 -71.6055
296 -33.0612 -71.6049
78 -33.0604 -71.6046
769 -33.0601 -71.606
261 -33.0596 -71.6063
622 -33.0597 -71.6063
843 -33.0598 -71.6063
954 -33.0594 -71.6064
873 -33.0593 -71.6064
527 -33.0592 -71.6063
513 -33.0591 -71.6063
525 -33.059 -71.6063
311 -33.06 -71.6062
825 -33.0599 -71.6062
411 -33.0599 -71.6062
620 -33.0594 -71.6044
221 -33.0591 -71.6054
169 -33.0593 -71.6044
468 -33.0589 -71.6078
502 -33.0586 -71.6079
471 -33.0586 -71.6079
757 -33.0586 -71.6079
981 -33.0586 -71.6079
785 -33.0585 -71.6079
966 -33.0585 -71.6079
398 -33.0586 -71.6079
167 -33.0587 -71.6079
836 -33.0588 -71.6078
714 -33.0588 -71.6078
929 -33.0589 -71.6078
126 -33.0585 -71.6071
671 -33.0583 -71.6076
704 -33.0582 -71.6075
110 -33.0584 -71.6073
182 -33.058 -71.6077
319 -33.0577 -71.6076
390 -33.0573 -71.6075
613 -33.0577 -71.6073
230 -33.0571 -71.607
8 -33.057 -71.607
670 -33.0571 -71.607
276 -33.0571 -71.607
120 -33.0572 -71.6069
16 -33.0577 -71.6068
125 -33.0579 -71.6068
505 -33.0578 -71.6068
172 -33.0576 -71.6068
544 -33.0572 -71.6069
782 -33.0572 -71.6069
845 -33.0578 -71.6068
555 -33.0587 -71.6066
951 -33.0586 -71.6066
223 -33.0585 -71.6062
980 -33.0584 -71.6067
404 -33.0581 -71.6067
168 -33.0584 -71.6067
840 -33.0584 -71.6062
136 -33.0582 -71.6059
196 -33.0587 -71.6051
937 -33.0586 -71.6051
293 -33.0586 -71.6041
99 -33.0585 -71.6042
984 -33.0583 -71.6058
256 -33.0583 -71.6048
595 -33.0581 -71.6047
990 -33.058 -71.6062
417 -33.0579 -71.6068
669 -33.058 -71.6068
349 -33.058 -71.6067
284 -33.0579 -71.6068
357 -33.0574 -71.6067
503 -33.0578 -71.6066
472 -33.0575 -71.6061
460 -33.0574 -71.6059
477 -33.058 -71.6059
316 -33.0577 -71.6058
957 -33.0577 -71.6046
768 -33.0576 -71.6049
98 -33.0575 -71.6051
1 -33.0574 -71.6048
839 -33.0567 -71.608
372 -33.0554 -71.6104
391 -33.0563 -71.6101
141 -33.0567 -71.61
517 -33.0549 -71.6104
915 -33.0546 -71.6105
336 -33.0547 -71.6104
744 -33.0549 -71.6103
815 -33.0564 -71.6096
673 -33.056 -71.6095
358 -33.056 -71.6087
65 -33.056 -71.6086
770 -33.056 -71.6095
931 -33.056 -71.6095
433 -33.056 -71.6095
975 -33.0558 -71.6092
621 -33.0542 -71.6105
346 -33.054 -71.6114
74 -33.0539 -71.6112
27 -33.0538 -71.6111
133 -33.0538 -71.6113
401 -33.0536 -71.6114
345 -33.0537 -71.6113
559 -33.0537 -71.6111
278 -33.0538 -71.6111
894 -33.0537 -71.6105
180 -33.054 -71.6105
995 -33.0541 -71.6105
766 -33.0536 -71.6085
920 -33.0535 -71.6105
817 -33.0536 -71.6085
750 -33.0536 -71.6085
379 -33.0537 -71.6085
684 -33.0546 -71.6085
928 -33.0545 -71.6085
663 -33.0545 -71.6085
330 -33.0545 -71.6085
356 -33.0544 -71.6085
824 -33.0544 -71.6085
95 -33.0544 -71.6085
451 -33.0544 -71.6085
895 -33.056 -71.6085
459 -33.0543 -71.6085
943 -33.0546 -71.6085
969 -33.0543 -71.6085
3 -33.0543 -71.6085
246 -33.0542 -71.6085
814 -33.0542 -71.6085
841 -33.0542 -71.6085
486 -33.0542 -71.6085
162 -33.0541 -71.6085
702 -33.0541 -71.6085
798 -33.0541 -71.6085
249 -33.0541 -71.6085
898 -33.054 -71.6085
524 -33.054 -71.6085
288 -33.054 -71.6085
865 -33.0539 -71.6085
338 -33.054 -71.6085
974 -33.0539 -71.6085
4 -33.0538 -71.6085
539 -33.0535 -71.6085
439 -33.0535 -71.6085
526 -33.0535 -71.6085
780 -33.0529 -71.6116
337 -33.0531 -71.6115
541 -33.0509 -71.6102
631 -33.0509 -71.6102
436 -33.0509 -71.6102
84 -33.0508 -71.6102
36 -33.0508 -71.6102
854 -33.0509 -71.6102
778 -33.0509 -71.6102
586 -33.051 -71.6101
519 -33.051 -71.6101
868 -33.0507 -71.6102
50 -33.0506 -71.6102
941 -33.0504 -71.6102
897 -33.0504 -71.6102
213 -33.0504 -71.6102
383 -33.05 -71.6112
799 -33.05 -71.611
48 -33.0501 -71.6109
694 -33.05 -71.6113
716 -33.05 -71.6113
968 -33.0496 -71.6112
724 -33.0492 -71.6112
933 -33.0501 -71.6108
140 -33.0503 -71.6102
318 -33.0503 -71.6101
853 -33.0502 -71.6101
206 -33.0502 -71.6103
283 -33.0501 -71.6108
440 -33.0501 -71.6105
218 -33.0511 -71.61
418 -33.052 -71.609
231 -33.052 -71.609
807 -33.052 -71.6089
823 -33.052 -71.609
590 -33.052 -71.6091
701 -33.052 -71.6091
119 -33.052 -71.609
634 -33.052 -71.6089
425 -33.0521 -71.6086
178 -33.0521 -71.6085
164 -33.0535 -71.6085
828 -33.0521 -71.6086
457 -33.052 -71.6089
956 -33.052 -71.6088
481 -33.0521 -71.6086
234 -33.052 -71.6091
374 -33.0514 -71.6097
515 -33.0514 -71.6097
462 -33.0515 -71.6096
432 -33.0514 -71.6097
960 -33.0512 -71.6099
612 -33.0512 -71.6099
302 -33.0514 -71.6097
648 -33.0516 -71.6095
0 -33.0518 -71.6093
728 -33.0518 -71.6093
680 -33.0519 -71.6091
637 -33.0518 -71.6093
538 -33.0517 -71.6095
435 -33.0501 -71.6091
363 -33.0521 -71.6085
731 -33.0565 -71.608
989 -33.0564 -71.608
122 -33.0563 -71.608
397 -33.0563 -71.608
388 -33.0559 -71.6084
245 -33.0563 -71.608
720 -33.0563 -71.608
806 -33.0563 -71.608
691 -33.0563 -71.608
308 -33.0562 -71.608
21 -33.0562 -71.6079
887 -33.0562 -71.6079
194 -33.0561 -71.6079
893 -33.0554 -71.6079
299 -33.056 -71.6079
896 -33.0554 -71.608
135 -33.0551 -71.6082
28 -33.0551 -71.6082
490 -33.0552 -71.6081
47 -33.0551 -71.6082
37 -33.055 -71.6083
594 -33.055 -71.6083
953 -33.055 -71.6082
609 -33.0552 -71.6081
650 -33.0553 -71.608
965 -33.0554 -71.608
959 -33.0554 -71.608
445 -33.0553 -71.608
800 -33.0553 -71.608
104 -33.0553 -71.608
689 -33.0553 -71.608
875 -33.056 -71.6079
554 -33.056 -71.6079
682 -33.056 -71.6079
193 -33.0563 -71.6075
628 -33.056 -71.6075
264 -33.056 -71.6079
410 -33.056 -71.6079
871 -33.0559 -71.6079
247 -33.0562 -71.6075
910 -33.0567 -71.6072
30 -33.0567 -71.6045
406 -33.0566 -71.6045
826 -33.0566 -71.6045
578 -33.0564 -71.6074
267 -33.0564 -71.6074
564 -33.0564 -71.6073
67 -33.0559 -71.6076
913 -33.0559 -71.6079
359 -33.0558 -71.6079
921 -33.0558 -71.6079
616 -33.0555 -71.6079
41 -33.0554 -71.6079
552 -33.0555 -71.6079
492 -33.0555 -71.6079
667 -33.0558 -71.6079
289 -33.0557 -71.6078
184 -33.0557 -71.6077
149 -33.0559 -71.6043
6 -33.0557 -71.6077
567 -33.0557 -71.6077
776 -33.0551 -71.6049
39 -33.0549 -71.6083
936 -33.0547 -71.6084
344 -33.0547 -71.6084
114 -33.0547 -71.6084
396 -33.0547 -71.6085
352 -33.0547 -71.6085
131 -33.0547 -71.6085
317 -33.0534 -71.6085
543 -33.0548 -71.6084
426 -33.0548 -71.6084
443 -33.0548 -71.6084
45 -33.0549 -71.6083
699 -33.0548 -71.6084
584 -33.0548 -71.6084
926 -33.0548 -71.6084
514 -33.0548 -71.6084
932 -33.0533 -71.6085
465 -33.0533 -71.6084
695 -33.0533 -71.6084
258 -33.0532 -71.6084
985 -33.0532 -71.6084
153 -33.0521 -71.6085
240 -33.0521 -71.6084
64 -33.0522 -71.6084
428 -33.0532 -71.6084
58 -33.0531 -71.6084
651 -33.0531 -71.6084
656 -33.0529 -71.6083
654 -33.0522 -71.6083
248 -33.0513 -71.6084
971 -33.0514 -71.6083
630 -33.0549 -71.6083
777 -33.0549 -71.6083
570 -33.0549 -71.6083
342 -33.0529 -71.6083
312 -33.0529 -71.6083
329 -33.0528 -71.6083
719 -33.0528 -71.6083
779 -33.0528 -71.6083
241 -33.0528 -71.6083
507 -33.0538 -71.606
781 -33.0542 -71.6055
121 -33.0543 -71.6054
729 -33.0535 -71.6063
96 -33.0527 -71.6082
792 -33.0534 -71.6063
533 -33.0528 -71.6047
596 -33.0527 -71.6082
947 -33.0527 -71.6082
804 -33.0526 -71.6082
518 -33.0525 -71.6082
685 -33.0525 -71.6082
847 -33.0522 -71.6083
86 -33.0524 -71.6081
76 -33.0522 -71.6081
522 -33.0523 -71.6081
548 -33.0523 -71.6081
709 -33.0523 -71.6081
665 -33.0523 -71.6081
207 -33.0522 -71.6081
444 -33.0522 -71.6081
899 -33.052 -71.608
