754 -33.0586 -71.6172
301 -33.0589 -71.6169
978 -33.0606 -71.6162
698 -33.0585 -71.6172
455 -33.0584 -71.6173
619 -33.0584 -71.6163
549 -33.0583 -71.616
475 -33.0624 -71.6154
367 -33.059 -71.6151
467 -33.0591 -71.6151
189 -33.0591 -71.6151
127 -33.059 -71.6151
962 -33.0585 -71.6152
726 -33.0584 -71.6151
123 -33.0584 -71.6151
279 -33.0583 -71.6151
803 -33.058 -71.6177
456 -33.058 -71.6176
271 -33.0582 -71.6175
838 -33.0577 -71.6179
767 -33.0574 -71.6181
290 -33.0576 -71.618
198 -33.0576 -71.618
809 -33.0583 -71.6174
760 -33.0583 -71.6174
154 -33.0583 -71.6158
636 -33.0582 -71.615
693 -33.0581 -71.615
907 -33.0575 -71.6171
762 -33.0581 -71.615
269 -33.058 -71.615
107 -33.0582 -71.615
686 -33.0593 -71.615
407 -33.0588 -71.6147
537 -33.0586 -71.6147
251 -33.0586 -71.6147
255 -33.0583 -71.6149
370 -33.0585 -71.6148
408 -33.0585 -71.6148
450 -33.059 -71.6146
945 -33.0603 -71.6143
483 -33.0606 -71.614
994 -33.0603 -71.614
57 -33.0596 -71.6139
582 -33.059 -71.6145
413 -33.0594 -71.6141
175 -33.0584 -71.6139
948 -33.0582 -71.6142
816 -33.0578 -71.6149
134 -33.0577 -71.6149
476 -33.0581 -71.6144
580 -33.0577 -71.6149
146 -33.0577 -71.6149
61 -33.0576 -71.6149
512 -33.0575 -71.6141
376 -33.0575 -71.6141
602 -33.0575 -71.6139
389 -33.0579 -71.6139
955 -33.0578 -71.6139
520 -33.0575 -71.6139
7 -33.0575 -71.614
797 -33.0575 -71.614
881 -33.0574 -71.6142
179 -33.057 -71.6183
166 -33.0569 -71.6183
466 -33.0573 -71.6182
495 -33.0569 -71.6183
448 -33.0565 -71.6182
431 -33.0565 -71.6182
262 -33.0563 -71.6181
403 -33.057 -71.6172
423 -33.057 -71.6171
446 -33.0571 -71.617
145 -33.0568 -71.6169
171 -33.0565 -71.6167
611 -33.0563 -71.6164
545 -33.0562 -71.616
864 -33.0562 -71.6159
721 -33.0562 -71.6159
908 -33.0561 -71.6181
930 -33.0561 -71.618
787 -33.0561 -71.616
946 -33.0559 -71.618
487 -33.0558 -71.618
614 -33.0557 -71.618
323 -33.0559 -71.6163
892 -33.0562 -71.6158
547 -33.0561 -71.6158
210 -33.0561 -71.6157
891 -33.0561 -71.6157
812 -33.0561 -71.6156
992 -33.0561 -71.6156
711 -33.056 -71.6155
775 -33.056 -71.6155
377 -33.056 -71.6155
105 -33.0574 -71.6149
405 -33.0574 -71.6149
773 -33.0573 -71.6149
150 -33.0573 -71.6148
542 -33.0572 -71.6148
42 -33.0572 -71.6148
641 -33.0572 -71.6148
361 -33.0572 -71.6148
274 -33.0573 -71.6147
424 -33.0574 -71.6144
442 -33.0574 -71.6143
69 -33.0571 -71.6148
488 -33.0569 -71.6147
373 -33.0568 -71.6147
819 -33.0569 -71.6147
587 -33.0566 -71.6148
713 -33.056 -71.6155
292 -33.056 -71.6155
973 -33.056 -71.6155
117 -33.056 -71.6155
844 -33.0559 -71.6154
254 -33.0559 -71.6154
434 -33.0559 -71.6153
761 -33.0559 -71.6153
730 -33.0562 -71.6151
919 -33.0564 -71.615
216 -33.0566 -71.6149
355 -33.0562 -71.6151
341 -33.056 -71.6153
546 -33.056 -71.6152
506 -33.0575 -71.6138
354 -33.0598 -71.6137
60 -33.0599 -71.6135
869 -33.06 -71.6134
879 -33.0598 -71.6136
286 -33.0597 -71.6137
646 -33.0597 -71.6137
818 -33.0598 -71.6136
608 -33.06 -71.6134
774 -33.0603 -71.613
531 -33.0604 -71.6129
501 -33.0604 -71.6129
640 -33.06 -71.6134
452 -33.0592 -71.6129
19 -33.0594 -71.6129
52 -33.0594 -71.6129
733 -33.0591 -71.6129
464 -33.0591 -71.6136
402 -33.059 -71.6134
950 -33.0591 -71.6134
668 -33.0586 -71.6133
571 -33.0583 -71.6137
822 -33.0585 -71.6136
521 -33.0583 -71.6134
29 -33.0584 -71.613
124 -33.0588 -71.6129
480 -33.0588 -71.6129
12 -33.0589 -71.6129
927 -33.0587 -71.613
14 -33.0585 -71.613
351 -33.0585 -71.613
679 -33.0586 -71.613
958 -33.0595 -71.6128
579 -33.0611 -71.6123
917 -33.0611 -71.6122
747 -33.0613 -71.6122
523 -33.0607 -71.6126
238 -33.0603 -71.6128
561 -33.0607 -71.6126
297 -33.0607 -71.6126
976 -33.0614 -71.6122
420 -33.0617 -71.612
326 -33.0619 -71.612
790 -33.062 -71.612
43 -33.0616 -71.6121
482 -33.0614 -71.6122
576 -33.0615 -71.6121
118 -33.0615 -71.6121
967 -33.0602 -71.6128
642 -33.0595 -71.6128
51 -33.0596 -71.6128
209 -33.0597 -71.6128
366 -33.0595 -71.6128
627 -33.0595 -71.6128
307 -33.0595 -71.6128
751 -33.0595 -71.6128
414 -33.06 -71.6128
237 -33.0601 -71.6128
991 -33.0595 -71.6125
305 -33.0595 -71.6123
20 -33.0589 -71.6127
214 -33.0583 -71.6127
842 -33.0583 -71.6126
872 -33.0583 -71.6127
18 -33.0582 -71.613
295 -33.0582 -71.613
676 -33.0583 -71.613
303 -33.0582 -71.613
743 -33.0581 -71.6138
963 -33.0582 -71.6131
35 -33.0577 -71.6131
197 -33.0582 -71.613
909 -33.0581 -71.613
674 -33.0579 -71.6129
765 -33.0582 -71.6129
848 -33.0579 -71.6129
916 -33.0578 -71.6129
789 -33.0577 -71.6129
23 -33.0577 -71.6129
387 -33.0577 -71.6129
49 -33.0571 -71.6135
40 -33.0574 -71.6135
591 -33.0576 -71.6134
212 -33.0569 -71.6134
551 -33.0566 -71.6132
89 -33.0566 -71.6132
343 -33.0559 -71.6131
211 -33.056 -71.6131
228 -33.0563 -71.6131
252 -33.0576 -71.6129
577 -33.0576 -71.6129
885 -33.0561 -71.6131
204 -33.056 -71.6131
600 -33.0561 -71.6131
173 -33.0576 -71.6129
272 -33.0574 -71.6128
15 -33.0582 -71.6128
310 -33.0572 -71.6128
160 -33.0572 -71.6127
998 -33.0572 -71.6127
649 -33.0571 -71.6127
601 -33.057 -71.6127
347 -33.057 -71.6127
224 -33.057 -71.6127
603 -33.057 -71.6127
386 -33.0569 -71.6126
986 -33.0569 -71.6126
742 -33.0569 -71.6126
645 -33.0568 -71.6126
575 -33.0567 -71.6125
309 -33.0567 -71.6125
22 -33.0566 -71.6125
151 -33.0566 -71.6125
759 -33.0565 -71.6125
102 -33.0565 -71.6124
905 -33.0564 -71.6124
108 -33.0563 -71.6124
208 -33.0562 -71.6124
200 -33.0562 -71.6124
202 -33.0561 -71.6123
863 -33.0561 -71.6123
615 -33.0561 -71.6123
324 -33.0559 -71.6123
334 -33.0559 -71.6123
70 -33.0559 -71.6123
837 -33.0557 -71.6123
727 -33.0557 -71.618
497 -33.055 -71.6179
393 -33.0555 -71.6179
890 -33.055 -71.6179
115 -33.055 -71.618
647 -33.055 -71.618
226 -33.055 -71.6179
597 -33.0551 -71.6179
128 -33.0554 -71.6179
327 -33.0553 -71.6179
830 -33.0553 -71.6179
504 -33.0553 -71.6178
5 -33.0551 -71.6179
703 -33.0551 -71.6179
144 -33.0552 -71.6178
796 -33.055 -71.618
53 -33.0548 -71.6188
961 -33.0548 -71.6188
313 -33.0548 -71.6186
697 -33.0546 -71.6189
849 -33.0546 -71.6203
479 -33.0546 -71.6189
217 -33.0546 -71.6189
940 -33.0549 -71.6185
85 -33.055 -71.6181
142 -33.055 -71.6181
412 -33.055 -71.6181
550 -33.0549 -71.6183
859 -33.0547 -71.6184
176 -33.0549 -71.6184
66 -33.0549 -71.6183
38 -33.0552 -71.6178
177 -33.0556 -71.617
399 -33.0557 -71.6168
340 -33.0557 -71.6168
253 -33.0556 -71.6172
17 -33.0554 -71.6174
632 -33.0555 -71.6173
266 -33.0556 -71.6172
116 -33.0557 -71.6167
687 -33.0557 -71.6165
880 -33.0557 -71.6164
585 -33.0557 -71.6156
831 -33.0557 -71.6166
565 -33.0557 -71.6159
860 -33.0556 -71.6159
320 -33.0556 -71.6159
250 -33.0554 -71.6175
163 -33.0553 -71.6177
678 -33.0554 -71.6176
260 -33.0554 -71.6175
500 -33.0553 -71.6177
315 -33.0552 -71.6178
111 -33.0552 -71.6178
852 -33.0553 -71.6177
795 -33.0554 -71.6158
93 -33.0552 -71.6158
148 -33.0551 -71.6158
430 -33.055 -71.6158
385 -33.0549 -71.6158
756 -33.0549 -71.6158
783 -33.0549 -71.6158
999 -33.0546 -71.6184
629 -33.0545 -71.6201
109 -33.0544 -71.6189
883 -33.0543 -71.6189
409 -33.054 -71.6198
979 -33.0539 -71.6189
829 -33.0538 -71.6188
598 -33.0535 -71.6188
786 -33.0537 -71.6188
130 -33.054 -71.6184
364 -33.0544 -71.6184
904 -33.0544 -71.6184
165 -33.0539 -71.6184
589 -33.0537 -71.6188
10 -33.0536 -71.6185
983 -33.0535 -71.6185
25 -33.0535 -71.6192
710 -33.0535 -71.6194
92 -33.0535 -71.6194
987 -33.0535 -71.6193
949 -33.0535 -71.6185
708 -33.0526 -71.6187
511 -33.0523 -71.6186
427 -33.0515 -71.6184
509 -33.0513 -71.6183
516 -33.0507 -71.618
938 -33.0495 -71.6162
277 -33.0495 -71.6162
820 -33.0495 -71.6162
101 -33.0488 -71.6172
205 -33.0495 -71.6162
988 -33.0496 -71.616
453 -33.0528 -71.6159
263 -33.0528 -71.6159
529 -33.0529 -71.6157
239 -33.0527 -71.6159
416 -33.0525 -71.6157
573 -33.0524 -71.6157
889 -33.0524 -71.6157
75 -33.0542 -71.6156
496 -33.0541 -71.6156
195 -33.054 -71.6156
304 -33.054 -71.6156
574 -33.0537 -71.6156
712 -33.0529 -71.6156
900 -33.053 -71.6156
106 -33.0537 -71.6156
170 -33.0524 -71.6156
911 -33.0505 -71.6157
113 -33.0522 -71.6157
333 -33.0522 -71.6157
764 -33.0504 -71.6158
139 -33.0492 -71.6157
802 -33.0492 -71.6157
322 -33.0492 -71.6156
639 -33.0521 -71.6156
155 -33.052 -71.6156
605 -33.052 -71.6156
763 -33.0518 -71.6156
794 -33.0518 -71.6156
157 -33.0517 -71.6156
635 -33.0512 -71.6156
850 -33.0537 -71.6156
421 -33.0555 -71.6131
734 -33.0556 -71.6131
593 -33.0557 -71.6131
835 -33.0555 -71.6155
739 -33.0553 -71.6154
100 -33.0552 -71.6153
68 -33.0551 -71.6131
599 -33.0552 -71.6124
655 -33.0552 -71.6124
437 -33.0552 -71.6124
265 -33.0554 -71.6124
82 -33.0552 -71.6124
738 -33.0552 -71.6124
233 -33.0552 -71.6124
306 -33.0551 -71.6124
707 -33.0548 -71.6124
749 -33.0547 -71.615
659 -33.0545 -71.6149
24 -33.0542 -71.6147
688 -33.0536 -71.6156
884 -33.0536 -71.6156
13 -33.0534 -71.6155
572 -33.0534 -71.6155
964 -33.0542 -71.6146
185 -33.0548 -71.6128
942 -33.0548 -71.6124
201 -33.0548 -71.6124
181 -33.0544 -71.6125
494 -33.0538 -71.6144
625 -33.0544 -71.6125
91 -33.0544 -71.6125
392 -33.0547 -71.6124
498 -33.0555 -71.6124
771 -33.0555 -71.6124
87 -33.0556 -71.6123
725 -33.0555 -71.6124
902 -33.0547 -71.6124
235 -33.0555 -71.6124
877 -33.0555 -71.6124
227 -33.0556 -71.6123
661 -33.0556 -71.6123
607 -33.0556 -71.6123
801 -33.0557 -71.6123
562 -33.0545 -71.6123
275 -33.0544 -71.6123
658 -33.0544 -71.6123
791 -33.0545 -71.6121
566 -33.0544 -71.612
449 -33.0543 -71.6123
534 -33.0543 -71.6123
996 -33.0542 -71.6123
867 -33.0542 -71.6122
203 -33.0541 -71.6123
623 -33.0542 -71.6122
382 -33.0542 -71.6122
805 -33.054 -71.6122
186 -33.054 -71.6122
536 -33.0543 -71.6119
429 -33.0543 -71.6119
588 -33.0538 -71.6122
638 -33.0537 -71.6122
666 -33.0537 -71.6122
191 -33.0533 -71.6155
174 -33.0532 -71.6155
273 -33.0532 -71.6155
652 -33.0532 -71.6155
692 -33.053 -71.6155
610 -33.051 -71.6156
644 -33.0505 -71.6155
583 -33.0494 -71.6143
484 -33.0495 -71.6142
353 -33.0528 -71.6137
55 -33.0496 -71.6137
722 -33.0496 -71.6136
755 -33.0495 -71.6138
732 -33.0495 -71.6141
9 -33.0495 -71.6141
939 -33.0495 -71.614
493 -33.0494 -71.6145
447 -33.0493 -71.6151
718 -33.0493 -71.6151
360 -33.0493 -71.6149
633 -33.0493 -71.6153
696 -33.0492 -71.6155
735 -33.0492 -71.6155
222 -33.0493 -71.6154
34 -33.0494 -71.6147
80 -33.0494 -71.6146
485 -33.0494 -71.6146
935 -33.0494 -71.6146
982 -33.0484 -71.6141
784 -33.0484 -71.6144
220 -33.0484 -71.6144
54 -33.0525 -71.6135
862 -33.0511 -71.6131
314 -33.0511 -71.6127
855 -33.0511 -71.6126
604 -33.0505 -71.613
901 -33.0504 -71.613
348 -33.0504 -71.613
81 -33.0504 -71.613
660 -33.0511 -71.6126
33 -33.0532 -71.6121
683 -33.0528 -71.6121
758 -33.0521 -71.612
44 -33.052 -71.612
394 -33.0511 -71.6125
834 -33.0511 -71.6123
851 -33.0513 -71.6119
553 -33.0502 -71.613
152 -33.0496 -71.6135
530 -33.0496 -71.6135
972 -33.0497 -71.6129
793 -33.0496 -71.6129
88 -33.0486 -71.6135
643 -33.0487 -71.6131
827 -33.0488 -71.6129
716 -33.0498 -71.6126
383 -33.0498 -71.6125
799 -33.0498 -71.6123
283 -33.0499 -71.6121
694 -33.0498 -71.6126
724 -33.0488 -71.6125
968 -33.049 -71.612
563 -33.0588 -71.6119
72 -33.0602 -71.6104
474 -33.0612 -71.61
970 -33.0608 -71.6096
463 -33.0601 -71.6104
298 -33.0593 -71.6116
368 -33.0598 -71.6116
866 -33.0591 -71.6101
677 -33.0615 -71.6094
63 -33.061 -71.6093
419 -33.0613 -71.6089
903 -33.0609 -71.6089
672 -33.0608 -71.6088
581 -33.0607 -71.6088
138 -33.0589 -71.6088
132 -33.06 -71.6088
748 -33.0589 -71.6112
560 -33.0588 -71.6117
886 -33.0588 -71.6113
259 -33.0589 -71.6112
876 -33.0586 -71.6113
569 -33.0579 -71.6113
606 -33.0583 -71.6113
558 -33.0584 -71.6106
190 -33.0582 -71.6106
26 -33.0587 -71.6105
657 -33.0586 -71.6101
362 -33.0589 -71.6095
73 -33.0583 -71.6089
187 -33.0579 -71.6103
384 -33.0577 -71.6102
454 -33.0582 -71.609
499 -33.0606 -71.6085
79 -33.0606 -71.6085
934 -33.0606 -71.6085
469 -33.0605 -71.6084
11 -33.0605 -71.6084
332 -33.0602 -71.6083
400 -33.0603 -71.6083
461 -33.0603 -71.6083
335 -33.0603 -71.6083
700 -33.0602 -71.6082
473 -33.0601 -71.6081
285 -33.0601 -71.6081
705 -33.06 -71.608
225 -33.0598 -71.6079
528 -33.059 -71.6079
381 -33.0585 -71.6079
532 -33.0585 -71.6079
626 -33.0581 -71.6084
846 -33.0579 -71.6082
690 -33.0579 -71.6082
328 -33.0579 -71.6082
468 -33.0578 -71.6082
126 -33.0578 -71.6082
836 -33.0577 -71.6082
137 -33.0579 -71.6082
923 -33.058 -71.6081
746 -33.0584 -71.608
94 -33.0585 -71.608
183 -33.058 -71.6081
714 -33.0577 -71.6082
952 -33.058 -71.6081
510 -33.0577 -71.6107
2 -33.0576 -71.6092
874 -33.0576 -71.6088
167 -33.0577 -71.6081
471 -33.0575 -71.6081
535 -33.0575 -71.6088
757 -33.0575 -71.6081
502 -33.0575 -71.6081
981 -33.0575 -71.6081
398 -33.0575 -71.6081
966 -33.0575 -71.6081
671 -33.0574 -71.6081
785 -33.0574 -71.6081
752 -33.0574 -71.6081
704 -33.0574 -71.6081
56 -33.0574 -71.6081
97 -33.0571 -71.6099
415 -33.0563 -71.6101
681 -33.0567 -71.6099
540 -33.0569 -71.6098
861 -33.0561 -71.6102
141 -33.0556 -71.6105
143 -33.0559 -71.6103
821 -33.0559 -71.6103
706 -33.0562 -71.6095
745 -33.056 -71.6095
268 -33.056 -71.6095
770 -33.0559 -71.6091
673 -33.0559 -71.6091
815 -33.0556 -71.6093
975 -33.0558 -71.6081
369 -33.0573 -71.6081
653 -33.0573 -71.6081
741 -33.0573 -71.6081
236 -33.0573 -71.608
856 -33.0572 -71.608
182 -33.0572 -71.608
832 -33.0571 -71.608
365 -33.0571 -71.608
624 -33.057 -71.608
192 -33.0569 -71.608
71 -33.0568 -71.608
882 -33.0568 -71.608
243 -33.0568 -71.608
736 -33.0567 -71.608
294 -33.0567 -71.608
325 -33.0567 -71.608
199 -33.0567 -71.608
229 -33.0567 -71.608
321 -33.0567 -71.608
788 -33.0566 -71.608
997 -33.0564 -71.608
811 -33.0564 -71.608
675 -33.0564 -71.608
556 -33.0564 -71.608
375 -33.0563 -71.608
395 -33.0563 -71.608
287 -33.0562 -71.608
103 -33.0562 -71.608
993 -33.0562 -71.6079
244 -33.0561 -71.6079
737 -33.056 -71.6079
557 -33.0587 -71.6079
858 -33.0597 -71.6079
438 -33.0597 -71.6079
888 -33.0598 -71.6078
740 -33.0597 -71.6078
422 -33.0596 -71.6078
282 -33.0596 -71.6078
944 -33.0595 -71.6077
478 -33.0595 -71.6077
833 -33.0596 -71.6076
977 -33.0611 -71.6075
912 -33.0599 -71.6071
592 -33.0595 -71.6076
219 -33.0593 -71.6076
810 -33.0593 -71.6076
918 -33.0593 -71.6076
662 -33.0593 -71.6076
664 -33.0589 -71.6078
470 -33.059 -71.6077
458 -33.059 -71.6077
156 -33.0589 -71.6078
62 -33.0588 -71.6078
350 -33.0588 -71.6078
929 -33.0589 -71.6078
378 -33.059 -71.6077
489 -33.0592 -71.6076
723 -33.0592 -71.6076
878 -33.0593 -71.6076
772 -33.0592 -71.6074
753 -33.059 -71.6077
715 -33.0591 -71.6077
280 -33.0591 -71.6075
46 -33.0593 -71.6071
808 -33.0612 -71.6068
159 -33.0609 -71.6065
441 -33.0625 -71.6057
925 -33.0607 -71.6064
281 -33.0602 -71.607
300 -33.0606 -71.6068
296 -33.0603 -71.6058
491 -33.061 -71.6055
291 -33.0617 -71.6051
147 -33.0616 -71.605
870 -33.0616 -71.605
331 -33.0614 -71.6048
112 -33.0612 -71.605
90 -33.0608 -71.6047
924 -33.0605 -71.6046
129 -33.0601 -71.6063
873 -33.0593 -71.6064
857 -33.0595 -71.6064
922 -33.0596 -71.6063
527 -33.0592 -71.6063
954 -33.0591 -71.6065
825 -33.0589 -71.6065
769 -33.0591 -71.6065
513 -33.0591 -71.6063
83 -33.0598 -71.6063
311 -33.06 -71.6062
411 -33.0599 -71.6062
78 -33.0593 -71.6044
525 -33.059 -71.6063
221 -33.0591 -71.6054
196 -33.0587 -71.6051
110 -33.0583 -71.6075
613 -33.0577 -71.6073
505 -33.0567 -71.6072
16 -33.0566 -71.6072
319 -33.0566 -71.6074
357 -33.0564 -71.6073
172 -33.0566 -71.6073
845 -33.0567 -71.6072
349 -33.0569 -71.6071
404 -33.057 -71.607
990 -33.0571 -71.607
417 -33.0569 -71.6071
284 -33.0568 -71.6072
125 -33.0568 -71.6071
669 -33.0569 -71.6071
390 -33.0562 -71.6075
371 -33.0559 -71.6079
242 -33.0559 -71.6079
257 -33.0558 -71.6079
232 -33.0558 -71.6078
215 -33.0557 -71.6078
339 -33.0557 -71.6078
813 -33.0557 -71.6078
8 -33.056 -71.6075
120 -33.0562 -71.6074
544 -33.0562 -71.6074
782 -33.0562 -71.6074
276 -33.0561 -71.6075
670 -33.056 -71.6075
230 -33.0561 -71.6075
951 -33.0575 -71.6069
555 -33.0587 -71.6066
261 -33.0585 -71.6066
622 -33.0586 -71.6066
980 -33.0584 -71.6067
158 -33.0578 -71.6068
32 -33.058 -71.6068
168 -33.0584 -71.6067
843 -33.0587 -71.6066
223 -33.0585 -71.6062
169 -33.0584 -71.6043
620 -33.0584 -71.6043
984 -33.0583 -71.6058
840 -33.0578 -71.6065
477 -33.058 -71.6059
937 -33.058 -71.6046
503 -33.0578 -71.6066
472 -33.0575 -71.6061
768 -33.0576 -71.6049
99 -33.0575 -71.6048
136 -33.0575 -71.6067
460 -33.0566 -71.6065
316 -33.0569 -71.6062
256 -33.0574 -71.6048
98 -33.0573 -71.6047
595 -33.0572 -71.6047
293 -33.0576 -71.6047
957 -33.0567 -71.6045
1 -33.0563 -71.6044
406 -33.0557 -71.6046
30 -33.0556 -71.6044
910 -33.0556 -71.6078
161 -33.0543 -71.6118
270 -33.0542 -71.6118
906 -33.0542 -71.6117
508 -33.0541 -71.6116
617 -33.0541 -71.6116
914 -33.0541 -71.6115
894 -33.0537 -71.6113
717 -33.0539 -71.6112
180 -33.0538 -71.6111
517 -33.0539 -71.6105
744 -33.0539 -71.6105
995 -33.0538 -71.611
621 -33.0537 -71.6109
915 -33.0536 -71.6106
336 -33.0536 -71.6105
188 -33.0535 -71.6111
133 -33.0527 -71.6116
74 -33.0529 -71.6116
27 -33.053 -71.6116
345 -33.0527 -71.6116
780 -33.0518 -71.6118
337 -33.052 -71.6118
401 -33.0525 -71.6117
278 -33.053 -71.6116
920 -33.0535 -71.6114
59 -33.0535 -71.611
568 -33.0535 -71.611
380 -33.0534 -71.611
618 -33.0533 -71.611
346 -33.0531 -71.6109
559 -33.0528 -71.6105
372 -33.0543 -71.6105
391 -33.0552 -71.6104
433 -33.0551 -71.61
931 -33.0551 -71.6099
356 -33.0534 -71.6088
779 -33.0521 -71.6087
719 -33.0521 -71.6087
329 -33.0521 -71.6086
943 -33.0535 -71.6086
936 -33.0536 -71.6085
543 -33.0536 -71.6085
584 -33.0537 -71.6085
344 -33.0536 -71.6085
312 -33.0521 -71.6086
342 -33.0521 -71.6086
396 -33.0536 -71.6085
241 -33.0521 -71.6087
665 -33.0519 -71.6093
522 -33.0519 -71.6092
548 -33.0519 -71.6092
709 -33.0518 -71.6093
76 -33.0518 -71.6093
207 -33.0518 -71.6093
444 -33.0518 -71.6093
86 -33.0519 -71.6091
947 -33.052 -71.6088
596 -33.052 -71.6088
96 -33.052 -71.6088
804 -33.052 -71.609
685 -33.052 -71.609
518 -33.052 -71.609
847 -33.0517 -71.6094
31 -33.0515 -71.6119
77 -33.0515 -71.6118
586 -33.0501 -71.6105
854 -33.0501 -71.6105
541 -33.0501 -71.6106
631 -33.0501 -71.6106
436 -33.0501 -71.6106
218 -33.0501 -71.6104
637 -33.0509 -71.6102
538 -33.0508 -71.6102
648 -33.0507 -71.6102
462 -33.0505 -71.6102
519 -33.0501 -71.6104
960 -33.0502 -71.6102
612 -33.0502 -71.6102
778 -33.0501 -71.6106
206 -33.0499 -71.6116
318 -33.05 -71.6113
140 -33.0499 -71.6113
853 -33.0499 -71.6113
440 -33.0499 -71.6118
48 -33.0492 -71.6112
933 -33.0493 -71.6112
213 -33.05 -71.6112
868 -33.0501 -71.6109
36 -33.0501 -71.6108
84 -33.0501 -71.6107
50 -33.0501 -71.6109
897 -33.05 -71.6112
941 -33.05 -71.6111
515 -33.0505 -71.6102
457 -33.0513 -71.6098
956 -33.0513 -71.6098
481 -33.0515 -71.6097
807 -33.0513 -71.6098
231 -33.0512 -71.6099
119 -33.0512 -71.6099
634 -33.0513 -71.6098
828 -33.0515 -71.6096
240 -33.0516 -71.6095
64 -33.0516 -71.6095
654 -33.0517 -71.6095
363 -33.0516 -71.6095
425 -33.0515 -71.6096
153 -33.0515 -71.6096
178 -33.0515 -71.6096
823 -33.0512 -71.6099
0 -33.0509 -71.6101
701 -33.0511 -71.61
234 -33.0511 -71.61
728 -33.0509 -71.6102
432 -33.0504 -71.6102
374 -33.0505 -71.6102
302 -33.0504 -71.6102
680 -33.0511 -71.61
590 -33.0511 -71.61
418 -33.0512 -71.6099
899 -33.0509 -71.6085
971 -33.0504 -71.6088
435 -33.0495 -71.61
248 -33.0504 -71.6088
114 -33.0537 -71.6085
289 -33.0547 -71.6084
567 -33.0547 -71.6084
184 -33.0547 -71.6084
492 -33.0545 -71.6085
616 -33.0545 -71.6085
552 -33.0545 -71.6085
41 -33.0545 -71.6085
6 -33.0547 -71.6084
871 -33.0549 -71.6083
410 -33.0549 -71.6083
264 -33.055 -71.6083
913 -33.0549 -71.6083
921 -33.0548 -71.6084
667 -33.0548 -71.6083
359 -33.0549 -71.6083
893 -33.0545 -71.6085
959 -33.0544 -71.6085
896 -33.0544 -71.6085
965 -33.0544 -71.6085
650 -33.0544 -71.6085
104 -33.0543 -71.6085
445 -33.0543 -71.6085
800 -33.0543 -71.6085
689 -33.0543 -71.6085
609 -33.0543 -71.6085
28 -33.0541 -71.6085
490 -33.0541 -71.6085
47 -33.054 -71.6085
135 -33.054 -71.6085
953 -33.054 -71.6085
37 -33.0539 -71.6085
875 -33.055 -71.6082
193 -33.0553 -71.608
397 -33.0553 -71.608
989 -33.0553 -71.608
122 -33.0553 -71.608
895 -33.0553 -71.608
245 -33.0553 -71.608
720 -33.0553 -71.608
267 -33.0554 -71.608
564 -33.0555 -71.6079
839 -33.0556 -71.6078
826 -33.0555 -71.6044
358 -33.0554 -71.6079
65 -33.0554 -71.608
578 -33.0554 -71.608
731 -33.0554 -71.6079
806 -33.0552 -71.6081
299 -33.055 -71.6082
194 -33.0551 -71.6082
21 -33.0551 -71.6081
554 -33.055 -71.6082
67 -33.055 -71.6082
682 -33.055 -71.6082
628 -33.055 -71.6082
887 -33.0551 -71.6081
247 -33.0552 -71.6081
308 -33.0552 -71.6081
691 -33.0552 -71.6081
388 -33.0552 -71.6081
776 -33.0542 -71.6056
149 -33.0548 -71.6045
594 -33.0539 -71.6085
699 -33.0537 -71.6085
443 -33.0537 -71.6085
514 -33.0537 -71.6085
926 -33.0537 -71.6085
131 -33.0535 -71.6085
352 -33.0535 -71.6085
684 -33.0535 -71.6085
570 -33.0538 -71.6085
39 -33.0539 -71.6085
630 -33.0538 -71.6085
777 -33.0538 -71.6085
45 -33.0538 -71.6085
426 -33.0538 -71.6085
663 -33.0534 -71.6085
928 -33.0534 -71.6085
330 -33.0534 -71.6085
824 -33.0534 -71.6085
95 -33.0533 -71.6085
451 -33.0533 -71.6084
459 -33.0533 -71.6084
656 -33.0521 -71.6085
969 -33.0532 -71.6084
3 -33.0532 -71.6084
814 -33.0532 -71.6084
246 -33.0531 -71.6084
841 -33.0531 -71.6084
486 -33.0531 -71.6084
162 -33.053 -71.6084
702 -33.053 -71.6083
249 -33.053 -71.6083
798 -33.053 -71.6083
898 -33.0529 -71.6083
288 -33.0529 -71.6083
524 -33.0529 -71.6083
338 -33.0529 -71.6083
865 -33.0529 -71.6083
974 -33.0529 -71.6083
4 -33.0527 -71.6082
379 -33.0526 -71.6082
507 -33.053 -71.6065
781 -33.0534 -71.6064
121 -33.0535 -71.6063
729 -33.0526 -71.6068
766 -33.0526 -71.6082
750 -33.0525 -71.6082
792 -33.0526 -71.6068
817 -33.0525 -71.6082
539 -33.0524 -71.6081
439 -33.0524 -71.6081
164 -33.0524 -71.6081
258 -33.0522 -71.6082
58 -33.0522 -71.6083
651 -33.0522 -71.6083
428 -33.0522 -71.6083
526 -33.0523 -71.6081
317 -33.0523 -71.6081
932 -33.0523 -71.6081
465 -33.0523 -71.6081
695 -33.0522 -71.6081
985 -33.0522 -71.6081
533 -33.0518 -71.6047
