38 -33.0532 -71.6246
315 -33.0532 -71.6246
327 -33.0533 -71.6246
226 -33.053 -71.6246
796 -33.0529 -71.6246
5 -33.0529 -71.6246
647 -33.0529 -71.6246
678 -33.0535 -71.6246
266 -33.0539 -71.6244
177 -33.0541 -71.6242
880 -33.0543 -71.6242
930 -33.0539 -71.6244
253 -33.0539 -71.6244
487 -33.0538 -71.6241
260 -33.0536 -71.624
115 -33.0529 -71.6246
497 -33.0529 -71.6246
85 -33.0528 -71.6246
142 -33.0528 -71.6246
109 -33.0519 -71.6245
829 -33.0518 -71.6252
786 -33.0517 -71.6252
883 -33.0519 -71.6247
66 -33.0527 -71.6245
550 -33.0527 -71.6245
176 -33.0525 -71.6245
940 -33.0524 -71.6244
961 -33.0523 -71.6244
217 -33.052 -71.6243
697 -33.0521 -71.6243
479 -33.052 -71.6243
500 -33.0533 -71.6239
377 -33.0543 -71.6227
210 -33.0542 -71.6226
179 -33.0537 -71.6225
57 -33.0534 -71.6188
703 -33.0531 -71.6238
890 -33.053 -71.6237
668 -33.0533 -71.6188
413 -33.0529 -71.6187
765 -33.0528 -71.6187
189 -33.0527 -71.6187
646 -33.0535 -71.6186
963 -33.0526 -71.6187
367 -33.0526 -71.6187
582 -33.0525 -71.6186
978 -33.0524 -71.6186
313 -33.0524 -71.6235
53 -33.0523 -71.6235
973 -33.0522 -71.62
838 -33.0522 -71.62
761 -33.0522 -71.6199
775 -33.0521 -71.62
713 -33.0521 -71.62
547 -33.0518 -71.6199
341 -33.0521 -71.6198
355 -33.052 -71.6197
407 -33.0523 -71.6186
537 -33.0521 -71.6185
456 -33.0519 -71.6196
919 -33.0518 -71.6195
216 -33.0517 -71.6193
587 -33.0516 -71.6192
598 -33.0515 -71.6252
101 -33.0514 -71.6252
979 -33.0513 -71.6243
589 -33.051 -71.6243
987 -33.051 -71.6251
92 -33.051 -71.6251
25 -33.0507 -71.6243
447 -33.0505 -71.624
732 -33.0511 -71.6232
116 -33.0514 -71.6209
399 -33.0514 -71.6208
493 -33.0509 -71.6235
34 -33.0507 -71.6237
935 -33.0508 -71.6236
440 -33.0505 -71.6215
283 -33.0505 -71.6216
409 -33.0504 -71.6252
710 -33.0504 -71.6242
716 -33.0505 -71.6223
633 -33.0504 -71.6241
849 -33.0496 -71.6252
629 -33.0498 -71.6252
694 -33.0504 -71.6222
799 -33.0504 -71.622
901 -33.0504 -71.6218
144 -33.0493 -71.6208
111 -33.0493 -71.6208
412 -33.0493 -71.6212
999 -33.0492 -71.6219
859 -33.0492 -71.6217
597 -33.0493 -71.6209
163 -33.0494 -71.6208
432 -33.0499 -71.6202
302 -33.0498 -71.6202
373 -33.0515 -71.6191
637 -33.0496 -71.6198
77 -33.0495 -71.6201
262 -33.0496 -71.6198
340 -33.0495 -71.6197
69 -33.0513 -71.6189
542 -33.0511 -71.6187
301 -33.0511 -71.6187
42 -33.0508 -71.6185
844 -33.0498 -71.6187
434 -33.0498 -71.6187
891 -33.0496 -71.6186
198 -33.0497 -71.6186
831 -33.0495 -71.6197
448 -33.0495 -71.6197
687 -33.0495 -71.6196
680 -33.0494 -71.6194
852 -33.0494 -71.6208
17 -33.0493 -71.6204
250 -33.0493 -71.6204
632 -33.0493 -71.6203
234 -33.0494 -71.6194
956 -33.0494 -71.6192
323 -33.0494 -71.6192
166 -33.0494 -71.6191
401 -33.0494 -71.619
425 -33.0494 -71.6188
74 -33.0494 -71.6185
361 -33.0508 -71.6185
774 -33.0542 -71.6184
560 -33.0543 -71.6184
475 -33.0541 -71.6169
869 -33.0536 -71.6184
464 -33.0527 -71.6159
640 -33.0527 -71.6159
950 -33.0527 -71.6158
608 -33.0527 -71.6158
118 -33.0543 -71.6157
945 -33.0542 -71.6157
872 -33.0542 -71.6156
976 -33.0542 -71.6156
20 -33.0526 -71.6158
60 -33.0525 -71.6157
879 -33.0524 -71.6157
818 -33.0524 -71.6157
408 -33.0519 -71.6184
370 -33.0519 -71.6184
255 -33.0517 -71.6184
549 -33.0516 -71.6184
134 -33.0512 -71.6184
376 -33.0513 -71.6184
881 -33.0513 -71.6183
816 -33.0512 -71.6183
743 -33.0515 -71.6161
389 -33.0515 -71.616
107 -33.0505 -71.6157
693 -33.0505 -71.6157
698 -33.0503 -71.6179
269 -33.0504 -71.6158
520 -33.0505 -71.6157
286 -33.0524 -71.6156
482 -33.0541 -71.6156
991 -33.054 -71.6156
297 -33.0534 -71.6155
561 -33.0533 -71.6155
842 -33.053 -71.6155
483 -33.053 -71.6154
531 -33.0529 -71.6154
501 -33.0529 -71.6153
124 -33.0528 -71.6153
948 -33.0543 -71.6147
994 -33.0533 -71.6141
686 -33.0521 -71.6133
931 -33.052 -71.6147
936 -33.052 -71.6147
943 -33.052 -71.6147
356 -33.052 -71.6149
18 -33.0516 -71.6156
822 -33.0514 -71.6156
450 -33.0513 -71.6156
476 -33.0509 -71.6156
602 -33.0505 -71.6156
251 -33.0508 -71.6156
955 -33.0506 -71.6155
726 -33.0506 -71.6155
792 -33.0518 -71.6137
299 -33.0518 -71.6136
578 -33.0519 -71.6132
268 -33.0515 -71.6141
279 -33.0505 -71.6155
123 -33.0505 -71.6155
754 -33.0503 -71.6179
760 -33.0501 -71.6183
455 -33.0502 -71.6179
809 -33.0499 -71.6178
803 -33.0496 -71.6177
76 -33.0493 -71.6184
804 -33.0491 -71.6182
86 -33.0491 -71.6182
524 -33.049 -71.6167
290 -33.0495 -71.6162
819 -33.0496 -71.6162
488 -33.0496 -71.6161
95 -33.0491 -71.6161
730 -33.049 -71.6166
246 -33.0491 -71.6164
841 -33.0491 -71.6163
379 -33.0489 -71.617
767 -33.0489 -71.6176
466 -33.0488 -71.6176
992 -33.0488 -71.6173
812 -33.0488 -71.6174
656 -33.0488 -71.6178
721 -33.0487 -71.6176
180 -33.0488 -71.6175
428 -33.0488 -71.6173
254 -33.0489 -71.6171
292 -33.0489 -71.6171
750 -33.0489 -71.617
164 -33.0488 -71.6172
539 -33.0488 -71.6172
546 -33.0487 -71.6164
684 -33.0492 -71.616
442 -33.0501 -71.6157
146 -33.0501 -71.6157
580 -33.0501 -71.6157
271 -33.05 -71.6157
641 -33.0497 -71.6159
150 -33.0497 -71.6158
6 -33.0494 -71.6145
184 -33.0494 -71.6144
554 -33.0495 -71.614
887 -33.0495 -71.6139
415 -33.0496 -71.6134
682 -33.0495 -71.6141
871 -33.0494 -71.6144
921 -33.0494 -71.6144
141 -33.0495 -71.6143
433 -33.0494 -71.6147
443 -33.0492 -71.6156
426 -33.0492 -71.6156
570 -33.0492 -71.6155
699 -33.0492 -71.6157
352 -33.0492 -71.6158
396 -33.0492 -71.6158
543 -33.0492 -71.6158
953 -33.0493 -71.6153
893 -33.0494 -71.6148
959 -33.0494 -71.6148
41 -33.0494 -71.6147
391 -33.0494 -71.6148
609 -33.0493 -71.6151
689 -33.0493 -71.615
864 -33.0487 -71.6176
605 -33.0474 -71.6226
889 -33.0474 -71.6221
206 -33.0483 -71.6215
983 -33.0473 -71.6218
383 -33.0473 -71.6228
453 -33.0473 -71.6217
660 -33.0473 -71.6212
213 -33.0481 -71.6212
191 -33.0474 -71.6209
612 -33.0475 -71.6205
884 -33.0475 -71.6205
586 -33.0474 -71.6209
631 -33.0473 -71.6211
854 -33.0473 -71.6211
834 -33.0473 -71.621
692 -33.0473 -71.6212
318 -33.0472 -71.6217
263 -33.0472 -71.6215
529 -33.0472 -71.6214
130 -33.0472 -71.6215
511 -33.0467 -71.6229
708 -33.0468 -71.6228
897 -33.0472 -71.6215
900 -33.0472 -71.6213
36 -33.0472 -71.6213
394 -33.0472 -71.6213
868 -33.0473 -71.6212
50 -33.0466 -71.6204
862 -33.0465 -71.6206
941 -33.0465 -71.6206
435 -33.0465 -71.6205
239 -33.0465 -71.6204
688 -33.0475 -71.6204
462 -33.0475 -71.6203
374 -33.048 -71.6202
106 -33.0475 -71.6203
574 -33.0475 -71.6203
850 -33.0474 -71.6203
572 -33.0472 -71.6202
780 -33.0478 -71.6199
830 -33.0478 -71.6197
337 -33.0478 -71.6196
701 -33.0479 -71.6195
496 -33.0478 -71.6197
195 -33.0477 -71.6199
0 -33.0478 -71.6197
504 -33.0478 -71.6197
13 -33.0472 -71.6202
273 -33.0471 -71.6202
712 -33.0467 -71.6201
174 -33.0471 -71.6201
314 -33.0466 -71.6202
165 -33.0466 -71.6203
84 -33.0466 -71.6203
855 -33.0466 -71.6202
904 -33.047 -71.6201
519 -33.0467 -71.6199
218 -33.0467 -71.6199
364 -33.0468 -71.6194
541 -33.0467 -71.6201
778 -33.0467 -71.6201
436 -33.0467 -71.6201
530 -33.0465 -71.6229
820 -33.0461 -71.6245
139 -33.0461 -71.6245
205 -33.0461 -71.6245
938 -33.046 -71.6245
802 -33.046 -71.6244
277 -33.046 -71.6244
322 -33.046 -71.6244
696 -33.0459 -71.6243
9 -33.046 -71.6231
55 -33.0462 -71.623
755 -33.0462 -71.623
939 -33.046 -71.6231
735 -33.046 -71.6243
911 -33.0459 -71.6233
484 -33.0459 -71.6232
583 -33.0459 -71.6234
516 -33.0458 -71.6242
222 -33.0458 -71.6242
360 -33.0457 -71.624
718 -33.0456 -71.624
220 -33.0443 -71.624
784 -33.0443 -71.624
988 -33.0445 -71.6239
982 -33.0446 -71.6239
485 -33.0458 -71.6237
764 -33.0458 -71.6235
509 -33.0459 -71.6234
80 -33.0458 -71.6237
88 -33.0449 -71.6236
643 -33.0451 -71.6232
827 -33.0452 -71.6229
722 -33.0464 -71.6229
152 -33.0465 -71.6229
639 -33.0463 -71.6213
81 -33.0462 -71.6214
48 -33.0461 -71.6216
933 -33.0462 -71.6215
348 -33.0462 -71.6214
113 -33.0463 -71.6211
170 -33.0464 -71.621
573 -33.0465 -71.6208
10 -33.0464 -71.6203
949 -33.0463 -71.6203
853 -33.0463 -71.6203
416 -33.0462 -71.6203
140 -33.0462 -71.6203
794 -33.0461 -71.6216
610 -33.0456 -71.6223
793 -33.0457 -71.6222
972 -33.0458 -71.6221
968 -33.0456 -71.6224
427 -33.0452 -71.6229
644 -33.0453 -71.6228
724 -33.0455 -71.6226
635 -33.0458 -71.6221
157 -33.0461 -71.6217
553 -33.0461 -71.6217
333 -33.046 -71.6202
155 -33.0458 -71.6201
763 -33.0457 -71.6203
604 -33.0457 -71.6201
652 -33.0467 -71.6194
709 -33.0484 -71.6186
522 -33.0484 -71.6186
665 -33.0484 -71.6186
548 -33.0484 -71.6186
654 -33.0483 -71.6188
27 -33.0483 -71.6187
278 -33.0484 -71.6187
207 -33.0484 -71.6186
495 -33.0486 -71.618
787 -33.0487 -71.6177
258 -33.0487 -71.6176
329 -33.0486 -71.618
431 -33.0484 -71.6185
518 -33.0485 -71.6184
565 -33.0485 -71.6183
93 -33.0483 -71.6188
783 -33.0481 -71.6192
828 -33.0481 -71.6192
430 -33.0482 -71.619
481 -33.0481 -71.6192
457 -33.048 -71.6193
614 -33.0481 -71.6193
727 -33.0481 -71.6192
363 -33.0482 -71.619
240 -33.0483 -71.6189
64 -33.0483 -71.6189
860 -33.048 -71.6174
320 -33.0479 -71.6174
795 -33.0477 -71.6173
685 -33.0476 -71.6172
947 -33.0476 -71.6171
596 -33.0476 -71.617
117 -33.0485 -71.6164
892 -33.0482 -71.6163
908 -33.0481 -71.6163
545 -33.048 -71.6163
805 -33.0479 -71.6164
465 -33.0479 -71.6163
946 -33.0478 -71.6162
932 -33.0479 -71.6162
777 -33.0483 -71.6145
801 -33.0483 -71.6145
445 -33.0485 -71.6139
974 -33.0481 -71.6155
439 -33.0479 -71.6162
817 -33.048 -71.6159
336 -33.0481 -71.6156
58 -33.0478 -71.6166
894 -33.0477 -71.6168
638 -33.0477 -71.6167
651 -33.0478 -71.6166
342 -33.0477 -71.6168
920 -33.0477 -71.6169
719 -33.0477 -71.6169
779 -33.0477 -71.6169
372 -33.0475 -71.6134
630 -33.0475 -71.6134
661 -33.0476 -71.6133
594 -33.0476 -71.6132
114 -33.0475 -71.6134
584 -33.0475 -71.6134
725 -33.0475 -71.6134
444 -33.0475 -71.6175
231 -33.0472 -71.6184
807 -33.0472 -71.6183
178 -33.0473 -71.6181
418 -33.0472 -71.6185
728 -33.0471 -71.6188
44 -33.0471 -71.6187
971 -33.0472 -71.6185
153 -33.0474 -71.6179
345 -33.0474 -71.6178
847 -33.0474 -71.6178
666 -33.0474 -71.6162
683 -33.0474 -71.6178
756 -33.0472 -71.6172
899 -33.0472 -71.6172
393 -33.0471 -71.6171
304 -33.0471 -71.6188
31 -33.0469 -71.6193
648 -33.047 -71.619
538 -33.047 -71.619
128 -33.0469 -71.6171
851 -33.0469 -71.6194
515 -33.0469 -71.6194
960 -33.0466 -71.6194
119 -33.0465 -71.617
823 -33.0465 -71.617
148 -33.0468 -71.6161
385 -33.0467 -71.6161
758 -33.0464 -71.617
590 -33.0464 -71.617
248 -33.0464 -71.617
133 -33.0465 -71.6161
942 -33.0472 -71.6142
835 -33.0473 -71.614
655 -33.0474 -71.6138
201 -33.0472 -71.6142
766 -33.0471 -71.6147
338 -33.0472 -71.6143
392 -33.0472 -71.6143
729 -33.0474 -71.6138
131 -33.0474 -71.6136
926 -33.0475 -71.6136
877 -33.0474 -71.6134
599 -33.0474 -71.6137
451 -33.0474 -71.6137
330 -33.0472 -71.6134
517 -33.0471 -71.6133
317 -33.0471 -71.6151
96 -33.047 -71.6158
526 -33.0469 -71.6148
588 -33.0466 -71.6147
312 -33.0463 -71.6147
75 -33.046 -71.616
634 -33.046 -71.616
241 -33.0462 -71.6147
744 -33.047 -71.6133
969 -33.047 -71.6133
898 -33.0468 -71.6133
739 -33.0467 -71.6133
902 -33.0467 -71.6132
915 -33.0466 -71.6132
996 -33.0462 -71.6132
507 -33.0518 -71.6131
19 -33.0532 -71.6121
790 -33.053 -71.6121
326 -33.0529 -71.6121
420 -33.0527 -71.6121
414 -33.0527 -71.6121
576 -33.0525 -71.6121
521 -33.0525 -71.6121
43 -33.0525 -71.6121
592 -33.0535 -71.6114
922 -33.0537 -71.6113
83 -33.0539 -71.6112
132 -33.0535 -71.6114
747 -33.0524 -71.6121
772 -33.0534 -71.6114
810 -33.0534 -71.6114
72 -33.0524 -71.6117
127 -33.0517 -71.6131
917 -33.0521 -71.612
523 -33.0516 -71.612
910 -33.0516 -71.6131
242 -33.0514 -71.6131
737 -33.0512 -71.6131
2 -33.0512 -71.6131
238 -33.0512 -71.612
866 -33.0514 -71.6119
463 -33.0523 -71.6117
962 -33.0515 -71.6115
298 -33.0514 -71.6119
569 -33.0512 -71.6119
874 -33.0513 -71.6119
305 -33.0513 -71.6117
354 -33.0537 -71.6111
873 -33.0539 -71.6111
970 -33.0537 -71.6108
98 -33.0536 -71.6107
579 -33.0533 -71.611
368 -33.0531 -71.6109
467 -33.0528 -71.6106
619 -33.0527 -71.6104
259 -33.0526 -71.6103
237 -33.0525 -71.6101
967 -33.0525 -71.6101
154 -33.0525 -71.6101
384 -33.0523 -71.6098
591 -33.0523 -71.6097
563 -33.0522 -71.6096
209 -33.0521 -71.6095
636 -33.0521 -71.6095
472 -33.0514 -71.6097
773 -33.0514 -71.6097
422 -33.0514 -71.6097
555 -33.0514 -71.6097
662 -33.0511 -71.61
219 -33.0512 -71.6099
944 -33.0513 -71.6098
35 -33.0515 -71.6096
307 -33.0521 -71.6095
366 -33.0521 -71.6095
751 -33.0521 -71.6094
627 -33.0521 -71.6094
857 -33.0515 -71.6096
46 -33.0515 -71.6096
192 -33.0511 -71.6123
120 -33.0511 -71.6129
675 -33.0511 -71.6129
811 -33.0511 -71.6129
390 -33.0511 -71.6129
187 -33.051 -71.6131
276 -33.0511 -71.6131
958 -33.0511 -71.613
642 -33.0511 -71.6128
782 -33.0511 -71.6128
505 -33.0511 -71.6123
26 -33.0511 -71.6123
556 -33.0511 -71.6128
51 -33.0511 -71.6128
733 -33.0509 -71.6114
173 -33.0508 -71.6113
480 -33.0505 -71.613
762 -33.0505 -71.613
14 -33.0503 -71.613
351 -33.0502 -71.613
97 -33.0501 -71.613
295 -33.05 -71.613
319 -33.0499 -71.6121
199 -33.0499 -71.6121
321 -33.0499 -71.6121
349 -33.0499 -71.6117
669 -33.0499 -71.6116
856 -33.05 -71.6115
145 -33.0499 -71.6117
284 -33.0499 -71.6118
882 -33.0499 -71.6118
571 -33.0505 -71.6113
214 -33.0505 -71.6113
470 -33.0508 -71.6102
622 -33.0506 -71.6102
29 -33.0503 -71.6113
626 -33.0502 -71.6103
923 -33.0502 -71.6102
32 -33.0502 -71.6102
674 -33.0509 -71.6102
378 -33.051 -71.6101
954 -33.0511 -71.61
769 -33.0511 -71.61
825 -33.051 -71.6101
746 -33.0504 -71.6102
94 -33.0505 -71.6102
110 -33.0505 -71.6102
15 -33.0502 -71.6113
671 -33.05 -71.6111
398 -33.05 -71.6111
981 -33.05 -71.611
704 -33.05 -71.6112
741 -33.0499 -71.6113
236 -33.0499 -71.6113
832 -33.0499 -71.6113
167 -33.0501 -71.6108
158 -33.0501 -71.6106
137 -33.0501 -71.6105
840 -33.0501 -71.6104
316 -33.0501 -71.6106
846 -33.0501 -71.6106
603 -33.05 -71.6101
225 -33.0517 -71.6094
748 -33.0536 -71.6085
300 -33.0537 -71.6085
528 -33.054 -71.6085
474 -33.0535 -71.6085
291 -33.0535 -71.6085
677 -33.0534 -71.6085
808 -33.0534 -71.6085
281 -33.0532 -71.6084
331 -33.053 -71.6083
419 -33.0529 -71.6083
491 -33.0529 -71.6083
63 -33.0528 -71.6083
280 -33.0528 -71.6083
925 -33.0527 -71.6083
886 -33.0527 -71.6082
159 -33.0527 -71.6082
469 -33.0521 -71.6086
679 -33.0521 -71.6085
112 -33.0527 -71.6082
513 -33.052 -71.6089
52 -33.052 -71.6093
402 -33.052 -71.6093
400 -33.052 -71.609
606 -33.0526 -71.6082
525 -33.0525 -71.6082
876 -33.0525 -71.6082
903 -33.0525 -71.6081
581 -33.0523 -71.6081
672 -33.0522 -71.6081
977 -33.0521 -71.6081
362 -33.0521 -71.6081
454 -33.0521 -71.6081
303 -33.0523 -71.608
311 -33.0523 -71.608
332 -33.0522 -71.6077
196 -33.0522 -71.6077
934 -33.0522 -71.6077
558 -33.0522 -71.6076
499 -33.0522 -71.6076
79 -33.0522 -71.6076
768 -33.0531 -71.6066
441 -33.0538 -71.6048
147 -33.0528 -71.6047
870 -33.0527 -71.6047
40 -33.0522 -71.6075
506 -33.0522 -71.6075
129 -33.0522 -71.6074
461 -33.0522 -71.6073
527 -33.0521 -71.6072
335 -33.0521 -71.6072
929 -33.0521 -71.6071
657 -33.0521 -71.6071
11 -33.052 -71.6076
510 -33.052 -71.6076
411 -33.0521 -71.6071
223 -33.0521 -71.607
700 -33.052 -71.607
285 -33.052 -71.6069
473 -33.052 -71.6069
212 -33.052 -71.6068
705 -33.052 -71.6067
90 -33.052 -71.6048
175 -33.0519 -71.6091
452 -33.0519 -71.6092
61 -33.0517 -71.609
12 -33.0516 -71.6089
927 -33.0515 -71.6088
274 -33.0514 -71.6088
190 -33.0512 -71.6086
676 -33.0512 -71.6086
424 -33.0512 -71.6086
912 -33.0514 -71.6083
613 -33.0514 -71.6083
296 -33.0519 -71.6076
535 -33.0514 -71.6083
512 -33.0513 -71.6083
797 -33.0513 -71.6082
848 -33.0513 -71.608
888 -33.051 -71.6085
740 -33.0509 -71.6085
282 -33.0508 -71.6085
7 -33.0508 -71.6085
984 -33.0504 -71.609
261 -33.0503 -71.6092
503 -33.0504 -71.6091
843 -33.0504 -71.6091
833 -33.0507 -71.6085
478 -33.0507 -71.6085
937 -33.0505 -71.6085
723 -33.0505 -71.6085
49 -33.0503 -71.6085
715 -33.0502 -71.6085
256 -33.0499 -71.6084
438 -33.0512 -71.6075
477 -33.0519 -71.6068
858 -33.0519 -71.6066
168 -33.0519 -71.6065
645 -33.0519 -71.6065
551 -33.0518 -71.6064
918 -33.0516 -71.606
980 -33.0516 -71.606
878 -33.0516 -71.606
489 -33.0516 -71.6059
221 -33.0516 -71.6052
924 -33.0517 -71.6048
540 -33.0514 -71.6056
458 -33.0514 -71.6059
156 -33.0514 -71.6056
73 -33.0513 -71.6054
664 -33.0513 -71.6059
138 -33.0509 -71.6074
593 -33.0511 -71.6058
421 -33.051 -71.6058
228 -33.0504 -71.6073
753 -33.0504 -71.6073
62 -33.0502 -71.6072
350 -33.0502 -71.6072
227 -33.0509 -71.6058
78 -33.0511 -71.6058
532 -33.0509 -71.6058
557 -33.0513 -71.6053
381 -33.0508 -71.6058
706 -33.0508 -71.605
169 -33.0499 -71.6045
502 -33.0499 -71.6054
197 -33.0498 -71.6129
405 -33.0498 -71.6129
105 -33.0498 -71.6129
907 -33.0498 -71.6129
257 -33.0497 -71.613
916 -33.0496 -71.6129
577 -33.0494 -71.6129
252 -33.0494 -71.6129
387 -33.0494 -71.6129
375 -33.0498 -71.6123
229 -33.0499 -71.6121
23 -33.0494 -71.6129
745 -33.0493 -71.6129
446 -33.0493 -71.6129
272 -33.0492 -71.6129
423 -33.049 -71.6129
403 -33.049 -71.6129
160 -33.0489 -71.6129
310 -33.049 -71.6129
998 -33.0489 -71.6129
67 -33.0487 -71.6131
649 -33.0488 -71.6129
143 -33.0488 -71.6129
386 -33.0487 -71.6129
986 -33.0486 -71.6129
267 -33.0488 -71.6127
731 -33.0488 -71.6125
309 -33.0483 -71.6129
171 -33.0482 -71.6128
759 -33.0482 -71.6128
151 -33.0482 -71.6128
806 -33.0481 -71.6117
182 -33.0498 -71.6113
909 -33.0498 -71.6113
404 -33.0498 -71.6113
789 -33.0494 -71.6112
294 -33.0494 -71.6112
736 -33.0494 -71.6112
357 -33.0492 -71.6112
997 -33.0491 -71.6112
22 -33.0498 -71.61
681 -33.0497 -71.61
575 -33.0497 -71.61
653 -33.0494 -71.6099
990 -33.0494 -71.6099
885 -33.0493 -71.6099
861 -33.049 -71.6099
230 -33.0489 -71.6112
347 -33.0488 -71.6112
670 -33.0487 -71.6112
742 -33.0486 -71.6112
776 -33.0482 -71.6114
247 -33.0481 -71.6117
691 -33.0481 -71.6116
245 -33.0481 -71.6116
371 -33.0485 -71.6111
845 -33.0489 -71.6099
243 -33.0489 -71.6099
16 -33.0488 -71.6099
172 -33.0488 -71.6098
813 -33.0484 -71.6111
905 -33.0483 -71.6111
102 -33.0481 -71.6128
202 -33.0478 -71.6129
108 -33.048 -71.6128
711 -33.048 -71.6128
615 -33.0478 -71.6129
837 -33.0476 -71.6131
334 -33.0477 -71.6129
104 -33.0477 -71.6129
208 -33.0479 -71.6128
611 -33.048 -71.6128
200 -33.0479 -71.6128
567 -33.0479 -71.6123
616 -33.0479 -71.6124
965 -33.0478 -71.6126
552 -33.0478 -71.6126
781 -33.0478 -71.6125
70 -33.0476 -71.6127
490 -33.0476 -71.6127
37 -33.0474 -71.6127
135 -33.0474 -71.6127
87 -33.0473 -71.6127
749 -33.0462 -71.6131
265 -33.0471 -71.6127
45 -33.0472 -71.6127
585 -33.0469 -71.6126
100 -33.0464 -71.6125
621 -33.046 -71.6124
186 -33.0457 -71.6123
659 -33.0457 -71.6123
964 -33.0453 -71.6122
24 -33.0452 -71.6121
359 -33.048 -71.612
410 -33.048 -71.6119
397 -33.048 -71.6111
720 -33.0478 -71.6111
875 -33.0476 -71.611
264 -33.0475 -71.611
667 -33.0474 -71.611
289 -33.0473 -71.611
275 -33.0462 -71.6108
449 -33.0461 -71.6108
28 -33.046 -71.6098
650 -33.0462 -71.6098
47 -33.0459 -71.6098
39 -33.0457 -71.6098
344 -33.0455 -71.6098
995 -33.0458 -71.6098
663 -33.0453 -71.6098
494 -33.0449 -71.612
33 -33.0451 -71.6107
4 -33.0447 -71.61
695 -33.0447 -71.6106
985 -33.0447 -71.6108
353 -33.0447 -71.6107
54 -33.0446 -71.6104
865 -33.0447 -71.6099
928 -33.0453 -71.6098
824 -33.0452 -71.6098
459 -33.0452 -71.6098
486 -33.0449 -71.6098
288 -33.0448 -71.6098
798 -33.0448 -71.6098
121 -33.0462 -71.6098
468 -33.0496 -71.6094
952 -33.0496 -71.6093
183 -33.0496 -71.6091
126 -33.0496 -71.6095
757 -33.0495 -71.6098
211 -33.0493 -71.6091
324 -33.0492 -71.6091
785 -33.0491 -71.6091
601 -33.0498 -71.6084
224 -33.0498 -71.6084
595 -33.0498 -71.6084
89 -33.0496 -71.6084
600 -33.0491 -71.6083
204 -33.049 -71.6083
343 -33.049 -71.6083
328 -33.049 -71.6083
821 -33.0489 -71.6091
836 -33.0489 -71.6083
863 -33.0489 -71.6083
406 -33.0484 -71.6091
395 -33.0484 -71.6098
8 -33.0481 -71.6098
707 -33.048 -71.6091
136 -33.0488 -71.6083
714 -33.0488 -71.6083
951 -33.0488 -71.6083
734 -33.0487 -71.6083
771 -33.0484 -71.6082
607 -33.0484 -71.6082
235 -33.0482 -71.6082
68 -33.0482 -71.6082
417 -33.0481 -71.6082
752 -33.0497 -71.6054
181 -33.0497 -71.6054
966 -33.0497 -71.6054
690 -33.0493 -71.607
471 -33.0489 -71.6069
56 -33.0488 -71.6068
957 -33.0488 -71.6065
815 -33.0494 -71.6053
620 -33.0498 -71.6045
293 -33.0494 -71.6039
99 -33.0493 -71.6037
673 -33.0492 -71.6052
382 -33.0492 -71.6052
770 -33.0492 -71.6052
788 -33.049 -71.605
460 -33.0488 -71.6068
369 -33.0488 -71.6069
325 -33.0485 -71.6066
365 -33.0487 -71.6065
498 -33.0483 -71.6081
125 -33.048 -71.6082
233 -33.0481 -71.6079
437 -33.0481 -71.6078
624 -33.0487 -71.6065
244 -33.0487 -71.6044
564 -33.0484 -71.6039
122 -33.0483 -71.6036
358 -33.0482 -71.6038
1 -33.0481 -71.6039
65 -33.0482 -71.6039
103 -33.048 -71.6067
82 -33.048 -71.6082
306 -33.0479 -71.6082
738 -33.0479 -71.6082
71 -33.0479 -71.6082
215 -33.0478 -71.6098
193 -33.0473 -71.6098
623 -33.0474 -71.609
544 -33.0474 -71.6082
185 -33.0479 -71.6076
91 -33.0475 -71.6075
658 -33.0475 -71.6075
534 -33.0474 -71.6075
562 -33.0473 -71.6082
625 -33.0472 -71.6082
867 -33.0469 -71.6081
566 -33.0464 -71.6081
429 -33.0462 -71.6081
270 -33.0462 -71.6081
161 -33.0461 -71.6081
3 -33.0451 -71.6098
249 -33.0449 -71.6098
814 -33.045 -71.6098
702 -33.045 -71.6098
914 -33.0459 -71.6081
617 -33.0458 -71.608
59 -33.0451 -71.608
717 -33.0456 -71.6079
380 -33.0451 -71.608
618 -33.0449 -71.608
162 -33.0442 -71.6078
188 -33.0456 -71.6074
232 -33.0474 -71.6068
975 -33.0476 -71.6067
993 -33.0479 -71.6067
339 -33.0474 -71.6068
203 -33.0474 -71.6072
839 -33.0473 -71.6068
791 -33.0474 -71.6068
287 -33.048 -71.6067
913 -33.0477 -71.604
628 -33.0478 -71.604
388 -33.048 -71.6039
30 -33.0477 -71.6037
536 -33.0473 -71.6064
826 -33.0474 -71.6041
492 -33.0475 -71.6038
896 -33.0472 -71.6042
906 -33.0468 -71.6069
989 -33.0469 -71.6069
308 -33.0469 -71.6069
508 -33.0468 -71.6069
568 -33.0456 -71.6073
21 -33.0467 -71.6069
194 -33.0468 -71.6069
895 -33.0469 -71.6069
149 -33.047 -71.6069
514 -33.0469 -71.604
800 -33.0472 -71.6039
346 -33.0456 -71.6069
559 -33.0455 -71.6063
533 -33.0438 -71.6056
