978 -33.0573 -71.6182
367 -33.0576 -71.618
189 -33.0576 -71.6179
549 -33.0566 -71.6182
979 -33.0551 -71.6216
883 -33.0551 -71.6213
109 -33.0551 -71.6211
301 -33.0557 -71.6179
69 -33.0553 -71.6176
361 -33.0554 -71.6174
542 -33.0554 -71.6174
754 -33.0552 -71.6178
373 -33.0551 -71.6179
455 -33.0551 -71.6178
698 -33.0552 -71.6178
217 -33.0551 -71.6209
829 -33.055 -71.6218
697 -33.0551 -71.6209
479 -33.055 -71.6208
53 -33.055 -71.6207
589 -33.0549 -71.622
786 -33.055 -71.6219
961 -33.055 -71.6207
313 -33.0549 -71.6206
760 -33.055 -71.618
216 -33.055 -71.6179
587 -33.055 -71.6179
809 -33.055 -71.6181
456 -33.0549 -71.6184
919 -33.0549 -71.6183
271 -33.0549 -71.6174
42 -33.0554 -71.6174
475 -33.059 -71.6169
537 -33.0561 -71.6161
743 -33.0562 -71.616
476 -33.0561 -71.616
255 -33.0559 -71.6163
370 -33.056 -71.6162
408 -33.056 -71.6162
251 -33.0561 -71.616
389 -33.0562 -71.6159
407 -33.0562 -71.6159
450 -33.0561 -71.6157
822 -33.0561 -71.6156
955 -33.0559 -71.6159
726 -33.0558 -71.6159
582 -33.056 -71.6156
279 -33.0558 -71.6159
881 -33.0557 -71.6168
376 -33.0557 -71.6167
123 -33.0557 -71.6159
816 -33.0556 -71.6169
134 -33.0556 -71.617
602 -33.0556 -71.6159
107 -33.0556 -71.6159
693 -33.0555 -71.6159
520 -33.0555 -71.6159
269 -33.0554 -71.6159
762 -33.0556 -71.6156
442 -33.0551 -71.6158
146 -33.0551 -71.6158
580 -33.0551 -71.6158
598 -33.0548 -71.6221
25 -33.0547 -71.6223
940 -33.0548 -71.6204
176 -33.0548 -71.6204
550 -33.0547 -71.6203
710 -33.0546 -71.6226
92 -33.0546 -71.6225
987 -33.0546 -71.6225
66 -33.0546 -71.6203
142 -33.0545 -71.6202
85 -33.0545 -71.6202
5 -33.0544 -71.6201
647 -33.0544 -71.6201
497 -33.0544 -71.6201
115 -33.0544 -71.6201
796 -33.0544 -71.6201
890 -33.0544 -71.6201
409 -33.0543 -71.6231
226 -33.0543 -71.6201
703 -33.0543 -71.62
849 -33.0543 -71.6241
629 -33.0543 -71.6238
38 -33.0542 -71.62
315 -33.0542 -71.62
500 -33.0541 -71.6199
327 -33.0541 -71.6199
678 -33.054 -71.6198
260 -33.0539 -71.6198
487 -33.0537 -71.6196
266 -33.0535 -71.6196
253 -33.0535 -71.6195
930 -33.0535 -71.6195
177 -33.0535 -71.6194
377 -33.0546 -71.6189
210 -33.0545 -71.6189
761 -33.0545 -71.6184
838 -33.0544 -71.6184
973 -33.0543 -71.6184
198 -33.0544 -71.6184
844 -33.0544 -71.6184
434 -33.0545 -71.6184
803 -33.0548 -71.6184
355 -33.0548 -71.6184
150 -33.0547 -71.6157
341 -33.0547 -71.6184
641 -33.0546 -71.6157
488 -33.0544 -71.6157
819 -33.0543 -71.6157
713 -33.0543 -71.6184
179 -33.054 -71.6189
166 -33.0535 -71.6185
495 -33.0536 -71.6185
880 -33.0535 -71.6188
687 -33.0534 -71.6188
448 -33.0534 -71.6188
323 -33.0535 -71.6185
547 -33.054 -71.6184
891 -33.0542 -71.6184
775 -33.0543 -71.6184
290 -33.0543 -71.6169
767 -33.0542 -71.6184
466 -33.054 -71.6184
730 -33.0536 -71.6155
963 -33.056 -71.6155
945 -33.0585 -71.6153
297 -33.0579 -71.615
561 -33.0577 -71.6149
483 -33.0575 -71.6149
531 -33.0574 -71.6149
501 -33.0574 -71.6149
774 -33.0573 -71.6149
124 -33.0573 -71.6149
118 -33.0587 -71.6148
482 -33.0585 -71.6147
976 -33.0586 -71.6147
560 -33.0573 -71.6147
994 -33.0573 -71.6148
464 -33.0569 -71.6147
640 -33.0569 -71.6147
608 -33.0569 -71.6147
686 -33.0561 -71.6152
668 -33.0563 -71.615
57 -33.0564 -71.615
413 -33.0561 -71.6152
127 -33.056 -71.6154
18 -33.0559 -71.6153
765 -33.056 -71.6153
646 -33.0566 -71.6149
950 -33.0569 -71.6147
20 -33.0569 -71.6147
869 -33.0568 -71.6147
60 -33.0567 -71.6148
286 -33.0566 -71.6148
818 -33.0566 -71.6148
879 -33.0567 -71.6148
842 -33.0573 -71.6147
420 -33.0582 -71.613
326 -33.0584 -71.613
790 -33.0585 -71.613
948 -33.0582 -71.6142
991 -33.0578 -71.6139
872 -33.058 -71.6138
414 -33.0582 -71.613
576 -33.058 -71.613
521 -33.058 -71.613
43 -33.058 -71.613
19 -33.0587 -71.613
354 -33.058 -71.613
747 -33.058 -71.613
917 -33.0576 -71.6129
579 -33.0576 -71.6129
368 -33.0574 -71.6128
467 -33.0569 -71.6134
523 -33.0571 -71.6127
298 -33.0569 -71.6126
238 -33.0567 -71.6125
619 -33.0567 -71.6133
962 -33.056 -71.6131
154 -33.0563 -71.6131
237 -33.0566 -71.6125
967 -33.0566 -71.6125
305 -33.0564 -71.6124
563 -33.056 -71.6123
209 -33.056 -71.6123
642 -33.056 -71.6123
51 -33.056 -71.6123
591 -33.0559 -71.6131
636 -33.0557 -71.6131
175 -33.0553 -71.6131
12 -33.0552 -71.6124
61 -33.0551 -71.6131
105 -33.055 -71.6152
405 -33.0549 -71.6151
907 -33.0549 -71.6151
480 -33.0552 -71.6124
927 -33.0551 -71.6124
214 -33.055 -71.6124
173 -33.0554 -71.6124
679 -33.055 -71.6124
35 -33.055 -71.6124
351 -33.0549 -71.6124
14 -33.0549 -71.6124
571 -33.0549 -71.6129
446 -33.0545 -71.6149
403 -33.0543 -71.6147
773 -33.0549 -71.6129
423 -33.0543 -71.6147
145 -33.054 -71.6145
171 -33.0536 -71.6143
611 -33.0534 -71.6141
274 -33.0548 -71.6129
29 -33.0548 -71.6124
15 -33.0548 -71.6124
295 -33.0547 -71.6124
424 -33.0546 -71.6127
512 -33.0544 -71.6125
7 -33.0543 -71.6125
676 -33.0547 -71.6124
452 -33.0555 -71.6123
402 -33.0557 -71.6123
366 -33.0559 -71.6123
733 -33.0555 -71.6124
303 -33.0546 -71.6124
909 -33.0545 -71.6123
197 -33.0544 -71.6123
307 -33.0559 -71.6123
751 -33.0559 -71.6123
627 -33.0559 -71.6123
958 -33.0559 -71.6123
52 -33.0558 -71.6123
674 -33.0543 -71.6123
848 -33.0543 -71.6123
49 -33.0544 -71.6122
916 -33.0543 -71.6123
797 -33.0542 -71.6124
506 -33.0541 -71.6123
40 -33.0541 -71.6123
387 -33.054 -71.6122
577 -33.054 -71.6122
789 -33.054 -71.6122
252 -33.054 -71.6122
23 -33.054 -71.6122
272 -33.0538 -71.6122
310 -33.0536 -71.6122
160 -33.0536 -71.6122
998 -33.0535 -71.6122
649 -33.0535 -71.6122
347 -33.0534 -71.6122
546 -33.0534 -71.6155
831 -33.0533 -71.6188
431 -33.0533 -71.6188
340 -33.0532 -71.6188
116 -33.0532 -71.6188
262 -33.0531 -71.6188
399 -33.0531 -71.6188
632 -33.0526 -71.6187
727 -33.0526 -71.6187
614 -33.0526 -71.6186
250 -33.0525 -71.6186
393 -33.0524 -71.6186
17 -33.0524 -71.6186
163 -33.0522 -71.6185
852 -33.0522 -71.6185
830 -33.0522 -71.6185
128 -33.0521 -71.6185
101 -33.0502 -71.6208
504 -33.0521 -71.6185
111 -33.0521 -71.6185
633 -33.0494 -71.6192
447 -33.0494 -71.619
34 -33.0494 -71.6187
935 -33.0494 -71.6185
144 -33.052 -71.6185
597 -33.0519 -71.6185
412 -33.0517 -71.6184
859 -33.0513 -71.6184
999 -33.0512 -71.6184
493 -33.0493 -71.6185
364 -33.0511 -71.6182
904 -33.051 -71.6182
130 -33.0506 -71.618
908 -33.0529 -71.616
864 -33.0528 -71.6159
545 -33.0528 -71.6159
787 -33.0528 -71.6159
165 -33.0505 -71.618
983 -33.0502 -71.6179
10 -33.0502 -71.6179
946 -33.0527 -71.6159
721 -33.0529 -71.6158
892 -33.0529 -71.6157
688 -33.0505 -71.6157
850 -33.0505 -71.6157
572 -33.0503 -71.6158
13 -33.0503 -71.6158
884 -33.0504 -71.6158
949 -33.0502 -71.6178
263 -33.0496 -71.616
453 -33.0497 -71.616
529 -33.0497 -71.6158
239 -33.0496 -71.6161
889 -33.0494 -71.6165
573 -33.0494 -71.6164
416 -33.0495 -71.6163
712 -33.0497 -71.6158
191 -33.0502 -71.6158
273 -33.0501 -71.6157
174 -33.0501 -71.6157
652 -33.0501 -71.6157
692 -33.0499 -71.6157
900 -33.0498 -71.6157
170 -33.0493 -71.6165
764 -33.0484 -71.6186
509 -33.0484 -71.6186
583 -33.0484 -71.6186
485 -33.0483 -71.6188
360 -33.0481 -71.6191
718 -33.0481 -71.6191
80 -33.0483 -71.6188
911 -33.0484 -71.6184
939 -33.0485 -71.6182
732 -33.0491 -71.6182
755 -33.0486 -71.6181
644 -33.0485 -71.6183
427 -33.0485 -71.6184
484 -33.0485 -71.6184
9 -33.0485 -71.6183
516 -33.048 -71.6194
277 -33.0478 -71.6197
322 -33.0478 -71.6197
802 -33.0478 -71.6197
139 -33.0478 -71.6197
205 -33.0477 -71.6198
820 -33.0477 -71.6198
938 -33.0478 -71.6198
735 -33.0479 -71.6196
988 -33.0479 -71.6195
696 -33.0479 -71.6195
222 -33.0479 -71.6194
982 -33.0473 -71.6182
220 -33.0472 -71.6185
784 -33.0472 -71.6185
55 -33.0486 -71.618
708 -33.049 -71.6176
799 -33.049 -71.6166
605 -33.049 -71.6166
383 -33.049 -71.6167
694 -33.0489 -71.6169
794 -33.049 -71.6168
763 -33.049 -71.6168
333 -33.0492 -71.6165
113 -33.0492 -71.6165
440 -33.0491 -71.6161
206 -33.0492 -71.616
283 -33.0491 -71.6163
155 -33.0491 -71.6165
639 -33.0491 -71.6165
901 -33.0491 -71.6165
716 -33.0489 -71.6169
610 -33.0487 -71.6177
511 -33.0488 -71.6176
635 -33.0488 -71.6174
152 -33.0487 -71.6177
530 -33.0487 -71.6177
722 -33.0487 -71.6177
88 -33.0474 -71.6177
643 -33.0476 -71.6173
157 -33.0489 -71.6169
793 -33.0479 -71.6161
972 -33.0479 -71.6161
968 -33.0479 -71.6163
827 -33.0477 -71.617
724 -33.0478 -71.6167
320 -33.0522 -71.6157
860 -33.0523 -71.6156
812 -33.0529 -71.6156
992 -33.053 -71.6156
565 -33.0523 -71.6156
795 -33.052 -71.6156
93 -33.0518 -71.6156
148 -33.0518 -71.6156
254 -33.0531 -71.6155
117 -33.0531 -71.6155
292 -33.0531 -71.6155
711 -33.0533 -71.6141
585 -33.0524 -71.6135
835 -33.0522 -71.6134
739 -33.052 -71.6132
100 -33.0519 -71.6132
430 -33.0517 -71.6156
756 -33.0516 -71.6156
385 -33.0516 -71.6156
783 -33.0515 -71.6156
496 -33.0509 -71.6156
106 -33.0505 -71.6156
574 -33.0505 -71.6156
75 -33.0509 -71.6156
195 -33.0507 -71.6155
749 -33.0515 -71.6131
659 -33.0513 -71.6131
588 -33.0511 -71.6131
894 -33.051 -71.6131
304 -33.0506 -71.6155
638 -33.0509 -71.6131
666 -33.0509 -71.6131
24 -33.0508 -71.6131
920 -33.0508 -71.6131
964 -33.0508 -71.6131
186 -33.0511 -71.6129
494 -33.0504 -71.613
278 -33.0503 -71.613
27 -33.0502 -71.613
74 -33.0502 -71.613
805 -33.0511 -71.6129
386 -33.0533 -71.6122
986 -33.0532 -71.6121
742 -33.0532 -71.6121
915 -33.0511 -71.6123
180 -33.0511 -71.6128
996 -33.0511 -71.6127
621 -33.0511 -71.6126
683 -33.05 -71.613
133 -33.05 -71.613
345 -33.0499 -71.613
64 -33.0498 -71.6125
401 -33.0498 -71.6129
425 -33.0497 -71.6127
363 -33.0498 -71.6127
240 -33.0498 -71.6126
654 -33.0498 -71.6124
522 -33.0498 -71.6122
665 -33.0498 -71.6122
709 -33.0498 -71.6122
548 -33.0498 -71.6122
76 -33.0498 -71.6123
207 -33.0498 -71.6123
828 -33.0497 -71.6128
660 -33.0493 -71.6151
631 -33.0493 -71.615
834 -33.0493 -71.6149
394 -33.0493 -71.6151
897 -33.0493 -71.6154
36 -33.0493 -71.6151
868 -33.0493 -71.6151
854 -33.0494 -71.6148
374 -33.0495 -71.6142
462 -33.0495 -71.6141
77 -33.0495 -71.614
302 -33.0495 -71.6142
586 -33.0494 -71.6148
612 -33.0494 -71.6144
432 -33.0495 -71.6142
213 -33.0493 -71.6154
318 -33.0492 -71.6156
81 -33.0482 -71.6152
604 -33.0482 -71.6151
348 -33.0482 -71.6152
553 -33.0481 -71.6154
48 -33.0481 -71.6153
933 -33.0481 -71.6153
853 -33.0483 -71.6145
50 -33.0484 -71.6142
435 -33.0484 -71.6142
314 -33.0485 -71.614
862 -33.0484 -71.6144
140 -33.0483 -71.6145
941 -33.0484 -71.6144
855 -33.0485 -71.6139
701 -33.0496 -71.6133
680 -33.0496 -71.6133
234 -33.0496 -71.6133
337 -33.0496 -71.6134
780 -33.0495 -71.6138
637 -33.0496 -71.6137
0 -33.0496 -71.6135
457 -33.0497 -71.613
956 -33.0497 -71.613
758 -33.0494 -71.6129
481 -33.0497 -71.6128
353 -33.0492 -71.6129
44 -33.0492 -71.6129
590 -33.0489 -71.6122
971 -33.0489 -71.6121
248 -33.0489 -71.6122
519 -33.0485 -71.6136
218 -33.0486 -71.6136
960 -33.0486 -71.6135
436 -33.0485 -71.6138
84 -33.0485 -71.6139
778 -33.0485 -71.6138
541 -33.0485 -71.6138
515 -33.0487 -71.6131
54 -33.0489 -71.6129
538 -33.0488 -71.6127
728 -33.0488 -71.6125
648 -33.0488 -71.6128
851 -33.0487 -71.6131
31 -33.0487 -71.6129
418 -33.0489 -71.6121
970 -33.0585 -71.6105
72 -33.0567 -71.6099
259 -33.0567 -71.6099
463 -33.0566 -71.61
569 -33.0555 -71.6105
866 -33.0558 -71.6104
384 -33.0562 -71.6102
748 -33.057 -71.6098
886 -33.0561 -71.6095
606 -33.056 -71.6095
132 -33.0573 -71.6093
876 -33.0559 -71.6095
874 -33.0553 -71.6096
558 -33.0557 -71.6092
510 -33.0558 -71.6091
26 -33.0552 -71.6104
212 -33.0544 -71.612
603 -33.0543 -71.6119
601 -33.0543 -71.6119
224 -33.0542 -71.6118
645 -33.0542 -71.6117
89 -33.0541 -71.6116
551 -33.0541 -71.6116
575 -33.0541 -71.6116
2 -33.0544 -71.6105
187 -33.0545 -71.6105
190 -33.0548 -71.6104
22 -33.0541 -71.6115
228 -33.054 -71.6113
268 -33.0539 -71.6112
745 -33.0539 -71.6112
535 -33.0563 -71.6086
183 -33.0546 -71.6085
840 -33.0546 -71.6085
626 -33.0546 -71.6085
952 -33.0545 -71.6085
158 -33.0544 -71.6085
137 -33.0544 -71.6085
690 -33.0544 -71.6085
316 -33.0544 -71.6085
923 -33.0546 -71.6085
706 -33.0546 -71.6085
32 -33.0547 -71.6085
846 -33.0544 -71.6085
328 -33.0544 -71.6085
468 -33.0543 -71.6085
126 -33.0543 -71.6085
836 -33.0543 -71.6085
167 -33.0542 -71.6085
714 -33.0542 -71.6085
136 -33.0542 -71.6085
951 -33.0541 -71.6085
471 -33.0541 -71.6085
502 -33.054 -71.6085
671 -33.0539 -71.6085
966 -33.0539 -71.6085
981 -33.054 -71.6085
757 -33.054 -71.6085
398 -33.054 -71.6085
785 -33.054 -71.6085
460 -33.0539 -71.6085
752 -33.0539 -71.6085
600 -33.0539 -71.6112
415 -33.0538 -71.6113
885 -33.0538 -71.6112
204 -33.0537 -71.6111
343 -33.0537 -71.6111
143 -33.0534 -71.6114
211 -33.0537 -71.6111
863 -33.0536 -71.6111
861 -33.0536 -71.6111
681 -33.0537 -71.6109
299 -33.0536 -71.6107
97 -33.0536 -71.6105
324 -33.0535 -71.611
593 -33.0534 -71.611
734 -33.0534 -71.611
578 -33.0534 -71.6103
821 -33.0533 -71.611
141 -33.0531 -71.6115
421 -33.0533 -71.611
910 -33.0533 -71.61
227 -33.0531 -71.6109
309 -33.053 -71.6121
771 -33.0531 -71.6109
607 -33.0531 -71.6109
242 -33.0532 -71.6096
737 -33.0532 -71.6095
276 -33.0531 -71.6093
675 -33.0531 -71.6092
782 -33.0531 -71.6092
120 -33.053 -71.6092
556 -33.053 -71.6092
811 -33.0531 -71.6091
404 -33.0536 -71.6085
815 -33.0537 -71.6085
182 -33.0537 -71.6085
856 -33.0536 -71.6085
832 -33.0536 -71.6085
365 -33.0536 -71.6085
669 -33.0535 -71.6085
236 -33.0537 -71.6085
56 -33.0538 -71.6085
704 -33.0538 -71.6085
369 -33.0538 -71.6085
653 -33.0538 -71.6085
624 -33.0535 -71.6085
741 -33.0538 -71.6085
990 -33.0538 -71.6085
417 -33.0535 -71.6085
192 -33.0534 -71.6088
349 -33.0535 -71.6085
673 -33.0534 -71.6085
505 -33.0534 -71.6088
770 -33.0534 -71.6085
125 -33.0534 -71.6085
284 -33.0534 -71.6085
243 -33.0533 -71.6085
845 -33.0533 -71.6085
882 -33.0533 -71.6084
71 -33.0533 -71.6084
325 -33.0533 -71.6084
736 -33.0532 -71.6084
294 -33.0532 -71.6084
16 -33.0532 -71.6084
159 -33.0581 -71.6081
925 -33.0581 -71.6081
280 -33.0581 -71.6081
903 -33.0578 -71.6082
672 -33.0576 -71.6081
581 -33.0575 -71.6081
977 -33.0575 -71.6081
362 -33.0574 -71.6081
63 -33.0582 -71.6081
419 -33.0582 -71.6081
454 -33.0574 -71.6081
332 -33.0573 -71.6081
499 -33.0572 -71.608
79 -33.0572 -71.608
934 -33.0572 -71.608
469 -33.0571 -71.608
11 -33.0571 -71.608
461 -33.0569 -71.608
400 -33.0569 -71.608
335 -33.0568 -71.608
929 -33.0568 -71.608
700 -33.0567 -71.608
657 -33.0568 -71.608
473 -33.0566 -71.608
285 -33.0566 -71.608
912 -33.0566 -71.608
705 -33.0565 -71.608
225 -33.0563 -71.608
438 -33.0562 -71.608
858 -33.0562 -71.608
888 -33.0562 -71.608
281 -33.0585 -71.608
528 -33.059 -71.6079
474 -33.0588 -71.6078
300 -33.0591 -71.6077
808 -33.0588 -71.6078
677 -33.0587 -71.6079
525 -33.0577 -71.6068
112 -33.0579 -71.6068
491 -33.0581 -71.6067
331 -33.0583 -71.6067
291 -33.0586 -71.6066
441 -33.0591 -71.6043
147 -33.0582 -71.6043
768 -33.0576 -71.6049
90 -33.0575 -71.6048
870 -33.0581 -71.6044
311 -33.0573 -71.6069
613 -33.0566 -71.6074
223 -33.0566 -71.6072
411 -33.0567 -71.6072
477 -33.0564 -71.6074
168 -33.0562 -71.608
83 -33.0562 -71.6074
873 -33.0563 -71.6074
513 -33.0568 -71.6071
129 -33.0569 -71.6071
296 -33.0569 -71.6071
924 -33.0571 -71.6047
527 -33.0568 -71.6071
221 -33.0568 -71.6046
196 -33.0563 -71.6044
740 -33.0562 -71.6079
156 -33.0553 -71.608
540 -33.0553 -71.608
984 -33.0554 -71.608
73 -33.0553 -71.608
843 -33.0552 -71.6081
350 -33.0553 -71.608
62 -33.0553 -71.608
470 -33.0554 -71.6079
46 -33.056 -71.6079
282 -33.056 -71.6079
422 -33.056 -71.6079
378 -33.0554 -71.6079
664 -33.0554 -71.6079
825 -33.0554 -71.6079
753 -33.0554 -71.6079
503 -33.0552 -71.6081
199 -33.0532 -71.6084
172 -33.0532 -71.6084
746 -33.0549 -71.6083
319 -33.0532 -71.6084
321 -33.0531 -71.6084
229 -33.0531 -71.6084
788 -33.0531 -71.6084
94 -33.055 -71.6082
557 -33.0551 -71.6082
261 -33.0551 -71.6081
622 -33.0552 -71.6081
381 -33.055 -71.6082
110 -33.055 -71.6082
532 -33.055 -71.6082
458 -33.0555 -71.6079
833 -33.056 -71.6079
555 -33.0559 -71.6079
138 -33.0559 -71.6079
478 -33.0559 -71.6079
592 -33.0559 -71.6079
944 -33.0559 -71.6079
810 -33.0558 -71.6079
918 -33.0558 -71.6078
472 -33.0559 -71.6076
857 -33.0559 -71.6076
922 -33.0561 -71.6075
78 -33.0558 -71.6043
219 -33.0558 -71.6078
772 -33.0557 -71.6078
980 -33.0557 -71.6078
878 -33.0556 -71.6078
723 -33.0556 -71.6078
662 -33.0556 -71.6078
489 -33.0556 -71.6078
769 -33.0556 -71.6078
715 -33.0555 -71.6079
954 -33.0556 -71.6078
595 -33.0541 -71.6058
98 -33.0541 -71.6057
937 -33.0547 -71.6052
169 -33.0549 -71.6045
620 -33.0549 -71.6045
293 -33.0541 -71.6047
256 -33.0541 -71.6056
99 -33.0539 -71.6047
390 -33.053 -71.6092
151 -33.0529 -71.6121
759 -33.0528 -71.6121
905 -33.0528 -71.6121
102 -33.0527 -71.6121
108 -33.0526 -71.6121
200 -33.0526 -71.6121
208 -33.0526 -71.6121
202 -33.0525 -71.6121
356 -33.0527 -71.6116
391 -33.0527 -71.6116
433 -33.0528 -71.6116
615 -33.0524 -71.6121
334 -33.0523 -71.612
70 -33.0523 -71.612
837 -33.0521 -71.612
801 -33.052 -71.612
87 -33.0519 -71.612
661 -33.0519 -71.612
725 -33.0518 -71.612
877 -33.0518 -71.612
902 -33.0512 -71.6121
336 -33.0512 -71.612
392 -33.0512 -71.612
265 -33.0517 -71.612
655 -33.0515 -71.612
599 -33.0515 -71.612
372 -33.0518 -71.6118
744 -33.0514 -71.6119
942 -33.0512 -71.612
201 -33.0512 -71.6119
517 -33.0514 -71.6119
931 -33.0529 -71.6116
936 -33.053 -71.6116
498 -33.053 -71.6108
235 -33.053 -71.6108
943 -33.0529 -71.6116
68 -33.0529 -71.6108
233 -33.0528 -71.6106
437 -33.0528 -71.6106
738 -33.0528 -71.6106
82 -33.0528 -71.6106
306 -33.0528 -71.6105
185 -33.0527 -71.6103
707 -33.0526 -71.6102
562 -33.0524 -71.6099
181 -33.0524 -71.6099
625 -33.0524 -71.6099
91 -33.0524 -71.6099
275 -33.0515 -71.6115
449 -33.0515 -71.6115
594 -33.0512 -71.6099
570 -33.0511 -71.61
426 -33.0511 -71.61
777 -33.0511 -71.61
45 -33.0511 -71.61
135 -33.0512 -71.6099
658 -33.0524 -71.6098
534 -33.0523 -71.6098
490 -33.0514 -71.6097
995 -33.0513 -71.6098
953 -33.0512 -71.6099
37 -33.0512 -71.6099
443 -33.0511 -71.61
656 -33.05 -71.6114
33 -33.0506 -71.6113
58 -33.05 -71.6113
329 -33.05 -71.6115
86 -33.0499 -71.612
518 -33.0499 -71.6119
804 -33.0499 -71.6119
342 -33.0498 -71.6113
258 -33.05 -71.6111
428 -33.05 -71.611
465 -33.05 -71.611
651 -33.05 -71.6112
719 -33.0498 -71.6113
312 -33.0498 -71.6113
241 -33.0498 -71.6113
779 -33.0497 -71.6112
178 -33.0491 -71.6117
153 -33.0491 -71.6116
847 -33.0491 -71.6114
807 -33.049 -71.612
119 -33.0489 -71.6121
823 -33.0489 -71.6121
231 -33.0489 -71.6121
899 -33.0491 -71.6113
596 -33.0496 -71.6112
96 -33.0496 -71.6112
947 -33.0496 -71.6112
685 -33.0494 -71.6112
444 -33.0492 -71.6112
634 -33.0484 -71.6111
317 -33.0501 -71.6109
543 -33.0509 -71.6102
352 -33.0509 -71.6102
926 -33.0509 -71.6102
131 -33.0508 -71.6102
684 -33.0508 -71.6102
451 -33.0507 -71.6102
330 -33.0507 -71.6102
95 -33.0507 -71.6102
584 -33.051 -71.6101
699 -33.051 -71.6101
630 -33.0511 -71.61
114 -33.051 -71.6101
396 -33.0509 -71.6102
969 -33.0505 -71.6102
246 -33.0504 -71.6102
841 -33.0504 -71.6102
164 -33.0501 -71.6107
750 -33.0501 -71.6106
817 -33.0501 -71.6106
539 -33.0501 -71.6107
932 -33.0501 -71.6109
526 -33.0501 -71.6108
439 -33.0501 -71.6108
766 -33.0501 -71.6106
338 -33.0502 -71.6102
898 -33.0503 -71.6101
974 -33.0502 -71.6101
524 -33.0502 -71.6102
379 -33.0501 -71.6105
985 -33.0495 -71.6099
695 -33.0495 -71.6097
203 -33.0522 -71.6095
623 -33.0522 -71.6095
867 -33.0521 -71.6095
397 -33.0521 -71.6086
382 -33.0521 -71.6094
720 -33.0521 -71.6087
245 -33.0521 -71.6086
267 -33.0521 -71.6086
357 -33.053 -71.6083
997 -33.0529 -71.6083
375 -33.0529 -71.6083
544 -33.0528 -71.6083
731 -33.0522 -71.6084
395 -33.0528 -71.6083
287 -33.0528 -71.6083
691 -33.0521 -71.6087
871 -33.0519 -71.6092
667 -33.0519 -71.6092
264 -33.052 -71.609
359 -33.0519 -71.6092
184 -33.0519 -71.6093
921 -33.0519 -71.6092
791 -33.0519 -71.6091
410 -33.052 -71.609
887 -33.052 -71.6088
806 -33.0521 -71.6088
247 -33.0521 -71.6088
554 -33.052 -71.6089
67 -33.052 -71.609
682 -33.052 -71.609
875 -33.052 -71.609
993 -33.0528 -71.6082
230 -33.0527 -71.6082
103 -33.0527 -71.6082
670 -33.0526 -71.6082
8 -33.0526 -71.6082
244 -33.0526 -71.6082
975 -33.0525 -71.6081
371 -33.0524 -71.6081
257 -33.0524 -71.6081
406 -33.0527 -71.6067
1 -33.0526 -71.6048
957 -33.053 -71.6047
232 -33.0523 -71.6081
813 -33.0522 -71.6081
339 -33.0523 -71.6081
839 -33.0522 -71.6079
215 -33.0522 -71.6081
564 -33.0522 -71.6078
358 -33.0522 -71.6076
65 -33.0522 -71.6076
895 -33.0521 -71.6076
989 -33.0521 -71.6076
308 -33.052 -71.6076
21 -33.0519 -71.6076
122 -33.0522 -71.6075
388 -33.0522 -71.6073
628 -33.0521 -71.6071
913 -33.052 -71.6069
30 -33.0519 -71.6048
492 -33.0519 -71.6066
826 -33.0519 -71.6048
194 -33.0518 -71.6076
965 -33.0515 -71.6096
959 -33.0516 -71.6095
893 -33.0516 -71.6095
445 -33.0515 -71.6096
609 -33.0514 -71.6097
104 -33.0514 -71.6097
689 -33.0514 -71.6097
41 -33.0516 -71.6095
6 -33.0518 -71.6093
567 -33.0518 -71.6093
566 -33.0518 -71.6091
289 -33.0518 -71.6093
552 -33.0516 -71.6095
616 -33.0517 -71.6094
536 -33.0517 -71.609
663 -33.0504 -71.6091
792 -33.0503 -71.6095
928 -33.0504 -71.6092
824 -33.0503 -71.6092
459 -33.0503 -71.6092
729 -33.0502 -71.6092
3 -33.0502 -71.6092
814 -33.0501 -71.6091
486 -33.05 -71.6091
702 -33.05 -71.6091
798 -33.0499 -71.6091
249 -33.0499 -71.6091
288 -33.0499 -71.6091
4 -33.0497 -71.6091
865 -33.0498 -71.6091
429 -33.0517 -71.609
161 -33.0517 -71.609
270 -33.0516 -71.6089
906 -33.0515 -71.6088
508 -33.0515 -71.6088
914 -33.0514 -71.6087
617 -33.0514 -71.6087
717 -33.0511 -71.6086
121 -33.0509 -71.6085
776 -33.0518 -71.6081
193 -33.0518 -71.6081
896 -33.0518 -71.6064
800 -33.0518 -71.6063
650 -33.0509 -71.6085
514 -33.0515 -71.6059
149 -33.0515 -71.6052
781 -33.0508 -71.6085
188 -33.0507 -71.6085
59 -33.0507 -71.6085
380 -33.0507 -71.6085
28 -33.0506 -71.6085
344 -33.0504 -71.6089
507 -33.0504 -71.6088
39 -33.0505 -71.6087
568 -33.0507 -71.6085
47 -33.0506 -71.6085
618 -33.0505 -71.6085
346 -33.0502 -71.6085
559 -33.0498 -71.6084
162 -33.0495 -71.6084
533 -33.0491 -71.6035
